STATION_ID,DUR_CODE,SENSOR_NUM,SENSOR_TYPE,ACTUAL_DATE,VALUE,DATA_FLAG,UNITS
SHA,H,76,INFLOW,20090606,0000,1073, ,CFS
SHA,H,76,INFLOW,20090606,0100,5318, ,CFS
SHA,H,76,INFLOW,20090606,0200,2289, ,CFS
SHA,H,76,INFLOW,20090606,0300,4477, ,CFS
SHA,H,76,INFLOW,20090606,0400,1433, ,CFS
SHA,H,76,INFLOW,20090606,0500,1672, ,CFS
SHA,H,76,INFLOW,20090606,0600,4649, ,CFS
SHA,H,76,INFLOW,20090606,0700,871, ,CFS
SHA,H,76,INFLOW,20090606,0800,4622, ,CFS
SHA,H,76,INFLOW,20090606,0900,4355, ,CFS
SHA,H,76,INFLOW,20090606,1000,5648, ,CFS
SHA,H,76,INFLOW,20090606,1100,3019, ,CFS
SHA,H,76,INFLOW,20090606,1200,5777, ,CFS
SHA,H,76,INFLOW,20090606,1300,5707, ,CFS
SHA,H,76,INFLOW,20090606,1400,5404, ,CFS
SHA,H,76,INFLOW,20090606,1500,5347, ,CFS
SHA,H,76,INFLOW,20090606,1600,5128, ,CFS
SHA,H,76,INFLOW,20090606,1700,2753, ,CFS
SHA,H,76,INFLOW,20090606,1800,8332, ,CFS
SHA,H,76,INFLOW,20090606,1900,5220, ,CFS
SHA,H,76,INFLOW,20090606,2000,4975, ,CFS
SHA,H,76,INFLOW,20090606,2100,10684, ,CFS
SHA,H,76,INFLOW,20090606,2200,2774, ,CFS
SHA,H,76,INFLOW,20090606,2300,5495, ,CFS
SHA,H,76,INFLOW,20090607,0000,4030, ,CFS
SHA,H,76,INFLOW,20090607,0100,4048, ,CFS
SHA,H,76,INFLOW,20090607,0200,-424, ,CFS
SHA,H,76,INFLOW,20090607,0300,1565, ,CFS
SHA,H,76,INFLOW,20090607,0400,1452, ,CFS
SHA,H,76,INFLOW,20090607,0500,1437, ,CFS
SHA,H,76,INFLOW,20090607,0600,4178, ,CFS
SHA,H,76,INFLOW,20090607,0700,3552, ,CFS
SHA,H,76,INFLOW,20090607,0800,75, ,CFS
SHA,H,76,INFLOW,20090607,0900,8057, ,CFS
SHA,H,76,INFLOW,20090607,1000,3444, ,CFS
SHA,H,76,INFLOW,20090607,1100,9256, ,CFS
SHA,H,76,INFLOW,20090607,1200,12037, ,CFS
SHA,H,76,INFLOW,20090607,1300,5279, ,CFS
SHA,H,76,INFLOW,20090607,1400,5015, ,CFS
SHA,H,76,INFLOW,20090607,1500,13037, ,CFS
SHA,H,76,INFLOW,20090607,1600,1414, ,CFS
SHA,H,76,INFLOW,20090607,1700,7022, ,CFS
SHA,H,76,INFLOW,20090607,1800,7416, ,CFS
SHA,H,76,INFLOW,20090607,1900,6426, ,CFS
SHA,H,76,INFLOW,20090607,2000,9417, ,CFS
SHA,H,76,INFLOW,20090607,2100,6433, ,CFS
SHA,H,76,INFLOW,20090607,2200,9397, ,CFS
SHA,H,76,INFLOW,20090607,2300,5664, ,CFS
SHA,H,76,INFLOW,20090608,0000,3274, ,CFS
SHA,H,76,INFLOW,20090608,0100,5223, ,CFS
SHA,H,76,INFLOW,20090608,0200,1205, ,CFS
SHA,H,76,INFLOW,20090608,0300,1311, ,CFS
SHA,H,76,INFLOW,20090608,0400,751, ,CFS
SHA,H,76,INFLOW,20090608,0500,1004, ,CFS
SHA,H,76,INFLOW,20090608,0600,5282, ,CFS
SHA,H,76,INFLOW,20090608,0700,1715, ,CFS
SHA,H,76,INFLOW,20090608,0800,3996, ,CFS
SHA,H,76,INFLOW,20090608,0900,-768, ,CFS
SHA,H,76,INFLOW,20090608,1000,3388, ,CFS
SHA,H,76,INFLOW,20090608,1100,373, ,CFS
SHA,H,76,INFLOW,20090608,1200,2845, ,CFS
SHA,H,76,INFLOW,20090608,1300,2513, ,CFS
SHA,H,76,INFLOW,20090608,1400,2848, ,CFS
SHA,H,76,INFLOW,20090608,1500,2880, ,CFS
SHA,H,76,INFLOW,20090608,1600,5536, ,CFS
SHA,H,76,INFLOW,20090608,1700,2708, ,CFS
SHA,H,76,INFLOW,20090608,1800,4581, ,CFS
SHA,H,76,INFLOW,20090608,1900,4048, ,CFS
SHA,H,76,INFLOW,20090608,2000,1931, ,CFS
SHA,H,76,INFLOW,20090608,2100,2111, ,CFS
SHA,H,76,INFLOW,20090608,2200,5293, ,CFS
SHA,H,76,INFLOW,20090608,2300,2381, ,CFS
SHA,H,76,INFLOW,20090609,0000,2401, ,CFS
SHA,H,76,INFLOW,20090609,0100,3743, ,CFS
SHA,H,76,INFLOW,20090609,0200,-2165, ,CFS
SHA,H,76,INFLOW,20090609,0300,613, ,CFS
SHA,H,76,INFLOW,20090609,0400,594, ,CFS
SHA,H,76,INFLOW,20090609,0500,-2382, ,CFS
SHA,H,76,INFLOW,20090609,0600,3371, ,CFS
SHA,H,76,INFLOW,20090609,0700,2325, ,CFS
SHA,H,76,INFLOW,20090609,0800,6741, ,CFS
SHA,H,76,INFLOW,20090609,0900,6667, ,CFS
SHA,H,76,INFLOW,20090609,1000,6722, ,CFS
SHA,H,76,INFLOW,20090609,1100,6847, ,CFS
SHA,H,76,INFLOW,20090609,1200,6789, ,CFS
SHA,H,76,INFLOW,20090609,1300,9249, ,CFS
SHA,H,76,INFLOW,20090609,1400,3467, ,CFS
SHA,H,76,INFLOW,20090609,1500,6043, ,CFS
SHA,H,76,INFLOW,20090609,1600,5842, ,CFS
SHA,H,76,INFLOW,20090609,1700,6598, ,CFS
SHA,H,76,INFLOW,20090609,1800,3924, ,CFS
SHA,H,76,INFLOW,20090609,1900,9166, ,CFS
SHA,H,76,INFLOW,20090609,2000,7982, ,CFS
SHA,H,76,INFLOW,20090609,2100,5296, ,CFS
SHA,H,76,INFLOW,20090609,2200,8402, ,CFS
SHA,H,76,INFLOW,20090609,2300,7477, ,CFS
SHA,H,76,INFLOW,20090610,0000,7563, ,CFS
SHA,H,76,INFLOW,20090610,0100,8765, ,CFS
SHA,H,76,INFLOW,20090610,0200,2267, ,CFS
SHA,H,76,INFLOW,20090610,0300,2095, ,CFS
SHA,H,76,INFLOW,20090610,0400,1642, ,CFS
SHA,H,76,INFLOW,20090610,0500,1658, ,CFS
SHA,H,76,INFLOW,20090610,0600,8053, ,CFS
SHA,H,76,INFLOW,20090610,0700,3665, ,CFS
SHA,H,76,INFLOW,20090610,0800,11292, ,CFS
SHA,H,76,INFLOW,20090610,0900,2523, ,CFS
SHA,H,76,INFLOW,20090610,1000,10712, ,CFS
SHA,H,76,INFLOW,20090610,1100,5180, ,CFS
SHA,H,76,INFLOW,20090610,1200,-40, ,CFS
SHA,H,76,INFLOW,20090610,1300,8596, ,CFS
SHA,H,76,INFLOW,20090610,1400,3092, ,CFS
SHA,H,76,INFLOW,20090610,1500,11353, ,CFS
SHA,H,76,INFLOW,20090610,1600,47, ,CFS
SHA,H,76,INFLOW,20090610,1700,10579, ,CFS
SHA,H,76,INFLOW,20090610,1800,4687, ,CFS
SHA,H,76,INFLOW,20090610,1900,8759, ,CFS
SHA,H,76,INFLOW,20090610,2000,5953, ,CFS
SHA,H,76,INFLOW,20090610,2100,6282, ,CFS
SHA,H,76,INFLOW,20090610,2200,6311, ,CFS
SHA,H,76,INFLOW,20090610,2300,3668, ,CFS
SHA,H,76,INFLOW,20090611,0000,6136, ,CFS
SHA,H,76,INFLOW,20090611,0100,-11, ,CFS
SHA,H,76,INFLOW,20090611,0200,4987, ,CFS
SHA,H,76,INFLOW,20090611,0300,2145, ,CFS
SHA,H,76,INFLOW,20090611,0400,2371, ,CFS
SHA,H,76,INFLOW,20090611,0500,-245, ,CFS
SHA,H,76,INFLOW,20090611,0600,5694, ,CFS
SHA,H,76,INFLOW,20090611,0700,5886, ,CFS
SHA,H,76,INFLOW,20090611,0800,4108, ,CFS
SHA,H,76,INFLOW,20090611,0900,6306, ,CFS
SHA,H,76,INFLOW,20090611,1000,6136, ,CFS
SHA,H,76,INFLOW,20090611,1100,6808, ,CFS
SHA,H,76,INFLOW,20090611,1200,7269, ,CFS
SHA,H,76,INFLOW,20090611,1300,4169, ,CFS
SHA,H,76,INFLOW,20090611,1400,9449, ,CFS
SHA,H,76,INFLOW,20090611,1500,5471, ,CFS
SHA,H,76,INFLOW,20090611,1600,5257, ,CFS
SHA,H,76,INFLOW,20090611,1700,8319, ,CFS
SHA,H,76,INFLOW,20090611,1800,8583, ,CFS
SHA,H,76,INFLOW,20090611,1900,3915, ,CFS
SHA,H,76,INFLOW,20090611,2000,6563, ,CFS
SHA,H,76,INFLOW,20090611,2100,6506, ,CFS
SHA,H,76,INFLOW,20090611,2200,9390, ,CFS
SHA,H,76,INFLOW,20090611,2300,3116, ,CFS
SHA,H,76,INFLOW,20090612,0000,6568, ,CFS
SHA,H,76,INFLOW,20090612,0100,2024, ,CFS
SHA,H,76,INFLOW,20090612,0200,1208, ,CFS
SHA,H,76,INFLOW,20090612,0300,4315, ,CFS
SHA,H,76,INFLOW,20090612,0400,1713, ,CFS
SHA,H,76,INFLOW,20090612,0500,-714, ,CFS
SHA,H,76,INFLOW,20090612,0600,5387, ,CFS
SHA,H,76,INFLOW,20090612,0700,1548, ,CFS
SHA,H,76,INFLOW,20090612,0800,3062, ,CFS
SHA,H,76,INFLOW,20090612,0900,5756, ,CFS
SHA,H,76,INFLOW,20090612,1000,3593, ,CFS
SHA,H,76,INFLOW,20090612,1100,7067, ,CFS
SHA,H,76,INFLOW,20090612,1200,4933, ,CFS
SHA,H,76,INFLOW,20090612,1300,9998, ,CFS
SHA,H,76,INFLOW,20090612,1400,7039, ,CFS
SHA,H,76,INFLOW,20090612,1500,4442, ,CFS
SHA,H,76,INFLOW,20090612,1600,9330, ,CFS
SHA,H,76,INFLOW,20090612,1700,3896, ,CFS
SHA,H,76,INFLOW,20090612,1800,9616, ,CFS
SHA,H,76,INFLOW,20090612,1900,6922, ,CFS
SHA,H,76,INFLOW,20090612,2000,6995, ,CFS
SHA,H,76,INFLOW,20090612,2100,3585, ,CFS
SHA,H,76,INFLOW,20090612,2200,9836, ,CFS
SHA,H,76,INFLOW,20090612,2300,5236, ,CFS
SHA,H,76,INFLOW,20090613,0000,7840, ,CFS
SHA,H,76,INFLOW,20090613,0100,2672, ,CFS
SHA,H,76,INFLOW,20090613,0200,6501, ,CFS
SHA,H,76,INFLOW,20090613,0300,2295, ,CFS
SHA,H,76,INFLOW,20090613,0400,2559, ,CFS
SHA,H,76,INFLOW,20090613,0500,3042, ,CFS
SHA,H,76,INFLOW,20090613,0600,3753, ,CFS
SHA,H,76,INFLOW,20090613,0700,2493, ,CFS
SHA,H,76,INFLOW,20090613,0800,1126, ,CFS
SHA,H,76,INFLOW,20090613,0900,4326, ,CFS
SHA,H,76,INFLOW,20090613,1000,4883, ,CFS
SHA,H,76,INFLOW,20090613,1100,6184, ,CFS
SHA,H,76,INFLOW,20090613,1200,3944, ,CFS
SHA,H,76,INFLOW,20090613,1300,9567, ,CFS
SHA,H,76,INFLOW,20090613,1400,5613, ,CFS
SHA,H,76,INFLOW,20090613,1500,4234, ,CFS
SHA,H,76,INFLOW,20090613,1600,7303, ,CFS
SHA,H,76,INFLOW,20090613,1700,5194, ,CFS
SHA,H,76,INFLOW,20090613,1800,5178, ,CFS
SHA,H,76,INFLOW,20090613,1900,5235, ,CFS
SHA,H,76,INFLOW,20090613,2000,7943, ,CFS
SHA,H,76,INFLOW,20090613,2100,7843, ,CFS
SHA,H,76,INFLOW,20090613,2200,9473, ,CFS
SHA,H,76,INFLOW,20090613,2300,9314, ,CFS
SHA,H,76,INFLOW,20090614,0000,6429, ,CFS
SHA,H,76,INFLOW,20090614,0100,5331, ,CFS
SHA,H,76,INFLOW,20090614,0200,2827, ,CFS
SHA,H,76,INFLOW,20090614,0300,2631, ,CFS
SHA,H,76,INFLOW,20090614,0400,-407, ,CFS
SHA,H,76,INFLOW,20090614,0500,2464, ,CFS
SHA,H,76,INFLOW,20090614,0600,2333, ,CFS
SHA,H,76,INFLOW,20090614,0700,2192, ,CFS
SHA,H,76,INFLOW,20090614,0800,3558, ,CFS
SHA,H,76,INFLOW,20090614,0900,4742, ,CFS
SHA,H,76,INFLOW,20090614,1000,-119, ,CFS
SHA,H,76,INFLOW,20090614,1100,11708, ,CFS
SHA,H,76,INFLOW,20090614,1200,3829, ,CFS
SHA,H,76,INFLOW,20090614,1300,10765, ,CFS
SHA,H,76,INFLOW,20090614,1400,5520, ,CFS
SHA,H,76,INFLOW,20090614,1500,4938, ,CFS
SHA,H,76,INFLOW,20090614,1600,4895, ,CFS
SHA,H,76,INFLOW,20090614,1700,7633, ,CFS
SHA,H,76,INFLOW,20090614,1800,4840, ,CFS
SHA,H,76,INFLOW,20090614,1900,7917, ,CFS
SHA,H,76,INFLOW,20090614,2000,7981, ,CFS
SHA,H,76,INFLOW,20090614,2100,5195, ,CFS
SHA,H,76,INFLOW,20090614,2200,7939, ,CFS
SHA,H,76,INFLOW,20090614,2300,7539, ,CFS
SHA,H,76,INFLOW,20090615,0000,4011, ,CFS
SHA,H,76,INFLOW,20090615,0100,2127, ,CFS
SHA,H,76,INFLOW,20090615,0200,1753, ,CFS
SHA,H,76,INFLOW,20090615,0300,1598, ,CFS
SHA,H,76,INFLOW,20090615,0400,4649, ,CFS
SHA,H,76,INFLOW,20090615,0500,2073, ,CFS
SHA,H,76,INFLOW,20090615,0600,2995, ,CFS
SHA,H,76,INFLOW,20090615,0700,1242, ,CFS
SHA,H,76,INFLOW,20090615,0800,3609, ,CFS
SHA,H,76,INFLOW,20090615,0900,6118, ,CFS
SHA,H,76,INFLOW,20090615,1000,2258, ,CFS
SHA,H,76,INFLOW,20090615,1100,10472, ,CFS
SHA,H,76,INFLOW,20090615,1200,5081, ,CFS
SHA,H,76,INFLOW,20090615,1300,4902, ,CFS
SHA,H,76,INFLOW,20090615,1400,7686, ,CFS
SHA,H,76,INFLOW,20090615,1500,4925, ,CFS
SHA,H,76,INFLOW,20090615,1600,4936, ,CFS
SHA,H,76,INFLOW,20090615,1700,7702, ,CFS
SHA,H,76,INFLOW,20090615,1800,4987, ,CFS
SHA,H,76,INFLOW,20090615,1900,4237, ,CFS
SHA,H,76,INFLOW,20090615,2000,4941, ,CFS
SHA,H,76,INFLOW,20090615,2100,6996, ,CFS
SHA,H,76,INFLOW,20090615,2200,4694, ,CFS
SHA,H,76,INFLOW,20090615,2300,13134, ,CFS
SHA,H,76,INFLOW,20090616,0000,241, ,CFS
SHA,H,76,INFLOW,20090616,0100,2660, ,CFS
SHA,H,76,INFLOW,20090616,0200,2321, ,CFS
SHA,H,76,INFLOW,20090616,0300,3078, ,CFS
SHA,H,76,INFLOW,20090616,0400,3046, ,CFS
SHA,H,76,INFLOW,20090616,0500,726, ,CFS
SHA,H,76,INFLOW,20090616,0600,2852, ,CFS
SHA,H,76,INFLOW,20090616,0700,1431, ,CFS
SHA,H,76,INFLOW,20090616,0800,1431, ,CFS
SHA,H,76,INFLOW,20090616,0900,4296, ,CFS
SHA,H,76,INFLOW,20090616,1000,1537, ,CFS
SHA,H,76,INFLOW,20090616,1100,7055, ,CFS
SHA,H,76,INFLOW,20090616,1200,4579, ,CFS
SHA,H,76,INFLOW,20090616,1300,5251, ,CFS
SHA,H,76,INFLOW,20090616,1400,7808, ,CFS
SHA,H,76,INFLOW,20090616,1500,5033, ,CFS
SHA,H,76,INFLOW,20090616,1600,7795, ,CFS
SHA,H,76,INFLOW,20090616,1700,5092, ,CFS
SHA,H,76,INFLOW,20090616,1800,4980, ,CFS
SHA,H,76,INFLOW,20090616,1900,7403, ,CFS
SHA,H,76,INFLOW,20090616,2000,4583, ,CFS
SHA,H,76,INFLOW,20090616,2100,8031, ,CFS
SHA,H,76,INFLOW,20090616,2200,9223, ,CFS
SHA,H,76,INFLOW,20090616,2300,-1708, ,CFS
SHA,H,76,INFLOW,20090617,0000,1456, ,CFS
SHA,H,76,INFLOW,20090617,0100,2596, ,CFS
SHA,H,76,INFLOW,20090617,0200,5047, ,CFS
SHA,H,76,INFLOW,20090617,0300,735, ,CFS
SHA,H,76,INFLOW,20090617,0400,513, ,CFS
SHA,H,76,INFLOW,20090617,0500,3210, ,CFS
SHA,H,76,INFLOW,20090617,0600,1193, ,CFS
SHA,H,76,INFLOW,20090617,0700,2541, ,CFS
SHA,H,76,INFLOW,20090617,0800,4261, ,CFS
SHA,H,76,INFLOW,20090617,0900,3447, ,CFS
SHA,H,76,INFLOW,20090617,1000,1513, ,CFS
SHA,H,76,INFLOW,20090617,1100,7625, ,CFS
SHA,H,76,INFLOW,20090617,1200,6648, ,CFS
SHA,H,76,INFLOW,20090617,1300,3956, ,CFS
SHA,H,76,INFLOW,20090617,1400,9046, ,CFS
SHA,H,76,INFLOW,20090617,1500,3327, ,CFS
SHA,H,76,INFLOW,20090617,1600,5499, ,CFS
SHA,H,76,INFLOW,20090617,1700,5500, ,CFS
SHA,H,76,INFLOW,20090617,1800,7390, ,CFS
SHA,H,76,INFLOW,20090617,1900,6491, ,CFS
SHA,H,76,INFLOW,20090617,2000,6539, ,CFS
SHA,H,76,INFLOW,20090617,2100,5584, ,CFS
SHA,H,76,INFLOW,20090617,2200,9292, ,CFS
SHA,H,76,INFLOW,20090617,2300,4647, ,CFS
SHA,H,76,INFLOW,20090618,0000,4032, ,CFS
SHA,H,76,INFLOW,20090618,0100,-143, ,CFS
SHA,H,76,INFLOW,20090618,0200,1856, ,CFS
SHA,H,76,INFLOW,20090618,0300,4388, ,CFS
SHA,H,76,INFLOW,20090618,0400,-1049, ,CFS
SHA,H,76,INFLOW,20090618,0500,1913, ,CFS
SHA,H,76,INFLOW,20090618,0600,2519, ,CFS
SHA,H,76,INFLOW,20090618,0700,-2021, ,CFS
SHA,H,76,INFLOW,20090618,0800,5734, ,CFS
SHA,H,76,INFLOW,20090618,0900,4832, ,CFS
SHA,H,76,INFLOW,20090618,1000,1258, ,CFS
SHA,H,76,INFLOW,20090618,1100,8540, ,CFS
SHA,H,76,INFLOW,20090618,1200,7122, ,CFS
SHA,H,76,INFLOW,20090618,1300,2535, ,CFS
SHA,H,76,INFLOW,20090618,1400,7804, ,CFS
SHA,H,76,INFLOW,20090618,1500,5653, ,CFS
SHA,H,76,INFLOW,20090618,1600,5527, ,CFS
SHA,H,76,INFLOW,20090618,1700,4970, ,CFS
SHA,H,76,INFLOW,20090618,1800,6201, ,CFS
SHA,H,76,INFLOW,20090618,1900,6463, ,CFS
SHA,H,76,INFLOW,20090618,2000,8156, ,CFS
SHA,H,76,INFLOW,20090618,2100,8290, ,CFS
SHA,H,76,INFLOW,20090618,2200,10072, ,CFS
SHA,H,76,INFLOW,20090618,2300,5738, ,CFS
SHA,H,76,INFLOW,20090619,0000,3232, ,CFS
SHA,H,76,INFLOW,20090619,0100,2216, ,CFS
SHA,H,76,INFLOW,20090619,0200,-483, ,CFS
SHA,H,76,INFLOW,20090619,0300,4093, ,CFS
SHA,H,76,INFLOW,20090619,0400,-3403, ,CFS
SHA,H,76,INFLOW,20090619,0500,4991, ,CFS
SHA,H,76,INFLOW,20090619,0600,2623, ,CFS
SHA,H,76,INFLOW,20090619,0700,-595, ,CFS
SHA,H,76,INFLOW,20090619,0800,4185, ,CFS
SHA,H,76,INFLOW,20090619,0900,2017, ,CFS
SHA,H,76,INFLOW,20090619,1000,2204, ,CFS
SHA,H,76,INFLOW,20090619,1100,8000, ,CFS
SHA,H,76,INFLOW,20090619,1200,7397, ,CFS
SHA,H,76,INFLOW,20090619,1300,4865, ,CFS
SHA,H,76,INFLOW,20090619,1400,4547, ,CFS
SHA,H,76,INFLOW,20090619,1500,7118, ,CFS
SHA,H,76,INFLOW,20090619,1600,3736, ,CFS
SHA,H,76,INFLOW,20090619,1700,3660, ,CFS
SHA,H,76,INFLOW,20090619,1800,10706, ,CFS
SHA,H,76,INFLOW,20090619,1900,2424, ,CFS
SHA,H,76,INFLOW,20090619,2000,7249, ,CFS
SHA,H,76,INFLOW,20090619,2100,12956, ,CFS
SHA,H,76,INFLOW,20090619,2200,2229, ,CFS
SHA,H,76,INFLOW,20090619,2300,6783, ,CFS
SHA,H,76,INFLOW,20090620,0000,6390, ,CFS
SHA,H,76,INFLOW,20090620,0100,2825, ,CFS
SHA,H,76,INFLOW,20090620,0200,862, ,CFS
SHA,H,76,INFLOW,20090620,0300,2855, ,CFS
SHA,H,76,INFLOW,20090620,0400,228, ,CFS
SHA,H,76,INFLOW,20090620,0500,343, ,CFS
SHA,H,76,INFLOW,20090620,0600,3057, ,CFS
SHA,H,76,INFLOW,20090620,0700,3943, ,CFS
SHA,H,76,INFLOW,20090620,0800,2963, ,CFS
SHA,H,76,INFLOW,20090620,0900,1997, ,CFS
SHA,H,76,INFLOW,20090620,1000,4321, ,CFS
SHA,H,76,INFLOW,20090620,1100,7907, ,CFS
SHA,H,76,INFLOW,20090620,1200,4341, ,CFS
SHA,H,76,INFLOW,20090620,1300,7866, ,CFS
SHA,H,76,INFLOW,20090620,1400,10593, ,CFS
SHA,H,76,INFLOW,20090620,1500,2327, ,CFS
SHA,H,76,INFLOW,20090620,1600,7592, ,CFS
SHA,H,76,INFLOW,20090620,1700,1463, ,CFS
SHA,H,76,INFLOW,20090620,1800,6815, ,CFS
SHA,H,76,INFLOW,20090620,1900,6026, ,CFS
SHA,H,76,INFLOW,20090620,2000,5045, ,CFS
SHA,H,76,INFLOW,20090620,2100,7731, ,CFS
SHA,H,76,INFLOW,20090620,2200,7502, ,CFS
SHA,H,76,INFLOW,20090620,2300,-207, ,CFS
SHA,H,76,INFLOW,20090621,0000,9373, ,CFS
SHA,H,76,INFLOW,20090621,0100,2878, ,CFS
SHA,H,76,INFLOW,20090621,0200,-3038, ,CFS
SHA,H,76,INFLOW,20090621,0300,5312, ,CFS
SHA,H,76,INFLOW,20090621,0400,379, ,CFS
SHA,H,76,INFLOW,20090621,0500,367, ,CFS
SHA,H,76,INFLOW,20090621,0600,3045, ,CFS
SHA,H,76,INFLOW,20090621,0700,572, ,CFS
SHA,H,76,INFLOW,20090621,0800,1930, ,CFS
SHA,H,76,INFLOW,20090621,0900,990, ,CFS
SHA,H,76,INFLOW,20090621,1000,2697, ,CFS
SHA,H,76,INFLOW,20090621,1100,5952, ,CFS
SHA,H,76,INFLOW,20090621,1200,4879, ,CFS
SHA,H,76,INFLOW,20090621,1300,4976, ,CFS
SHA,H,76,INFLOW,20090621,1400,8083, ,CFS
SHA,H,76,INFLOW,20090621,1500,5557, ,CFS
SHA,H,76,INFLOW,20090621,1600,6729, ,CFS
SHA,H,76,INFLOW,20090621,1700,6571, ,CFS
SHA,H,76,INFLOW,20090621,1800,3404, ,CFS
SHA,H,76,INFLOW,20090621,1900,3408, ,CFS
SHA,H,76,INFLOW,20090621,2000,5751, ,CFS
SHA,H,76,INFLOW,20090621,2100,8146, ,CFS
SHA,H,76,INFLOW,20090621,2200,1339, ,CFS
SHA,H,76,INFLOW,20090621,2300,4487, ,CFS
SHA,H,76,INFLOW,20090622,0000,4940, ,CFS
SHA,H,76,INFLOW,20090622,0100,2699, ,CFS
SHA,H,76,INFLOW,20090622,0200,-83, ,CFS
SHA,H,76,INFLOW,20090622,0300,5137, ,CFS
SHA,H,76,INFLOW,20090622,0400,-1273, ,CFS
SHA,H,76,INFLOW,20090622,0500,1633, ,CFS
SHA,H,76,INFLOW,20090622,0600,3123, ,CFS
SHA,H,76,INFLOW,20090622,0700,1580, ,CFS
SHA,H,76,INFLOW,20090622,0800,694, ,CFS
SHA,H,76,INFLOW,20090622,0900,-98, ,CFS
SHA,H,76,INFLOW,20090622,1000,5478, ,CFS
SHA,H,76,INFLOW,20090622,1100,4129, ,CFS
SHA,H,76,INFLOW,20090622,1200,7292, ,CFS
SHA,H,76,INFLOW,20090622,1300,6875, ,CFS
SHA,H,76,INFLOW,20090622,1400,4581, ,CFS
SHA,H,76,INFLOW,20090622,1500,7524, ,CFS
SHA,H,76,INFLOW,20090622,1600,6944, ,CFS
SHA,H,76,INFLOW,20090622,1700,4619, ,CFS
SHA,H,76,INFLOW,20090622,1800,4737, ,CFS
SHA,H,76,INFLOW,20090622,1900,7947, ,CFS
SHA,H,76,INFLOW,20090622,2000,4300, ,CFS
SHA,H,76,INFLOW,20090622,2100,9599, ,CFS
SHA,H,76,INFLOW,20090622,2200,4140, ,CFS
SHA,H,76,INFLOW,20090622,2300,2682, ,CFS
SHA,H,76,INFLOW,20090623,0000,3872, ,CFS
SHA,H,76,INFLOW,20090623,0100,3044, ,CFS
SHA,H,76,INFLOW,20090623,0200,-650, ,CFS
SHA,H,76,INFLOW,20090623,0300,4495, ,CFS
SHA,H,76,INFLOW,20090623,0400,-989, ,CFS
SHA,H,76,INFLOW,20090623,0500,4592, ,CFS
SHA,H,76,INFLOW,20090623,0600,-613, ,CFS
SHA,H,76,INFLOW,20090623,0700,414, ,CFS
SHA,H,76,INFLOW,20090623,0800,6125, ,CFS
SHA,H,76,INFLOW,20090623,0900,-60, ,CFS
SHA,H,76,INFLOW,20090623,1000,6377, ,CFS
SHA,H,76,INFLOW,20090623,1100,1201, ,CFS
SHA,H,76,INFLOW,20090623,1200,3246, ,CFS
SHA,H,76,INFLOW,20090623,1300,7660, ,CFS
SHA,H,76,INFLOW,20090623,1400,3362, ,CFS
SHA,H,76,INFLOW,20090623,1500,8029, ,CFS
SHA,H,76,INFLOW,20090623,1600,8130, ,CFS
SHA,H,76,INFLOW,20090623,1700,2768, ,CFS
SHA,H,76,INFLOW,20090623,1800,9902, ,CFS
SHA,H,76,INFLOW,20090623,1900,3774, ,CFS
SHA,H,76,INFLOW,20090623,2000,5269, ,CFS
SHA,H,76,INFLOW,20090623,2100,4019, ,CFS
SHA,H,76,INFLOW,20090623,2200,4437, ,CFS
SHA,H,76,INFLOW,20090623,2300,4834, ,CFS
SHA,H,76,INFLOW,20090624,0000,8204, ,CFS
SHA,H,76,INFLOW,20090624,0100,-654, ,CFS
SHA,H,76,INFLOW,20090624,0200,3056, ,CFS
SHA,H,76,INFLOW,20090624,0300,-44, ,CFS
SHA,H,76,INFLOW,20090624,0400,2591, ,CFS
SHA,H,76,INFLOW,20090624,0500,-59, ,CFS
SHA,H,76,INFLOW,20090624,0600,2869, ,CFS
SHA,H,76,INFLOW,20090624,0700,2243, ,CFS
SHA,H,76,INFLOW,20090624,0800,3040, ,CFS
SHA,H,76,INFLOW,20090624,0900,1751, ,CFS
SHA,H,76,INFLOW,20090624,1000,2341, ,CFS
SHA,H,76,INFLOW,20090624,1100,4869, ,CFS
SHA,H,76,INFLOW,20090624,1200,2002, ,CFS
SHA,H,76,INFLOW,20090624,1300,7284, ,CFS
SHA,H,76,INFLOW,20090624,1400,5263, ,CFS
SHA,H,76,INFLOW,20090624,1500,8207, ,CFS
SHA,H,76,INFLOW,20090624,1600,5456, ,CFS
SHA,H,76,INFLOW,20090624,1700,5419, ,CFS
SHA,H,76,INFLOW,20090624,1800,5327, ,CFS
SHA,H,76,INFLOW,20090624,1900,6010, ,CFS
SHA,H,76,INFLOW,20090624,2000,5674, ,CFS
SHA,H,76,INFLOW,20090624,2100,6012, ,CFS
SHA,H,76,INFLOW,20090624,2200,4445, ,CFS
SHA,H,76,INFLOW,20090624,2300,2951, ,CFS
SHA,H,76,INFLOW,20090625,0000,4510, ,CFS
SHA,H,76,INFLOW,20090625,0100,4332, ,CFS
SHA,H,76,INFLOW,20090625,0200,2947, ,CFS
SHA,H,76,INFLOW,20090625,0300,219, ,CFS
SHA,H,76,INFLOW,20090625,0400,2879, ,CFS
SHA,H,76,INFLOW,20090625,0500,2126, ,CFS
SHA,H,76,INFLOW,20090625,0600,-315, ,CFS
SHA,H,76,INFLOW,20090625,0700,2898, ,CFS
SHA,H,76,INFLOW,20090625,0800,755, ,CFS
SHA,H,76,INFLOW,20090625,0900,2292, ,CFS
SHA,H,76,INFLOW,20090625,1000,4709, ,CFS
SHA,H,76,INFLOW,20090625,1100,3475, ,CFS
SHA,H,76,INFLOW,20090625,1200,6415, ,CFS
SHA,H,76,INFLOW,20090625,1300,3874, ,CFS
SHA,H,76,INFLOW,20090625,1400,6734, ,CFS
SHA,H,76,INFLOW,20090625,1500,7777, ,CFS
SHA,H,76,INFLOW,20090625,1600,2962, ,CFS
SHA,H,76,INFLOW,20090625,1700,5713, ,CFS
SHA,H,76,INFLOW,20090625,1800,7195, ,CFS
SHA,H,76,INFLOW,20090625,1900,4720, ,CFS
SHA,H,76,INFLOW,20090625,2000,6483, ,CFS
SHA,H,76,INFLOW,20090625,2100,4810, ,CFS
SHA,H,76,INFLOW,20090625,2200,6019, ,CFS
SHA,H,76,INFLOW,20090625,2300,5360, ,CFS
SHA,H,76,INFLOW,20090626,0000,9079, ,CFS
SHA,H,76,INFLOW,20090626,0100,5451, ,CFS
SHA,H,76,INFLOW,20090626,0200,-790, ,CFS
SHA,H,76,INFLOW,20090626,0300,4428, ,CFS
SHA,H,76,INFLOW,20090626,0400,1521, ,CFS
SHA,H,76,INFLOW,20090626,0500,1585, ,CFS
SHA,H,76,INFLOW,20090626,0600,1836, ,CFS
SHA,H,76,INFLOW,20090626,0700,1675, ,CFS
SHA,H,76,INFLOW,20090626,0800,3236, ,CFS
SHA,H,76,INFLOW,20090626,0900,1829, ,CFS
SHA,H,76,INFLOW,20090626,1000,3028, ,CFS
SHA,H,76,INFLOW,20090626,1100,5748, ,CFS
SHA,H,76,INFLOW,20090626,1200,3440, ,CFS
SHA,H,76,INFLOW,20090626,1300,3715, ,CFS
SHA,H,76,INFLOW,20090626,1400,4613, ,CFS
SHA,H,76,INFLOW,20090626,1500,6678, ,CFS
SHA,H,76,INFLOW,20090626,1600,6957, ,CFS
SHA,H,76,INFLOW,20090626,1700,3903, ,CFS
SHA,H,76,INFLOW,20090626,1800,8504, ,CFS
SHA,H,76,INFLOW,20090626,1900,5232, ,CFS
SHA,H,76,INFLOW,20090626,2000,4332, ,CFS
SHA,H,76,INFLOW,20090626,2100,9521, ,CFS
SHA,H,76,INFLOW,20090626,2200,-1152, ,CFS
SHA,H,76,INFLOW,20090626,2300,9761, ,CFS
SHA,H,76,INFLOW,20090627,0000,2405, ,CFS
SHA,H,76,INFLOW,20090627,0100,1488, ,CFS
SHA,H,76,INFLOW,20090627,0200,4357, ,CFS
SHA,H,76,INFLOW,20090627,0300,-1034, ,CFS
SHA,H,76,INFLOW,20090627,0400,4176, ,CFS
SHA,H,76,INFLOW,20090627,0500,1566, ,CFS
SHA,H,76,INFLOW,20090627,0600,1451, ,CFS
SHA,H,76,INFLOW,20090627,0700,-2235, ,CFS
SHA,H,76,INFLOW,20090627,0800,5053, ,CFS
SHA,H,76,INFLOW,20090627,0900,2581, ,CFS
SHA,H,76,INFLOW,20090627,1000,966, ,CFS
SHA,H,76,INFLOW,20090627,1100,3906, ,CFS
SHA,H,76,INFLOW,20090627,1200,3330, ,CFS
SHA,H,76,INFLOW,20090627,1300,3877, ,CFS
SHA,H,76,INFLOW,20090627,1400,4023, ,CFS
SHA,H,76,INFLOW,20090627,1500,3872, ,CFS
SHA,H,76,INFLOW,20090627,1600,6961, ,CFS
SHA,H,76,INFLOW,20090627,1700,4875, ,CFS
SHA,H,76,INFLOW,20090627,1800,4797, ,CFS
SHA,H,76,INFLOW,20090627,1900,3190, ,CFS
SHA,H,76,INFLOW,20090627,2000,8003, ,CFS
SHA,H,76,INFLOW,20090627,2100,5471, ,CFS
SHA,H,76,INFLOW,20090627,2200,7103, ,CFS
SHA,H,76,INFLOW,20090627,2300,5404, ,CFS
SHA,H,76,INFLOW,20090628,0000,3180, ,CFS
SHA,H,76,INFLOW,20090628,0100,5480, ,CFS
SHA,H,76,INFLOW,20090628,0200,2362, ,CFS
SHA,H,76,INFLOW,20090628,0300,2229, ,CFS
SHA,H,76,INFLOW,20090628,0400,2213, ,CFS
SHA,H,76,INFLOW,20090628,0500,2195, ,CFS
SHA,H,76,INFLOW,20090628,0600,1701, ,CFS
SHA,H,76,INFLOW,20090628,0700,79, ,CFS
SHA,H,76,INFLOW,20090628,0800,3542, ,CFS
SHA,H,76,INFLOW,20090628,0900,4188, ,CFS
SHA,H,76,INFLOW,20090628,1000,2171, ,CFS
SHA,H,76,INFLOW,20090628,1100,2357, ,CFS
SHA,H,76,INFLOW,20090628,1200,7022, ,CFS
SHA,H,76,INFLOW,20090628,1300,6768, ,CFS
SHA,H,76,INFLOW,20090628,1400,4695, ,CFS
SHA,H,76,INFLOW,20090628,1500,6417, ,CFS
SHA,H,76,INFLOW,20090628,1600,5166, ,CFS
SHA,H,76,INFLOW,20090628,1700,5089, ,CFS
SHA,H,76,INFLOW,20090628,1800,7748, ,CFS
SHA,H,76,INFLOW,20090628,1900,2566, ,CFS
SHA,H,76,INFLOW,20090628,2000,4706, ,CFS
SHA,H,76,INFLOW,20090628,2100,9480, ,CFS
SHA,H,76,INFLOW,20090628,2200,2833, ,CFS
SHA,H,76,INFLOW,20090628,2300,7470, ,CFS
SHA,H,76,INFLOW,20090629,0000,3861, ,CFS
SHA,H,76,INFLOW,20090629,0100,5362, ,CFS
SHA,H,76,INFLOW,20090629,0200,-2564, ,CFS
SHA,H,76,INFLOW,20090629,0300,4490, ,CFS
SHA,H,76,INFLOW,20090629,0400,1755, ,CFS
SHA,H,76,INFLOW,20090629,0500,1479, ,CFS
SHA,H,76,INFLOW,20090629,0600,4092, ,CFS
SHA,H,76,INFLOW,20090629,0700,1931, ,CFS
SHA,H,76,INFLOW,20090629,0800,1092, ,CFS
SHA,H,76,INFLOW,20090629,0900,54, ,CFS
SHA,H,76,INFLOW,20090629,1000,4224, ,CFS
SHA,H,76,INFLOW,20090629,1100,3863, ,CFS
SHA,H,76,INFLOW,20090629,1200,4299, ,CFS
SHA,H,76,INFLOW,20090629,1300,3526, ,CFS
SHA,H,76,INFLOW,20090629,1400,6009, ,CFS
SHA,H,76,INFLOW,20090629,1500,5935, ,CFS
SHA,H,76,INFLOW,20090629,1600,9112, ,CFS
SHA,H,76,INFLOW,20090629,1700,14449, ,CFS
SHA,H,76,INFLOW,20090629,1800,-1366, ,CFS
SHA,H,76,INFLOW,20090629,1900,6622, ,CFS
SHA,H,76,INFLOW,20090629,2000,3601, ,CFS
SHA,H,76,INFLOW,20090629,2100,7831, ,CFS
SHA,H,76,INFLOW,20090629,2200,1477, ,CFS
SHA,H,76,INFLOW,20090629,2300,7781, ,CFS
SHA,H,76,INFLOW,20090630,0000,4146, ,CFS
SHA,H,76,INFLOW,20090630,0100,3996, ,CFS
SHA,H,76,INFLOW,20090630,0200,712, ,CFS
SHA,H,76,INFLOW,20090630,0300,3575, ,CFS
SHA,H,76,INFLOW,20090630,0400,-552, ,CFS
SHA,H,76,INFLOW,20090630,0500,1958, ,CFS
SHA,H,76,INFLOW,20090630,0600,1930, ,CFS
SHA,H,76,INFLOW,20090630,0700,-827, ,CFS
SHA,H,76,INFLOW,20090630,0800,339, ,CFS
SHA,H,76,INFLOW,20090630,0900,2022, ,CFS
SHA,H,76,INFLOW,20090630,1000,1084, ,CFS
SHA,H,76,INFLOW,20090630,1100,3537, ,CFS
SHA,H,76,INFLOW,20090630,1200,5812, ,CFS
SHA,H,76,INFLOW,20090630,1300,3470, ,CFS
SHA,H,76,INFLOW,20090630,1400,6783, ,CFS
SHA,H,76,INFLOW,20090630,1500,4229, ,CFS
SHA,H,76,INFLOW,20090630,1600,6773, ,CFS
SHA,H,76,INFLOW,20090630,1700,7021, ,CFS
SHA,H,76,INFLOW,20090630,1800,7109, ,CFS
SHA,H,76,INFLOW,20090630,1900,6683, ,CFS
SHA,H,76,INFLOW,20090630,2000,2078, ,CFS
SHA,H,76,INFLOW,20090630,2100,5880, ,CFS
SHA,H,76,INFLOW,20090630,2200,3774, ,CFS
SHA,H,76,INFLOW,20090630,2300,3027, ,CFS
SHA,H,76,INFLOW,20090701,0000,5820, ,CFS
SHA,H,76,INFLOW,20090701,0100,-1150, ,CFS
SHA,H,76,INFLOW,20090701,0200,6130, ,CFS
SHA,H,76,INFLOW,20090701,0300,-1661, ,CFS
SHA,H,76,INFLOW,20090701,0400,3605, ,CFS
SHA,H,76,INFLOW,20090701,0500,909, ,CFS
SHA,H,76,INFLOW,20090701,0600,1119, ,CFS
SHA,H,76,INFLOW,20090701,0700,6658, ,CFS
SHA,H,76,INFLOW,20090701,0800,-51, ,CFS
SHA,H,76,INFLOW,20090701,0900,711, ,CFS
SHA,H,76,INFLOW,20090701,1000,1031, ,CFS
SHA,H,76,INFLOW,20090701,1100,3076, ,CFS
SHA,H,76,INFLOW,20090701,1200,6869, ,CFS
SHA,H,76,INFLOW,20090701,1300,7152, ,CFS
SHA,H,76,INFLOW,20090701,1400,3714, ,CFS
SHA,H,76,INFLOW,20090701,1500,5940, ,CFS
SHA,H,76,INFLOW,20090701,1600,3556, ,CFS
SHA,H,76,INFLOW,20090701,1700,3819, ,CFS
SHA,H,76,INFLOW,20090701,1800,8045, ,CFS
SHA,H,76,INFLOW,20090701,1900,4609, ,CFS
SHA,H,76,INFLOW,20090701,2000,7916, ,CFS
SHA,H,76,INFLOW,20090701,2100,5031, ,CFS
SHA,H,76,INFLOW,20090701,2200,1526, ,CFS
SHA,H,76,INFLOW,20090701,2300,12140, ,CFS
SHA,H,76,INFLOW,20090702,0000,3864, ,CFS
SHA,H,76,INFLOW,20090702,0100,3657, ,CFS
SHA,H,76,INFLOW,20090702,0200,1077, ,CFS
SHA,H,76,INFLOW,20090702,0300,3601, ,CFS
SHA,H,76,INFLOW,20090702,0400,943, ,CFS
SHA,H,76,INFLOW,20090702,0500,1169, ,CFS
SHA,H,76,INFLOW,20090702,0600,1439, ,CFS
SHA,H,76,INFLOW,20090702,0700,4196, ,CFS
SHA,H,76,INFLOW,20090702,0800,1074, ,CFS
SHA,H,76,INFLOW,20090702,0900,1171, ,CFS
SHA,H,76,INFLOW,20090702,1000,1236, ,CFS
SHA,H,76,INFLOW,20090702,1100,1675, ,CFS
SHA,H,76,INFLOW,20090702,1200,2017, ,CFS
SHA,H,76,INFLOW,20090702,1300,220, ,CFS
SHA,H,76,INFLOW,20090702,1400,7621, ,CFS
SHA,H,76,INFLOW,20090702,1500,6301, ,CFS
SHA,H,76,INFLOW,20090702,1600,11444, ,CFS
SHA,H,76,INFLOW,20090702,1700,3604, ,CFS
SHA,H,76,INFLOW,20090702,1800,8867, ,CFS
SHA,H,76,INFLOW,20090702,1900,5300, ,CFS
SHA,H,76,INFLOW,20090702,2000,6429, ,CFS
SHA,H,76,INFLOW,20090702,2100,2348, ,CFS
SHA,H,76,INFLOW,20090702,2200,2573, ,CFS
SHA,H,76,INFLOW,20090702,2300,1202, ,CFS
SHA,H,76,INFLOW,20090703,0000,3690, ,CFS
SHA,H,76,INFLOW,20090703,0100,1522, ,CFS
SHA,H,76,INFLOW,20090703,0200,-1111, ,CFS
SHA,H,76,INFLOW,20090703,0300,4193, ,CFS
SHA,H,76,INFLOW,20090703,0400,3584, ,CFS
SHA,H,76,INFLOW,20090703,0500,964, ,CFS
SHA,H,76,INFLOW,20090703,0600,1191, ,CFS
SHA,H,76,INFLOW,20090703,0700,1243, ,CFS
SHA,H,76,INFLOW,20090703,0800,-554, ,CFS
SHA,H,76,INFLOW,20090703,0900,2901, ,CFS
SHA,H,76,INFLOW,20090703,1000,390, ,CFS
SHA,H,76,INFLOW,20090703,1100,5674, ,CFS
SHA,H,76,INFLOW,20090703,1200,952, ,CFS
SHA,H,76,INFLOW,20090703,1300,2854, ,CFS
SHA,H,76,INFLOW,20090703,1400,2114, ,CFS
SHA,H,76,INFLOW,20090703,1500,3639, ,CFS
SHA,H,76,INFLOW,20090703,1600,1240, ,CFS
SHA,H,76,INFLOW,20090703,1700,3215, ,CFS
SHA,H,76,INFLOW,20090703,1800,8710, ,CFS
SHA,H,76,INFLOW,20090703,1900,5841, ,CFS
SHA,H,76,INFLOW,20090703,2000,4971, ,CFS
SHA,H,76,INFLOW,20090703,2100,6712, ,CFS
SHA,H,76,INFLOW,20090703,2200,3738, ,CFS
SHA,H,76,INFLOW,20090703,2300,10856, ,CFS
SHA,H,76,INFLOW,20090704,0000,5245, ,CFS
SHA,H,76,INFLOW,20090704,0100,3381, ,CFS
SHA,H,76,INFLOW,20090704,0200,1253, ,CFS
SHA,H,76,INFLOW,20090704,0300,1179, ,CFS
SHA,H,76,INFLOW,20090704,0400,3549, ,CFS
SHA,H,76,INFLOW,20090704,0500,-1519, ,CFS
SHA,H,76,INFLOW,20090704,0600,1145, ,CFS
SHA,H,76,INFLOW,20090704,0700,6410, ,CFS
SHA,H,76,INFLOW,20090704,0800,183, ,CFS
SHA,H,76,INFLOW,20090704,0900,1716, ,CFS
SHA,H,76,INFLOW,20090704,1000,1470, ,CFS
SHA,H,76,INFLOW,20090704,1100,-1282, ,CFS
SHA,H,76,INFLOW,20090704,1200,7052, ,CFS
SHA,H,76,INFLOW,20090704,1300,1059, ,CFS
SHA,H,76,INFLOW,20090704,1400,8729, ,CFS
SHA,H,76,INFLOW,20090704,1500,6238, ,CFS
SHA,H,76,INFLOW,20090704,1600,6321, ,CFS
SHA,H,76,INFLOW,20090704,1700,8881, ,CFS
SHA,H,76,INFLOW,20090704,1800,2559, ,CFS
SHA,H,76,INFLOW,20090704,1900,8036, ,CFS
SHA,H,76,INFLOW,20090704,2000,7876, ,CFS
SHA,H,76,INFLOW,20090704,2100,-2050, ,CFS
SHA,H,76,INFLOW,20090704,2200,5620, ,CFS
SHA,H,76,INFLOW,20090704,2300,2324, ,CFS
SHA,H,76,INFLOW,20090705,0000,624, ,CFS
SHA,H,76,INFLOW,20090705,0100,4566, ,CFS
SHA,H,76,INFLOW,20090705,0200,-729, ,CFS
SHA,H,76,INFLOW,20090705,0300,2056, ,CFS
SHA,H,76,INFLOW,20090705,0400,1862, ,CFS
SHA,H,76,INFLOW,20090705,0500,1858, ,CFS
SHA,H,76,INFLOW,20090705,0600,1840, ,CFS
SHA,H,76,INFLOW,20090705,0700,-668, ,CFS
SHA,H,76,INFLOW,20090705,0800,411, ,CFS
SHA,H,76,INFLOW,20090705,0900,3738, ,CFS
SHA,H,76,INFLOW,20090705,1000,-232, ,CFS
SHA,H,76,INFLOW,20090705,1100,3613, ,CFS
SHA,H,76,INFLOW,20090705,1200,4940, ,CFS
SHA,H,76,INFLOW,20090705,1300,2986, ,CFS
SHA,H,76,INFLOW,20090705,1400,5290, ,CFS
SHA,H,76,INFLOW,20090705,1500,3381, ,CFS
SHA,H,76,INFLOW,20090705,1600,9370, ,CFS
SHA,H,76,INFLOW,20090705,1700,6922, ,CFS
SHA,H,76,INFLOW,20090705,1800,3566, ,CFS
SHA,H,76,INFLOW,20090705,1900,8675, ,CFS
SHA,H,76,INFLOW,20090705,2000,6131, ,CFS
SHA,H,76,INFLOW,20090705,2100,3363, ,CFS
SHA,H,76,INFLOW,20090705,2200,-603, ,CFS
SHA,H,76,INFLOW,20090705,2300,4066, ,CFS
SHA,H,76,INFLOW,20090706,0000,2799, ,CFS
SHA,H,76,INFLOW,20090706,0100,1783, ,CFS
SHA,H,76,INFLOW,20090706,0200,1692, ,CFS
SHA,H,76,INFLOW,20090706,0300,1824, ,CFS
SHA,H,76,INFLOW,20090706,0400,1497, ,CFS
SHA,H,76,INFLOW,20090706,0500,1494, ,CFS
SHA,H,76,INFLOW,20090706,0600,-1004, ,CFS
SHA,H,76,INFLOW,20090706,0700,1865, ,CFS
SHA,H,76,INFLOW,20090706,0800,752, ,CFS
SHA,H,76,INFLOW,20090706,0900,1622, ,CFS
SHA,H,76,INFLOW,20090706,1000,5210, ,CFS
SHA,H,76,INFLOW,20090706,1100,3227, ,CFS
SHA,H,76,INFLOW,20090706,1200,1802, ,CFS
SHA,H,76,INFLOW,20090706,1300,3228, ,CFS
SHA,H,76,INFLOW,20090706,1400,3669, ,CFS
SHA,H,76,INFLOW,20090706,1500,6720, ,CFS
SHA,H,76,INFLOW,20090706,1600,7946, ,CFS
SHA,H,76,INFLOW,20090706,1700,5429, ,CFS
SHA,H,76,INFLOW,20090706,1800,5399, ,CFS
SHA,H,76,INFLOW,20090706,1900,4965, ,CFS
SHA,H,76,INFLOW,20090706,2000,9630, ,CFS
SHA,H,76,INFLOW,20090706,2100,6985, ,CFS
SHA,H,76,INFLOW,20090706,2200,5879, ,CFS
SHA,H,76,INFLOW,20090706,2300,1466, ,CFS
SHA,H,76,INFLOW,20090707,0000,5184, ,CFS
SHA,H,76,INFLOW,20090707,0100,1567, ,CFS
SHA,H,76,INFLOW,20090707,0200,4051, ,CFS
SHA,H,76,INFLOW,20090707,0300,4305, ,CFS
SHA,H,76,INFLOW,20090707,0400,-775, ,CFS
SHA,H,76,INFLOW,20090707,0500,1686, ,CFS
SHA,H,76,INFLOW,20090707,0600,1872, ,CFS
SHA,H,76,INFLOW,20090707,0700,2399, ,CFS
SHA,H,76,INFLOW,20090707,0800,1785, ,CFS
SHA,H,76,INFLOW,20090707,0900,694, ,CFS
SHA,H,76,INFLOW,20090707,1000,-298, ,CFS
SHA,H,76,INFLOW,20090707,1100,2230, ,CFS
SHA,H,76,INFLOW,20090707,1200,-1030, ,CFS
SHA,H,76,INFLOW,20090707,1300,3847, ,CFS
SHA,H,76,INFLOW,20090707,1400,-783, ,CFS
SHA,H,76,INFLOW,20090707,1500,4730, ,CFS
SHA,H,76,INFLOW,20090707,1600,2324, ,CFS
SHA,H,76,INFLOW,20090707,1700,4230, ,CFS
SHA,H,76,INFLOW,20090707,1800,1647, ,CFS
SHA,H,76,INFLOW,20090707,1900,1683, ,CFS
SHA,H,76,INFLOW,20090707,2000,2177, ,CFS
SHA,H,76,INFLOW,20090707,2100,2279, ,CFS
SHA,H,76,INFLOW,20090707,2200,-3156, ,CFS
SHA,H,76,INFLOW,20090707,2300,3932, ,CFS
SHA,H,76,INFLOW,20090708,0000,-3424, ,CFS
SHA,H,76,INFLOW,20090708,0100,1784, ,CFS
SHA,H,76,INFLOW,20090708,0200,4115, ,CFS
SHA,H,76,INFLOW,20090708,0300,1569, ,CFS
SHA,H,76,INFLOW,20090708,0400,1826, ,CFS
SHA,H,76,INFLOW,20090708,0500,1974, ,CFS
SHA,H,76,INFLOW,20090708,0600,-72, ,CFS
SHA,H,76,INFLOW,20090708,0700,-422, ,CFS
SHA,H,76,INFLOW,20090708,0800,3302, ,CFS
SHA,H,76,INFLOW,20090708,0900,5083, ,CFS
SHA,H,76,INFLOW,20090708,1000,3276, ,CFS
SHA,H,76,INFLOW,20090708,1100,-807, ,CFS
SHA,H,76,INFLOW,20090708,1200,4231, ,CFS
SHA,H,76,INFLOW,20090708,1300,5117, ,CFS
SHA,H,76,INFLOW,20090708,1400,5421, ,CFS
SHA,H,76,INFLOW,20090708,1500,1945, ,CFS
SHA,H,76,INFLOW,20090708,1600,8718, ,CFS
SHA,H,76,INFLOW,20090708,1700,5969, ,CFS
SHA,H,76,INFLOW,20090708,1800,3428, ,CFS
SHA,H,76,INFLOW,20090708,1900,8391, ,CFS
SHA,H,76,INFLOW,20090708,2000,4414, ,CFS
SHA,H,76,INFLOW,20090708,2100,3100, ,CFS
SHA,H,76,INFLOW,20090708,2200,2510, ,CFS
SHA,H,76,INFLOW,20090708,2300,6814, ,CFS
SHA,H,76,INFLOW,20090709,0000,3454, ,CFS
SHA,H,76,INFLOW,20090709,0100,5099, ,CFS
SHA,H,76,INFLOW,20090709,0200,3738, ,CFS
SHA,H,76,INFLOW,20090709,0300,1164, ,CFS
SHA,H,76,INFLOW,20090709,0400,3792, ,CFS
SHA,H,76,INFLOW,20090709,0500,1330, ,CFS
SHA,H,76,INFLOW,20090709,0600,-881, ,CFS
SHA,H,76,INFLOW,20090709,0700,4774, ,CFS
SHA,H,76,INFLOW,20090709,0800,1231, ,CFS
SHA,H,76,INFLOW,20090709,0900,-889, ,CFS
SHA,H,76,INFLOW,20090709,1000,3181, ,CFS
SHA,H,76,INFLOW,20090709,1100,677, ,CFS
SHA,H,76,INFLOW,20090709,1200,8262, ,CFS
SHA,H,76,INFLOW,20090709,1300,5844, ,CFS
SHA,H,76,INFLOW,20090709,1400,8829, ,CFS
SHA,H,76,INFLOW,20090709,1500,7881, ,CFS
SHA,H,76,INFLOW,20090709,1600,5251, ,CFS
SHA,H,76,INFLOW,20090709,1700,7767, ,CFS
SHA,H,76,INFLOW,20090709,1800,7807, ,CFS
SHA,H,76,INFLOW,20090709,1900,5334, ,CFS
SHA,H,76,INFLOW,20090709,2000,11968, ,CFS
SHA,H,76,INFLOW,20090709,2100,1564, ,CFS
SHA,H,76,INFLOW,20090709,2200,9533, ,CFS
SHA,H,76,INFLOW,20090709,2300,2877, ,CFS
SHA,H,76,INFLOW,20090710,0000,2152, ,CFS
SHA,H,76,INFLOW,20090710,0100,3100, ,CFS
SHA,H,76,INFLOW,20090710,0200,1682, ,CFS
SHA,H,76,INFLOW,20090710,0300,1654, ,CFS
SHA,H,76,INFLOW,20090710,0400,1592, ,CFS
SHA,H,76,INFLOW,20090710,0500,-1418, ,CFS
SHA,H,76,INFLOW,20090710,0600,3921, ,CFS
SHA,H,76,INFLOW,20090710,0700,-2813, ,CFS
SHA,H,76,INFLOW,20090710,0800,1414, ,CFS
SHA,H,76,INFLOW,20090710,0900,1758, ,CFS
SHA,H,76,INFLOW,20090710,1000,3285, ,CFS
SHA,H,76,INFLOW,20090710,1100,2732, ,CFS
SHA,H,76,INFLOW,20090710,1200,1890, ,CFS
SHA,H,76,INFLOW,20090710,1300,2190, ,CFS
SHA,H,76,INFLOW,20090710,1400,9252, ,CFS
SHA,H,76,INFLOW,20090710,1500,4343, ,CFS
SHA,H,76,INFLOW,20090710,1600,7507, ,CFS
SHA,H,76,INFLOW,20090710,1700,10078, ,CFS
SHA,H,76,INFLOW,20090710,1800,5109, ,CFS
SHA,H,76,INFLOW,20090710,1900,9931, ,CFS
SHA,H,76,INFLOW,20090710,2000,6107, ,CFS
SHA,H,76,INFLOW,20090710,2100,4257, ,CFS
SHA,H,76,INFLOW,20090710,2200,2808, ,CFS
SHA,H,76,INFLOW,20090710,2300,1121, ,CFS
SHA,H,76,INFLOW,20090711,0000,5090, ,CFS
SHA,H,76,INFLOW,20090711,0100,4704, ,CFS
SHA,H,76,INFLOW,20090711,0200,1678, ,CFS
SHA,H,76,INFLOW,20090711,0300,1430, ,CFS
SHA,H,76,INFLOW,20090711,0400,3654, ,CFS
SHA,H,76,INFLOW,20090711,0500,942, ,CFS
SHA,H,76,INFLOW,20090711,0600,1608, ,CFS
SHA,H,76,INFLOW,20090711,0700,6149, ,CFS
SHA,H,76,INFLOW,20090711,0800,2232, ,CFS
SHA,H,76,INFLOW,20090711,0900,-2012, ,CFS
SHA,H,76,INFLOW,20090711,1000,4059, ,CFS
SHA,H,76,INFLOW,20090711,1100,-1786, ,CFS
SHA,H,76,INFLOW,20090711,1200,3871, ,CFS
SHA,H,76,INFLOW,20090711,1300,2140, ,CFS
SHA,H,76,INFLOW,20090711,1400,3334, ,CFS
SHA,H,76,INFLOW,20090711,1500,5171, ,CFS
SHA,H,76,INFLOW,20090711,1600,7936, ,CFS
SHA,H,76,INFLOW,20090711,1700,7956, ,CFS
SHA,H,76,INFLOW,20090711,1800,7959, ,CFS
SHA,H,76,INFLOW,20090711,1900,9754, ,CFS
SHA,H,76,INFLOW,20090711,2000,6863, ,CFS
SHA,H,76,INFLOW,20090711,2100,2263, ,CFS
SHA,H,76,INFLOW,20090711,2200,4017, ,CFS
SHA,H,76,INFLOW,20090711,2300,6512, ,CFS
SHA,H,76,INFLOW,20090712,0000,1953, ,CFS
SHA,H,76,INFLOW,20090712,0100,1228, ,CFS
SHA,H,76,INFLOW,20090712,0200,1017, ,CFS
SHA,H,76,INFLOW,20090712,0300,1278, ,CFS
SHA,H,76,INFLOW,20090712,0400,1183, ,CFS
SHA,H,76,INFLOW,20090712,0500,3716, ,CFS
SHA,H,76,INFLOW,20090712,0600,-833, ,CFS
SHA,H,76,INFLOW,20090712,0700,6827, ,CFS
SHA,H,76,INFLOW,20090712,0800,2907, ,CFS
SHA,H,76,INFLOW,20090712,0900,-2140, ,CFS
SHA,H,76,INFLOW,20090712,1000,979, ,CFS
SHA,H,76,INFLOW,20090712,1100,3837, ,CFS
SHA,H,76,INFLOW,20090712,1200,2535, ,CFS
SHA,H,76,INFLOW,20090712,1300,6038, ,CFS
SHA,H,76,INFLOW,20090712,1400,7903, ,CFS
SHA,H,76,INFLOW,20090712,1500,5266, ,CFS
SHA,H,76,INFLOW,20090712,1600,9042, ,CFS
SHA,H,76,INFLOW,20090712,1700,6568, ,CFS
SHA,H,76,INFLOW,20090712,1800,6431, ,CFS
SHA,H,76,INFLOW,20090712,1900,9019, ,CFS
SHA,H,76,INFLOW,20090712,2000,5344, ,CFS
SHA,H,76,INFLOW,20090712,2100,1988, ,CFS
SHA,H,76,INFLOW,20090712,2200,3404, ,CFS
SHA,H,76,INFLOW,20090712,2300,3202, ,CFS
SHA,H,76,INFLOW,20090713,0000,1154, ,CFS
SHA,H,76,INFLOW,20090713,0100,952, ,CFS
SHA,H,76,INFLOW,20090713,0200,3131, ,CFS
SHA,H,76,INFLOW,20090713,0300,706, ,CFS
SHA,H,76,INFLOW,20090713,0400,3089, ,CFS
SHA,H,76,INFLOW,20090713,0500,804, ,CFS
SHA,H,76,INFLOW,20090713,0600,-726, ,CFS
SHA,H,76,INFLOW,20090713,0700,2170, ,CFS
SHA,H,76,INFLOW,20090713,0800,1480, ,CFS
SHA,H,76,INFLOW,20090713,0900,2171, ,CFS
SHA,H,76,INFLOW,20090713,1000,3889, ,CFS
SHA,H,76,INFLOW,20090713,1100,607, ,CFS
SHA,H,76,INFLOW,20090713,1200,2449, ,CFS
SHA,H,76,INFLOW,20090713,1300,1404, ,CFS
SHA,H,76,INFLOW,20090713,1400,3989, ,CFS
SHA,H,76,INFLOW,20090713,1500,4085, ,CFS
SHA,H,76,INFLOW,20090713,1600,8792, ,CFS
SHA,H,76,INFLOW,20090713,1700,6309, ,CFS
SHA,H,76,INFLOW,20090713,1800,11060, ,CFS
SHA,H,76,INFLOW,20090713,1900,7335, ,CFS
SHA,H,76,INFLOW,20090713,2000,6278, ,CFS
SHA,H,76,INFLOW,20090713,2100,891, ,CFS
SHA,H,76,INFLOW,20090713,2200,4678, ,CFS
SHA,H,76,INFLOW,20090713,2300,4708, ,CFS
SHA,H,76,INFLOW,20090714,0000,531, ,CFS
SHA,H,76,INFLOW,20090714,0100,5049, ,CFS
SHA,H,76,INFLOW,20090714,0200,1067, ,CFS
SHA,H,76,INFLOW,20090714,0300,76, ,CFS
SHA,H,76,INFLOW,20090714,0400,7411, ,CFS
SHA,H,76,INFLOW,20090714,0500,-5021, ,CFS
SHA,H,76,INFLOW,20090714,0600,9865, ,CFS
SHA,H,76,INFLOW,20090714,0700,1180, ,CFS
SHA,H,76,INFLOW,20090714,0800,1829, ,CFS
SHA,H,76,INFLOW,20090714,0900,3645, ,CFS
SHA,H,76,INFLOW,20090714,1000,-2993, ,CFS
SHA,H,76,INFLOW,20090714,1100,2242, ,CFS
SHA,H,76,INFLOW,20090714,1200,5174, ,CFS
SHA,H,76,INFLOW,20090714,1300,1073, ,CFS
SHA,H,76,INFLOW,20090714,1400,6528, ,CFS
SHA,H,76,INFLOW,20090714,1500,6626, ,CFS
SHA,H,76,INFLOW,20090714,1600,11599, ,CFS
SHA,H,76,INFLOW,20090714,1700,6373, ,CFS
SHA,H,76,INFLOW,20090714,1800,4446, ,CFS
SHA,H,76,INFLOW,20090714,1900,7899, ,CFS
SHA,H,76,INFLOW,20090714,2000,3939, ,CFS
SHA,H,76,INFLOW,20090714,2100,5606, ,CFS
SHA,H,76,INFLOW,20090714,2200,1805, ,CFS
SHA,H,76,INFLOW,20090714,2300,4795, ,CFS
SHA,H,76,INFLOW,20090715,0000,3063, ,CFS
SHA,H,76,INFLOW,20090715,0100,3598, ,CFS
SHA,H,76,INFLOW,20090715,0200,-360, ,CFS
SHA,H,76,INFLOW,20090715,0300,1878, ,CFS
SHA,H,76,INFLOW,20090715,0400,1690, ,CFS
SHA,H,76,INFLOW,20090715,0500,1658, ,CFS
SHA,H,76,INFLOW,20090715,0600,-991, ,CFS
SHA,H,76,INFLOW,20090715,0700,4587, ,CFS
SHA,H,76,INFLOW,20090715,0800,3945, ,CFS
SHA,H,76,INFLOW,20090715,0900,-3718, ,CFS
SHA,H,76,INFLOW,20090715,1000,3595, ,CFS
SHA,H,76,INFLOW,20090715,1100,1623, ,CFS
SHA,H,76,INFLOW,20090715,1200,3574, ,CFS
SHA,H,76,INFLOW,20090715,1300,1638, ,CFS
SHA,H,76,INFLOW,20090715,1400,8740, ,CFS
SHA,H,76,INFLOW,20090715,1500,5545, ,CFS
SHA,H,76,INFLOW,20090715,1600,9317, ,CFS
SHA,H,76,INFLOW,20090715,1700,6683, ,CFS
SHA,H,76,INFLOW,20090715,1800,7710, ,CFS
SHA,H,76,INFLOW,20090715,1900,9896, ,CFS
SHA,H,76,INFLOW,20090715,2000,5541, ,CFS
SHA,H,76,INFLOW,20090715,2100,-443, ,CFS
SHA,H,76,INFLOW,20090715,2200,3984, ,CFS
SHA,H,76,INFLOW,20090715,2300,5372, ,CFS
SHA,H,76,INFLOW,20090716,0000,200, ,CFS
SHA,H,76,INFLOW,20090716,0100,6248, ,CFS
SHA,H,76,INFLOW,20090716,0200,-715, ,CFS
SHA,H,76,INFLOW,20090716,0300,3451, ,CFS
SHA,H,76,INFLOW,20090716,0400,546, ,CFS
SHA,H,76,INFLOW,20090716,0500,694, ,CFS
SHA,H,76,INFLOW,20090716,0600,1219, ,CFS
SHA,H,76,INFLOW,20090716,0700,4221, ,CFS
SHA,H,76,INFLOW,20090716,0800,-2916, ,CFS
SHA,H,76,INFLOW,20090716,0900,5656, ,CFS
SHA,H,76,INFLOW,20090716,1000,1156, ,CFS
SHA,H,76,INFLOW,20090716,1100,4383, ,CFS
SHA,H,76,INFLOW,20090716,1200,3780, ,CFS
SHA,H,76,INFLOW,20090716,1300,685, ,CFS
SHA,H,76,INFLOW,20090716,1400,15059, ,CFS
SHA,H,76,INFLOW,20090716,1500,3024, ,CFS
SHA,H,76,INFLOW,20090716,1600,10483, ,CFS
SHA,H,76,INFLOW,20090716,1700,6037, ,CFS
SHA,H,76,INFLOW,20090716,1800,5797, ,CFS
SHA,H,76,INFLOW,20090716,1900,12726, ,CFS
SHA,H,76,INFLOW,20090716,2000,1798, ,CFS
SHA,H,76,INFLOW,20090716,2100,4430, ,CFS
SHA,H,76,INFLOW,20090716,2200,6431, ,CFS
SHA,H,76,INFLOW,20090716,2300,1723, ,CFS
SHA,H,76,INFLOW,20090717,0000,5621, ,CFS
SHA,H,76,INFLOW,20090717,0100,1008, ,CFS
SHA,H,76,INFLOW,20090717,0200,1722, ,CFS
SHA,H,76,INFLOW,20090717,0300,824, ,CFS
SHA,H,76,INFLOW,20090717,0400,881, ,CFS
SHA,H,76,INFLOW,20090717,0500,918, ,CFS
SHA,H,76,INFLOW,20090717,0600,3437, ,CFS
SHA,H,76,INFLOW,20090717,0700,2864, ,CFS
SHA,H,76,INFLOW,20090717,0800,-368, ,CFS
SHA,H,76,INFLOW,20090717,0900,4025, ,CFS
SHA,H,76,INFLOW,20090717,1000,3193, ,CFS
SHA,H,76,INFLOW,20090717,1100,5692, ,CFS
SHA,H,76,INFLOW,20090717,1200,810, ,CFS
SHA,H,76,INFLOW,20090717,1300,3119, ,CFS
SHA,H,76,INFLOW,20090717,1400,6473, ,CFS
SHA,H,76,INFLOW,20090717,1500,6269, ,CFS
SHA,H,76,INFLOW,20090717,1600,6090, ,CFS
SHA,H,76,INFLOW,20090717,1700,8590, ,CFS
SHA,H,76,INFLOW,20090717,1800,6212, ,CFS
SHA,H,76,INFLOW,20090717,1900,6176, ,CFS
SHA,H,76,INFLOW,20090717,2000,6797, ,CFS
SHA,H,76,INFLOW,20090717,2100,3795, ,CFS
SHA,H,76,INFLOW,20090717,2200,5390, ,CFS
SHA,H,76,INFLOW,20090717,2300,540, ,CFS
SHA,H,76,INFLOW,20090718,0000,8304, ,CFS
SHA,H,76,INFLOW,20090718,0100,1105, ,CFS
SHA,H,76,INFLOW,20090718,0200,1539, ,CFS
SHA,H,76,INFLOW,20090718,0300,1335, ,CFS
SHA,H,76,INFLOW,20090718,0400,-1215, ,CFS
SHA,H,76,INFLOW,20090718,0500,3953, ,CFS
SHA,H,76,INFLOW,20090718,0600,1427, ,CFS
SHA,H,76,INFLOW,20090718,0700,187, ,CFS
SHA,H,76,INFLOW,20090718,0800,3793, ,CFS
SHA,H,76,INFLOW,20090718,0900,-954, ,CFS
SHA,H,76,INFLOW,20090718,1000,-428, ,CFS
SHA,H,76,INFLOW,20090718,1100,3061, ,CFS
SHA,H,76,INFLOW,20090718,1200,416, ,CFS
SHA,H,76,INFLOW,20090718,1300,4525, ,CFS
SHA,H,76,INFLOW,20090718,1400,6937, ,CFS
SHA,H,76,INFLOW,20090718,1500,8818, ,CFS
SHA,H,76,INFLOW,20090718,1600,6645, ,CFS
SHA,H,76,INFLOW,20090718,1700,6501, ,CFS
SHA,H,76,INFLOW,20090718,1800,6415, ,CFS
SHA,H,76,INFLOW,20090718,1900,9906, ,CFS
SHA,H,76,INFLOW,20090718,2000,4983, ,CFS
SHA,H,76,INFLOW,20090718,2100,3813, ,CFS
SHA,H,76,INFLOW,20090718,2200,4676, ,CFS
SHA,H,76,INFLOW,20090718,2300,-146, ,CFS
SHA,H,76,INFLOW,20090719,0000,6779, ,CFS
SHA,H,76,INFLOW,20090719,0100,337, ,CFS
SHA,H,76,INFLOW,20090719,0200,116, ,CFS
SHA,H,76,INFLOW,20090719,0300,1886, ,CFS
SHA,H,76,INFLOW,20090719,0400,1938, ,CFS
SHA,H,76,INFLOW,20090719,0500,-439, ,CFS
SHA,H,76,INFLOW,20090719,0600,4114, ,CFS
SHA,H,76,INFLOW,20090719,0700,1369, ,CFS
SHA,H,76,INFLOW,20090719,0800,1699, ,CFS
SHA,H,76,INFLOW,20090719,0900,1049, ,CFS
SHA,H,76,INFLOW,20090719,1000,596, ,CFS
SHA,H,76,INFLOW,20090719,1100,818, ,CFS
SHA,H,76,INFLOW,20090719,1200,2841, ,CFS
SHA,H,76,INFLOW,20090719,1300,3092, ,CFS
SHA,H,76,INFLOW,20090719,1400,2975, ,CFS
SHA,H,76,INFLOW,20090719,1500,7983, ,CFS
SHA,H,76,INFLOW,20090719,1600,3231, ,CFS
SHA,H,76,INFLOW,20090719,1700,7577, ,CFS
SHA,H,76,INFLOW,20090719,1800,7706, ,CFS
SHA,H,76,INFLOW,20090719,1900,7768, ,CFS
SHA,H,76,INFLOW,20090719,2000,5387, ,CFS
SHA,H,76,INFLOW,20090719,2100,7719, ,CFS
SHA,H,76,INFLOW,20090719,2200,4736, ,CFS
SHA,H,76,INFLOW,20090719,2300,3910, ,CFS
SHA,H,76,INFLOW,20090720,0000,10111, ,CFS
SHA,H,76,INFLOW,20090720,0100,1081, ,CFS
SHA,H,76,INFLOW,20090720,0200,3703, ,CFS
SHA,H,76,INFLOW,20090720,0300,1383, ,CFS
SHA,H,76,INFLOW,20090720,0400,1362, ,CFS
SHA,H,76,INFLOW,20090720,0500,1314, ,CFS
SHA,H,76,INFLOW,20090720,0600,-816, ,CFS
SHA,H,76,INFLOW,20090720,0700,1343, ,CFS
SHA,H,76,INFLOW,20090720,0800,2132, ,CFS
SHA,H,76,INFLOW,20090720,0900,-184, ,CFS
SHA,H,76,INFLOW,20090720,1000,237, ,CFS
SHA,H,76,INFLOW,20090720,1100,4144, ,CFS
SHA,H,76,INFLOW,20090720,1200,3602, ,CFS
SHA,H,76,INFLOW,20090720,1300,5170, ,CFS
SHA,H,76,INFLOW,20090720,1400,5092, ,CFS
SHA,H,76,INFLOW,20090720,1500,9821, ,CFS
SHA,H,76,INFLOW,20090720,1600,8093, ,CFS
SHA,H,76,INFLOW,20090720,1700,5757, ,CFS
SHA,H,76,INFLOW,20090720,1800,8109, ,CFS
SHA,H,76,INFLOW,20090720,1900,8929, ,CFS
SHA,H,76,INFLOW,20090720,2000,6688, ,CFS
SHA,H,76,INFLOW,20090720,2100,4356, ,CFS
SHA,H,76,INFLOW,20090720,2200,5866, ,CFS
SHA,H,76,INFLOW,20090720,2300,2401, ,CFS
SHA,H,76,INFLOW,20090721,0000,5760, ,CFS
SHA,H,76,INFLOW,20090721,0100,293, ,CFS
SHA,H,76,INFLOW,20090721,0200,1882, ,CFS
SHA,H,76,INFLOW,20090721,0300,1400, ,CFS
SHA,H,76,INFLOW,20090721,0400,1119, ,CFS
SHA,H,76,INFLOW,20090721,0500,-1300, ,CFS
SHA,H,76,INFLOW,20090721,0600,2363, ,CFS
SHA,H,76,INFLOW,20090721,0700,3521, ,CFS
SHA,H,76,INFLOW,20090721,0800,-263, ,CFS
SHA,H,76,INFLOW,20090721,0900,-182, ,CFS
SHA,H,76,INFLOW,20090721,1000,-82, ,CFS
SHA,H,76,INFLOW,20090721,1100,2341, ,CFS
SHA,H,76,INFLOW,20090721,1200,2640, ,CFS
SHA,H,76,INFLOW,20090721,1300,5761, ,CFS
SHA,H,76,INFLOW,20090721,1400,8262, ,CFS
SHA,H,76,INFLOW,20090721,1500,3448, ,CFS
SHA,H,76,INFLOW,20090721,1600,3416, ,CFS
SHA,H,76,INFLOW,20090721,1700,7432, ,CFS
SHA,H,76,INFLOW,20090721,1800,6464, ,CFS
SHA,H,76,INFLOW,20090721,1900,4653, ,CFS
SHA,H,76,INFLOW,20090721,2000,6376, ,CFS
SHA,H,76,INFLOW,20090721,2100,2768, ,CFS
SHA,H,76,INFLOW,20090721,2200,6775, ,CFS
SHA,H,76,INFLOW,20090721,2300,4323, ,CFS
SHA,H,76,INFLOW,20090722,0000,318, ,CFS
SHA,H,76,INFLOW,20090722,0100,4995, ,CFS
SHA,H,76,INFLOW,20090722,0200,2028, ,CFS
SHA,H,76,INFLOW,20090722,0300,-910, ,CFS
SHA,H,76,INFLOW,20090722,0400,1242, ,CFS
SHA,H,76,INFLOW,20090722,0500,1063, ,CFS
SHA,H,76,INFLOW,20090722,0600,2785, ,CFS
SHA,H,76,INFLOW,20090722,0700,-1614, ,CFS
SHA,H,76,INFLOW,20090722,0800,1780, ,CFS
SHA,H,76,INFLOW,20090722,0900,-528, ,CFS
SHA,H,76,INFLOW,20090722,1000,-661, ,CFS
SHA,H,76,INFLOW,20090722,1100,4919, ,CFS
SHA,H,76,INFLOW,20090722,1200,483, ,CFS
SHA,H,76,INFLOW,20090722,1300,5089, ,CFS
SHA,H,76,INFLOW,20090722,1400,6948, ,CFS
SHA,H,76,INFLOW,20090722,1500,3878, ,CFS
SHA,H,76,INFLOW,20090722,1600,9788, ,CFS
SHA,H,76,INFLOW,20090722,1700,3835, ,CFS
SHA,H,76,INFLOW,20090722,1800,5079, ,CFS
SHA,H,76,INFLOW,20090722,1900,12220, ,CFS
SHA,H,76,INFLOW,20090722,2000,3573, ,CFS
SHA,H,76,INFLOW,20090722,2100,6325, ,CFS
SHA,H,76,INFLOW,20090722,2200,-788, ,CFS
SHA,H,76,INFLOW,20090722,2300,7266, ,CFS
SHA,H,76,INFLOW,20090723,0000,2439, ,CFS
SHA,H,76,INFLOW,20090723,0100,1353, ,CFS
SHA,H,76,INFLOW,20090723,0200,-1583, ,CFS
SHA,H,76,INFLOW,20090723,0300,2387, ,CFS
SHA,H,76,INFLOW,20090723,0400,2089, ,CFS
SHA,H,76,INFLOW,20090723,0500,-152, ,CFS
SHA,H,76,INFLOW,20090723,0600,1380, ,CFS
SHA,H,76,INFLOW,20090723,0700,4553, ,CFS
SHA,H,76,INFLOW,20090723,0800,-1937, ,CFS
SHA,H,76,INFLOW,20090723,0900,2209, ,CFS
SHA,H,76,INFLOW,20090723,1000,-1367, ,CFS
SHA,H,76,INFLOW,20090723,1100,764, ,CFS
SHA,H,76,INFLOW,20090723,1200,1120, ,CFS
SHA,H,76,INFLOW,20090723,1300,419, ,CFS
SHA,H,76,INFLOW,20090723,1400,3239, ,CFS
SHA,H,76,INFLOW,20090723,1500,7891, ,CFS
SHA,H,76,INFLOW,20090723,1600,6197, ,CFS
SHA,H,76,INFLOW,20090723,1700,6392, ,CFS
SHA,H,76,INFLOW,20090723,1800,8807, ,CFS
SHA,H,76,INFLOW,20090723,1900,6362, ,CFS
SHA,H,76,INFLOW,20090723,2000,5975, ,CFS
SHA,H,76,INFLOW,20090723,2100,3591, ,CFS
SHA,H,76,INFLOW,20090723,2200,1303, ,CFS
SHA,H,76,INFLOW,20090723,2300,5176, ,CFS
SHA,H,76,INFLOW,20090724,0000,-325, ,CFS
SHA,H,76,INFLOW,20090724,0100,6357, ,CFS
SHA,H,76,INFLOW,20090724,0200,817, ,CFS
SHA,H,76,INFLOW,20090724,0300,2419, ,CFS
SHA,H,76,INFLOW,20090724,0400,-291, ,CFS
SHA,H,76,INFLOW,20090724,0500,2406, ,CFS
SHA,H,76,INFLOW,20090724,0600,-1150, ,CFS
SHA,H,76,INFLOW,20090724,0700,-667, ,CFS
SHA,H,76,INFLOW,20090724,0800,2930, ,CFS
SHA,H,76,INFLOW,20090724,0900,-1587, ,CFS
SHA,H,76,INFLOW,20090724,1000,1932, ,CFS
SHA,H,76,INFLOW,20090724,1100,-773, ,CFS
SHA,H,76,INFLOW,20090724,1200,4487, ,CFS
SHA,H,76,INFLOW,20090724,1300,755, ,CFS
SHA,H,76,INFLOW,20090724,1400,4048, ,CFS
SHA,H,76,INFLOW,20090724,1500,9854, ,CFS
SHA,H,76,INFLOW,20090724,1600,5183, ,CFS
SHA,H,76,INFLOW,20090724,1700,7189, ,CFS
SHA,H,76,INFLOW,20090724,1800,4702, ,CFS
SHA,H,76,INFLOW,20090724,1900,7631, ,CFS
SHA,H,76,INFLOW,20090724,2000,4801, ,CFS
SHA,H,76,INFLOW,20090724,2100,3083, ,CFS
SHA,H,76,INFLOW,20090724,2200,3007, ,CFS
SHA,H,76,INFLOW,20090724,2300,-16, ,CFS
SHA,H,76,INFLOW,20090725,0000,5767, ,CFS
SHA,H,76,INFLOW,20090725,0100,1710, ,CFS
SHA,H,76,INFLOW,20090725,0200,2231, ,CFS
SHA,H,76,INFLOW,20090725,0300,1841, ,CFS
SHA,H,76,INFLOW,20090725,0400,1509, ,CFS
SHA,H,76,INFLOW,20090725,0500,1333, ,CFS
SHA,H,76,INFLOW,20090725,0600,1785, ,CFS
SHA,H,76,INFLOW,20090725,0700,1938, ,CFS
SHA,H,76,INFLOW,20090725,0800,-2944, ,CFS
SHA,H,76,INFLOW,20090725,0900,3590, ,CFS
SHA,H,76,INFLOW,20090725,1000,-1776, ,CFS
SHA,H,76,INFLOW,20090725,1100,5251, ,CFS
SHA,H,76,INFLOW,20090725,1200,-1271, ,CFS
SHA,H,76,INFLOW,20090725,1300,2278, ,CFS
SHA,H,76,INFLOW,20090725,1400,4392, ,CFS
SHA,H,76,INFLOW,20090725,1500,6491, ,CFS
SHA,H,76,INFLOW,20090725,1600,8987, ,CFS
SHA,H,76,INFLOW,20090725,1700,6644, ,CFS
SHA,H,76,INFLOW,20090725,1800,6656, ,CFS
SHA,H,76,INFLOW,20090725,1900,8913, ,CFS
SHA,H,76,INFLOW,20090725,2000,931, ,CFS
SHA,H,76,INFLOW,20090725,2100,8725, ,CFS
SHA,H,76,INFLOW,20090725,2200,5804, ,CFS
SHA,H,76,INFLOW,20090725,2300,2684, ,CFS
SHA,H,76,INFLOW,20090726,0000,7593, ,CFS
SHA,H,76,INFLOW,20090726,0100,4527, ,CFS
SHA,H,76,INFLOW,20090726,0200,276, ,CFS
SHA,H,76,INFLOW,20090726,0300,4457, ,CFS
SHA,H,76,INFLOW,20090726,0400,-2973, ,CFS
SHA,H,76,INFLOW,20090726,0500,1713, ,CFS
SHA,H,76,INFLOW,20090726,0600,-475, ,CFS
SHA,H,76,INFLOW,20090726,0700,318, ,CFS
SHA,H,76,INFLOW,20090726,0800,3124, ,CFS
SHA,H,76,INFLOW,20090726,0900,-1597, ,CFS
SHA,H,76,INFLOW,20090726,1000,-1376, ,CFS
SHA,H,76,INFLOW,20090726,1100,1308, ,CFS
SHA,H,76,INFLOW,20090726,1200,-629, ,CFS
SHA,H,76,INFLOW,20090726,1300,5063, ,CFS
SHA,H,76,INFLOW,20090726,1400,7364, ,CFS
SHA,H,76,INFLOW,20090726,1500,4625, ,CFS
SHA,H,76,INFLOW,20090726,1600,7385, ,CFS
SHA,H,76,INFLOW,20090726,1700,4519, ,CFS
SHA,H,76,INFLOW,20090726,1800,6844, ,CFS
SHA,H,76,INFLOW,20090726,1900,7510, ,CFS
SHA,H,76,INFLOW,20090726,2000,2236, ,CFS
SHA,H,76,INFLOW,20090726,2100,7349, ,CFS
SHA,H,76,INFLOW,20090726,2200,2687, ,CFS
SHA,H,76,INFLOW,20090726,2300,5207, ,CFS
SHA,H,76,INFLOW,20090727,0000,-358, ,CFS
SHA,H,76,INFLOW,20090727,0100,3346, ,CFS
SHA,H,76,INFLOW,20090727,0200,-1607, ,CFS
SHA,H,76,INFLOW,20090727,0300,5148, ,CFS
SHA,H,76,INFLOW,20090727,0400,168, ,CFS
SHA,H,76,INFLOW,20090727,0500,2408, ,CFS
SHA,H,76,INFLOW,20090727,0600,1045, ,CFS
SHA,H,76,INFLOW,20090727,0700,-1993, ,CFS
SHA,H,76,INFLOW,20090727,0800,3101, ,CFS
SHA,H,76,INFLOW,20090727,0900,-2160, ,CFS
SHA,H,76,INFLOW,20090727,1000,-936, ,CFS
SHA,H,76,INFLOW,20090727,1100,-733, ,CFS
SHA,H,76,INFLOW,20090727,1200,6252, ,CFS
SHA,H,76,INFLOW,20090727,1300,1621, ,CFS
SHA,H,76,INFLOW,20090727,1400,3876, ,CFS
SHA,H,76,INFLOW,20090727,1500,5102, ,CFS
SHA,H,76,INFLOW,20090727,1600,7604, ,CFS
SHA,H,76,INFLOW,20090727,1700,4771, ,CFS
SHA,H,76,INFLOW,20090727,1800,4231, ,CFS
SHA,H,76,INFLOW,20090727,1900,12096, ,CFS
SHA,H,76,INFLOW,20090727,2000,2218, ,CFS
SHA,H,76,INFLOW,20090727,2100,3087, ,CFS
SHA,H,76,INFLOW,20090727,2200,4514, ,CFS
SHA,H,76,INFLOW,20090727,2300,71, ,CFS
SHA,H,76,INFLOW,20090728,0000,5123, ,CFS
SHA,H,76,INFLOW,20090728,0100,1386, ,CFS
SHA,H,76,INFLOW,20090728,0200,-333, ,CFS
SHA,H,76,INFLOW,20090728,0300,1821, ,CFS
SHA,H,76,INFLOW,20090728,0400,1573, ,CFS
SHA,H,76,INFLOW,20090728,0500,-630, ,CFS
SHA,H,76,INFLOW,20090728,0600,2315, ,CFS
SHA,H,76,INFLOW,20090728,0700,903, ,CFS
SHA,H,76,INFLOW,20090728,0800,-2800, ,CFS
SHA,H,76,INFLOW,20090728,0900,1497, ,CFS
SHA,H,76,INFLOW,20090728,1000,-986, ,CFS
SHA,H,76,INFLOW,20090728,1100,1166, ,CFS
SHA,H,76,INFLOW,20090728,1200,6619, ,CFS
SHA,H,76,INFLOW,20090728,1300,1276, ,CFS
SHA,H,76,INFLOW,20090728,1400,5296, ,CFS
SHA,H,76,INFLOW,20090728,1500,6171, ,CFS
SHA,H,76,INFLOW,20090728,1600,8219, ,CFS
SHA,H,76,INFLOW,20090728,1700,8161, ,CFS
SHA,H,76,INFLOW,20090728,1800,2839, ,CFS
SHA,H,76,INFLOW,20090728,1900,3110, ,CFS
SHA,H,76,INFLOW,20090728,2000,8557, ,CFS
SHA,H,76,INFLOW,20090728,2100,2706, ,CFS
SHA,H,76,INFLOW,20090728,2200,2117, ,CFS
SHA,H,76,INFLOW,20090728,2300,3821, ,CFS
SHA,H,76,INFLOW,20090729,0000,681, ,CFS
SHA,H,76,INFLOW,20090729,0100,1232, ,CFS
SHA,H,76,INFLOW,20090729,0200,2200, ,CFS
SHA,H,76,INFLOW,20090729,0300,989, ,CFS
SHA,H,76,INFLOW,20090729,0400,905, ,CFS
SHA,H,76,INFLOW,20090729,0500,3330, ,CFS
SHA,H,76,INFLOW,20090729,0600,1580, ,CFS
SHA,H,76,INFLOW,20090729,0700,1904, ,CFS
SHA,H,76,INFLOW,20090729,0800,306, ,CFS
SHA,H,76,INFLOW,20090729,0900,254, ,CFS
SHA,H,76,INFLOW,20090729,1000,-2, ,CFS
SHA,H,76,INFLOW,20090729,1100,-1559, ,CFS
SHA,H,76,INFLOW,20090729,1200,2469, ,CFS
SHA,H,76,INFLOW,20090729,1300,2039, ,CFS
SHA,H,76,INFLOW,20090729,1400,5992, ,CFS
SHA,H,76,INFLOW,20090729,1500,6380, ,CFS
SHA,H,76,INFLOW,20090729,1600,6180, ,CFS
SHA,H,76,INFLOW,20090729,1700,6635, ,CFS
SHA,H,76,INFLOW,20090729,1800,6590, ,CFS
SHA,H,76,INFLOW,20090729,1900,11961, ,CFS
SHA,H,76,INFLOW,20090729,2000,3307, ,CFS
SHA,H,76,INFLOW,20090729,2100,1483, ,CFS
SHA,H,76,INFLOW,20090729,2200,5639, ,CFS
SHA,H,76,INFLOW,20090729,2300,-2085, ,CFS
SHA,H,76,INFLOW,20090730,0000,10580, ,CFS
SHA,H,76,INFLOW,20090730,0100,-1402, ,CFS
SHA,H,76,INFLOW,20090730,0200,-90, ,CFS
SHA,H,76,INFLOW,20090730,0300,1571, ,CFS
SHA,H,76,INFLOW,20090730,0400,1552, ,CFS
SHA,H,76,INFLOW,20090730,0500,1675, ,CFS
SHA,H,76,INFLOW,20090730,0600,-34, ,CFS
SHA,H,76,INFLOW,20090730,0700,-115, ,CFS
SHA,H,76,INFLOW,20090730,0800,3519, ,CFS
SHA,H,76,INFLOW,20090730,0900,2296, ,CFS
SHA,H,76,INFLOW,20090730,1000,-1979, ,CFS
SHA,H,76,INFLOW,20090730,1100,-1052, ,CFS
SHA,H,76,INFLOW,20090730,1200,1447, ,CFS
SHA,H,76,INFLOW,20090730,1300,3649, ,CFS
SHA,H,76,INFLOW,20090730,1400,4848, ,CFS
SHA,H,76,INFLOW,20090730,1500,5137, ,CFS
SHA,H,76,INFLOW,20090730,1600,7753, ,CFS
SHA,H,76,INFLOW,20090730,1700,8138, ,CFS
SHA,H,76,INFLOW,20090730,1800,4024, ,CFS
SHA,H,76,INFLOW,20090730,1900,9726, ,CFS
SHA,H,76,INFLOW,20090730,2000,4211, ,CFS
SHA,H,76,INFLOW,20090730,2100,4048, ,CFS
SHA,H,76,INFLOW,20090730,2200,6265, ,CFS
SHA,H,76,INFLOW,20090730,2300,1765, ,CFS
SHA,H,76,INFLOW,20090731,0000,-144, ,CFS
SHA,H,76,INFLOW,20090731,0100,5395, ,CFS
SHA,H,76,INFLOW,20090731,0200,330, ,CFS
SHA,H,76,INFLOW,20090731,0300,16, ,CFS
SHA,H,76,INFLOW,20090731,0400,2385, ,CFS
SHA,H,76,INFLOW,20090731,0500,77, ,CFS
SHA,H,76,INFLOW,20090731,0600,-1811, ,CFS
SHA,H,76,INFLOW,20090731,0700,2422, ,CFS
SHA,H,76,INFLOW,20090731,0800,-1396, ,CFS
SHA,H,76,INFLOW,20090731,0900,5227, ,CFS
SHA,H,76,INFLOW,20090731,1000,-1877, ,CFS
SHA,H,76,INFLOW,20090731,1100,-418, ,CFS
SHA,H,76,INFLOW,20090731,1200,3075, ,CFS
SHA,H,76,INFLOW,20090731,1300,1202, ,CFS
SHA,H,76,INFLOW,20090731,1400,8143, ,CFS
SHA,H,76,INFLOW,20090731,1500,3710, ,CFS
SHA,H,76,INFLOW,20090731,1600,6648, ,CFS
SHA,H,76,INFLOW,20090731,1700,4405, ,CFS
SHA,H,76,INFLOW,20090731,1800,6370, ,CFS
SHA,H,76,INFLOW,20090731,1900,9160, ,CFS
SHA,H,76,INFLOW,20090731,2000,1716, ,CFS
SHA,H,76,INFLOW,20090731,2100,4427, ,CFS
SHA,H,76,INFLOW,20090731,2200,2906, ,CFS
SHA,H,76,INFLOW,20090731,2300,5015, ,CFS
SHA,H,76,INFLOW,20090801,0000,950, ,CFS
SHA,H,76,INFLOW,20090801,0100,470, ,CFS
SHA,H,76,INFLOW,20090801,0200,2103, ,CFS
SHA,H,76,INFLOW,20090801,0300,1742, ,CFS
SHA,H,76,INFLOW,20090801,0400,-1038, ,CFS
SHA,H,76,INFLOW,20090801,0500,3608, ,CFS
SHA,H,76,INFLOW,20090801,0600,-2959, ,CFS
SHA,H,76,INFLOW,20090801,0700,3051, ,CFS
SHA,H,76,INFLOW,20090801,0800,1121, ,CFS
SHA,H,76,INFLOW,20090801,0900,-1082, ,CFS
SHA,H,76,INFLOW,20090801,1000,-39, ,CFS
SHA,H,76,INFLOW,20090801,1100,2897, ,CFS
SHA,H,76,INFLOW,20090801,1200,-2295, ,CFS
SHA,H,76,INFLOW,20090801,1300,4029, ,CFS
SHA,H,76,INFLOW,20090801,1400,4023, ,CFS
SHA,H,76,INFLOW,20090801,1500,8698, ,CFS
SHA,H,76,INFLOW,20090801,1600,7025, ,CFS
SHA,H,76,INFLOW,20090801,1700,4265, ,CFS
SHA,H,76,INFLOW,20090801,1800,8824, ,CFS
SHA,H,76,INFLOW,20090801,1900,5323, ,CFS
SHA,H,76,INFLOW,20090801,2000,8051, ,CFS
SHA,H,76,INFLOW,20090801,2100,9729, ,CFS
SHA,H,76,INFLOW,20090801,2200,3405, ,CFS
SHA,H,76,INFLOW,20090801,2300,2075, ,CFS
SHA,H,76,INFLOW,20090802,0000,4892, ,CFS
SHA,H,76,INFLOW,20090802,0100,2198, ,CFS
SHA,H,76,INFLOW,20090802,0200,-5620, ,CFS
SHA,H,76,INFLOW,20090802,0300,5391, ,CFS
SHA,H,76,INFLOW,20090802,0400,671, ,CFS
SHA,H,76,INFLOW,20090802,0500,1122, ,CFS
SHA,H,76,INFLOW,20090802,0600,-3274, ,CFS
SHA,H,76,INFLOW,20090802,0700,3725, ,CFS
SHA,H,76,INFLOW,20090802,0800,4147, ,CFS
SHA,H,76,INFLOW,20090802,0900,1416, ,CFS
SHA,H,76,INFLOW,20090802,1000,209, ,CFS
SHA,H,76,INFLOW,20090802,1100,5727, ,CFS
SHA,H,76,INFLOW,20090802,1200,-4501, ,CFS
SHA,H,76,INFLOW,20090802,1300,3586, ,CFS
SHA,H,76,INFLOW,20090802,1400,3930, ,CFS
SHA,H,76,INFLOW,20090802,1500,7319, ,CFS
SHA,H,76,INFLOW,20090802,1600,5082, ,CFS
SHA,H,76,INFLOW,20090802,1700,7176, ,CFS
SHA,H,76,INFLOW,20090802,1800,5409, ,CFS
SHA,H,76,INFLOW,20090802,1900,10780, ,CFS
SHA,H,76,INFLOW,20090802,2000,4910, ,CFS
SHA,H,76,INFLOW,20090802,2100,4546, ,CFS
SHA,H,76,INFLOW,20090802,2200,4153, ,CFS
SHA,H,76,INFLOW,20090802,2300,740, ,CFS
SHA,H,76,INFLOW,20090803,0000,1232, ,CFS
SHA,H,76,INFLOW,20090803,0100,929, ,CFS
SHA,H,76,INFLOW,20090803,0200,3519, ,CFS
SHA,H,76,INFLOW,20090803,0300,855, ,CFS
SHA,H,76,INFLOW,20090803,0400,806, ,CFS
SHA,H,76,INFLOW,20090803,0500,1028, ,CFS
SHA,H,76,INFLOW,20090803,0600,-593, ,CFS
SHA,H,76,INFLOW,20090803,0700,-415, ,CFS
SHA,H,76,INFLOW,20090803,0800,2034, ,CFS
SHA,H,76,INFLOW,20090803,0900,-744, ,CFS
SHA,H,76,INFLOW,20090803,1000,1664, ,CFS
SHA,H,76,INFLOW,20090803,1100,540, ,CFS
SHA,H,76,INFLOW,20090803,1200,2491, ,CFS
SHA,H,76,INFLOW,20090803,1300,3453, ,CFS
SHA,H,76,INFLOW,20090803,1400,958, ,CFS
SHA,H,76,INFLOW,20090803,1500,9284, ,CFS
SHA,H,76,INFLOW,20090803,1600,7067, ,CFS
SHA,H,76,INFLOW,20090803,1700,2292, ,CFS
SHA,H,76,INFLOW,20090803,1800,5920, ,CFS
SHA,H,76,INFLOW,20090803,1900,5454, ,CFS
SHA,H,76,INFLOW,20090803,2000,4937, ,CFS
SHA,H,76,INFLOW,20090803,2100,4014, ,CFS
SHA,H,76,INFLOW,20090803,2200,1150, ,CFS
SHA,H,76,INFLOW,20090803,2300,4852, ,CFS
SHA,H,76,INFLOW,20090804,0000,-1023, ,CFS
SHA,H,76,INFLOW,20090804,0100,1637, ,CFS
SHA,H,76,INFLOW,20090804,0200,1012, ,CFS
SHA,H,76,INFLOW,20090804,0300,537, ,CFS
SHA,H,76,INFLOW,20090804,0400,2845, ,CFS
SHA,H,76,INFLOW,20090804,0500,-1427, ,CFS
SHA,H,76,INFLOW,20090804,0600,1469, ,CFS
SHA,H,76,INFLOW,20090804,0700,643, ,CFS
SHA,H,76,INFLOW,20090804,0800,342, ,CFS
SHA,H,76,INFLOW,20090804,0900,2269, ,CFS
SHA,H,76,INFLOW,20090804,1000,-1129, ,CFS
SHA,H,76,INFLOW,20090804,1100,914, ,CFS
SHA,H,76,INFLOW,20090804,1200,650, ,CFS
SHA,H,76,INFLOW,20090804,1300,-582, ,CFS
SHA,H,76,INFLOW,20090804,1400,5825, ,CFS
SHA,H,76,INFLOW,20090804,1500,3881, ,CFS
SHA,H,76,INFLOW,20090804,1600,8105, ,CFS
SHA,H,76,INFLOW,20090804,1700,6218, ,CFS
SHA,H,76,INFLOW,20090804,1800,5437, ,CFS
SHA,H,76,INFLOW,20090804,1900,7290, ,CFS
SHA,H,76,INFLOW,20090804,2000,6088, ,CFS
SHA,H,76,INFLOW,20090804,2100,2934, ,CFS
SHA,H,76,INFLOW,20090804,2200,6010, ,CFS
SHA,H,76,INFLOW,20090804,2300,141, ,CFS
SHA,H,76,INFLOW,20090805,0000,4979, ,CFS
SHA,H,76,INFLOW,20090805,0100,1114, ,CFS
SHA,H,76,INFLOW,20090805,0200,5141, ,CFS
SHA,H,76,INFLOW,20090805,0300,-1734, ,CFS
SHA,H,76,INFLOW,20090805,0400,3693, ,CFS
SHA,H,76,INFLOW,20090805,0500,-415, ,CFS
SHA,H,76,INFLOW,20090805,0600,231, ,CFS
SHA,H,76,INFLOW,20090805,0700,-972, ,CFS
SHA,H,76,INFLOW,20090805,0800,2774, ,CFS
SHA,H,76,INFLOW,20090805,0900,-642, ,CFS
SHA,H,76,INFLOW,20090805,1000,8, ,CFS
SHA,H,76,INFLOW,20090805,1100,763, ,CFS
SHA,H,76,INFLOW,20090805,1200,5716, ,CFS
SHA,H,76,INFLOW,20090805,1300,8007, ,CFS
SHA,H,76,INFLOW,20090805,1400,5219, ,CFS
SHA,H,76,INFLOW,20090805,1500,9066, ,CFS
SHA,H,76,INFLOW,20090805,1600,4314, ,CFS
SHA,H,76,INFLOW,20090805,1700,6490, ,CFS
SHA,H,76,INFLOW,20090805,1800,7978, ,CFS
SHA,H,76,INFLOW,20090805,1900,1470, ,CFS
SHA,H,76,INFLOW,20090805,2000,1698, ,CFS
SHA,H,76,INFLOW,20090805,2100,1792, ,CFS
SHA,H,76,INFLOW,20090805,2200,3954, ,CFS
SHA,H,76,INFLOW,20090805,2300,2789, ,CFS
SHA,H,76,INFLOW,20090806,0000,4868, ,CFS
SHA,H,76,INFLOW,20090806,0100,1749, ,CFS
SHA,H,76,INFLOW,20090806,0200,1879, ,CFS
SHA,H,76,INFLOW,20090806,0300,1483, ,CFS
SHA,H,76,INFLOW,20090806,0400,1430, ,CFS
SHA,H,76,INFLOW,20090806,0500,-771, ,CFS
SHA,H,76,INFLOW,20090806,0600,182, ,CFS
SHA,H,76,INFLOW,20090806,0700,2442, ,CFS
SHA,H,76,INFLOW,20090806,0800,5980, ,CFS
SHA,H,76,INFLOW,20090806,0900,-1021, ,CFS
SHA,H,76,INFLOW,20090806,1000,6881, ,CFS
SHA,H,76,INFLOW,20090806,1100,-154, ,CFS
SHA,H,76,INFLOW,20090806,1200,2736, ,CFS
SHA,H,76,INFLOW,20090806,1300,2373, ,CFS
SHA,H,76,INFLOW,20090806,1400,2242, ,CFS
SHA,H,76,INFLOW,20090806,1500,7764, ,CFS
SHA,H,76,INFLOW,20090806,1600,7851, ,CFS
SHA,H,76,INFLOW,20090806,1700,977, ,CFS
SHA,H,76,INFLOW,20090806,1800,6872, ,CFS
SHA,H,76,INFLOW,20090806,1900,3051, ,CFS
SHA,H,76,INFLOW,20090806,2000,2375, ,CFS
SHA,H,76,INFLOW,20090806,2100,6375, ,CFS
SHA,H,76,INFLOW,20090806,2200,1223, ,CFS
SHA,H,76,INFLOW,20090806,2300,5054, ,CFS
SHA,H,76,INFLOW,20090807,0000,4094, ,CFS
SHA,H,76,INFLOW,20090807,0100,1610, ,CFS
SHA,H,76,INFLOW,20090807,0200,999, ,CFS
SHA,H,76,INFLOW,20090807,0300,2853, ,CFS
SHA,H,76,INFLOW,20090807,0400,619, ,CFS
SHA,H,76,INFLOW,20090807,0500,5679, ,CFS
SHA,H,76,INFLOW,20090807,0600,2000, ,CFS
SHA,H,76,INFLOW,20090807,0700,4380, ,CFS
SHA,H,76,INFLOW,20090807,0800,948, ,CFS
SHA,H,76,INFLOW,20090807,0900,3447, ,CFS
SHA,H,76,INFLOW,20090807,1000,305, ,CFS
SHA,H,76,INFLOW,20090807,1100,3887, ,CFS
SHA,H,76,INFLOW,20090807,1200,2187, ,CFS
SHA,H,76,INFLOW,20090807,1300,3497, ,CFS
SHA,H,76,INFLOW,20090807,1400,4026, ,CFS
SHA,H,76,INFLOW,20090807,1500,7216, ,CFS
SHA,H,76,INFLOW,20090807,1600,4859, ,CFS
SHA,H,76,INFLOW,20090807,1700,4816, ,CFS
SHA,H,76,INFLOW,20090807,1800,6562, ,CFS
SHA,H,76,INFLOW,20090807,1900,3178, ,CFS
SHA,H,76,INFLOW,20090807,2000,6823, ,CFS
SHA,H,76,INFLOW,20090807,2100,3877, ,CFS
SHA,H,76,INFLOW,20090807,2200,7183, ,CFS
SHA,H,76,INFLOW,20090807,2300,2350, ,CFS
SHA,H,76,INFLOW,20090808,0000,6603, ,CFS
SHA,H,76,INFLOW,20090808,0100,6458, ,CFS
SHA,H,76,INFLOW,20090808,0200,1905, ,CFS
SHA,H,76,INFLOW,20090808,0300,4505, ,CFS
SHA,H,76,INFLOW,20090808,0400,250, ,CFS
SHA,H,76,INFLOW,20090808,0500,269, ,CFS
SHA,H,76,INFLOW,20090808,0600,2384, ,CFS
SHA,H,76,INFLOW,20090808,0700,-771, ,CFS
SHA,H,76,INFLOW,20090808,0800,-495, ,CFS
SHA,H,76,INFLOW,20090808,0900,5318, ,CFS
SHA,H,76,INFLOW,20090808,1000,2168, ,CFS
SHA,H,76,INFLOW,20090808,1100,4795, ,CFS
SHA,H,76,INFLOW,20090808,1200,6224, ,CFS
SHA,H,76,INFLOW,20090808,1300,4171, ,CFS
SHA,H,76,INFLOW,20090808,1400,6285, ,CFS
SHA,H,76,INFLOW,20090808,1500,6347, ,CFS
SHA,H,76,INFLOW,20090808,1600,6551, ,CFS
SHA,H,76,INFLOW,20090808,1700,7099, ,CFS
SHA,H,76,INFLOW,20090808,1800,7354, ,CFS
SHA,H,76,INFLOW,20090808,1900,7265, ,CFS
SHA,H,76,INFLOW,20090808,2000,9594, ,CFS
SHA,H,76,INFLOW,20090808,2100,2491, ,CFS
SHA,H,76,INFLOW,20090808,2200,6362, ,CFS
SHA,H,76,INFLOW,20090808,2300,2334, ,CFS
SHA,H,76,INFLOW,20090809,0000,690, ,CFS
SHA,H,76,INFLOW,20090809,0100,6937, ,CFS
SHA,H,76,INFLOW,20090809,0200,-1961, ,CFS
SHA,H,76,INFLOW,20090809,0300,4312, ,CFS
SHA,H,76,INFLOW,20090809,0400,-2627, ,CFS
SHA,H,76,INFLOW,20090809,0500,1983, ,CFS
SHA,H,76,INFLOW,20090809,0600,2336, ,CFS
SHA,H,76,INFLOW,20090809,0700,492, ,CFS
SHA,H,76,INFLOW,20090809,0800,500, ,CFS
SHA,H,76,INFLOW,20090809,0900,3828, ,CFS
SHA,H,76,INFLOW,20090809,1000,-2328, ,CFS
SHA,H,76,INFLOW,20090809,1100,-244, ,CFS
SHA,H,76,INFLOW,20090809,1200,-669, ,CFS
SHA,H,76,INFLOW,20090809,1300,2274, ,CFS
SHA,H,76,INFLOW,20090809,1400,4919, ,CFS
SHA,H,76,INFLOW,20090809,1500,5160, ,CFS
SHA,H,76,INFLOW,20090809,1600,3298, ,CFS
SHA,H,76,INFLOW,20090809,1700,5645, ,CFS
SHA,H,76,INFLOW,20090809,1800,3491, ,CFS
SHA,H,76,INFLOW,20090809,1900,5653, ,CFS
SHA,H,76,INFLOW,20090809,2000,3348, ,CFS
SHA,H,76,INFLOW,20090809,2100,4928, ,CFS
SHA,H,76,INFLOW,20090809,2200,3717, ,CFS
SHA,H,76,INFLOW,20090809,2300,4052, ,CFS
SHA,H,76,INFLOW,20090810,0000,1804, ,CFS
SHA,H,76,INFLOW,20090810,0100,2475, ,CFS
SHA,H,76,INFLOW,20090810,0200,-1024, ,CFS
SHA,H,76,INFLOW,20090810,0300,2967, ,CFS
SHA,H,76,INFLOW,20090810,0400,-1367, ,CFS
SHA,H,76,INFLOW,20090810,0500,3035, ,CFS
SHA,H,76,INFLOW,20090810,0600,-1024, ,CFS
SHA,H,76,INFLOW,20090810,0700,995, ,CFS
SHA,H,76,INFLOW,20090810,0800,1146, ,CFS
SHA,H,76,INFLOW,20090810,0900,1714, ,CFS
SHA,H,76,INFLOW,20090810,1000,-345, ,CFS
SHA,H,76,INFLOW,20090810,1100,1959, ,CFS
SHA,H,76,INFLOW,20090810,1200,-173, ,CFS
SHA,H,76,INFLOW,20090810,1300,882, ,CFS
SHA,H,76,INFLOW,20090810,1400,6987, ,CFS
SHA,H,76,INFLOW,20090810,1500,5722, ,CFS
SHA,H,76,INFLOW,20090810,1600,10241, ,CFS
SHA,H,76,INFLOW,20090810,1700,5703, ,CFS
SHA,H,76,INFLOW,20090810,1800,6031, ,CFS
SHA,H,76,INFLOW,20090810,1900,9856, ,CFS
SHA,H,76,INFLOW,20090810,2000,868, ,CFS
SHA,H,76,INFLOW,20090810,2100,6698, ,CFS
SHA,H,76,INFLOW,20090810,2200,3562, ,CFS
SHA,H,76,INFLOW,20090810,2300,482, ,CFS
SHA,H,76,INFLOW,20090811,0000,6535, ,CFS
SHA,H,76,INFLOW,20090811,0100,395, ,CFS
SHA,H,76,INFLOW,20090811,0200,11, ,CFS
SHA,H,76,INFLOW,20090811,0300,3430, ,CFS
SHA,H,76,INFLOW,20090811,0400,-1024, ,CFS
SHA,H,76,INFLOW,20090811,0500,1148, ,CFS
SHA,H,76,INFLOW,20090811,0600,1816, ,CFS
SHA,H,76,INFLOW,20090811,0700,1065, ,CFS
SHA,H,76,INFLOW,20090811,0800,2354, ,CFS
SHA,H,76,INFLOW,20090811,0900,1085, ,CFS
SHA,H,76,INFLOW,20090811,1000,-1930, ,CFS
SHA,H,76,INFLOW,20090811,1100,2284, ,CFS
SHA,H,76,INFLOW,20090811,1200,3678, ,CFS
SHA,H,76,INFLOW,20090811,1300,4082, ,CFS
SHA,H,76,INFLOW,20090811,1400,4252, ,CFS
SHA,H,76,INFLOW,20090811,1500,4690, ,CFS
SHA,H,76,INFLOW,20090811,1600,4088, ,CFS
SHA,H,76,INFLOW,20090811,1700,5941, ,CFS
SHA,H,76,INFLOW,20090811,1800,5843, ,CFS
SHA,H,76,INFLOW,20090811,1900,8042, ,CFS
SHA,H,76,INFLOW,20090811,2000,1484, ,CFS
SHA,H,76,INFLOW,20090811,2100,3965, ,CFS
SHA,H,76,INFLOW,20090811,2200,8039, ,CFS
SHA,H,76,INFLOW,20090811,2300,1782, ,CFS
SHA,H,76,INFLOW,20090812,0000,-1467, ,CFS
SHA,H,76,INFLOW,20090812,0100,6191, ,CFS
SHA,H,76,INFLOW,20090812,0200,1947, ,CFS
SHA,H,76,INFLOW,20090812,0300,1987, ,CFS
SHA,H,76,INFLOW,20090812,0400,1257, ,CFS
SHA,H,76,INFLOW,20090812,0500,1700, ,CFS
SHA,H,76,INFLOW,20090812,0600,4077, ,CFS
SHA,H,76,INFLOW,20090812,0700,948, ,CFS
SHA,H,76,INFLOW,20090812,0800,-3326, ,CFS
SHA,H,76,INFLOW,20090812,0900,4346, ,CFS
SHA,H,76,INFLOW,20090812,1000,-3157, ,CFS
SHA,H,76,INFLOW,20090812,1100,3301, ,CFS
SHA,H,76,INFLOW,20090812,1200,2056, ,CFS
SHA,H,76,INFLOW,20090812,1300,3173, ,CFS
SHA,H,76,INFLOW,20090812,1400,7761, ,CFS
SHA,H,76,INFLOW,20090812,1500,3253, ,CFS
SHA,H,76,INFLOW,20090812,1600,5583, ,CFS
SHA,H,76,INFLOW,20090812,1700,5110, ,CFS
SHA,H,76,INFLOW,20090812,1800,10325, ,CFS
SHA,H,76,INFLOW,20090812,1900,7611, ,CFS
SHA,H,76,INFLOW,20090812,2000,7355, ,CFS
SHA,H,76,INFLOW,20090812,2100,-966, ,CFS
SHA,H,76,INFLOW,20090812,2200,3658, ,CFS
SHA,H,76,INFLOW,20090812,2300,5423, ,CFS
SHA,H,76,INFLOW,20090813,0000,552, ,CFS
SHA,H,76,INFLOW,20090813,0100,1881, ,CFS
SHA,H,76,INFLOW,20090813,0200,1371, ,CFS
SHA,H,76,INFLOW,20090813,0300,1337, ,CFS
SHA,H,76,INFLOW,20090813,0400,1332, ,CFS
SHA,H,76,INFLOW,20090813,0500,1298, ,CFS
SHA,H,76,INFLOW,20090813,0600,-668, ,CFS
SHA,H,76,INFLOW,20090813,0700,3635, ,CFS
SHA,H,76,INFLOW,20090813,0800,143, ,CFS
SHA,H,76,INFLOW,20090813,0900,2405, ,CFS
SHA,H,76,INFLOW,20090813,1000,592, ,CFS
SHA,H,76,INFLOW,20090813,1100,2730, ,CFS
SHA,H,76,INFLOW,20090813,1200,2215, ,CFS
SHA,H,76,INFLOW,20090813,1300,109, ,CFS
SHA,H,76,INFLOW,20090813,1400,3228, ,CFS
SHA,H,76,INFLOW,20090813,1500,5680, ,CFS
SHA,H,76,INFLOW,20090813,1600,9855, ,CFS
SHA,H,76,INFLOW,20090813,1700,5439, ,CFS
SHA,H,76,INFLOW,20090813,1800,8596, ,CFS
SHA,H,76,INFLOW,20090813,1900,5223, ,CFS
SHA,H,76,INFLOW,20090813,2000,6386, ,CFS
SHA,H,76,INFLOW,20090813,2100,4624, ,CFS
SHA,H,76,INFLOW,20090813,2200,4150, ,CFS
SHA,H,76,INFLOW,20090813,2300,2456, ,CFS
SHA,H,76,INFLOW,20090814,0000,-927, ,CFS
SHA,H,76,INFLOW,20090814,0100,2592, ,CFS
SHA,H,76,INFLOW,20090814,0200,-569, ,CFS
SHA,H,76,INFLOW,20090814,0300,-1281, ,CFS
SHA,H,76,INFLOW,20090814,0400,2886, ,CFS
SHA,H,76,INFLOW,20090814,0500,-1092, ,CFS
SHA,H,76,INFLOW,20090814,0600,1988, ,CFS
SHA,H,76,INFLOW,20090814,0700,2831, ,CFS
SHA,H,76,INFLOW,20090814,0800,-908, ,CFS
SHA,H,76,INFLOW,20090814,0900,4856, ,CFS
SHA,H,76,INFLOW,20090814,1000,111, ,CFS
SHA,H,76,INFLOW,20090814,1100,-572, ,CFS
SHA,H,76,INFLOW,20090814,1200,1474, ,CFS
SHA,H,76,INFLOW,20090814,1300,-2140, ,CFS
SHA,H,76,INFLOW,20090814,1400,9225, ,CFS
SHA,H,76,INFLOW,20090814,1500,5746, ,CFS
SHA,H,76,INFLOW,20090814,1600,6042, ,CFS
SHA,H,76,INFLOW,20090814,1700,5602, ,CFS
SHA,H,76,INFLOW,20090814,1800,7529, ,CFS
SHA,H,76,INFLOW,20090814,1900,3491, ,CFS
SHA,H,76,INFLOW,20090814,2000,9526, ,CFS
SHA,H,76,INFLOW,20090814,2100,1035, ,CFS
SHA,H,76,INFLOW,20090814,2200,2717, ,CFS
SHA,H,76,INFLOW,20090814,2300,5018, ,CFS
SHA,H,76,INFLOW,20090815,0000,-1771, ,CFS
SHA,H,76,INFLOW,20090815,0100,4021, ,CFS
SHA,H,76,INFLOW,20090815,0200,-668, ,CFS
SHA,H,76,INFLOW,20090815,0300,3194, ,CFS
SHA,H,76,INFLOW,20090815,0400,2683, ,CFS
SHA,H,76,INFLOW,20090815,0500,-2673, ,CFS
SHA,H,76,INFLOW,20090815,0600,3285, ,CFS
SHA,H,76,INFLOW,20090815,0700,-1115, ,CFS
SHA,H,76,INFLOW,20090815,0800,3318, ,CFS
SHA,H,76,INFLOW,20090815,0900,-729, ,CFS
SHA,H,76,INFLOW,20090815,1000,2187, ,CFS
SHA,H,76,INFLOW,20090815,1100,-2052, ,CFS
SHA,H,76,INFLOW,20090815,1200,3980, ,CFS
SHA,H,76,INFLOW,20090815,1300,-75, ,CFS
SHA,H,76,INFLOW,20090815,1400,9241, ,CFS
SHA,H,76,INFLOW,20090815,1500,3663, ,CFS
SHA,H,76,INFLOW,20090815,1600,5997, ,CFS
SHA,H,76,INFLOW,20090815,1700,9461, ,CFS
SHA,H,76,INFLOW,20090815,1800,4980, ,CFS
SHA,H,76,INFLOW,20090815,1900,7039, ,CFS
SHA,H,76,INFLOW,20090815,2000,7400, ,CFS
SHA,H,76,INFLOW,20090815,2100,5136, ,CFS
SHA,H,76,INFLOW,20090815,2200,2745, ,CFS
SHA,H,76,INFLOW,20090815,2300,8690, ,CFS
SHA,H,76,INFLOW,20090816,0000,-448, ,CFS
SHA,H,76,INFLOW,20090816,0100,1990, ,CFS
SHA,H,76,INFLOW,20090816,0200,435, ,CFS
SHA,H,76,INFLOW,20090816,0300,-2611, ,CFS
SHA,H,76,INFLOW,20090816,0400,852, ,CFS
SHA,H,76,INFLOW,20090816,0500,2785, ,CFS
SHA,H,76,INFLOW,20090816,0600,466, ,CFS
SHA,H,76,INFLOW,20090816,0700,610, ,CFS
SHA,H,76,INFLOW,20090816,0800,1898, ,CFS
SHA,H,76,INFLOW,20090816,0900,-3597, ,CFS
SHA,H,76,INFLOW,20090816,1000,2556, ,CFS
SHA,H,76,INFLOW,20090816,1100,-2623, ,CFS
SHA,H,76,INFLOW,20090816,1200,2654, ,CFS
SHA,H,76,INFLOW,20090816,1300,651, ,CFS
SHA,H,76,INFLOW,20090816,1400,5872, ,CFS
SHA,H,76,INFLOW,20090816,1500,4198, ,CFS
SHA,H,76,INFLOW,20090816,1600,7124, ,CFS
SHA,H,76,INFLOW,20090816,1700,7160, ,CFS
SHA,H,76,INFLOW,20090816,1800,5484, ,CFS
SHA,H,76,INFLOW,20090816,1900,8458, ,CFS
SHA,H,76,INFLOW,20090816,2000,9527, ,CFS
SHA,H,76,INFLOW,20090816,2100,3223, ,CFS
SHA,H,76,INFLOW,20090816,2200,5340, ,CFS
SHA,H,76,INFLOW,20090816,2300,6940, ,CFS
SHA,H,76,INFLOW,20090817,0000,-2357, ,CFS
SHA,H,76,INFLOW,20090817,0100,-29, ,CFS
SHA,H,76,INFLOW,20090817,0200,1618, ,CFS
SHA,H,76,INFLOW,20090817,0300,-204, ,CFS
SHA,H,76,INFLOW,20090817,0400,1788, ,CFS
SHA,H,76,INFLOW,20090817,0500,1768, ,CFS
SHA,H,76,INFLOW,20090817,0600,-73, ,CFS
SHA,H,76,INFLOW,20090817,0700,2572, ,CFS
SHA,H,76,INFLOW,20090817,0800,1320, ,CFS
SHA,H,76,INFLOW,20090817,0900,-2915, ,CFS
SHA,H,76,INFLOW,20090817,1000,1108, ,CFS
SHA,H,76,INFLOW,20090817,1100,2210, ,CFS
SHA,H,76,INFLOW,20090817,1200,15, ,CFS
SHA,H,76,INFLOW,20090817,1300,5101, ,CFS
SHA,H,76,INFLOW,20090817,1400,2120, ,CFS
SHA,H,76,INFLOW,20090817,1500,6663, ,CFS
SHA,H,76,INFLOW,20090817,1600,6078, ,CFS
SHA,H,76,INFLOW,20090817,1700,5477, ,CFS
SHA,H,76,INFLOW,20090817,1800,5442, ,CFS
SHA,H,76,INFLOW,20090817,1900,9506, ,CFS
SHA,H,76,INFLOW,20090817,2000,4998, ,CFS
SHA,H,76,INFLOW,20090817,2100,6916, ,CFS
SHA,H,76,INFLOW,20090817,2200,2663, ,CFS
SHA,H,76,INFLOW,20090817,2300,4284, ,CFS
SHA,H,76,INFLOW,20090818,0000,1357, ,CFS
SHA,H,76,INFLOW,20090818,0100,191, ,CFS
SHA,H,76,INFLOW,20090818,0200,3861, ,CFS
SHA,H,76,INFLOW,20090818,0300,273, ,CFS
SHA,H,76,INFLOW,20090818,0400,2392, ,CFS
SHA,H,76,INFLOW,20090818,0500,327, ,CFS
SHA,H,76,INFLOW,20090818,0600,1780, ,CFS
SHA,H,76,INFLOW,20090818,0700,1132, ,CFS
SHA,H,76,INFLOW,20090818,0800,-751, ,CFS
SHA,H,76,INFLOW,20090818,0900,598, ,CFS
SHA,H,76,INFLOW,20090818,1000,-349, ,CFS
SHA,H,76,INFLOW,20090818,1100,-653, ,CFS
SHA,H,76,INFLOW,20090818,1200,404, ,CFS
SHA,H,76,INFLOW,20090818,1300,349, ,CFS
SHA,H,76,INFLOW,20090818,1400,7139, ,CFS
SHA,H,76,INFLOW,20090818,1500,6933, ,CFS
SHA,H,76,INFLOW,20090818,1600,4913, ,CFS
SHA,H,76,INFLOW,20090818,1700,7495, ,CFS
SHA,H,76,INFLOW,20090818,1800,5570, ,CFS
SHA,H,76,INFLOW,20090818,1900,5112, ,CFS
SHA,H,76,INFLOW,20090818,2000,5783, ,CFS
SHA,H,76,INFLOW,20090818,2100,10700, ,CFS
SHA,H,76,INFLOW,20090818,2200,4169, ,CFS
SHA,H,76,INFLOW,20090818,2300,3026, ,CFS
SHA,H,76,INFLOW,20090819,0000,-1324, ,CFS
SHA,H,76,INFLOW,20090819,0100,1339, ,CFS
SHA,H,76,INFLOW,20090819,0200,2908, ,CFS
SHA,H,76,INFLOW,20090819,0300,745, ,CFS
SHA,H,76,INFLOW,20090819,0400,-1539, ,CFS
SHA,H,76,INFLOW,20090819,0500,2742, ,CFS
SHA,H,76,INFLOW,20090819,0600,-1414, ,CFS
SHA,H,76,INFLOW,20090819,0700,2187, ,CFS
SHA,H,76,INFLOW,20090819,0800,77, ,CFS
SHA,H,76,INFLOW,20090819,0900,-737, ,CFS
SHA,H,76,INFLOW,20090819,1000,2742, ,CFS
SHA,H,76,INFLOW,20090819,1100,-254, ,CFS
SHA,H,76,INFLOW,20090819,1200,287, ,CFS
SHA,H,76,INFLOW,20090819,1300,2757, ,CFS
SHA,H,76,INFLOW,20090819,1400,6191, ,CFS
SHA,H,76,INFLOW,20090819,1500,5536, ,CFS
SHA,H,76,INFLOW,20090819,1600,3873, ,CFS
SHA,H,76,INFLOW,20090819,1700,10046, ,CFS
SHA,H,76,INFLOW,20090819,1800,7882, ,CFS
SHA,H,76,INFLOW,20090819,1900,6715, ,CFS
SHA,H,76,INFLOW,20090819,2000,2259, ,CFS
SHA,H,76,INFLOW,20090819,2100,6592, ,CFS
SHA,H,76,INFLOW,20090819,2200,5478, ,CFS
SHA,H,76,INFLOW,20090819,2300,1774, ,CFS
SHA,H,76,INFLOW,20090820,0000,161, ,CFS
SHA,H,76,INFLOW,20090820,0100,2196, ,CFS
SHA,H,76,INFLOW,20090820,0200,2293, ,CFS
SHA,H,76,INFLOW,20090820,0300,-144, ,CFS
SHA,H,76,INFLOW,20090820,0400,1907, ,CFS
SHA,H,76,INFLOW,20090820,0500,2028, ,CFS
SHA,H,76,INFLOW,20090820,0600,-1969, ,CFS
SHA,H,76,INFLOW,20090820,0700,3278, ,CFS
SHA,H,76,INFLOW,20090820,0800,-987, ,CFS
SHA,H,76,INFLOW,20090820,0900,357, ,CFS
SHA,H,76,INFLOW,20090820,1000,181, ,CFS
SHA,H,76,INFLOW,20090820,1100,2601, ,CFS
SHA,H,76,INFLOW,20090820,1200,-301, ,CFS
SHA,H,76,INFLOW,20090820,1300,3814, ,CFS
SHA,H,76,INFLOW,20090820,1400,7069, ,CFS
SHA,H,76,INFLOW,20090820,1500,5289, ,CFS
SHA,H,76,INFLOW,20090820,1600,3436, ,CFS
SHA,H,76,INFLOW,20090820,1700,7270, ,CFS
SHA,H,76,INFLOW,20090820,1800,6924, ,CFS
SHA,H,76,INFLOW,20090820,1900,6749, ,CFS
SHA,H,76,INFLOW,20090820,2000,4840, ,CFS
SHA,H,76,INFLOW,20090820,2100,6104, ,CFS
SHA,H,76,INFLOW,20090820,2200,3343, ,CFS
SHA,H,76,INFLOW,20090820,2300,6932, ,CFS
SHA,H,76,INFLOW,20090821,0000,-2175, ,CFS
SHA,H,76,INFLOW,20090821,0100,6034, ,CFS
SHA,H,76,INFLOW,20090821,0200,-3084, ,CFS
SHA,H,76,INFLOW,20090821,0300,3321, ,CFS
SHA,H,76,INFLOW,20090821,0400,984, ,CFS
SHA,H,76,INFLOW,20090821,0500,1133, ,CFS
SHA,H,76,INFLOW,20090821,0600,1841, ,CFS
SHA,H,76,INFLOW,20090821,0700,-2909, ,CFS
SHA,H,76,INFLOW,20090821,0800,-375, ,CFS
SHA,H,76,INFLOW,20090821,0900,-1254, ,CFS
SHA,H,76,INFLOW,20090821,1000,2308, ,CFS
SHA,H,76,INFLOW,20090821,1100,-1017, ,CFS
SHA,H,76,INFLOW,20090821,1200,2712, ,CFS
SHA,H,76,INFLOW,20090821,1300,3493, ,CFS
SHA,H,76,INFLOW,20090821,1400,276, ,CFS
SHA,H,76,INFLOW,20090821,1500,9621, ,CFS
SHA,H,76,INFLOW,20090821,1600,3338, ,CFS
SHA,H,76,INFLOW,20090821,1700,9158, ,CFS
SHA,H,76,INFLOW,20090821,1800,4288, ,CFS
SHA,H,76,INFLOW,20090821,1900,7926, ,CFS
SHA,H,76,INFLOW,20090821,2000,1806, ,CFS
SHA,H,76,INFLOW,20090821,2100,7366, ,CFS
SHA,H,76,INFLOW,20090821,2200,4034, ,CFS
SHA,H,76,INFLOW,20090821,2300,4915, ,CFS
SHA,H,76,INFLOW,20090822,0000,-367, ,CFS
SHA,H,76,INFLOW,20090822,0100,3507, ,CFS
SHA,H,76,INFLOW,20090822,0200,-622, ,CFS
SHA,H,76,INFLOW,20090822,0300,3559, ,CFS
SHA,H,76,INFLOW,20090822,0400,1565, ,CFS
SHA,H,76,INFLOW,20090822,0500,-569, ,CFS
SHA,H,76,INFLOW,20090822,0600,-527, ,CFS
SHA,H,76,INFLOW,20090822,0700,2103, ,CFS
SHA,H,76,INFLOW,20090822,0800,-1907, ,CFS
SHA,H,76,INFLOW,20090822,0900,3556, ,CFS
SHA,H,76,INFLOW,20090822,1000,-3486, ,CFS
SHA,H,76,INFLOW,20090822,1100,1108, ,CFS
SHA,H,76,INFLOW,20090822,1200,2092, ,CFS
SHA,H,76,INFLOW,20090822,1300,-380, ,CFS
SHA,H,76,INFLOW,20090822,1400,6062, ,CFS
SHA,H,76,INFLOW,20090822,1500,6611, ,CFS
SHA,H,76,INFLOW,20090822,1600,9263, ,CFS
SHA,H,76,INFLOW,20090822,1700,3121, ,CFS
SHA,H,76,INFLOW,20090822,1800,5076, ,CFS
SHA,H,76,INFLOW,20090822,1900,6331, ,CFS
SHA,H,76,INFLOW,20090822,2000,5267, ,CFS
SHA,H,76,INFLOW,20090822,2100,5364, ,CFS
SHA,H,76,INFLOW,20090822,2200,3071, ,CFS
SHA,H,76,INFLOW,20090822,2300,-167, ,CFS
SHA,H,76,INFLOW,20090823,0000,4756, ,CFS
SHA,H,76,INFLOW,20090823,0100,2739, ,CFS
SHA,H,76,INFLOW,20090823,0200,-983, ,CFS
SHA,H,76,INFLOW,20090823,0300,3178, ,CFS
SHA,H,76,INFLOW,20090823,0400,922, ,CFS
SHA,H,76,INFLOW,20090823,0500,835, ,CFS
SHA,H,76,INFLOW,20090823,0600,998, ,CFS
SHA,H,76,INFLOW,20090823,0700,1828, ,CFS
SHA,H,76,INFLOW,20090823,0800,-220, ,CFS
SHA,H,76,INFLOW,20090823,0900,658, ,CFS
SHA,H,76,INFLOW,20090823,1000,276, ,CFS
SHA,H,76,INFLOW,20090823,1100,1232, ,CFS
SHA,H,76,INFLOW,20090823,1200,-138, ,CFS
SHA,H,76,INFLOW,20090823,1300,1996, ,CFS
SHA,H,76,INFLOW,20090823,1400,5562, ,CFS
SHA,H,76,INFLOW,20090823,1500,2101, ,CFS
SHA,H,76,INFLOW,20090823,1600,9173, ,CFS
SHA,H,76,INFLOW,20090823,1700,1397, ,CFS
SHA,H,76,INFLOW,20090823,1800,9792, ,CFS
SHA,H,76,INFLOW,20090823,1900,4847, ,CFS
SHA,H,76,INFLOW,20090823,2000,3394, ,CFS
SHA,H,76,INFLOW,20090823,2100,8609, ,CFS
SHA,H,76,INFLOW,20090823,2200,4810, ,CFS
SHA,H,76,INFLOW,20090823,2300,1744, ,CFS
SHA,H,76,INFLOW,20090824,0000,805, ,CFS
SHA,H,76,INFLOW,20090824,0100,3776, ,CFS
SHA,H,76,INFLOW,20090824,0200,442, ,CFS
SHA,H,76,INFLOW,20090824,0300,2458, ,CFS
SHA,H,76,INFLOW,20090824,0400,167, ,CFS
SHA,H,76,INFLOW,20090824,0500,675, ,CFS
SHA,H,76,INFLOW,20090824,0600,1213, ,CFS
SHA,H,76,INFLOW,20090824,0700,688, ,CFS
SHA,H,76,INFLOW,20090824,0800,562, ,CFS
SHA,H,76,INFLOW,20090824,0900,-1890, ,CFS
SHA,H,76,INFLOW,20090824,1000,-1549, ,CFS
SHA,H,76,INFLOW,20090824,1100,1381, ,CFS
SHA,H,76,INFLOW,20090824,1200,3177, ,CFS
SHA,H,76,INFLOW,20090824,1300,1224, ,CFS
SHA,H,76,INFLOW,20090824,1400,-1396, ,CFS
SHA,H,76,INFLOW,20090824,1500,4713, ,CFS
SHA,H,76,INFLOW,20090824,1600,652, ,CFS
SHA,H,76,INFLOW,20090824,1700,10537, ,CFS
SHA,H,76,INFLOW,20090824,1800,5785, ,CFS
SHA,H,76,INFLOW,20090824,1900,5316, ,CFS
SHA,H,76,INFLOW,20090824,2000,4641, ,CFS
SHA,H,76,INFLOW,20090824,2100,7709, ,CFS
SHA,H,76,INFLOW,20090824,2200,1232, ,CFS
SHA,H,76,INFLOW,20090824,2300,6308, ,CFS
SHA,H,76,INFLOW,20090825,0000,-903, ,CFS
SHA,H,76,INFLOW,20090825,0100,3731, ,CFS
SHA,H,76,INFLOW,20090825,0200,-3166, ,CFS
SHA,H,76,INFLOW,20090825,0300,4595, ,CFS
SHA,H,76,INFLOW,20090825,0400,245, ,CFS
SHA,H,76,INFLOW,20090825,0500,994, ,CFS
SHA,H,76,INFLOW,20090825,0600,-493, ,CFS
SHA,H,76,INFLOW,20090825,0700,2376, ,CFS
SHA,H,76,INFLOW,20090825,0800,241, ,CFS
SHA,H,76,INFLOW,20090825,0900,-1403, ,CFS
SHA,H,76,INFLOW,20090825,1000,577, ,CFS
SHA,H,76,INFLOW,20090825,1100,-2221, ,CFS
SHA,H,76,INFLOW,20090825,1200,4054, ,CFS
SHA,H,76,INFLOW,20090825,1300,481, ,CFS
SHA,H,76,INFLOW,20090825,1400,3524, ,CFS
SHA,H,76,INFLOW,20090825,1500,6890, ,CFS
SHA,H,76,INFLOW,20090825,1600,7097, ,CFS
SHA,H,76,INFLOW,20090825,1700,6442, ,CFS
SHA,H,76,INFLOW,20090825,1800,5810, ,CFS
SHA,H,76,INFLOW,20090825,1900,9468, ,CFS
SHA,H,76,INFLOW,20090825,2000,3534, ,CFS
SHA,H,76,INFLOW,20090825,2100,5980, ,CFS
SHA,H,76,INFLOW,20090825,2200,7059, ,CFS
SHA,H,76,INFLOW,20090825,2300,794, ,CFS
SHA,H,76,INFLOW,20090826,0000,4389, ,CFS
SHA,H,76,INFLOW,20090826,0100,-918, ,CFS
SHA,H,76,INFLOW,20090826,0200,1474, ,CFS
SHA,H,76,INFLOW,20090826,0300,1282, ,CFS
SHA,H,76,INFLOW,20090826,0400,1003, ,CFS
SHA,H,76,INFLOW,20090826,0500,3041, ,CFS
SHA,H,76,INFLOW,20090826,0600,-810, ,CFS
SHA,H,76,INFLOW,20090826,0700,2544, ,CFS
SHA,H,76,INFLOW,20090826,0800,907, ,CFS
SHA,H,76,INFLOW,20090826,0900,-517, ,CFS
SHA,H,76,INFLOW,20090826,1000,-437, ,CFS
SHA,H,76,INFLOW,20090826,1100,-1882, ,CFS
SHA,H,76,INFLOW,20090826,1200,327, ,CFS
SHA,H,76,INFLOW,20090826,1300,1503, ,CFS
SHA,H,76,INFLOW,20090826,1400,2189, ,CFS
SHA,H,76,INFLOW,20090826,1500,8091, ,CFS
SHA,H,76,INFLOW,20090826,1600,9410, ,CFS
SHA,H,76,INFLOW,20090826,1700,4600, ,CFS
SHA,H,76,INFLOW,20090826,1800,6015, ,CFS
SHA,H,76,INFLOW,20090826,1900,7624, ,CFS
SHA,H,76,INFLOW,20090826,2000,4882, ,CFS
SHA,H,76,INFLOW,20090826,2100,8006, ,CFS
SHA,H,76,INFLOW,20090826,2200,3902, ,CFS
SHA,H,76,INFLOW,20090826,2300,1995, ,CFS
SHA,H,76,INFLOW,20090827,0000,1138, ,CFS
SHA,H,76,INFLOW,20090827,0100,2957, ,CFS
SHA,H,76,INFLOW,20090827,0200,1161, ,CFS
SHA,H,76,INFLOW,20090827,0300,1342, ,CFS
SHA,H,76,INFLOW,20090827,0400,1439, ,CFS
SHA,H,76,INFLOW,20090827,0500,-388, ,CFS
SHA,H,76,INFLOW,20090827,0600,-509, ,CFS
SHA,H,76,INFLOW,20090827,0700,-717, ,CFS
SHA,H,76,INFLOW,20090827,0800,2035, ,CFS
SHA,H,76,INFLOW,20090827,0900,240, ,CFS
SHA,H,76,INFLOW,20090827,1000,-2046, ,CFS
SHA,H,76,INFLOW,20090827,1100,1800, ,CFS
SHA,H,76,INFLOW,20090827,1200,-94, ,CFS
SHA,H,76,INFLOW,20090827,1300,4208, ,CFS
SHA,H,76,INFLOW,20090827,1400,2687, ,CFS
SHA,H,76,INFLOW,20090827,1500,6875, ,CFS
SHA,H,76,INFLOW,20090827,1600,9767, ,CFS
SHA,H,76,INFLOW,20090827,1700,3770, ,CFS
SHA,H,76,INFLOW,20090827,1800,10000, ,CFS
SHA,H,76,INFLOW,20090827,1900,6982, ,CFS
SHA,H,76,INFLOW,20090827,2000,6888, ,CFS
SHA,H,76,INFLOW,20090827,2100,5334, ,CFS
SHA,H,76,INFLOW,20090827,2200,4854, ,CFS
SHA,H,76,INFLOW,20090827,2300,2787, ,CFS
SHA,H,76,INFLOW,20090828,0000,2369, ,CFS
SHA,H,76,INFLOW,20090828,0100,1442, ,CFS
SHA,H,76,INFLOW,20090828,0200,1499, ,CFS
SHA,H,76,INFLOW,20090828,0300,-516, ,CFS
SHA,H,76,INFLOW,20090828,0400,1281, ,CFS
SHA,H,76,INFLOW,20090828,0500,1235, ,CFS
SHA,H,76,INFLOW,20090828,0600,-200, ,CFS
SHA,H,76,INFLOW,20090828,0700,-344, ,CFS
SHA,H,76,INFLOW,20090828,0800,2135, ,CFS
SHA,H,76,INFLOW,20090828,0900,-1580, ,CFS
SHA,H,76,INFLOW,20090828,1000,581, ,CFS
SHA,H,76,INFLOW,20090828,1100,956, ,CFS
SHA,H,76,INFLOW,20090828,1200,1581, ,CFS
SHA,H,76,INFLOW,20090828,1300,4087, ,CFS
SHA,H,76,INFLOW,20090828,1400,5483, ,CFS
SHA,H,76,INFLOW,20090828,1500,5559, ,CFS
SHA,H,76,INFLOW,20090828,1600,5546, ,CFS
SHA,H,76,INFLOW,20090828,1700,5416, ,CFS
SHA,H,76,INFLOW,20090828,1800,5320, ,CFS
SHA,H,76,INFLOW,20090828,1900,7022, ,CFS
SHA,H,76,INFLOW,20090828,2000,7096, ,CFS
SHA,H,76,INFLOW,20090828,2100,7165, ,CFS
SHA,H,76,INFLOW,20090828,2200,3631, ,CFS
SHA,H,76,INFLOW,20090828,2300,5158, ,CFS
SHA,H,76,INFLOW,20090829,0000,1053, ,CFS
SHA,H,76,INFLOW,20090829,0100,753, ,CFS
SHA,H,76,INFLOW,20090829,0200,314, ,CFS
SHA,H,76,INFLOW,20090829,0300,2459, ,CFS
SHA,H,76,INFLOW,20090829,0400,-388, ,CFS
SHA,H,76,INFLOW,20090829,0500,1333, ,CFS
SHA,H,76,INFLOW,20090829,0600,-339, ,CFS
SHA,H,76,INFLOW,20090829,0700,3680, ,CFS
SHA,H,76,INFLOW,20090829,0800,177, ,CFS
SHA,H,76,INFLOW,20090829,0900,384, ,CFS
SHA,H,76,INFLOW,20090829,1000,-1659, ,CFS
SHA,H,76,INFLOW,20090829,1100,-118, ,CFS
SHA,H,76,INFLOW,20090829,1200,1289, ,CFS
SHA,H,76,INFLOW,20090829,1300,3143, ,CFS
SHA,H,76,INFLOW,20090829,1400,-604, ,CFS
SHA,H,76,INFLOW,20090829,1500,2251, ,CFS
SHA,H,76,INFLOW,20090829,1600,9373, ,CFS
SHA,H,76,INFLOW,20090829,1700,7208, ,CFS
SHA,H,76,INFLOW,20090829,1800,4609, ,CFS
SHA,H,76,INFLOW,20090829,1900,4420, ,CFS
SHA,H,76,INFLOW,20090829,2000,8268, ,CFS
SHA,H,76,INFLOW,20090829,2100,6112, ,CFS
SHA,H,76,INFLOW,20090829,2200,7146, ,CFS
SHA,H,76,INFLOW,20090829,2300,5136, ,CFS
SHA,H,76,INFLOW,20090830,0000,-1865, ,CFS
SHA,H,76,INFLOW,20090830,0100,1588, ,CFS
SHA,H,76,INFLOW,20090830,0200,1329, ,CFS
SHA,H,76,INFLOW,20090830,0300,-1014, ,CFS
SHA,H,76,INFLOW,20090830,0400,3541, ,CFS
SHA,H,76,INFLOW,20090830,0500,1472, ,CFS
SHA,H,76,INFLOW,20090830,0600,-4248, ,CFS
SHA,H,76,INFLOW,20090830,0700,4915, ,CFS
SHA,H,76,INFLOW,20090830,0800,-2874, ,CFS
SHA,H,76,INFLOW,20090830,0900,927, ,CFS
SHA,H,76,INFLOW,20090830,1000,612, ,CFS
SHA,H,76,INFLOW,20090830,1100,-546, ,CFS
SHA,H,76,INFLOW,20090830,1200,2981, ,CFS
SHA,H,76,INFLOW,20090830,1300,2913, ,CFS
SHA,H,76,INFLOW,20090830,1400,1026, ,CFS
SHA,H,76,INFLOW,20090830,1500,8908, ,CFS
SHA,H,76,INFLOW,20090830,1600,6013, ,CFS
SHA,H,76,INFLOW,20090830,1700,4019, ,CFS
SHA,H,76,INFLOW,20090830,1800,9948, ,CFS
SHA,H,76,INFLOW,20090830,1900,6025, ,CFS
SHA,H,76,INFLOW,20090830,2000,4469, ,CFS
SHA,H,76,INFLOW,20090830,2100,7252, ,CFS
SHA,H,76,INFLOW,20090830,2200,4266, ,CFS
SHA,H,76,INFLOW,20090830,2300,5441, ,CFS
SHA,H,76,INFLOW,20090831,0000,-847, ,CFS
SHA,H,76,INFLOW,20090831,0100,1523, ,CFS
SHA,H,76,INFLOW,20090831,0200,1392, ,CFS
SHA,H,76,INFLOW,20090831,0300,-389, ,CFS
SHA,H,76,INFLOW,20090831,0400,2067, ,CFS
SHA,H,76,INFLOW,20090831,0500,263, ,CFS
SHA,H,76,INFLOW,20090831,0600,1617, ,CFS
SHA,H,76,INFLOW,20090831,0700,1683, ,CFS
SHA,H,76,INFLOW,20090831,0800,-960, ,CFS
SHA,H,76,INFLOW,20090831,0900,3060, ,CFS
SHA,H,76,INFLOW,20090831,1000,-3122, ,CFS
SHA,H,76,INFLOW,20090831,1100,1848, ,CFS
SHA,H,76,INFLOW,20090831,1200,1665, ,CFS
SHA,H,76,INFLOW,20090831,1300,2015, ,CFS
SHA,H,76,INFLOW,20090831,1400,1908, ,CFS
SHA,H,76,INFLOW,20090831,1500,9788, ,CFS
SHA,H,76,INFLOW,20090831,1600,5341, ,CFS
SHA,H,76,INFLOW,20090831,1700,7096, ,CFS
SHA,H,76,INFLOW,20090831,1800,7201, ,CFS
SHA,H,76,INFLOW,20090831,1900,7158, ,CFS
SHA,H,76,INFLOW,20090831,2000,6532, ,CFS
SHA,H,76,INFLOW,20090831,2100,8159, ,CFS
SHA,H,76,INFLOW,20090831,2200,962, ,CFS
SHA,H,76,INFLOW,20090831,2300,6256, ,CFS
SHA,H,76,INFLOW,20090901,0000,1244, ,CFS
SHA,H,76,INFLOW,20090901,0100,522, ,CFS
SHA,H,76,INFLOW,20090901,0200,2052, ,CFS
SHA,H,76,INFLOW,20090901,0300,149, ,CFS
SHA,H,76,INFLOW,20090901,0400,1899, ,CFS
SHA,H,76,INFLOW,20090901,0500,1489, ,CFS
SHA,H,76,INFLOW,20090901,0600,-517, ,CFS
SHA,H,76,INFLOW,20090901,0700,2151, ,CFS
SHA,H,76,INFLOW,20090901,0800,368, ,CFS
SHA,H,76,INFLOW,20090901,0900,153, ,CFS
SHA,H,76,INFLOW,20090901,1000,465, ,CFS
SHA,H,76,INFLOW,20090901,1100,-987, ,CFS
SHA,H,76,INFLOW,20090901,1200,7119, ,CFS
SHA,H,76,INFLOW,20090901,1300,4728, ,CFS
SHA,H,76,INFLOW,20090901,1400,2911, ,CFS
SHA,H,76,INFLOW,20090901,1500,5051, ,CFS
SHA,H,76,INFLOW,20090901,1600,51, ,CFS
SHA,H,76,INFLOW,20090901,1700,6431, ,CFS
SHA,H,76,INFLOW,20090901,1800,1999, ,CFS
SHA,H,76,INFLOW,20090901,1900,3208, ,CFS
SHA,H,76,INFLOW,20090901,2000,3338, ,CFS
SHA,H,76,INFLOW,20090901,2100,6662, ,CFS
SHA,H,76,INFLOW,20090901,2200,2021, ,CFS
SHA,H,76,INFLOW,20090901,2300,1483, ,CFS
SHA,H,76,INFLOW,20090902,0000,5685, ,CFS
SHA,H,76,INFLOW,20090902,0100,3922, ,CFS
SHA,H,76,INFLOW,20090902,0200,1395, ,CFS
SHA,H,76,INFLOW,20090902,0300,3280, ,CFS
SHA,H,76,INFLOW,20090902,0400,-1246, ,CFS
SHA,H,76,INFLOW,20090902,0500,604, ,CFS
SHA,H,76,INFLOW,20090902,0600,-34, ,CFS
SHA,H,76,INFLOW,20090902,0700,471, ,CFS
SHA,H,76,INFLOW,20090902,0800,2504, ,CFS
SHA,H,76,INFLOW,20090902,0900,226, ,CFS
SHA,H,76,INFLOW,20090902,1000,-471, ,CFS
SHA,H,76,INFLOW,20090902,1100,6020, ,CFS
SHA,H,76,INFLOW,20090902,1200,6267, ,CFS
SHA,H,76,INFLOW,20090902,1300,2920, ,CFS
SHA,H,76,INFLOW,20090902,1400,6197, ,CFS
SHA,H,76,INFLOW,20090902,1500,6437, ,CFS
SHA,H,76,INFLOW,20090902,1600,2730, ,CFS
SHA,H,76,INFLOW,20090902,1700,6932, ,CFS
SHA,H,76,INFLOW,20090902,1800,7526, ,CFS
SHA,H,76,INFLOW,20090902,1900,4625, ,CFS
SHA,H,76,INFLOW,20090902,2000,4463, ,CFS
SHA,H,76,INFLOW,20090902,2100,5428, ,CFS
SHA,H,76,INFLOW,20090902,2200,4613, ,CFS
SHA,H,76,INFLOW,20090902,2300,4451, ,CFS
SHA,H,76,INFLOW,20090903,0000,232, ,CFS
SHA,H,76,INFLOW,20090903,0100,1191, ,CFS
SHA,H,76,INFLOW,20090903,0200,3110, ,CFS
SHA,H,76,INFLOW,20090903,0300,916, ,CFS
SHA,H,76,INFLOW,20090903,0400,323, ,CFS
SHA,H,76,INFLOW,20090903,0500,2348, ,CFS
SHA,H,76,INFLOW,20090903,0600,-2759, ,CFS
SHA,H,76,INFLOW,20090903,0700,3070, ,CFS
SHA,H,76,INFLOW,20090903,0800,-637, ,CFS
SHA,H,76,INFLOW,20090903,0900,-562, ,CFS
SHA,H,76,INFLOW,20090903,1000,740, ,CFS
SHA,H,76,INFLOW,20090903,1100,216, ,CFS
SHA,H,76,INFLOW,20090903,1200,1714, ,CFS
SHA,H,76,INFLOW,20090903,1300,4348, ,CFS
SHA,H,76,INFLOW,20090903,1400,-109, ,CFS
SHA,H,76,INFLOW,20090903,1500,7944, ,CFS
SHA,H,76,INFLOW,20090903,1600,8355, ,CFS
SHA,H,76,INFLOW,20090903,1700,2318, ,CFS
SHA,H,76,INFLOW,20090903,1800,6060, ,CFS
SHA,H,76,INFLOW,20090903,1900,7201, ,CFS
SHA,H,76,INFLOW,20090903,2000,4686, ,CFS
SHA,H,76,INFLOW,20090903,2100,8474, ,CFS
SHA,H,76,INFLOW,20090903,2200,4397, ,CFS
SHA,H,76,INFLOW,20090903,2300,8236, ,CFS
SHA,H,76,INFLOW,20090904,0000,-1570, ,CFS
SHA,H,76,INFLOW,20090904,0100,5210, ,CFS
SHA,H,76,INFLOW,20090904,0200,-1230, ,CFS
SHA,H,76,INFLOW,20090904,0300,2667, ,CFS
SHA,H,76,INFLOW,20090904,0400,254, ,CFS
SHA,H,76,INFLOW,20090904,0500,-1687, ,CFS
SHA,H,76,INFLOW,20090904,0600,2000, ,CFS
SHA,H,76,INFLOW,20090904,0700,1932, ,CFS
SHA,H,76,INFLOW,20090904,0800,-2095, ,CFS
SHA,H,76,INFLOW,20090904,0900,2966, ,CFS
SHA,H,76,INFLOW,20090904,1000,-821, ,CFS
SHA,H,76,INFLOW,20090904,1100,-787, ,CFS
SHA,H,76,INFLOW,20090904,1200,4246, ,CFS
SHA,H,76,INFLOW,20090904,1300,1808, ,CFS
SHA,H,76,INFLOW,20090904,1400,4973, ,CFS
SHA,H,76,INFLOW,20090904,1500,6075, ,CFS
SHA,H,76,INFLOW,20090904,1600,8681, ,CFS
SHA,H,76,INFLOW,20090904,1700,6602, ,CFS
SHA,H,76,INFLOW,20090904,1800,4066, ,CFS
SHA,H,76,INFLOW,20090904,1900,9414, ,CFS
SHA,H,76,INFLOW,20090904,2000,2015, ,CFS
SHA,H,76,INFLOW,20090904,2100,5668, ,CFS
SHA,H,76,INFLOW,20090904,2200,4742, ,CFS
SHA,H,76,INFLOW,20090904,2300,6179, ,CFS
SHA,H,76,INFLOW,20090905,0000,-1109, ,CFS
SHA,H,76,INFLOW,20090905,0100,1858, ,CFS
SHA,H,76,INFLOW,20090905,0200,2792, ,CFS
SHA,H,76,INFLOW,20090905,0300,506, ,CFS
SHA,H,76,INFLOW,20090905,0400,215, ,CFS
SHA,H,76,INFLOW,20090905,0500,125, ,CFS
SHA,H,76,INFLOW,20090905,0600,4599, ,CFS
SHA,H,76,INFLOW,20090905,0700,1865, ,CFS
SHA,H,76,INFLOW,20090905,0800,2272, ,CFS
SHA,H,76,INFLOW,20090905,0900,-1224, ,CFS
SHA,H,76,INFLOW,20090905,1000,1233, ,CFS
SHA,H,76,INFLOW,20090905,1100,565, ,CFS
SHA,H,76,INFLOW,20090905,1200,1842, ,CFS
SHA,H,76,INFLOW,20090905,1300,1808, ,CFS
SHA,H,76,INFLOW,20090905,1400,4758, ,CFS
SHA,H,76,INFLOW,20090905,1500,3809, ,CFS
SHA,H,76,INFLOW,20090905,1600,6511, ,CFS
SHA,H,76,INFLOW,20090905,1700,6528, ,CFS
SHA,H,76,INFLOW,20090905,1800,6015, ,CFS
SHA,H,76,INFLOW,20090905,1900,4883, ,CFS
SHA,H,76,INFLOW,20090905,2000,2919, ,CFS
SHA,H,76,INFLOW,20090905,2100,6906, ,CFS
SHA,H,76,INFLOW,20090905,2200,4335, ,CFS
SHA,H,76,INFLOW,20090905,2300,5248, ,CFS
SHA,H,76,INFLOW,20090906,0000,409, ,CFS
SHA,H,76,INFLOW,20090906,0100,4311, ,CFS
SHA,H,76,INFLOW,20090906,0200,1802, ,CFS
SHA,H,76,INFLOW,20090906,0300,-669, ,CFS
SHA,H,76,INFLOW,20090906,0400,4515, ,CFS
SHA,H,76,INFLOW,20090906,0500,-1698, ,CFS
SHA,H,76,INFLOW,20090906,0600,-1795, ,CFS
SHA,H,76,INFLOW,20090906,0700,2168, ,CFS
SHA,H,76,INFLOW,20090906,0800,1636, ,CFS
SHA,H,76,INFLOW,20090906,0900,-328, ,CFS
SHA,H,76,INFLOW,20090906,1000,979, ,CFS
SHA,H,76,INFLOW,20090906,1100,1260, ,CFS
SHA,H,76,INFLOW,20090906,1200,-1218, ,CFS
SHA,H,76,INFLOW,20090906,1300,2797, ,CFS
SHA,H,76,INFLOW,20090906,1400,4660, ,CFS
SHA,H,76,INFLOW,20090906,1500,5921, ,CFS
SHA,H,76,INFLOW,20090906,1600,5995, ,CFS
SHA,H,76,INFLOW,20090906,1700,8012, ,CFS
SHA,H,76,INFLOW,20090906,1800,4003, ,CFS
SHA,H,76,INFLOW,20090906,1900,4953, ,CFS
SHA,H,76,INFLOW,20090906,2000,6323, ,CFS
SHA,H,76,INFLOW,20090906,2100,5042, ,CFS
SHA,H,76,INFLOW,20090906,2200,6043, ,CFS
SHA,H,76,INFLOW,20090906,2300,4885, ,CFS
SHA,H,76,INFLOW,20090907,0000,125, ,CFS
SHA,H,76,INFLOW,20090907,0100,3911, ,CFS
SHA,H,76,INFLOW,20090907,0200,-342, ,CFS
SHA,H,76,INFLOW,20090907,0300,1314, ,CFS
SHA,H,76,INFLOW,20090907,0400,408, ,CFS
SHA,H,76,INFLOW,20090907,0500,292, ,CFS
SHA,H,76,INFLOW,20090907,0600,1223, ,CFS
SHA,H,76,INFLOW,20090907,0700,347, ,CFS
SHA,H,76,INFLOW,20090907,0800,-363, ,CFS
SHA,H,76,INFLOW,20090907,0900,-229, ,CFS
SHA,H,76,INFLOW,20090907,1000,2063, ,CFS
SHA,H,76,INFLOW,20090907,1100,-222, ,CFS
SHA,H,76,INFLOW,20090907,1200,109, ,CFS
SHA,H,76,INFLOW,20090907,1300,-1997, ,CFS
SHA,H,76,INFLOW,20090907,1400,4074, ,CFS
SHA,H,76,INFLOW,20090907,1500,1869, ,CFS
SHA,H,76,INFLOW,20090907,1600,6379, ,CFS
SHA,H,76,INFLOW,20090907,1700,8409, ,CFS
SHA,H,76,INFLOW,20090907,1800,4356, ,CFS
SHA,H,76,INFLOW,20090907,1900,5444, ,CFS
SHA,H,76,INFLOW,20090907,2000,6739, ,CFS
SHA,H,76,INFLOW,20090907,2100,4689, ,CFS
SHA,H,76,INFLOW,20090907,2200,5456, ,CFS
SHA,H,76,INFLOW,20090907,2300,4441, ,CFS
SHA,H,76,INFLOW,20090908,0000,326, ,CFS
SHA,H,76,INFLOW,20090908,0100,3412, ,CFS
SHA,H,76,INFLOW,20090908,0200,2839, ,CFS
SHA,H,76,INFLOW,20090908,0300,580, ,CFS
SHA,H,76,INFLOW,20090908,0400,2101, ,CFS
SHA,H,76,INFLOW,20090908,0500,2091, ,CFS
SHA,H,76,INFLOW,20090908,0600,-1975, ,CFS
SHA,H,76,INFLOW,20090908,0700,2188, ,CFS
SHA,H,76,INFLOW,20090908,0800,-2286, ,CFS
SHA,H,76,INFLOW,20090908,0900,1855, ,CFS
SHA,H,76,INFLOW,20090908,1000,-1667, ,CFS
SHA,H,76,INFLOW,20090908,1100,306, ,CFS
SHA,H,76,INFLOW,20090908,1200,1258, ,CFS
SHA,H,76,INFLOW,20090908,1300,2, ,CFS
SHA,H,76,INFLOW,20090908,1400,3734, ,CFS
SHA,H,76,INFLOW,20090908,1500,4586, ,CFS
SHA,H,76,INFLOW,20090908,1600,4617, ,CFS
SHA,H,76,INFLOW,20090908,1700,4561, ,CFS
SHA,H,76,INFLOW,20090908,1800,6055, ,CFS
SHA,H,76,INFLOW,20090908,1900,7321, ,CFS
SHA,H,76,INFLOW,20090908,2000,3650, ,CFS
SHA,H,76,INFLOW,20090908,2100,6916, ,CFS
SHA,H,76,INFLOW,20090908,2200,2832, ,CFS
SHA,H,76,INFLOW,20090908,2300,4043, ,CFS
SHA,H,76,INFLOW,20090909,0000,4575, ,CFS
SHA,H,76,INFLOW,20090909,0100,774, ,CFS
SHA,H,76,INFLOW,20090909,0200,2830, ,CFS
SHA,H,76,INFLOW,20090909,0300,860, ,CFS
SHA,H,76,INFLOW,20090909,0400,71, ,CFS
SHA,H,76,INFLOW,20090909,0500,636, ,CFS
SHA,H,76,INFLOW,20090909,0600,1152, ,CFS
SHA,H,76,INFLOW,20090909,0700,-252, ,CFS
SHA,H,76,INFLOW,20090909,0800,-1059, ,CFS
SHA,H,76,INFLOW,20090909,0900,1917, ,CFS
SHA,H,76,INFLOW,20090909,1000,-2170, ,CFS
SHA,H,76,INFLOW,20090909,1100,-661, ,CFS
SHA,H,76,INFLOW,20090909,1200,2694, ,CFS
SHA,H,76,INFLOW,20090909,1300,3997, ,CFS
SHA,H,76,INFLOW,20090909,1400,3578, ,CFS
SHA,H,76,INFLOW,20090909,1500,6238, ,CFS
SHA,H,76,INFLOW,20090909,1600,6706, ,CFS
SHA,H,76,INFLOW,20090909,1700,2899, ,CFS
SHA,H,76,INFLOW,20090909,1800,7827, ,CFS
SHA,H,76,INFLOW,20090909,1900,5941, ,CFS
SHA,H,76,INFLOW,20090909,2000,5566, ,CFS
SHA,H,76,INFLOW,20090909,2100,4714, ,CFS
SHA,H,76,INFLOW,20090909,2200,7338, ,CFS
SHA,H,76,INFLOW,20090909,2300,-599, ,CFS
SHA,H,76,INFLOW,20090910,0000,2898, ,CFS
SHA,H,76,INFLOW,20090910,0100,5236, ,CFS
SHA,H,76,INFLOW,20090910,0200,3142, ,CFS
SHA,H,76,INFLOW,20090910,0300,2758, ,CFS
SHA,H,76,INFLOW,20090910,0400,1945, ,CFS
SHA,H,76,INFLOW,20090910,0500,-133, ,CFS
SHA,H,76,INFLOW,20090910,0600,2704, ,CFS
SHA,H,76,INFLOW,20090910,0700,1475, ,CFS
SHA,H,76,INFLOW,20090910,0800,-528, ,CFS
SHA,H,76,INFLOW,20090910,0900,581, ,CFS
SHA,H,76,INFLOW,20090910,1000,-566, ,CFS
SHA,H,76,INFLOW,20090910,1100,-659, ,CFS
SHA,H,76,INFLOW,20090910,1200,1898, ,CFS
SHA,H,76,INFLOW,20090910,1300,1401, ,CFS
SHA,H,76,INFLOW,20090910,1400,7857, ,CFS
SHA,H,76,INFLOW,20090910,1500,7259, ,CFS
SHA,H,76,INFLOW,20090910,1600,3387, ,CFS
SHA,H,76,INFLOW,20090910,1700,7343, ,CFS
SHA,H,76,INFLOW,20090910,1800,9312, ,CFS
SHA,H,76,INFLOW,20090910,1900,3555, ,CFS
SHA,H,76,INFLOW,20090910,2000,7255, ,CFS
SHA,H,76,INFLOW,20090910,2100,7369, ,CFS
SHA,H,76,INFLOW,20090910,2200,4844, ,CFS
SHA,H,76,INFLOW,20090910,2300,5390, ,CFS
SHA,H,76,INFLOW,20090911,0000,3108, ,CFS
SHA,H,76,INFLOW,20090911,0100,2057, ,CFS
SHA,H,76,INFLOW,20090911,0200,30, ,CFS
SHA,H,76,INFLOW,20090911,0300,1832, ,CFS
SHA,H,76,INFLOW,20090911,0400,-660, ,CFS
SHA,H,76,INFLOW,20090911,0500,1468, ,CFS
SHA,H,76,INFLOW,20090911,0600,1224, ,CFS
SHA,H,76,INFLOW,20090911,0700,-339, ,CFS
SHA,H,76,INFLOW,20090911,0800,-1912, ,CFS
SHA,H,76,INFLOW,20090911,0900,317, ,CFS
SHA,H,76,INFLOW,20090911,1000,184, ,CFS
SHA,H,76,INFLOW,20090911,1100,-202, ,CFS
SHA,H,76,INFLOW,20090911,1200,4286, ,CFS
SHA,H,76,INFLOW,20090911,1300,-1311, ,CFS
SHA,H,76,INFLOW,20090911,1400,2682, ,CFS
SHA,H,76,INFLOW,20090911,1500,6544, ,CFS
SHA,H,76,INFLOW,20090911,1600,6559, ,CFS
SHA,H,76,INFLOW,20090911,1700,6276, ,CFS
SHA,H,76,INFLOW,20090911,1800,8264, ,CFS
SHA,H,76,INFLOW,20090911,1900,4015, ,CFS
SHA,H,76,INFLOW,20090911,2000,6109, ,CFS
SHA,H,76,INFLOW,20090911,2100,5973, ,CFS
SHA,H,76,INFLOW,20090911,2200,5445, ,CFS
SHA,H,76,INFLOW,20090911,2300,4578, ,CFS
SHA,H,76,INFLOW,20090912,0000,96, ,CFS
SHA,H,76,INFLOW,20090912,0100,3019, ,CFS
SHA,H,76,INFLOW,20090912,0200,1111, ,CFS
SHA,H,76,INFLOW,20090912,0300,-486, ,CFS
SHA,H,76,INFLOW,20090912,0400,2104, ,CFS
SHA,H,76,INFLOW,20090912,0500,-2059, ,CFS
SHA,H,76,INFLOW,20090912,0600,2366, ,CFS
SHA,H,76,INFLOW,20090912,0700,1091, ,CFS
SHA,H,76,INFLOW,20090912,0800,865, ,CFS
SHA,H,76,INFLOW,20090912,0900,-5159, ,CFS
SHA,H,76,INFLOW,20090912,1000,8687, ,CFS
SHA,H,76,INFLOW,20090912,1100,-6998, ,CFS
SHA,H,76,INFLOW,20090912,1200,2949, ,CFS
SHA,H,76,INFLOW,20090912,1300,-742, ,CFS
SHA,H,76,INFLOW,20090912,1400,1078, ,CFS
SHA,H,76,INFLOW,20090912,1500,6981, ,CFS
SHA,H,76,INFLOW,20090912,1600,3053, ,CFS
SHA,H,76,INFLOW,20090912,1700,8984, ,CFS
SHA,H,76,INFLOW,20090912,1800,6873, ,CFS
SHA,H,76,INFLOW,20090912,1900,4823, ,CFS
SHA,H,76,INFLOW,20090912,2000,6757, ,CFS
SHA,H,76,INFLOW,20090912,2100,2811, ,CFS
SHA,H,76,INFLOW,20090912,2200,4811, ,CFS
SHA,H,76,INFLOW,20090912,2300,2370, ,CFS
SHA,H,76,INFLOW,20090913,0000,2184, ,CFS
SHA,H,76,INFLOW,20090913,0100,1667, ,CFS
SHA,H,76,INFLOW,20090913,0200,-832, ,CFS
SHA,H,76,INFLOW,20090913,0300,3278, ,CFS
SHA,H,76,INFLOW,20090913,0400,-2657, ,CFS
SHA,H,76,INFLOW,20090913,0500,1367, ,CFS
SHA,H,76,INFLOW,20090913,0600,1469, ,CFS
SHA,H,76,INFLOW,20090913,0700,-1326, ,CFS
SHA,H,76,INFLOW,20090913,0800,1816, ,CFS
SHA,H,76,INFLOW,20090913,0900,1679, ,CFS
SHA,H,76,INFLOW,20090913,1000,1403, ,CFS
SHA,H,76,INFLOW,20090913,1100,-803, ,CFS
SHA,H,76,INFLOW,20090913,1200,1038, ,CFS
SHA,H,76,INFLOW,20090913,1300,3148, ,CFS
SHA,H,76,INFLOW,20090913,1400,-860, ,CFS
SHA,H,76,INFLOW,20090913,1500,6582, ,CFS
SHA,H,76,INFLOW,20090913,1600,6128, ,CFS
SHA,H,76,INFLOW,20090913,1700,6454, ,CFS
SHA,H,76,INFLOW,20090913,1800,4531, ,CFS
SHA,H,76,INFLOW,20090913,1900,5249, ,CFS
SHA,H,76,INFLOW,20090913,2000,7388, ,CFS
SHA,H,76,INFLOW,20090913,2100,5140, ,CFS
SHA,H,76,INFLOW,20090913,2200,1212, ,CFS
SHA,H,76,INFLOW,20090913,2300,4075, ,CFS
SHA,H,76,INFLOW,20090914,0000,452, ,CFS
SHA,H,76,INFLOW,20090914,0100,1495, ,CFS
SHA,H,76,INFLOW,20090914,0200,3264, ,CFS
SHA,H,76,INFLOW,20090914,0300,-324, ,CFS
SHA,H,76,INFLOW,20090914,0400,1212, ,CFS
SHA,H,76,INFLOW,20090914,0500,-812, ,CFS
SHA,H,76,INFLOW,20090914,0600,1451, ,CFS
SHA,H,76,INFLOW,20090914,0700,4027, ,CFS
SHA,H,76,INFLOW,20090914,0800,37, ,CFS
SHA,H,76,INFLOW,20090914,0900,5690, ,CFS
SHA,H,76,INFLOW,20090914,1000,-131, ,CFS
SHA,H,76,INFLOW,20090914,1100,2908, ,CFS
SHA,H,76,INFLOW,20090914,1200,1210, ,CFS
SHA,H,76,INFLOW,20090914,1300,416, ,CFS
SHA,H,76,INFLOW,20090914,1400,2605, ,CFS
SHA,H,76,INFLOW,20090914,1500,4424, ,CFS
SHA,H,76,INFLOW,20090914,1600,4764, ,CFS
SHA,H,76,INFLOW,20090914,1700,2778, ,CFS
SHA,H,76,INFLOW,20090914,1800,8622, ,CFS
SHA,H,76,INFLOW,20090914,1900,4902, ,CFS
SHA,H,76,INFLOW,20090914,2000,2948, ,CFS
SHA,H,76,INFLOW,20090914,2100,4726, ,CFS
SHA,H,76,INFLOW,20090914,2200,5121, ,CFS
SHA,H,76,INFLOW,20090914,2300,2605, ,CFS
SHA,H,76,INFLOW,20090915,0000,-326, ,CFS
SHA,H,76,INFLOW,20090915,0100,1267, ,CFS
SHA,H,76,INFLOW,20090915,0200,993, ,CFS
SHA,H,76,INFLOW,20090915,0300,983, ,CFS
SHA,H,76,INFLOW,20090915,0400,985, ,CFS
SHA,H,76,INFLOW,20090915,0500,1253, ,CFS
SHA,H,76,INFLOW,20090915,0600,49, ,CFS
SHA,H,76,INFLOW,20090915,0700,1497, ,CFS
SHA,H,76,INFLOW,20090915,0800,353, ,CFS
SHA,H,76,INFLOW,20090915,0900,109, ,CFS
SHA,H,76,INFLOW,20090915,1000,-1705, ,CFS
SHA,H,76,INFLOW,20090915,1100,4294, ,CFS
SHA,H,76,INFLOW,20090915,1200,-1483, ,CFS
SHA,H,76,INFLOW,20090915,1300,458, ,CFS
SHA,H,76,INFLOW,20090915,1400,4395, ,CFS
SHA,H,76,INFLOW,20090915,1500,3921, ,CFS
SHA,H,76,INFLOW,20090915,1600,5614, ,CFS
SHA,H,76,INFLOW,20090915,1700,5629, ,CFS
SHA,H,76,INFLOW,20090915,1800,6150, ,CFS
SHA,H,76,INFLOW,20090915,1900,4782, ,CFS
SHA,H,76,INFLOW,20090915,2000,4652, ,CFS
SHA,H,76,INFLOW,20090915,2100,8748, ,CFS
SHA,H,76,INFLOW,20090915,2200,1628, ,CFS
SHA,H,76,INFLOW,20090915,2300,5584, ,CFS
SHA,H,76,INFLOW,20090916,0000,-1862, ,CFS
SHA,H,76,INFLOW,20090916,0100,2538, ,CFS
SHA,H,76,INFLOW,20090916,0200,615, ,CFS
SHA,H,76,INFLOW,20090916,0300,683, ,CFS
SHA,H,76,INFLOW,20090916,0400,760, ,CFS
SHA,H,76,INFLOW,20090916,0500,747, ,CFS
SHA,H,76,INFLOW,20090916,0600,-1029, ,CFS
SHA,H,76,INFLOW,20090916,0700,1754, ,CFS
SHA,H,76,INFLOW,20090916,0800,-1212, ,CFS
SHA,H,76,INFLOW,20090916,0900,283, ,CFS
SHA,H,76,INFLOW,20090916,1000,2501, ,CFS
SHA,H,76,INFLOW,20090916,1100,-1345, ,CFS
SHA,H,76,INFLOW,20090916,1200,766, ,CFS
SHA,H,76,INFLOW,20090916,1300,2833, ,CFS
SHA,H,76,INFLOW,20090916,1400,676, ,CFS
SHA,H,76,INFLOW,20090916,1500,6830, ,CFS
SHA,H,76,INFLOW,20090916,1600,4572, ,CFS
SHA,H,76,INFLOW,20090916,1700,4116, ,CFS
SHA,H,76,INFLOW,20090916,1800,8024, ,CFS
SHA,H,76,INFLOW,20090916,1900,4463, ,CFS
SHA,H,76,INFLOW,20090916,2000,6231, ,CFS
SHA,H,76,INFLOW,20090916,2100,6273, ,CFS
SHA,H,76,INFLOW,20090916,2200,3956, ,CFS
SHA,H,76,INFLOW,20090916,2300,4147, ,CFS
SHA,H,76,INFLOW,20090917,0000,1871, ,CFS
SHA,H,76,INFLOW,20090917,0100,-1469, ,CFS
SHA,H,76,INFLOW,20090917,0200,2398, ,CFS
SHA,H,76,INFLOW,20090917,0300,-1581, ,CFS
SHA,H,76,INFLOW,20090917,0400,2317, ,CFS
SHA,H,76,INFLOW,20090917,0500,382, ,CFS
SHA,H,76,INFLOW,20090917,0600,-1156, ,CFS
SHA,H,76,INFLOW,20090917,0700,1117, ,CFS
SHA,H,76,INFLOW,20090917,0800,1246, ,CFS
SHA,H,76,INFLOW,20090917,0900,1263, ,CFS
SHA,H,76,INFLOW,20090917,1000,-1719, ,CFS
SHA,H,76,INFLOW,20090917,1100,476, ,CFS
SHA,H,76,INFLOW,20090917,1200,620, ,CFS
SHA,H,76,INFLOW,20090917,1300,-1053, ,CFS
SHA,H,76,INFLOW,20090917,1400,1026, ,CFS
SHA,H,76,INFLOW,20090917,1500,6441, ,CFS
SHA,H,76,INFLOW,20090917,1600,4532, ,CFS
SHA,H,76,INFLOW,20090917,1700,6641, ,CFS
SHA,H,76,INFLOW,20090917,1800,6576, ,CFS
SHA,H,76,INFLOW,20090917,1900,4325, ,CFS
SHA,H,76,INFLOW,20090917,2000,6226, ,CFS
SHA,H,76,INFLOW,20090917,2100,8061, ,CFS
SHA,H,76,INFLOW,20090917,2200,7265, ,CFS
SHA,H,76,INFLOW,20090917,2300,6889, ,CFS
SHA,H,76,INFLOW,20090918,0000,1996, ,CFS
SHA,H,76,INFLOW,20090918,0100,488, ,CFS
SHA,H,76,INFLOW,20090918,0200,2285, ,CFS
SHA,H,76,INFLOW,20090918,0300,441, ,CFS
SHA,H,76,INFLOW,20090918,0400,-96, ,CFS
SHA,H,76,INFLOW,20090918,0500,1861, ,CFS
SHA,H,76,INFLOW,20090918,0600,73, ,CFS
SHA,H,76,INFLOW,20090918,0700,254, ,CFS
SHA,H,76,INFLOW,20090918,0800,1701, ,CFS
SHA,H,76,INFLOW,20090918,0900,-805, ,CFS
SHA,H,76,INFLOW,20090918,1000,688, ,CFS
SHA,H,76,INFLOW,20090918,1100,907, ,CFS
SHA,H,76,INFLOW,20090918,1200,-1108, ,CFS
SHA,H,76,INFLOW,20090918,1300,860, ,CFS
SHA,H,76,INFLOW,20090918,1400,6363, ,CFS
SHA,H,76,INFLOW,20090918,1500,8168, ,CFS
SHA,H,76,INFLOW,20090918,1600,2812, ,CFS
SHA,H,76,INFLOW,20090918,1700,8663, ,CFS
SHA,H,76,INFLOW,20090918,1800,8682, ,CFS
SHA,H,76,INFLOW,20090918,1900,5031, ,CFS
SHA,H,76,INFLOW,20090918,2000,6566, ,CFS
SHA,H,76,INFLOW,20090918,2100,4417, ,CFS
SHA,H,76,INFLOW,20090918,2200,4017, ,CFS
SHA,H,76,INFLOW,20090918,2300,4374, ,CFS
SHA,H,76,INFLOW,20090919,0000,1606, ,CFS
SHA,H,76,INFLOW,20090919,0100,2512, ,CFS
SHA,H,76,INFLOW,20090919,0200,-414, ,CFS
SHA,H,76,INFLOW,20090919,0300,3411, ,CFS
SHA,H,76,INFLOW,20090919,0400,-1294, ,CFS
SHA,H,76,INFLOW,20090919,0500,2266, ,CFS
SHA,H,76,INFLOW,20090919,0600,-1373, ,CFS
SHA,H,76,INFLOW,20090919,0700,2231, ,CFS
SHA,H,76,INFLOW,20090919,0800,235, ,CFS
SHA,H,76,INFLOW,20090919,0900,-297, ,CFS
SHA,H,76,INFLOW,20090919,1000,1538, ,CFS
SHA,H,76,INFLOW,20090919,1100,-1590, ,CFS
SHA,H,76,INFLOW,20090919,1200,2667, ,CFS
SHA,H,76,INFLOW,20090919,1300,3329, ,CFS
SHA,H,76,INFLOW,20090919,1400,257, ,CFS
SHA,H,76,INFLOW,20090919,1500,8355, ,CFS
SHA,H,76,INFLOW,20090919,1600,4509, ,CFS
SHA,H,76,INFLOW,20090919,1700,4499, ,CFS
SHA,H,76,INFLOW,20090919,1800,8380, ,CFS
SHA,H,76,INFLOW,20090919,1900,4303, ,CFS
SHA,H,76,INFLOW,20090919,2000,5183, ,CFS
SHA,H,76,INFLOW,20090919,2100,4896, ,CFS
SHA,H,76,INFLOW,20090919,2200,5381, ,CFS
SHA,H,76,INFLOW,20090919,2300,5218, ,CFS
SHA,H,76,INFLOW,20090920,0000,402, ,CFS
SHA,H,76,INFLOW,20090920,0100,2529, ,CFS
SHA,H,76,INFLOW,20090920,0200,2103, ,CFS
SHA,H,76,INFLOW,20090920,0300,2138, ,CFS
SHA,H,76,INFLOW,20090920,0400,495, ,CFS
SHA,H,76,INFLOW,20090920,0500,609, ,CFS
SHA,H,76,INFLOW,20090920,0600,-1451, ,CFS
SHA,H,76,INFLOW,20090920,0700,3673, ,CFS
SHA,H,76,INFLOW,20090920,0800,-231, ,CFS
SHA,H,76,INFLOW,20090920,0900,704, ,CFS
SHA,H,76,INFLOW,20090920,1000,-189, ,CFS
SHA,H,76,INFLOW,20090920,1100,2670, ,CFS
SHA,H,76,INFLOW,20090920,1200,-771, ,CFS
SHA,H,76,INFLOW,20090920,1300,667, ,CFS
SHA,H,76,INFLOW,20090920,1400,583, ,CFS
SHA,H,76,INFLOW,20090920,1500,5449, ,CFS
SHA,H,76,INFLOW,20090920,1600,5696, ,CFS
SHA,H,76,INFLOW,20090920,1700,3637, ,CFS
SHA,H,76,INFLOW,20090920,1800,4772, ,CFS
SHA,H,76,INFLOW,20090920,1900,6834, ,CFS
SHA,H,76,INFLOW,20090920,2000,4492, ,CFS
SHA,H,76,INFLOW,20090920,2100,8359, ,CFS
SHA,H,76,INFLOW,20090920,2200,3455, ,CFS
SHA,H,76,INFLOW,20090920,2300,2466, ,CFS
SHA,H,76,INFLOW,20090921,0000,3589, ,CFS
SHA,H,76,INFLOW,20090921,0100,376, ,CFS
SHA,H,76,INFLOW,20090921,0200,168, ,CFS
SHA,H,76,INFLOW,20090921,0300,51, ,CFS
SHA,H,76,INFLOW,20090921,0400,2149, ,CFS
SHA,H,76,INFLOW,20090921,0500,164, ,CFS
SHA,H,76,INFLOW,20090921,0600,420, ,CFS
SHA,H,76,INFLOW,20090921,0700,-2861, ,CFS
SHA,H,76,INFLOW,20090921,0800,808, ,CFS
SHA,H,76,INFLOW,20090921,0900,2773, ,CFS
SHA,H,76,INFLOW,20090921,1000,4247, ,CFS
SHA,H,76,INFLOW,20090921,1100,1260, ,CFS
SHA,H,76,INFLOW,20090921,1200,7167, ,CFS
SHA,H,76,INFLOW,20090921,1300,2499, ,CFS
SHA,H,76,INFLOW,20090921,1400,3219, ,CFS
SHA,H,76,INFLOW,20090921,1500,5206, ,CFS
SHA,H,76,INFLOW,20090921,1600,6526, ,CFS
SHA,H,76,INFLOW,20090921,1700,4601, ,CFS
SHA,H,76,INFLOW,20090921,1800,6476, ,CFS
SHA,H,76,INFLOW,20090921,1900,6088, ,CFS
SHA,H,76,INFLOW,20090921,2000,4512, ,CFS
SHA,H,76,INFLOW,20090921,2100,5790, ,CFS
SHA,H,76,INFLOW,20090921,2200,4055, ,CFS
SHA,H,76,INFLOW,20090921,2300,7491, ,CFS
SHA,H,76,INFLOW,20090922,0000,-347, ,CFS
SHA,H,76,INFLOW,20090922,0100,4427, ,CFS
SHA,H,76,INFLOW,20090922,0200,643, ,CFS
SHA,H,76,INFLOW,20090922,0300,2455, ,CFS
SHA,H,76,INFLOW,20090922,0400,709, ,CFS
SHA,H,76,INFLOW,20090922,0500,278, ,CFS
SHA,H,76,INFLOW,20090922,0600,584, ,CFS
SHA,H,76,INFLOW,20090922,0700,324, ,CFS
SHA,H,76,INFLOW,20090922,0800,1066, ,CFS
SHA,H,76,INFLOW,20090922,0900,276, ,CFS
SHA,H,76,INFLOW,20090922,1000,-261, ,CFS
SHA,H,76,INFLOW,20090922,1100,4725, ,CFS
SHA,H,76,INFLOW,20090922,1200,919, ,CFS
SHA,H,76,INFLOW,20090922,1300,4492, ,CFS
SHA,H,76,INFLOW,20090922,1400,562, ,CFS
SHA,H,76,INFLOW,20090922,1500,6283, ,CFS
SHA,H,76,INFLOW,20090922,1600,6459, ,CFS
SHA,H,76,INFLOW,20090922,1700,6474, ,CFS
SHA,H,76,INFLOW,20090922,1800,6451, ,CFS
SHA,H,76,INFLOW,20090922,1900,6474, ,CFS
SHA,H,76,INFLOW,20090922,2000,6470, ,CFS
SHA,H,76,INFLOW,20090922,2100,6340, ,CFS
SHA,H,76,INFLOW,20090922,2200,3591, ,CFS
SHA,H,76,INFLOW,20090922,2300,4089, ,CFS
SHA,H,76,INFLOW,20090923,0000,1469, ,CFS
SHA,H,76,INFLOW,20090923,0100,1069, ,CFS
SHA,H,76,INFLOW,20090923,0200,2758, ,CFS
SHA,H,76,INFLOW,20090923,0300,839, ,CFS
SHA,H,76,INFLOW,20090923,0400,965, ,CFS
SHA,H,76,INFLOW,20090923,0500,1304, ,CFS
SHA,H,76,INFLOW,20090923,0600,1852, ,CFS
SHA,H,76,INFLOW,20090923,0700,-191, ,CFS
SHA,H,76,INFLOW,20090923,0800,-372, ,CFS
SHA,H,76,INFLOW,20090923,0900,-545, ,CFS
SHA,H,76,INFLOW,20090923,1000,355, ,CFS
SHA,H,76,INFLOW,20090923,1100,624, ,CFS
SHA,H,76,INFLOW,20090923,1200,-104, ,CFS
SHA,H,76,INFLOW,20090923,1300,367, ,CFS
SHA,H,76,INFLOW,20090923,1400,2501, ,CFS
SHA,H,76,INFLOW,20090923,1500,5967, ,CFS
SHA,H,76,INFLOW,20090923,1600,6646, ,CFS
SHA,H,76,INFLOW,20090923,1700,2672, ,CFS
SHA,H,76,INFLOW,20090923,1800,8299, ,CFS
SHA,H,76,INFLOW,20090923,1900,3935, ,CFS
SHA,H,76,INFLOW,20090923,2000,4714, ,CFS
SHA,H,76,INFLOW,20090923,2100,6447, ,CFS
SHA,H,76,INFLOW,20090923,2200,6137, ,CFS
SHA,H,76,INFLOW,20090923,2300,1863, ,CFS
SHA,H,76,INFLOW,20090924,0000,1148, ,CFS
SHA,H,76,INFLOW,20090924,0100,1954, ,CFS
SHA,H,76,INFLOW,20090924,0200,2102, ,CFS
SHA,H,76,INFLOW,20090924,0300,2071, ,CFS
SHA,H,76,INFLOW,20090924,0400,390, ,CFS
SHA,H,76,INFLOW,20090924,0500,562, ,CFS
SHA,H,76,INFLOW,20090924,0600,2565, ,CFS
SHA,H,76,INFLOW,20090924,0700,-787, ,CFS
SHA,H,76,INFLOW,20090924,0800,1069, ,CFS
SHA,H,76,INFLOW,20090924,0900,-1858, ,CFS
SHA,H,76,INFLOW,20090924,1000,-1389, ,CFS
SHA,H,76,INFLOW,20090924,1100,5065, ,CFS
SHA,H,76,INFLOW,20090924,1200,1426, ,CFS
SHA,H,76,INFLOW,20090924,1300,1533, ,CFS
SHA,H,76,INFLOW,20090924,1400,7505, ,CFS
SHA,H,76,INFLOW,20090924,1500,2820, ,CFS
SHA,H,76,INFLOW,20090924,1600,8549, ,CFS
SHA,H,76,INFLOW,20090924,1700,6241, ,CFS
SHA,H,76,INFLOW,20090924,1800,7976, ,CFS
SHA,H,76,INFLOW,20090924,1900,4654, ,CFS
SHA,H,76,INFLOW,20090924,2000,4687, ,CFS
SHA,H,76,INFLOW,20090924,2100,7461, ,CFS
SHA,H,76,INFLOW,20090924,2200,3694, ,CFS
SHA,H,76,INFLOW,20090924,2300,3178, ,CFS
SHA,H,76,INFLOW,20090925,0000,1205, ,CFS
SHA,H,76,INFLOW,20090925,0100,1245, ,CFS
SHA,H,76,INFLOW,20090925,0200,2914, ,CFS
SHA,H,76,INFLOW,20090925,0300,742, ,CFS
SHA,H,76,INFLOW,20090925,0400,765, ,CFS
SHA,H,76,INFLOW,20090925,0500,1015, ,CFS
SHA,H,76,INFLOW,20090925,0600,3363, ,CFS
SHA,H,76,INFLOW,20090925,0700,-2067, ,CFS
SHA,H,76,INFLOW,20090925,0800,1713, ,CFS
SHA,H,76,INFLOW,20090925,0900,1936, ,CFS
SHA,H,76,INFLOW,20090925,1000,-3055, ,CFS
SHA,H,76,INFLOW,20090925,1100,-439, ,CFS
SHA,H,76,INFLOW,20090925,1200,1845, ,CFS
SHA,H,76,INFLOW,20090925,1300,2280, ,CFS
SHA,H,76,INFLOW,20090925,1400,2345, ,CFS
SHA,H,76,INFLOW,20090925,1500,8511, ,CFS
SHA,H,76,INFLOW,20090925,1600,4506, ,CFS
SHA,H,76,INFLOW,20090925,1700,6864, ,CFS
SHA,H,76,INFLOW,20090925,1800,6744, ,CFS
SHA,H,76,INFLOW,20090925,1900,6622, ,CFS
SHA,H,76,INFLOW,20090925,2000,5057, ,CFS
SHA,H,76,INFLOW,20090925,2100,5226, ,CFS
SHA,H,76,INFLOW,20090925,2200,2719, ,CFS
SHA,H,76,INFLOW,20090925,2300,5602, ,CFS
SHA,H,76,INFLOW,20090926,0000,2522, ,CFS
SHA,H,76,INFLOW,20090926,0100,1092, ,CFS
SHA,H,76,INFLOW,20090926,0200,791, ,CFS
SHA,H,76,INFLOW,20090926,0300,1423, ,CFS
SHA,H,76,INFLOW,20090926,0400,1298, ,CFS
SHA,H,76,INFLOW,20090926,0500,586, ,CFS
SHA,H,76,INFLOW,20090926,0600,2166, ,CFS
SHA,H,76,INFLOW,20090926,0700,-456, ,CFS
SHA,H,76,INFLOW,20090926,0800,2303, ,CFS
SHA,H,76,INFLOW,20090926,0900,903, ,CFS
SHA,H,76,INFLOW,20090926,1000,-1821, ,CFS
SHA,H,76,INFLOW,20090926,1100,1384, ,CFS
SHA,H,76,INFLOW,20090926,1200,1551, ,CFS
SHA,H,76,INFLOW,20090926,1300,4181, ,CFS
SHA,H,76,INFLOW,20090926,1400,6228, ,CFS
SHA,H,76,INFLOW,20090926,1500,3863, ,CFS
SHA,H,76,INFLOW,20090926,1600,5755, ,CFS
SHA,H,76,INFLOW,20090926,1700,7585, ,CFS
SHA,H,76,INFLOW,20090926,1800,5641, ,CFS
SHA,H,76,INFLOW,20090926,1900,5040, ,CFS
SHA,H,76,INFLOW,20090926,2000,5144, ,CFS
SHA,H,76,INFLOW,20090926,2100,5057, ,CFS
SHA,H,76,INFLOW,20090926,2200,3620, ,CFS
SHA,H,76,INFLOW,20090926,2300,5304, ,CFS
SHA,H,76,INFLOW,20090927,0000,1412, ,CFS
SHA,H,76,INFLOW,20090927,0100,2688, ,CFS
SHA,H,76,INFLOW,20090927,0200,1153, ,CFS
SHA,H,76,INFLOW,20090927,0300,721, ,CFS
SHA,H,76,INFLOW,20090927,0400,747, ,CFS
SHA,H,76,INFLOW,20090927,0500,889, ,CFS
SHA,H,76,INFLOW,20090927,0600,-935, ,CFS
SHA,H,76,INFLOW,20090927,0700,2787, ,CFS
SHA,H,76,INFLOW,20090927,0800,-530, ,CFS
SHA,H,76,INFLOW,20090927,0900,508, ,CFS
SHA,H,76,INFLOW,20090927,1000,-1514, ,CFS
SHA,H,76,INFLOW,20090927,1100,1126, ,CFS
SHA,H,76,INFLOW,20090927,1200,5337, ,CFS
SHA,H,76,INFLOW,20090927,1300,3340, ,CFS
SHA,H,76,INFLOW,20090927,1400,5168, ,CFS
SHA,H,76,INFLOW,20090927,1500,7428, ,CFS
SHA,H,76,INFLOW,20090927,1600,1692, ,CFS
SHA,H,76,INFLOW,20090927,1700,9398, ,CFS
SHA,H,76,INFLOW,20090927,1800,7298, ,CFS
SHA,H,76,INFLOW,20090927,1900,2471, ,CFS
SHA,H,76,INFLOW,20090927,2000,8593, ,CFS
SHA,H,76,INFLOW,20090927,2100,5595, ,CFS
SHA,H,76,INFLOW,20090927,2200,1777, ,CFS
SHA,H,76,INFLOW,20090927,2300,6641, ,CFS
SHA,H,76,INFLOW,20090928,0000,-693, ,CFS
SHA,H,76,INFLOW,20090928,0100,1585, ,CFS
SHA,H,76,INFLOW,20090928,0200,1143, ,CFS
SHA,H,76,INFLOW,20090928,0300,-793, ,CFS
SHA,H,76,INFLOW,20090928,0400,959, ,CFS
SHA,H,76,INFLOW,20090928,0500,1215, ,CFS
SHA,H,76,INFLOW,20090928,0600,852, ,CFS
SHA,H,76,INFLOW,20090928,0700,554, ,CFS
SHA,H,76,INFLOW,20090928,0800,2177, ,CFS
SHA,H,76,INFLOW,20090928,0900,-1936, ,CFS
SHA,H,76,INFLOW,20090928,1000,-844, ,CFS
SHA,H,76,INFLOW,20090928,1100,1059, ,CFS
SHA,H,76,INFLOW,20090928,1200,-182, ,CFS
SHA,H,76,INFLOW,20090928,1300,2143, ,CFS
SHA,H,76,INFLOW,20090928,1400,5289, ,CFS
SHA,H,76,INFLOW,20090928,1500,5090, ,CFS
SHA,H,76,INFLOW,20090928,1600,5124, ,CFS
SHA,H,76,INFLOW,20090928,1700,3433, ,CFS
SHA,H,76,INFLOW,20090928,1800,7585, ,CFS
SHA,H,76,INFLOW,20090928,1900,5588, ,CFS
SHA,H,76,INFLOW,20090928,2000,1127, ,CFS
SHA,H,76,INFLOW,20090928,2100,10384, ,CFS
SHA,H,76,INFLOW,20090928,2200,1329, ,CFS
SHA,H,76,INFLOW,20090928,2300,5018, ,CFS
SHA,H,76,INFLOW,20090929,0000,1491, ,CFS
SHA,H,76,INFLOW,20090929,0100,-863, ,CFS
SHA,H,76,INFLOW,20090929,0200,2415, ,CFS
SHA,H,76,INFLOW,20090929,0300,2871, ,CFS
SHA,H,76,INFLOW,20090929,0400,-539, ,CFS
SHA,H,76,INFLOW,20090929,0500,-392, ,CFS
SHA,H,76,INFLOW,20090929,0600,3649, ,CFS
SHA,H,76,INFLOW,20090929,0700,-2573, ,CFS
SHA,H,76,INFLOW,20090929,0800,1242, ,CFS
SHA,H,76,INFLOW,20090929,0900,-2631, ,CFS
SHA,H,76,INFLOW,20090929,1000,4718, ,CFS
SHA,H,76,INFLOW,20090929,1100,-926, ,CFS
SHA,H,76,INFLOW,20090929,1200,2946, ,CFS
SHA,H,76,INFLOW,20090929,1300,1793, ,CFS
SHA,H,76,INFLOW,20090929,1400,2088, ,CFS
SHA,H,76,INFLOW,20090929,1500,6494, ,CFS
SHA,H,76,INFLOW,20090929,1600,4784, ,CFS
SHA,H,76,INFLOW,20090929,1700,4778, ,CFS
SHA,H,76,INFLOW,20090929,1800,6703, ,CFS
SHA,H,76,INFLOW,20090929,1900,711, ,CFS
SHA,H,76,INFLOW,20090929,2000,11173, ,CFS
SHA,H,76,INFLOW,20090929,2100,3154, ,CFS
SHA,H,76,INFLOW,20090929,2200,9427, ,CFS
SHA,H,76,INFLOW,20090929,2300,1170, ,CFS
SHA,H,76,INFLOW,20090930,0000,-120, ,CFS
SHA,H,76,INFLOW,20090930,0100,4440, ,CFS
SHA,H,76,INFLOW,20090930,0200,-1378, ,CFS
SHA,H,76,INFLOW,20090930,0300,2697, ,CFS
SHA,H,76,INFLOW,20090930,0400,835, ,CFS
SHA,H,76,INFLOW,20090930,0500,1278, ,CFS
SHA,H,76,INFLOW,20090930,0600,1317, ,CFS
SHA,H,76,INFLOW,20090930,0700,1959, ,CFS
SHA,H,76,INFLOW,20090930,0800,-1260, ,CFS
SHA,H,76,INFLOW,20090930,0900,794, ,CFS
SHA,H,76,INFLOW,20090930,1000,1297, ,CFS
SHA,H,76,INFLOW,20090930,1100,-422, ,CFS
SHA,H,76,INFLOW,20090930,1200,2928, ,CFS
SHA,H,76,INFLOW,20090930,1300,3031, ,CFS
SHA,H,76,INFLOW,20090930,1400,2097, ,CFS
SHA,H,76,INFLOW,20090930,1500,5683, ,CFS
SHA,H,76,INFLOW,20090930,1600,9512, ,CFS
SHA,H,76,INFLOW,20090930,1700,1838, ,CFS
SHA,H,76,INFLOW,20090930,1800,5613, ,CFS
SHA,H,76,INFLOW,20090930,1900,5638, ,CFS
SHA,H,76,INFLOW,20090930,2000,3763, ,CFS
SHA,H,76,INFLOW,20090930,2100,7838, ,CFS
SHA,H,76,INFLOW,20090930,2200,6947, ,CFS
SHA,H,76,INFLOW,20090930,2300,-168, ,CFS
SHA,H,76,INFLOW,20091001,0000,6047, ,CFS
SHA,H,76,INFLOW,20091001,0100,-816, ,CFS
SHA,H,76,INFLOW,20091001,0200,2781, ,CFS
SHA,H,76,INFLOW,20091001,0300,1527, ,CFS
SHA,H,76,INFLOW,20091001,0400,-1992, ,CFS
SHA,H,76,INFLOW,20091001,0500,2038, ,CFS
SHA,H,76,INFLOW,20091001,0600,663, ,CFS
SHA,H,76,INFLOW,20091001,0700,-494, ,CFS
SHA,H,76,INFLOW,20091001,0800,1609, ,CFS
SHA,H,76,INFLOW,20091001,0900,3985, ,CFS
SHA,H,76,INFLOW,20091001,1000,-1735, ,CFS
SHA,H,76,INFLOW,20091001,1100,-1187, ,CFS
SHA,H,76,INFLOW,20091001,1200,1709, ,CFS
SHA,H,76,INFLOW,20091001,1300,146, ,CFS
SHA,H,76,INFLOW,20091001,1400,2221, ,CFS
SHA,H,76,INFLOW,20091001,1500,1784, ,CFS
SHA,H,76,INFLOW,20091001,1600,5416, ,CFS
SHA,H,76,INFLOW,20091001,1700,7388, ,CFS
SHA,H,76,INFLOW,20091001,1800,6011, ,CFS
SHA,H,76,INFLOW,20091001,1900,5734, ,CFS
SHA,H,76,INFLOW,20091001,2000,8253, ,CFS
SHA,H,76,INFLOW,20091001,2100,7251, ,CFS
SHA,H,76,INFLOW,20091001,2200,4485, ,CFS
SHA,H,76,INFLOW,20091001,2300,1469, ,CFS
SHA,H,76,INFLOW,20091002,0000,3807, ,CFS
SHA,H,76,INFLOW,20091002,0100,2012, ,CFS
SHA,H,76,INFLOW,20091002,0200,1860, ,CFS
SHA,H,76,INFLOW,20091002,0300,-272, ,CFS
SHA,H,76,INFLOW,20091002,0400,1657, ,CFS
SHA,H,76,INFLOW,20091002,0500,-187, ,CFS
SHA,H,76,INFLOW,20091002,0600,476, ,CFS
SHA,H,76,INFLOW,20091002,0700,89, ,CFS
SHA,H,76,INFLOW,20091002,0800,-1252, ,CFS
SHA,H,76,INFLOW,20091002,0900,2775, ,CFS
SHA,H,76,INFLOW,20091002,1000,-573, ,CFS
SHA,H,76,INFLOW,20091002,1100,-1164, ,CFS
SHA,H,76,INFLOW,20091002,1200,2448, ,CFS
SHA,H,76,INFLOW,20091002,1300,679, ,CFS
SHA,H,76,INFLOW,20091002,1400,2839, ,CFS
SHA,H,76,INFLOW,20091002,1500,4858, ,CFS
SHA,H,76,INFLOW,20091002,1600,4685, ,CFS
SHA,H,76,INFLOW,20091002,1700,8612, ,CFS
SHA,H,76,INFLOW,20091002,1800,6762, ,CFS
SHA,H,76,INFLOW,20091002,1900,4743, ,CFS
SHA,H,76,INFLOW,20091002,2000,7002, ,CFS
SHA,H,76,INFLOW,20091002,2100,6850, ,CFS
SHA,H,76,INFLOW,20091002,2200,3071, ,CFS
SHA,H,76,INFLOW,20091002,2300,6328, ,CFS
SHA,H,76,INFLOW,20091003,0000,1857, ,CFS
SHA,H,76,INFLOW,20091003,0100,---, ,CFS
SHA,H,76,INFLOW,20091003,0200,---, ,CFS
SHA,H,76,INFLOW,20091003,0300,3165, ,CFS
SHA,H,76,INFLOW,20091003,0400,-707, ,CFS
SHA,H,76,INFLOW,20091003,0500,1229, ,CFS
SHA,H,76,INFLOW,20091003,0600,-2117, ,CFS
SHA,H,76,INFLOW,20091003,0700,3075, ,CFS
SHA,H,76,INFLOW,20091003,0800,-190, ,CFS
SHA,H,76,INFLOW,20091003,0900,2673, ,CFS
SHA,H,76,INFLOW,20091003,1000,1026, ,CFS
SHA,H,76,INFLOW,20091003,1100,-817, ,CFS
SHA,H,76,INFLOW,20091003,1200,1131, ,CFS
SHA,H,76,INFLOW,20091003,1300,979, ,CFS
SHA,H,76,INFLOW,20091003,1400,879, ,CFS
SHA,H,76,INFLOW,20091003,1500,2796, ,CFS
SHA,H,76,INFLOW,20091003,1600,6506, ,CFS
SHA,H,76,INFLOW,20091003,1700,6466, ,CFS
SHA,H,76,INFLOW,20091003,1800,2660, ,CFS
SHA,H,76,INFLOW,20091003,1900,8405, ,CFS
SHA,H,76,INFLOW,20091003,2000,5056, ,CFS
SHA,H,76,INFLOW,20091003,2100,6667, ,CFS
SHA,H,76,INFLOW,20091003,2200,5802, ,CFS
SHA,H,76,INFLOW,20091003,2300,4201, ,CFS
SHA,H,76,INFLOW,20091004,0000,1219, ,CFS
SHA,H,76,INFLOW,20091004,0100,1348, ,CFS
SHA,H,76,INFLOW,20091004,0200,2671, ,CFS
SHA,H,76,INFLOW,20091004,0300,373, ,CFS
SHA,H,76,INFLOW,20091004,0400,3619, ,CFS
SHA,H,76,INFLOW,20091004,0500,-1861, ,CFS
SHA,H,76,INFLOW,20091004,0600,380, ,CFS
SHA,H,76,INFLOW,20091004,0700,686, ,CFS
SHA,H,76,INFLOW,20091004,0800,965, ,CFS
SHA,H,76,INFLOW,20091004,0900,1153, ,CFS
SHA,H,76,INFLOW,20091004,1000,2083, ,CFS
SHA,H,76,INFLOW,20091004,1100,-1089, ,CFS
SHA,H,76,INFLOW,20091004,1200,1009, ,CFS
SHA,H,76,INFLOW,20091004,1300,3250, ,CFS
SHA,H,76,INFLOW,20091004,1400,2500, ,CFS
SHA,H,76,INFLOW,20091004,1500,2260, ,CFS
SHA,H,76,INFLOW,20091004,1600,5933, ,CFS
SHA,H,76,INFLOW,20091004,1700,6174, ,CFS
SHA,H,76,INFLOW,20091004,1800,3268, ,CFS
SHA,H,76,INFLOW,20091004,1900,7775, ,CFS
SHA,H,76,INFLOW,20091004,2000,4025, ,CFS
SHA,H,76,INFLOW,20091004,2100,7235, ,CFS
SHA,H,76,INFLOW,20091004,2200,1376, ,CFS
SHA,H,76,INFLOW,20091004,2300,4290, ,CFS
SHA,H,76,INFLOW,20091005,0000,1456, ,CFS
SHA,H,76,INFLOW,20091005,0100,2041, ,CFS
SHA,H,76,INFLOW,20091005,0200,1331, ,CFS
SHA,H,76,INFLOW,20091005,0300,-543, ,CFS
SHA,H,76,INFLOW,20091005,0400,3379, ,CFS
SHA,H,76,INFLOW,20091005,0500,-1971, ,CFS
SHA,H,76,INFLOW,20091005,0600,-787, ,CFS
SHA,H,76,INFLOW,20091005,0700,2699, ,CFS
SHA,H,76,INFLOW,20091005,0800,1495, ,CFS
SHA,H,76,INFLOW,20091005,0900,-888, ,CFS
SHA,H,76,INFLOW,20091005,1000,1524, ,CFS
SHA,H,76,INFLOW,20091005,1100,48, ,CFS
SHA,H,76,INFLOW,20091005,1200,-544, ,CFS
SHA,H,76,INFLOW,20091005,1300,2165, ,CFS
SHA,H,76,INFLOW,20091005,1400,2374, ,CFS
SHA,H,76,INFLOW,20091005,1500,3992, ,CFS
SHA,H,76,INFLOW,20091005,1600,7674, ,CFS
SHA,H,76,INFLOW,20091005,1700,5447, ,CFS
SHA,H,76,INFLOW,20091005,1800,5218, ,CFS
SHA,H,76,INFLOW,20091005,1900,5474, ,CFS
SHA,H,76,INFLOW,20091005,2000,6133, ,CFS
SHA,H,76,INFLOW,20091005,2100,6011, ,CFS
SHA,H,76,INFLOW,20091005,2200,5293, ,CFS
SHA,H,76,INFLOW,20091005,2300,2896, ,CFS
SHA,H,76,INFLOW,20091006,0000,3206, ,CFS
SHA,H,76,INFLOW,20091006,0100,2207, ,CFS
SHA,H,76,INFLOW,20091006,0200,-1006, ,CFS
SHA,H,76,INFLOW,20091006,0300,2744, ,CFS
SHA,H,76,INFLOW,20091006,0400,869, ,CFS
SHA,H,76,INFLOW,20091006,0500,-1038, ,CFS
SHA,H,76,INFLOW,20091006,0600,924, ,CFS
SHA,H,76,INFLOW,20091006,0700,3208, ,CFS
SHA,H,76,INFLOW,20091006,0800,965, ,CFS
SHA,H,76,INFLOW,20091006,0900,-4386, ,CFS
SHA,H,76,INFLOW,20091006,1000,3269, ,CFS
SHA,H,76,INFLOW,20091006,1100,-2348, ,CFS
SHA,H,76,INFLOW,20091006,1200,2854, ,CFS
SHA,H,76,INFLOW,20091006,1300,-792, ,CFS
SHA,H,76,INFLOW,20091006,1400,2400, ,CFS
SHA,H,76,INFLOW,20091006,1500,7258, ,CFS
SHA,H,76,INFLOW,20091006,1600,5128, ,CFS
SHA,H,76,INFLOW,20091006,1700,4873, ,CFS
SHA,H,76,INFLOW,20091006,1800,6931, ,CFS
SHA,H,76,INFLOW,20091006,1900,7536, ,CFS
SHA,H,76,INFLOW,20091006,2000,3758, ,CFS
SHA,H,76,INFLOW,20091006,2100,8901, ,CFS
SHA,H,76,INFLOW,20091006,2200,4613, ,CFS
SHA,H,76,INFLOW,20091006,2300,454, ,CFS
SHA,H,76,INFLOW,20091007,0000,4822, ,CFS
SHA,H,76,INFLOW,20091007,0100,1170, ,CFS
SHA,H,76,INFLOW,20091007,0200,-776, ,CFS
SHA,H,76,INFLOW,20091007,0300,2838, ,CFS
SHA,H,76,INFLOW,20091007,0400,910, ,CFS
SHA,H,76,INFLOW,20091007,0500,1205, ,CFS
SHA,H,76,INFLOW,20091007,0600,551, ,CFS
SHA,H,76,INFLOW,20091007,0700,-787, ,CFS
SHA,H,76,INFLOW,20091007,0800,1186, ,CFS
SHA,H,76,INFLOW,20091007,0900,-617, ,CFS
SHA,H,76,INFLOW,20091007,1000,203, ,CFS
SHA,H,76,INFLOW,20091007,1100,-460, ,CFS
SHA,H,76,INFLOW,20091007,1200,-2441, ,CFS
SHA,H,76,INFLOW,20091007,1300,1371, ,CFS
SHA,H,76,INFLOW,20091007,1400,3448, ,CFS
SHA,H,76,INFLOW,20091007,1500,7432, ,CFS
SHA,H,76,INFLOW,20091007,1600,3764, ,CFS
SHA,H,76,INFLOW,20091007,1700,5698, ,CFS
SHA,H,76,INFLOW,20091007,1800,7583, ,CFS
SHA,H,76,INFLOW,20091007,1900,3833, ,CFS
SHA,H,76,INFLOW,20091007,2000,7856, ,CFS
SHA,H,76,INFLOW,20091007,2100,6148, ,CFS
SHA,H,76,INFLOW,20091007,2200,3684, ,CFS
SHA,H,76,INFLOW,20091007,2300,4015, ,CFS
SHA,H,76,INFLOW,20091008,0000,1155, ,CFS
SHA,H,76,INFLOW,20091008,0100,5145, ,CFS
SHA,H,76,INFLOW,20091008,0200,-2676, ,CFS
SHA,H,76,INFLOW,20091008,0300,4507, ,CFS
SHA,H,76,INFLOW,20091008,0400,330, ,CFS
SHA,H,76,INFLOW,20091008,0500,2407, ,CFS
SHA,H,76,INFLOW,20091008,0600,-2408, ,CFS
SHA,H,76,INFLOW,20091008,0700,4117, ,CFS
SHA,H,76,INFLOW,20091008,0800,-269, ,CFS
SHA,H,76,INFLOW,20091008,0900,310, ,CFS
SHA,H,76,INFLOW,20091008,1000,1119, ,CFS
SHA,H,76,INFLOW,20091008,1100,-661, ,CFS
SHA,H,76,INFLOW,20091008,1200,1188, ,CFS
SHA,H,76,INFLOW,20091008,1300,-663, ,CFS
SHA,H,76,INFLOW,20091008,1400,3484, ,CFS
SHA,H,76,INFLOW,20091008,1500,5385, ,CFS
SHA,H,76,INFLOW,20091008,1600,8832, ,CFS
SHA,H,76,INFLOW,20091008,1700,5187, ,CFS
SHA,H,76,INFLOW,20091008,1800,6487, ,CFS
SHA,H,76,INFLOW,20091008,1900,6161, ,CFS
SHA,H,76,INFLOW,20091008,2000,4558, ,CFS
SHA,H,76,INFLOW,20091008,2100,8102, ,CFS
SHA,H,76,INFLOW,20091008,2200,4456, ,CFS
SHA,H,76,INFLOW,20091008,2300,2086, ,CFS
SHA,H,76,INFLOW,20091009,0000,2531, ,CFS
SHA,H,76,INFLOW,20091009,0100,1318, ,CFS
SHA,H,76,INFLOW,20091009,0200,877, ,CFS
SHA,H,76,INFLOW,20091009,0300,2990, ,CFS
SHA,H,76,INFLOW,20091009,0400,-977, ,CFS
SHA,H,76,INFLOW,20091009,0500,2793, ,CFS
SHA,H,76,INFLOW,20091009,0600,-1879, ,CFS
SHA,H,76,INFLOW,20091009,0700,3075, ,CFS
SHA,H,76,INFLOW,20091009,0800,248, ,CFS
SHA,H,76,INFLOW,20091009,0900,1788, ,CFS
SHA,H,76,INFLOW,20091009,1000,1882, ,CFS
SHA,H,76,INFLOW,20091009,1100,1488, ,CFS
SHA,H,76,INFLOW,20091009,1200,-1334, ,CFS
SHA,H,76,INFLOW,20091009,1300,594, ,CFS
SHA,H,76,INFLOW,20091009,1400,799, ,CFS
SHA,H,76,INFLOW,20091009,1500,8347, ,CFS
SHA,H,76,INFLOW,20091009,1600,7022, ,CFS
SHA,H,76,INFLOW,20091009,1700,3184, ,CFS
SHA,H,76,INFLOW,20091009,1800,9163, ,CFS
SHA,H,76,INFLOW,20091009,1900,5673, ,CFS
SHA,H,76,INFLOW,20091009,2000,5808, ,CFS
SHA,H,76,INFLOW,20091009,2100,5990, ,CFS
SHA,H,76,INFLOW,20091009,2200,7296, ,CFS
SHA,H,76,INFLOW,20091009,2300,5055, ,CFS
SHA,H,76,INFLOW,20091010,0000,5037, ,CFS
SHA,H,76,INFLOW,20091010,0100,1850, ,CFS
SHA,H,76,INFLOW,20091010,0200,-700, ,CFS
SHA,H,76,INFLOW,20091010,0300,2784, ,CFS
SHA,H,76,INFLOW,20091010,0400,2616, ,CFS
SHA,H,76,INFLOW,20091010,0500,-541, ,CFS
SHA,H,76,INFLOW,20091010,0600,3578, ,CFS
SHA,H,76,INFLOW,20091010,0700,-2308, ,CFS
SHA,H,76,INFLOW,20091010,0800,939, ,CFS
SHA,H,76,INFLOW,20091010,0900,1822, ,CFS
SHA,H,76,INFLOW,20091010,1000,-1048, ,CFS
SHA,H,76,INFLOW,20091010,1100,-1972, ,CFS
SHA,H,76,INFLOW,20091010,1200,2000, ,CFS
SHA,H,76,INFLOW,20091010,1300,391, ,CFS
SHA,H,76,INFLOW,20091010,1400,346, ,CFS
SHA,H,76,INFLOW,20091010,1500,7399, ,CFS
SHA,H,76,INFLOW,20091010,1600,5195, ,CFS
SHA,H,76,INFLOW,20091010,1700,5135, ,CFS
SHA,H,76,INFLOW,20091010,1800,7026, ,CFS
SHA,H,76,INFLOW,20091010,1900,7095, ,CFS
SHA,H,76,INFLOW,20091010,2000,6900, ,CFS
SHA,H,76,INFLOW,20091010,2100,6779, ,CFS
SHA,H,76,INFLOW,20091010,2200,2799, ,CFS
SHA,H,76,INFLOW,20091010,2300,3139, ,CFS
SHA,H,76,INFLOW,20091011,0000,2063, ,CFS
SHA,H,76,INFLOW,20091011,0100,1331, ,CFS
SHA,H,76,INFLOW,20091011,0200,780, ,CFS
SHA,H,76,INFLOW,20091011,0300,2680, ,CFS
SHA,H,76,INFLOW,20091011,0400,703, ,CFS
SHA,H,76,INFLOW,20091011,0500,666, ,CFS
SHA,H,76,INFLOW,20091011,0600,1333, ,CFS
SHA,H,76,INFLOW,20091011,0700,2904, ,CFS
SHA,H,76,INFLOW,20091011,0800,1373, ,CFS
SHA,H,76,INFLOW,20091011,0900,-628, ,CFS
SHA,H,76,INFLOW,20091011,1000,-545, ,CFS
SHA,H,76,INFLOW,20091011,1100,1253, ,CFS
SHA,H,76,INFLOW,20091011,1200,-1444, ,CFS
SHA,H,76,INFLOW,20091011,1300,2169, ,CFS
SHA,H,76,INFLOW,20091011,1400,2371, ,CFS
SHA,H,76,INFLOW,20091011,1500,2405, ,CFS
SHA,H,76,INFLOW,20091011,1600,2859, ,CFS
SHA,H,76,INFLOW,20091011,1700,6331, ,CFS
SHA,H,76,INFLOW,20091011,1800,8027, ,CFS
SHA,H,76,INFLOW,20091011,1900,2604, ,CFS
SHA,H,76,INFLOW,20091011,2000,5151, ,CFS
SHA,H,76,INFLOW,20091011,2100,6682, ,CFS
SHA,H,76,INFLOW,20091011,2200,7439, ,CFS
SHA,H,76,INFLOW,20091011,2300,4881, ,CFS
SHA,H,76,INFLOW,20091012,0000,3315, ,CFS
SHA,H,76,INFLOW,20091012,0100,60, ,CFS
SHA,H,76,INFLOW,20091012,0200,1618, ,CFS
SHA,H,76,INFLOW,20091012,0300,1639, ,CFS
SHA,H,76,INFLOW,20091012,0400,1789, ,CFS
SHA,H,76,INFLOW,20091012,0500,1604, ,CFS
SHA,H,76,INFLOW,20091012,0600,199, ,CFS
SHA,H,76,INFLOW,20091012,0700,1658, ,CFS
SHA,H,76,INFLOW,20091012,0800,1718, ,CFS
SHA,H,76,INFLOW,20091012,0900,1648, ,CFS
SHA,H,76,INFLOW,20091012,1000,4474, ,CFS
SHA,H,76,INFLOW,20091012,1100,901, ,CFS
SHA,H,76,INFLOW,20091012,1200,2320, ,CFS
SHA,H,76,INFLOW,20091012,1300,4253, ,CFS
SHA,H,76,INFLOW,20091012,1400,7939, ,CFS
SHA,H,76,INFLOW,20091012,1500,5817, ,CFS
SHA,H,76,INFLOW,20091012,1600,4498, ,CFS
SHA,H,76,INFLOW,20091012,1700,6039, ,CFS
SHA,H,76,INFLOW,20091012,1800,7686, ,CFS
SHA,H,76,INFLOW,20091012,1900,5339, ,CFS
SHA,H,76,INFLOW,20091012,2000,5434, ,CFS
SHA,H,76,INFLOW,20091012,2100,7339, ,CFS
SHA,H,76,INFLOW,20091012,2200,6144, ,CFS
SHA,H,76,INFLOW,20091012,2300,1847, ,CFS
SHA,H,76,INFLOW,20091013,0000,10139, ,CFS
SHA,H,76,INFLOW,20091013,0100,-3686, ,CFS
SHA,H,76,INFLOW,20091013,0200,6905, ,CFS
SHA,H,76,INFLOW,20091013,0300,3408, ,CFS
SHA,H,76,INFLOW,20091013,0400,6795, ,CFS
SHA,H,76,INFLOW,20091013,0500,3103, ,CFS
SHA,H,76,INFLOW,20091013,0600,4922, ,CFS
SHA,H,76,INFLOW,20091013,0700,1747, ,CFS
SHA,H,76,INFLOW,20091013,0800,4141, ,CFS
SHA,H,76,INFLOW,20091013,0900,4115, ,CFS
SHA,H,76,INFLOW,20091013,1000,14607, ,CFS
SHA,H,76,INFLOW,20091013,1100,19735, ,CFS
SHA,H,76,INFLOW,20091013,1200,8977, ,CFS
SHA,H,76,INFLOW,20091013,1300,10626, ,CFS
SHA,H,76,INFLOW,20091013,1400,11077, ,CFS
SHA,H,76,INFLOW,20091013,1500,15063, ,CFS
SHA,H,76,INFLOW,20091013,1600,6017, ,CFS
SHA,H,76,INFLOW,20091013,1700,23352, ,CFS
SHA,H,76,INFLOW,20091013,1800,12945, ,CFS
SHA,H,76,INFLOW,20091013,1900,9098, ,CFS
SHA,H,76,INFLOW,20091013,2000,11839, ,CFS
SHA,H,76,INFLOW,20091013,2100,16607, ,CFS
SHA,H,76,INFLOW,20091013,2200,13515, ,CFS
SHA,H,76,INFLOW,20091013,2300,9957, ,CFS
SHA,H,76,INFLOW,20091014,0000,18065, ,CFS
SHA,H,76,INFLOW,20091014,0100,4479, ,CFS
SHA,H,76,INFLOW,20091014,0200,11946, ,CFS
SHA,H,76,INFLOW,20091014,0300,19485, ,CFS
SHA,H,76,INFLOW,20091014,0400,8287, ,CFS
SHA,H,76,INFLOW,20091014,0500,10221, ,CFS
SHA,H,76,INFLOW,20091014,0600,16367, ,CFS
SHA,H,76,INFLOW,20091014,0700,10827, ,CFS
SHA,H,76,INFLOW,20091014,0800,39517, ,CFS
SHA,H,76,INFLOW,20091014,0900,5583, ,CFS
SHA,H,76,INFLOW,20091014,1000,17397, ,CFS
SHA,H,76,INFLOW,20091014,1100,18068, ,CFS
SHA,H,76,INFLOW,20091014,1200,33166, ,CFS
SHA,H,76,INFLOW,20091014,1300,29304, ,CFS
SHA,H,76,INFLOW,20091014,1400,27499, ,CFS
SHA,H,76,INFLOW,20091014,1500,19706, ,CFS
SHA,H,76,INFLOW,20091014,1600,28912, ,CFS
SHA,H,76,INFLOW,20091014,1700,25106, ,CFS
SHA,H,76,INFLOW,20091014,1800,30889, ,CFS
SHA,H,76,INFLOW,20091014,1900,21744, ,CFS
SHA,H,76,INFLOW,20091014,2000,25606, ,CFS
SHA,H,76,INFLOW,20091014,2100,19605, ,CFS
SHA,H,76,INFLOW,20091014,2200,15618, ,CFS
SHA,H,76,INFLOW,20091014,2300,15765, ,CFS
SHA,H,76,INFLOW,20091015,0000,18145, ,CFS
SHA,H,76,INFLOW,20091015,0100,10385, ,CFS
SHA,H,76,INFLOW,20091015,0200,16308, ,CFS
SHA,H,76,INFLOW,20091015,0300,8432, ,CFS
SHA,H,76,INFLOW,20091015,0400,10076, ,CFS
SHA,H,76,INFLOW,20091015,0500,8472, ,CFS
SHA,H,76,INFLOW,20091015,0600,6993, ,CFS
SHA,H,76,INFLOW,20091015,0700,8245, ,CFS
SHA,H,76,INFLOW,20091015,0800,6231, ,CFS
SHA,H,76,INFLOW,20091015,0900,10929, ,CFS
SHA,H,76,INFLOW,20091015,1000,8951, ,CFS
SHA,H,76,INFLOW,20091015,1100,9028, ,CFS
SHA,H,76,INFLOW,20091015,1200,9347, ,CFS
SHA,H,76,INFLOW,20091015,1300,8981, ,CFS
SHA,H,76,INFLOW,20091015,1400,10502, ,CFS
SHA,H,76,INFLOW,20091015,1500,10612, ,CFS
SHA,H,76,INFLOW,20091015,1600,6522, ,CFS
SHA,H,76,INFLOW,20091015,1700,9972, ,CFS
SHA,H,76,INFLOW,20091015,1800,9290, ,CFS
SHA,H,76,INFLOW,20091015,1900,5772, ,CFS
SHA,H,76,INFLOW,20091015,2000,10520, ,CFS
SHA,H,76,INFLOW,20091015,2100,10514, ,CFS
SHA,H,76,INFLOW,20091015,2200,9446, ,CFS
SHA,H,76,INFLOW,20091015,2300,5261, ,CFS
SHA,H,76,INFLOW,20091016,0000,7021, ,CFS
SHA,H,76,INFLOW,20091016,0100,4778, ,CFS
SHA,H,76,INFLOW,20091016,0200,3010, ,CFS
SHA,H,76,INFLOW,20091016,0300,4604, ,CFS
SHA,H,76,INFLOW,20091016,0400,2718, ,CFS
SHA,H,76,INFLOW,20091016,0500,2975, ,CFS
SHA,H,76,INFLOW,20091016,0600,3057, ,CFS
SHA,H,76,INFLOW,20091016,0700,3095, ,CFS
SHA,H,76,INFLOW,20091016,0800,4556, ,CFS
SHA,H,76,INFLOW,20091016,0900,1533, ,CFS
SHA,H,76,INFLOW,20091016,1000,2108, ,CFS
SHA,H,76,INFLOW,20091016,1100,3264, ,CFS
SHA,H,76,INFLOW,20091016,1200,3068, ,CFS
SHA,H,76,INFLOW,20091016,1300,7131, ,CFS
SHA,H,76,INFLOW,20091016,1400,7324, ,CFS
SHA,H,76,INFLOW,20091016,1500,9027, ,CFS
SHA,H,76,INFLOW,20091016,1600,6831, ,CFS
SHA,H,76,INFLOW,20091016,1700,8665, ,CFS
SHA,H,76,INFLOW,20091016,1800,6291, ,CFS
SHA,H,76,INFLOW,20091016,1900,8636, ,CFS
SHA,H,76,INFLOW,20091016,2000,5910, ,CFS
SHA,H,76,INFLOW,20091016,2100,8939, ,CFS
SHA,H,76,INFLOW,20091016,2200,6167, ,CFS
SHA,H,76,INFLOW,20091016,2300,4221, ,CFS
SHA,H,76,INFLOW,20091017,0000,3642, ,CFS
SHA,H,76,INFLOW,20091017,0100,3448, ,CFS
SHA,H,76,INFLOW,20091017,0200,2920, ,CFS
SHA,H,76,INFLOW,20091017,0300,999, ,CFS
SHA,H,76,INFLOW,20091017,0400,2984, ,CFS
SHA,H,76,INFLOW,20091017,0500,2877, ,CFS
SHA,H,76,INFLOW,20091017,0600,-922, ,CFS
SHA,H,76,INFLOW,20091017,0700,3003, ,CFS
SHA,H,76,INFLOW,20091017,0800,3599, ,CFS
SHA,H,76,INFLOW,20091017,0900,1009, ,CFS
SHA,H,76,INFLOW,20091017,1000,3604, ,CFS
SHA,H,76,INFLOW,20091017,1100,-211, ,CFS
SHA,H,76,INFLOW,20091017,1200,3152, ,CFS
SHA,H,76,INFLOW,20091017,1300,3905, ,CFS
SHA,H,76,INFLOW,20091017,1400,7958, ,CFS
SHA,H,76,INFLOW,20091017,1500,10229, ,CFS
SHA,H,76,INFLOW,20091017,1600,8009, ,CFS
SHA,H,76,INFLOW,20091017,1700,7429, ,CFS
SHA,H,76,INFLOW,20091017,1800,5657, ,CFS
SHA,H,76,INFLOW,20091017,1900,5610, ,CFS
SHA,H,76,INFLOW,20091017,2000,10523, ,CFS
SHA,H,76,INFLOW,20091017,2100,8364, ,CFS
SHA,H,76,INFLOW,20091017,2200,5879, ,CFS
SHA,H,76,INFLOW,20091017,2300,3556, ,CFS
SHA,H,76,INFLOW,20091018,0000,4317, ,CFS
SHA,H,76,INFLOW,20091018,0100,3545, ,CFS
SHA,H,76,INFLOW,20091018,0200,3091, ,CFS
SHA,H,76,INFLOW,20091018,0300,1183, ,CFS
SHA,H,76,INFLOW,20091018,0400,3188, ,CFS
SHA,H,76,INFLOW,20091018,0500,-538, ,CFS
SHA,H,76,INFLOW,20091018,0600,1455, ,CFS
SHA,H,76,INFLOW,20091018,0700,553, ,CFS
SHA,H,76,INFLOW,20091018,0800,1507, ,CFS
SHA,H,76,INFLOW,20091018,0900,3274, ,CFS
SHA,H,76,INFLOW,20091018,1000,1589, ,CFS
SHA,H,76,INFLOW,20091018,1100,597, ,CFS
SHA,H,76,INFLOW,20091018,1200,2551, ,CFS
SHA,H,76,INFLOW,20091018,1300,4764, ,CFS
SHA,H,76,INFLOW,20091018,1400,6238, ,CFS
SHA,H,76,INFLOW,20091018,1500,8479, ,CFS
SHA,H,76,INFLOW,20091018,1600,5493, ,CFS
SHA,H,76,INFLOW,20091018,1700,7370, ,CFS
SHA,H,76,INFLOW,20091018,1800,7361, ,CFS
SHA,H,76,INFLOW,20091018,1900,5763, ,CFS
SHA,H,76,INFLOW,20091018,2000,8689, ,CFS
SHA,H,76,INFLOW,20091018,2100,7222, ,CFS
SHA,H,76,INFLOW,20091018,2200,7450, ,CFS
SHA,H,76,INFLOW,20091018,2300,4790, ,CFS
SHA,H,76,INFLOW,20091019,0000,7650, ,CFS
SHA,H,76,INFLOW,20091019,0100,175, ,CFS
SHA,H,76,INFLOW,20091019,0200,-245, ,CFS
SHA,H,76,INFLOW,20091019,0300,5355, ,CFS
SHA,H,76,INFLOW,20091019,0400,-2231, ,CFS
SHA,H,76,INFLOW,20091019,0500,5579, ,CFS
SHA,H,76,INFLOW,20091019,0600,4171, ,CFS
SHA,H,76,INFLOW,20091019,0700,4827, ,CFS
SHA,H,76,INFLOW,20091019,0800,1610, ,CFS
SHA,H,76,INFLOW,20091019,0900,3684, ,CFS
SHA,H,76,INFLOW,20091019,1000,1666, ,CFS
SHA,H,76,INFLOW,20091019,1100,2794, ,CFS
SHA,H,76,INFLOW,20091019,1200,5219, ,CFS
SHA,H,76,INFLOW,20091019,1300,6964, ,CFS
SHA,H,76,INFLOW,20091019,1400,4804, ,CFS
SHA,H,76,INFLOW,20091019,1500,6276, ,CFS
SHA,H,76,INFLOW,20091019,1600,6673, ,CFS
SHA,H,76,INFLOW,20091019,1700,4828, ,CFS
SHA,H,76,INFLOW,20091019,1800,6468, ,CFS
SHA,H,76,INFLOW,20091019,1900,6205, ,CFS
SHA,H,76,INFLOW,20091019,2000,4524, ,CFS
SHA,H,76,INFLOW,20091019,2100,9828, ,CFS
SHA,H,76,INFLOW,20091019,2200,3803, ,CFS
SHA,H,76,INFLOW,20091019,2300,8031, ,CFS
SHA,H,76,INFLOW,20091020,0000,8607, ,CFS
SHA,H,76,INFLOW,20091020,0100,5542, ,CFS
SHA,H,76,INFLOW,20091020,0200,3372, ,CFS
SHA,H,76,INFLOW,20091020,0300,7029, ,CFS
SHA,H,76,INFLOW,20091020,0400,2768, ,CFS
SHA,H,76,INFLOW,20091020,0500,1239, ,CFS
SHA,H,76,INFLOW,20091020,0600,3136, ,CFS
SHA,H,76,INFLOW,20091020,0700,1900, ,CFS
SHA,H,76,INFLOW,20091020,0800,2186, ,CFS
SHA,H,76,INFLOW,20091020,0900,1887, ,CFS
SHA,H,76,INFLOW,20091020,1000,-867, ,CFS
SHA,H,76,INFLOW,20091020,1100,2276, ,CFS
SHA,H,76,INFLOW,20091020,1200,7484, ,CFS
SHA,H,76,INFLOW,20091020,1300,7959, ,CFS
SHA,H,76,INFLOW,20091020,1400,3348, ,CFS
SHA,H,76,INFLOW,20091020,1500,6680, ,CFS
SHA,H,76,INFLOW,20091020,1600,5402, ,CFS
SHA,H,76,INFLOW,20091020,1700,7465, ,CFS
SHA,H,76,INFLOW,20091020,1800,4231, ,CFS
SHA,H,76,INFLOW,20091020,1900,6375, ,CFS
SHA,H,76,INFLOW,20091020,2000,7003, ,CFS
SHA,H,76,INFLOW,20091020,2100,5896, ,CFS
SHA,H,76,INFLOW,20091020,2200,6400, ,CFS
SHA,H,76,INFLOW,20091020,2300,4760, ,CFS
SHA,H,76,INFLOW,20091021,0000,3512, ,CFS
SHA,H,76,INFLOW,20091021,0100,5172, ,CFS
SHA,H,76,INFLOW,20091021,0200,1408, ,CFS
SHA,H,76,INFLOW,20091021,0300,1469, ,CFS
SHA,H,76,INFLOW,20091021,0400,3378, ,CFS
SHA,H,76,INFLOW,20091021,0500,-1516, ,CFS
SHA,H,76,INFLOW,20091021,0600,3641, ,CFS
SHA,H,76,INFLOW,20091021,0700,1982, ,CFS
SHA,H,76,INFLOW,20091021,0800,-1514, ,CFS
SHA,H,76,INFLOW,20091021,0900,2451, ,CFS
SHA,H,76,INFLOW,20091021,1000,816, ,CFS
SHA,H,76,INFLOW,20091021,1100,1246, ,CFS
SHA,H,76,INFLOW,20091021,1200,3449, ,CFS
SHA,H,76,INFLOW,20091021,1300,6969, ,CFS
SHA,H,76,INFLOW,20091021,1400,7213, ,CFS
SHA,H,76,INFLOW,20091021,1500,5190, ,CFS
SHA,H,76,INFLOW,20091021,1600,4791, ,CFS
SHA,H,76,INFLOW,20091021,1700,8091, ,CFS
SHA,H,76,INFLOW,20091021,1800,4859, ,CFS
SHA,H,76,INFLOW,20091021,1900,6740, ,CFS
SHA,H,76,INFLOW,20091021,2000,4962, ,CFS
SHA,H,76,INFLOW,20091021,2100,6395, ,CFS
SHA,H,76,INFLOW,20091021,2200,6404, ,CFS
SHA,H,76,INFLOW,20091021,2300,4031, ,CFS
SHA,H,76,INFLOW,20091022,0000,6292, ,CFS
SHA,H,76,INFLOW,20091022,0100,1865, ,CFS
SHA,H,76,INFLOW,20091022,0200,1736, ,CFS
SHA,H,76,INFLOW,20091022,0300,1879, ,CFS
SHA,H,76,INFLOW,20091022,0400,3406, ,CFS
SHA,H,76,INFLOW,20091022,0500,3310, ,CFS
SHA,H,76,INFLOW,20091022,0600,-366, ,CFS
SHA,H,76,INFLOW,20091022,0700,627, ,CFS
SHA,H,76,INFLOW,20091022,0800,2772, ,CFS
SHA,H,76,INFLOW,20091022,0900,-1069, ,CFS
SHA,H,76,INFLOW,20091022,1000,981, ,CFS
SHA,H,76,INFLOW,20091022,1100,3838, ,CFS
SHA,H,76,INFLOW,20091022,1200,3586, ,CFS
SHA,H,76,INFLOW,20091022,1300,10776, ,CFS
SHA,H,76,INFLOW,20091022,1400,1839, ,CFS
SHA,H,76,INFLOW,20091022,1500,7436, ,CFS
SHA,H,76,INFLOW,20091022,1600,5532, ,CFS
SHA,H,76,INFLOW,20091022,1700,3608, ,CFS
SHA,H,76,INFLOW,20091022,1800,5742, ,CFS
SHA,H,76,INFLOW,20091022,1900,8023, ,CFS
SHA,H,76,INFLOW,20091022,2000,4013, ,CFS
SHA,H,76,INFLOW,20091022,2100,6034, ,CFS
SHA,H,76,INFLOW,20091022,2200,9557, ,CFS
SHA,H,76,INFLOW,20091022,2300,6079, ,CFS
SHA,H,76,INFLOW,20091023,0000,2885, ,CFS
SHA,H,76,INFLOW,20091023,0100,3945, ,CFS
SHA,H,76,INFLOW,20091023,0200,3381, ,CFS
SHA,H,76,INFLOW,20091023,0300,309, ,CFS
SHA,H,76,INFLOW,20091023,0400,1726, ,CFS
SHA,H,76,INFLOW,20091023,0500,418, ,CFS
SHA,H,76,INFLOW,20091023,0600,4106, ,CFS
SHA,H,76,INFLOW,20091023,0700,-2301, ,CFS
SHA,H,76,INFLOW,20091023,0800,3750, ,CFS
SHA,H,76,INFLOW,20091023,0900,1912, ,CFS
SHA,H,76,INFLOW,20091023,1000,-1946, ,CFS
SHA,H,76,INFLOW,20091023,1100,9536, ,CFS
SHA,H,76,INFLOW,20091023,1200,2275, ,CFS
SHA,H,76,INFLOW,20091023,1300,7946, ,CFS
SHA,H,76,INFLOW,20091023,1400,6076, ,CFS
SHA,H,76,INFLOW,20091023,1500,5115, ,CFS
SHA,H,76,INFLOW,20091023,1600,7323, ,CFS
SHA,H,76,INFLOW,20091023,1700,7440, ,CFS
SHA,H,76,INFLOW,20091023,1800,5893, ,CFS
SHA,H,76,INFLOW,20091023,1900,6265, ,CFS
SHA,H,76,INFLOW,20091023,2000,8034, ,CFS
SHA,H,76,INFLOW,20091023,2100,3675, ,CFS
SHA,H,76,INFLOW,20091023,2200,7963, ,CFS
SHA,H,76,INFLOW,20091023,2300,3847, ,CFS
SHA,H,76,INFLOW,20091024,0000,3566, ,CFS
SHA,H,76,INFLOW,20091024,0100,258, ,CFS
SHA,H,76,INFLOW,20091024,0200,7197, ,CFS
SHA,H,76,INFLOW,20091024,0300,-2243, ,CFS
SHA,H,76,INFLOW,20091024,0400,1440, ,CFS
SHA,H,76,INFLOW,20091024,0500,1075, ,CFS
SHA,H,76,INFLOW,20091024,0600,1290, ,CFS
SHA,H,76,INFLOW,20091024,0700,2189, ,CFS
SHA,H,76,INFLOW,20091024,0800,2596, ,CFS
SHA,H,76,INFLOW,20091024,0900,-1097, ,CFS
SHA,H,76,INFLOW,20091024,1000,-839, ,CFS
SHA,H,76,INFLOW,20091024,1100,6324, ,CFS
SHA,H,76,INFLOW,20091024,1200,1563, ,CFS
SHA,H,76,INFLOW,20091024,1300,5877, ,CFS
SHA,H,76,INFLOW,20091024,1400,6241, ,CFS
SHA,H,76,INFLOW,20091024,1500,7636, ,CFS
SHA,H,76,INFLOW,20091024,1600,5237, ,CFS
SHA,H,76,INFLOW,20091024,1700,5822, ,CFS
SHA,H,76,INFLOW,20091024,1800,5459, ,CFS
SHA,H,76,INFLOW,20091024,1900,7564, ,CFS
SHA,H,76,INFLOW,20091024,2000,6611, ,CFS
SHA,H,76,INFLOW,20091024,2100,4216, ,CFS
SHA,H,76,INFLOW,20091024,2200,6470, ,CFS
SHA,H,76,INFLOW,20091024,2300,5834, ,CFS
SHA,H,76,INFLOW,20091025,0000,1840, ,CFS
SHA,H,76,INFLOW,20091025,0100,-195, ,CFS
SHA,H,76,INFLOW,20091025,0200,5232, ,CFS
SHA,H,76,INFLOW,20091025,0300,-160, ,CFS
SHA,H,76,INFLOW,20091025,0400,1723, ,CFS
SHA,H,76,INFLOW,20091025,0500,1638, ,CFS
SHA,H,76,INFLOW,20091025,0600,1598, ,CFS
SHA,H,76,INFLOW,20091025,0700,2379, ,CFS
SHA,H,76,INFLOW,20091025,0800,805, ,CFS
SHA,H,76,INFLOW,20091025,0900,-894, ,CFS
SHA,H,76,INFLOW,20091025,1000,962, ,CFS
SHA,H,76,INFLOW,20091025,1100,1110, ,CFS
SHA,H,76,INFLOW,20091025,1200,105, ,CFS
SHA,H,76,INFLOW,20091025,1300,3827, ,CFS
SHA,H,76,INFLOW,20091025,1400,6729, ,CFS
SHA,H,76,INFLOW,20091025,1500,3437, ,CFS
SHA,H,76,INFLOW,20091025,1600,7843, ,CFS
SHA,H,76,INFLOW,20091025,1700,6408, ,CFS
SHA,H,76,INFLOW,20091025,1800,6915, ,CFS
SHA,H,76,INFLOW,20091025,1900,6897, ,CFS
SHA,H,76,INFLOW,20091025,2000,10561, ,CFS
SHA,H,76,INFLOW,20091025,2100,7406, ,CFS
SHA,H,76,INFLOW,20091025,2200,9221, ,CFS
SHA,H,76,INFLOW,20091025,2300,3422, ,CFS
SHA,H,76,INFLOW,20091026,0000,5719, ,CFS
SHA,H,76,INFLOW,20091026,0100,-157, ,CFS
SHA,H,76,INFLOW,20091026,0200,1648, ,CFS
SHA,H,76,INFLOW,20091026,0300,3434, ,CFS
SHA,H,76,INFLOW,20091026,0400,-316, ,CFS
SHA,H,76,INFLOW,20091026,0500,1727, ,CFS
SHA,H,76,INFLOW,20091026,0600,2162, ,CFS
SHA,H,76,INFLOW,20091026,0700,602, ,CFS
SHA,H,76,INFLOW,20091026,0800,2509, ,CFS
SHA,H,76,INFLOW,20091026,0900,458, ,CFS
SHA,H,76,INFLOW,20091026,1000,556, ,CFS
SHA,H,76,INFLOW,20091026,1100,588, ,CFS
SHA,H,76,INFLOW,20091026,1200,709, ,CFS
SHA,H,76,INFLOW,20091026,1300,4895, ,CFS
SHA,H,76,INFLOW,20091026,1400,9402, ,CFS
SHA,H,76,INFLOW,20091026,1500,5732, ,CFS
SHA,H,76,INFLOW,20091026,1600,1055, ,CFS
SHA,H,76,INFLOW,20091026,1700,4777, ,CFS
SHA,H,76,INFLOW,20091026,1800,12342, ,CFS
SHA,H,76,INFLOW,20091026,1900,5699, ,CFS
SHA,H,76,INFLOW,20091026,2000,3489, ,CFS
SHA,H,76,INFLOW,20091026,2100,7236, ,CFS
SHA,H,76,INFLOW,20091026,2200,10078, ,CFS
SHA,H,76,INFLOW,20091026,2300,1283, ,CFS
SHA,H,76,INFLOW,20091027,0000,5402, ,CFS
SHA,H,76,INFLOW,20091027,0100,4111, ,CFS
SHA,H,76,INFLOW,20091027,0200,2223, ,CFS
SHA,H,76,INFLOW,20091027,0300,2154, ,CFS
SHA,H,76,INFLOW,20091027,0400,-1500, ,CFS
SHA,H,76,INFLOW,20091027,0500,2364, ,CFS
SHA,H,76,INFLOW,20091027,0600,378, ,CFS
SHA,H,76,INFLOW,20091027,0700,2074, ,CFS
SHA,H,76,INFLOW,20091027,0800,-1174, ,CFS
SHA,H,76,INFLOW,20091027,0900,5945, ,CFS
SHA,H,76,INFLOW,20091027,1000,-1317, ,CFS
SHA,H,76,INFLOW,20091027,1100,244, ,CFS
SHA,H,76,INFLOW,20091027,1200,2013, ,CFS
SHA,H,76,INFLOW,20091027,1300,5814, ,CFS
SHA,H,76,INFLOW,20091027,1400,5909, ,CFS
SHA,H,76,INFLOW,20091027,1500,9855, ,CFS
SHA,H,76,INFLOW,20091027,1600,477, ,CFS
SHA,H,76,INFLOW,20091027,1700,3825, ,CFS
SHA,H,76,INFLOW,20091027,1800,10383, ,CFS
SHA,H,76,INFLOW,20091027,1900,5542, ,CFS
SHA,H,76,INFLOW,20091027,2000,5748, ,CFS
SHA,H,76,INFLOW,20091027,2100,9121, ,CFS
SHA,H,76,INFLOW,20091027,2200,4515, ,CFS
SHA,H,76,INFLOW,20091027,2300,5173, ,CFS
SHA,H,76,INFLOW,20091028,0000,1063, ,CFS
SHA,H,76,INFLOW,20091028,0100,625, ,CFS
SHA,H,76,INFLOW,20091028,0200,2149, ,CFS
SHA,H,76,INFLOW,20091028,0300,3899, ,CFS
SHA,H,76,INFLOW,20091028,0400,348, ,CFS
SHA,H,76,INFLOW,20091028,0500,438, ,CFS
SHA,H,76,INFLOW,20091028,0600,-855, ,CFS
SHA,H,76,INFLOW,20091028,0700,3550, ,CFS
SHA,H,76,INFLOW,20091028,0800,1242, ,CFS
SHA,H,76,INFLOW,20091028,0900,2677, ,CFS
SHA,H,76,INFLOW,20091028,1000,2253, ,CFS
SHA,H,76,INFLOW,20091028,1100,-1691, ,CFS
SHA,H,76,INFLOW,20091028,1200,3641, ,CFS
SHA,H,76,INFLOW,20091028,1300,1066, ,CFS
SHA,H,76,INFLOW,20091028,1400,8578, ,CFS
SHA,H,76,INFLOW,20091028,1500,4880, ,CFS
SHA,H,76,INFLOW,20091028,1600,5774, ,CFS
SHA,H,76,INFLOW,20091028,1700,3930, ,CFS
SHA,H,76,INFLOW,20091028,1800,5899, ,CFS
SHA,H,76,INFLOW,20091028,1900,5014, ,CFS
SHA,H,76,INFLOW,20091028,2000,7422, ,CFS
SHA,H,76,INFLOW,20091028,2100,8712, ,CFS
SHA,H,76,INFLOW,20091028,2200,9378, ,CFS
SHA,H,76,INFLOW,20091028,2300,2029, ,CFS
SHA,H,76,INFLOW,20091029,0000,3423, ,CFS
SHA,H,76,INFLOW,20091029,0100,-94, ,CFS
SHA,H,76,INFLOW,20091029,0200,3602, ,CFS
SHA,H,76,INFLOW,20091029,0300,-310, ,CFS
SHA,H,76,INFLOW,20091029,0400,3545, ,CFS
SHA,H,76,INFLOW,20091029,0500,-1954, ,CFS
SHA,H,76,INFLOW,20091029,0600,2392, ,CFS
SHA,H,76,INFLOW,20091029,0700,761, ,CFS
SHA,H,76,INFLOW,20091029,0800,430, ,CFS
SHA,H,76,INFLOW,20091029,0900,5477, ,CFS
SHA,H,76,INFLOW,20091029,1000,-550, ,CFS
SHA,H,76,INFLOW,20091029,1100,3426, ,CFS
SHA,H,76,INFLOW,20091029,1200,4888, ,CFS
SHA,H,76,INFLOW,20091029,1300,4340, ,CFS
SHA,H,76,INFLOW,20091029,1400,2526, ,CFS
SHA,H,76,INFLOW,20091029,1500,6849, ,CFS
SHA,H,76,INFLOW,20091029,1600,505, ,CFS
SHA,H,76,INFLOW,20091029,1700,8535, ,CFS
SHA,H,76,INFLOW,20091029,1800,2671, ,CFS
SHA,H,76,INFLOW,20091029,1900,5332, ,CFS
SHA,H,76,INFLOW,20091029,2000,4391, ,CFS
SHA,H,76,INFLOW,20091029,2100,10045, ,CFS
SHA,H,76,INFLOW,20091029,2200,7217, ,CFS
SHA,H,76,INFLOW,20091029,2300,2394, ,CFS
SHA,H,76,INFLOW,20091030,0000,3555, ,CFS
SHA,H,76,INFLOW,20091030,0100,5742, ,CFS
SHA,H,76,INFLOW,20091030,0200,92, ,CFS
SHA,H,76,INFLOW,20091030,0300,3709, ,CFS
SHA,H,76,INFLOW,20091030,0400,93, ,CFS
SHA,H,76,INFLOW,20091030,0500,74, ,CFS
SHA,H,76,INFLOW,20091030,0600,1549, ,CFS
SHA,H,76,INFLOW,20091030,0700,1653, ,CFS
SHA,H,76,INFLOW,20091030,0800,439, ,CFS
SHA,H,76,INFLOW,20091030,0900,755, ,CFS
SHA,H,76,INFLOW,20091030,1000,1493, ,CFS
SHA,H,76,INFLOW,20091030,1100,4962, ,CFS
SHA,H,76,INFLOW,20091030,1200,2800, ,CFS
SHA,H,76,INFLOW,20091030,1300,3088, ,CFS
SHA,H,76,INFLOW,20091030,1400,5393, ,CFS
SHA,H,76,INFLOW,20091030,1500,2182, ,CFS
SHA,H,76,INFLOW,20091030,1600,3864, ,CFS
SHA,H,76,INFLOW,20091030,1700,2872, ,CFS
SHA,H,76,INFLOW,20091030,1800,4975, ,CFS
SHA,H,76,INFLOW,20091030,1900,3704, ,CFS
SHA,H,76,INFLOW,20091030,2000,5820, ,CFS
SHA,H,76,INFLOW,20091030,2100,5687, ,CFS
SHA,H,76,INFLOW,20091030,2200,6347, ,CFS
SHA,H,76,INFLOW,20091030,2300,3411, ,CFS
SHA,H,76,INFLOW,20091031,0000,4857, ,CFS
SHA,H,76,INFLOW,20091031,0100,-74, ,CFS
SHA,H,76,INFLOW,20091031,0200,3849, ,CFS
SHA,H,76,INFLOW,20091031,0300,-116, ,CFS
SHA,H,76,INFLOW,20091031,0400,1523, ,CFS
SHA,H,76,INFLOW,20091031,0500,1423, ,CFS
SHA,H,76,INFLOW,20091031,0600,-397, ,CFS
SHA,H,76,INFLOW,20091031,0700,1243, ,CFS
SHA,H,76,INFLOW,20091031,0800,1878, ,CFS
SHA,H,76,INFLOW,20091031,0900,1873, ,CFS
SHA,H,76,INFLOW,20091031,1000,-48, ,CFS
SHA,H,76,INFLOW,20091031,1100,1786, ,CFS
SHA,H,76,INFLOW,20091031,1200,949, ,CFS
SHA,H,76,INFLOW,20091031,1300,2640, ,CFS
SHA,H,76,INFLOW,20091031,1400,7103, ,CFS
SHA,H,76,INFLOW,20091031,1500,5674, ,CFS
SHA,H,76,INFLOW,20091031,1600,3759, ,CFS
SHA,H,76,INFLOW,20091031,1700,7914, ,CFS
SHA,H,76,INFLOW,20091031,1800,4456, ,CFS
SHA,H,76,INFLOW,20091031,1900,5709, ,CFS
SHA,H,76,INFLOW,20091031,2000,7178, ,CFS
SHA,H,76,INFLOW,20091031,2100,6396, ,CFS
SHA,H,76,INFLOW,20091031,2200,6428, ,CFS
SHA,H,76,INFLOW,20091031,2300,5360, ,CFS
SHA,H,76,INFLOW,20091101,0000,2391, ,CFS
SHA,H,76,INFLOW,20091101,0100,1931, ,CFS
SHA,H,76,INFLOW,20091101,0200,-128, ,CFS
SHA,H,76,INFLOW,20091101,0300,303, ,CFS
SHA,H,76,INFLOW,20091101,0400,1924, ,CFS
SHA,H,76,INFLOW,20091101,0500,33, ,CFS
SHA,H,76,INFLOW,20091101,0600,1841, ,CFS
SHA,H,76,INFLOW,20091101,0700,1834, ,CFS
SHA,H,76,INFLOW,20091101,0800,1555, ,CFS
SHA,H,76,INFLOW,20091101,0900,-1074, ,CFS
SHA,H,76,INFLOW,20091101,1000,2512, ,CFS
SHA,H,76,INFLOW,20091101,1100,616, ,CFS
SHA,H,76,INFLOW,20091101,1200,-1176, ,CFS
SHA,H,76,INFLOW,20091101,1300,2611, ,CFS
SHA,H,76,INFLOW,20091101,1400,3043, ,CFS
SHA,H,76,INFLOW,20091101,1500,5129, ,CFS
SHA,H,76,INFLOW,20091101,1600,6061, ,CFS
SHA,H,76,INFLOW,20091101,1700,4119, ,CFS
SHA,H,76,INFLOW,20091101,1800,6583, ,CFS
SHA,H,76,INFLOW,20091101,1900,7140, ,CFS
SHA,H,76,INFLOW,20091101,2000,4944, ,CFS
SHA,H,76,INFLOW,20091101,2100,7778, ,CFS
SHA,H,76,INFLOW,20091101,2200,2091, ,CFS
SHA,H,76,INFLOW,20091101,2300,5740, ,CFS
SHA,H,76,INFLOW,20091102,0000,3438, ,CFS
SHA,H,76,INFLOW,20091102,0100,3031, ,CFS
SHA,H,76,INFLOW,20091102,0200,3082, ,CFS
SHA,H,76,INFLOW,20091102,0300,-763, ,CFS
SHA,H,76,INFLOW,20091102,0400,1592, ,CFS
SHA,H,76,INFLOW,20091102,0500,105, ,CFS
SHA,H,76,INFLOW,20091102,0600,4228, ,CFS
SHA,H,76,INFLOW,20091102,0700,-639, ,CFS
SHA,H,76,INFLOW,20091102,0800,-2408, ,CFS
SHA,H,76,INFLOW,20091102,0900,1893, ,CFS
SHA,H,76,INFLOW,20091102,1000,3583, ,CFS
SHA,H,76,INFLOW,20091102,1100,-1292, ,CFS
SHA,H,76,INFLOW,20091102,1200,2827, ,CFS
SHA,H,76,INFLOW,20091102,1300,5836, ,CFS
SHA,H,76,INFLOW,20091102,1400,6909, ,CFS
SHA,H,76,INFLOW,20091102,1500,5393, ,CFS
SHA,H,76,INFLOW,20091102,1600,4327, ,CFS
SHA,H,76,INFLOW,20091102,1700,-4464, ,CFS
SHA,H,76,INFLOW,20091102,1800,8270, ,CFS
SHA,H,76,INFLOW,20091102,1900,1025, ,CFS
SHA,H,76,INFLOW,20091102,2000,3072, ,CFS
SHA,H,76,INFLOW,20091102,2100,8886, ,CFS
SHA,H,76,INFLOW,20091102,2200,-181, ,CFS
SHA,H,76,INFLOW,20091102,2300,1336, ,CFS
SHA,H,76,INFLOW,20091103,0000,2938, ,CFS
SHA,H,76,INFLOW,20091103,0100,2065, ,CFS
SHA,H,76,INFLOW,20091103,0200,1759, ,CFS
SHA,H,76,INFLOW,20091103,0300,1739, ,CFS
SHA,H,76,INFLOW,20091103,0400,-508, ,CFS
SHA,H,76,INFLOW,20091103,0500,1427, ,CFS
SHA,H,76,INFLOW,20091103,0600,-187, ,CFS
SHA,H,76,INFLOW,20091103,0700,2528, ,CFS
SHA,H,76,INFLOW,20091103,0800,695, ,CFS
SHA,H,76,INFLOW,20091103,0900,3362, ,CFS
SHA,H,76,INFLOW,20091103,1000,1436, ,CFS
SHA,H,76,INFLOW,20091103,1100,-449, ,CFS
SHA,H,76,INFLOW,20091103,1200,2375, ,CFS
SHA,H,76,INFLOW,20091103,1300,2152, ,CFS
SHA,H,76,INFLOW,20091103,1400,1953, ,CFS
SHA,H,76,INFLOW,20091103,1500,8011, ,CFS
SHA,H,76,INFLOW,20091103,1600,6177, ,CFS
SHA,H,76,INFLOW,20091103,1700,8043, ,CFS
SHA,H,76,INFLOW,20091103,1800,5619, ,CFS
SHA,H,76,INFLOW,20091103,1900,7744, ,CFS
SHA,H,76,INFLOW,20091103,2000,7700, ,CFS
SHA,H,76,INFLOW,20091103,2100,4602, ,CFS
SHA,H,76,INFLOW,20091103,2200,7501, ,CFS
SHA,H,76,INFLOW,20091103,2300,327, ,CFS
SHA,H,76,INFLOW,20091104,0000,7100, ,CFS
SHA,H,76,INFLOW,20091104,0100,1628, ,CFS
SHA,H,76,INFLOW,20091104,0200,1162, ,CFS
SHA,H,76,INFLOW,20091104,0300,954, ,CFS
SHA,H,76,INFLOW,20091104,0400,1279, ,CFS
SHA,H,76,INFLOW,20091104,0500,1738, ,CFS
SHA,H,76,INFLOW,20091104,0600,528, ,CFS
SHA,H,76,INFLOW,20091104,0700,2057, ,CFS
SHA,H,76,INFLOW,20091104,0800,-1633, ,CFS
SHA,H,76,INFLOW,20091104,0900,474, ,CFS
SHA,H,76,INFLOW,20091104,1000,467, ,CFS
SHA,H,76,INFLOW,20091104,1100,2417, ,CFS
SHA,H,76,INFLOW,20091104,1200,2327, ,CFS
SHA,H,76,INFLOW,20091104,1300,123, ,CFS
SHA,H,76,INFLOW,20091104,1400,2143, ,CFS
SHA,H,76,INFLOW,20091104,1500,4888, ,CFS
SHA,H,76,INFLOW,20091104,1600,5121, ,CFS
SHA,H,76,INFLOW,20091104,1700,7054, ,CFS
SHA,H,76,INFLOW,20091104,1800,4701, ,CFS
SHA,H,76,INFLOW,20091104,1900,6911, ,CFS
SHA,H,76,INFLOW,20091104,2000,5812, ,CFS
SHA,H,76,INFLOW,20091104,2100,2226, ,CFS
SHA,H,76,INFLOW,20091104,2200,7440, ,CFS
SHA,H,76,INFLOW,20091104,2300,293, ,CFS
SHA,H,76,INFLOW,20091105,0000,4755, ,CFS
SHA,H,76,INFLOW,20091105,0100,4139, ,CFS
SHA,H,76,INFLOW,20091105,0200,-30, ,CFS
SHA,H,76,INFLOW,20091105,0300,3736, ,CFS
SHA,H,76,INFLOW,20091105,0400,1591, ,CFS
SHA,H,76,INFLOW,20091105,0500,-540, ,CFS
SHA,H,76,INFLOW,20091105,0600,3536, ,CFS
SHA,H,76,INFLOW,20091105,0700,1418, ,CFS
SHA,H,76,INFLOW,20091105,0800,144, ,CFS
SHA,H,76,INFLOW,20091105,0900,2736, ,CFS
SHA,H,76,INFLOW,20091105,1000,2830, ,CFS
SHA,H,76,INFLOW,20091105,1100,4763, ,CFS
SHA,H,76,INFLOW,20091105,1200,8781, ,CFS
SHA,H,76,INFLOW,20091105,1300,7079, ,CFS
SHA,H,76,INFLOW,20091105,1400,6388, ,CFS
SHA,H,76,INFLOW,20091105,1500,6151, ,CFS
SHA,H,76,INFLOW,20091105,1600,2592, ,CFS
SHA,H,76,INFLOW,20091105,1700,6962, ,CFS
SHA,H,76,INFLOW,20091105,1800,3285, ,CFS
SHA,H,76,INFLOW,20091105,1900,1685, ,CFS
SHA,H,76,INFLOW,20091105,2000,7102, ,CFS
SHA,H,76,INFLOW,20091105,2100,6460, ,CFS
SHA,H,76,INFLOW,20091105,2200,2990, ,CFS
SHA,H,76,INFLOW,20091105,2300,3928, ,CFS
SHA,H,76,INFLOW,20091106,0000,2338, ,CFS
SHA,H,76,INFLOW,20091106,0100,3706, ,CFS
SHA,H,76,INFLOW,20091106,0200,3946, ,CFS
SHA,H,76,INFLOW,20091106,0300,-3782, ,CFS
SHA,H,76,INFLOW,20091106,0400,5739, ,CFS
SHA,H,76,INFLOW,20091106,0500,5687, ,CFS
SHA,H,76,INFLOW,20091106,0600,445, ,CFS
SHA,H,76,INFLOW,20091106,0700,1187, ,CFS
SHA,H,76,INFLOW,20091106,0800,1471, ,CFS
SHA,H,76,INFLOW,20091106,0900,1348, ,CFS
SHA,H,76,INFLOW,20091106,1000,6967, ,CFS
SHA,H,76,INFLOW,20091106,1100,8523, ,CFS
SHA,H,76,INFLOW,20091106,1200,6830, ,CFS
SHA,H,76,INFLOW,20091106,1300,9116, ,CFS
SHA,H,76,INFLOW,20091106,1400,5674, ,CFS
SHA,H,76,INFLOW,20091106,1500,5355, ,CFS
SHA,H,76,INFLOW,20091106,1600,1725, ,CFS
SHA,H,76,INFLOW,20091106,1700,5325, ,CFS
SHA,H,76,INFLOW,20091106,1800,9039, ,CFS
SHA,H,76,INFLOW,20091106,1900,5508, ,CFS
SHA,H,76,INFLOW,20091106,2000,6514, ,CFS
SHA,H,76,INFLOW,20091106,2100,3404, ,CFS
SHA,H,76,INFLOW,20091106,2200,6992, ,CFS
SHA,H,76,INFLOW,20091106,2300,3621, ,CFS
SHA,H,76,INFLOW,20091107,0000,5599, ,CFS
SHA,H,76,INFLOW,20091107,0100,539, ,CFS
SHA,H,76,INFLOW,20091107,0200,4075, ,CFS
SHA,H,76,INFLOW,20091107,0300,211, ,CFS
SHA,H,76,INFLOW,20091107,0400,3071, ,CFS
SHA,H,76,INFLOW,20091107,0500,753, ,CFS
SHA,H,76,INFLOW,20091107,0600,4865, ,CFS
SHA,H,76,INFLOW,20091107,0700,-2053, ,CFS
SHA,H,76,INFLOW,20091107,0800,1983, ,CFS
SHA,H,76,INFLOW,20091107,0900,2881, ,CFS
SHA,H,76,INFLOW,20091107,1000,-811, ,CFS
SHA,H,76,INFLOW,20091107,1100,6267, ,CFS
SHA,H,76,INFLOW,20091107,1200,6924, ,CFS
SHA,H,76,INFLOW,20091107,1300,4033, ,CFS
SHA,H,76,INFLOW,20091107,1400,6545, ,CFS
SHA,H,76,INFLOW,20091107,1500,8080, ,CFS
SHA,H,76,INFLOW,20091107,1600,3931, ,CFS
SHA,H,76,INFLOW,20091107,1700,7222, ,CFS
SHA,H,76,INFLOW,20091107,1800,6336, ,CFS
SHA,H,76,INFLOW,20091107,1900,4894, ,CFS
SHA,H,76,INFLOW,20091107,2000,8024, ,CFS
SHA,H,76,INFLOW,20091107,2100,5877, ,CFS
SHA,H,76,INFLOW,20091107,2200,5637, ,CFS
SHA,H,76,INFLOW,20091107,2300,3977, ,CFS
SHA,H,76,INFLOW,20091108,0000,3786, ,CFS
SHA,H,76,INFLOW,20091108,0100,2563, ,CFS
SHA,H,76,INFLOW,20091108,0200,2346, ,CFS
SHA,H,76,INFLOW,20091108,0300,2046, ,CFS
SHA,H,76,INFLOW,20091108,0400,1927, ,CFS
SHA,H,76,INFLOW,20091108,0500,2264, ,CFS
SHA,H,76,INFLOW,20091108,0600,429, ,CFS
SHA,H,76,INFLOW,20091108,0700,-245, ,CFS
SHA,H,76,INFLOW,20091108,0800,3287, ,CFS
SHA,H,76,INFLOW,20091108,0900,-2577, ,CFS
SHA,H,76,INFLOW,20091108,1000,3012, ,CFS
SHA,H,76,INFLOW,20091108,1100,-17, ,CFS
SHA,H,76,INFLOW,20091108,1200,6075, ,CFS
SHA,H,76,INFLOW,20091108,1300,2258, ,CFS
SHA,H,76,INFLOW,20091108,1400,4749, ,CFS
SHA,H,76,INFLOW,20091108,1500,2050, ,CFS
SHA,H,76,INFLOW,20091108,1600,3585, ,CFS
SHA,H,76,INFLOW,20091108,1700,7755, ,CFS
SHA,H,76,INFLOW,20091108,1800,7491, ,CFS
SHA,H,76,INFLOW,20091108,1900,6123, ,CFS
SHA,H,76,INFLOW,20091108,2000,5979, ,CFS
SHA,H,76,INFLOW,20091108,2100,8497, ,CFS
SHA,H,76,INFLOW,20091108,2200,3617, ,CFS
SHA,H,76,INFLOW,20091108,2300,6681, ,CFS
SHA,H,76,INFLOW,20091109,0000,2392, ,CFS
SHA,H,76,INFLOW,20091109,0100,-86, ,CFS
SHA,H,76,INFLOW,20091109,0200,5243, ,CFS
SHA,H,76,INFLOW,20091109,0300,-199, ,CFS
SHA,H,76,INFLOW,20091109,0400,1827, ,CFS
SHA,H,76,INFLOW,20091109,0500,2069, ,CFS
SHA,H,76,INFLOW,20091109,0600,385, ,CFS
SHA,H,76,INFLOW,20091109,0700,1597, ,CFS
SHA,H,76,INFLOW,20091109,0800,2104, ,CFS
SHA,H,76,INFLOW,20091109,0900,1019, ,CFS
SHA,H,76,INFLOW,20091109,1000,936, ,CFS
SHA,H,76,INFLOW,20091109,1100,5126, ,CFS
SHA,H,76,INFLOW,20091109,1200,6067, ,CFS
SHA,H,76,INFLOW,20091109,1300,6460, ,CFS
SHA,H,76,INFLOW,20091109,1400,11465, ,CFS
SHA,H,76,INFLOW,20091109,1500,1850, ,CFS
SHA,H,76,INFLOW,20091109,1600,7281, ,CFS
SHA,H,76,INFLOW,20091109,1700,6214, ,CFS
SHA,H,76,INFLOW,20091109,1800,7332, ,CFS
SHA,H,76,INFLOW,20091109,1900,6341, ,CFS
SHA,H,76,INFLOW,20091109,2000,5534, ,CFS
SHA,H,76,INFLOW,20091109,2100,9319, ,CFS
SHA,H,76,INFLOW,20091109,2200,1027, ,CFS
SHA,H,76,INFLOW,20091109,2300,6589, ,CFS
SHA,H,76,INFLOW,20091110,0000,771, ,CFS
SHA,H,76,INFLOW,20091110,0100,2068, ,CFS
SHA,H,76,INFLOW,20091110,0200,2251, ,CFS
SHA,H,76,INFLOW,20091110,0300,2206, ,CFS
SHA,H,76,INFLOW,20091110,0400,-156, ,CFS
SHA,H,76,INFLOW,20091110,0500,1761, ,CFS
SHA,H,76,INFLOW,20091110,0600,1771, ,CFS
SHA,H,76,INFLOW,20091110,0700,1603, ,CFS
SHA,H,76,INFLOW,20091110,0800,-580, ,CFS
SHA,H,76,INFLOW,20091110,0900,658, ,CFS
SHA,H,76,INFLOW,20091110,1000,2366, ,CFS
SHA,H,76,INFLOW,20091110,1100,2309, ,CFS
SHA,H,76,INFLOW,20091110,1200,8809, ,CFS
SHA,H,76,INFLOW,20091110,1300,5815, ,CFS
SHA,H,76,INFLOW,20091110,1400,1853, ,CFS
SHA,H,76,INFLOW,20091110,1500,5763, ,CFS
SHA,H,76,INFLOW,20091110,1600,3201, ,CFS
SHA,H,76,INFLOW,20091110,1700,958, ,CFS
SHA,H,76,INFLOW,20091110,1800,7873, ,CFS
SHA,H,76,INFLOW,20091110,1900,4535, ,CFS
SHA,H,76,INFLOW,20091110,2000,5833, ,CFS
SHA,H,76,INFLOW,20091110,2100,4904, ,CFS
SHA,H,76,INFLOW,20091110,2200,3987, ,CFS
SHA,H,76,INFLOW,20091110,2300,5241, ,CFS
SHA,H,76,INFLOW,20091111,0000,2092, ,CFS
SHA,H,76,INFLOW,20091111,0100,3990, ,CFS
SHA,H,76,INFLOW,20091111,0200,2257, ,CFS
SHA,H,76,INFLOW,20091111,0300,2063, ,CFS
SHA,H,76,INFLOW,20091111,0400,-323, ,CFS
SHA,H,76,INFLOW,20091111,0500,3116, ,CFS
SHA,H,76,INFLOW,20091111,0600,1047, ,CFS
SHA,H,76,INFLOW,20091111,0700,5405, ,CFS
SHA,H,76,INFLOW,20091111,0800,-229, ,CFS
SHA,H,76,INFLOW,20091111,0900,1938, ,CFS
SHA,H,76,INFLOW,20091111,1000,1368, ,CFS
SHA,H,76,INFLOW,20091111,1100,2302, ,CFS
SHA,H,76,INFLOW,20091111,1200,8098, ,CFS
SHA,H,76,INFLOW,20091111,1300,4358, ,CFS
SHA,H,76,INFLOW,20091111,1400,6268, ,CFS
SHA,H,76,INFLOW,20091111,1500,4231, ,CFS
SHA,H,76,INFLOW,20091111,1600,7368, ,CFS
SHA,H,76,INFLOW,20091111,1700,4038, ,CFS
SHA,H,76,INFLOW,20091111,1800,5871, ,CFS
SHA,H,76,INFLOW,20091111,1900,6064, ,CFS
SHA,H,76,INFLOW,20091111,2000,6123, ,CFS
SHA,H,76,INFLOW,20091111,2100,6266, ,CFS
SHA,H,76,INFLOW,20091111,2200,5537, ,CFS
SHA,H,76,INFLOW,20091111,2300,1366, ,CFS
SHA,H,76,INFLOW,20091112,0000,4680, ,CFS
SHA,H,76,INFLOW,20091112,0100,1874, ,CFS
SHA,H,76,INFLOW,20091112,0200,-14, ,CFS
SHA,H,76,INFLOW,20091112,0300,3598, ,CFS
SHA,H,76,INFLOW,20091112,0400,1933, ,CFS
SHA,H,76,INFLOW,20091112,0500,458, ,CFS
SHA,H,76,INFLOW,20091112,0600,380, ,CFS
SHA,H,76,INFLOW,20091112,0700,4189, ,CFS
SHA,H,76,INFLOW,20091112,0800,-1493, ,CFS
SHA,H,76,INFLOW,20091112,0900,2621, ,CFS
SHA,H,76,INFLOW,20091112,1000,898, ,CFS
SHA,H,76,INFLOW,20091112,1100,573, ,CFS
SHA,H,76,INFLOW,20091112,1200,1376, ,CFS
SHA,H,76,INFLOW,20091112,1300,2462, ,CFS
SHA,H,76,INFLOW,20091112,1400,8276, ,CFS
SHA,H,76,INFLOW,20091112,1500,6355, ,CFS
SHA,H,76,INFLOW,20091112,1600,2392, ,CFS
SHA,H,76,INFLOW,20091112,1700,9144, ,CFS
SHA,H,76,INFLOW,20091112,1800,7658, ,CFS
SHA,H,76,INFLOW,20091112,1900,5955, ,CFS
SHA,H,76,INFLOW,20091112,2000,9547, ,CFS
SHA,H,76,INFLOW,20091112,2100,4133, ,CFS
SHA,H,76,INFLOW,20091112,2200,5443, ,CFS
SHA,H,76,INFLOW,20091112,2300,2944, ,CFS
SHA,H,76,INFLOW,20091113,0000,1456, ,CFS
SHA,H,76,INFLOW,20091113,0100,1947, ,CFS
SHA,H,76,INFLOW,20091113,0200,3723, ,CFS
SHA,H,76,INFLOW,20091113,0300,-1579, ,CFS
SHA,H,76,INFLOW,20091113,0400,3549, ,CFS
SHA,H,76,INFLOW,20091113,0500,-216, ,CFS
SHA,H,76,INFLOW,20091113,0600,1223, ,CFS
SHA,H,76,INFLOW,20091113,0700,177, ,CFS
SHA,H,76,INFLOW,20091113,0800,4175, ,CFS
SHA,H,76,INFLOW,20091113,0900,-3290, ,CFS
SHA,H,76,INFLOW,20091113,1000,-1823, ,CFS
SHA,H,76,INFLOW,20091113,1100,2353, ,CFS
SHA,H,76,INFLOW,20091113,1200,7139, ,CFS
SHA,H,76,INFLOW,20091113,1300,6958, ,CFS
SHA,H,76,INFLOW,20091113,1400,6405, ,CFS
SHA,H,76,INFLOW,20091113,1500,2803, ,CFS
SHA,H,76,INFLOW,20091113,1600,4326, ,CFS
SHA,H,76,INFLOW,20091113,1700,5320, ,CFS
SHA,H,76,INFLOW,20091113,1800,4799, ,CFS
SHA,H,76,INFLOW,20091113,1900,8898, ,CFS
SHA,H,76,INFLOW,20091113,2000,2824, ,CFS
SHA,H,76,INFLOW,20091113,2100,8161, ,CFS
SHA,H,76,INFLOW,20091113,2200,4658, ,CFS
SHA,H,76,INFLOW,20091113,2300,5556, ,CFS
SHA,H,76,INFLOW,20091114,0000,2545, ,CFS
SHA,H,76,INFLOW,20091114,0100,1697, ,CFS
SHA,H,76,INFLOW,20091114,0200,2979, ,CFS
SHA,H,76,INFLOW,20091114,0300,1417, ,CFS
SHA,H,76,INFLOW,20091114,0400,-562, ,CFS
SHA,H,76,INFLOW,20091114,0500,2887, ,CFS
SHA,H,76,INFLOW,20091114,0600,1091, ,CFS
SHA,H,76,INFLOW,20091114,0700,1301, ,CFS
SHA,H,76,INFLOW,20091114,0800,865, ,CFS
SHA,H,76,INFLOW,20091114,0900,2706, ,CFS
SHA,H,76,INFLOW,20091114,1000,-265, ,CFS
SHA,H,76,INFLOW,20091114,1100,3794, ,CFS
SHA,H,76,INFLOW,20091114,1200,4653, ,CFS
SHA,H,76,INFLOW,20091114,1300,2559, ,CFS
SHA,H,76,INFLOW,20091114,1400,2341, ,CFS
SHA,H,76,INFLOW,20091114,1500,5984, ,CFS
SHA,H,76,INFLOW,20091114,1600,2326, ,CFS
SHA,H,76,INFLOW,20091114,1700,2289, ,CFS
SHA,H,76,INFLOW,20091114,1800,7204, ,CFS
SHA,H,76,INFLOW,20091114,1900,2104, ,CFS
SHA,H,76,INFLOW,20091114,2000,5427, ,CFS
SHA,H,76,INFLOW,20091114,2100,8422, ,CFS
SHA,H,76,INFLOW,20091114,2200,5191, ,CFS
SHA,H,76,INFLOW,20091114,2300,3585, ,CFS
SHA,H,76,INFLOW,20091115,0000,4915, ,CFS
SHA,H,76,INFLOW,20091115,0100,2362, ,CFS
SHA,H,76,INFLOW,20091115,0200,2296, ,CFS
SHA,H,76,INFLOW,20091115,0300,369, ,CFS
SHA,H,76,INFLOW,20091115,0400,2418, ,CFS
SHA,H,76,INFLOW,20091115,0500,2385, ,CFS
SHA,H,76,INFLOW,20091115,0600,-1161, ,CFS
SHA,H,76,INFLOW,20091115,0700,1894, ,CFS
SHA,H,76,INFLOW,20091115,0800,-1491, ,CFS
SHA,H,76,INFLOW,20091115,0900,4158, ,CFS
SHA,H,76,INFLOW,20091115,1000,-1179, ,CFS
SHA,H,76,INFLOW,20091115,1100,-373, ,CFS
SHA,H,76,INFLOW,20091115,1200,4372, ,CFS
SHA,H,76,INFLOW,20091115,1300,2217, ,CFS
SHA,H,76,INFLOW,20091115,1400,2251, ,CFS
SHA,H,76,INFLOW,20091115,1500,7367, ,CFS
SHA,H,76,INFLOW,20091115,1600,6994, ,CFS
SHA,H,76,INFLOW,20091115,1700,5328, ,CFS
SHA,H,76,INFLOW,20091115,1800,4079, ,CFS
SHA,H,76,INFLOW,20091115,1900,7986, ,CFS
SHA,H,76,INFLOW,20091115,2000,4149, ,CFS
SHA,H,76,INFLOW,20091115,2100,5248, ,CFS
SHA,H,76,INFLOW,20091115,2200,9031, ,CFS
SHA,H,76,INFLOW,20091115,2300,4228, ,CFS
SHA,H,76,INFLOW,20091116,0000,5006, ,CFS
SHA,H,76,INFLOW,20091116,0100,789, ,CFS
SHA,H,76,INFLOW,20091116,0200,2908, ,CFS
SHA,H,76,INFLOW,20091116,0300,-615, ,CFS
SHA,H,76,INFLOW,20091116,0400,3168, ,CFS
SHA,H,76,INFLOW,20091116,0500,1606, ,CFS
SHA,H,76,INFLOW,20091116,0600,1428, ,CFS
SHA,H,76,INFLOW,20091116,0700,-59, ,CFS
SHA,H,76,INFLOW,20091116,0800,3512, ,CFS
SHA,H,76,INFLOW,20091116,0900,-736, ,CFS
SHA,H,76,INFLOW,20091116,1000,1646, ,CFS
SHA,H,76,INFLOW,20091116,1100,4581, ,CFS
SHA,H,76,INFLOW,20091116,1200,6426, ,CFS
SHA,H,76,INFLOW,20091116,1300,4834, ,CFS
SHA,H,76,INFLOW,20091116,1400,3925, ,CFS
SHA,H,76,INFLOW,20091116,1500,7148, ,CFS
SHA,H,76,INFLOW,20091116,1600,3517, ,CFS
SHA,H,76,INFLOW,20091116,1700,6521, ,CFS
SHA,H,76,INFLOW,20091116,1800,4534, ,CFS
SHA,H,76,INFLOW,20091116,1900,4301, ,CFS
SHA,H,76,INFLOW,20091116,2000,6040, ,CFS
SHA,H,76,INFLOW,20091116,2100,5876, ,CFS
SHA,H,76,INFLOW,20091116,2200,5573, ,CFS
SHA,H,76,INFLOW,20091116,2300,4117, ,CFS
SHA,H,76,INFLOW,20091117,0000,3246, ,CFS
SHA,H,76,INFLOW,20091117,0100,2899, ,CFS
SHA,H,76,INFLOW,20091117,0200,802, ,CFS
SHA,H,76,INFLOW,20091117,0300,2658, ,CFS
SHA,H,76,INFLOW,20091117,0400,2350, ,CFS
SHA,H,76,INFLOW,20091117,0500,-1275, ,CFS
SHA,H,76,INFLOW,20091117,0600,4079, ,CFS
SHA,H,76,INFLOW,20091117,0700,-1710, ,CFS
SHA,H,76,INFLOW,20091117,0800,2015, ,CFS
SHA,H,76,INFLOW,20091117,0900,3848, ,CFS
SHA,H,76,INFLOW,20091117,1000,3960, ,CFS
SHA,H,76,INFLOW,20091117,1100,6424, ,CFS
SHA,H,76,INFLOW,20091117,1200,7527, ,CFS
SHA,H,76,INFLOW,20091117,1300,2962, ,CFS
SHA,H,76,INFLOW,20091117,1400,5329, ,CFS
SHA,H,76,INFLOW,20091117,1500,1364, ,CFS
SHA,H,76,INFLOW,20091117,1600,3198, ,CFS
SHA,H,76,INFLOW,20091117,1700,3190, ,CFS
SHA,H,76,INFLOW,20091117,1800,-543, ,CFS
SHA,H,76,INFLOW,20091117,1900,9786, ,CFS
SHA,H,76,INFLOW,20091117,2000,204, ,CFS
SHA,H,76,INFLOW,20091117,2100,13784, ,CFS
SHA,H,76,INFLOW,20091117,2200,769, ,CFS
SHA,H,76,INFLOW,20091117,2300,15071, ,CFS
SHA,H,76,INFLOW,20091118,0000,-399, ,CFS
SHA,H,76,INFLOW,20091118,0100,2210, ,CFS
SHA,H,76,INFLOW,20091118,0200,100, ,CFS
SHA,H,76,INFLOW,20091118,0300,2023, ,CFS
SHA,H,76,INFLOW,20091118,0400,2256, ,CFS
SHA,H,76,INFLOW,20091118,0500,2332, ,CFS
SHA,H,76,INFLOW,20091118,0600,615, ,CFS
SHA,H,76,INFLOW,20091118,0700,-329, ,CFS
SHA,H,76,INFLOW,20091118,0800,-1345, ,CFS
SHA,H,76,INFLOW,20091118,0900,10347, ,CFS
SHA,H,76,INFLOW,20091118,1000,1445, ,CFS
SHA,H,76,INFLOW,20091118,1100,5684, ,CFS
SHA,H,76,INFLOW,20091118,1200,7154, ,CFS
SHA,H,76,INFLOW,20091118,1300,4836, ,CFS
SHA,H,76,INFLOW,20091118,1400,6822, ,CFS
SHA,H,76,INFLOW,20091118,1500,3403, ,CFS
SHA,H,76,INFLOW,20091118,1600,3458, ,CFS
SHA,H,76,INFLOW,20091118,1700,3821, ,CFS
SHA,H,76,INFLOW,20091118,1800,6902, ,CFS
SHA,H,76,INFLOW,20091118,1900,-1502, ,CFS
SHA,H,76,INFLOW,20091118,2000,12534, ,CFS
SHA,H,76,INFLOW,20091118,2100,8351, ,CFS
SHA,H,76,INFLOW,20091118,2200,2020, ,CFS
SHA,H,76,INFLOW,20091118,2300,4954, ,CFS
SHA,H,76,INFLOW,20091119,0000,5767, ,CFS
SHA,H,76,INFLOW,20091119,0100,-1029, ,CFS
SHA,H,76,INFLOW,20091119,0200,4382, ,CFS
SHA,H,76,INFLOW,20091119,0300,598, ,CFS
SHA,H,76,INFLOW,20091119,0400,613, ,CFS
SHA,H,76,INFLOW,20091119,0500,4397, ,CFS
SHA,H,76,INFLOW,20091119,0600,889, ,CFS
SHA,H,76,INFLOW,20091119,0700,3147, ,CFS
SHA,H,76,INFLOW,20091119,0800,-4386, ,CFS
SHA,H,76,INFLOW,20091119,0900,8772, ,CFS
SHA,H,76,INFLOW,20091119,1000,2003, ,CFS
SHA,H,76,INFLOW,20091119,1100,8287, ,CFS
SHA,H,76,INFLOW,20091119,1200,6902, ,CFS
SHA,H,76,INFLOW,20091119,1300,5895, ,CFS
SHA,H,76,INFLOW,20091119,1400,4817, ,CFS
SHA,H,76,INFLOW,20091119,1500,6579, ,CFS
SHA,H,76,INFLOW,20091119,1600,1298, ,CFS
SHA,H,76,INFLOW,20091119,1700,2442, ,CFS
SHA,H,76,INFLOW,20091119,1800,7913, ,CFS
SHA,H,76,INFLOW,20091119,1900,5773, ,CFS
SHA,H,76,INFLOW,20091119,2000,7244, ,CFS
SHA,H,76,INFLOW,20091119,2100,10552, ,CFS
SHA,H,76,INFLOW,20091119,2200,7477, ,CFS
SHA,H,76,INFLOW,20091119,2300,5066, ,CFS
SHA,H,76,INFLOW,20091120,0000,8752, ,CFS
SHA,H,76,INFLOW,20091120,0100,1136, ,CFS
SHA,H,76,INFLOW,20091120,0200,675, ,CFS
SHA,H,76,INFLOW,20091120,0300,-1242, ,CFS
SHA,H,76,INFLOW,20091120,0400,2269, ,CFS
SHA,H,76,INFLOW,20091120,0500,2522, ,CFS
SHA,H,76,INFLOW,20091120,0600,-2436, ,CFS
SHA,H,76,INFLOW,20091120,0700,7164, ,CFS
SHA,H,76,INFLOW,20091120,0800,-3556, ,CFS
SHA,H,76,INFLOW,20091120,0900,15901, ,CFS
SHA,H,76,INFLOW,20091120,1000,5520, ,CFS
SHA,H,76,INFLOW,20091120,1100,9635, ,CFS
SHA,H,76,INFLOW,20091120,1200,-2354, ,CFS
SHA,H,76,INFLOW,20091120,1300,11648, ,CFS
SHA,H,76,INFLOW,20091120,1400,493, ,CFS
SHA,H,76,INFLOW,20091120,1500,16829, ,CFS
SHA,H,76,INFLOW,20091120,1600,1767, ,CFS
SHA,H,76,INFLOW,20091120,1700,3481, ,CFS
SHA,H,76,INFLOW,20091120,1800,5798, ,CFS
SHA,H,76,INFLOW,20091120,1900,1003, ,CFS
SHA,H,76,INFLOW,20091120,2000,916, ,CFS
SHA,H,76,INFLOW,20091120,2100,13085, ,CFS
SHA,H,76,INFLOW,20091120,2200,1243, ,CFS
SHA,H,76,INFLOW,20091120,2300,8687, ,CFS
SHA,H,76,INFLOW,20091121,0000,8139, ,CFS
SHA,H,76,INFLOW,20091121,0100,-526, ,CFS
SHA,H,76,INFLOW,20091121,0200,3023, ,CFS
SHA,H,76,INFLOW,20091121,0300,4773, ,CFS
SHA,H,76,INFLOW,20091121,0400,-836, ,CFS
SHA,H,76,INFLOW,20091121,0500,-899, ,CFS
SHA,H,76,INFLOW,20091121,0600,4968, ,CFS
SHA,H,76,INFLOW,20091121,0700,-2247, ,CFS
SHA,H,76,INFLOW,20091121,0800,5624, ,CFS
SHA,H,76,INFLOW,20091121,0900,2468, ,CFS
SHA,H,76,INFLOW,20091121,1000,371, ,CFS
SHA,H,76,INFLOW,20091121,1100,6130, ,CFS
SHA,H,76,INFLOW,20091121,1200,9265, ,CFS
SHA,H,76,INFLOW,20091121,1300,5239, ,CFS
SHA,H,76,INFLOW,20091121,1400,3305, ,CFS
SHA,H,76,INFLOW,20091121,1500,6632, ,CFS
SHA,H,76,INFLOW,20091121,1600,4774, ,CFS
SHA,H,76,INFLOW,20091121,1700,3114, ,CFS
SHA,H,76,INFLOW,20091121,1800,8481, ,CFS
SHA,H,76,INFLOW,20091121,1900,3092, ,CFS
SHA,H,76,INFLOW,20091121,2000,4448, ,CFS
SHA,H,76,INFLOW,20091121,2100,5533, ,CFS
SHA,H,76,INFLOW,20091121,2200,5944, ,CFS
SHA,H,76,INFLOW,20091121,2300,4976, ,CFS
SHA,H,76,INFLOW,20091122,0000,3513, ,CFS
SHA,H,76,INFLOW,20091122,0100,3460, ,CFS
SHA,H,76,INFLOW,20091122,0200,1035, ,CFS
SHA,H,76,INFLOW,20091122,0300,4560, ,CFS
SHA,H,76,INFLOW,20091122,0400,-1207, ,CFS
SHA,H,76,INFLOW,20091122,0500,6089, ,CFS
SHA,H,76,INFLOW,20091122,0600,524, ,CFS
SHA,H,76,INFLOW,20091122,0700,-2783, ,CFS
SHA,H,76,INFLOW,20091122,0800,6340, ,CFS
SHA,H,76,INFLOW,20091122,0900,2886, ,CFS
SHA,H,76,INFLOW,20091122,1000,-562, ,CFS
SHA,H,76,INFLOW,20091122,1100,8011, ,CFS
SHA,H,76,INFLOW,20091122,1200,7587, ,CFS
SHA,H,76,INFLOW,20091122,1300,3827, ,CFS
SHA,H,76,INFLOW,20091122,1400,3255, ,CFS
SHA,H,76,INFLOW,20091122,1500,6902, ,CFS
SHA,H,76,INFLOW,20091122,1600,3082, ,CFS
SHA,H,76,INFLOW,20091122,1700,5989, ,CFS
SHA,H,76,INFLOW,20091122,1800,6772, ,CFS
SHA,H,76,INFLOW,20091122,1900,3180, ,CFS
SHA,H,76,INFLOW,20091122,2000,4512, ,CFS
SHA,H,76,INFLOW,20091122,2100,9450, ,CFS
SHA,H,76,INFLOW,20091122,2200,2108, ,CFS
SHA,H,76,INFLOW,20091122,2300,5126, ,CFS
SHA,H,76,INFLOW,20091123,0000,5111, ,CFS
SHA,H,76,INFLOW,20091123,0100,1708, ,CFS
SHA,H,76,INFLOW,20091123,0200,3469, ,CFS
SHA,H,76,INFLOW,20091123,0300,1835, ,CFS
SHA,H,76,INFLOW,20091123,0400,-3862, ,CFS
SHA,H,76,INFLOW,20091123,0500,3896, ,CFS
SHA,H,76,INFLOW,20091123,0600,1950, ,CFS
SHA,H,76,INFLOW,20091123,0700,1820, ,CFS
SHA,H,76,INFLOW,20091123,0800,583, ,CFS
SHA,H,76,INFLOW,20091123,0900,1364, ,CFS
SHA,H,76,INFLOW,20091123,1000,5513, ,CFS
SHA,H,76,INFLOW,20091123,1100,6151, ,CFS
SHA,H,76,INFLOW,20091123,1200,3961, ,CFS
SHA,H,76,INFLOW,20091123,1300,5576, ,CFS
SHA,H,76,INFLOW,20091123,1400,5398, ,CFS
SHA,H,76,INFLOW,20091123,1500,7133, ,CFS
SHA,H,76,INFLOW,20091123,1600,600, ,CFS
SHA,H,76,INFLOW,20091123,1700,8725, ,CFS
SHA,H,76,INFLOW,20091123,1800,-82, ,CFS
SHA,H,76,INFLOW,20091123,1900,7208, ,CFS
SHA,H,76,INFLOW,20091123,2000,5491, ,CFS
SHA,H,76,INFLOW,20091123,2100,6750, ,CFS
SHA,H,76,INFLOW,20091123,2200,6946, ,CFS
SHA,H,76,INFLOW,20091123,2300,5991, ,CFS
SHA,H,76,INFLOW,20091124,0000,4947, ,CFS
SHA,H,76,INFLOW,20091124,0100,914, ,CFS
SHA,H,76,INFLOW,20091124,0200,4251, ,CFS
SHA,H,76,INFLOW,20091124,0300,2253, ,CFS
SHA,H,76,INFLOW,20091124,0400,493, ,CFS
SHA,H,76,INFLOW,20091124,0500,2312, ,CFS
SHA,H,76,INFLOW,20091124,0600,524, ,CFS
SHA,H,76,INFLOW,20091124,0700,2286, ,CFS
SHA,H,76,INFLOW,20091124,0800,668, ,CFS
SHA,H,76,INFLOW,20091124,0900,-1023, ,CFS
SHA,H,76,INFLOW,20091124,1000,9021, ,CFS
SHA,H,76,INFLOW,20091124,1100,7178, ,CFS
SHA,H,76,INFLOW,20091124,1200,2114, ,CFS
SHA,H,76,INFLOW,20091124,1300,7744, ,CFS
SHA,H,76,INFLOW,20091124,1400,4044, ,CFS
SHA,H,76,INFLOW,20091124,1500,3914, ,CFS
SHA,H,76,INFLOW,20091124,1600,5390, ,CFS
SHA,H,76,INFLOW,20091124,1700,5306, ,CFS
SHA,H,76,INFLOW,20091124,1800,4942, ,CFS
SHA,H,76,INFLOW,20091124,1900,4887, ,CFS
SHA,H,76,INFLOW,20091124,2000,6082, ,CFS
SHA,H,76,INFLOW,20091124,2100,4802, ,CFS
SHA,H,76,INFLOW,20091124,2200,6510, ,CFS
SHA,H,76,INFLOW,20091124,2300,4729, ,CFS
SHA,H,76,INFLOW,20091125,0000,2630, ,CFS
SHA,H,76,INFLOW,20091125,0100,2713, ,CFS
SHA,H,76,INFLOW,20091125,0200,961, ,CFS
SHA,H,76,INFLOW,20091125,0300,337, ,CFS
SHA,H,76,INFLOW,20091125,0400,2261, ,CFS
SHA,H,76,INFLOW,20091125,0500,2710, ,CFS
SHA,H,76,INFLOW,20091125,0600,2250, ,CFS
SHA,H,76,INFLOW,20091125,0700,2318, ,CFS
SHA,H,76,INFLOW,20091125,0800,-883, ,CFS
SHA,H,76,INFLOW,20091125,0900,2827, ,CFS
SHA,H,76,INFLOW,20091125,1000,4359, ,CFS
SHA,H,76,INFLOW,20091125,1100,6085, ,CFS
SHA,H,76,INFLOW,20091125,1200,3209, ,CFS
SHA,H,76,INFLOW,20091125,1300,8189, ,CFS
SHA,H,76,INFLOW,20091125,1400,5702, ,CFS
SHA,H,76,INFLOW,20091125,1500,749, ,CFS
SHA,H,76,INFLOW,20091125,1600,8264, ,CFS
SHA,H,76,INFLOW,20091125,1700,2698, ,CFS
SHA,H,76,INFLOW,20091125,1800,3956, ,CFS
SHA,H,76,INFLOW,20091125,1900,6491, ,CFS
SHA,H,76,INFLOW,20091125,2000,6834, ,CFS
SHA,H,76,INFLOW,20091125,2100,4655, ,CFS
SHA,H,76,INFLOW,20091125,2200,7232, ,CFS
SHA,H,76,INFLOW,20091125,2300,3387, ,CFS
SHA,H,76,INFLOW,20091126,0000,388, ,CFS
SHA,H,76,INFLOW,20091126,0100,2102, ,CFS
SHA,H,76,INFLOW,20091126,0200,2005, ,CFS
SHA,H,76,INFLOW,20091126,0300,140, ,CFS
SHA,H,76,INFLOW,20091126,0400,1891, ,CFS
SHA,H,76,INFLOW,20091126,0500,2139, ,CFS
SHA,H,76,INFLOW,20091126,0600,2905, ,CFS
SHA,H,76,INFLOW,20091126,0700,2223, ,CFS
SHA,H,76,INFLOW,20091126,0800,854, ,CFS
SHA,H,76,INFLOW,20091126,0900,471, ,CFS
SHA,H,76,INFLOW,20091126,1000,8351, ,CFS
SHA,H,76,INFLOW,20091126,1100,5723, ,CFS
SHA,H,76,INFLOW,20091126,1200,4026, ,CFS
SHA,H,76,INFLOW,20091126,1300,8214, ,CFS
SHA,H,76,INFLOW,20091126,1400,3770, ,CFS
SHA,H,76,INFLOW,20091126,1500,7267, ,CFS
SHA,H,76,INFLOW,20091126,1600,7133, ,CFS
SHA,H,76,INFLOW,20091126,1700,2251, ,CFS
SHA,H,76,INFLOW,20091126,1800,3913, ,CFS
SHA,H,76,INFLOW,20091126,1900,4674, ,CFS
SHA,H,76,INFLOW,20091126,2000,2601, ,CFS
SHA,H,76,INFLOW,20091126,2100,2741, ,CFS
SHA,H,76,INFLOW,20091126,2200,6554, ,CFS
SHA,H,76,INFLOW,20091126,2300,3282, ,CFS
SHA,H,76,INFLOW,20091127,0000,3094, ,CFS
SHA,H,76,INFLOW,20091127,0100,4110, ,CFS
SHA,H,76,INFLOW,20091127,0200,2004, ,CFS
SHA,H,76,INFLOW,20091127,0300,92, ,CFS
SHA,H,76,INFLOW,20091127,0400,5765, ,CFS
SHA,H,76,INFLOW,20091127,0500,-3176, ,CFS
SHA,H,76,INFLOW,20091127,0600,2826, ,CFS
SHA,H,76,INFLOW,20091127,0700,3164, ,CFS
SHA,H,76,INFLOW,20091127,0800,-232, ,CFS
SHA,H,76,INFLOW,20091127,0900,4959, ,CFS
SHA,H,76,INFLOW,20091127,1000,5231, ,CFS
SHA,H,76,INFLOW,20091127,1100,9164, ,CFS
SHA,H,76,INFLOW,20091127,1200,3139, ,CFS
SHA,H,76,INFLOW,20091127,1300,7371, ,CFS
SHA,H,76,INFLOW,20091127,1400,7257, ,CFS
SHA,H,76,INFLOW,20091127,1500,1359, ,CFS
SHA,H,76,INFLOW,20091127,1600,6613, ,CFS
SHA,H,76,INFLOW,20091127,1700,2058, ,CFS
SHA,H,76,INFLOW,20091127,1800,8949, ,CFS
SHA,H,76,INFLOW,20091127,1900,-1562, ,CFS
SHA,H,76,INFLOW,20091127,2000,7469, ,CFS
SHA,H,76,INFLOW,20091127,2100,7268, ,CFS
SHA,H,76,INFLOW,20091127,2200,2953, ,CFS
SHA,H,76,INFLOW,20091127,2300,4742, ,CFS
SHA,H,76,INFLOW,20091128,0000,3596, ,CFS
SHA,H,76,INFLOW,20091128,0100,2865, ,CFS
SHA,H,76,INFLOW,20091128,0200,924, ,CFS
SHA,H,76,INFLOW,20091128,0300,-949, ,CFS
SHA,H,76,INFLOW,20091128,0400,753, ,CFS
SHA,H,76,INFLOW,20091128,0500,5871, ,CFS
SHA,H,76,INFLOW,20091128,0600,-5133, ,CFS
SHA,H,76,INFLOW,20091128,0700,8087, ,CFS
SHA,H,76,INFLOW,20091128,0800,-2186, ,CFS
SHA,H,76,INFLOW,20091128,0900,2946, ,CFS
SHA,H,76,INFLOW,20091128,1000,2898, ,CFS
SHA,H,76,INFLOW,20091128,1100,2576, ,CFS
SHA,H,76,INFLOW,20091128,1200,801, ,CFS
SHA,H,76,INFLOW,20091128,1300,7833, ,CFS
SHA,H,76,INFLOW,20091128,1400,-3410, ,CFS
SHA,H,76,INFLOW,20091128,1500,9411, ,CFS
SHA,H,76,INFLOW,20091128,1600,-1678, ,CFS
SHA,H,76,INFLOW,20091128,1700,6137, ,CFS
SHA,H,76,INFLOW,20091128,1800,2781, ,CFS
SHA,H,76,INFLOW,20091128,1900,6529, ,CFS
SHA,H,76,INFLOW,20091128,2000,3262, ,CFS
SHA,H,76,INFLOW,20091128,2100,7178, ,CFS
SHA,H,76,INFLOW,20091128,2200,2789, ,CFS
SHA,H,76,INFLOW,20091128,2300,1263, ,CFS
SHA,H,76,INFLOW,20091129,0000,2868, ,CFS
SHA,H,76,INFLOW,20091129,0100,4378, ,CFS
SHA,H,76,INFLOW,20091129,0200,1966, ,CFS
SHA,H,76,INFLOW,20091129,0300,3706, ,CFS
SHA,H,76,INFLOW,20091129,0400,3677, ,CFS
SHA,H,76,INFLOW,20091129,0500,-3496, ,CFS
SHA,H,76,INFLOW,20091129,0600,655, ,CFS
SHA,H,76,INFLOW,20091129,0700,2998, ,CFS
SHA,H,76,INFLOW,20091129,0800,1223, ,CFS
SHA,H,76,INFLOW,20091129,0900,5323, ,CFS
SHA,H,76,INFLOW,20091129,1000,2091, ,CFS
SHA,H,76,INFLOW,20091129,1100,2061, ,CFS
SHA,H,76,INFLOW,20091129,1200,7886, ,CFS
SHA,H,76,INFLOW,20091129,1300,3033, ,CFS
SHA,H,76,INFLOW,20091129,1400,906, ,CFS
SHA,H,76,INFLOW,20091129,1500,8231, ,CFS
SHA,H,76,INFLOW,20091129,1600,-928, ,CFS
SHA,H,76,INFLOW,20091129,1700,5319, ,CFS
SHA,H,76,INFLOW,20091129,1800,6450, ,CFS
SHA,H,76,INFLOW,20091129,1900,6212, ,CFS
SHA,H,76,INFLOW,20091129,2000,2388, ,CFS
SHA,H,76,INFLOW,20091129,2100,11133, ,CFS
SHA,H,76,INFLOW,20091129,2200,7926, ,CFS
SHA,H,76,INFLOW,20091129,2300,3491, ,CFS
SHA,H,76,INFLOW,20091130,0000,6856, ,CFS
SHA,H,76,INFLOW,20091130,0100,-1893, ,CFS
SHA,H,76,INFLOW,20091130,0200,3785, ,CFS
SHA,H,76,INFLOW,20091130,0300,166, ,CFS
SHA,H,76,INFLOW,20091130,0400,3888, ,CFS
SHA,H,76,INFLOW,20091130,0500,838, ,CFS
SHA,H,76,INFLOW,20091130,0600,-1921, ,CFS
SHA,H,76,INFLOW,20091130,0700,300, ,CFS
SHA,H,76,INFLOW,20091130,0800,2396, ,CFS
SHA,H,76,INFLOW,20091130,0900,281, ,CFS
SHA,H,76,INFLOW,20091130,1000,6443, ,CFS
SHA,H,76,INFLOW,20091130,1100,5342, ,CFS
SHA,H,76,INFLOW,20091130,1200,6346, ,CFS
SHA,H,76,INFLOW,20091130,1300,6141, ,CFS
SHA,H,76,INFLOW,20091130,1400,5839, ,CFS
SHA,H,76,INFLOW,20091130,1500,3729, ,CFS
SHA,H,76,INFLOW,20091130,1600,3826, ,CFS
SHA,H,76,INFLOW,20091130,1700,3721, ,CFS
SHA,H,76,INFLOW,20091130,1800,8764, ,CFS
SHA,H,76,INFLOW,20091130,1900,5041, ,CFS
SHA,H,76,INFLOW,20091130,2000,8292, ,CFS
SHA,H,76,INFLOW,20091130,2100,8303, ,CFS
SHA,H,76,INFLOW,20091130,2200,5832, ,CFS
SHA,H,76,INFLOW,20091130,2300,4404, ,CFS
SHA,H,76,INFLOW,20091201,0000,3933, ,CFS
SHA,H,76,INFLOW,20091201,0100,5759, ,CFS
SHA,H,76,INFLOW,20091201,0200,231, ,CFS
SHA,H,76,INFLOW,20091201,0300,200, ,CFS
SHA,H,76,INFLOW,20091201,0400,1905, ,CFS
SHA,H,76,INFLOW,20091201,0500,45, ,CFS
SHA,H,76,INFLOW,20091201,0600,3399, ,CFS
SHA,H,76,INFLOW,20091201,0700,-1069, ,CFS
SHA,H,76,INFLOW,20091201,0800,1597, ,CFS
SHA,H,76,INFLOW,20091201,0900,1753, ,CFS
SHA,H,76,INFLOW,20091201,1000,6596, ,CFS
SHA,H,76,INFLOW,20091201,1100,2371, ,CFS
SHA,H,76,INFLOW,20091201,1200,5985, ,CFS
SHA,H,76,INFLOW,20091201,1300,2082, ,CFS
SHA,H,76,INFLOW,20091201,1400,3652, ,CFS
SHA,H,76,INFLOW,20091201,1500,4847, ,CFS
SHA,H,76,INFLOW,20091201,1600,2563, ,CFS
SHA,H,76,INFLOW,20091201,1700,3127, ,CFS
SHA,H,76,INFLOW,20091201,1800,6984, ,CFS
SHA,H,76,INFLOW,20091201,1900,7027, ,CFS
SHA,H,76,INFLOW,20091201,2000,12526, ,CFS
SHA,H,76,INFLOW,20091201,2100,5734, ,CFS
SHA,H,76,INFLOW,20091201,2200,8283, ,CFS
SHA,H,76,INFLOW,20091201,2300,5863, ,CFS
SHA,H,76,INFLOW,20091202,0000,3396, ,CFS
SHA,H,76,INFLOW,20091202,0100,-438, ,CFS
SHA,H,76,INFLOW,20091202,0200,3053, ,CFS
SHA,H,76,INFLOW,20091202,0300,1250, ,CFS
SHA,H,76,INFLOW,20091202,0400,1306, ,CFS
SHA,H,76,INFLOW,20091202,0500,1577, ,CFS
SHA,H,76,INFLOW,20091202,0600,-83, ,CFS
SHA,H,76,INFLOW,20091202,0700,1847, ,CFS
SHA,H,76,INFLOW,20091202,0800,2917, ,CFS
SHA,H,76,INFLOW,20091202,0900,-293, ,CFS
SHA,H,76,INFLOW,20091202,1000,8484, ,CFS
SHA,H,76,INFLOW,20091202,1100,7078, ,CFS
SHA,H,76,INFLOW,20091202,1200,406, ,CFS
SHA,H,76,INFLOW,20091202,1300,7326, ,CFS
SHA,H,76,INFLOW,20091202,1400,7964, ,CFS
SHA,H,76,INFLOW,20091202,1500,3793, ,CFS
SHA,H,76,INFLOW,20091202,1600,1736, ,CFS
SHA,H,76,INFLOW,20091202,1700,7335, ,CFS
SHA,H,76,INFLOW,20091202,1800,2517, ,CFS
SHA,H,76,INFLOW,20091202,1900,6139, ,CFS
SHA,H,76,INFLOW,20091202,2000,7405, ,CFS
SHA,H,76,INFLOW,20091202,2100,6421, ,CFS
SHA,H,76,INFLOW,20091202,2200,4368, ,CFS
SHA,H,76,INFLOW,20091202,2300,6332, ,CFS
SHA,H,76,INFLOW,20091203,0000,3818, ,CFS
SHA,H,76,INFLOW,20091203,0100,-2188, ,CFS
SHA,H,76,INFLOW,20091203,0200,5215, ,CFS
SHA,H,76,INFLOW,20091203,0300,-331, ,CFS
SHA,H,76,INFLOW,20091203,0400,1485, ,CFS
SHA,H,76,INFLOW,20091203,0500,1485, ,CFS
SHA,H,76,INFLOW,20091203,0600,-294, ,CFS
SHA,H,76,INFLOW,20091203,0700,303, ,CFS
SHA,H,76,INFLOW,20091203,0800,728, ,CFS
SHA,H,76,INFLOW,20091203,0900,4119, ,CFS
SHA,H,76,INFLOW,20091203,1000,2564, ,CFS
SHA,H,76,INFLOW,20091203,1100,7932, ,CFS
SHA,H,76,INFLOW,20091203,1200,3741, ,CFS
SHA,H,76,INFLOW,20091203,1300,3286, ,CFS
SHA,H,76,INFLOW,20091203,1400,5422, ,CFS
SHA,H,76,INFLOW,20091203,1500,4583, ,CFS
SHA,H,76,INFLOW,20091203,1600,2016, ,CFS
SHA,H,76,INFLOW,20091203,1700,6285, ,CFS
SHA,H,76,INFLOW,20091203,1800,6255, ,CFS
SHA,H,76,INFLOW,20091203,1900,1018, ,CFS
SHA,H,76,INFLOW,20091203,2000,10210, ,CFS
SHA,H,76,INFLOW,20091203,2100,9113, ,CFS
SHA,H,76,INFLOW,20091203,2200,1317, ,CFS
SHA,H,76,INFLOW,20091203,2300,4720, ,CFS
SHA,H,76,INFLOW,20091204,0000,1549, ,CFS
SHA,H,76,INFLOW,20091204,0100,3799, ,CFS
SHA,H,76,INFLOW,20091204,0200,-243, ,CFS
SHA,H,76,INFLOW,20091204,0300,1614, ,CFS
SHA,H,76,INFLOW,20091204,0400,1641, ,CFS
SHA,H,76,INFLOW,20091204,0500,20, ,CFS
SHA,H,76,INFLOW,20091204,0600,2052, ,CFS
SHA,H,76,INFLOW,20091204,0700,-860, ,CFS
SHA,H,76,INFLOW,20091204,0800,2894, ,CFS
SHA,H,76,INFLOW,20091204,0900,437, ,CFS
SHA,H,76,INFLOW,20091204,1000,6952, ,CFS
SHA,H,76,INFLOW,20091204,1100,2146, ,CFS
SHA,H,76,INFLOW,20091204,1200,2824, ,CFS
SHA,H,76,INFLOW,20091204,1300,10287, ,CFS
SHA,H,76,INFLOW,20091204,1400,1064, ,CFS
SHA,H,76,INFLOW,20091204,1500,4618, ,CFS
SHA,H,76,INFLOW,20091204,1600,2090, ,CFS
SHA,H,76,INFLOW,20091204,1700,5736, ,CFS
SHA,H,76,INFLOW,20091204,1800,5318, ,CFS
SHA,H,76,INFLOW,20091204,1900,5789, ,CFS
SHA,H,76,INFLOW,20091204,2000,4894, ,CFS
SHA,H,76,INFLOW,20091204,2100,5962, ,CFS
SHA,H,76,INFLOW,20091204,2200,5335, ,CFS
SHA,H,76,INFLOW,20091204,2300,3500, ,CFS
SHA,H,76,INFLOW,20091205,0000,3728, ,CFS
SHA,H,76,INFLOW,20091205,0100,940, ,CFS
SHA,H,76,INFLOW,20091205,0200,2183, ,CFS
SHA,H,76,INFLOW,20091205,0300,2105, ,CFS
SHA,H,76,INFLOW,20091205,0400,2186, ,CFS
SHA,H,76,INFLOW,20091205,0500,2431, ,CFS
SHA,H,76,INFLOW,20091205,0600,2762, ,CFS
SHA,H,76,INFLOW,20091205,0700,3044, ,CFS
SHA,H,76,INFLOW,20091205,0800,784, ,CFS
SHA,H,76,INFLOW,20091205,0900,-1539, ,CFS
SHA,H,76,INFLOW,20091205,1000,3704, ,CFS
SHA,H,76,INFLOW,20091205,1100,8600, ,CFS
SHA,H,76,INFLOW,20091205,1200,5069, ,CFS
SHA,H,76,INFLOW,20091205,1300,7034, ,CFS
SHA,H,76,INFLOW,20091205,1400,4935, ,CFS
SHA,H,76,INFLOW,20091205,1500,2721, ,CFS
SHA,H,76,INFLOW,20091205,1600,4866, ,CFS
SHA,H,76,INFLOW,20091205,1700,5756, ,CFS
SHA,H,76,INFLOW,20091205,1800,5299, ,CFS
SHA,H,76,INFLOW,20091205,1900,5256, ,CFS
SHA,H,76,INFLOW,20091205,2000,5316, ,CFS
SHA,H,76,INFLOW,20091205,2100,8799, ,CFS
SHA,H,76,INFLOW,20091205,2200,4148, ,CFS
SHA,H,76,INFLOW,20091205,2300,5911, ,CFS
SHA,H,76,INFLOW,20091206,0000,1923, ,CFS
SHA,H,76,INFLOW,20091206,0100,301, ,CFS
SHA,H,76,INFLOW,20091206,0200,5635, ,CFS
SHA,H,76,INFLOW,20091206,0300,-9, ,CFS
SHA,H,76,INFLOW,20091206,0400,1790, ,CFS
SHA,H,76,INFLOW,20091206,0500,1906, ,CFS
SHA,H,76,INFLOW,20091206,0600,2206, ,CFS
SHA,H,76,INFLOW,20091206,0700,296, ,CFS
SHA,H,76,INFLOW,20091206,0800,144, ,CFS
SHA,H,76,INFLOW,20091206,0900,1436, ,CFS
SHA,H,76,INFLOW,20091206,1000,1810, ,CFS
SHA,H,76,INFLOW,20091206,1100,3135, ,CFS
SHA,H,76,INFLOW,20091206,1200,6595, ,CFS
SHA,H,76,INFLOW,20091206,1300,9520, ,CFS
SHA,H,76,INFLOW,20091206,1400,1652, ,CFS
SHA,H,76,INFLOW,20091206,1500,9153, ,CFS
SHA,H,76,INFLOW,20091206,1600,6173, ,CFS
SHA,H,76,INFLOW,20091206,1700,7704, ,CFS
SHA,H,76,INFLOW,20091206,1800,4674, ,CFS
SHA,H,76,INFLOW,20091206,1900,6832, ,CFS
SHA,H,76,INFLOW,20091206,2000,6621, ,CFS
SHA,H,76,INFLOW,20091206,2100,6243, ,CFS
SHA,H,76,INFLOW,20091206,2200,2884, ,CFS
SHA,H,76,INFLOW,20091206,2300,7793, ,CFS
SHA,H,76,INFLOW,20091207,0000,1956, ,CFS
SHA,H,76,INFLOW,20091207,0100,3457, ,CFS
SHA,H,76,INFLOW,20091207,0200,1628, ,CFS
SHA,H,76,INFLOW,20091207,0300,1687, ,CFS
SHA,H,76,INFLOW,20091207,0400,194, ,CFS
SHA,H,76,INFLOW,20091207,0500,2593, ,CFS
SHA,H,76,INFLOW,20091207,0600,765, ,CFS
SHA,H,76,INFLOW,20091207,0700,1998, ,CFS
SHA,H,76,INFLOW,20091207,0800,125, ,CFS
SHA,H,76,INFLOW,20091207,0900,7885, ,CFS
SHA,H,76,INFLOW,20091207,1000,1212, ,CFS
SHA,H,76,INFLOW,20091207,1100,5890, ,CFS
SHA,H,76,INFLOW,20091207,1200,6115, ,CFS
SHA,H,76,INFLOW,20091207,1300,2623, ,CFS
SHA,H,76,INFLOW,20091207,1400,8220, ,CFS
SHA,H,76,INFLOW,20091207,1500,4459, ,CFS
SHA,H,76,INFLOW,20091207,1600,466, ,CFS
SHA,H,76,INFLOW,20091207,1700,5317, ,CFS
SHA,H,76,INFLOW,20091207,1800,6564, ,CFS
SHA,H,76,INFLOW,20091207,1900,5256, ,CFS
SHA,H,76,INFLOW,20091207,2000,8017, ,CFS
SHA,H,76,INFLOW,20091207,2100,6350, ,CFS
SHA,H,76,INFLOW,20091207,2200,4067, ,CFS
SHA,H,76,INFLOW,20091207,2300,7083, ,CFS
SHA,H,76,INFLOW,20091208,0000,2804, ,CFS
SHA,H,76,INFLOW,20091208,0100,3928, ,CFS
SHA,H,76,INFLOW,20091208,0200,1751, ,CFS
SHA,H,76,INFLOW,20091208,0300,-91, ,CFS
SHA,H,76,INFLOW,20091208,0400,1805, ,CFS
SHA,H,76,INFLOW,20091208,0500,2093, ,CFS
SHA,H,76,INFLOW,20091208,0600,1780, ,CFS
SHA,H,76,INFLOW,20091208,0700,642, ,CFS
SHA,H,76,INFLOW,20091208,0800,-134, ,CFS
SHA,H,76,INFLOW,20091208,0900,3845, ,CFS
SHA,H,76,INFLOW,20091208,1000,3769, ,CFS
SHA,H,76,INFLOW,20091208,1100,6162, ,CFS
SHA,H,76,INFLOW,20091208,1200,3870, ,CFS
SHA,H,76,INFLOW,20091208,1300,398, ,CFS
SHA,H,76,INFLOW,20091208,1400,2242, ,CFS
SHA,H,76,INFLOW,20091208,1500,3720, ,CFS
SHA,H,76,INFLOW,20091208,1600,-305, ,CFS
SHA,H,76,INFLOW,20091208,1700,3259, ,CFS
SHA,H,76,INFLOW,20091208,1800,3428, ,CFS
SHA,H,76,INFLOW,20091208,1900,346, ,CFS
SHA,H,76,INFLOW,20091208,2000,7059, ,CFS
SHA,H,76,INFLOW,20091208,2100,7329, ,CFS
SHA,H,76,INFLOW,20091208,2200,4233, ,CFS
SHA,H,76,INFLOW,20091208,2300,5310, ,CFS
SHA,H,76,INFLOW,20091209,0000,3051, ,CFS
SHA,H,76,INFLOW,20091209,0100,-311, ,CFS
SHA,H,76,INFLOW,20091209,0200,5142, ,CFS
SHA,H,76,INFLOW,20091209,0300,1490, ,CFS
SHA,H,76,INFLOW,20091209,0400,-1877, ,CFS
SHA,H,76,INFLOW,20091209,0500,3668, ,CFS
SHA,H,76,INFLOW,20091209,0600,2180, ,CFS
SHA,H,76,INFLOW,20091209,0700,-2061, ,CFS
SHA,H,76,INFLOW,20091209,0800,5380, ,CFS
SHA,H,76,INFLOW,20091209,0900,1986, ,CFS
SHA,H,76,INFLOW,20091209,1000,3485, ,CFS
SHA,H,76,INFLOW,20091209,1100,3286, ,CFS
SHA,H,76,INFLOW,20091209,1200,3283, ,CFS
SHA,H,76,INFLOW,20091209,1300,296, ,CFS
SHA,H,76,INFLOW,20091209,1400,5842, ,CFS
SHA,H,76,INFLOW,20091209,1500,1384, ,CFS
SHA,H,76,INFLOW,20091209,1600,5017, ,CFS
SHA,H,76,INFLOW,20091209,1700,1721, ,CFS
SHA,H,76,INFLOW,20091209,1800,3925, ,CFS
SHA,H,76,INFLOW,20091209,1900,5586, ,CFS
SHA,H,76,INFLOW,20091209,2000,4906, ,CFS
SHA,H,76,INFLOW,20091209,2100,8544, ,CFS
SHA,H,76,INFLOW,20091209,2200,-510, ,CFS
SHA,H,76,INFLOW,20091209,2300,8610, ,CFS
SHA,H,76,INFLOW,20091210,0000,-183, ,CFS
SHA,H,76,INFLOW,20091210,0100,1985, ,CFS
SHA,H,76,INFLOW,20091210,0200,1617, ,CFS
SHA,H,76,INFLOW,20091210,0300,3634, ,CFS
SHA,H,76,INFLOW,20091210,0400,-1889, ,CFS
SHA,H,76,INFLOW,20091210,0500,5608, ,CFS
SHA,H,76,INFLOW,20091210,0600,-1697, ,CFS
SHA,H,76,INFLOW,20091210,0700,1853, ,CFS
SHA,H,76,INFLOW,20091210,0800,4618, ,CFS
SHA,H,76,INFLOW,20091210,0900,4539, ,CFS
SHA,H,76,INFLOW,20091210,1000,2481, ,CFS
SHA,H,76,INFLOW,20091210,1100,6906, ,CFS
SHA,H,76,INFLOW,20091210,1200,5830, ,CFS
SHA,H,76,INFLOW,20091210,1300,2009, ,CFS
SHA,H,76,INFLOW,20091210,1400,5441, ,CFS
SHA,H,76,INFLOW,20091210,1500,1584, ,CFS
SHA,H,76,INFLOW,20091210,1600,2998, ,CFS
SHA,H,76,INFLOW,20091210,1700,1249, ,CFS
SHA,H,76,INFLOW,20091210,1800,4022, ,CFS
SHA,H,76,INFLOW,20091210,1900,6265, ,CFS
SHA,H,76,INFLOW,20091210,2000,5741, ,CFS
SHA,H,76,INFLOW,20091210,2100,7112, ,CFS
SHA,H,76,INFLOW,20091210,2200,3159, ,CFS
SHA,H,76,INFLOW,20091210,2300,8540, ,CFS
SHA,H,76,INFLOW,20091211,0000,676, ,CFS
SHA,H,76,INFLOW,20091211,0100,3537, ,CFS
SHA,H,76,INFLOW,20091211,0200,3370, ,CFS
SHA,H,76,INFLOW,20091211,0300,-685, ,CFS
SHA,H,76,INFLOW,20091211,0400,1205, ,CFS
SHA,H,76,INFLOW,20091211,0500,1363, ,CFS
SHA,H,76,INFLOW,20091211,0600,-395, ,CFS
SHA,H,76,INFLOW,20091211,0700,3126, ,CFS
SHA,H,76,INFLOW,20091211,0800,1782, ,CFS
SHA,H,76,INFLOW,20091211,0900,7464, ,CFS
SHA,H,76,INFLOW,20091211,1000,4742, ,CFS
SHA,H,76,INFLOW,20091211,1100,5019, ,CFS
SHA,H,76,INFLOW,20091211,1200,8528, ,CFS
SHA,H,76,INFLOW,20091211,1300,1739, ,CFS
SHA,H,76,INFLOW,20091211,1400,3422, ,CFS
SHA,H,76,INFLOW,20091211,1500,3077, ,CFS
SHA,H,76,INFLOW,20091211,1600,1436, ,CFS
SHA,H,76,INFLOW,20091211,1700,1625, ,CFS
SHA,H,76,INFLOW,20091211,1800,2573, ,CFS
SHA,H,76,INFLOW,20091211,1900,967, ,CFS
SHA,H,76,INFLOW,20091211,2000,7821, ,CFS
SHA,H,76,INFLOW,20091211,2100,4962, ,CFS
SHA,H,76,INFLOW,20091211,2200,8584, ,CFS
SHA,H,76,INFLOW,20091211,2300,5755, ,CFS
SHA,H,76,INFLOW,20091212,0000,1832, ,CFS
SHA,H,76,INFLOW,20091212,0100,667, ,CFS
SHA,H,76,INFLOW,20091212,0200,607, ,CFS
SHA,H,76,INFLOW,20091212,0300,7719, ,CFS
SHA,H,76,INFLOW,20091212,0400,-2156, ,CFS
SHA,H,76,INFLOW,20091212,0500,3339, ,CFS
SHA,H,76,INFLOW,20091212,0600,-354, ,CFS
SHA,H,76,INFLOW,20091212,0700,128, ,CFS
SHA,H,76,INFLOW,20091212,0800,-921, ,CFS
SHA,H,76,INFLOW,20091212,0900,6701, ,CFS
SHA,H,76,INFLOW,20091212,1000,-2033, ,CFS
SHA,H,76,INFLOW,20091212,1100,5165, ,CFS
SHA,H,76,INFLOW,20091212,1200,1452, ,CFS
SHA,H,76,INFLOW,20091212,1300,5035, ,CFS
SHA,H,76,INFLOW,20091212,1400,5002, ,CFS
SHA,H,76,INFLOW,20091212,1500,3124, ,CFS
SHA,H,76,INFLOW,20091212,1600,6361, ,CFS
SHA,H,76,INFLOW,20091212,1700,3051, ,CFS
SHA,H,76,INFLOW,20091212,1800,4384, ,CFS
SHA,H,76,INFLOW,20091212,1900,6361, ,CFS
SHA,H,76,INFLOW,20091212,2000,6233, ,CFS
SHA,H,76,INFLOW,20091212,2100,6014, ,CFS
SHA,H,76,INFLOW,20091212,2200,9869, ,CFS
SHA,H,76,INFLOW,20091212,2300,3108, ,CFS
SHA,H,76,INFLOW,20091213,0000,5449, ,CFS
SHA,H,76,INFLOW,20091213,0100,3682, ,CFS
SHA,H,76,INFLOW,20091213,0200,35, ,CFS
SHA,H,76,INFLOW,20091213,0300,5598, ,CFS
SHA,H,76,INFLOW,20091213,0400,1883, ,CFS
SHA,H,76,INFLOW,20091213,0500,-3, ,CFS
SHA,H,76,INFLOW,20091213,0600,1898, ,CFS
SHA,H,76,INFLOW,20091213,0700,2458, ,CFS
SHA,H,76,INFLOW,20091213,0800,842, ,CFS
SHA,H,76,INFLOW,20091213,0900,2721, ,CFS
SHA,H,76,INFLOW,20091213,1000,2710, ,CFS
SHA,H,76,INFLOW,20091213,1100,1083, ,CFS
SHA,H,76,INFLOW,20091213,1200,5236, ,CFS
SHA,H,76,INFLOW,20091213,1300,1367, ,CFS
SHA,H,76,INFLOW,20091213,1400,5126, ,CFS
SHA,H,76,INFLOW,20091213,1500,3135, ,CFS
SHA,H,76,INFLOW,20091213,1600,2944, ,CFS
SHA,H,76,INFLOW,20091213,1700,4103, ,CFS
SHA,H,76,INFLOW,20091213,1800,4855, ,CFS
SHA,H,76,INFLOW,20091213,1900,6110, ,CFS
SHA,H,76,INFLOW,20091213,2000,7819, ,CFS
SHA,H,76,INFLOW,20091213,2100,2272, ,CFS
SHA,H,76,INFLOW,20091213,2200,8175, ,CFS
SHA,H,76,INFLOW,20091213,2300,5829, ,CFS
SHA,H,76,INFLOW,20091214,0000,3776, ,CFS
SHA,H,76,INFLOW,20091214,0100,3672, ,CFS
SHA,H,76,INFLOW,20091214,0200,2023, ,CFS
SHA,H,76,INFLOW,20091214,0300,17, ,CFS
SHA,H,76,INFLOW,20091214,0400,1795, ,CFS
SHA,H,76,INFLOW,20091214,0500,2164, ,CFS
SHA,H,76,INFLOW,20091214,0600,272, ,CFS
SHA,H,76,INFLOW,20091214,0700,2132, ,CFS
SHA,H,76,INFLOW,20091214,0800,1659, ,CFS
SHA,H,76,INFLOW,20091214,0900,7246, ,CFS
SHA,H,76,INFLOW,20091214,1000,6261, ,CFS
SHA,H,76,INFLOW,20091214,1100,4098, ,CFS
SHA,H,76,INFLOW,20091214,1200,7665, ,CFS
SHA,H,76,INFLOW,20091214,1300,1582, ,CFS
SHA,H,76,INFLOW,20091214,1400,5335, ,CFS
SHA,H,76,INFLOW,20091214,1500,6673, ,CFS
SHA,H,76,INFLOW,20091214,1600,-1154, ,CFS
SHA,H,76,INFLOW,20091214,1700,4069, ,CFS
SHA,H,76,INFLOW,20091214,1800,4386, ,CFS
SHA,H,76,INFLOW,20091214,1900,-2712, ,CFS
SHA,H,76,INFLOW,20091214,2000,7431, ,CFS
SHA,H,76,INFLOW,20091214,2100,8921, ,CFS
SHA,H,76,INFLOW,20091214,2200,3321, ,CFS
SHA,H,76,INFLOW,20091214,2300,3551, ,CFS
SHA,H,76,INFLOW,20091215,0000,9777, ,CFS
SHA,H,76,INFLOW,20091215,0100,-1841, ,CFS
SHA,H,76,INFLOW,20091215,0200,3906, ,CFS
SHA,H,76,INFLOW,20091215,0300,3928, ,CFS
SHA,H,76,INFLOW,20091215,0400,141, ,CFS
SHA,H,76,INFLOW,20091215,0500,7453, ,CFS
SHA,H,76,INFLOW,20091215,0600,214, ,CFS
SHA,H,76,INFLOW,20091215,0700,2888, ,CFS
SHA,H,76,INFLOW,20091215,0800,6544, ,CFS
SHA,H,76,INFLOW,20091215,0900,8829, ,CFS
SHA,H,76,INFLOW,20091215,1000,11543, ,CFS
SHA,H,76,INFLOW,20091215,1100,6099, ,CFS
SHA,H,76,INFLOW,20091215,1200,10815, ,CFS
SHA,H,76,INFLOW,20091215,1300,60, ,CFS
SHA,H,76,INFLOW,20091215,1400,10677, ,CFS
SHA,H,76,INFLOW,20091215,1500,4711, ,CFS
SHA,H,76,INFLOW,20091215,1600,7886, ,CFS
SHA,H,76,INFLOW,20091215,1700,2699, ,CFS
SHA,H,76,INFLOW,20091215,1800,7812, ,CFS
SHA,H,76,INFLOW,20091215,1900,7724, ,CFS
SHA,H,76,INFLOW,20091215,2000,11563, ,CFS
SHA,H,76,INFLOW,20091215,2100,9994, ,CFS
SHA,H,76,INFLOW,20091215,2200,14115, ,CFS
SHA,H,76,INFLOW,20091215,2300,2732, ,CFS
SHA,H,76,INFLOW,20091216,0000,14642, ,CFS
SHA,H,76,INFLOW,20091216,0100,1602, ,CFS
SHA,H,76,INFLOW,20091216,0200,12666, ,CFS
SHA,H,76,INFLOW,20091216,0300,3319, ,CFS
SHA,H,76,INFLOW,20091216,0400,8940, ,CFS
SHA,H,76,INFLOW,20091216,0500,8971, ,CFS
SHA,H,76,INFLOW,20091216,0600,7099, ,CFS
SHA,H,76,INFLOW,20091216,0700,5149, ,CFS
SHA,H,76,INFLOW,20091216,0800,9430, ,CFS
SHA,H,76,INFLOW,20091216,0900,13368, ,CFS
SHA,H,76,INFLOW,20091216,1000,8541, ,CFS
SHA,H,76,INFLOW,20091216,1100,8866, ,CFS
SHA,H,76,INFLOW,20091216,1200,10501, ,CFS
SHA,H,76,INFLOW,20091216,1300,12469, ,CFS
SHA,H,76,INFLOW,20091216,1400,8679, ,CFS
SHA,H,76,INFLOW,20091216,1500,6167, ,CFS
SHA,H,76,INFLOW,20091216,1600,4489, ,CFS
SHA,H,76,INFLOW,20091216,1700,7468, ,CFS
SHA,H,76,INFLOW,20091216,1800,5286, ,CFS
SHA,H,76,INFLOW,20091216,1900,10399, ,CFS
SHA,H,76,INFLOW,20091216,2000,9683, ,CFS
SHA,H,76,INFLOW,20091216,2100,13251, ,CFS
SHA,H,76,INFLOW,20091216,2200,8413, ,CFS
SHA,H,76,INFLOW,20091216,2300,11875, ,CFS
SHA,H,76,INFLOW,20091217,0000,7500, ,CFS
SHA,H,76,INFLOW,20091217,0100,5384, ,CFS
SHA,H,76,INFLOW,20091217,0200,7234, ,CFS
SHA,H,76,INFLOW,20091217,0300,7243, ,CFS
SHA,H,76,INFLOW,20091217,0400,3297, ,CFS
SHA,H,76,INFLOW,20091217,0500,4737, ,CFS
SHA,H,76,INFLOW,20091217,0600,5375, ,CFS
SHA,H,76,INFLOW,20091217,0700,6109, ,CFS
SHA,H,76,INFLOW,20091217,0800,6392, ,CFS
SHA,H,76,INFLOW,20091217,0900,13639, ,CFS
SHA,H,76,INFLOW,20091217,1000,8847, ,CFS
SHA,H,76,INFLOW,20091217,1100,4958, ,CFS
SHA,H,76,INFLOW,20091217,1200,8746, ,CFS
SHA,H,76,INFLOW,20091217,1300,10558, ,CFS
SHA,H,76,INFLOW,20091217,1400,6708, ,CFS
SHA,H,76,INFLOW,20091217,1500,5110, ,CFS
SHA,H,76,INFLOW,20091217,1600,7250, ,CFS
SHA,H,76,INFLOW,20091217,1700,5652, ,CFS
SHA,H,76,INFLOW,20091217,1800,2646, ,CFS
SHA,H,76,INFLOW,20091217,1900,10160, ,CFS
SHA,H,76,INFLOW,20091217,2000,12207, ,CFS
SHA,H,76,INFLOW,20091217,2100,8475, ,CFS
SHA,H,76,INFLOW,20091217,2200,6123, ,CFS
SHA,H,76,INFLOW,20091217,2300,8006, ,CFS
SHA,H,76,INFLOW,20091218,0000,5367, ,CFS
SHA,H,76,INFLOW,20091218,0100,8412, ,CFS
SHA,H,76,INFLOW,20091218,0200,4268, ,CFS
SHA,H,76,INFLOW,20091218,0300,4346, ,CFS
SHA,H,76,INFLOW,20091218,0400,4316, ,CFS
SHA,H,76,INFLOW,20091218,0500,4333, ,CFS
SHA,H,76,INFLOW,20091218,0600,3324, ,CFS
SHA,H,76,INFLOW,20091218,0700,1186, ,CFS
SHA,H,76,INFLOW,20091218,0800,7204, ,CFS
SHA,H,76,INFLOW,20091218,0900,8879, ,CFS
SHA,H,76,INFLOW,20091218,1000,1652, ,CFS
SHA,H,76,INFLOW,20091218,1100,10637, ,CFS
SHA,H,76,INFLOW,20091218,1200,8604, ,CFS
SHA,H,76,INFLOW,20091218,1300,4817, ,CFS
SHA,H,76,INFLOW,20091218,1400,5308, ,CFS
SHA,H,76,INFLOW,20091218,1500,5260, ,CFS
SHA,H,76,INFLOW,20091218,1600,1535, ,CFS
SHA,H,76,INFLOW,20091218,1700,2613, ,CFS
SHA,H,76,INFLOW,20091218,1800,12363, ,CFS
SHA,H,76,INFLOW,20091218,1900,4813, ,CFS
SHA,H,76,INFLOW,20091218,2000,12236, ,CFS
SHA,H,76,INFLOW,20091218,2100,9841, ,CFS
SHA,H,76,INFLOW,20091218,2200,7761, ,CFS
SHA,H,76,INFLOW,20091218,2300,6202, ,CFS
SHA,H,76,INFLOW,20091219,0000,6162, ,CFS
SHA,H,76,INFLOW,20091219,0100,2038, ,CFS
SHA,H,76,INFLOW,20091219,0200,3689, ,CFS
SHA,H,76,INFLOW,20091219,0300,9227, ,CFS
SHA,H,76,INFLOW,20091219,0400,-2023, ,CFS
SHA,H,76,INFLOW,20091219,0500,5640, ,CFS
SHA,H,76,INFLOW,20091219,0600,2379, ,CFS
SHA,H,76,INFLOW,20091219,0700,2786, ,CFS
SHA,H,76,INFLOW,20091219,0800,1896, ,CFS
SHA,H,76,INFLOW,20091219,0900,5886, ,CFS
SHA,H,76,INFLOW,20091219,1000,2441, ,CFS
SHA,H,76,INFLOW,20091219,1100,9622, ,CFS
SHA,H,76,INFLOW,20091219,1200,3371, ,CFS
SHA,H,76,INFLOW,20091219,1300,7052, ,CFS
SHA,H,76,INFLOW,20091219,1400,8714, ,CFS
SHA,H,76,INFLOW,20091219,1500,2990, ,CFS
SHA,H,76,INFLOW,20091219,1600,3327, ,CFS
SHA,H,76,INFLOW,20091219,1700,7046, ,CFS
SHA,H,76,INFLOW,20091219,1800,3553, ,CFS
SHA,H,76,INFLOW,20091219,1900,7323, ,CFS
SHA,H,76,INFLOW,20091219,2000,7806, ,CFS
SHA,H,76,INFLOW,20091219,2100,7927, ,CFS
SHA,H,76,INFLOW,20091219,2200,5556, ,CFS
SHA,H,76,INFLOW,20091219,2300,5704, ,CFS
SHA,H,76,INFLOW,20091220,0000,5553, ,CFS
SHA,H,76,INFLOW,20091220,0100,817, ,CFS
SHA,H,76,INFLOW,20091220,0200,5858, ,CFS
SHA,H,76,INFLOW,20091220,0300,2370, ,CFS
SHA,H,76,INFLOW,20091220,0400,538, ,CFS
SHA,H,76,INFLOW,20091220,0500,4285, ,CFS
SHA,H,76,INFLOW,20091220,0600,2163, ,CFS
SHA,H,76,INFLOW,20091220,0700,2816, ,CFS
SHA,H,76,INFLOW,20091220,0800,2830, ,CFS
SHA,H,76,INFLOW,20091220,0900,6587, ,CFS
SHA,H,76,INFLOW,20091220,1000,2931, ,CFS
SHA,H,76,INFLOW,20091220,1100,6620, ,CFS
SHA,H,76,INFLOW,20091220,1200,4883, ,CFS
SHA,H,76,INFLOW,20091220,1300,8707, ,CFS
SHA,H,76,INFLOW,20091220,1400,12629, ,CFS
SHA,H,76,INFLOW,20091220,1500,1284, ,CFS
SHA,H,76,INFLOW,20091220,1600,4836, ,CFS
SHA,H,76,INFLOW,20091220,1700,9477, ,CFS
SHA,H,76,INFLOW,20091220,1800,5803, ,CFS
SHA,H,76,INFLOW,20091220,1900,9999, ,CFS
SHA,H,76,INFLOW,20091220,2000,6314, ,CFS
SHA,H,76,INFLOW,20091220,2100,6302, ,CFS
SHA,H,76,INFLOW,20091220,2200,5006, ,CFS
SHA,H,76,INFLOW,20091220,2300,5682, ,CFS
SHA,H,76,INFLOW,20091221,0000,1802, ,CFS
SHA,H,76,INFLOW,20091221,0100,8414, ,CFS
SHA,H,76,INFLOW,20091221,0200,2423, ,CFS
SHA,H,76,INFLOW,20091221,0300,2486, ,CFS
SHA,H,76,INFLOW,20091221,0400,2454, ,CFS
SHA,H,76,INFLOW,20091221,0500,2332, ,CFS
SHA,H,76,INFLOW,20091221,0600,1013, ,CFS
SHA,H,76,INFLOW,20091221,0700,5557, ,CFS
SHA,H,76,INFLOW,20091221,0800,1608, ,CFS
SHA,H,76,INFLOW,20091221,0900,9229, ,CFS
SHA,H,76,INFLOW,20091221,1000,6304, ,CFS
SHA,H,76,INFLOW,20091221,1100,12312, ,CFS
SHA,H,76,INFLOW,20091221,1200,8708, ,CFS
SHA,H,76,INFLOW,20091221,1300,10275, ,CFS
SHA,H,76,INFLOW,20091221,1400,13811, ,CFS
SHA,H,76,INFLOW,20091221,1500,5820, ,CFS
SHA,H,76,INFLOW,20091221,1600,7728, ,CFS
SHA,H,76,INFLOW,20091221,1700,11626, ,CFS
SHA,H,76,INFLOW,20091221,1800,1294, ,CFS
SHA,H,76,INFLOW,20091221,1900,11125, ,CFS
SHA,H,76,INFLOW,20091221,2000,5167, ,CFS
SHA,H,76,INFLOW,20091221,2100,15677, ,CFS
SHA,H,76,INFLOW,20091221,2200,4086, ,CFS
SHA,H,76,INFLOW,20091221,2300,9230, ,CFS
SHA,H,76,INFLOW,20091222,0000,7025, ,CFS
SHA,H,76,INFLOW,20091222,0100,646, ,CFS
SHA,H,76,INFLOW,20091222,0200,4260, ,CFS
SHA,H,76,INFLOW,20091222,0300,5943, ,CFS
SHA,H,76,INFLOW,20091222,0400,617, ,CFS
SHA,H,76,INFLOW,20091222,0500,5934, ,CFS
SHA,H,76,INFLOW,20091222,0600,6348, ,CFS
SHA,H,76,INFLOW,20091222,0700,1246, ,CFS
SHA,H,76,INFLOW,20091222,0800,4869, ,CFS
SHA,H,76,INFLOW,20091222,0900,10607, ,CFS
SHA,H,76,INFLOW,20091222,1000,6691, ,CFS
SHA,H,76,INFLOW,20091222,1100,7507, ,CFS
SHA,H,76,INFLOW,20091222,1200,12792, ,CFS
SHA,H,76,INFLOW,20091222,1300,5498, ,CFS
SHA,H,76,INFLOW,20091222,1400,5394, ,CFS
SHA,H,76,INFLOW,20091222,1500,12962, ,CFS
SHA,H,76,INFLOW,20091222,1600,3451, ,CFS
SHA,H,76,INFLOW,20091222,1700,9195, ,CFS
SHA,H,76,INFLOW,20091222,1800,7930, ,CFS
SHA,H,76,INFLOW,20091222,1900,7399, ,CFS
SHA,H,76,INFLOW,20091222,2000,7799, ,CFS
SHA,H,76,INFLOW,20091222,2100,15063, ,CFS
SHA,H,76,INFLOW,20091222,2200,2339, ,CFS
SHA,H,76,INFLOW,20091222,2300,10738, ,CFS
SHA,H,76,INFLOW,20091223,0000,8585, ,CFS
SHA,H,76,INFLOW,20091223,0100,2537, ,CFS
SHA,H,76,INFLOW,20091223,0200,7644, ,CFS
SHA,H,76,INFLOW,20091223,0300,4303, ,CFS
SHA,H,76,INFLOW,20091223,0400,4330, ,CFS
SHA,H,76,INFLOW,20091223,0500,4421, ,CFS
SHA,H,76,INFLOW,20091223,0600,825, ,CFS
SHA,H,76,INFLOW,20091223,0700,6779, ,CFS
SHA,H,76,INFLOW,20091223,0800,3728, ,CFS
SHA,H,76,INFLOW,20091223,0900,5300, ,CFS
SHA,H,76,INFLOW,20091223,1000,7058, ,CFS
SHA,H,76,INFLOW,20091223,1100,6069, ,CFS
SHA,H,76,INFLOW,20091223,1200,11473, ,CFS
SHA,H,76,INFLOW,20091223,1300,6075, ,CFS
SHA,H,76,INFLOW,20091223,1400,9676, ,CFS
SHA,H,76,INFLOW,20091223,1500,3547, ,CFS
SHA,H,76,INFLOW,20091223,1600,3452, ,CFS
SHA,H,76,INFLOW,20091223,1700,5079, ,CFS
SHA,H,76,INFLOW,20091223,1800,5067, ,CFS
SHA,H,76,INFLOW,20091223,1900,8922, ,CFS
SHA,H,76,INFLOW,20091223,2000,5355, ,CFS
SHA,H,76,INFLOW,20091223,2100,7138, ,CFS
SHA,H,76,INFLOW,20091223,2200,11046, ,CFS
SHA,H,76,INFLOW,20091223,2300,8583, ,CFS
SHA,H,76,INFLOW,20091224,0000,6684, ,CFS
SHA,H,76,INFLOW,20091224,0100,4701, ,CFS
SHA,H,76,INFLOW,20091224,0200,2394, ,CFS
SHA,H,76,INFLOW,20091224,0300,2300, ,CFS
SHA,H,76,INFLOW,20091224,0400,2116, ,CFS
SHA,H,76,INFLOW,20091224,0500,2626, ,CFS
SHA,H,76,INFLOW,20091224,0600,4836, ,CFS
SHA,H,76,INFLOW,20091224,0700,2707, ,CFS
SHA,H,76,INFLOW,20091224,0800,-581, ,CFS
SHA,H,76,INFLOW,20091224,0900,11462, ,CFS
SHA,H,76,INFLOW,20091224,1000,6107, ,CFS
SHA,H,76,INFLOW,20091224,1100,4000, ,CFS
SHA,H,76,INFLOW,20091224,1200,9649, ,CFS
SHA,H,76,INFLOW,20091224,1300,4463, ,CFS
SHA,H,76,INFLOW,20091224,1400,5629, ,CFS
SHA,H,76,INFLOW,20091224,1500,7303, ,CFS
SHA,H,76,INFLOW,20091224,1600,1821, ,CFS
SHA,H,76,INFLOW,20091224,1700,6088, ,CFS
SHA,H,76,INFLOW,20091224,1800,3991, ,CFS
SHA,H,76,INFLOW,20091224,1900,6559, ,CFS
SHA,H,76,INFLOW,20091224,2000,7172, ,CFS
SHA,H,76,INFLOW,20091224,2100,5822, ,CFS
SHA,H,76,INFLOW,20091224,2200,9880, ,CFS
SHA,H,76,INFLOW,20091224,2300,2403, ,CFS
SHA,H,76,INFLOW,20091225,0000,7222, ,CFS
SHA,H,76,INFLOW,20091225,0100,1981, ,CFS
SHA,H,76,INFLOW,20091225,0200,3066, ,CFS
SHA,H,76,INFLOW,20091225,0300,3020, ,CFS
SHA,H,76,INFLOW,20091225,0400,3114, ,CFS
SHA,H,76,INFLOW,20091225,0500,1229, ,CFS
SHA,H,76,INFLOW,20091225,0600,6048, ,CFS
SHA,H,76,INFLOW,20091225,0700,-1592, ,CFS
SHA,H,76,INFLOW,20091225,0800,3815, ,CFS
SHA,H,76,INFLOW,20091225,0900,-90, ,CFS
SHA,H,76,INFLOW,20091225,1000,3666, ,CFS
SHA,H,76,INFLOW,20091225,1100,7968, ,CFS
SHA,H,76,INFLOW,20091225,1200,7644, ,CFS
SHA,H,76,INFLOW,20091225,1300,2227, ,CFS
SHA,H,76,INFLOW,20091225,1400,6151, ,CFS
SHA,H,76,INFLOW,20091225,1500,4189, ,CFS
SHA,H,76,INFLOW,20091225,1600,2246, ,CFS
SHA,H,76,INFLOW,20091225,1700,6879, ,CFS
SHA,H,76,INFLOW,20091225,1800,4971, ,CFS
SHA,H,76,INFLOW,20091225,1900,5135, ,CFS
SHA,H,76,INFLOW,20091225,2000,8990, ,CFS
SHA,H,76,INFLOW,20091225,2100,10508, ,CFS
SHA,H,76,INFLOW,20091225,2200,3963, ,CFS
SHA,H,76,INFLOW,20091225,2300,6705, ,CFS
SHA,H,76,INFLOW,20091226,0000,2532, ,CFS
SHA,H,76,INFLOW,20091226,0100,2013, ,CFS
SHA,H,76,INFLOW,20091226,0200,1995, ,CFS
SHA,H,76,INFLOW,20091226,0300,1947, ,CFS
SHA,H,76,INFLOW,20091226,0400,3813, ,CFS
SHA,H,76,INFLOW,20091226,0500,2000, ,CFS
SHA,H,76,INFLOW,20091226,0600,2266, ,CFS
SHA,H,76,INFLOW,20091226,0700,-493, ,CFS
SHA,H,76,INFLOW,20091226,0800,4712, ,CFS
SHA,H,76,INFLOW,20091226,0900,588, ,CFS
SHA,H,76,INFLOW,20091226,1000,1261, ,CFS
SHA,H,76,INFLOW,20091226,1100,8535, ,CFS
SHA,H,76,INFLOW,20091226,1200,4738, ,CFS
SHA,H,76,INFLOW,20091226,1300,7463, ,CFS
SHA,H,76,INFLOW,20091226,1400,8822, ,CFS
SHA,H,76,INFLOW,20091226,1500,5078, ,CFS
SHA,H,76,INFLOW,20091226,1600,1616, ,CFS
SHA,H,76,INFLOW,20091226,1700,8143, ,CFS
SHA,H,76,INFLOW,20091226,1800,-56, ,CFS
SHA,H,76,INFLOW,20091226,1900,12381, ,CFS
SHA,H,76,INFLOW,20091226,2000,4621, ,CFS
SHA,H,76,INFLOW,20091226,2100,9141, ,CFS
SHA,H,76,INFLOW,20091226,2200,4214, ,CFS
SHA,H,76,INFLOW,20091226,2300,7532, ,CFS
SHA,H,76,INFLOW,20091227,0000,5643, ,CFS
SHA,H,76,INFLOW,20091227,0100,1879, ,CFS
SHA,H,76,INFLOW,20091227,0200,6710, ,CFS
SHA,H,76,INFLOW,20091227,0300,2511, ,CFS
SHA,H,76,INFLOW,20091227,0400,560, ,CFS
SHA,H,76,INFLOW,20091227,0500,6209, ,CFS
SHA,H,76,INFLOW,20091227,0600,3108, ,CFS
SHA,H,76,INFLOW,20091227,0700,214, ,CFS
SHA,H,76,INFLOW,20091227,0800,4259, ,CFS
SHA,H,76,INFLOW,20091227,0900,607, ,CFS
SHA,H,76,INFLOW,20091227,1000,4477, ,CFS
SHA,H,76,INFLOW,20091227,1100,6127, ,CFS
SHA,H,76,INFLOW,20091227,1200,10063, ,CFS
SHA,H,76,INFLOW,20091227,1300,4460, ,CFS
SHA,H,76,INFLOW,20091227,1400,8002, ,CFS
SHA,H,76,INFLOW,20091227,1500,7889, ,CFS
SHA,H,76,INFLOW,20091227,1600,3478, ,CFS
SHA,H,76,INFLOW,20091227,1700,4364, ,CFS
SHA,H,76,INFLOW,20091227,1800,7200, ,CFS
SHA,H,76,INFLOW,20091227,1900,5010, ,CFS
SHA,H,76,INFLOW,20091227,2000,6840, ,CFS
SHA,H,76,INFLOW,20091227,2100,10596, ,CFS
SHA,H,76,INFLOW,20091227,2200,7159, ,CFS
SHA,H,76,INFLOW,20091227,2300,4667, ,CFS
SHA,H,76,INFLOW,20091228,0000,2673, ,CFS
SHA,H,76,INFLOW,20091228,0100,1834, ,CFS
SHA,H,76,INFLOW,20091228,0200,2739, ,CFS
SHA,H,76,INFLOW,20091228,0300,4459, ,CFS
SHA,H,76,INFLOW,20091228,0400,661, ,CFS
SHA,H,76,INFLOW,20091228,0500,2663, ,CFS
SHA,H,76,INFLOW,20091228,0600,4059, ,CFS
SHA,H,76,INFLOW,20091228,0700,-306, ,CFS
SHA,H,76,INFLOW,20091228,0800,2475, ,CFS
SHA,H,76,INFLOW,20091228,0900,8404, ,CFS
SHA,H,76,INFLOW,20091228,1000,2570, ,CFS
SHA,H,76,INFLOW,20091228,1100,8528, ,CFS
SHA,H,76,INFLOW,20091228,1200,8336, ,CFS
SHA,H,76,INFLOW,20091228,1300,2610, ,CFS
SHA,H,76,INFLOW,20091228,1400,4415, ,CFS
SHA,H,76,INFLOW,20091228,1500,4218, ,CFS
SHA,H,76,INFLOW,20091228,1600,1406, ,CFS
SHA,H,76,INFLOW,20091228,1700,5244, ,CFS
SHA,H,76,INFLOW,20091228,1800,2832, ,CFS
SHA,H,76,INFLOW,20091228,1900,8835, ,CFS
SHA,H,76,INFLOW,20091228,2000,6107, ,CFS
SHA,H,76,INFLOW,20091228,2100,5617, ,CFS
SHA,H,76,INFLOW,20091228,2200,7630, ,CFS
SHA,H,76,INFLOW,20091228,2300,5627, ,CFS
SHA,H,76,INFLOW,20091229,0000,3402, ,CFS
SHA,H,76,INFLOW,20091229,0100,2327, ,CFS
SHA,H,76,INFLOW,20091229,0200,2328, ,CFS
SHA,H,76,INFLOW,20091229,0300,2294, ,CFS
SHA,H,76,INFLOW,20091229,0400,-1540, ,CFS
SHA,H,76,INFLOW,20091229,0500,4382, ,CFS
SHA,H,76,INFLOW,20091229,0600,-165, ,CFS
SHA,H,76,INFLOW,20091229,0700,710, ,CFS
SHA,H,76,INFLOW,20091229,0800,4188, ,CFS
SHA,H,76,INFLOW,20091229,0900,539, ,CFS
SHA,H,76,INFLOW,20091229,1000,5971, ,CFS
SHA,H,76,INFLOW,20091229,1100,7870, ,CFS
SHA,H,76,INFLOW,20091229,1200,7806, ,CFS
SHA,H,76,INFLOW,20091229,1300,3927, ,CFS
SHA,H,76,INFLOW,20091229,1400,9795, ,CFS
SHA,H,76,INFLOW,20091229,1500,5893, ,CFS
SHA,H,76,INFLOW,20091229,1600,1543, ,CFS
SHA,H,76,INFLOW,20091229,1700,8794, ,CFS
SHA,H,76,INFLOW,20091229,1800,5110, ,CFS
SHA,H,76,INFLOW,20091229,1900,7333, ,CFS
SHA,H,76,INFLOW,20091229,2000,10986, ,CFS
SHA,H,76,INFLOW,20091229,2100,4681, ,CFS
SHA,H,76,INFLOW,20091229,2200,7442, ,CFS
SHA,H,76,INFLOW,20091229,2300,12485, ,CFS
SHA,H,76,INFLOW,20091230,0000,2742, ,CFS
SHA,H,76,INFLOW,20091230,0100,3028, ,CFS
SHA,H,76,INFLOW,20091230,0200,4444, ,CFS
SHA,H,76,INFLOW,20091230,0300,343, ,CFS
SHA,H,76,INFLOW,20091230,0400,1851, ,CFS
SHA,H,76,INFLOW,20091230,0500,5638, ,CFS
SHA,H,76,INFLOW,20091230,0600,1767, ,CFS
SHA,H,76,INFLOW,20091230,0700,482, ,CFS
SHA,H,76,INFLOW,20091230,0800,3962, ,CFS
SHA,H,76,INFLOW,20091230,0900,2100, ,CFS
SHA,H,76,INFLOW,20091230,1000,7837, ,CFS
SHA,H,76,INFLOW,20091230,1100,9676, ,CFS
SHA,H,76,INFLOW,20091230,1200,3576, ,CFS
SHA,H,76,INFLOW,20091230,1300,7734, ,CFS
SHA,H,76,INFLOW,20091230,1400,5481, ,CFS
SHA,H,76,INFLOW,20091230,1500,310, ,CFS
SHA,H,76,INFLOW,20091230,1600,3984, ,CFS
SHA,H,76,INFLOW,20091230,1700,3989, ,CFS
SHA,H,76,INFLOW,20091230,1800,3965, ,CFS
SHA,H,76,INFLOW,20091230,1900,7727, ,CFS
SHA,H,76,INFLOW,20091230,2000,7143, ,CFS
SHA,H,76,INFLOW,20091230,2100,6518, ,CFS
SHA,H,76,INFLOW,20091230,2200,10091, ,CFS
SHA,H,76,INFLOW,20091230,2300,5491, ,CFS
SHA,H,76,INFLOW,20091231,0000,5754, ,CFS
SHA,H,76,INFLOW,20091231,0100,3900, ,CFS
SHA,H,76,INFLOW,20091231,0200,5979, ,CFS
SHA,H,76,INFLOW,20091231,0300,244, ,CFS
SHA,H,76,INFLOW,20091231,0400,4151, ,CFS
SHA,H,76,INFLOW,20091231,0500,2412, ,CFS
SHA,H,76,INFLOW,20091231,0600,1589, ,CFS
SHA,H,76,INFLOW,20091231,0700,2368, ,CFS
SHA,H,76,INFLOW,20091231,0800,434, ,CFS
SHA,H,76,INFLOW,20091231,0900,3982, ,CFS
SHA,H,76,INFLOW,20091231,1000,9259, ,CFS
SHA,H,76,INFLOW,20091231,1100,8432, ,CFS
SHA,H,76,INFLOW,20091231,1200,6673, ,CFS
SHA,H,76,INFLOW,20091231,1300,2923, ,CFS
SHA,H,76,INFLOW,20091231,1400,11169, ,CFS
SHA,H,76,INFLOW,20091231,1500,3196, ,CFS
SHA,H,76,INFLOW,20091231,1600,6778, ,CFS
SHA,H,76,INFLOW,20091231,1700,3037, ,CFS
SHA,H,76,INFLOW,20091231,1800,5682, ,CFS
SHA,H,76,INFLOW,20091231,1900,9367, ,CFS
SHA,H,76,INFLOW,20091231,2000,6787, ,CFS
SHA,H,76,INFLOW,20091231,2100,8721, ,CFS
SHA,H,76,INFLOW,20091231,2200,6960, ,CFS
SHA,H,76,INFLOW,20091231,2300,7218, ,CFS
SHA,H,76,INFLOW,20100101,0000,5906, ,CFS
SHA,H,76,INFLOW,20100101,0100,4259, ,CFS
SHA,H,76,INFLOW,20100101,0200,6008, ,CFS
SHA,H,76,INFLOW,20100101,0300,3848, ,CFS
SHA,H,76,INFLOW,20100101,0400,5609, ,CFS
SHA,H,76,INFLOW,20100101,0500,5611, ,CFS
SHA,H,76,INFLOW,20100101,0600,7457, ,CFS
SHA,H,76,INFLOW,20100101,0700,5191, ,CFS
SHA,H,76,INFLOW,20100101,0800,7584, ,CFS
SHA,H,76,INFLOW,20100101,0900,14274, ,CFS
SHA,H,76,INFLOW,20100101,1000,15039, ,CFS
SHA,H,76,INFLOW,20100101,1100,20180, ,CFS
SHA,H,76,INFLOW,20100101,1200,14129, ,CFS
SHA,H,76,INFLOW,20100101,1300,18552, ,CFS
SHA,H,76,INFLOW,20100101,1400,17542, ,CFS
SHA,H,76,INFLOW,20100101,1500,17457, ,CFS
SHA,H,76,INFLOW,20100101,1600,23201, ,CFS
SHA,H,76,INFLOW,20100101,1700,15973, ,CFS
SHA,H,76,INFLOW,20100101,1800,14773, ,CFS
SHA,H,76,INFLOW,20100101,1900,18929, ,CFS
SHA,H,76,INFLOW,20100101,2000,20832, ,CFS
SHA,H,76,INFLOW,20100101,2100,18246, ,CFS
SHA,H,76,INFLOW,20100101,2200,12168, ,CFS
SHA,H,76,INFLOW,20100101,2300,22519, ,CFS
SHA,H,76,INFLOW,20100102,0000,13364, ,CFS
SHA,H,76,INFLOW,20100102,0100,19206, ,CFS
SHA,H,76,INFLOW,20100102,0200,9572, ,CFS
SHA,H,76,INFLOW,20100102,0300,19219, ,CFS
SHA,H,76,INFLOW,20100102,0400,7640, ,CFS
SHA,H,76,INFLOW,20100102,0500,7648, ,CFS
SHA,H,76,INFLOW,20100102,0600,9708, ,CFS
SHA,H,76,INFLOW,20100102,0700,7878, ,CFS
SHA,H,76,INFLOW,20100102,0800,11788, ,CFS
SHA,H,76,INFLOW,20100102,0900,9435, ,CFS
SHA,H,76,INFLOW,20100102,1000,9545, ,CFS
SHA,H,76,INFLOW,20100102,1100,10125, ,CFS
SHA,H,76,INFLOW,20100102,1200,15116, ,CFS
SHA,H,76,INFLOW,20100102,1300,10445, ,CFS
SHA,H,76,INFLOW,20100102,1400,11458, ,CFS
SHA,H,76,INFLOW,20100102,1500,11442, ,CFS
SHA,H,76,INFLOW,20100102,1600,9685, ,CFS
SHA,H,76,INFLOW,20100102,1700,13039, ,CFS
SHA,H,76,INFLOW,20100102,1800,11135, ,CFS
SHA,H,76,INFLOW,20100102,1900,11123, ,CFS
SHA,H,76,INFLOW,20100102,2000,11468, ,CFS
SHA,H,76,INFLOW,20100102,2100,10628, ,CFS
SHA,H,76,INFLOW,20100102,2200,13983, ,CFS
SHA,H,76,INFLOW,20100102,2300,11128, ,CFS
SHA,H,76,INFLOW,20100103,0000,13670, ,CFS
SHA,H,76,INFLOW,20100103,0100,8373, ,CFS
SHA,H,76,INFLOW,20100103,0200,8089, ,CFS
SHA,H,76,INFLOW,20100103,0300,6255, ,CFS
SHA,H,76,INFLOW,20100103,0400,6290, ,CFS
SHA,H,76,INFLOW,20100103,0500,8122, ,CFS
SHA,H,76,INFLOW,20100103,0600,6283, ,CFS
SHA,H,76,INFLOW,20100103,0700,7530, ,CFS
SHA,H,76,INFLOW,20100103,0800,6160, ,CFS
SHA,H,76,INFLOW,20100103,0900,6572, ,CFS
SHA,H,76,INFLOW,20100103,1000,6341, ,CFS
SHA,H,76,INFLOW,20100103,1100,5966, ,CFS
SHA,H,76,INFLOW,20100103,1200,6429, ,CFS
SHA,H,76,INFLOW,20100103,1300,6385, ,CFS
SHA,H,76,INFLOW,20100103,1400,9515, ,CFS
SHA,H,76,INFLOW,20100103,1500,5476, ,CFS
SHA,H,76,INFLOW,20100103,1600,10198, ,CFS
SHA,H,76,INFLOW,20100103,1700,10143, ,CFS
SHA,H,76,INFLOW,20100103,1800,10581, ,CFS
SHA,H,76,INFLOW,20100103,1900,10802, ,CFS
SHA,H,76,INFLOW,20100103,2000,10566, ,CFS
SHA,H,76,INFLOW,20100103,2100,10512, ,CFS
SHA,H,76,INFLOW,20100103,2200,10234, ,CFS
SHA,H,76,INFLOW,20100103,2300,10347, ,CFS
SHA,H,76,INFLOW,20100104,0000,9701, ,CFS
SHA,H,76,INFLOW,20100104,0100,6316, ,CFS
SHA,H,76,INFLOW,20100104,0200,6157, ,CFS
SHA,H,76,INFLOW,20100104,0300,4327, ,CFS
SHA,H,76,INFLOW,20100104,0400,2362, ,CFS
SHA,H,76,INFLOW,20100104,0500,4495, ,CFS
SHA,H,76,INFLOW,20100104,0600,5198, ,CFS
SHA,H,76,INFLOW,20100104,0700,8677, ,CFS
SHA,H,76,INFLOW,20100104,0800,8350, ,CFS
SHA,H,76,INFLOW,20100104,0900,12381, ,CFS
SHA,H,76,INFLOW,20100104,1000,5227, ,CFS
SHA,H,76,INFLOW,20100104,1100,8361, ,CFS
SHA,H,76,INFLOW,20100104,1200,5705, ,CFS
SHA,H,76,INFLOW,20100104,1300,7313, ,CFS
SHA,H,76,INFLOW,20100104,1400,4587, ,CFS
SHA,H,76,INFLOW,20100104,1500,8112, ,CFS
SHA,H,76,INFLOW,20100104,1600,3581, ,CFS
SHA,H,76,INFLOW,20100104,1700,8939, ,CFS
SHA,H,76,INFLOW,20100104,1800,5398, ,CFS
SHA,H,76,INFLOW,20100104,1900,4025, ,CFS
SHA,H,76,INFLOW,20100104,2000,7238, ,CFS
SHA,H,76,INFLOW,20100104,2100,7260, ,CFS
SHA,H,76,INFLOW,20100104,2200,2553, ,CFS
SHA,H,76,INFLOW,20100104,2300,7250, ,CFS
SHA,H,76,INFLOW,20100105,0000,7433, ,CFS
SHA,H,76,INFLOW,20100105,0100,6625, ,CFS
SHA,H,76,INFLOW,20100105,0200,4330, ,CFS
SHA,H,76,INFLOW,20100105,0300,8261, ,CFS
SHA,H,76,INFLOW,20100105,0400,4345, ,CFS
SHA,H,76,INFLOW,20100105,0500,6644, ,CFS
SHA,H,76,INFLOW,20100105,0600,4901, ,CFS
SHA,H,76,INFLOW,20100105,0700,8606, ,CFS
SHA,H,76,INFLOW,20100105,0800,2760, ,CFS
SHA,H,76,INFLOW,20100105,0900,8552, ,CFS
SHA,H,76,INFLOW,20100105,1000,6959, ,CFS
SHA,H,76,INFLOW,20100105,1100,5480, ,CFS
SHA,H,76,INFLOW,20100105,1200,4976, ,CFS
SHA,H,76,INFLOW,20100105,1300,11533, ,CFS
SHA,H,76,INFLOW,20100105,1400,3151, ,CFS
SHA,H,76,INFLOW,20100105,1500,6667, ,CFS
SHA,H,76,INFLOW,20100105,1600,9558, ,CFS
SHA,H,76,INFLOW,20100105,1700,6618, ,CFS
SHA,H,76,INFLOW,20100105,1800,4231, ,CFS
SHA,H,76,INFLOW,20100105,1900,8385, ,CFS
SHA,H,76,INFLOW,20100105,2000,7449, ,CFS
SHA,H,76,INFLOW,20100105,2100,7165, ,CFS
SHA,H,76,INFLOW,20100105,2200,6568, ,CFS
SHA,H,76,INFLOW,20100105,2300,5436, ,CFS
SHA,H,76,INFLOW,20100106,0000,9228, ,CFS
SHA,H,76,INFLOW,20100106,0100,4515, ,CFS
SHA,H,76,INFLOW,20100106,0200,6660, ,CFS
SHA,H,76,INFLOW,20100106,0300,6483, ,CFS
SHA,H,76,INFLOW,20100106,0400,4485, ,CFS
SHA,H,76,INFLOW,20100106,0500,4310, ,CFS
SHA,H,76,INFLOW,20100106,0600,4347, ,CFS
SHA,H,76,INFLOW,20100106,0700,5026, ,CFS
SHA,H,76,INFLOW,20100106,0800,6532, ,CFS
SHA,H,76,INFLOW,20100106,0900,5372, ,CFS
SHA,H,76,INFLOW,20100106,1000,2332, ,CFS
SHA,H,76,INFLOW,20100106,1100,8273, ,CFS
SHA,H,76,INFLOW,20100106,1200,5355, ,CFS
SHA,H,76,INFLOW,20100106,1300,5042, ,CFS
SHA,H,76,INFLOW,20100106,1400,6576, ,CFS
SHA,H,76,INFLOW,20100106,1500,6510, ,CFS
SHA,H,76,INFLOW,20100106,1600,3687, ,CFS
SHA,H,76,INFLOW,20100106,1700,6644, ,CFS
SHA,H,76,INFLOW,20100106,1800,8483, ,CFS
SHA,H,76,INFLOW,20100106,1900,4817, ,CFS
SHA,H,76,INFLOW,20100106,2000,6469, ,CFS
SHA,H,76,INFLOW,20100106,2100,4607, ,CFS
SHA,H,76,INFLOW,20100106,2200,8216, ,CFS
SHA,H,76,INFLOW,20100106,2300,5254, ,CFS
SHA,H,76,INFLOW,20100107,0000,7996, ,CFS
SHA,H,76,INFLOW,20100107,0100,6537, ,CFS
SHA,H,76,INFLOW,20100107,0200,4568, ,CFS
SHA,H,76,INFLOW,20100107,0300,8488, ,CFS
SHA,H,76,INFLOW,20100107,0400,619, ,CFS
SHA,H,76,INFLOW,20100107,0500,6423, ,CFS
SHA,H,76,INFLOW,20100107,0600,4507, ,CFS
SHA,H,76,INFLOW,20100107,0700,3558, ,CFS
SHA,H,76,INFLOW,20100107,0800,7938, ,CFS
SHA,H,76,INFLOW,20100107,0900,2624, ,CFS
SHA,H,76,INFLOW,20100107,1000,7007, ,CFS
SHA,H,76,INFLOW,20100107,1100,5149, ,CFS
SHA,H,76,INFLOW,20100107,1200,4446, ,CFS
SHA,H,76,INFLOW,20100107,1300,4439, ,CFS
SHA,H,76,INFLOW,20100107,1400,4241, ,CFS
SHA,H,76,INFLOW,20100107,1500,7552, ,CFS
SHA,H,76,INFLOW,20100107,1600,5527, ,CFS
SHA,H,76,INFLOW,20100107,1700,6620, ,CFS
SHA,H,76,INFLOW,20100107,1800,6578, ,CFS
SHA,H,76,INFLOW,20100107,1900,6597, ,CFS
SHA,H,76,INFLOW,20100107,2000,6250, ,CFS
SHA,H,76,INFLOW,20100107,2100,4476, ,CFS
SHA,H,76,INFLOW,20100107,2200,6165, ,CFS
SHA,H,76,INFLOW,20100107,2300,6013, ,CFS
SHA,H,76,INFLOW,20100108,0000,7229, ,CFS
SHA,H,76,INFLOW,20100108,0100,4640, ,CFS
SHA,H,76,INFLOW,20100108,0200,4388, ,CFS
SHA,H,76,INFLOW,20100108,0300,3980, ,CFS
SHA,H,76,INFLOW,20100108,0400,3999, ,CFS
SHA,H,76,INFLOW,20100108,0500,4142, ,CFS
SHA,H,76,INFLOW,20100108,0600,2369, ,CFS
SHA,H,76,INFLOW,20100108,0700,4280, ,CFS
SHA,H,76,INFLOW,20100108,0800,4627, ,CFS
SHA,H,76,INFLOW,20100108,0900,5186, ,CFS
SHA,H,76,INFLOW,20100108,1000,4792, ,CFS
SHA,H,76,INFLOW,20100108,1100,5186, ,CFS
SHA,H,76,INFLOW,20100108,1200,5130, ,CFS
SHA,H,76,INFLOW,20100108,1300,9408, ,CFS
SHA,H,76,INFLOW,20100108,1400,7585, ,CFS
SHA,H,76,INFLOW,20100108,1500,6612, ,CFS
SHA,H,76,INFLOW,20100108,1600,4103, ,CFS
SHA,H,76,INFLOW,20100108,1700,6011, ,CFS
SHA,H,76,INFLOW,20100108,1800,8411, ,CFS
SHA,H,76,INFLOW,20100108,1900,6533, ,CFS
SHA,H,76,INFLOW,20100108,2000,10169, ,CFS
SHA,H,76,INFLOW,20100108,2100,7143, ,CFS
SHA,H,76,INFLOW,20100108,2200,11213, ,CFS
SHA,H,76,INFLOW,20100108,2300,7048, ,CFS
SHA,H,76,INFLOW,20100109,0000,6291, ,CFS
SHA,H,76,INFLOW,20100109,0100,6282, ,CFS
SHA,H,76,INFLOW,20100109,0200,4083, ,CFS
SHA,H,76,INFLOW,20100109,0300,1896, ,CFS
SHA,H,76,INFLOW,20100109,0400,2140, ,CFS
SHA,H,76,INFLOW,20100109,0500,2359, ,CFS
SHA,H,76,INFLOW,20100109,0600,2354, ,CFS
SHA,H,76,INFLOW,20100109,0700,4172, ,CFS
SHA,H,76,INFLOW,20100109,0800,867, ,CFS
SHA,H,76,INFLOW,20100109,0900,2311, ,CFS
SHA,H,76,INFLOW,20100109,1000,4651, ,CFS
SHA,H,76,INFLOW,20100109,1100,4905, ,CFS
SHA,H,76,INFLOW,20100109,1200,6390, ,CFS
SHA,H,76,INFLOW,20100109,1300,503, ,CFS
SHA,H,76,INFLOW,20100109,1400,10305, ,CFS
SHA,H,76,INFLOW,20100109,1500,283, ,CFS
SHA,H,76,INFLOW,20100109,1600,9963, ,CFS
SHA,H,76,INFLOW,20100109,1700,6223, ,CFS
SHA,H,76,INFLOW,20100109,1800,8529, ,CFS
SHA,H,76,INFLOW,20100109,1900,7325, ,CFS
SHA,H,76,INFLOW,20100109,2000,6957, ,CFS
SHA,H,76,INFLOW,20100109,2100,5749, ,CFS
SHA,H,76,INFLOW,20100109,2200,11874, ,CFS
SHA,H,76,INFLOW,20100109,2300,7053, ,CFS
SHA,H,76,INFLOW,20100110,0000,5013, ,CFS
SHA,H,76,INFLOW,20100110,0100,642, ,CFS
SHA,H,76,INFLOW,20100110,0200,2673, ,CFS
SHA,H,76,INFLOW,20100110,0300,4499, ,CFS
SHA,H,76,INFLOW,20100110,0400,2423, ,CFS
SHA,H,76,INFLOW,20100110,0500,606, ,CFS
SHA,H,76,INFLOW,20100110,0600,4708, ,CFS
SHA,H,76,INFLOW,20100110,0700,908, ,CFS
SHA,H,76,INFLOW,20100110,0800,3896, ,CFS
SHA,H,76,INFLOW,20100110,0900,1551, ,CFS
SHA,H,76,INFLOW,20100110,1000,5657, ,CFS
SHA,H,76,INFLOW,20100110,1100,3987, ,CFS
SHA,H,76,INFLOW,20100110,1200,5917, ,CFS
SHA,H,76,INFLOW,20100110,1300,5685, ,CFS
SHA,H,76,INFLOW,20100110,1400,4249, ,CFS
SHA,H,76,INFLOW,20100110,1500,6001, ,CFS
SHA,H,76,INFLOW,20100110,1600,11849, ,CFS
SHA,H,76,INFLOW,20100110,1700,6089, ,CFS
SHA,H,76,INFLOW,20100110,1800,6358, ,CFS
SHA,H,76,INFLOW,20100110,1900,8425, ,CFS
SHA,H,76,INFLOW,20100110,2000,8353, ,CFS
SHA,H,76,INFLOW,20100110,2100,5846, ,CFS
SHA,H,76,INFLOW,20100110,2200,10796, ,CFS
SHA,H,76,INFLOW,20100110,2300,5808, ,CFS
SHA,H,76,INFLOW,20100111,0000,4230, ,CFS
SHA,H,76,INFLOW,20100111,0100,4083, ,CFS
SHA,H,76,INFLOW,20100111,0200,1940, ,CFS
SHA,H,76,INFLOW,20100111,0300,4277, ,CFS
SHA,H,76,INFLOW,20100111,0400,2442, ,CFS
SHA,H,76,INFLOW,20100111,0500,4395, ,CFS
SHA,H,76,INFLOW,20100111,0600,3239, ,CFS
SHA,H,76,INFLOW,20100111,0700,4111, ,CFS
SHA,H,76,INFLOW,20100111,0800,8523, ,CFS
SHA,H,76,INFLOW,20100111,0900,650, ,CFS
SHA,H,76,INFLOW,20100111,1000,8976, ,CFS
SHA,H,76,INFLOW,20100111,1100,2866, ,CFS
SHA,H,76,INFLOW,20100111,1200,3119, ,CFS
SHA,H,76,INFLOW,20100111,1300,7441, ,CFS
SHA,H,76,INFLOW,20100111,1400,5446, ,CFS
SHA,H,76,INFLOW,20100111,1500,2895, ,CFS
SHA,H,76,INFLOW,20100111,1600,6502, ,CFS
SHA,H,76,INFLOW,20100111,1700,9339, ,CFS
SHA,H,76,INFLOW,20100111,1800,-2342, ,CFS
SHA,H,76,INFLOW,20100111,1900,10133, ,CFS
SHA,H,76,INFLOW,20100111,2000,7822, ,CFS
SHA,H,76,INFLOW,20100111,2100,12, ,CFS
SHA,H,76,INFLOW,20100111,2200,7843, ,CFS
SHA,H,76,INFLOW,20100111,2300,7959, ,CFS
SHA,H,76,INFLOW,20100112,0000,2061, ,CFS
SHA,H,76,INFLOW,20100112,0100,10152, ,CFS
SHA,H,76,INFLOW,20100112,0200,6364, ,CFS
SHA,H,76,INFLOW,20100112,0300,6160, ,CFS
SHA,H,76,INFLOW,20100112,0400,11984, ,CFS
SHA,H,76,INFLOW,20100112,0500,12390, ,CFS
SHA,H,76,INFLOW,20100112,0600,2714, ,CFS
SHA,H,76,INFLOW,20100112,0700,4419, ,CFS
SHA,H,76,INFLOW,20100112,0800,6785, ,CFS
SHA,H,76,INFLOW,20100112,0900,7484, ,CFS
SHA,H,76,INFLOW,20100112,1000,10796, ,CFS
SHA,H,76,INFLOW,20100112,1100,9587, ,CFS
SHA,H,76,INFLOW,20100112,1200,9086, ,CFS
SHA,H,76,INFLOW,20100112,1300,10762, ,CFS
SHA,H,76,INFLOW,20100112,1400,6587, ,CFS
SHA,H,76,INFLOW,20100112,1500,3896, ,CFS
SHA,H,76,INFLOW,20100112,1600,15972, ,CFS
SHA,H,76,INFLOW,20100112,1700,19732, ,CFS
SHA,H,76,INFLOW,20100112,1800,16781, ,CFS
SHA,H,76,INFLOW,20100112,1900,14552, ,CFS
SHA,H,76,INFLOW,20100112,2000,10682, ,CFS
SHA,H,76,INFLOW,20100112,2100,15000, ,CFS
SHA,H,76,INFLOW,20100112,2200,18216, ,CFS
SHA,H,76,INFLOW,20100112,2300,23152, ,CFS
SHA,H,76,INFLOW,20100113,0000,33658, ,CFS
SHA,H,76,INFLOW,20100113,0100,20854, ,CFS
SHA,H,76,INFLOW,20100113,0200,20170, ,CFS
SHA,H,76,INFLOW,20100113,0300,22299, ,CFS
SHA,H,76,INFLOW,20100113,0400,26230, ,CFS
SHA,H,76,INFLOW,20100113,0500,26368, ,CFS
SHA,H,76,INFLOW,20100113,0600,26860, ,CFS
SHA,H,76,INFLOW,20100113,0700,27216, ,CFS
SHA,H,76,INFLOW,20100113,0800,19681, ,CFS
SHA,H,76,INFLOW,20100113,0900,20597, ,CFS
SHA,H,76,INFLOW,20100113,1000,20775, ,CFS
SHA,H,76,INFLOW,20100113,1100,18488, ,CFS
SHA,H,76,INFLOW,20100113,1200,20699, ,CFS
SHA,H,76,INFLOW,20100113,1300,23438, ,CFS
SHA,H,76,INFLOW,20100113,1400,17535, ,CFS
SHA,H,76,INFLOW,20100113,1500,17413, ,CFS
SHA,H,76,INFLOW,20100113,1600,21228, ,CFS
SHA,H,76,INFLOW,20100113,1700,14750, ,CFS
SHA,H,76,INFLOW,20100113,1800,18701, ,CFS
SHA,H,76,INFLOW,20100113,1900,17009, ,CFS
SHA,H,76,INFLOW,20100113,2000,14414, ,CFS
SHA,H,76,INFLOW,20100113,2100,15963, ,CFS
SHA,H,76,INFLOW,20100113,2200,17019, ,CFS
SHA,H,76,INFLOW,20100113,2300,16281, ,CFS
SHA,H,76,INFLOW,20100114,0000,16055, ,CFS
SHA,H,76,INFLOW,20100114,0100,15924, ,CFS
SHA,H,76,INFLOW,20100114,0200,13664, ,CFS
SHA,H,76,INFLOW,20100114,0300,13649, ,CFS
SHA,H,76,INFLOW,20100114,0400,11765, ,CFS
SHA,H,76,INFLOW,20100114,0500,16122, ,CFS
SHA,H,76,INFLOW,20100114,0600,14778, ,CFS
SHA,H,76,INFLOW,20100114,0700,12979, ,CFS
SHA,H,76,INFLOW,20100114,0800,13483, ,CFS
SHA,H,76,INFLOW,20100114,0900,13288, ,CFS
SHA,H,76,INFLOW,20100114,1000,10222, ,CFS
SHA,H,76,INFLOW,20100114,1100,12169, ,CFS
SHA,H,76,INFLOW,20100114,1200,13755, ,CFS
SHA,H,76,INFLOW,20100114,1300,9624, ,CFS
SHA,H,76,INFLOW,20100114,1400,9455, ,CFS
SHA,H,76,INFLOW,20100114,1500,12902, ,CFS
SHA,H,76,INFLOW,20100114,1600,11284, ,CFS
SHA,H,76,INFLOW,20100114,1700,13064, ,CFS
SHA,H,76,INFLOW,20100114,1800,11426, ,CFS
SHA,H,76,INFLOW,20100114,1900,11879, ,CFS
SHA,H,76,INFLOW,20100114,2000,9790, ,CFS
SHA,H,76,INFLOW,20100114,2100,13125, ,CFS
SHA,H,76,INFLOW,20100114,2200,9147, ,CFS
SHA,H,76,INFLOW,20100114,2300,11689, ,CFS
SHA,H,76,INFLOW,20100115,0000,10141, ,CFS
SHA,H,76,INFLOW,20100115,0100,10234, ,CFS
SHA,H,76,INFLOW,20100115,0200,9934, ,CFS
SHA,H,76,INFLOW,20100115,0300,10025, ,CFS
SHA,H,76,INFLOW,20100115,0400,12248, ,CFS
SHA,H,76,INFLOW,20100115,0500,10270, ,CFS
SHA,H,76,INFLOW,20100115,0600,12007, ,CFS
SHA,H,76,INFLOW,20100115,0700,6437, ,CFS
SHA,H,76,INFLOW,20100115,0800,11701, ,CFS
SHA,H,76,INFLOW,20100115,0900,10454, ,CFS
SHA,H,76,INFLOW,20100115,1000,10376, ,CFS
SHA,H,76,INFLOW,20100115,1100,8550, ,CFS
SHA,H,76,INFLOW,20100115,1200,4485, ,CFS
SHA,H,76,INFLOW,20100115,1300,12189, ,CFS
SHA,H,76,INFLOW,20100115,1400,9370, ,CFS
SHA,H,76,INFLOW,20100115,1500,8117, ,CFS
SHA,H,76,INFLOW,20100115,1600,14312, ,CFS
SHA,H,76,INFLOW,20100115,1700,4802, ,CFS
SHA,H,76,INFLOW,20100115,1800,12255, ,CFS
SHA,H,76,INFLOW,20100115,1900,12576, ,CFS
SHA,H,76,INFLOW,20100115,2000,14368, ,CFS
SHA,H,76,INFLOW,20100115,2100,13677, ,CFS
SHA,H,76,INFLOW,20100115,2200,8794, ,CFS
SHA,H,76,INFLOW,20100115,2300,14198, ,CFS
SHA,H,76,INFLOW,20100116,0000,11684, ,CFS
SHA,H,76,INFLOW,20100116,0100,15895, ,CFS
SHA,H,76,INFLOW,20100116,0200,9880, ,CFS
SHA,H,76,INFLOW,20100116,0300,10488, ,CFS
SHA,H,76,INFLOW,20100116,0400,10418, ,CFS
SHA,H,76,INFLOW,20100116,0500,12420, ,CFS
SHA,H,76,INFLOW,20100116,0600,8406, ,CFS
SHA,H,76,INFLOW,20100116,0700,10654, ,CFS
SHA,H,76,INFLOW,20100116,0800,10789, ,CFS
SHA,H,76,INFLOW,20100116,0900,10414, ,CFS
SHA,H,76,INFLOW,20100116,1000,12339, ,CFS
SHA,H,76,INFLOW,20100116,1100,8458, ,CFS
SHA,H,76,INFLOW,20100116,1200,17213, ,CFS
SHA,H,76,INFLOW,20100116,1300,10592, ,CFS
SHA,H,76,INFLOW,20100116,1400,9570, ,CFS
SHA,H,76,INFLOW,20100116,1500,13015, ,CFS
SHA,H,76,INFLOW,20100116,1600,11043, ,CFS
SHA,H,76,INFLOW,20100116,1700,13523, ,CFS
SHA,H,76,INFLOW,20100116,1800,11993, ,CFS
SHA,H,76,INFLOW,20100116,1900,10529, ,CFS
SHA,H,76,INFLOW,20100116,2000,10181, ,CFS
SHA,H,76,INFLOW,20100116,2100,12437, ,CFS
SHA,H,76,INFLOW,20100116,2200,13497, ,CFS
SHA,H,76,INFLOW,20100116,2300,13726, ,CFS
SHA,H,76,INFLOW,20100117,0000,10069, ,CFS
SHA,H,76,INFLOW,20100117,0100,11802, ,CFS
SHA,H,76,INFLOW,20100117,0200,9944, ,CFS
SHA,H,76,INFLOW,20100117,0300,11977, ,CFS
SHA,H,76,INFLOW,20100117,0400,9979, ,CFS
SHA,H,76,INFLOW,20100117,0500,5957, ,CFS
SHA,H,76,INFLOW,20100117,0600,8485, ,CFS
SHA,H,76,INFLOW,20100117,0700,8080, ,CFS
SHA,H,76,INFLOW,20100117,0800,10134, ,CFS
SHA,H,76,INFLOW,20100117,0900,8414, ,CFS
SHA,H,76,INFLOW,20100117,1000,11015, ,CFS
SHA,H,76,INFLOW,20100117,1100,13979, ,CFS
SHA,H,76,INFLOW,20100117,1200,3963, ,CFS
SHA,H,76,INFLOW,20100117,1300,16210, ,CFS
SHA,H,76,INFLOW,20100117,1400,8694, ,CFS
SHA,H,76,INFLOW,20100117,1500,10102, ,CFS
SHA,H,76,INFLOW,20100117,1600,9626, ,CFS
SHA,H,76,INFLOW,20100117,1700,18046, ,CFS
SHA,H,76,INFLOW,20100117,1800,6436, ,CFS
SHA,H,76,INFLOW,20100117,1900,27008, ,CFS
SHA,H,76,INFLOW,20100117,2000,16696, ,CFS
SHA,H,76,INFLOW,20100117,2100,18961, ,CFS
SHA,H,76,INFLOW,20100117,2200,21126, ,CFS
SHA,H,76,INFLOW,20100117,2300,16858, ,CFS
SHA,H,76,INFLOW,20100118,0000,17631, ,CFS
SHA,H,76,INFLOW,20100118,0100,17879, ,CFS
SHA,H,76,INFLOW,20100118,0200,18161, ,CFS
SHA,H,76,INFLOW,20100118,0300,16549, ,CFS
SHA,H,76,INFLOW,20100118,0400,22747, ,CFS
SHA,H,76,INFLOW,20100118,0500,16763, ,CFS
SHA,H,76,INFLOW,20100118,0600,22916, ,CFS
SHA,H,76,INFLOW,20100118,0700,20643, ,CFS
SHA,H,76,INFLOW,20100118,0800,25248, ,CFS
SHA,H,76,INFLOW,20100118,0900,26474, ,CFS
SHA,H,76,INFLOW,20100118,1000,26591, ,CFS
SHA,H,76,INFLOW,20100118,1100,30238, ,CFS
SHA,H,76,INFLOW,20100118,1200,34486, ,CFS
SHA,H,76,INFLOW,20100118,1300,34504, ,CFS
SHA,H,76,INFLOW,20100118,1400,44363, ,CFS
SHA,H,76,INFLOW,20100118,1500,30122, ,CFS
SHA,H,76,INFLOW,20100118,1600,38266, ,CFS
SHA,H,76,INFLOW,20100118,1700,32047, ,CFS
SHA,H,76,INFLOW,20100118,1800,38827, ,CFS
SHA,H,76,INFLOW,20100118,1900,37322, ,CFS
SHA,H,76,INFLOW,20100118,2000,45298, ,CFS
SHA,H,76,INFLOW,20100118,2100,28124, ,CFS
SHA,H,76,INFLOW,20100118,2200,34144, ,CFS
SHA,H,76,INFLOW,20100118,2300,40396, ,CFS
SHA,H,76,INFLOW,20100119,0000,35407, ,CFS
SHA,H,76,INFLOW,20100119,0100,39846, ,CFS
SHA,H,76,INFLOW,20100119,0200,31335, ,CFS
SHA,H,76,INFLOW,20100119,0300,39835, ,CFS
SHA,H,76,INFLOW,20100119,0400,37842, ,CFS
SHA,H,76,INFLOW,20100119,0500,35414, ,CFS
SHA,H,76,INFLOW,20100119,0600,38349, ,CFS
SHA,H,76,INFLOW,20100119,0700,41959, ,CFS
SHA,H,76,INFLOW,20100119,0800,52790, ,CFS
SHA,H,76,INFLOW,20100119,0900,48178, ,CFS
SHA,H,76,INFLOW,20100119,1000,45267, ,CFS
SHA,H,76,INFLOW,20100119,1100,32224, ,CFS
SHA,H,76,INFLOW,20100119,1200,66324, ,CFS
SHA,H,76,INFLOW,20100119,1300,51600, ,CFS
SHA,H,76,INFLOW,20100119,1400,53113, ,CFS
SHA,H,76,INFLOW,20100119,1500,42157, ,CFS
SHA,H,76,INFLOW,20100119,1600,47447, ,CFS
SHA,H,76,INFLOW,20100119,1700,53859, ,CFS
SHA,H,76,INFLOW,20100119,1800,45788, ,CFS
SHA,H,76,INFLOW,20100119,1900,52322, ,CFS
SHA,H,76,INFLOW,20100119,2000,50141, ,CFS
SHA,H,76,INFLOW,20100119,2100,39297, ,CFS
SHA,H,76,INFLOW,20100119,2200,48522, ,CFS
SHA,H,76,INFLOW,20100119,2300,51724, ,CFS
SHA,H,76,INFLOW,20100120,0000,36658, ,CFS
SHA,H,76,INFLOW,20100120,0100,49300, ,CFS
SHA,H,76,INFLOW,20100120,0200,51473, ,CFS
SHA,H,76,INFLOW,20100120,0300,29898, ,CFS
SHA,H,76,INFLOW,20100120,0400,43300, ,CFS
SHA,H,76,INFLOW,20100120,0500,49950, ,CFS
SHA,H,76,INFLOW,20100120,0600,40983, ,CFS
SHA,H,76,INFLOW,20100120,0700,38807, ,CFS
SHA,H,76,INFLOW,20100120,0800,44078, ,CFS
SHA,H,76,INFLOW,20100120,0900,48738, ,CFS
SHA,H,76,INFLOW,20100120,1000,48601, ,CFS
SHA,H,76,INFLOW,20100120,1100,44201, ,CFS
SHA,H,76,INFLOW,20100120,1200,46400, ,CFS
SHA,H,76,INFLOW,20100120,1300,33233, ,CFS
SHA,H,76,INFLOW,20100120,1400,44450, ,CFS
SHA,H,76,INFLOW,20100120,1500,51091, ,CFS
SHA,H,76,INFLOW,20100120,1600,31170, ,CFS
SHA,H,76,INFLOW,20100120,1700,35597, ,CFS
SHA,H,76,INFLOW,20100120,1800,37811, ,CFS
SHA,H,76,INFLOW,20100120,1900,42385, ,CFS
SHA,H,76,INFLOW,20100120,2000,31370, ,CFS
SHA,H,76,INFLOW,20100120,2100,40276, ,CFS
SHA,H,76,INFLOW,20100120,2200,35823, ,CFS
SHA,H,76,INFLOW,20100120,2300,42503, ,CFS
SHA,H,76,INFLOW,20100121,0000,26918, ,CFS
SHA,H,76,INFLOW,20100121,0100,51563, ,CFS
SHA,H,76,INFLOW,20100121,0200,42747, ,CFS
SHA,H,76,INFLOW,20100121,0300,38268, ,CFS
SHA,H,76,INFLOW,20100121,0400,44986, ,CFS
SHA,H,76,INFLOW,20100121,0500,44987, ,CFS
SHA,H,76,INFLOW,20100121,0600,33830, ,CFS
SHA,H,76,INFLOW,20100121,0700,45246, ,CFS
SHA,H,76,INFLOW,20100121,0800,34004, ,CFS
SHA,H,76,INFLOW,20100121,0900,45555, ,CFS
SHA,H,76,INFLOW,20100121,1000,38863, ,CFS
SHA,H,76,INFLOW,20100121,1100,38995, ,CFS
SHA,H,76,INFLOW,20100121,1200,36951, ,CFS
SHA,H,76,INFLOW,20100121,1300,39170, ,CFS
SHA,H,76,INFLOW,20100121,1400,34567, ,CFS
SHA,H,76,INFLOW,20100121,1500,30025, ,CFS
SHA,H,76,INFLOW,20100121,1600,39138, ,CFS
SHA,H,76,INFLOW,20100121,1700,35948, ,CFS
SHA,H,76,INFLOW,20100121,1800,31527, ,CFS
SHA,H,76,INFLOW,20100121,1900,35236, ,CFS
SHA,H,76,INFLOW,20100121,2000,30605, ,CFS
SHA,H,76,INFLOW,20100121,2100,30110, ,CFS
SHA,H,76,INFLOW,20100121,2200,34703, ,CFS
SHA,H,76,INFLOW,20100121,2300,29851, ,CFS
SHA,H,76,INFLOW,20100122,0000,25424, ,CFS
SHA,H,76,INFLOW,20100122,0100,28038, ,CFS
SHA,H,76,INFLOW,20100122,0200,25645, ,CFS
SHA,H,76,INFLOW,20100122,0300,25718, ,CFS
SHA,H,76,INFLOW,20100122,0400,30372, ,CFS
SHA,H,76,INFLOW,20100122,0500,25795, ,CFS
SHA,H,76,INFLOW,20100122,0600,21267, ,CFS
SHA,H,76,INFLOW,20100122,0700,21258, ,CFS
SHA,H,76,INFLOW,20100122,0800,23508, ,CFS
SHA,H,76,INFLOW,20100122,0900,25779, ,CFS
SHA,H,76,INFLOW,20100122,1000,23238, ,CFS
SHA,H,76,INFLOW,20100122,1100,23302, ,CFS
SHA,H,76,INFLOW,20100122,1200,24913, ,CFS
SHA,H,76,INFLOW,20100122,1300,25117, ,CFS
SHA,H,76,INFLOW,20100122,1400,22819, ,CFS
SHA,H,76,INFLOW,20100122,1500,20526, ,CFS
SHA,H,76,INFLOW,20100122,1600,22826, ,CFS
SHA,H,76,INFLOW,20100122,1700,20522, ,CFS
SHA,H,76,INFLOW,20100122,1800,22826, ,CFS
SHA,H,76,INFLOW,20100122,1900,25127, ,CFS
SHA,H,76,INFLOW,20100122,2000,22819, ,CFS
SHA,H,76,INFLOW,20100122,2100,22867, ,CFS
SHA,H,76,INFLOW,20100122,2200,23158, ,CFS
SHA,H,76,INFLOW,20100122,2300,20780, ,CFS
SHA,H,76,INFLOW,20100123,0000,20450, ,CFS
SHA,H,76,INFLOW,20100123,0100,19613, ,CFS
SHA,H,76,INFLOW,20100123,0200,17250, ,CFS
SHA,H,76,INFLOW,20100123,0300,19722, ,CFS
SHA,H,76,INFLOW,20100123,0400,19701, ,CFS
SHA,H,76,INFLOW,20100123,0500,19735, ,CFS
SHA,H,76,INFLOW,20100123,0600,19883, ,CFS
SHA,H,76,INFLOW,20100123,0700,19352, ,CFS
SHA,H,76,INFLOW,20100123,0800,21641, ,CFS
SHA,H,76,INFLOW,20100123,0900,17005, ,CFS
SHA,H,76,INFLOW,20100123,1000,21643, ,CFS
SHA,H,76,INFLOW,20100123,1100,21819, ,CFS
SHA,H,76,INFLOW,20100123,1200,20859, ,CFS
SHA,H,76,INFLOW,20100123,1300,16400, ,CFS
SHA,H,76,INFLOW,20100123,1400,23116, ,CFS
SHA,H,76,INFLOW,20100123,1500,18464, ,CFS
SHA,H,76,INFLOW,20100123,1600,17791, ,CFS
SHA,H,76,INFLOW,20100123,1700,23291, ,CFS
SHA,H,76,INFLOW,20100123,1800,16589, ,CFS
SHA,H,76,INFLOW,20100123,1900,23233, ,CFS
SHA,H,76,INFLOW,20100123,2000,20789, ,CFS
SHA,H,76,INFLOW,20100123,2100,18716, ,CFS
SHA,H,76,INFLOW,20100123,2200,18496, ,CFS
SHA,H,76,INFLOW,20100123,2300,22678, ,CFS
SHA,H,76,INFLOW,20100124,0000,19429, ,CFS
SHA,H,76,INFLOW,20100124,0100,19102, ,CFS
SHA,H,76,INFLOW,20100124,0200,19185, ,CFS
SHA,H,76,INFLOW,20100124,0300,16826, ,CFS
SHA,H,76,INFLOW,20100124,0400,16817, ,CFS
SHA,H,76,INFLOW,20100124,0500,16816, ,CFS
SHA,H,76,INFLOW,20100124,0600,12166, ,CFS
SHA,H,76,INFLOW,20100124,0700,17560, ,CFS
SHA,H,76,INFLOW,20100124,0800,16206, ,CFS
SHA,H,76,INFLOW,20100124,0900,25330, ,CFS
SHA,H,76,INFLOW,20100124,1000,18087, ,CFS
SHA,H,76,INFLOW,20100124,1100,25105, ,CFS
SHA,H,76,INFLOW,20100124,1200,25116, ,CFS
SHA,H,76,INFLOW,20100124,1300,16188, ,CFS
SHA,H,76,INFLOW,20100124,1400,27471, ,CFS
SHA,H,76,INFLOW,20100124,1500,22864, ,CFS
SHA,H,76,INFLOW,20100124,1600,20673, ,CFS
SHA,H,76,INFLOW,20100124,1700,21881, ,CFS
SHA,H,76,INFLOW,20100124,1800,20587, ,CFS
SHA,H,76,INFLOW,20100124,1900,22875, ,CFS
SHA,H,76,INFLOW,20100124,2000,19795, ,CFS
SHA,H,76,INFLOW,20100124,2100,17915, ,CFS
SHA,H,76,INFLOW,20100124,2200,20104, ,CFS
SHA,H,76,INFLOW,20100124,2300,20378, ,CFS
SHA,H,76,INFLOW,20100125,0000,19962, ,CFS
SHA,H,76,INFLOW,20100125,0100,21617, ,CFS
SHA,H,76,INFLOW,20100125,0200,21582, ,CFS
SHA,H,76,INFLOW,20100125,0300,19278, ,CFS
SHA,H,76,INFLOW,20100125,0400,16915, ,CFS
SHA,H,76,INFLOW,20100125,0500,19284, ,CFS
SHA,H,76,INFLOW,20100125,0600,19267, ,CFS
SHA,H,76,INFLOW,20100125,0700,19302, ,CFS
SHA,H,76,INFLOW,20100125,0800,19283, ,CFS
SHA,H,76,INFLOW,20100125,0900,19295, ,CFS
SHA,H,76,INFLOW,20100125,1000,19349, ,CFS
SHA,H,76,INFLOW,20100125,1100,21644, ,CFS
SHA,H,76,INFLOW,20100125,1200,21638, ,CFS
SHA,H,76,INFLOW,20100125,1300,21636, ,CFS
SHA,H,76,INFLOW,20100125,1400,24041, ,CFS
SHA,H,76,INFLOW,20100125,1500,21759, ,CFS
SHA,H,76,INFLOW,20100125,1600,21940, ,CFS
SHA,H,76,INFLOW,20100125,1700,23601, ,CFS
SHA,H,76,INFLOW,20100125,1800,18871, ,CFS
SHA,H,76,INFLOW,20100125,1900,23254, ,CFS
SHA,H,76,INFLOW,20100125,2000,20497, ,CFS
SHA,H,76,INFLOW,20100125,2100,26086, ,CFS
SHA,H,76,INFLOW,20100125,2200,24151, ,CFS
SHA,H,76,INFLOW,20100125,2300,19508, ,CFS
SHA,H,76,INFLOW,20100126,0000,23738, ,CFS
SHA,H,76,INFLOW,20100126,0100,16889, ,CFS
SHA,H,76,INFLOW,20100126,0200,21597, ,CFS
SHA,H,76,INFLOW,20100126,0300,19242, ,CFS
SHA,H,76,INFLOW,20100126,0400,21635, ,CFS
SHA,H,76,INFLOW,20100126,0500,16851, ,CFS
SHA,H,76,INFLOW,20100126,0600,21806, ,CFS
SHA,H,76,INFLOW,20100126,0700,18739, ,CFS
SHA,H,76,INFLOW,20100126,0800,18755, ,CFS
SHA,H,76,INFLOW,20100126,0900,18587, ,CFS
SHA,H,76,INFLOW,20100126,1000,21461, ,CFS
SHA,H,76,INFLOW,20100126,1100,16348, ,CFS
SHA,H,76,INFLOW,20100126,1200,13889, ,CFS
SHA,H,76,INFLOW,20100126,1300,14559, ,CFS
SHA,H,76,INFLOW,20100126,1400,14460, ,CFS
SHA,H,76,INFLOW,20100126,1500,14455, ,CFS
SHA,H,76,INFLOW,20100126,1600,14484, ,CFS
SHA,H,76,INFLOW,20100126,1700,14634, ,CFS
SHA,H,76,INFLOW,20100126,1800,20156, ,CFS
SHA,H,76,INFLOW,20100126,1900,20023, ,CFS
SHA,H,76,INFLOW,20100126,2000,22231, ,CFS
SHA,H,76,INFLOW,20100126,2100,22207, ,CFS
SHA,H,76,INFLOW,20100126,2200,19565, ,CFS
SHA,H,76,INFLOW,20100126,2300,18312, ,CFS
SHA,H,76,INFLOW,20100127,0000,16027, ,CFS
SHA,H,76,INFLOW,20100127,0100,19442, ,CFS
SHA,H,76,INFLOW,20100127,0200,12131, ,CFS
SHA,H,76,INFLOW,20100127,0300,9723, ,CFS
SHA,H,76,INFLOW,20100127,0400,12132, ,CFS
SHA,H,76,INFLOW,20100127,0500,12131, ,CFS
SHA,H,76,INFLOW,20100127,0600,9782, ,CFS
SHA,H,76,INFLOW,20100127,0700,12303, ,CFS
SHA,H,76,INFLOW,20100127,0800,9763, ,CFS
SHA,H,76,INFLOW,20100127,0900,19836, ,CFS
SHA,H,76,INFLOW,20100127,1000,17244, ,CFS
SHA,H,76,INFLOW,20100127,1100,12367, ,CFS
SHA,H,76,INFLOW,20100127,1200,14738, ,CFS
SHA,H,76,INFLOW,20100127,1300,14626, ,CFS
SHA,H,76,INFLOW,20100127,1400,14648, ,CFS
SHA,H,76,INFLOW,20100127,1500,12239, ,CFS
SHA,H,76,INFLOW,20100127,1600,12332, ,CFS
SHA,H,76,INFLOW,20100127,1700,17245, ,CFS
SHA,H,76,INFLOW,20100127,1800,17253, ,CFS
SHA,H,76,INFLOW,20100127,1900,14775, ,CFS
SHA,H,76,INFLOW,20100127,2000,17796, ,CFS
SHA,H,76,INFLOW,20100127,2100,17671, ,CFS
SHA,H,76,INFLOW,20100127,2200,17265, ,CFS
SHA,H,76,INFLOW,20100127,2300,14851, ,CFS
SHA,H,76,INFLOW,20100128,0000,14927, ,CFS
SHA,H,76,INFLOW,20100128,0100,12518, ,CFS
SHA,H,76,INFLOW,20100128,0200,12516, ,CFS
SHA,H,76,INFLOW,20100128,0300,10083, ,CFS
SHA,H,76,INFLOW,20100128,0400,10087, ,CFS
SHA,H,76,INFLOW,20100128,0500,10089, ,CFS
SHA,H,76,INFLOW,20100128,0600,10088, ,CFS
SHA,H,76,INFLOW,20100128,0700,7661, ,CFS
SHA,H,76,INFLOW,20100128,0800,5061, ,CFS
SHA,H,76,INFLOW,20100128,0900,12300, ,CFS
SHA,H,76,INFLOW,20100128,1000,9866, ,CFS
SHA,H,76,INFLOW,20100128,1100,9943, ,CFS
SHA,H,76,INFLOW,20100128,1200,12857, ,CFS
SHA,H,76,INFLOW,20100128,1300,10598, ,CFS
SHA,H,76,INFLOW,20100128,1400,13104, ,CFS
SHA,H,76,INFLOW,20100128,1500,15136, ,CFS
SHA,H,76,INFLOW,20100128,1600,12717, ,CFS
SHA,H,76,INFLOW,20100128,1700,10297, ,CFS
SHA,H,76,INFLOW,20100128,1800,15103, ,CFS
SHA,H,76,INFLOW,20100128,1900,13656, ,CFS
SHA,H,76,INFLOW,20100128,2000,11071, ,CFS
SHA,H,76,INFLOW,20100128,2100,17827, ,CFS
SHA,H,76,INFLOW,20100128,2200,12924, ,CFS
SHA,H,76,INFLOW,20100128,2300,12432, ,CFS
SHA,H,76,INFLOW,20100129,0000,9890, ,CFS
SHA,H,76,INFLOW,20100129,0100,12355, ,CFS
SHA,H,76,INFLOW,20100129,0200,9903, ,CFS
SHA,H,76,INFLOW,20100129,0300,7586, ,CFS
SHA,H,76,INFLOW,20100129,0400,7622, ,CFS
SHA,H,76,INFLOW,20100129,0500,10084, ,CFS
SHA,H,76,INFLOW,20100129,0600,2819, ,CFS
SHA,H,76,INFLOW,20100129,0700,9219, ,CFS
SHA,H,76,INFLOW,20100129,0800,11745, ,CFS
SHA,H,76,INFLOW,20100129,0900,4225, ,CFS
SHA,H,76,INFLOW,20100129,1000,7715, ,CFS
SHA,H,76,INFLOW,20100129,1100,15633, ,CFS
SHA,H,76,INFLOW,20100129,1200,10820, ,CFS
SHA,H,76,INFLOW,20100129,1300,10138, ,CFS
SHA,H,76,INFLOW,20100129,1400,17493, ,CFS
SHA,H,76,INFLOW,20100129,1500,10106, ,CFS
SHA,H,76,INFLOW,20100129,1600,15029, ,CFS
SHA,H,76,INFLOW,20100129,1700,10274, ,CFS
SHA,H,76,INFLOW,20100129,1800,15073, ,CFS
SHA,H,76,INFLOW,20100129,1900,11521, ,CFS
SHA,H,76,INFLOW,20100129,2000,13912, ,CFS
SHA,H,76,INFLOW,20100129,2100,11495, ,CFS
SHA,H,76,INFLOW,20100129,2200,9575, ,CFS
SHA,H,76,INFLOW,20100129,2300,14262, ,CFS
SHA,H,76,INFLOW,20100130,0000,11522, ,CFS
SHA,H,76,INFLOW,20100130,0100,15182, ,CFS
SHA,H,76,INFLOW,20100130,0200,10209, ,CFS
SHA,H,76,INFLOW,20100130,0300,12789, ,CFS
SHA,H,76,INFLOW,20100130,0400,7928, ,CFS
SHA,H,76,INFLOW,20100130,0500,5450, ,CFS
SHA,H,76,INFLOW,20100130,0600,10117, ,CFS
SHA,H,76,INFLOW,20100130,0700,10122, ,CFS
SHA,H,76,INFLOW,20100130,0800,10124, ,CFS
SHA,H,76,INFLOW,20100130,0900,10117, ,CFS
SHA,H,76,INFLOW,20100130,1000,15004, ,CFS
SHA,H,76,INFLOW,20100130,1100,5680, ,CFS
SHA,H,76,INFLOW,20100130,1200,10749, ,CFS
SHA,H,76,INFLOW,20100130,1300,12918, ,CFS
SHA,H,76,INFLOW,20100130,1400,10528, ,CFS
SHA,H,76,INFLOW,20100130,1500,7728, ,CFS
SHA,H,76,INFLOW,20100130,1600,12613, ,CFS
SHA,H,76,INFLOW,20100130,1700,10164, ,CFS
SHA,H,76,INFLOW,20100130,1800,7759, ,CFS
SHA,H,76,INFLOW,20100130,1900,15087, ,CFS
SHA,H,76,INFLOW,20100130,2000,10184, ,CFS
SHA,H,76,INFLOW,20100130,2100,15079, ,CFS
SHA,H,76,INFLOW,20100130,2200,12625, ,CFS
SHA,H,76,INFLOW,20100130,2300,10687, ,CFS
SHA,H,76,INFLOW,20100131,0000,13211, ,CFS
SHA,H,76,INFLOW,20100131,0100,15379, ,CFS
SHA,H,76,INFLOW,20100131,0200,13055, ,CFS
SHA,H,76,INFLOW,20100131,0300,12951, ,CFS
SHA,H,76,INFLOW,20100131,0400,12888, ,CFS
SHA,H,76,INFLOW,20100131,0500,10439, ,CFS
SHA,H,76,INFLOW,20100131,0600,15612, ,CFS
SHA,H,76,INFLOW,20100131,0700,11624, ,CFS
SHA,H,76,INFLOW,20100131,0800,9146, ,CFS
SHA,H,76,INFLOW,20100131,0900,11623, ,CFS
SHA,H,76,INFLOW,20100131,1000,14070, ,CFS
SHA,H,76,INFLOW,20100131,1100,9123, ,CFS
SHA,H,76,INFLOW,20100131,1200,11600, ,CFS
SHA,H,76,INFLOW,20100131,1300,11799, ,CFS
SHA,H,76,INFLOW,20100131,1400,11798, ,CFS
SHA,H,76,INFLOW,20100131,1500,14223, ,CFS
SHA,H,76,INFLOW,20100131,1600,14185, ,CFS
SHA,H,76,INFLOW,20100131,1700,6944, ,CFS
SHA,H,76,INFLOW,20100131,1800,14159, ,CFS
SHA,H,76,INFLOW,20100131,1900,14918, ,CFS
SHA,H,76,INFLOW,20100131,2000,9628, ,CFS
SHA,H,76,INFLOW,20100131,2100,14346, ,CFS
SHA,H,76,INFLOW,20100131,2200,13033, ,CFS
SHA,H,76,INFLOW,20100131,2300,14628, ,CFS
SHA,H,76,INFLOW,20100201,0000,8121, ,CFS
SHA,H,76,INFLOW,20100201,0100,15177, ,CFS
SHA,H,76,INFLOW,20100201,0200,12646, ,CFS
SHA,H,76,INFLOW,20100201,0300,15094, ,CFS
SHA,H,76,INFLOW,20100201,0400,10381, ,CFS
SHA,H,76,INFLOW,20100201,0500,15607, ,CFS
SHA,H,76,INFLOW,20100201,0600,8149, ,CFS
SHA,H,76,INFLOW,20100201,0700,13251, ,CFS
SHA,H,76,INFLOW,20100201,0800,13284, ,CFS
SHA,H,76,INFLOW,20100201,0900,7912, ,CFS
SHA,H,76,INFLOW,20100201,1000,10573, ,CFS
SHA,H,76,INFLOW,20100201,1100,10136, ,CFS
SHA,H,76,INFLOW,20100201,1200,12514, ,CFS
SHA,H,76,INFLOW,20100201,1300,10026, ,CFS
SHA,H,76,INFLOW,20100201,1400,15002, ,CFS
SHA,H,76,INFLOW,20100201,1500,10033, ,CFS
SHA,H,76,INFLOW,20100201,1600,7538, ,CFS
SHA,H,76,INFLOW,20100201,1700,10112, ,CFS
SHA,H,76,INFLOW,20100201,1800,9223, ,CFS
SHA,H,76,INFLOW,20100201,1900,14255, ,CFS
SHA,H,76,INFLOW,20100201,2000,9269, ,CFS
SHA,H,76,INFLOW,20100201,2100,14173, ,CFS
SHA,H,76,INFLOW,20100201,2200,12750, ,CFS
SHA,H,76,INFLOW,20100201,2300,9121, ,CFS
SHA,H,76,INFLOW,20100202,0000,14197, ,CFS
SHA,H,76,INFLOW,20100202,0100,5236, ,CFS
SHA,H,76,INFLOW,20100202,0200,7593, ,CFS
SHA,H,76,INFLOW,20100202,0300,7647, ,CFS
SHA,H,76,INFLOW,20100202,0400,10120, ,CFS
SHA,H,76,INFLOW,20100202,0500,5152, ,CFS
SHA,H,76,INFLOW,20100202,0600,5253, ,CFS
SHA,H,76,INFLOW,20100202,0700,2761, ,CFS
SHA,H,76,INFLOW,20100202,0800,17741, ,CFS
SHA,H,76,INFLOW,20100202,0900,2669, ,CFS
SHA,H,76,INFLOW,20100202,1000,12671, ,CFS
SHA,H,76,INFLOW,20100202,1100,12676, ,CFS
SHA,H,76,INFLOW,20100202,1200,137, ,CFS
SHA,H,76,INFLOW,20100202,1300,15176, ,CFS
SHA,H,76,INFLOW,20100202,1400,7652, ,CFS
SHA,H,76,INFLOW,20100202,1500,5066, ,CFS
SHA,H,76,INFLOW,20100202,1600,12568, ,CFS
SHA,H,76,INFLOW,20100202,1700,10196, ,CFS
SHA,H,76,INFLOW,20100202,1800,9128, ,CFS
SHA,H,76,INFLOW,20100202,1900,14123, ,CFS
SHA,H,76,INFLOW,20100202,2000,8990, ,CFS
SHA,H,76,INFLOW,20100202,2100,11449, ,CFS
SHA,H,76,INFLOW,20100202,2200,15308, ,CFS
SHA,H,76,INFLOW,20100202,2300,14508, ,CFS
SHA,H,76,INFLOW,20100203,0000,9478, ,CFS
SHA,H,76,INFLOW,20100203,0100,12674, ,CFS
SHA,H,76,INFLOW,20100203,0200,12759, ,CFS
SHA,H,76,INFLOW,20100203,0300,12803, ,CFS
SHA,H,76,INFLOW,20100203,0400,12695, ,CFS
SHA,H,76,INFLOW,20100203,0500,12775, ,CFS
SHA,H,76,INFLOW,20100203,0600,15292, ,CFS
SHA,H,76,INFLOW,20100203,0700,10168, ,CFS
SHA,H,76,INFLOW,20100203,0800,5133, ,CFS
SHA,H,76,INFLOW,20100203,0900,7605, ,CFS
SHA,H,76,INFLOW,20100203,1000,7602, ,CFS
SHA,H,76,INFLOW,20100203,1100,5086, ,CFS
SHA,H,76,INFLOW,20100203,1200,7586, ,CFS
SHA,H,76,INFLOW,20100203,1300,7596, ,CFS
SHA,H,76,INFLOW,20100203,1400,5080, ,CFS
SHA,H,76,INFLOW,20100203,1500,7741, ,CFS
SHA,H,76,INFLOW,20100203,1600,13019, ,CFS
SHA,H,76,INFLOW,20100203,1700,10453, ,CFS
SHA,H,76,INFLOW,20100203,1800,17806, ,CFS
SHA,H,76,INFLOW,20100203,1900,12581, ,CFS
SHA,H,76,INFLOW,20100203,2000,7394, ,CFS
SHA,H,76,INFLOW,20100203,2100,12806, ,CFS
SHA,H,76,INFLOW,20100203,2200,7758, ,CFS
SHA,H,76,INFLOW,20100203,2300,13083, ,CFS
SHA,H,76,INFLOW,20100204,0000,10173, ,CFS
SHA,H,76,INFLOW,20100204,0100,10227, ,CFS
SHA,H,76,INFLOW,20100204,0200,5486, ,CFS
SHA,H,76,INFLOW,20100204,0300,10398, ,CFS
SHA,H,76,INFLOW,20100204,0400,10206, ,CFS
SHA,H,76,INFLOW,20100204,0500,5320, ,CFS
SHA,H,76,INFLOW,20100204,0600,15625, ,CFS
SHA,H,76,INFLOW,20100204,0700,7856, ,CFS
SHA,H,76,INFLOW,20100204,0800,13076, ,CFS
SHA,H,76,INFLOW,20100204,0900,10345, ,CFS
SHA,H,76,INFLOW,20100204,1000,8064, ,CFS
SHA,H,76,INFLOW,20100204,1100,12970, ,CFS
SHA,H,76,INFLOW,20100204,1200,12834, ,CFS
SHA,H,76,INFLOW,20100204,1300,15455, ,CFS
SHA,H,76,INFLOW,20100204,1400,17857, ,CFS
SHA,H,76,INFLOW,20100204,1500,15214, ,CFS
SHA,H,76,INFLOW,20100204,1600,12685, ,CFS
SHA,H,76,INFLOW,20100204,1700,15556, ,CFS
SHA,H,76,INFLOW,20100204,1800,25362, ,CFS
SHA,H,76,INFLOW,20100204,1900,18158, ,CFS
SHA,H,76,INFLOW,20100204,2000,20625, ,CFS
SHA,H,76,INFLOW,20100204,2100,28231, ,CFS
SHA,H,76,INFLOW,20100204,2200,45761, ,CFS
SHA,H,76,INFLOW,20100204,2300,28367, ,CFS
SHA,H,76,INFLOW,20100205,0000,7768, ,CFS
SHA,H,76,INFLOW,20100205,0100,40895, ,CFS
SHA,H,76,INFLOW,20100205,0200,28067, ,CFS
SHA,H,76,INFLOW,20100205,0300,25490, ,CFS
SHA,H,76,INFLOW,20100205,0400,35669, ,CFS
SHA,H,76,INFLOW,20100205,0500,33170, ,CFS
SHA,H,76,INFLOW,20100205,0600,28100, ,CFS
SHA,H,76,INFLOW,20100205,0700,30805, ,CFS
SHA,H,76,INFLOW,20100205,0800,33422, ,CFS
SHA,H,76,INFLOW,20100205,0900,33382, ,CFS
SHA,H,76,INFLOW,20100205,1000,28249, ,CFS
SHA,H,76,INFLOW,20100205,1100,38452, ,CFS
SHA,H,76,INFLOW,20100205,1200,30771, ,CFS
SHA,H,76,INFLOW,20100205,1300,35856, ,CFS
SHA,H,76,INFLOW,20100205,1400,35939, ,CFS
SHA,H,76,INFLOW,20100205,1500,36058, ,CFS
SHA,H,76,INFLOW,20100205,1600,33497, ,CFS
SHA,H,76,INFLOW,20100205,1700,31267, ,CFS
SHA,H,76,INFLOW,20100205,1800,29922, ,CFS
SHA,H,76,INFLOW,20100205,1900,38197, ,CFS
SHA,H,76,INFLOW,20100205,2000,30691, ,CFS
SHA,H,76,INFLOW,20100205,2100,31021, ,CFS
SHA,H,76,INFLOW,20100205,2200,31173, ,CFS
SHA,H,76,INFLOW,20100205,2300,31875, ,CFS
SHA,H,76,INFLOW,20100206,0000,34959, ,CFS
SHA,H,76,INFLOW,20100206,0100,28615, ,CFS
SHA,H,76,INFLOW,20100206,0200,31678, ,CFS
SHA,H,76,INFLOW,20100206,0300,34197, ,CFS
SHA,H,76,INFLOW,20100206,0400,36499, ,CFS
SHA,H,76,INFLOW,20100206,0500,31327, ,CFS
SHA,H,76,INFLOW,20100206,0600,33945, ,CFS
SHA,H,76,INFLOW,20100206,0700,36439, ,CFS
SHA,H,76,INFLOW,20100206,0800,36447, ,CFS
SHA,H,76,INFLOW,20100206,0900,33965, ,CFS
SHA,H,76,INFLOW,20100206,1000,34209, ,CFS
SHA,H,76,INFLOW,20100206,1100,36897, ,CFS
SHA,H,76,INFLOW,20100206,1200,34222, ,CFS
SHA,H,76,INFLOW,20100206,1300,31544, ,CFS
SHA,H,76,INFLOW,20100206,1400,36880, ,CFS
SHA,H,76,INFLOW,20100206,1500,34194, ,CFS
SHA,H,76,INFLOW,20100206,1600,31549, ,CFS
SHA,H,76,INFLOW,20100206,1700,31541, ,CFS
SHA,H,76,INFLOW,20100206,1800,34223, ,CFS
SHA,H,76,INFLOW,20100206,1900,34089, ,CFS
SHA,H,76,INFLOW,20100206,2000,28863, ,CFS
SHA,H,76,INFLOW,20100206,2100,31476, ,CFS
SHA,H,76,INFLOW,20100206,2200,31590, ,CFS
SHA,H,76,INFLOW,20100206,2300,31647, ,CFS
SHA,H,76,INFLOW,20100207,0000,29020, ,CFS
SHA,H,76,INFLOW,20100207,0100,31660, ,CFS
SHA,H,76,INFLOW,20100207,0200,21138, ,CFS
SHA,H,76,INFLOW,20100207,0300,29020, ,CFS
SHA,H,76,INFLOW,20100207,0400,29020, ,CFS
SHA,H,76,INFLOW,20100207,0500,21138, ,CFS
SHA,H,76,INFLOW,20100207,0600,26392, ,CFS
SHA,H,76,INFLOW,20100207,0700,23773, ,CFS
SHA,H,76,INFLOW,20100207,0800,23924, ,CFS
SHA,H,76,INFLOW,20100207,0900,29209, ,CFS
SHA,H,76,INFLOW,20100207,1000,21159, ,CFS
SHA,H,76,INFLOW,20100207,1100,18514, ,CFS
SHA,H,76,INFLOW,20100207,1200,21151, ,CFS
SHA,H,76,INFLOW,20100207,1300,21151, ,CFS
SHA,H,76,INFLOW,20100207,1400,23787, ,CFS
SHA,H,76,INFLOW,20100207,1500,23787, ,CFS
SHA,H,76,INFLOW,20100207,1600,21151, ,CFS
SHA,H,76,INFLOW,20100207,1700,21317, ,CFS
SHA,H,76,INFLOW,20100207,1800,23910, ,CFS
SHA,H,76,INFLOW,20100207,1900,23988, ,CFS
SHA,H,76,INFLOW,20100207,2000,26897, ,CFS
SHA,H,76,INFLOW,20100207,2100,21337, ,CFS
SHA,H,76,INFLOW,20100207,2200,26700, ,CFS
SHA,H,76,INFLOW,20100207,2300,21276, ,CFS
SHA,H,76,INFLOW,20100208,0000,21265, ,CFS
SHA,H,76,INFLOW,20100208,0100,21265, ,CFS
SHA,H,76,INFLOW,20100208,0200,15964, ,CFS
SHA,H,76,INFLOW,20100208,0300,18614, ,CFS
SHA,H,76,INFLOW,20100208,0400,21265, ,CFS
SHA,H,76,INFLOW,20100208,0500,15963, ,CFS
SHA,H,76,INFLOW,20100208,0600,18747, ,CFS
SHA,H,76,INFLOW,20100208,0700,16099, ,CFS
SHA,H,76,INFLOW,20100208,0800,16885, ,CFS
SHA,H,76,INFLOW,20100208,0900,18671, ,CFS
SHA,H,76,INFLOW,20100208,1000,16118, ,CFS
SHA,H,76,INFLOW,20100208,1100,18713, ,CFS
SHA,H,76,INFLOW,20100208,1200,16049, ,CFS
SHA,H,76,INFLOW,20100208,1300,18713, ,CFS
SHA,H,76,INFLOW,20100208,1400,13383, ,CFS
SHA,H,76,INFLOW,20100208,1500,18713, ,CFS
SHA,H,76,INFLOW,20100208,1600,13394, ,CFS
SHA,H,76,INFLOW,20100208,1700,16214, ,CFS
SHA,H,76,INFLOW,20100208,1800,23964, ,CFS
SHA,H,76,INFLOW,20100208,1900,18521, ,CFS
SHA,H,76,INFLOW,20100208,2000,21312, ,CFS
SHA,H,76,INFLOW,20100208,2100,16304, ,CFS
SHA,H,76,INFLOW,20100208,2200,21428, ,CFS
SHA,H,76,INFLOW,20100208,2300,18785, ,CFS
SHA,H,76,INFLOW,20100209,0000,16095, ,CFS
SHA,H,76,INFLOW,20100209,0100,16451, ,CFS
SHA,H,76,INFLOW,20100209,0200,13761, ,CFS
SHA,H,76,INFLOW,20100209,0300,16132, ,CFS
SHA,H,76,INFLOW,20100209,0400,13453, ,CFS
SHA,H,76,INFLOW,20100209,0500,16132, ,CFS
SHA,H,76,INFLOW,20100209,0600,13788, ,CFS
SHA,H,76,INFLOW,20100209,0700,11044, ,CFS
SHA,H,76,INFLOW,20100209,0800,16194, ,CFS
SHA,H,76,INFLOW,20100209,0900,13588, ,CFS
SHA,H,76,INFLOW,20100209,1000,16150, ,CFS
SHA,H,76,INFLOW,20100209,1100,16229, ,CFS
SHA,H,76,INFLOW,20100209,1200,13484, ,CFS
SHA,H,76,INFLOW,20100209,1300,18840, ,CFS
SHA,H,76,INFLOW,20100209,1400,10806, ,CFS
SHA,H,76,INFLOW,20100209,1500,16165, ,CFS
SHA,H,76,INFLOW,20100209,1600,13480, ,CFS
SHA,H,76,INFLOW,20100209,1700,13503, ,CFS
SHA,H,76,INFLOW,20100209,1800,13738, ,CFS
SHA,H,76,INFLOW,20100209,1900,19269, ,CFS
SHA,H,76,INFLOW,20100209,2000,19493, ,CFS
SHA,H,76,INFLOW,20100209,2100,14020, ,CFS
SHA,H,76,INFLOW,20100209,2200,16539, ,CFS
SHA,H,76,INFLOW,20100209,2300,19277, ,CFS
SHA,H,76,INFLOW,20100210,0000,13945, ,CFS
SHA,H,76,INFLOW,20100210,0100,13770, ,CFS
SHA,H,76,INFLOW,20100210,0200,13770, ,CFS
SHA,H,76,INFLOW,20100210,0300,8386, ,CFS
SHA,H,76,INFLOW,20100210,0400,11078, ,CFS
SHA,H,76,INFLOW,20100210,0500,11304, ,CFS
SHA,H,76,INFLOW,20100210,0600,11542, ,CFS
SHA,H,76,INFLOW,20100210,0700,16604, ,CFS
SHA,H,76,INFLOW,20100210,0800,13999, ,CFS
SHA,H,76,INFLOW,20100210,0900,8248, ,CFS
SHA,H,76,INFLOW,20100210,1000,18947, ,CFS
SHA,H,76,INFLOW,20100210,1100,10870, ,CFS
SHA,H,76,INFLOW,20100210,1200,13541, ,CFS
SHA,H,76,INFLOW,20100210,1300,13532, ,CFS
SHA,H,76,INFLOW,20100210,1400,5452, ,CFS
SHA,H,76,INFLOW,20100210,1500,10843, ,CFS
SHA,H,76,INFLOW,20100210,1600,13606, ,CFS
SHA,H,76,INFLOW,20100210,1700,13673, ,CFS
SHA,H,76,INFLOW,20100210,1800,13617, ,CFS
SHA,H,76,INFLOW,20100210,1900,16321, ,CFS
SHA,H,76,INFLOW,20100210,2000,13609, ,CFS
SHA,H,76,INFLOW,20100210,2100,16563, ,CFS
SHA,H,76,INFLOW,20100210,2200,13894, ,CFS
SHA,H,76,INFLOW,20100210,2300,13665, ,CFS
SHA,H,76,INFLOW,20100211,0000,13699, ,CFS
SHA,H,76,INFLOW,20100211,0100,11118, ,CFS
SHA,H,76,INFLOW,20100211,0200,13829, ,CFS
SHA,H,76,INFLOW,20100211,0300,13829, ,CFS
SHA,H,76,INFLOW,20100211,0400,13824, ,CFS
SHA,H,76,INFLOW,20100211,0500,11118, ,CFS
SHA,H,76,INFLOW,20100211,0600,13827, ,CFS
SHA,H,76,INFLOW,20100211,0700,11121, ,CFS
SHA,H,76,INFLOW,20100211,0800,13828, ,CFS
SHA,H,76,INFLOW,20100211,0900,16536, ,CFS
SHA,H,76,INFLOW,20100211,1000,13828, ,CFS
SHA,H,76,INFLOW,20100211,1100,13815, ,CFS
SHA,H,76,INFLOW,20100211,1200,11154, ,CFS
SHA,H,76,INFLOW,20100211,1300,11153, ,CFS
SHA,H,76,INFLOW,20100211,1400,16512, ,CFS
SHA,H,76,INFLOW,20100211,1500,11058, ,CFS
SHA,H,76,INFLOW,20100211,1600,19321, ,CFS
SHA,H,76,INFLOW,20100211,1700,8433, ,CFS
SHA,H,76,INFLOW,20100211,1800,13876, ,CFS
SHA,H,76,INFLOW,20100211,1900,19324, ,CFS
SHA,H,76,INFLOW,20100211,2000,11157, ,CFS
SHA,H,76,INFLOW,20100211,2100,11156, ,CFS
SHA,H,76,INFLOW,20100211,2200,21946, ,CFS
SHA,H,76,INFLOW,20100211,2300,13660, ,CFS
SHA,H,76,INFLOW,20100212,0000,16396, ,CFS
SHA,H,76,INFLOW,20100212,0100,11026, ,CFS
SHA,H,76,INFLOW,20100212,0200,10992, ,CFS
SHA,H,76,INFLOW,20100212,0300,10996, ,CFS
SHA,H,76,INFLOW,20100212,0400,8236, ,CFS
SHA,H,76,INFLOW,20100212,0500,8260, ,CFS
SHA,H,76,INFLOW,20100212,0600,16527, ,CFS
SHA,H,76,INFLOW,20100212,0700,5503, ,CFS
SHA,H,76,INFLOW,20100212,0800,16398, ,CFS
SHA,H,76,INFLOW,20100212,0900,16672, ,CFS
SHA,H,76,INFLOW,20100212,1000,19399, ,CFS
SHA,H,76,INFLOW,20100212,1100,19584, ,CFS
SHA,H,76,INFLOW,20100212,1200,11365, ,CFS
SHA,H,76,INFLOW,20100212,1300,16769, ,CFS
SHA,H,76,INFLOW,20100212,1400,11635, ,CFS
SHA,H,76,INFLOW,20100212,1500,14558, ,CFS
SHA,H,76,INFLOW,20100212,1600,19553, ,CFS
SHA,H,76,INFLOW,20100212,1700,6067, ,CFS
SHA,H,76,INFLOW,20100212,1800,20165, ,CFS
SHA,H,76,INFLOW,20100212,1900,17680, ,CFS
SHA,H,76,INFLOW,20100212,2000,22842, ,CFS
SHA,H,76,INFLOW,20100212,2100,17153, ,CFS
SHA,H,76,INFLOW,20100212,2200,14190, ,CFS
SHA,H,76,INFLOW,20100212,2300,19657, ,CFS
SHA,H,76,INFLOW,20100213,0000,11445, ,CFS
SHA,H,76,INFLOW,20100213,0100,16917, ,CFS
SHA,H,76,INFLOW,20100213,0200,11451, ,CFS
SHA,H,76,INFLOW,20100213,0300,11444, ,CFS
SHA,H,76,INFLOW,20100213,0400,14263, ,CFS
SHA,H,76,INFLOW,20100213,0500,11511, ,CFS
SHA,H,76,INFLOW,20100213,0600,14263, ,CFS
SHA,H,76,INFLOW,20100213,0700,17121, ,CFS
SHA,H,76,INFLOW,20100213,0800,11520, ,CFS
SHA,H,76,INFLOW,20100213,0900,14758, ,CFS
SHA,H,76,INFLOW,20100213,1000,14633, ,CFS
SHA,H,76,INFLOW,20100213,1100,16972, ,CFS
SHA,H,76,INFLOW,20100213,1200,17129, ,CFS
SHA,H,76,INFLOW,20100213,1300,14361, ,CFS
SHA,H,76,INFLOW,20100213,1400,22398, ,CFS
SHA,H,76,INFLOW,20100213,1500,17102, ,CFS
SHA,H,76,INFLOW,20100213,1600,16999, ,CFS
SHA,H,76,INFLOW,20100213,1700,19664, ,CFS
SHA,H,76,INFLOW,20100213,1800,16924, ,CFS
SHA,H,76,INFLOW,20100213,1900,19766, ,CFS
SHA,H,76,INFLOW,20100213,2000,17341, ,CFS
SHA,H,76,INFLOW,20100213,2100,19897, ,CFS
SHA,H,76,INFLOW,20100213,2200,22730, ,CFS
SHA,H,76,INFLOW,20100213,2300,14740, ,CFS
SHA,H,76,INFLOW,20100214,0000,17523, ,CFS
SHA,H,76,INFLOW,20100214,0100,14315, ,CFS
SHA,H,76,INFLOW,20100214,0200,11483, ,CFS
SHA,H,76,INFLOW,20100214,0300,14254, ,CFS
SHA,H,76,INFLOW,20100214,0400,14261, ,CFS
SHA,H,76,INFLOW,20100214,0500,8731, ,CFS
SHA,H,76,INFLOW,20100214,0600,17026, ,CFS
SHA,H,76,INFLOW,20100214,0700,11494, ,CFS
SHA,H,76,INFLOW,20100214,0800,17022, ,CFS
SHA,H,76,INFLOW,20100214,0900,14259, ,CFS
SHA,H,76,INFLOW,20100214,1000,17027, ,CFS
SHA,H,76,INFLOW,20100214,1100,17026, ,CFS
SHA,H,76,INFLOW,20100214,1200,14258, ,CFS
SHA,H,76,INFLOW,20100214,1300,17022, ,CFS
SHA,H,76,INFLOW,20100214,1400,14243, ,CFS
SHA,H,76,INFLOW,20100214,1500,16991, ,CFS
SHA,H,76,INFLOW,20100214,1600,17013, ,CFS
SHA,H,76,INFLOW,20100214,1700,17072, ,CFS
SHA,H,76,INFLOW,20100214,1800,11667, ,CFS
SHA,H,76,INFLOW,20100214,1900,19680, ,CFS
SHA,H,76,INFLOW,20100214,2000,14317, ,CFS
SHA,H,76,INFLOW,20100214,2100,19583, ,CFS
SHA,H,76,INFLOW,20100214,2200,17213, ,CFS
SHA,H,76,INFLOW,20100214,2300,11569, ,CFS
SHA,H,76,INFLOW,20100215,0000,16966, ,CFS
SHA,H,76,INFLOW,20100215,0100,13978, ,CFS
SHA,H,76,INFLOW,20100215,0200,11199, ,CFS
SHA,H,76,INFLOW,20100215,0300,11299, ,CFS
SHA,H,76,INFLOW,20100215,0400,11324, ,CFS
SHA,H,76,INFLOW,20100215,0500,8580, ,CFS
SHA,H,76,INFLOW,20100215,0600,11370, ,CFS
SHA,H,76,INFLOW,20100215,0700,11704, ,CFS
SHA,H,76,INFLOW,20100215,0800,8815, ,CFS
SHA,H,76,INFLOW,20100215,0900,11810, ,CFS
SHA,H,76,INFLOW,20100215,1000,17616, ,CFS
SHA,H,76,INFLOW,20100215,1100,11948, ,CFS
SHA,H,76,INFLOW,20100215,1200,12091, ,CFS
SHA,H,76,INFLOW,20100215,1300,14868, ,CFS
SHA,H,76,INFLOW,20100215,1400,14967, ,CFS
SHA,H,76,INFLOW,20100215,1500,17244, ,CFS
SHA,H,76,INFLOW,20100215,1600,14398, ,CFS
SHA,H,76,INFLOW,20100215,1700,17524, ,CFS
SHA,H,76,INFLOW,20100215,1800,14772, ,CFS
SHA,H,76,INFLOW,20100215,1900,14393, ,CFS
SHA,H,76,INFLOW,20100215,2000,17300, ,CFS
SHA,H,76,INFLOW,20100215,2100,16995, ,CFS
SHA,H,76,INFLOW,20100215,2200,11489, ,CFS
SHA,H,76,INFLOW,20100215,2300,14026, ,CFS
SHA,H,76,INFLOW,20100216,0000,14030, ,CFS
SHA,H,76,INFLOW,20100216,0100,8542, ,CFS
SHA,H,76,INFLOW,20100216,0200,14079, ,CFS
SHA,H,76,INFLOW,20100216,0300,8576, ,CFS
SHA,H,76,INFLOW,20100216,0400,11348, ,CFS
SHA,H,76,INFLOW,20100216,0500,11602, ,CFS
SHA,H,76,INFLOW,20100216,0600,12522, ,CFS
SHA,H,76,INFLOW,20100216,0700,8726, ,CFS
SHA,H,76,INFLOW,20100216,0800,11955, ,CFS
SHA,H,76,INFLOW,20100216,0900,14628, ,CFS
SHA,H,76,INFLOW,20100216,1000,11627, ,CFS
SHA,H,76,INFLOW,20100216,1100,8670, ,CFS
SHA,H,76,INFLOW,20100216,1200,14407, ,CFS
SHA,H,76,INFLOW,20100216,1300,8783, ,CFS
SHA,H,76,INFLOW,20100216,1400,17321, ,CFS
SHA,H,76,INFLOW,20100216,1500,9573, ,CFS
SHA,H,76,INFLOW,20100216,1600,15097, ,CFS
SHA,H,76,INFLOW,20100216,1700,17872, ,CFS
SHA,H,76,INFLOW,20100216,1800,10040, ,CFS
SHA,H,76,INFLOW,20100216,1900,16285, ,CFS
SHA,H,76,INFLOW,20100216,2000,16269, ,CFS
SHA,H,76,INFLOW,20100216,2100,13316, ,CFS
SHA,H,76,INFLOW,20100216,2200,15877, ,CFS
SHA,H,76,INFLOW,20100216,2300,13374, ,CFS
SHA,H,76,INFLOW,20100217,0000,13045, ,CFS
SHA,H,76,INFLOW,20100217,0100,17078, ,CFS
SHA,H,76,INFLOW,20100217,0200,8492, ,CFS
SHA,H,76,INFLOW,20100217,0300,11301, ,CFS
SHA,H,76,INFLOW,20100217,0400,14109, ,CFS
SHA,H,76,INFLOW,20100217,0500,8757, ,CFS
SHA,H,76,INFLOW,20100217,0600,11908, ,CFS
SHA,H,76,INFLOW,20100217,0700,9353, ,CFS
SHA,H,76,INFLOW,20100217,0800,11450, ,CFS
SHA,H,76,INFLOW,20100217,0900,11312, ,CFS
SHA,H,76,INFLOW,20100217,1000,11597, ,CFS
SHA,H,76,INFLOW,20100217,1100,8915, ,CFS
SHA,H,76,INFLOW,20100217,1200,11805, ,CFS
SHA,H,76,INFLOW,20100217,1300,14677, ,CFS
SHA,H,76,INFLOW,20100217,1400,9757, ,CFS
SHA,H,76,INFLOW,20100217,1500,17710, ,CFS
SHA,H,76,INFLOW,20100217,1600,9346, ,CFS
SHA,H,76,INFLOW,20100217,1700,12216, ,CFS
SHA,H,76,INFLOW,20100217,1800,12226, ,CFS
SHA,H,76,INFLOW,20100217,1900,15591, ,CFS
SHA,H,76,INFLOW,20100217,2000,15074, ,CFS
SHA,H,76,INFLOW,20100217,2100,11858, ,CFS
SHA,H,76,INFLOW,20100217,2200,17345, ,CFS
SHA,H,76,INFLOW,20100217,2300,11720, ,CFS
SHA,H,76,INFLOW,20100218,0000,11701, ,CFS
SHA,H,76,INFLOW,20100218,0100,17350, ,CFS
SHA,H,76,INFLOW,20100218,0200,11706, ,CFS
SHA,H,76,INFLOW,20100218,0300,11703, ,CFS
SHA,H,76,INFLOW,20100218,0400,14524, ,CFS
SHA,H,76,INFLOW,20100218,0500,11706, ,CFS
SHA,H,76,INFLOW,20100218,0600,9133, ,CFS
SHA,H,76,INFLOW,20100218,0700,9868, ,CFS
SHA,H,76,INFLOW,20100218,0800,12809, ,CFS
SHA,H,76,INFLOW,20100218,0900,12803, ,CFS
SHA,H,76,INFLOW,20100218,1000,10017, ,CFS
SHA,H,76,INFLOW,20100218,1100,13121, ,CFS
SHA,H,76,INFLOW,20100218,1200,13101, ,CFS
SHA,H,76,INFLOW,20100218,1300,10176, ,CFS
SHA,H,76,INFLOW,20100218,1400,10283, ,CFS
SHA,H,76,INFLOW,20100218,1500,15797, ,CFS
SHA,H,76,INFLOW,20100218,1600,10073, ,CFS
SHA,H,76,INFLOW,20100218,1700,16047, ,CFS
SHA,H,76,INFLOW,20100218,1800,12981, ,CFS
SHA,H,76,INFLOW,20100218,1900,12311, ,CFS
SHA,H,76,INFLOW,20100218,2000,11822, ,CFS
SHA,H,76,INFLOW,20100218,2100,15162, ,CFS
SHA,H,76,INFLOW,20100218,2200,14906, ,CFS
SHA,H,76,INFLOW,20100218,2300,12419, ,CFS
SHA,H,76,INFLOW,20100219,0000,9415, ,CFS
SHA,H,76,INFLOW,20100219,0100,8886, ,CFS
SHA,H,76,INFLOW,20100219,0200,11649, ,CFS
SHA,H,76,INFLOW,20100219,0300,11626, ,CFS
SHA,H,76,INFLOW,20100219,0400,8827, ,CFS
SHA,H,76,INFLOW,20100219,0500,11967, ,CFS
SHA,H,76,INFLOW,20100219,0600,9310, ,CFS
SHA,H,76,INFLOW,20100219,0700,8925, ,CFS
SHA,H,76,INFLOW,20100219,0800,11497, ,CFS
SHA,H,76,INFLOW,20100219,0900,9154, ,CFS
SHA,H,76,INFLOW,20100219,1000,9419, ,CFS
SHA,H,76,INFLOW,20100219,1100,9108, ,CFS
SHA,H,76,INFLOW,20100219,1200,11801, ,CFS
SHA,H,76,INFLOW,20100219,1300,8660, ,CFS
SHA,H,76,INFLOW,20100219,1400,11495, ,CFS
SHA,H,76,INFLOW,20100219,1500,8673, ,CFS
SHA,H,76,INFLOW,20100219,1600,11857, ,CFS
SHA,H,76,INFLOW,20100219,1700,12222, ,CFS
SHA,H,76,INFLOW,20100219,1800,17235, ,CFS
SHA,H,76,INFLOW,20100219,1900,15336, ,CFS
SHA,H,76,INFLOW,20100219,2000,12402, ,CFS
SHA,H,76,INFLOW,20100219,2100,15301, ,CFS
SHA,H,76,INFLOW,20100219,2200,9794, ,CFS
SHA,H,76,INFLOW,20100219,2300,12252, ,CFS
SHA,H,76,INFLOW,20100220,0000,9365, ,CFS
SHA,H,76,INFLOW,20100220,0100,11708, ,CFS
SHA,H,76,INFLOW,20100220,0200,11562, ,CFS
SHA,H,76,INFLOW,20100220,0300,8797, ,CFS
SHA,H,76,INFLOW,20100220,0400,3312, ,CFS
SHA,H,76,INFLOW,20100220,0500,11962, ,CFS
SHA,H,76,INFLOW,20100220,0600,9150, ,CFS
SHA,H,76,INFLOW,20100220,0700,9979, ,CFS
SHA,H,76,INFLOW,20100220,0800,12623, ,CFS
SHA,H,76,INFLOW,20100220,0900,12723, ,CFS
SHA,H,76,INFLOW,20100220,1000,7207, ,CFS
SHA,H,76,INFLOW,20100220,1100,12922, ,CFS
SHA,H,76,INFLOW,20100220,1200,7218, ,CFS
SHA,H,76,INFLOW,20100220,1300,10023, ,CFS
SHA,H,76,INFLOW,20100220,1400,11613, ,CFS
SHA,H,76,INFLOW,20100220,1500,11535, ,CFS
SHA,H,76,INFLOW,20100220,1600,11535, ,CFS
SHA,H,76,INFLOW,20100220,1700,8682, ,CFS
SHA,H,76,INFLOW,20100220,1800,17344, ,CFS
SHA,H,76,INFLOW,20100220,1900,7452, ,CFS
SHA,H,76,INFLOW,20100220,2000,13239, ,CFS
SHA,H,76,INFLOW,20100220,2100,18920, ,CFS
SHA,H,76,INFLOW,20100220,2200,3114, ,CFS
SHA,H,76,INFLOW,20100220,2300,9093, ,CFS
SHA,H,76,INFLOW,20100221,0000,14898, ,CFS
SHA,H,76,INFLOW,20100221,0100,9070, ,CFS
SHA,H,76,INFLOW,20100221,0200,11993, ,CFS
SHA,H,76,INFLOW,20100221,0300,3530, ,CFS
SHA,H,76,INFLOW,20100221,0400,12178, ,CFS
SHA,H,76,INFLOW,20100221,0500,6219, ,CFS
SHA,H,76,INFLOW,20100221,0600,3478, ,CFS
SHA,H,76,INFLOW,20100221,0700,8952, ,CFS
SHA,H,76,INFLOW,20100221,0800,5975, ,CFS
SHA,H,76,INFLOW,20100221,0900,11731, ,CFS
SHA,H,76,INFLOW,20100221,1000,5948, ,CFS
SHA,H,76,INFLOW,20100221,1100,8965, ,CFS
SHA,H,76,INFLOW,20100221,1200,12127, ,CFS
SHA,H,76,INFLOW,20100221,1300,9068, ,CFS
SHA,H,76,INFLOW,20100221,1400,11662, ,CFS
SHA,H,76,INFLOW,20100221,1500,11965, ,CFS
SHA,H,76,INFLOW,20100221,1600,9075, ,CFS
SHA,H,76,INFLOW,20100221,1700,16981, ,CFS
SHA,H,76,INFLOW,20100221,1800,5957, ,CFS
SHA,H,76,INFLOW,20100221,1900,17679, ,CFS
SHA,H,76,INFLOW,20100221,2000,5685, ,CFS
SHA,H,76,INFLOW,20100221,2100,13995, ,CFS
SHA,H,76,INFLOW,20100221,2200,12047, ,CFS
SHA,H,76,INFLOW,20100221,2300,5876, ,CFS
SHA,H,76,INFLOW,20100222,0000,11873, ,CFS
SHA,H,76,INFLOW,20100222,0100,8041, ,CFS
SHA,H,76,INFLOW,20100222,0200,5235, ,CFS
SHA,H,76,INFLOW,20100222,0300,8105, ,CFS
SHA,H,76,INFLOW,20100222,0400,8107, ,CFS
SHA,H,76,INFLOW,20100222,0500,5231, ,CFS
SHA,H,76,INFLOW,20100222,0600,8920, ,CFS
SHA,H,76,INFLOW,20100222,0700,8624, ,CFS
SHA,H,76,INFLOW,20100222,0800,5168, ,CFS
SHA,H,76,INFLOW,20100222,0900,11027, ,CFS
SHA,H,76,INFLOW,20100222,1000,8181, ,CFS
SHA,H,76,INFLOW,20100222,1100,11059, ,CFS
SHA,H,76,INFLOW,20100222,1200,5292, ,CFS
SHA,H,76,INFLOW,20100222,1300,8144, ,CFS
SHA,H,76,INFLOW,20100222,1400,11067, ,CFS
SHA,H,76,INFLOW,20100222,1500,11063, ,CFS
SHA,H,76,INFLOW,20100222,1600,11069, ,CFS
SHA,H,76,INFLOW,20100222,1700,11335, ,CFS
SHA,H,76,INFLOW,20100222,1800,14921, ,CFS
SHA,H,76,INFLOW,20100222,1900,11947, ,CFS
SHA,H,76,INFLOW,20100222,2000,11735, ,CFS
SHA,H,76,INFLOW,20100222,2100,12644, ,CFS
SHA,H,76,INFLOW,20100222,2200,11326, ,CFS
SHA,H,76,INFLOW,20100222,2300,8180, ,CFS
SHA,H,76,INFLOW,20100223,0000,11175, ,CFS
SHA,H,76,INFLOW,20100223,0100,7845, ,CFS
SHA,H,76,INFLOW,20100223,0200,2223, ,CFS
SHA,H,76,INFLOW,20100223,0300,10811, ,CFS
SHA,H,76,INFLOW,20100223,0400,5145, ,CFS
SHA,H,76,INFLOW,20100223,0500,5228, ,CFS
SHA,H,76,INFLOW,20100223,0600,8450, ,CFS
SHA,H,76,INFLOW,20100223,0700,9590, ,CFS
SHA,H,76,INFLOW,20100223,0800,6568, ,CFS
SHA,H,76,INFLOW,20100223,0900,9506, ,CFS
SHA,H,76,INFLOW,20100223,1000,6690, ,CFS
SHA,H,76,INFLOW,20100223,1100,14146, ,CFS
SHA,H,76,INFLOW,20100223,1200,11118, ,CFS
SHA,H,76,INFLOW,20100223,1300,8077, ,CFS
SHA,H,76,INFLOW,20100223,1400,13849, ,CFS
SHA,H,76,INFLOW,20100223,1500,13834, ,CFS
SHA,H,76,INFLOW,20100223,1600,8082, ,CFS
SHA,H,76,INFLOW,20100223,1700,11136, ,CFS
SHA,H,76,INFLOW,20100223,1800,16672, ,CFS
SHA,H,76,INFLOW,20100223,1900,22562, ,CFS
SHA,H,76,INFLOW,20100223,2000,10965, ,CFS
SHA,H,76,INFLOW,20100223,2100,13849, ,CFS
SHA,H,76,INFLOW,20100223,2200,16945, ,CFS
SHA,H,76,INFLOW,20100223,2300,13212, ,CFS
SHA,H,76,INFLOW,20100224,0000,15787, ,CFS
SHA,H,76,INFLOW,20100224,0100,10327, ,CFS
SHA,H,76,INFLOW,20100224,0200,9867, ,CFS
SHA,H,76,INFLOW,20100224,0300,9862, ,CFS
SHA,H,76,INFLOW,20100224,0400,6969, ,CFS
SHA,H,76,INFLOW,20100224,0500,12915, ,CFS
SHA,H,76,INFLOW,20100224,0600,6816, ,CFS
SHA,H,76,INFLOW,20100224,0700,7142, ,CFS
SHA,H,76,INFLOW,20100224,0800,12906, ,CFS
SHA,H,76,INFLOW,20100224,0900,9982, ,CFS
SHA,H,76,INFLOW,20100224,1000,7459, ,CFS
SHA,H,76,INFLOW,20100224,1100,13489, ,CFS
SHA,H,76,INFLOW,20100224,1200,10587, ,CFS
SHA,H,76,INFLOW,20100224,1300,7669, ,CFS
SHA,H,76,INFLOW,20100224,1400,10663, ,CFS
SHA,H,76,INFLOW,20100224,1500,7532, ,CFS
SHA,H,76,INFLOW,20100224,1600,10566, ,CFS
SHA,H,76,INFLOW,20100224,1700,10799, ,CFS
SHA,H,76,INFLOW,20100224,1800,13924, ,CFS
SHA,H,76,INFLOW,20100224,1900,14600, ,CFS
SHA,H,76,INFLOW,20100224,2000,11772, ,CFS
SHA,H,76,INFLOW,20100224,2100,14473, ,CFS
SHA,H,76,INFLOW,20100224,2200,13290, ,CFS
SHA,H,76,INFLOW,20100224,2300,10191, ,CFS
SHA,H,76,INFLOW,20100225,0000,7306, ,CFS
SHA,H,76,INFLOW,20100225,0100,12768, ,CFS
SHA,H,76,INFLOW,20100225,0200,6858, ,CFS
SHA,H,76,INFLOW,20100225,0300,7042, ,CFS
SHA,H,76,INFLOW,20100225,0400,7147, ,CFS
SHA,H,76,INFLOW,20100225,0500,4416, ,CFS
SHA,H,76,INFLOW,20100225,0600,13265, ,CFS
SHA,H,76,INFLOW,20100225,0700,7663, ,CFS
SHA,H,76,INFLOW,20100225,0800,7260, ,CFS
SHA,H,76,INFLOW,20100225,0900,12872, ,CFS
SHA,H,76,INFLOW,20100225,1000,7162, ,CFS
SHA,H,76,INFLOW,20100225,1100,10506, ,CFS
SHA,H,76,INFLOW,20100225,1200,4617, ,CFS
SHA,H,76,INFLOW,20100225,1300,16777, ,CFS
SHA,H,76,INFLOW,20100225,1400,11673, ,CFS
SHA,H,76,INFLOW,20100225,1500,11682, ,CFS
SHA,H,76,INFLOW,20100225,1600,11286, ,CFS
SHA,H,76,INFLOW,20100225,1700,11463, ,CFS
SHA,H,76,INFLOW,20100225,1800,9927, ,CFS
SHA,H,76,INFLOW,20100225,1900,13570, ,CFS
SHA,H,76,INFLOW,20100225,2000,13622, ,CFS
SHA,H,76,INFLOW,20100225,2100,16304, ,CFS
SHA,H,76,INFLOW,20100225,2200,8928, ,CFS
SHA,H,76,INFLOW,20100225,2300,9798, ,CFS
SHA,H,76,INFLOW,20100226,0000,12651, ,CFS
SHA,H,76,INFLOW,20100226,0100,10923, ,CFS
SHA,H,76,INFLOW,20100226,0200,5165, ,CFS
SHA,H,76,INFLOW,20100226,0300,8066, ,CFS
SHA,H,76,INFLOW,20100226,0400,13918, ,CFS
SHA,H,76,INFLOW,20100226,0500,11174, ,CFS
SHA,H,76,INFLOW,20100226,0600,11279, ,CFS
SHA,H,76,INFLOW,20100226,0700,8195, ,CFS
SHA,H,76,INFLOW,20100226,0800,12904, ,CFS
SHA,H,76,INFLOW,20100226,0900,12425, ,CFS
SHA,H,76,INFLOW,20100226,1000,15447, ,CFS
SHA,H,76,INFLOW,20100226,1100,15005, ,CFS
SHA,H,76,INFLOW,20100226,1200,18213, ,CFS
SHA,H,76,INFLOW,20100226,1300,17787, ,CFS
SHA,H,76,INFLOW,20100226,1400,23765, ,CFS
SHA,H,76,INFLOW,20100226,1500,20995, ,CFS
SHA,H,76,INFLOW,20100226,1600,38248, ,CFS
SHA,H,76,INFLOW,20100226,1700,9148, ,CFS
SHA,H,76,INFLOW,20100226,1800,32842, ,CFS
SHA,H,76,INFLOW,20100226,1900,35461, ,CFS
SHA,H,76,INFLOW,20100226,2000,23987, ,CFS
SHA,H,76,INFLOW,20100226,2100,35639, ,CFS
SHA,H,76,INFLOW,20100226,2200,27073, ,CFS
SHA,H,76,INFLOW,20100226,2300,30193, ,CFS
SHA,H,76,INFLOW,20100227,0000,23836, ,CFS
SHA,H,76,INFLOW,20100227,0100,24236, ,CFS
SHA,H,76,INFLOW,20100227,0200,24302, ,CFS
SHA,H,76,INFLOW,20100227,0300,21382, ,CFS
SHA,H,76,INFLOW,20100227,0400,24140, ,CFS
SHA,H,76,INFLOW,20100227,0500,18233, ,CFS
SHA,H,76,INFLOW,20100227,0600,21298, ,CFS
SHA,H,76,INFLOW,20100227,0700,21415, ,CFS
SHA,H,76,INFLOW,20100227,0800,24447, ,CFS
SHA,H,76,INFLOW,20100227,0900,24462, ,CFS
SHA,H,76,INFLOW,20100227,1000,18711, ,CFS
SHA,H,76,INFLOW,20100227,1100,24785, ,CFS
SHA,H,76,INFLOW,20100227,1200,18749, ,CFS
SHA,H,76,INFLOW,20100227,1300,24420, ,CFS
SHA,H,76,INFLOW,20100227,1400,18466, ,CFS
SHA,H,76,INFLOW,20100227,1500,18515, ,CFS
SHA,H,76,INFLOW,20100227,1600,24398, ,CFS
SHA,H,76,INFLOW,20100227,1700,18995, ,CFS
SHA,H,76,INFLOW,20100227,1800,21593, ,CFS
SHA,H,76,INFLOW,20100227,1900,22093, ,CFS
SHA,H,76,INFLOW,20100227,2000,22093, ,CFS
SHA,H,76,INFLOW,20100227,2100,25035, ,CFS
SHA,H,76,INFLOW,20100227,2200,18925, ,CFS
SHA,H,76,INFLOW,20100227,2300,19116, ,CFS
SHA,H,76,INFLOW,20100228,0000,18819, ,CFS
SHA,H,76,INFLOW,20100228,0100,18189, ,CFS
SHA,H,76,INFLOW,20100228,0200,15201, ,CFS
SHA,H,76,INFLOW,20100228,0300,15203, ,CFS
SHA,H,76,INFLOW,20100228,0400,15203, ,CFS
SHA,H,76,INFLOW,20100228,0500,12257, ,CFS
SHA,H,76,INFLOW,20100228,0600,15431, ,CFS
SHA,H,76,INFLOW,20100228,0700,12540, ,CFS
SHA,H,76,INFLOW,20100228,0800,18250, ,CFS
SHA,H,76,INFLOW,20100228,0900,15287, ,CFS
SHA,H,76,INFLOW,20100228,1000,15281, ,CFS
SHA,H,76,INFLOW,20100228,1100,18240, ,CFS
SHA,H,76,INFLOW,20100228,1200,15276, ,CFS
SHA,H,76,INFLOW,20100228,1300,12317, ,CFS
SHA,H,76,INFLOW,20100228,1400,15277, ,CFS
SHA,H,76,INFLOW,20100228,1500,18239, ,CFS
SHA,H,76,INFLOW,20100228,1600,15154, ,CFS
SHA,H,76,INFLOW,20100228,1700,12289, ,CFS
SHA,H,76,INFLOW,20100228,1800,19660, ,CFS
SHA,H,76,INFLOW,20100228,1900,19734, ,CFS
SHA,H,76,INFLOW,20100228,2000,19744, ,CFS
SHA,H,76,INFLOW,20100228,2100,19684, ,CFS
SHA,H,76,INFLOW,20100228,2200,15217, ,CFS
SHA,H,76,INFLOW,20100228,2300,9252, ,CFS
SHA,H,76,INFLOW,20100301,0000,12208, ,CFS
SHA,H,76,INFLOW,20100301,0100,15163, ,CFS
SHA,H,76,INFLOW,20100301,0200,9257, ,CFS
SHA,H,76,INFLOW,20100301,0300,12213, ,CFS
SHA,H,76,INFLOW,20100301,0400,9249, ,CFS
SHA,H,76,INFLOW,20100301,0500,12356, ,CFS
SHA,H,76,INFLOW,20100301,0600,9612, ,CFS
SHA,H,76,INFLOW,20100301,0700,12317, ,CFS
SHA,H,76,INFLOW,20100301,0800,12490, ,CFS
SHA,H,76,INFLOW,20100301,0900,12422, ,CFS
SHA,H,76,INFLOW,20100301,1000,9293, ,CFS
SHA,H,76,INFLOW,20100301,1100,9284, ,CFS
SHA,H,76,INFLOW,20100301,1200,12263, ,CFS
SHA,H,76,INFLOW,20100301,1300,9278, ,CFS
SHA,H,76,INFLOW,20100301,1400,9288, ,CFS
SHA,H,76,INFLOW,20100301,1500,12257, ,CFS
SHA,H,76,INFLOW,20100301,1600,12298, ,CFS
SHA,H,76,INFLOW,20100301,1700,6490, ,CFS
SHA,H,76,INFLOW,20100301,1800,13810, ,CFS
SHA,H,76,INFLOW,20100301,1900,15167, ,CFS
SHA,H,76,INFLOW,20100301,2000,12453, ,CFS
SHA,H,76,INFLOW,20100301,2100,12429, ,CFS
SHA,H,76,INFLOW,20100301,2200,15140, ,CFS
SHA,H,76,INFLOW,20100301,2300,9463, ,CFS
SHA,H,76,INFLOW,20100302,0000,9320, ,CFS
SHA,H,76,INFLOW,20100302,0100,9331, ,CFS
SHA,H,76,INFLOW,20100302,0200,12309, ,CFS
SHA,H,76,INFLOW,20100302,0300,9329, ,CFS
SHA,H,76,INFLOW,20100302,0400,6353, ,CFS
SHA,H,76,INFLOW,20100302,0500,12308, ,CFS
SHA,H,76,INFLOW,20100302,0600,6364, ,CFS
SHA,H,76,INFLOW,20100302,0700,6361, ,CFS
SHA,H,76,INFLOW,20100302,0800,15289, ,CFS
SHA,H,76,INFLOW,20100302,0900,12307, ,CFS
SHA,H,76,INFLOW,20100302,1000,18489, ,CFS
SHA,H,76,INFLOW,20100302,1100,15591, ,CFS
SHA,H,76,INFLOW,20100302,1200,15496, ,CFS
SHA,H,76,INFLOW,20100302,1300,18337, ,CFS
SHA,H,76,INFLOW,20100302,1400,18333, ,CFS
SHA,H,76,INFLOW,20100302,1500,12351, ,CFS
SHA,H,76,INFLOW,20100302,1600,15351, ,CFS
SHA,H,76,INFLOW,20100302,1700,9367, ,CFS
SHA,H,76,INFLOW,20100302,1800,21322, ,CFS
SHA,H,76,INFLOW,20100302,1900,15278, ,CFS
SHA,H,76,INFLOW,20100302,2000,18258, ,CFS
SHA,H,76,INFLOW,20100302,2100,21244, ,CFS
SHA,H,76,INFLOW,20100302,2200,24225, ,CFS
SHA,H,76,INFLOW,20100302,2300,15419, ,CFS
SHA,H,76,INFLOW,20100303,0000,18430, ,CFS
SHA,H,76,INFLOW,20100303,0100,24463, ,CFS
SHA,H,76,INFLOW,20100303,0200,18248, ,CFS
SHA,H,76,INFLOW,20100303,0300,18128, ,CFS
SHA,H,76,INFLOW,20100303,0400,27360, ,CFS
SHA,H,76,INFLOW,20100303,0500,24322, ,CFS
SHA,H,76,INFLOW,20100303,0600,18391, ,CFS
SHA,H,76,INFLOW,20100303,0700,27301, ,CFS
SHA,H,76,INFLOW,20100303,0800,21318, ,CFS
SHA,H,76,INFLOW,20100303,0900,21321, ,CFS
SHA,H,76,INFLOW,20100303,1000,18530, ,CFS
SHA,H,76,INFLOW,20100303,1100,26775, ,CFS
SHA,H,76,INFLOW,20100303,1200,18120, ,CFS
SHA,H,76,INFLOW,20100303,1300,24025, ,CFS
SHA,H,76,INFLOW,20100303,1400,14305, ,CFS
SHA,H,76,INFLOW,20100303,1500,20484, ,CFS
SHA,H,76,INFLOW,20100303,1600,20730, ,CFS
SHA,H,76,INFLOW,20100303,1700,20942, ,CFS
SHA,H,76,INFLOW,20100303,1800,18101, ,CFS
SHA,H,76,INFLOW,20100303,1900,21884, ,CFS
SHA,H,76,INFLOW,20100303,2000,21337, ,CFS
SHA,H,76,INFLOW,20100303,2100,21313, ,CFS
SHA,H,76,INFLOW,20100303,2200,21363, ,CFS
SHA,H,76,INFLOW,20100303,2300,18465, ,CFS
SHA,H,76,INFLOW,20100304,0000,18520, ,CFS
SHA,H,76,INFLOW,20100304,0100,16354, ,CFS
SHA,H,76,INFLOW,20100304,0200,13362, ,CFS
SHA,H,76,INFLOW,20100304,0300,16174, ,CFS
SHA,H,76,INFLOW,20100304,0400,16223, ,CFS
SHA,H,76,INFLOW,20100304,0500,13385, ,CFS
SHA,H,76,INFLOW,20100304,0600,19606, ,CFS
SHA,H,76,INFLOW,20100304,0700,19641, ,CFS
SHA,H,76,INFLOW,20100304,0800,13311, ,CFS
SHA,H,76,INFLOW,20100304,0900,16749, ,CFS
SHA,H,76,INFLOW,20100304,1000,15089, ,CFS
SHA,H,76,INFLOW,20100304,1100,15379, ,CFS
SHA,H,76,INFLOW,20100304,1200,15193, ,CFS
SHA,H,76,INFLOW,20100304,1300,17760, ,CFS
SHA,H,76,INFLOW,20100304,1400,17783, ,CFS
SHA,H,76,INFLOW,20100304,1500,20187, ,CFS
SHA,H,76,INFLOW,20100304,1600,16729, ,CFS
SHA,H,76,INFLOW,20100304,1700,16433, ,CFS
SHA,H,76,INFLOW,20100304,1800,15317, ,CFS
SHA,H,76,INFLOW,20100304,1900,19063, ,CFS
SHA,H,76,INFLOW,20100304,2000,18707, ,CFS
SHA,H,76,INFLOW,20100304,2100,16125, ,CFS
SHA,H,76,INFLOW,20100304,2200,15953, ,CFS
SHA,H,76,INFLOW,20100304,2300,15284, ,CFS
SHA,H,76,INFLOW,20100305,0000,15452, ,CFS
SHA,H,76,INFLOW,20100305,0100,18304, ,CFS
SHA,H,76,INFLOW,20100305,0200,12205, ,CFS
SHA,H,76,INFLOW,20100305,0300,9188, ,CFS
SHA,H,76,INFLOW,20100305,0400,12220, ,CFS
SHA,H,76,INFLOW,20100305,0500,9238, ,CFS
SHA,H,76,INFLOW,20100305,0600,15440, ,CFS
SHA,H,76,INFLOW,20100305,0700,15243, ,CFS
SHA,H,76,INFLOW,20100305,0800,12207, ,CFS
SHA,H,76,INFLOW,20100305,0900,12220, ,CFS
SHA,H,76,INFLOW,20100305,1000,15286, ,CFS
SHA,H,76,INFLOW,20100305,1100,12280, ,CFS
SHA,H,76,INFLOW,20100305,1200,15726, ,CFS
SHA,H,76,INFLOW,20100305,1300,15682, ,CFS
SHA,H,76,INFLOW,20100305,1400,15617, ,CFS
SHA,H,76,INFLOW,20100305,1500,15632, ,CFS
SHA,H,76,INFLOW,20100305,1600,12467, ,CFS
SHA,H,76,INFLOW,20100305,1700,15514, ,CFS
SHA,H,76,INFLOW,20100305,1800,15647, ,CFS
SHA,H,76,INFLOW,20100305,1900,15956, ,CFS
SHA,H,76,INFLOW,20100305,2000,12688, ,CFS
SHA,H,76,INFLOW,20100305,2100,18583, ,CFS
SHA,H,76,INFLOW,20100305,2200,12593, ,CFS
SHA,H,76,INFLOW,20100305,2300,15389, ,CFS
SHA,H,76,INFLOW,20100306,0000,12456, ,CFS
SHA,H,76,INFLOW,20100306,0100,11385, ,CFS
SHA,H,76,INFLOW,20100306,0200,11451, ,CFS
SHA,H,76,INFLOW,20100306,0300,8405, ,CFS
SHA,H,76,INFLOW,20100306,0400,14510, ,CFS
SHA,H,76,INFLOW,20100306,0500,8540, ,CFS
SHA,H,76,INFLOW,20100306,0600,8546, ,CFS
SHA,H,76,INFLOW,20100306,0700,14562, ,CFS
SHA,H,76,INFLOW,20100306,0800,14519, ,CFS
SHA,H,76,INFLOW,20100306,0900,8460, ,CFS
SHA,H,76,INFLOW,20100306,1000,11902, ,CFS
SHA,H,76,INFLOW,20100306,1100,11845, ,CFS
SHA,H,76,INFLOW,20100306,1200,14712, ,CFS
SHA,H,76,INFLOW,20100306,1300,12656, ,CFS
SHA,H,76,INFLOW,20100306,1400,15628, ,CFS
SHA,H,76,INFLOW,20100306,1500,15625, ,CFS
SHA,H,76,INFLOW,20100306,1600,12865, ,CFS
SHA,H,76,INFLOW,20100306,1700,12975, ,CFS
SHA,H,76,INFLOW,20100306,1800,16262, ,CFS
SHA,H,76,INFLOW,20100306,1900,16130, ,CFS
SHA,H,76,INFLOW,20100306,2000,12892, ,CFS
SHA,H,76,INFLOW,20100306,2100,12783, ,CFS
SHA,H,76,INFLOW,20100306,2200,12864, ,CFS
SHA,H,76,INFLOW,20100306,2300,11464, ,CFS
SHA,H,76,INFLOW,20100307,0000,11489, ,CFS
SHA,H,76,INFLOW,20100307,0100,14606, ,CFS
SHA,H,76,INFLOW,20100307,0200,11537, ,CFS
SHA,H,76,INFLOW,20100307,0300,5410, ,CFS
SHA,H,76,INFLOW,20100307,0400,14603, ,CFS
SHA,H,76,INFLOW,20100307,0500,8478, ,CFS
SHA,H,76,INFLOW,20100307,0600,8387, ,CFS
SHA,H,76,INFLOW,20100307,0700,12584, ,CFS
SHA,H,76,INFLOW,20100307,0800,9410, ,CFS
SHA,H,76,INFLOW,20100307,0900,9440, ,CFS
SHA,H,76,INFLOW,20100307,1000,15586, ,CFS
SHA,H,76,INFLOW,20100307,1100,9353, ,CFS
SHA,H,76,INFLOW,20100307,1200,12341, ,CFS
SHA,H,76,INFLOW,20100307,1300,12340, ,CFS
SHA,H,76,INFLOW,20100307,1400,12340, ,CFS
SHA,H,76,INFLOW,20100307,1500,12401, ,CFS
SHA,H,76,INFLOW,20100307,1600,12401, ,CFS
SHA,H,76,INFLOW,20100307,1700,12527, ,CFS
SHA,H,76,INFLOW,20100307,1800,17593, ,CFS
SHA,H,76,INFLOW,20100307,1900,12017, ,CFS
SHA,H,76,INFLOW,20100307,2000,11745, ,CFS
SHA,H,76,INFLOW,20100307,2100,11745, ,CFS
SHA,H,76,INFLOW,20100307,2200,11800, ,CFS
SHA,H,76,INFLOW,20100307,2300,11001, ,CFS
SHA,H,76,INFLOW,20100308,0000,10819, ,CFS
SHA,H,76,INFLOW,20100308,0100,14235, ,CFS
SHA,H,76,INFLOW,20100308,0200,5148, ,CFS
SHA,H,76,INFLOW,20100308,0300,11273, ,CFS
SHA,H,76,INFLOW,20100308,0400,8197, ,CFS
SHA,H,76,INFLOW,20100308,0500,7390, ,CFS
SHA,H,76,INFLOW,20100308,0600,10538, ,CFS
SHA,H,76,INFLOW,20100308,0700,13203, ,CFS
SHA,H,76,INFLOW,20100308,0800,10370, ,CFS
SHA,H,76,INFLOW,20100308,0900,9512, ,CFS
SHA,H,76,INFLOW,20100308,1000,15724, ,CFS
SHA,H,76,INFLOW,20100308,1100,9576, ,CFS
SHA,H,76,INFLOW,20100308,1200,12678, ,CFS
SHA,H,76,INFLOW,20100308,1300,12718, ,CFS
SHA,H,76,INFLOW,20100308,1400,13757, ,CFS
SHA,H,76,INFLOW,20100308,1500,10684, ,CFS
SHA,H,76,INFLOW,20100308,1600,16985, ,CFS
SHA,H,76,INFLOW,20100308,1700,4639, ,CFS
SHA,H,76,INFLOW,20100308,1800,14594, ,CFS
SHA,H,76,INFLOW,20100308,1900,8936, ,CFS
SHA,H,76,INFLOW,20100308,2000,17899, ,CFS
SHA,H,76,INFLOW,20100308,2100,11909, ,CFS
SHA,H,76,INFLOW,20100308,2200,12000, ,CFS
SHA,H,76,INFLOW,20100308,2300,14289, ,CFS
SHA,H,76,INFLOW,20100309,0000,4867, ,CFS
SHA,H,76,INFLOW,20100309,0100,11091, ,CFS
SHA,H,76,INFLOW,20100309,0200,7776, ,CFS
SHA,H,76,INFLOW,20100309,0300,7735, ,CFS
SHA,H,76,INFLOW,20100309,0400,10881, ,CFS
SHA,H,76,INFLOW,20100309,0500,4904, ,CFS
SHA,H,76,INFLOW,20100309,0600,8144, ,CFS
SHA,H,76,INFLOW,20100309,0700,12795, ,CFS
SHA,H,76,INFLOW,20100309,0800,9843, ,CFS
SHA,H,76,INFLOW,20100309,0900,8976, ,CFS
SHA,H,76,INFLOW,20100309,1000,11775, ,CFS
SHA,H,76,INFLOW,20100309,1100,8265, ,CFS
SHA,H,76,INFLOW,20100309,1200,8323, ,CFS
SHA,H,76,INFLOW,20100309,1300,14366, ,CFS
SHA,H,76,INFLOW,20100309,1400,9602, ,CFS
SHA,H,76,INFLOW,20100309,1500,9559, ,CFS
SHA,H,76,INFLOW,20100309,1600,6438, ,CFS
SHA,H,76,INFLOW,20100309,1700,13489, ,CFS
SHA,H,76,INFLOW,20100309,1800,7048, ,CFS
SHA,H,76,INFLOW,20100309,1900,17040, ,CFS
SHA,H,76,INFLOW,20100309,2000,10576, ,CFS
SHA,H,76,INFLOW,20100309,2100,16483, ,CFS
SHA,H,76,INFLOW,20100309,2200,14561, ,CFS
SHA,H,76,INFLOW,20100309,2300,14467, ,CFS
SHA,H,76,INFLOW,20100310,0000,8094, ,CFS
SHA,H,76,INFLOW,20100310,0100,11364, ,CFS
SHA,H,76,INFLOW,20100310,0200,7493, ,CFS
SHA,H,76,INFLOW,20100310,0300,4299, ,CFS
SHA,H,76,INFLOW,20100310,0400,13712, ,CFS
SHA,H,76,INFLOW,20100310,0500,4584, ,CFS
SHA,H,76,INFLOW,20100310,0600,4939, ,CFS
SHA,H,76,INFLOW,20100310,0700,14547, ,CFS
SHA,H,76,INFLOW,20100310,0800,8277, ,CFS
SHA,H,76,INFLOW,20100310,0900,11215, ,CFS
SHA,H,76,INFLOW,20100310,1000,8016, ,CFS
SHA,H,76,INFLOW,20100310,1100,11204, ,CFS
SHA,H,76,INFLOW,20100310,1200,7862, ,CFS
SHA,H,76,INFLOW,20100310,1300,10918, ,CFS
SHA,H,76,INFLOW,20100310,1400,10900, ,CFS
SHA,H,76,INFLOW,20100310,1500,10857, ,CFS
SHA,H,76,INFLOW,20100310,1600,7767, ,CFS
SHA,H,76,INFLOW,20100310,1700,10984, ,CFS
SHA,H,76,INFLOW,20100310,1800,12509, ,CFS
SHA,H,76,INFLOW,20100310,1900,10503, ,CFS
SHA,H,76,INFLOW,20100310,2000,13544, ,CFS
SHA,H,76,INFLOW,20100310,2100,13637, ,CFS
SHA,H,76,INFLOW,20100310,2200,8002, ,CFS
SHA,H,76,INFLOW,20100310,2300,7827, ,CFS
SHA,H,76,INFLOW,20100311,0000,10816, ,CFS
SHA,H,76,INFLOW,20100311,0100,7562, ,CFS
SHA,H,76,INFLOW,20100311,0200,7841, ,CFS
SHA,H,76,INFLOW,20100311,0300,7838, ,CFS
SHA,H,76,INFLOW,20100311,0400,7945, ,CFS
SHA,H,76,INFLOW,20100311,0500,4901, ,CFS
SHA,H,76,INFLOW,20100311,0600,4987, ,CFS
SHA,H,76,INFLOW,20100311,0700,11619, ,CFS
SHA,H,76,INFLOW,20100311,0800,5788, ,CFS
SHA,H,76,INFLOW,20100311,0900,9030, ,CFS
SHA,H,76,INFLOW,20100311,1000,5946, ,CFS
SHA,H,76,INFLOW,20100311,1100,12323, ,CFS
SHA,H,76,INFLOW,20100311,1200,11802, ,CFS
SHA,H,76,INFLOW,20100311,1300,8045, ,CFS
SHA,H,76,INFLOW,20100311,1400,8019, ,CFS
SHA,H,76,INFLOW,20100311,1500,11140, ,CFS
SHA,H,76,INFLOW,20100311,1600,8558, ,CFS
SHA,H,76,INFLOW,20100311,1700,11654, ,CFS
SHA,H,76,INFLOW,20100311,1800,7998, ,CFS
SHA,H,76,INFLOW,20100311,1900,12325, ,CFS
SHA,H,76,INFLOW,20100311,2000,12706, ,CFS
SHA,H,76,INFLOW,20100311,2100,12421, ,CFS
SHA,H,76,INFLOW,20100311,2200,5304, ,CFS
SHA,H,76,INFLOW,20100311,2300,10579, ,CFS
SHA,H,76,INFLOW,20100312,0000,7403, ,CFS
SHA,H,76,INFLOW,20100312,0100,6489, ,CFS
SHA,H,76,INFLOW,20100312,0200,9536, ,CFS
SHA,H,76,INFLOW,20100312,0300,203, ,CFS
SHA,H,76,INFLOW,20100312,0400,12655, ,CFS
SHA,H,76,INFLOW,20100312,0500,251, ,CFS
SHA,H,76,INFLOW,20100312,0600,3584, ,CFS
SHA,H,76,INFLOW,20100312,0700,15926, ,CFS
SHA,H,76,INFLOW,20100312,0800,9688, ,CFS
SHA,H,76,INFLOW,20100312,0900,13330, ,CFS
SHA,H,76,INFLOW,20100312,1000,16421, ,CFS
SHA,H,76,INFLOW,20100312,1100,19470, ,CFS
SHA,H,76,INFLOW,20100312,1200,13009, ,CFS
SHA,H,76,INFLOW,20100312,1300,22160, ,CFS
SHA,H,76,INFLOW,20100312,1400,15639, ,CFS
SHA,H,76,INFLOW,20100312,1500,15614, ,CFS
SHA,H,76,INFLOW,20100312,1600,18165, ,CFS
SHA,H,76,INFLOW,20100312,1700,8622, ,CFS
SHA,H,76,INFLOW,20100312,1800,12001, ,CFS
SHA,H,76,INFLOW,20100312,1900,14134, ,CFS
SHA,H,76,INFLOW,20100312,2000,14536, ,CFS
SHA,H,76,INFLOW,20100312,2100,8520, ,CFS
SHA,H,76,INFLOW,20100312,2200,9776, ,CFS
SHA,H,76,INFLOW,20100312,2300,20149, ,CFS
SHA,H,76,INFLOW,20100313,0000,1819, ,CFS
SHA,H,76,INFLOW,20100313,0100,11417, ,CFS
SHA,H,76,INFLOW,20100313,0200,11154, ,CFS
SHA,H,76,INFLOW,20100313,0300,4927, ,CFS
SHA,H,76,INFLOW,20100313,0400,10916, ,CFS
SHA,H,76,INFLOW,20100313,0500,1633, ,CFS
SHA,H,76,INFLOW,20100313,0600,7839, ,CFS
SHA,H,76,INFLOW,20100313,0700,11451, ,CFS
SHA,H,76,INFLOW,20100313,0800,4842, ,CFS
SHA,H,76,INFLOW,20100313,0900,7976, ,CFS
SHA,H,76,INFLOW,20100313,1000,10781, ,CFS
SHA,H,76,INFLOW,20100313,1100,7682, ,CFS
SHA,H,76,INFLOW,20100313,1200,11220, ,CFS
SHA,H,76,INFLOW,20100313,1300,8080, ,CFS
SHA,H,76,INFLOW,20100313,1400,11171, ,CFS
SHA,H,76,INFLOW,20100313,1500,11220, ,CFS
SHA,H,76,INFLOW,20100313,1600,11253, ,CFS
SHA,H,76,INFLOW,20100313,1700,8005, ,CFS
SHA,H,76,INFLOW,20100313,1800,10982, ,CFS
SHA,H,76,INFLOW,20100313,1900,12248, ,CFS
SHA,H,76,INFLOW,20100313,2000,10996, ,CFS
SHA,H,76,INFLOW,20100313,2100,14026, ,CFS
SHA,H,76,INFLOW,20100313,2200,8111, ,CFS
SHA,H,76,INFLOW,20100313,2300,11059, ,CFS
SHA,H,76,INFLOW,20100314,0000,10935, ,CFS
SHA,H,76,INFLOW,20100314,0100,---, ,CFS
SHA,H,76,INFLOW,20100314,0300,---, ,CFS
SHA,H,76,INFLOW,20100314,0400,---, ,CFS
SHA,H,76,INFLOW,20100314,0500,1278, ,CFS
SHA,H,76,INFLOW,20100314,0600,7782, ,CFS
SHA,H,76,INFLOW,20100314,0700,8035, ,CFS
SHA,H,76,INFLOW,20100314,0800,5394, ,CFS
SHA,H,76,INFLOW,20100314,0900,8946, ,CFS
SHA,H,76,INFLOW,20100314,1000,9450, ,CFS
SHA,H,76,INFLOW,20100314,1100,9393, ,CFS
SHA,H,76,INFLOW,20100314,1200,8766, ,CFS
SHA,H,76,INFLOW,20100314,1300,11733, ,CFS
SHA,H,76,INFLOW,20100314,1400,5606, ,CFS
SHA,H,76,INFLOW,20100314,1500,10549, ,CFS
SHA,H,76,INFLOW,20100314,1600,10707, ,CFS
SHA,H,76,INFLOW,20100314,1700,7062, ,CFS
SHA,H,76,INFLOW,20100314,1800,10381, ,CFS
SHA,H,76,INFLOW,20100314,1900,12713, ,CFS
SHA,H,76,INFLOW,20100314,2000,11796, ,CFS
SHA,H,76,INFLOW,20100314,2100,11727, ,CFS
SHA,H,76,INFLOW,20100314,2200,14833, ,CFS
SHA,H,76,INFLOW,20100314,2300,5568, ,CFS
SHA,H,76,INFLOW,20100315,0000,9064, ,CFS
SHA,H,76,INFLOW,20100315,0100,8495, ,CFS
SHA,H,76,INFLOW,20100315,0200,1997, ,CFS
SHA,H,76,INFLOW,20100315,0300,8201, ,CFS
SHA,H,76,INFLOW,20100315,0400,5851, ,CFS
SHA,H,76,INFLOW,20100315,0500,6122, ,CFS
SHA,H,76,INFLOW,20100315,0600,258, ,CFS
SHA,H,76,INFLOW,20100315,0700,15377, ,CFS
SHA,H,76,INFLOW,20100315,0800,7016, ,CFS
SHA,H,76,INFLOW,20100315,0900,9940, ,CFS
SHA,H,76,INFLOW,20100315,1000,10509, ,CFS
SHA,H,76,INFLOW,20100315,1100,7433, ,CFS
SHA,H,76,INFLOW,20100315,1200,7801, ,CFS
SHA,H,76,INFLOW,20100315,1300,8856, ,CFS
SHA,H,76,INFLOW,20100315,1400,8763, ,CFS
SHA,H,76,INFLOW,20100315,1500,9525, ,CFS
SHA,H,76,INFLOW,20100315,1600,9441, ,CFS
SHA,H,76,INFLOW,20100315,1700,9553, ,CFS
SHA,H,76,INFLOW,20100315,1800,10433, ,CFS
SHA,H,76,INFLOW,20100315,1900,9102, ,CFS
SHA,H,76,INFLOW,20100315,2000,11750, ,CFS
SHA,H,76,INFLOW,20100315,2100,14187, ,CFS
SHA,H,76,INFLOW,20100315,2200,8995, ,CFS
SHA,H,76,INFLOW,20100315,2300,13306, ,CFS
SHA,H,76,INFLOW,20100316,0000,6020, ,CFS
SHA,H,76,INFLOW,20100316,0100,8079, ,CFS
SHA,H,76,INFLOW,20100316,0200,4742, ,CFS
SHA,H,76,INFLOW,20100316,0300,4631, ,CFS
SHA,H,76,INFLOW,20100316,0400,7838, ,CFS
SHA,H,76,INFLOW,20100316,0500,2384, ,CFS
SHA,H,76,INFLOW,20100316,0600,2786, ,CFS
SHA,H,76,INFLOW,20100316,0700,6859, ,CFS
SHA,H,76,INFLOW,20100316,0800,10213, ,CFS
SHA,H,76,INFLOW,20100316,0900,6669, ,CFS
SHA,H,76,INFLOW,20100316,1000,6431, ,CFS
SHA,H,76,INFLOW,20100316,1100,5994, ,CFS
SHA,H,76,INFLOW,20100316,1200,9348, ,CFS
SHA,H,76,INFLOW,20100316,1300,11894, ,CFS
SHA,H,76,INFLOW,20100316,1400,8605, ,CFS
SHA,H,76,INFLOW,20100316,1500,8712, ,CFS
SHA,H,76,INFLOW,20100316,1600,8571, ,CFS
SHA,H,76,INFLOW,20100316,1700,8513, ,CFS
SHA,H,76,INFLOW,20100316,1800,7522, ,CFS
SHA,H,76,INFLOW,20100316,1900,11242, ,CFS
SHA,H,76,INFLOW,20100316,2000,7919, ,CFS
SHA,H,76,INFLOW,20100316,2100,11412, ,CFS
SHA,H,76,INFLOW,20100316,2200,12147, ,CFS
SHA,H,76,INFLOW,20100316,2300,5901, ,CFS
SHA,H,76,INFLOW,20100317,0000,8468, ,CFS
SHA,H,76,INFLOW,20100317,0100,11510, ,CFS
SHA,H,76,INFLOW,20100317,0200,5116, ,CFS
SHA,H,76,INFLOW,20100317,0300,2114, ,CFS
SHA,H,76,INFLOW,20100317,0400,5143, ,CFS
SHA,H,76,INFLOW,20100317,0500,4949, ,CFS
SHA,H,76,INFLOW,20100317,0600,5296, ,CFS
SHA,H,76,INFLOW,20100317,0700,1703, ,CFS
SHA,H,76,INFLOW,20100317,0800,8118, ,CFS
SHA,H,76,INFLOW,20100317,0900,8612, ,CFS
SHA,H,76,INFLOW,20100317,1000,87698, ,CFS
SHA,H,76,INFLOW,20100317,1100,9114, ,CFS
SHA,H,76,INFLOW,20100317,1200,6061, ,CFS
SHA,H,76,INFLOW,20100317,1300,9178, ,CFS
SHA,H,76,INFLOW,20100317,1400,11719, ,CFS
SHA,H,76,INFLOW,20100317,1500,8572, ,CFS
SHA,H,76,INFLOW,20100317,1600,8659, ,CFS
SHA,H,76,INFLOW,20100317,1700,8262, ,CFS
SHA,H,76,INFLOW,20100317,1800,8155, ,CFS
SHA,H,76,INFLOW,20100317,1900,14492, ,CFS
SHA,H,76,INFLOW,20100317,2000,5400, ,CFS
SHA,H,76,INFLOW,20100317,2100,16534, ,CFS
SHA,H,76,INFLOW,20100317,2200,8412, ,CFS
SHA,H,76,INFLOW,20100317,2300,5390, ,CFS
SHA,H,76,INFLOW,20100318,0000,12237, ,CFS
SHA,H,76,INFLOW,20100318,0100,5017, ,CFS
SHA,H,76,INFLOW,20100318,0200,1861, ,CFS
SHA,H,76,INFLOW,20100318,0300,8159, ,CFS
SHA,H,76,INFLOW,20100318,0400,4944, ,CFS
SHA,H,76,INFLOW,20100318,0500,5050, ,CFS
SHA,H,76,INFLOW,20100318,0600,5289, ,CFS
SHA,H,76,INFLOW,20100318,0700,1732, ,CFS
SHA,H,76,INFLOW,20100318,0800,12647, ,CFS
SHA,H,76,INFLOW,20100318,0900,9397, ,CFS
SHA,H,76,INFLOW,20100318,1000,9303, ,CFS
SHA,H,76,INFLOW,20100318,1100,5314, ,CFS
SHA,H,76,INFLOW,20100318,1200,8248, ,CFS
SHA,H,76,INFLOW,20100318,1300,12881, ,CFS
SHA,H,76,INFLOW,20100318,1400,7105, ,CFS
SHA,H,76,INFLOW,20100318,1500,10292, ,CFS
SHA,H,76,INFLOW,20100318,1600,10126, ,CFS
SHA,H,76,INFLOW,20100318,1700,10530, ,CFS
SHA,H,76,INFLOW,20100318,1800,7242, ,CFS
SHA,H,76,INFLOW,20100318,1900,7255, ,CFS
SHA,H,76,INFLOW,20100318,2000,14453, ,CFS
SHA,H,76,INFLOW,20100318,2100,8811, ,CFS
SHA,H,76,INFLOW,20100318,2200,8897, ,CFS
SHA,H,76,INFLOW,20100318,2300,11352, ,CFS
SHA,H,76,INFLOW,20100319,0000,4303, ,CFS
SHA,H,76,INFLOW,20100319,0100,10806, ,CFS
SHA,H,76,INFLOW,20100319,0200,4431, ,CFS
SHA,H,76,INFLOW,20100319,0300,4374, ,CFS
SHA,H,76,INFLOW,20100319,0400,7690, ,CFS
SHA,H,76,INFLOW,20100319,0500,1355, ,CFS
SHA,H,76,INFLOW,20100319,0600,10920, ,CFS
SHA,H,76,INFLOW,20100319,0700,3008, ,CFS
SHA,H,76,INFLOW,20100319,0800,12686, ,CFS
SHA,H,76,INFLOW,20100319,0900,6183, ,CFS
SHA,H,76,INFLOW,20100319,1000,6516, ,CFS
SHA,H,76,INFLOW,20100319,1100,9799, ,CFS
SHA,H,76,INFLOW,20100319,1200,3482, ,CFS
SHA,H,76,INFLOW,20100319,1300,9669, ,CFS
SHA,H,76,INFLOW,20100319,1400,9517, ,CFS
SHA,H,76,INFLOW,20100319,1500,9363, ,CFS
SHA,H,76,INFLOW,20100319,1600,12320, ,CFS
SHA,H,76,INFLOW,20100319,1700,9153, ,CFS
SHA,H,76,INFLOW,20100319,1800,9197, ,CFS
SHA,H,76,INFLOW,20100319,1900,9457, ,CFS
SHA,H,76,INFLOW,20100319,2000,12788, ,CFS
SHA,H,76,INFLOW,20100319,2100,10992, ,CFS
SHA,H,76,INFLOW,20100319,2200,7716, ,CFS
SHA,H,76,INFLOW,20100319,2300,8744, ,CFS
SHA,H,76,INFLOW,20100320,0000,8729, ,CFS
SHA,H,76,INFLOW,20100320,0100,8558, ,CFS
SHA,H,76,INFLOW,20100320,0200,1973, ,CFS
SHA,H,76,INFLOW,20100320,0300,4927, ,CFS
SHA,H,76,INFLOW,20100320,0400,7931, ,CFS
SHA,H,76,INFLOW,20100320,0500,1560, ,CFS
SHA,H,76,INFLOW,20100320,0600,5023, ,CFS
SHA,H,76,INFLOW,20100320,0700,6903, ,CFS
SHA,H,76,INFLOW,20100320,0800,5335, ,CFS
SHA,H,76,INFLOW,20100320,0900,8360, ,CFS
SHA,H,76,INFLOW,20100320,1000,8213, ,CFS
SHA,H,76,INFLOW,20100320,1100,8256, ,CFS
SHA,H,76,INFLOW,20100320,1200,5197, ,CFS
SHA,H,76,INFLOW,20100320,1300,10814, ,CFS
SHA,H,76,INFLOW,20100320,1400,10718, ,CFS
SHA,H,76,INFLOW,20100320,1500,6939, ,CFS
SHA,H,76,INFLOW,20100320,1600,10333, ,CFS
SHA,H,76,INFLOW,20100320,1700,10299, ,CFS
SHA,H,76,INFLOW,20100320,1800,9720, ,CFS
SHA,H,76,INFLOW,20100320,1900,9848, ,CFS
SHA,H,76,INFLOW,20100320,2000,6988, ,CFS
SHA,H,76,INFLOW,20100320,2100,10143, ,CFS
SHA,H,76,INFLOW,20100320,2200,6855, ,CFS
SHA,H,76,INFLOW,20100320,2300,8660, ,CFS
SHA,H,76,INFLOW,20100321,0000,8756, ,CFS
SHA,H,76,INFLOW,20100321,0100,6106, ,CFS
SHA,H,76,INFLOW,20100321,0200,5243, ,CFS
SHA,H,76,INFLOW,20100321,0300,5122, ,CFS
SHA,H,76,INFLOW,20100321,0400,5255, ,CFS
SHA,H,76,INFLOW,20100321,0500,2070, ,CFS
SHA,H,76,INFLOW,20100321,0600,5143, ,CFS
SHA,H,76,INFLOW,20100321,0700,3839, ,CFS
SHA,H,76,INFLOW,20100321,0800,10112, ,CFS
SHA,H,76,INFLOW,20100321,0900,10604, ,CFS
SHA,H,76,INFLOW,20100321,1000,7264, ,CFS
SHA,H,76,INFLOW,20100321,1100,10441, ,CFS
SHA,H,76,INFLOW,20100321,1200,7227, ,CFS
SHA,H,76,INFLOW,20100321,1300,10482, ,CFS
SHA,H,76,INFLOW,20100321,1400,13628, ,CFS
SHA,H,76,INFLOW,20100321,1500,7063, ,CFS
SHA,H,76,INFLOW,20100321,1600,10235, ,CFS
SHA,H,76,INFLOW,20100321,1700,10266, ,CFS
SHA,H,76,INFLOW,20100321,1800,10192, ,CFS
SHA,H,76,INFLOW,20100321,1900,5706, ,CFS
SHA,H,76,INFLOW,20100321,2000,9141, ,CFS
SHA,H,76,INFLOW,20100321,2100,15505, ,CFS
SHA,H,76,INFLOW,20100321,2200,8566, ,CFS
SHA,H,76,INFLOW,20100321,2300,8934, ,CFS
SHA,H,76,INFLOW,20100322,0000,3033, ,CFS
SHA,H,76,INFLOW,20100322,0100,11263, ,CFS
SHA,H,76,INFLOW,20100322,0200,1596, ,CFS
SHA,H,76,INFLOW,20100322,0300,5103, ,CFS
SHA,H,76,INFLOW,20100322,0400,5078, ,CFS
SHA,H,76,INFLOW,20100322,0500,5052, ,CFS
SHA,H,76,INFLOW,20100322,0600,2238, ,CFS
SHA,H,76,INFLOW,20100322,0700,3899, ,CFS
SHA,H,76,INFLOW,20100322,0800,10120, ,CFS
SHA,H,76,INFLOW,20100322,0900,3926, ,CFS
SHA,H,76,INFLOW,20100322,1000,7264, ,CFS
SHA,H,76,INFLOW,20100322,1100,7134, ,CFS
SHA,H,76,INFLOW,20100322,1200,3915, ,CFS
SHA,H,76,INFLOW,20100322,1300,7077, ,CFS
SHA,H,76,INFLOW,20100322,1400,7079, ,CFS
SHA,H,76,INFLOW,20100322,1500,7073, ,CFS
SHA,H,76,INFLOW,20100322,1600,6818, ,CFS
SHA,H,76,INFLOW,20100322,1700,6782, ,CFS
SHA,H,76,INFLOW,20100322,1800,10774, ,CFS
SHA,H,76,INFLOW,20100322,1900,8070, ,CFS
SHA,H,76,INFLOW,20100322,2000,11417, ,CFS
SHA,H,76,INFLOW,20100322,2100,11474, ,CFS
SHA,H,76,INFLOW,20100322,2200,11166, ,CFS
SHA,H,76,INFLOW,20100322,2300,5038, ,CFS
SHA,H,76,INFLOW,20100323,0000,7933, ,CFS
SHA,H,76,INFLOW,20100323,0100,11226, ,CFS
SHA,H,76,INFLOW,20100323,0200,1688, ,CFS
SHA,H,76,INFLOW,20100323,0300,7937, ,CFS
SHA,H,76,INFLOW,20100323,0400,4707, ,CFS
SHA,H,76,INFLOW,20100323,0500,1759, ,CFS
SHA,H,76,INFLOW,20100323,0600,8195, ,CFS
SHA,H,76,INFLOW,20100323,0700,7020, ,CFS
SHA,H,76,INFLOW,20100323,0800,6731, ,CFS
SHA,H,76,INFLOW,20100323,0900,13231, ,CFS
SHA,H,76,INFLOW,20100323,1000,3661, ,CFS
SHA,H,76,INFLOW,20100323,1100,6580, ,CFS
SHA,H,76,INFLOW,20100323,1200,3508, ,CFS
SHA,H,76,INFLOW,20100323,1300,7299, ,CFS
SHA,H,76,INFLOW,20100323,1400,11648, ,CFS
SHA,H,76,INFLOW,20100323,1500,7373, ,CFS
SHA,H,76,INFLOW,20100323,1600,7131, ,CFS
SHA,H,76,INFLOW,20100323,1700,9050, ,CFS
SHA,H,76,INFLOW,20100323,1800,9168, ,CFS
SHA,H,76,INFLOW,20100323,1900,6303, ,CFS
SHA,H,76,INFLOW,20100323,2000,12362, ,CFS
SHA,H,76,INFLOW,20100323,2100,16643, ,CFS
SHA,H,76,INFLOW,20100323,2200,4033, ,CFS
SHA,H,76,INFLOW,20100323,2300,12532, ,CFS
SHA,H,76,INFLOW,20100324,0000,8464, ,CFS
SHA,H,76,INFLOW,20100324,0100,11296, ,CFS
SHA,H,76,INFLOW,20100324,0200,4654, ,CFS
SHA,H,76,INFLOW,20100324,0300,7805, ,CFS
SHA,H,76,INFLOW,20100324,0400,8090, ,CFS
SHA,H,76,INFLOW,20100324,0500,5035, ,CFS
SHA,H,76,INFLOW,20100324,0600,8561, ,CFS
SHA,H,76,INFLOW,20100324,0700,5797, ,CFS
SHA,H,76,INFLOW,20100324,0800,10834, ,CFS
SHA,H,76,INFLOW,20100324,0900,8681, ,CFS
SHA,H,76,INFLOW,20100324,1000,5765, ,CFS
SHA,H,76,INFLOW,20100324,1100,6172, ,CFS
SHA,H,76,INFLOW,20100324,1200,9612, ,CFS
SHA,H,76,INFLOW,20100324,1300,9574, ,CFS
SHA,H,76,INFLOW,20100324,1400,6279, ,CFS
SHA,H,76,INFLOW,20100324,1500,9614, ,CFS
SHA,H,76,INFLOW,20100324,1600,8950, ,CFS
SHA,H,76,INFLOW,20100324,1700,5745, ,CFS
SHA,H,76,INFLOW,20100324,1800,8576, ,CFS
SHA,H,76,INFLOW,20100324,1900,11737, ,CFS
SHA,H,76,INFLOW,20100324,2000,3482, ,CFS
SHA,H,76,INFLOW,20100324,2100,16859, ,CFS
SHA,H,76,INFLOW,20100324,2200,15240, ,CFS
SHA,H,76,INFLOW,20100324,2300,5904, ,CFS
SHA,H,76,INFLOW,20100325,0000,8885, ,CFS
SHA,H,76,INFLOW,20100325,0100,5351, ,CFS
SHA,H,76,INFLOW,20100325,0200,5143, ,CFS
SHA,H,76,INFLOW,20100325,0300,5014, ,CFS
SHA,H,76,INFLOW,20100325,0400,1898, ,CFS
SHA,H,76,INFLOW,20100325,0500,8356, ,CFS
SHA,H,76,INFLOW,20100325,0600,5301, ,CFS
SHA,H,76,INFLOW,20100325,0700,2980, ,CFS
SHA,H,76,INFLOW,20100325,0800,8406, ,CFS
SHA,H,76,INFLOW,20100325,0900,4372, ,CFS
SHA,H,76,INFLOW,20100325,1000,11024, ,CFS
SHA,H,76,INFLOW,20100325,1100,8710, ,CFS
SHA,H,76,INFLOW,20100325,1200,6820, ,CFS
SHA,H,76,INFLOW,20100325,1300,12242, ,CFS
SHA,H,76,INFLOW,20100325,1400,8954, ,CFS
SHA,H,76,INFLOW,20100325,1500,11727, ,CFS
SHA,H,76,INFLOW,20100325,1600,3410, ,CFS
SHA,H,76,INFLOW,20100325,1700,16128, ,CFS
SHA,H,76,INFLOW,20100325,1800,5427, ,CFS
SHA,H,76,INFLOW,20100325,1900,13457, ,CFS
SHA,H,76,INFLOW,20100325,2000,4352, ,CFS
SHA,H,76,INFLOW,20100325,2100,17326, ,CFS
SHA,H,76,INFLOW,20100325,2200,12703, ,CFS
SHA,H,76,INFLOW,20100325,2300,3888, ,CFS
SHA,H,76,INFLOW,20100326,0000,9131, ,CFS
SHA,H,76,INFLOW,20100326,0100,5576, ,CFS
SHA,H,76,INFLOW,20100326,0200,5301, ,CFS
SHA,H,76,INFLOW,20100326,0300,1738, ,CFS
SHA,H,76,INFLOW,20100326,0400,5081, ,CFS
SHA,H,76,INFLOW,20100326,0500,2268, ,CFS
SHA,H,76,INFLOW,20100326,0600,5910, ,CFS
SHA,H,76,INFLOW,20100326,0700,3969, ,CFS
SHA,H,76,INFLOW,20100326,0800,8839, ,CFS
SHA,H,76,INFLOW,20100326,0900,8735, ,CFS
SHA,H,76,INFLOW,20100326,1000,5527, ,CFS
SHA,H,76,INFLOW,20100326,1100,5462, ,CFS
SHA,H,76,INFLOW,20100326,1200,11771, ,CFS
SHA,H,76,INFLOW,20100326,1300,8563, ,CFS
SHA,H,76,INFLOW,20100326,1400,11735, ,CFS
SHA,H,76,INFLOW,20100326,1500,6891, ,CFS
SHA,H,76,INFLOW,20100326,1600,6468, ,CFS
SHA,H,76,INFLOW,20100326,1700,12820, ,CFS
SHA,H,76,INFLOW,20100326,1800,6326, ,CFS
SHA,H,76,INFLOW,20100326,1900,9642, ,CFS
SHA,H,76,INFLOW,20100326,2000,11576, ,CFS
SHA,H,76,INFLOW,20100326,2100,8518, ,CFS
SHA,H,76,INFLOW,20100326,2200,12531, ,CFS
SHA,H,76,INFLOW,20100326,2300,6942, ,CFS
SHA,H,76,INFLOW,20100327,0000,8708, ,CFS
SHA,H,76,INFLOW,20100327,0100,5612, ,CFS
SHA,H,76,INFLOW,20100327,0200,5161, ,CFS
SHA,H,76,INFLOW,20100327,0300,1777, ,CFS
SHA,H,76,INFLOW,20100327,0400,5055, ,CFS
SHA,H,76,INFLOW,20100327,0500,1966, ,CFS
SHA,H,76,INFLOW,20100327,0600,8192, ,CFS
SHA,H,76,INFLOW,20100327,0700,9747, ,CFS
SHA,H,76,INFLOW,20100327,0800,6849, ,CFS
SHA,H,76,INFLOW,20100327,0900,6995, ,CFS
SHA,H,76,INFLOW,20100327,1000,3370, ,CFS
SHA,H,76,INFLOW,20100327,1100,9747, ,CFS
SHA,H,76,INFLOW,20100327,1200,6685, ,CFS
SHA,H,76,INFLOW,20100327,1300,6423, ,CFS
SHA,H,76,INFLOW,20100327,1400,6461, ,CFS
SHA,H,76,INFLOW,20100327,1500,12753, ,CFS
SHA,H,76,INFLOW,20100327,1600,3178, ,CFS
SHA,H,76,INFLOW,20100327,1700,9757, ,CFS
SHA,H,76,INFLOW,20100327,1800,6676, ,CFS
SHA,H,76,INFLOW,20100327,1900,6036, ,CFS
SHA,H,76,INFLOW,20100327,2000,12380, ,CFS
SHA,H,76,INFLOW,20100327,2100,9693, ,CFS
SHA,H,76,INFLOW,20100327,2200,12695, ,CFS
SHA,H,76,INFLOW,20100327,2300,5325, ,CFS
SHA,H,76,INFLOW,20100328,0000,8280, ,CFS
SHA,H,76,INFLOW,20100328,0100,8068, ,CFS
SHA,H,76,INFLOW,20100328,0200,-1650, ,CFS
SHA,H,76,INFLOW,20100328,0300,4973, ,CFS
SHA,H,76,INFLOW,20100328,0400,4947, ,CFS
SHA,H,76,INFLOW,20100328,0500,2118, ,CFS
SHA,H,76,INFLOW,20100328,0600,2181, ,CFS
SHA,H,76,INFLOW,20100328,0700,3455, ,CFS
SHA,H,76,INFLOW,20100328,0800,6718, ,CFS
SHA,H,76,INFLOW,20100328,0900,10254, ,CFS
SHA,H,76,INFLOW,20100328,1000,10044, ,CFS
SHA,H,76,INFLOW,20100328,1100,449, ,CFS
SHA,H,76,INFLOW,20100328,1200,16441, ,CFS
SHA,H,76,INFLOW,20100328,1300,321, ,CFS
SHA,H,76,INFLOW,20100328,1400,13110, ,CFS
SHA,H,76,INFLOW,20100328,1500,6759, ,CFS
SHA,H,76,INFLOW,20100328,1600,9877, ,CFS
SHA,H,76,INFLOW,20100328,1700,5069, ,CFS
SHA,H,76,INFLOW,20100328,1800,5228, ,CFS
SHA,H,76,INFLOW,20100328,1900,5092, ,CFS
SHA,H,76,INFLOW,20100328,2000,8450, ,CFS
SHA,H,76,INFLOW,20100328,2100,17956, ,CFS
SHA,H,76,INFLOW,20100328,2200,11240, ,CFS
SHA,H,76,INFLOW,20100328,2300,-1114, ,CFS
SHA,H,76,INFLOW,20100329,0000,8112, ,CFS
SHA,H,76,INFLOW,20100329,0100,8718, ,CFS
SHA,H,76,INFLOW,20100329,0200,8437, ,CFS
SHA,H,76,INFLOW,20100329,0300,8352, ,CFS
SHA,H,76,INFLOW,20100329,0400,5149, ,CFS
SHA,H,76,INFLOW,20100329,0500,-7588, ,CFS
SHA,H,76,INFLOW,20100329,0600,5678, ,CFS
SHA,H,76,INFLOW,20100329,0700,6245, ,CFS
SHA,H,76,INFLOW,20100329,0800,13030, ,CFS
SHA,H,76,INFLOW,20100329,0900,9845, ,CFS
SHA,H,76,INFLOW,20100329,1000,7587, ,CFS
SHA,H,76,INFLOW,20100329,1100,5449, ,CFS
SHA,H,76,INFLOW,20100329,1200,15089, ,CFS
SHA,H,76,INFLOW,20100329,1300,9973, ,CFS
SHA,H,76,INFLOW,20100329,1400,19196, ,CFS
SHA,H,76,INFLOW,20100329,1500,-3118, ,CFS
SHA,H,76,INFLOW,20100329,1600,21649, ,CFS
SHA,H,76,INFLOW,20100329,1700,-2518, ,CFS
SHA,H,76,INFLOW,20100329,1800,19733, ,CFS
SHA,H,76,INFLOW,20100329,1900,13408, ,CFS
SHA,H,76,INFLOW,20100329,2000,9757, ,CFS
SHA,H,76,INFLOW,20100329,2100,9922, ,CFS
SHA,H,76,INFLOW,20100329,2200,15725, ,CFS
SHA,H,76,INFLOW,20100329,2300,21490, ,CFS
SHA,H,76,INFLOW,20100330,0000,18518, ,CFS
SHA,H,76,INFLOW,20100330,0100,8919, ,CFS
SHA,H,76,INFLOW,20100330,0200,8897, ,CFS
SHA,H,76,INFLOW,20100330,0300,11917, ,CFS
SHA,H,76,INFLOW,20100330,0400,5335, ,CFS
SHA,H,76,INFLOW,20100330,0500,11759, ,CFS
SHA,H,76,INFLOW,20100330,0600,21990, ,CFS
SHA,H,76,INFLOW,20100330,0700,16138, ,CFS
SHA,H,76,INFLOW,20100330,0800,10439, ,CFS
SHA,H,76,INFLOW,20100330,0900,23249, ,CFS
SHA,H,76,INFLOW,20100330,1000,297, ,CFS
SHA,H,76,INFLOW,20100330,1100,10637, ,CFS
SHA,H,76,INFLOW,20100330,1200,7794, ,CFS
SHA,H,76,INFLOW,20100330,1300,20822, ,CFS
SHA,H,76,INFLOW,20100330,1400,10294, ,CFS
SHA,H,76,INFLOW,20100330,1500,14714, ,CFS
SHA,H,76,INFLOW,20100330,1600,11430, ,CFS
SHA,H,76,INFLOW,20100330,1700,14735, ,CFS
SHA,H,76,INFLOW,20100330,1800,14438, ,CFS
SHA,H,76,INFLOW,20100330,1900,8106, ,CFS
SHA,H,76,INFLOW,20100330,2000,12777, ,CFS
SHA,H,76,INFLOW,20100330,2100,17108, ,CFS
SHA,H,76,INFLOW,20100330,2200,9398, ,CFS
SHA,H,76,INFLOW,20100330,2300,13941, ,CFS
SHA,H,76,INFLOW,20100331,0000,17373, ,CFS
SHA,H,76,INFLOW,20100331,0100,8739, ,CFS
SHA,H,76,INFLOW,20100331,0200,14754, ,CFS
SHA,H,76,INFLOW,20100331,0300,14897, ,CFS
SHA,H,76,INFLOW,20100331,0400,11838, ,CFS
SHA,H,76,INFLOW,20100331,0500,15116, ,CFS
SHA,H,76,INFLOW,20100331,0600,11941, ,CFS
SHA,H,76,INFLOW,20100331,0700,12706, ,CFS
SHA,H,76,INFLOW,20100331,0800,14266, ,CFS
SHA,H,76,INFLOW,20100331,0900,11259, ,CFS
SHA,H,76,INFLOW,20100331,1000,15032, ,CFS
SHA,H,76,INFLOW,20100331,1100,10853, ,CFS
SHA,H,76,INFLOW,20100331,1200,17520, ,CFS
SHA,H,76,INFLOW,20100331,1300,6179, ,CFS
SHA,H,76,INFLOW,20100331,1400,16495, ,CFS
SHA,H,76,INFLOW,20100331,1500,12169, ,CFS
SHA,H,76,INFLOW,20100331,1600,10407, ,CFS
SHA,H,76,INFLOW,20100331,1700,8465, ,CFS
SHA,H,76,INFLOW,20100331,1800,9326, ,CFS
SHA,H,76,INFLOW,20100331,1900,10216, ,CFS
SHA,H,76,INFLOW,20100331,2000,17133, ,CFS
SHA,H,76,INFLOW,20100331,2100,10263, ,CFS
SHA,H,76,INFLOW,20100331,2200,7390, ,CFS
SHA,H,76,INFLOW,20100331,2300,12748, ,CFS
SHA,H,76,INFLOW,20100401,0000,9118, ,CFS
SHA,H,76,INFLOW,20100401,0100,11492, ,CFS
SHA,H,76,INFLOW,20100401,0200,8087, ,CFS
SHA,H,76,INFLOW,20100401,0300,11182, ,CFS
SHA,H,76,INFLOW,20100401,0400,7993, ,CFS
SHA,H,76,INFLOW,20100401,0500,8268, ,CFS
SHA,H,76,INFLOW,20100401,0600,8907, ,CFS
SHA,H,76,INFLOW,20100401,0700,2683, ,CFS
SHA,H,76,INFLOW,20100401,0800,12149, ,CFS
SHA,H,76,INFLOW,20100401,0900,9801, ,CFS
SHA,H,76,INFLOW,20100401,1000,6972, ,CFS
SHA,H,76,INFLOW,20100401,1100,10122, ,CFS
SHA,H,76,INFLOW,20100401,1200,11082, ,CFS
SHA,H,76,INFLOW,20100401,1300,11276, ,CFS
SHA,H,76,INFLOW,20100401,1400,14404, ,CFS
SHA,H,76,INFLOW,20100401,1500,10280, ,CFS
SHA,H,76,INFLOW,20100401,1600,9944, ,CFS
SHA,H,76,INFLOW,20100401,1700,12029, ,CFS
SHA,H,76,INFLOW,20100401,1800,8473, ,CFS
SHA,H,76,INFLOW,20100401,1900,8605, ,CFS
SHA,H,76,INFLOW,20100401,2000,10723, ,CFS
SHA,H,76,INFLOW,20100401,2100,10403, ,CFS
SHA,H,76,INFLOW,20100401,2200,15137, ,CFS
SHA,H,76,INFLOW,20100401,2300,11565, ,CFS
SHA,H,76,INFLOW,20100402,0000,11142, ,CFS
SHA,H,76,INFLOW,20100402,0100,11319, ,CFS
SHA,H,76,INFLOW,20100402,0200,7904, ,CFS
SHA,H,76,INFLOW,20100402,0300,11416, ,CFS
SHA,H,76,INFLOW,20100402,0400,5048, ,CFS
SHA,H,76,INFLOW,20100402,0500,8436, ,CFS
SHA,H,76,INFLOW,20100402,0600,8789, ,CFS
SHA,H,76,INFLOW,20100402,0700,8445, ,CFS
SHA,H,76,INFLOW,20100402,0800,11349, ,CFS
SHA,H,76,INFLOW,20100402,0900,8752, ,CFS
SHA,H,76,INFLOW,20100402,1000,9595, ,CFS
SHA,H,76,INFLOW,20100402,1100,16779, ,CFS
SHA,H,76,INFLOW,20100402,1200,15318, ,CFS
SHA,H,76,INFLOW,20100402,1300,18206, ,CFS
SHA,H,76,INFLOW,20100402,1400,20271, ,CFS
SHA,H,76,INFLOW,20100402,1500,16566, ,CFS
SHA,H,76,INFLOW,20100402,1600,9125, ,CFS
SHA,H,76,INFLOW,20100402,1700,11211, ,CFS
SHA,H,76,INFLOW,20100402,1800,17642, ,CFS
SHA,H,76,INFLOW,20100402,1900,5524, ,CFS
SHA,H,76,INFLOW,20100402,2000,17342, ,CFS
SHA,H,76,INFLOW,20100402,2100,11114, ,CFS
SHA,H,76,INFLOW,20100402,2200,5840, ,CFS
SHA,H,76,INFLOW,20100402,2300,11734, ,CFS
SHA,H,76,INFLOW,20100403,0000,9041, ,CFS
SHA,H,76,INFLOW,20100403,0100,11905, ,CFS
SHA,H,76,INFLOW,20100403,0200,5312, ,CFS
SHA,H,76,INFLOW,20100403,0300,8422, ,CFS
SHA,H,76,INFLOW,20100403,0400,15022, ,CFS
SHA,H,76,INFLOW,20100403,0500,5366, ,CFS
SHA,H,76,INFLOW,20100403,0600,5500, ,CFS
SHA,H,76,INFLOW,20100403,0700,8917, ,CFS
SHA,H,76,INFLOW,20100403,0800,9167, ,CFS
SHA,H,76,INFLOW,20100403,0900,9883, ,CFS
SHA,H,76,INFLOW,20100403,1000,9281, ,CFS
SHA,H,76,INFLOW,20100403,1100,9456, ,CFS
SHA,H,76,INFLOW,20100403,1200,6150, ,CFS
SHA,H,76,INFLOW,20100403,1300,12882, ,CFS
SHA,H,76,INFLOW,20100403,1400,6184, ,CFS
SHA,H,76,INFLOW,20100403,1500,11602, ,CFS
SHA,H,76,INFLOW,20100403,1600,11179, ,CFS
SHA,H,76,INFLOW,20100403,1700,11202, ,CFS
SHA,H,76,INFLOW,20100403,1800,8346, ,CFS
SHA,H,76,INFLOW,20100403,1900,8592, ,CFS
SHA,H,76,INFLOW,20100403,2000,13056, ,CFS
SHA,H,76,INFLOW,20100403,2100,13761, ,CFS
SHA,H,76,INFLOW,20100403,2200,13078, ,CFS
SHA,H,76,INFLOW,20100403,2300,8754, ,CFS
SHA,H,76,INFLOW,20100404,0000,5458, ,CFS
SHA,H,76,INFLOW,20100404,0100,11821, ,CFS
SHA,H,76,INFLOW,20100404,0200,11839, ,CFS
SHA,H,76,INFLOW,20100404,0300,5282, ,CFS
SHA,H,76,INFLOW,20100404,0400,8545, ,CFS
SHA,H,76,INFLOW,20100404,0500,8567, ,CFS
SHA,H,76,INFLOW,20100404,0600,8744, ,CFS
SHA,H,76,INFLOW,20100404,0700,9102, ,CFS
SHA,H,76,INFLOW,20100404,0800,9166, ,CFS
SHA,H,76,INFLOW,20100404,0900,8691, ,CFS
SHA,H,76,INFLOW,20100404,1000,9452, ,CFS
SHA,H,76,INFLOW,20100404,1100,8121, ,CFS
SHA,H,76,INFLOW,20100404,1200,14606, ,CFS
SHA,H,76,INFLOW,20100404,1300,17404, ,CFS
SHA,H,76,INFLOW,20100404,1400,4241, ,CFS
SHA,H,76,INFLOW,20100404,1500,23229, ,CFS
SHA,H,76,INFLOW,20100404,1600,22515, ,CFS
SHA,H,76,INFLOW,20100404,1700,13088, ,CFS
SHA,H,76,INFLOW,20100404,1800,29585, ,CFS
SHA,H,76,INFLOW,20100404,1900,19086, ,CFS
SHA,H,76,INFLOW,20100404,2000,5230, ,CFS
SHA,H,76,INFLOW,20100404,2100,15440, ,CFS
SHA,H,76,INFLOW,20100404,2200,14621, ,CFS
SHA,H,76,INFLOW,20100404,2300,5637, ,CFS
SHA,H,76,INFLOW,20100405,0000,15837, ,CFS
SHA,H,76,INFLOW,20100405,0100,18464, ,CFS
SHA,H,76,INFLOW,20100405,0200,4937, ,CFS
SHA,H,76,INFLOW,20100405,0300,21106, ,CFS
SHA,H,76,INFLOW,20100405,0400,11481, ,CFS
SHA,H,76,INFLOW,20100405,0500,8361, ,CFS
SHA,H,76,INFLOW,20100405,0600,15214, ,CFS
SHA,H,76,INFLOW,20100405,0700,11494, ,CFS
SHA,H,76,INFLOW,20100405,0800,14620, ,CFS
SHA,H,76,INFLOW,20100405,0900,9891, ,CFS
SHA,H,76,INFLOW,20100405,1000,7772, ,CFS
SHA,H,76,INFLOW,20100405,1100,8669, ,CFS
SHA,H,76,INFLOW,20100405,1200,12162, ,CFS
SHA,H,76,INFLOW,20100405,1300,8498, ,CFS
SHA,H,76,INFLOW,20100405,1400,11533, ,CFS
SHA,H,76,INFLOW,20100405,1500,14155, ,CFS
SHA,H,76,INFLOW,20100405,1600,6622, ,CFS
SHA,H,76,INFLOW,20100405,1700,11890, ,CFS
SHA,H,76,INFLOW,20100405,1800,8447, ,CFS
SHA,H,76,INFLOW,20100405,1900,5324, ,CFS
SHA,H,76,INFLOW,20100405,2000,11662, ,CFS
SHA,H,76,INFLOW,20100405,2100,12000, ,CFS
SHA,H,76,INFLOW,20100405,2200,14339, ,CFS
SHA,H,76,INFLOW,20100405,2300,8944, ,CFS
SHA,H,76,INFLOW,20100406,0000,12556, ,CFS
SHA,H,76,INFLOW,20100406,0100,8265, ,CFS
SHA,H,76,INFLOW,20100406,0200,11380, ,CFS
SHA,H,76,INFLOW,20100406,0300,8112, ,CFS
SHA,H,76,INFLOW,20100406,0400,8120, ,CFS
SHA,H,76,INFLOW,20100406,0500,8521, ,CFS
SHA,H,76,INFLOW,20100406,0600,9425, ,CFS
SHA,H,76,INFLOW,20100406,0700,9216, ,CFS
SHA,H,76,INFLOW,20100406,0800,3534, ,CFS
SHA,H,76,INFLOW,20100406,0900,6946, ,CFS
SHA,H,76,INFLOW,20100406,1000,13852, ,CFS
SHA,H,76,INFLOW,20100406,1100,7280, ,CFS
SHA,H,76,INFLOW,20100406,1200,7306, ,CFS
SHA,H,76,INFLOW,20100406,1300,10518, ,CFS
SHA,H,76,INFLOW,20100406,1400,10485, ,CFS
SHA,H,76,INFLOW,20100406,1500,10440, ,CFS
SHA,H,76,INFLOW,20100406,1600,3282, ,CFS
SHA,H,76,INFLOW,20100406,1700,9869, ,CFS
SHA,H,76,INFLOW,20100406,1800,10290, ,CFS
SHA,H,76,INFLOW,20100406,1900,10279, ,CFS
SHA,H,76,INFLOW,20100406,2000,10006, ,CFS
SHA,H,76,INFLOW,20100406,2100,7484, ,CFS
SHA,H,76,INFLOW,20100406,2200,16691, ,CFS
SHA,H,76,INFLOW,20100406,2300,5181, ,CFS
SHA,H,76,INFLOW,20100407,0000,10880, ,CFS
SHA,H,76,INFLOW,20100407,0100,7507, ,CFS
SHA,H,76,INFLOW,20100407,0200,10515, ,CFS
SHA,H,76,INFLOW,20100407,0300,8623, ,CFS
SHA,H,76,INFLOW,20100407,0400,8719, ,CFS
SHA,H,76,INFLOW,20100407,0500,8921, ,CFS
SHA,H,76,INFLOW,20100407,0600,8683, ,CFS
SHA,H,76,INFLOW,20100407,0700,11587, ,CFS
SHA,H,76,INFLOW,20100407,0800,4871, ,CFS
SHA,H,76,INFLOW,20100407,0900,9422, ,CFS
SHA,H,76,INFLOW,20100407,1000,9809, ,CFS
SHA,H,76,INFLOW,20100407,1100,4264, ,CFS
SHA,H,76,INFLOW,20100407,1200,10742, ,CFS
SHA,H,76,INFLOW,20100407,1300,7351, ,CFS
SHA,H,76,INFLOW,20100407,1400,7326, ,CFS
SHA,H,76,INFLOW,20100407,1500,9988, ,CFS
SHA,H,76,INFLOW,20100407,1600,9180, ,CFS
SHA,H,76,INFLOW,20100407,1700,9027, ,CFS
SHA,H,76,INFLOW,20100407,1800,11763, ,CFS
SHA,H,76,INFLOW,20100407,1900,14000, ,CFS
SHA,H,76,INFLOW,20100407,2000,14040, ,CFS
SHA,H,76,INFLOW,20100407,2100,10774, ,CFS
SHA,H,76,INFLOW,20100407,2200,8809, ,CFS
SHA,H,76,INFLOW,20100407,2300,12011, ,CFS
SHA,H,76,INFLOW,20100408,0000,12548, ,CFS
SHA,H,76,INFLOW,20100408,0100,10272, ,CFS
SHA,H,76,INFLOW,20100408,0200,10071, ,CFS
SHA,H,76,INFLOW,20100408,0300,13365, ,CFS
SHA,H,76,INFLOW,20100408,0400,6765, ,CFS
SHA,H,76,INFLOW,20100408,0500,10063, ,CFS
SHA,H,76,INFLOW,20100408,0600,6808, ,CFS
SHA,H,76,INFLOW,20100408,0700,10264, ,CFS
SHA,H,76,INFLOW,20100408,0800,12058, ,CFS
SHA,H,76,INFLOW,20100408,0900,7278, ,CFS
SHA,H,76,INFLOW,20100408,1000,4107, ,CFS
SHA,H,76,INFLOW,20100408,1100,10704, ,CFS
SHA,H,76,INFLOW,20100408,1200,10704, ,CFS
SHA,H,76,INFLOW,20100408,1300,10720, ,CFS
SHA,H,76,INFLOW,20100408,1400,4275, ,CFS
SHA,H,76,INFLOW,20100408,1500,10610, ,CFS
SHA,H,76,INFLOW,20100408,1600,7050, ,CFS
SHA,H,76,INFLOW,20100408,1700,13632, ,CFS
SHA,H,76,INFLOW,20100408,1800,6991, ,CFS
SHA,H,76,INFLOW,20100408,1900,13613, ,CFS
SHA,H,76,INFLOW,20100408,2000,6377, ,CFS
SHA,H,76,INFLOW,20100408,2100,12851, ,CFS
SHA,H,76,INFLOW,20100408,2200,9526, ,CFS
SHA,H,76,INFLOW,20100408,2300,6154, ,CFS
SHA,H,76,INFLOW,20100409,0000,7444, ,CFS
SHA,H,76,INFLOW,20100409,0100,11886, ,CFS
SHA,H,76,INFLOW,20100409,0200,8708, ,CFS
SHA,H,76,INFLOW,20100409,0300,8451, ,CFS
SHA,H,76,INFLOW,20100409,0400,8405, ,CFS
SHA,H,76,INFLOW,20100409,0500,15082, ,CFS
SHA,H,76,INFLOW,20100409,0600,2172, ,CFS
SHA,H,76,INFLOW,20100409,0700,9176, ,CFS
SHA,H,76,INFLOW,20100409,0800,12381, ,CFS
SHA,H,76,INFLOW,20100409,0900,5653, ,CFS
SHA,H,76,INFLOW,20100409,1000,10735, ,CFS
SHA,H,76,INFLOW,20100409,1100,6350, ,CFS
SHA,H,76,INFLOW,20100409,1200,6245, ,CFS
SHA,H,76,INFLOW,20100409,1300,12871, ,CFS
SHA,H,76,INFLOW,20100409,1400,7436, ,CFS
SHA,H,76,INFLOW,20100409,1500,10264, ,CFS
SHA,H,76,INFLOW,20100409,1600,7062, ,CFS
SHA,H,76,INFLOW,20100409,1700,9186, ,CFS
SHA,H,76,INFLOW,20100409,1800,11789, ,CFS
SHA,H,76,INFLOW,20100409,1900,9250, ,CFS
SHA,H,76,INFLOW,20100409,2000,11131, ,CFS
SHA,H,76,INFLOW,20100409,2100,11238, ,CFS
SHA,H,76,INFLOW,20100409,2200,9835, ,CFS
SHA,H,76,INFLOW,20100409,2300,10442, ,CFS
SHA,H,76,INFLOW,20100410,0000,9536, ,CFS
SHA,H,76,INFLOW,20100410,0100,8963, ,CFS
SHA,H,76,INFLOW,20100410,0200,12199, ,CFS
SHA,H,76,INFLOW,20100410,0300,5403, ,CFS
SHA,H,76,INFLOW,20100410,0400,8759, ,CFS
SHA,H,76,INFLOW,20100410,0500,12275, ,CFS
SHA,H,76,INFLOW,20100410,0600,8817, ,CFS
SHA,H,76,INFLOW,20100410,0700,6272, ,CFS
SHA,H,76,INFLOW,20100410,0800,9706, ,CFS
SHA,H,76,INFLOW,20100410,0900,13852, ,CFS
SHA,H,76,INFLOW,20100410,1000,7166, ,CFS
SHA,H,76,INFLOW,20100410,1100,10598, ,CFS
SHA,H,76,INFLOW,20100410,1200,3988, ,CFS
SHA,H,76,INFLOW,20100410,1300,13922, ,CFS
SHA,H,76,INFLOW,20100410,1400,10618, ,CFS
SHA,H,76,INFLOW,20100410,1500,10526, ,CFS
SHA,H,76,INFLOW,20100410,1600,8656, ,CFS
SHA,H,76,INFLOW,20100410,1700,15219, ,CFS
SHA,H,76,INFLOW,20100410,1800,8566, ,CFS
SHA,H,76,INFLOW,20100410,1900,8784, ,CFS
SHA,H,76,INFLOW,20100410,2000,10142, ,CFS
SHA,H,76,INFLOW,20100410,2100,10890, ,CFS
SHA,H,76,INFLOW,20100410,2200,7643, ,CFS
SHA,H,76,INFLOW,20100410,2300,9067, ,CFS
SHA,H,76,INFLOW,20100411,0000,10341, ,CFS
SHA,H,76,INFLOW,20100411,0100,12214, ,CFS
SHA,H,76,INFLOW,20100411,0200,12023, ,CFS
SHA,H,76,INFLOW,20100411,0300,5292, ,CFS
SHA,H,76,INFLOW,20100411,0400,11878, ,CFS
SHA,H,76,INFLOW,20100411,0500,12023, ,CFS
SHA,H,76,INFLOW,20100411,0600,5429, ,CFS
SHA,H,76,INFLOW,20100411,0700,12135, ,CFS
SHA,H,76,INFLOW,20100411,0800,5802, ,CFS
SHA,H,76,INFLOW,20100411,0900,13288, ,CFS
SHA,H,76,INFLOW,20100411,1000,6668, ,CFS
SHA,H,76,INFLOW,20100411,1100,10491, ,CFS
SHA,H,76,INFLOW,20100411,1200,14045, ,CFS
SHA,H,76,INFLOW,20100411,1300,10783, ,CFS
SHA,H,76,INFLOW,20100411,1400,10595, ,CFS
SHA,H,76,INFLOW,20100411,1500,13528, ,CFS
SHA,H,76,INFLOW,20100411,1600,20216, ,CFS
SHA,H,76,INFLOW,20100411,1700,19004, ,CFS
SHA,H,76,INFLOW,20100411,1800,15893, ,CFS
SHA,H,76,INFLOW,20100411,1900,9088, ,CFS
SHA,H,76,INFLOW,20100411,2000,18429, ,CFS
SHA,H,76,INFLOW,20100411,2100,15186, ,CFS
SHA,H,76,INFLOW,20100411,2200,15382, ,CFS
SHA,H,76,INFLOW,20100411,2300,9178, ,CFS
SHA,H,76,INFLOW,20100412,0000,18970, ,CFS
SHA,H,76,INFLOW,20100412,0100,11665, ,CFS
SHA,H,76,INFLOW,20100412,0200,18140, ,CFS
SHA,H,76,INFLOW,20100412,0300,11990, ,CFS
SHA,H,76,INFLOW,20100412,0400,28881, ,CFS
SHA,H,76,INFLOW,20100412,0500,15515, ,CFS
SHA,H,76,INFLOW,20100412,0600,12149, ,CFS
SHA,H,76,INFLOW,20100412,0700,16584, ,CFS
SHA,H,76,INFLOW,20100412,0800,16438, ,CFS
SHA,H,76,INFLOW,20100412,0900,26418, ,CFS
SHA,H,76,INFLOW,20100412,1000,10135, ,CFS
SHA,H,76,INFLOW,20100412,1100,16899, ,CFS
SHA,H,76,INFLOW,20100412,1200,30210, ,CFS
SHA,H,76,INFLOW,20100412,1300,16748, ,CFS
SHA,H,76,INFLOW,20100412,1400,19930, ,CFS
SHA,H,76,INFLOW,20100412,1500,26707, ,CFS
SHA,H,76,INFLOW,20100412,1600,23191, ,CFS
SHA,H,76,INFLOW,20100412,1700,25191, ,CFS
SHA,H,76,INFLOW,20100412,1800,21906, ,CFS
SHA,H,76,INFLOW,20100412,1900,21907, ,CFS
SHA,H,76,INFLOW,20100412,2000,21698, ,CFS
SHA,H,76,INFLOW,20100412,2100,25174, ,CFS
SHA,H,76,INFLOW,20100412,2200,19460, ,CFS
SHA,H,76,INFLOW,20100412,2300,26390, ,CFS
SHA,H,76,INFLOW,20100413,0000,22208, ,CFS
SHA,H,76,INFLOW,20100413,0100,22294, ,CFS
SHA,H,76,INFLOW,20100413,0200,18797, ,CFS
SHA,H,76,INFLOW,20100413,0300,18818, ,CFS
SHA,H,76,INFLOW,20100413,0400,15303, ,CFS
SHA,H,76,INFLOW,20100413,0500,22317, ,CFS
SHA,H,76,INFLOW,20100413,0600,19190, ,CFS
SHA,H,76,INFLOW,20100413,0700,16362, ,CFS
SHA,H,76,INFLOW,20100413,0800,16319, ,CFS
SHA,H,76,INFLOW,20100413,0900,19884, ,CFS
SHA,H,76,INFLOW,20100413,1000,20402, ,CFS
SHA,H,76,INFLOW,20100413,1100,17258, ,CFS
SHA,H,76,INFLOW,20100413,1200,19899, ,CFS
SHA,H,76,INFLOW,20100413,1300,16525, ,CFS
SHA,H,76,INFLOW,20100413,1400,18403, ,CFS
SHA,H,76,INFLOW,20100413,1500,14511, ,CFS
SHA,H,76,INFLOW,20100413,1600,16429, ,CFS
SHA,H,76,INFLOW,20100413,1700,15734, ,CFS
SHA,H,76,INFLOW,20100413,1800,19476, ,CFS
SHA,H,76,INFLOW,20100413,1900,15811, ,CFS
SHA,H,76,INFLOW,20100413,2000,20341, ,CFS
SHA,H,76,INFLOW,20100413,2100,20558, ,CFS
SHA,H,76,INFLOW,20100413,2200,15550, ,CFS
SHA,H,76,INFLOW,20100413,2300,19098, ,CFS
SHA,H,76,INFLOW,20100414,0000,15672, ,CFS
SHA,H,76,INFLOW,20100414,0100,13702, ,CFS
SHA,H,76,INFLOW,20100414,0200,16978, ,CFS
SHA,H,76,INFLOW,20100414,0300,10225, ,CFS
SHA,H,76,INFLOW,20100414,0400,20352, ,CFS
SHA,H,76,INFLOW,20100414,0500,13601, ,CFS
SHA,H,76,INFLOW,20100414,0600,16978, ,CFS
SHA,H,76,INFLOW,20100414,0700,16979, ,CFS
SHA,H,76,INFLOW,20100414,0800,20407, ,CFS
SHA,H,76,INFLOW,20100414,0900,14438, ,CFS
SHA,H,76,INFLOW,20100414,1000,10929, ,CFS
SHA,H,76,INFLOW,20100414,1100,20396, ,CFS
SHA,H,76,INFLOW,20100414,1200,20370, ,CFS
SHA,H,76,INFLOW,20100414,1300,11428, ,CFS
SHA,H,76,INFLOW,20100414,1400,21764, ,CFS
SHA,H,76,INFLOW,20100414,1500,14709, ,CFS
SHA,H,76,INFLOW,20100414,1600,11131, ,CFS
SHA,H,76,INFLOW,20100414,1700,29526, ,CFS
SHA,H,76,INFLOW,20100414,1800,22893, ,CFS
SHA,H,76,INFLOW,20100414,1900,11933, ,CFS
SHA,H,76,INFLOW,20100414,2000,15097, ,CFS
SHA,H,76,INFLOW,20100414,2100,20503, ,CFS
SHA,H,76,INFLOW,20100414,2200,10434, ,CFS
SHA,H,76,INFLOW,20100414,2300,20473, ,CFS
SHA,H,76,INFLOW,20100415,0000,13641, ,CFS
SHA,H,76,INFLOW,20100415,0100,13703, ,CFS
SHA,H,76,INFLOW,20100415,0200,20406, ,CFS
SHA,H,76,INFLOW,20100415,0300,6838, ,CFS
SHA,H,76,INFLOW,20100415,0400,17013, ,CFS
SHA,H,76,INFLOW,20100415,0500,17014, ,CFS
SHA,H,76,INFLOW,20100415,0600,10333, ,CFS
SHA,H,76,INFLOW,20100415,0700,13741, ,CFS
SHA,H,76,INFLOW,20100415,0800,14206, ,CFS
SHA,H,76,INFLOW,20100415,0900,14219, ,CFS
SHA,H,76,INFLOW,20100415,1000,14341, ,CFS
SHA,H,76,INFLOW,20100415,1100,17055, ,CFS
SHA,H,76,INFLOW,20100415,1200,14247, ,CFS
SHA,H,76,INFLOW,20100415,1300,14206, ,CFS
SHA,H,76,INFLOW,20100415,1400,18235, ,CFS
SHA,H,76,INFLOW,20100415,1500,17004, ,CFS
SHA,H,76,INFLOW,20100415,1600,16662, ,CFS
SHA,H,76,INFLOW,20100415,1700,15312, ,CFS
SHA,H,76,INFLOW,20100415,1800,15168, ,CFS
SHA,H,76,INFLOW,20100415,1900,13790, ,CFS
SHA,H,76,INFLOW,20100415,2000,17267, ,CFS
SHA,H,76,INFLOW,20100415,2100,13956, ,CFS
SHA,H,76,INFLOW,20100415,2200,20717, ,CFS
SHA,H,76,INFLOW,20100415,2300,10632, ,CFS
SHA,H,76,INFLOW,20100416,0000,13799, ,CFS
SHA,H,76,INFLOW,20100416,0100,13727, ,CFS
SHA,H,76,INFLOW,20100416,0200,13729, ,CFS
SHA,H,76,INFLOW,20100416,0300,6917, ,CFS
SHA,H,76,INFLOW,20100416,0400,6917, ,CFS
SHA,H,76,INFLOW,20100416,0500,10324, ,CFS
SHA,H,76,INFLOW,20100416,0600,14050, ,CFS
SHA,H,76,INFLOW,20100416,0700,8660, ,CFS
SHA,H,76,INFLOW,20100416,0800,15521, ,CFS
SHA,H,76,INFLOW,20100416,0900,15540, ,CFS
SHA,H,76,INFLOW,20100416,1000,12172, ,CFS
SHA,H,76,INFLOW,20100416,1100,9216, ,CFS
SHA,H,76,INFLOW,20100416,1200,15860, ,CFS
SHA,H,76,INFLOW,20100416,1300,12400, ,CFS
SHA,H,76,INFLOW,20100416,1400,15968, ,CFS
SHA,H,76,INFLOW,20100416,1500,15664, ,CFS
SHA,H,76,INFLOW,20100416,1600,13204, ,CFS
SHA,H,76,INFLOW,20100416,1700,14791, ,CFS
SHA,H,76,INFLOW,20100416,1800,16920, ,CFS
SHA,H,76,INFLOW,20100416,1900,12419, ,CFS
SHA,H,76,INFLOW,20100416,2000,15031, ,CFS
SHA,H,76,INFLOW,20100416,2100,15470, ,CFS
SHA,H,76,INFLOW,20100416,2200,12011, ,CFS
SHA,H,76,INFLOW,20100416,2300,16706, ,CFS
SHA,H,76,INFLOW,20100417,0000,11768, ,CFS
SHA,H,76,INFLOW,20100417,0100,14104, ,CFS
SHA,H,76,INFLOW,20100417,0200,10522, ,CFS
SHA,H,76,INFLOW,20100417,0300,14010, ,CFS
SHA,H,76,INFLOW,20100417,0400,14036, ,CFS
SHA,H,76,INFLOW,20100417,0500,13979, ,CFS
SHA,H,76,INFLOW,20100417,0600,10600, ,CFS
SHA,H,76,INFLOW,20100417,0700,15592, ,CFS
SHA,H,76,INFLOW,20100417,0800,8874, ,CFS
SHA,H,76,INFLOW,20100417,0900,12440, ,CFS
SHA,H,76,INFLOW,20100417,1000,14578, ,CFS
SHA,H,76,INFLOW,20100417,1100,15995, ,CFS
SHA,H,76,INFLOW,20100417,1200,12601, ,CFS
SHA,H,76,INFLOW,20100417,1300,15831, ,CFS
SHA,H,76,INFLOW,20100417,1400,14555, ,CFS
SHA,H,76,INFLOW,20100417,1500,15871, ,CFS
SHA,H,76,INFLOW,20100417,1600,15639, ,CFS
SHA,H,76,INFLOW,20100417,1700,12166, ,CFS
SHA,H,76,INFLOW,20100417,1800,12313, ,CFS
SHA,H,76,INFLOW,20100417,1900,16626, ,CFS
SHA,H,76,INFLOW,20100417,2000,13194, ,CFS
SHA,H,76,INFLOW,20100417,2100,16835, ,CFS
SHA,H,76,INFLOW,20100417,2200,13313, ,CFS
SHA,H,76,INFLOW,20100417,2300,14050, ,CFS
SHA,H,76,INFLOW,20100418,0000,13903, ,CFS
SHA,H,76,INFLOW,20100418,0100,10476, ,CFS
SHA,H,76,INFLOW,20100418,0200,13949, ,CFS
SHA,H,76,INFLOW,20100418,0300,10525, ,CFS
SHA,H,76,INFLOW,20100418,0400,13965, ,CFS
SHA,H,76,INFLOW,20100418,0500,7085, ,CFS
SHA,H,76,INFLOW,20100418,0600,10525, ,CFS
SHA,H,76,INFLOW,20100418,0700,13967, ,CFS
SHA,H,76,INFLOW,20100418,0800,10527, ,CFS
SHA,H,76,INFLOW,20100418,0900,13998, ,CFS
SHA,H,76,INFLOW,20100418,1000,7280, ,CFS
SHA,H,76,INFLOW,20100418,1100,10042, ,CFS
SHA,H,76,INFLOW,20100418,1200,17014, ,CFS
SHA,H,76,INFLOW,20100418,1300,9861, ,CFS
SHA,H,76,INFLOW,20100418,1400,13285, ,CFS
SHA,H,76,INFLOW,20100418,1500,16724, ,CFS
SHA,H,76,INFLOW,20100418,1600,13295, ,CFS
SHA,H,76,INFLOW,20100418,1700,16761, ,CFS
SHA,H,76,INFLOW,20100418,1800,13845, ,CFS
SHA,H,76,INFLOW,20100418,1900,13287, ,CFS
SHA,H,76,INFLOW,20100418,2000,14129, ,CFS
SHA,H,76,INFLOW,20100418,2100,14161, ,CFS
SHA,H,76,INFLOW,20100418,2200,14071, ,CFS
SHA,H,76,INFLOW,20100418,2300,12122, ,CFS
SHA,H,76,INFLOW,20100419,0000,7096, ,CFS
SHA,H,76,INFLOW,20100419,0100,13962, ,CFS
SHA,H,76,INFLOW,20100419,0200,13900, ,CFS
SHA,H,76,INFLOW,20100419,0300,10461, ,CFS
SHA,H,76,INFLOW,20100419,0400,13898, ,CFS
SHA,H,76,INFLOW,20100419,0500,13905, ,CFS
SHA,H,76,INFLOW,20100419,0600,7152, ,CFS
SHA,H,76,INFLOW,20100419,0700,13908, ,CFS
SHA,H,76,INFLOW,20100419,0800,7112, ,CFS
SHA,H,76,INFLOW,20100419,0900,8885, ,CFS
SHA,H,76,INFLOW,20100419,1000,2860, ,CFS
SHA,H,76,INFLOW,20100419,1100,3503, ,CFS
SHA,H,76,INFLOW,20100419,1200,10538, ,CFS
SHA,H,76,INFLOW,20100419,1300,10478, ,CFS
SHA,H,76,INFLOW,20100419,1400,7032, ,CFS
SHA,H,76,INFLOW,20100419,1500,20808, ,CFS
SHA,H,76,INFLOW,20100419,1600,10009, ,CFS
SHA,H,76,INFLOW,20100419,1700,20480, ,CFS
SHA,H,76,INFLOW,20100419,1800,16535, ,CFS
SHA,H,76,INFLOW,20100419,1900,13334, ,CFS
SHA,H,76,INFLOW,20100419,2000,15074, ,CFS
SHA,H,76,INFLOW,20100419,2100,12001, ,CFS
SHA,H,76,INFLOW,20100419,2200,18221, ,CFS
SHA,H,76,INFLOW,20100419,2300,11207, ,CFS
SHA,H,76,INFLOW,20100420,0000,14389, ,CFS
SHA,H,76,INFLOW,20100420,0100,10807, ,CFS
SHA,H,76,INFLOW,20100420,0200,7295, ,CFS
SHA,H,76,INFLOW,20100420,0300,21079, ,CFS
SHA,H,76,INFLOW,20100420,0400,14202, ,CFS
SHA,H,76,INFLOW,20100420,0500,17960, ,CFS
SHA,H,76,INFLOW,20100420,0600,18167, ,CFS
SHA,H,76,INFLOW,20100420,0700,7925, ,CFS
SHA,H,76,INFLOW,20100420,0800,12110, ,CFS
SHA,H,76,INFLOW,20100420,0900,30703, ,CFS
SHA,H,76,INFLOW,20100420,1000,7038, ,CFS
SHA,H,76,INFLOW,20100420,1100,11901, ,CFS
SHA,H,76,INFLOW,20100420,1200,22124, ,CFS
SHA,H,76,INFLOW,20100420,1300,13504, ,CFS
SHA,H,76,INFLOW,20100420,1400,13518, ,CFS
SHA,H,76,INFLOW,20100420,1500,12708, ,CFS
SHA,H,76,INFLOW,20100420,1600,17670, ,CFS
SHA,H,76,INFLOW,20100420,1700,14028, ,CFS
SHA,H,76,INFLOW,20100420,1800,17574, ,CFS
SHA,H,76,INFLOW,20100420,1900,17873, ,CFS
SHA,H,76,INFLOW,20100420,2000,13199, ,CFS
SHA,H,76,INFLOW,20100420,2100,20397, ,CFS
SHA,H,76,INFLOW,20100420,2200,13498, ,CFS
SHA,H,76,INFLOW,20100420,2300,10698, ,CFS
SHA,H,76,INFLOW,20100421,0000,15592, ,CFS
SHA,H,76,INFLOW,20100421,0100,12242, ,CFS
SHA,H,76,INFLOW,20100421,0200,5534, ,CFS
SHA,H,76,INFLOW,20100421,0300,8827, ,CFS
SHA,H,76,INFLOW,20100421,0400,8705, ,CFS
SHA,H,76,INFLOW,20100421,0500,5449, ,CFS
SHA,H,76,INFLOW,20100421,0600,9144, ,CFS
SHA,H,76,INFLOW,20100421,0700,5477, ,CFS
SHA,H,76,INFLOW,20100421,0800,12488, ,CFS
SHA,H,76,INFLOW,20100421,0900,17321, ,CFS
SHA,H,76,INFLOW,20100421,1000,7277, ,CFS
SHA,H,76,INFLOW,20100421,1100,12272, ,CFS
SHA,H,76,INFLOW,20100421,1200,15886, ,CFS
SHA,H,76,INFLOW,20100421,1300,9928, ,CFS
SHA,H,76,INFLOW,20100421,1400,9429, ,CFS
SHA,H,76,INFLOW,20100421,1500,15002, ,CFS
SHA,H,76,INFLOW,20100421,1600,8857, ,CFS
SHA,H,76,INFLOW,20100421,1700,12763, ,CFS
SHA,H,76,INFLOW,20100421,1800,5805, ,CFS
SHA,H,76,INFLOW,20100421,1900,12861, ,CFS
SHA,H,76,INFLOW,20100421,2000,15005, ,CFS
SHA,H,76,INFLOW,20100421,2100,8054, ,CFS
SHA,H,76,INFLOW,20100421,2200,10691, ,CFS
SHA,H,76,INFLOW,20100421,2300,13470, ,CFS
SHA,H,76,INFLOW,20100422,0000,2678, ,CFS
SHA,H,76,INFLOW,20100422,0100,15673, ,CFS
SHA,H,76,INFLOW,20100422,0200,5136, ,CFS
SHA,H,76,INFLOW,20100422,0300,8718, ,CFS
SHA,H,76,INFLOW,20100422,0400,5130, ,CFS
SHA,H,76,INFLOW,20100422,0500,5134, ,CFS
SHA,H,76,INFLOW,20100422,0600,15876, ,CFS
SHA,H,76,INFLOW,20100422,0700,-1319, ,CFS
SHA,H,76,INFLOW,20100422,0800,13236, ,CFS
SHA,H,76,INFLOW,20100422,0900,10661, ,CFS
SHA,H,76,INFLOW,20100422,1000,12647, ,CFS
SHA,H,76,INFLOW,20100422,1100,7067, ,CFS
SHA,H,76,INFLOW,20100422,1200,11186, ,CFS
SHA,H,76,INFLOW,20100422,1300,12822, ,CFS
SHA,H,76,INFLOW,20100422,1400,3737, ,CFS
SHA,H,76,INFLOW,20100422,1500,17190, ,CFS
SHA,H,76,INFLOW,20100422,1600,4939, ,CFS
SHA,H,76,INFLOW,20100422,1700,15617, ,CFS
SHA,H,76,INFLOW,20100422,1800,4220, ,CFS
SHA,H,76,INFLOW,20100422,1900,9515, ,CFS
SHA,H,76,INFLOW,20100422,2000,16176, ,CFS
SHA,H,76,INFLOW,20100422,2100,10084, ,CFS
SHA,H,76,INFLOW,20100422,2200,9951, ,CFS
SHA,H,76,INFLOW,20100422,2300,10370, ,CFS
SHA,H,76,INFLOW,20100423,0000,9814, ,CFS
SHA,H,76,INFLOW,20100423,0100,12503, ,CFS
SHA,H,76,INFLOW,20100423,0200,5517, ,CFS
SHA,H,76,INFLOW,20100423,0300,5408, ,CFS
SHA,H,76,INFLOW,20100423,0400,5394, ,CFS
SHA,H,76,INFLOW,20100423,0500,9038, ,CFS
SHA,H,76,INFLOW,20100423,0600,5875, ,CFS
SHA,H,76,INFLOW,20100423,0700,9018, ,CFS
SHA,H,76,INFLOW,20100423,0800,6513, ,CFS
SHA,H,76,INFLOW,20100423,0900,11612, ,CFS
SHA,H,76,INFLOW,20100423,1000,14493, ,CFS
SHA,H,76,INFLOW,20100423,1100,8451, ,CFS
SHA,H,76,INFLOW,20100423,1200,9233, ,CFS
SHA,H,76,INFLOW,20100423,1300,11722, ,CFS
SHA,H,76,INFLOW,20100423,1400,15851, ,CFS
SHA,H,76,INFLOW,20100423,1500,8836, ,CFS
SHA,H,76,INFLOW,20100423,1600,14916, ,CFS
SHA,H,76,INFLOW,20100423,1700,11635, ,CFS
SHA,H,76,INFLOW,20100423,1800,11604, ,CFS
SHA,H,76,INFLOW,20100423,1900,8955, ,CFS
SHA,H,76,INFLOW,20100423,2000,13989, ,CFS
SHA,H,76,INFLOW,20100423,2100,18222, ,CFS
SHA,H,76,INFLOW,20100423,2200,6873, ,CFS
SHA,H,76,INFLOW,20100423,2300,9868, ,CFS
SHA,H,76,INFLOW,20100424,0000,13039, ,CFS
SHA,H,76,INFLOW,20100424,0100,5779, ,CFS
SHA,H,76,INFLOW,20100424,0200,8843, ,CFS
SHA,H,76,INFLOW,20100424,0300,2043, ,CFS
SHA,H,76,INFLOW,20100424,0400,8919, ,CFS
SHA,H,76,INFLOW,20100424,0500,5296, ,CFS
SHA,H,76,INFLOW,20100424,0600,5575, ,CFS
SHA,H,76,INFLOW,20100424,0700,9555, ,CFS
SHA,H,76,INFLOW,20100424,0800,2875, ,CFS
SHA,H,76,INFLOW,20100424,0900,7110, ,CFS
SHA,H,76,INFLOW,20100424,1000,9895, ,CFS
SHA,H,76,INFLOW,20100424,1100,10863, ,CFS
SHA,H,76,INFLOW,20100424,1200,10883, ,CFS
SHA,H,76,INFLOW,20100424,1300,7057, ,CFS
SHA,H,76,INFLOW,20100424,1400,15207, ,CFS
SHA,H,76,INFLOW,20100424,1500,8277, ,CFS
SHA,H,76,INFLOW,20100424,1600,8001, ,CFS
SHA,H,76,INFLOW,20100424,1700,15464, ,CFS
SHA,H,76,INFLOW,20100424,1800,4253, ,CFS
SHA,H,76,INFLOW,20100424,1900,10093, ,CFS
SHA,H,76,INFLOW,20100424,2000,15106, ,CFS
SHA,H,76,INFLOW,20100424,2100,11975, ,CFS
SHA,H,76,INFLOW,20100424,2200,17011, ,CFS
SHA,H,76,INFLOW,20100424,2300,10591, ,CFS
SHA,H,76,INFLOW,20100425,0000,8637, ,CFS
SHA,H,76,INFLOW,20100425,0100,8548, ,CFS
SHA,H,76,INFLOW,20100425,0200,4634, ,CFS
SHA,H,76,INFLOW,20100425,0300,1501, ,CFS
SHA,H,76,INFLOW,20100425,0400,8429, ,CFS
SHA,H,76,INFLOW,20100425,0500,8490, ,CFS
SHA,H,76,INFLOW,20100425,0600,5068, ,CFS
SHA,H,76,INFLOW,20100425,0700,12350, ,CFS
SHA,H,76,INFLOW,20100425,0800,9325, ,CFS
SHA,H,76,INFLOW,20100425,0900,4825, ,CFS
SHA,H,76,INFLOW,20100425,1000,13332, ,CFS
SHA,H,76,INFLOW,20100425,1100,3144, ,CFS
SHA,H,76,INFLOW,20100425,1200,13483, ,CFS
SHA,H,76,INFLOW,20100425,1300,8393, ,CFS
SHA,H,76,INFLOW,20100425,1400,8326, ,CFS
SHA,H,76,INFLOW,20100425,1500,11973, ,CFS
SHA,H,76,INFLOW,20100425,1600,12356, ,CFS
SHA,H,76,INFLOW,20100425,1700,9323, ,CFS
SHA,H,76,INFLOW,20100425,1800,10828, ,CFS
SHA,H,76,INFLOW,20100425,1900,9816, ,CFS
SHA,H,76,INFLOW,20100425,2000,16121, ,CFS
SHA,H,76,INFLOW,20100425,2100,13215, ,CFS
SHA,H,76,INFLOW,20100425,2200,13209, ,CFS
SHA,H,76,INFLOW,20100425,2300,14246, ,CFS
SHA,H,76,INFLOW,20100426,0000,7144, ,CFS
SHA,H,76,INFLOW,20100426,0100,8644, ,CFS
SHA,H,76,INFLOW,20100426,0200,8344, ,CFS
SHA,H,76,INFLOW,20100426,0300,4769, ,CFS
SHA,H,76,INFLOW,20100426,0400,8246, ,CFS
SHA,H,76,INFLOW,20100426,0500,5446, ,CFS
SHA,H,76,INFLOW,20100426,0600,12651, ,CFS
SHA,H,76,INFLOW,20100426,0700,2457, ,CFS
SHA,H,76,INFLOW,20100426,0800,9465, ,CFS
SHA,H,76,INFLOW,20100426,0900,13629, ,CFS
SHA,H,76,INFLOW,20100426,1000,9163, ,CFS
SHA,H,76,INFLOW,20100426,1100,11104, ,CFS
SHA,H,76,INFLOW,20100426,1200,11290, ,CFS
SHA,H,76,INFLOW,20100426,1300,12484, ,CFS
SHA,H,76,INFLOW,20100426,1400,9939, ,CFS
SHA,H,76,INFLOW,20100426,1500,17011, ,CFS
SHA,H,76,INFLOW,20100426,1600,8799, ,CFS
SHA,H,76,INFLOW,20100426,1700,5957, ,CFS
SHA,H,76,INFLOW,20100426,1800,-2235, ,CFS
SHA,H,76,INFLOW,20100426,1900,4326, ,CFS
SHA,H,76,INFLOW,20100426,2000,23664, ,CFS
SHA,H,76,INFLOW,20100426,2100,10217, ,CFS
SHA,H,76,INFLOW,20100426,2200,22877, ,CFS
SHA,H,76,INFLOW,20100426,2300,1021, ,CFS
SHA,H,76,INFLOW,20100427,0000,5876, ,CFS
SHA,H,76,INFLOW,20100427,0100,8821, ,CFS
SHA,H,76,INFLOW,20100427,0200,15666, ,CFS
SHA,H,76,INFLOW,20100427,0300,12105, ,CFS
SHA,H,76,INFLOW,20100427,0400,15607, ,CFS
SHA,H,76,INFLOW,20100427,0500,12387, ,CFS
SHA,H,76,INFLOW,20100427,0600,12802, ,CFS
SHA,H,76,INFLOW,20100427,0700,20255, ,CFS
SHA,H,76,INFLOW,20100427,0800,8092, ,CFS
SHA,H,76,INFLOW,20100427,0900,29450, ,CFS
SHA,H,76,INFLOW,20100427,1000,16675, ,CFS
SHA,H,76,INFLOW,20100427,1100,24363, ,CFS
SHA,H,76,INFLOW,20100427,1200,14211, ,CFS
SHA,H,76,INFLOW,20100427,1300,38804, ,CFS
SHA,H,76,INFLOW,20100427,1400,3980, ,CFS
SHA,H,76,INFLOW,20100427,1500,25767, ,CFS
SHA,H,76,INFLOW,20100427,1600,14814, ,CFS
SHA,H,76,INFLOW,20100427,1700,20677, ,CFS
SHA,H,76,INFLOW,20100427,1800,6622, ,CFS
SHA,H,76,INFLOW,20100427,1900,16439, ,CFS
SHA,H,76,INFLOW,20100427,2000,18925, ,CFS
SHA,H,76,INFLOW,20100427,2100,18230, ,CFS
SHA,H,76,INFLOW,20100427,2200,17633, ,CFS
SHA,H,76,INFLOW,20100427,2300,18696, ,CFS
SHA,H,76,INFLOW,20100428,0000,13989, ,CFS
SHA,H,76,INFLOW,20100428,0100,19968, ,CFS
SHA,H,76,INFLOW,20100428,0200,8329, ,CFS
SHA,H,76,INFLOW,20100428,0300,12034, ,CFS
SHA,H,76,INFLOW,20100428,0400,15822, ,CFS
SHA,H,76,INFLOW,20100428,0500,8922, ,CFS
SHA,H,76,INFLOW,20100428,0600,9374, ,CFS
SHA,H,76,INFLOW,20100428,0700,14847, ,CFS
SHA,H,76,INFLOW,20100428,0800,11913, ,CFS
SHA,H,76,INFLOW,20100428,0900,15269, ,CFS
SHA,H,76,INFLOW,20100428,1000,22315, ,CFS
SHA,H,76,INFLOW,20100428,1100,11877, ,CFS
SHA,H,76,INFLOW,20100428,1200,22747, ,CFS
SHA,H,76,INFLOW,20100428,1300,15864, ,CFS
SHA,H,76,INFLOW,20100428,1400,15793, ,CFS
SHA,H,76,INFLOW,20100428,1500,12958, ,CFS
SHA,H,76,INFLOW,20100428,1600,20420, ,CFS
SHA,H,76,INFLOW,20100428,1700,12812, ,CFS
SHA,H,76,INFLOW,20100428,1800,14097, ,CFS
SHA,H,76,INFLOW,20100428,1900,14666, ,CFS
SHA,H,76,INFLOW,20100428,2000,15198, ,CFS
SHA,H,76,INFLOW,20100428,2100,17719, ,CFS
SHA,H,76,INFLOW,20100428,2200,13523, ,CFS
SHA,H,76,INFLOW,20100428,2300,13122, ,CFS
SHA,H,76,INFLOW,20100429,0000,12541, ,CFS
SHA,H,76,INFLOW,20100429,0100,11831, ,CFS
SHA,H,76,INFLOW,20100429,0200,21933, ,CFS
SHA,H,76,INFLOW,20100429,0300,7912, ,CFS
SHA,H,76,INFLOW,20100429,0400,14968, ,CFS
SHA,H,76,INFLOW,20100429,0500,15345, ,CFS
SHA,H,76,INFLOW,20100429,0600,10135, ,CFS
SHA,H,76,INFLOW,20100429,0700,15599, ,CFS
SHA,H,76,INFLOW,20100429,0800,10132, ,CFS
SHA,H,76,INFLOW,20100429,0900,10903, ,CFS
SHA,H,76,INFLOW,20100429,1000,19512, ,CFS
SHA,H,76,INFLOW,20100429,1100,7434, ,CFS
SHA,H,76,INFLOW,20100429,1200,17336, ,CFS
SHA,H,76,INFLOW,20100429,1300,11118, ,CFS
SHA,H,76,INFLOW,20100429,1400,14922, ,CFS
SHA,H,76,INFLOW,20100429,1500,15447, ,CFS
SHA,H,76,INFLOW,20100429,1600,15357, ,CFS
SHA,H,76,INFLOW,20100429,1700,4471, ,CFS
SHA,H,76,INFLOW,20100429,1800,16342, ,CFS
SHA,H,76,INFLOW,20100429,1900,12178, ,CFS
SHA,H,76,INFLOW,20100429,2000,14413, ,CFS
SHA,H,76,INFLOW,20100429,2100,17673, ,CFS
SHA,H,76,INFLOW,20100429,2200,10542, ,CFS
SHA,H,76,INFLOW,20100429,2300,11491, ,CFS
SHA,H,76,INFLOW,20100430,0000,11154, ,CFS
SHA,H,76,INFLOW,20100430,0100,12673, ,CFS
SHA,H,76,INFLOW,20100430,0200,8214, ,CFS
SHA,H,76,INFLOW,20100430,0300,11914, ,CFS
SHA,H,76,INFLOW,20100430,0400,8210, ,CFS
SHA,H,76,INFLOW,20100430,0500,11848, ,CFS
SHA,H,76,INFLOW,20100430,0600,6583, ,CFS
SHA,H,76,INFLOW,20100430,0700,10310, ,CFS
SHA,H,76,INFLOW,20100430,0800,19667, ,CFS
SHA,H,76,INFLOW,20100430,0900,4957, ,CFS
SHA,H,76,INFLOW,20100430,1000,14854, ,CFS
SHA,H,76,INFLOW,20100430,1100,13239, ,CFS
SHA,H,76,INFLOW,20100430,1200,13051, ,CFS
SHA,H,76,INFLOW,20100430,1300,16489, ,CFS
SHA,H,76,INFLOW,20100430,1400,11636, ,CFS
SHA,H,76,INFLOW,20100430,1500,10992, ,CFS
SHA,H,76,INFLOW,20100430,1600,17152, ,CFS
SHA,H,76,INFLOW,20100430,1700,10266, ,CFS
SHA,H,76,INFLOW,20100430,1800,14726, ,CFS
SHA,H,76,INFLOW,20100430,1900,9999, ,CFS
SHA,H,76,INFLOW,20100430,2000,11032, ,CFS
SHA,H,76,INFLOW,20100430,2100,13368, ,CFS
SHA,H,76,INFLOW,20100430,2200,13400, ,CFS
SHA,H,76,INFLOW,20100430,2300,14906, ,CFS
SHA,H,76,INFLOW,20100501,0000,6802, ,CFS
SHA,H,76,INFLOW,20100501,0100,8722, ,CFS
SHA,H,76,INFLOW,20100501,0200,8643, ,CFS
SHA,H,76,INFLOW,20100501,0300,-1907, ,CFS
SHA,H,76,INFLOW,20100501,0400,12160, ,CFS
SHA,H,76,INFLOW,20100501,0500,1610, ,CFS
SHA,H,76,INFLOW,20100501,0600,5327, ,CFS
SHA,H,76,INFLOW,20100501,0700,13609, ,CFS
SHA,H,76,INFLOW,20100501,0800,-507, ,CFS
SHA,H,76,INFLOW,20100501,0900,12633, ,CFS
SHA,H,76,INFLOW,20100501,1000,7815, ,CFS
SHA,H,76,INFLOW,20100501,1100,11849, ,CFS
SHA,H,76,INFLOW,20100501,1200,12288, ,CFS
SHA,H,76,INFLOW,20100501,1300,12396, ,CFS
SHA,H,76,INFLOW,20100501,1400,16988, ,CFS
SHA,H,76,INFLOW,20100501,1500,9908, ,CFS
SHA,H,76,INFLOW,20100501,1600,13439, ,CFS
SHA,H,76,INFLOW,20100501,1700,6785, ,CFS
SHA,H,76,INFLOW,20100501,1800,13097, ,CFS
SHA,H,76,INFLOW,20100501,1900,6827, ,CFS
SHA,H,76,INFLOW,20100501,2000,22666, ,CFS
SHA,H,76,INFLOW,20100501,2100,9193, ,CFS
SHA,H,76,INFLOW,20100501,2200,15466, ,CFS
SHA,H,76,INFLOW,20100501,2300,6141, ,CFS
SHA,H,76,INFLOW,20100502,0000,9423, ,CFS
SHA,H,76,INFLOW,20100502,0100,13593, ,CFS
SHA,H,76,INFLOW,20100502,0200,12954, ,CFS
SHA,H,76,INFLOW,20100502,0300,9385, ,CFS
SHA,H,76,INFLOW,20100502,0400,9388, ,CFS
SHA,H,76,INFLOW,20100502,0500,16402, ,CFS
SHA,H,76,INFLOW,20100502,0600,12876, ,CFS
SHA,H,76,INFLOW,20100502,0700,6684, ,CFS
SHA,H,76,INFLOW,20100502,0800,12882, ,CFS
SHA,H,76,INFLOW,20100502,0900,8457, ,CFS
SHA,H,76,INFLOW,20100502,1000,9283, ,CFS
SHA,H,76,INFLOW,20100502,1100,6406, ,CFS
SHA,H,76,INFLOW,20100502,1200,13833, ,CFS
SHA,H,76,INFLOW,20100502,1300,10911, ,CFS
SHA,H,76,INFLOW,20100502,1400,10629, ,CFS
SHA,H,76,INFLOW,20100502,1500,14154, ,CFS
SHA,H,76,INFLOW,20100502,1600,14420, ,CFS
SHA,H,76,INFLOW,20100502,1700,10896, ,CFS
SHA,H,76,INFLOW,20100502,1800,14183, ,CFS
SHA,H,76,INFLOW,20100502,1900,10658, ,CFS
SHA,H,76,INFLOW,20100502,2000,14171, ,CFS
SHA,H,76,INFLOW,20100502,2100,14371, ,CFS
SHA,H,76,INFLOW,20100502,2200,10330, ,CFS
SHA,H,76,INFLOW,20100502,2300,16324, ,CFS
SHA,H,76,INFLOW,20100503,0000,8717, ,CFS
SHA,H,76,INFLOW,20100503,0100,9491, ,CFS
SHA,H,76,INFLOW,20100503,0200,8895, ,CFS
SHA,H,76,INFLOW,20100503,0300,8612, ,CFS
SHA,H,76,INFLOW,20100503,0400,8606, ,CFS
SHA,H,76,INFLOW,20100503,0500,8787, ,CFS
SHA,H,76,INFLOW,20100503,0600,9340, ,CFS
SHA,H,76,INFLOW,20100503,0700,12256, ,CFS
SHA,H,76,INFLOW,20100503,0800,5599, ,CFS
SHA,H,76,INFLOW,20100503,0900,-227, ,CFS
SHA,H,76,INFLOW,20100503,1000,16593, ,CFS
SHA,H,76,INFLOW,20100503,1100,16552, ,CFS
SHA,H,76,INFLOW,20100503,1200,11089, ,CFS
SHA,H,76,INFLOW,20100503,1300,7747, ,CFS
SHA,H,76,INFLOW,20100503,1400,11818, ,CFS
SHA,H,76,INFLOW,20100503,1500,10500, ,CFS
SHA,H,76,INFLOW,20100503,1600,10542, ,CFS
SHA,H,76,INFLOW,20100503,1700,10584, ,CFS
SHA,H,76,INFLOW,20100503,1800,14161, ,CFS
SHA,H,76,INFLOW,20100503,1900,12713, ,CFS
SHA,H,76,INFLOW,20100503,2000,5013, ,CFS
SHA,H,76,INFLOW,20100503,2100,17359, ,CFS
SHA,H,76,INFLOW,20100503,2200,9598, ,CFS
SHA,H,76,INFLOW,20100503,2300,12397, ,CFS
SHA,H,76,INFLOW,20100504,0000,11719, ,CFS
SHA,H,76,INFLOW,20100504,0100,8899, ,CFS
SHA,H,76,INFLOW,20100504,0200,12091, ,CFS
SHA,H,76,INFLOW,20100504,0300,8529, ,CFS
SHA,H,76,INFLOW,20100504,0400,8563, ,CFS
SHA,H,76,INFLOW,20100504,0500,12116, ,CFS
SHA,H,76,INFLOW,20100504,0600,5500, ,CFS
SHA,H,76,INFLOW,20100504,0700,12577, ,CFS
SHA,H,76,INFLOW,20100504,0800,-242, ,CFS
SHA,H,76,INFLOW,20100504,0900,12725, ,CFS
SHA,H,76,INFLOW,20100504,1000,8119, ,CFS
SHA,H,76,INFLOW,20100504,1100,16469, ,CFS
SHA,H,76,INFLOW,20100504,1200,4966, ,CFS
SHA,H,76,INFLOW,20100504,1300,12628, ,CFS
SHA,H,76,INFLOW,20100504,1400,12319, ,CFS
SHA,H,76,INFLOW,20100504,1500,8557, ,CFS
SHA,H,76,INFLOW,20100504,1600,8554, ,CFS
SHA,H,76,INFLOW,20100504,1700,16126, ,CFS
SHA,H,76,INFLOW,20100504,1800,8991, ,CFS
SHA,H,76,INFLOW,20100504,1900,8260, ,CFS
SHA,H,76,INFLOW,20100504,2000,13974, ,CFS
SHA,H,76,INFLOW,20100504,2100,13525, ,CFS
SHA,H,76,INFLOW,20100504,2200,12800, ,CFS
SHA,H,76,INFLOW,20100504,2300,8296, ,CFS
SHA,H,76,INFLOW,20100505,0000,12638, ,CFS
SHA,H,76,INFLOW,20100505,0100,8668, ,CFS
SHA,H,76,INFLOW,20100505,0200,8291, ,CFS
SHA,H,76,INFLOW,20100505,0300,1207, ,CFS
SHA,H,76,INFLOW,20100505,0400,15340, ,CFS
SHA,H,76,INFLOW,20100505,0500,8295, ,CFS
SHA,H,76,INFLOW,20100505,0600,8875, ,CFS
SHA,H,76,INFLOW,20100505,0700,13340, ,CFS
SHA,H,76,INFLOW,20100505,0800,10430, ,CFS
SHA,H,76,INFLOW,20100505,0900,7160, ,CFS
SHA,H,76,INFLOW,20100505,1000,11018, ,CFS
SHA,H,76,INFLOW,20100505,1100,15413, ,CFS
SHA,H,76,INFLOW,20100505,1200,6905, ,CFS
SHA,H,76,INFLOW,20100505,1300,13816, ,CFS
SHA,H,76,INFLOW,20100505,1400,5156, ,CFS
SHA,H,76,INFLOW,20100505,1500,16304, ,CFS
SHA,H,76,INFLOW,20100505,1600,12750, ,CFS
SHA,H,76,INFLOW,20100505,1700,12660, ,CFS
SHA,H,76,INFLOW,20100505,1800,8761, ,CFS
SHA,H,76,INFLOW,20100505,1900,5492, ,CFS
SHA,H,76,INFLOW,20100505,2000,5196, ,CFS
SHA,H,76,INFLOW,20100505,2100,19346, ,CFS
SHA,H,76,INFLOW,20100505,2200,11473, ,CFS
SHA,H,76,INFLOW,20100505,2300,11340, ,CFS
SHA,H,76,INFLOW,20100506,0000,8849, ,CFS
SHA,H,76,INFLOW,20100506,0100,5566, ,CFS
SHA,H,76,INFLOW,20100506,0200,11768, ,CFS
SHA,H,76,INFLOW,20100506,0300,4946, ,CFS
SHA,H,76,INFLOW,20100506,0400,8508, ,CFS
SHA,H,76,INFLOW,20100506,0500,5670, ,CFS
SHA,H,76,INFLOW,20100506,0600,9430, ,CFS
SHA,H,76,INFLOW,20100506,0700,11971, ,CFS
SHA,H,76,INFLOW,20100506,0800,5426, ,CFS
SHA,H,76,INFLOW,20100506,0900,5544, ,CFS
SHA,H,76,INFLOW,20100506,1000,7379, ,CFS
SHA,H,76,INFLOW,20100506,1100,9617, ,CFS
SHA,H,76,INFLOW,20100506,1200,9950, ,CFS
SHA,H,76,INFLOW,20100506,1300,10473, ,CFS
SHA,H,76,INFLOW,20100506,1400,11201, ,CFS
SHA,H,76,INFLOW,20100506,1500,14772, ,CFS
SHA,H,76,INFLOW,20100506,1600,7699, ,CFS
SHA,H,76,INFLOW,20100506,1700,14262, ,CFS
SHA,H,76,INFLOW,20100506,1800,9918, ,CFS
SHA,H,76,INFLOW,20100506,1900,12199, ,CFS
SHA,H,76,INFLOW,20100506,2000,9115, ,CFS
SHA,H,76,INFLOW,20100506,2100,13036, ,CFS
SHA,H,76,INFLOW,20100506,2200,12307, ,CFS
SHA,H,76,INFLOW,20100506,2300,16555, ,CFS
SHA,H,76,INFLOW,20100507,0000,-1567, ,CFS
SHA,H,76,INFLOW,20100507,0100,9752, ,CFS
SHA,H,76,INFLOW,20100507,0200,8093, ,CFS
SHA,H,76,INFLOW,20100507,0300,318, ,CFS
SHA,H,76,INFLOW,20100507,0400,14430, ,CFS
SHA,H,76,INFLOW,20100507,0500,4508, ,CFS
SHA,H,76,INFLOW,20100507,0600,2859, ,CFS
SHA,H,76,INFLOW,20100507,0700,11420, ,CFS
SHA,H,76,INFLOW,20100507,0800,4529, ,CFS
SHA,H,76,INFLOW,20100507,0900,11353, ,CFS
SHA,H,76,INFLOW,20100507,1000,9879, ,CFS
SHA,H,76,INFLOW,20100507,1100,6600, ,CFS
SHA,H,76,INFLOW,20100507,1200,10409, ,CFS
SHA,H,76,INFLOW,20100507,1300,10327, ,CFS
SHA,H,76,INFLOW,20100507,1400,14032, ,CFS
SHA,H,76,INFLOW,20100507,1500,12796, ,CFS
SHA,H,76,INFLOW,20100507,1600,5597, ,CFS
SHA,H,76,INFLOW,20100507,1700,12073, ,CFS
SHA,H,76,INFLOW,20100507,1800,7820, ,CFS
SHA,H,76,INFLOW,20100507,1900,13318, ,CFS
SHA,H,76,INFLOW,20100507,2000,9445, ,CFS
SHA,H,76,INFLOW,20100507,2100,10442, ,CFS
SHA,H,76,INFLOW,20100507,2200,9161, ,CFS
SHA,H,76,INFLOW,20100507,2300,12216, ,CFS
SHA,H,76,INFLOW,20100508,0000,8798, ,CFS
SHA,H,76,INFLOW,20100508,0100,204, ,CFS
SHA,H,76,INFLOW,20100508,0200,10449, ,CFS
SHA,H,76,INFLOW,20100508,0300,6860, ,CFS
SHA,H,76,INFLOW,20100508,0400,6885, ,CFS
SHA,H,76,INFLOW,20100508,0500,6872, ,CFS
SHA,H,76,INFLOW,20100508,0600,3335, ,CFS
SHA,H,76,INFLOW,20100508,0700,3937, ,CFS
SHA,H,76,INFLOW,20100508,0800,10185, ,CFS
SHA,H,76,INFLOW,20100508,0900,7677, ,CFS
SHA,H,76,INFLOW,20100508,1000,7361, ,CFS
SHA,H,76,INFLOW,20100508,1100,17882, ,CFS
SHA,H,76,INFLOW,20100508,1200,5600, ,CFS
SHA,H,76,INFLOW,20100508,1300,12118, ,CFS
SHA,H,76,INFLOW,20100508,1400,12569, ,CFS
SHA,H,76,INFLOW,20100508,1500,9086, ,CFS
SHA,H,76,INFLOW,20100508,1600,12735, ,CFS
SHA,H,76,INFLOW,20100508,1700,9198, ,CFS
SHA,H,76,INFLOW,20100508,1800,8745, ,CFS
SHA,H,76,INFLOW,20100508,1900,12051, ,CFS
SHA,H,76,INFLOW,20100508,2000,12023, ,CFS
SHA,H,76,INFLOW,20100508,2100,8937, ,CFS
SHA,H,76,INFLOW,20100508,2200,12362, ,CFS
SHA,H,76,INFLOW,20100508,2300,8878, ,CFS
SHA,H,76,INFLOW,20100509,0000,16547, ,CFS
SHA,H,76,INFLOW,20100509,0100,7218, ,CFS
SHA,H,76,INFLOW,20100509,0200,6470, ,CFS
SHA,H,76,INFLOW,20100509,0300,2670, ,CFS
SHA,H,76,INFLOW,20100509,0400,6208, ,CFS
SHA,H,76,INFLOW,20100509,0500,6216, ,CFS
SHA,H,76,INFLOW,20100509,0600,3044, ,CFS
SHA,H,76,INFLOW,20100509,0700,7762, ,CFS
SHA,H,76,INFLOW,20100509,0800,5695, ,CFS
SHA,H,76,INFLOW,20100509,0900,15143, ,CFS
SHA,H,76,INFLOW,20100509,1000,5889, ,CFS
SHA,H,76,INFLOW,20100509,1100,9846, ,CFS
SHA,H,76,INFLOW,20100509,1200,5149, ,CFS
SHA,H,76,INFLOW,20100509,1300,15975, ,CFS
SHA,H,76,INFLOW,20100509,1400,12430, ,CFS
SHA,H,76,INFLOW,20100509,1500,12768, ,CFS
SHA,H,76,INFLOW,20100509,1600,9373, ,CFS
SHA,H,76,INFLOW,20100509,1700,9497, ,CFS
SHA,H,76,INFLOW,20100509,1800,9439, ,CFS
SHA,H,76,INFLOW,20100509,1900,8926, ,CFS
SHA,H,76,INFLOW,20100509,2000,11731, ,CFS
SHA,H,76,INFLOW,20100509,2100,15505, ,CFS
SHA,H,76,INFLOW,20100509,2200,11758, ,CFS
SHA,H,76,INFLOW,20100509,2300,10849, ,CFS
SHA,H,76,INFLOW,20100510,0000,5220, ,CFS
SHA,H,76,INFLOW,20100510,0100,2537, ,CFS
SHA,H,76,INFLOW,20100510,0200,9225, ,CFS
SHA,H,76,INFLOW,20100510,0300,5733, ,CFS
SHA,H,76,INFLOW,20100510,0400,5662, ,CFS
SHA,H,76,INFLOW,20100510,0500,12871, ,CFS
SHA,H,76,INFLOW,20100510,0600,3134, ,CFS
SHA,H,76,INFLOW,20100510,0700,6164, ,CFS
SHA,H,76,INFLOW,20100510,0800,17813, ,CFS
SHA,H,76,INFLOW,20100510,0900,11425, ,CFS
SHA,H,76,INFLOW,20100510,1000,16727, ,CFS
SHA,H,76,INFLOW,20100510,1100,21216, ,CFS
SHA,H,76,INFLOW,20100510,1200,16695, ,CFS
SHA,H,76,INFLOW,20100510,1300,31177, ,CFS
SHA,H,76,INFLOW,20100510,1400,-1202, ,CFS
SHA,H,76,INFLOW,20100510,1500,20058, ,CFS
SHA,H,76,INFLOW,20100510,1600,9584, ,CFS
SHA,H,76,INFLOW,20100510,1700,12460, ,CFS
SHA,H,76,INFLOW,20100510,1800,11818, ,CFS
SHA,H,76,INFLOW,20100510,1900,7853, ,CFS
SHA,H,76,INFLOW,20100510,2000,11955, ,CFS
SHA,H,76,INFLOW,20100510,2100,8843, ,CFS
SHA,H,76,INFLOW,20100510,2200,13503, ,CFS
SHA,H,76,INFLOW,20100510,2300,18728, ,CFS
SHA,H,76,INFLOW,20100511,0000,4440, ,CFS
SHA,H,76,INFLOW,20100511,0100,11035, ,CFS
SHA,H,76,INFLOW,20100511,0200,10343, ,CFS
SHA,H,76,INFLOW,20100511,0300,6521, ,CFS
SHA,H,76,INFLOW,20100511,0400,10198, ,CFS
SHA,H,76,INFLOW,20100511,0500,6864, ,CFS
SHA,H,76,INFLOW,20100511,0600,4445, ,CFS
SHA,H,76,INFLOW,20100511,0700,14151, ,CFS
SHA,H,76,INFLOW,20100511,0800,9150, ,CFS
SHA,H,76,INFLOW,20100511,0900,4562, ,CFS
SHA,H,76,INFLOW,20100511,1000,12618, ,CFS
SHA,H,76,INFLOW,20100511,1100,13365, ,CFS
SHA,H,76,INFLOW,20100511,1200,9238, ,CFS
SHA,H,76,INFLOW,20100511,1300,16577, ,CFS
SHA,H,76,INFLOW,20100511,1400,5612, ,CFS
SHA,H,76,INFLOW,20100511,1500,12745, ,CFS
SHA,H,76,INFLOW,20100511,1600,8648, ,CFS
SHA,H,76,INFLOW,20100511,1700,8659, ,CFS
SHA,H,76,INFLOW,20100511,1800,14942, ,CFS
SHA,H,76,INFLOW,20100511,1900,12940, ,CFS
SHA,H,76,INFLOW,20100511,2000,9244, ,CFS
SHA,H,76,INFLOW,20100511,2100,18112, ,CFS
SHA,H,76,INFLOW,20100511,2200,10057, ,CFS
SHA,H,76,INFLOW,20100511,2300,16472, ,CFS
SHA,H,76,INFLOW,20100512,0000,5391, ,CFS
SHA,H,76,INFLOW,20100512,0100,6111, ,CFS
SHA,H,76,INFLOW,20100512,0200,9638, ,CFS
SHA,H,76,INFLOW,20100512,0300,-1140, ,CFS
SHA,H,76,INFLOW,20100512,0400,13036, ,CFS
SHA,H,76,INFLOW,20100512,0500,6143, ,CFS
SHA,H,76,INFLOW,20100512,0600,3301, ,CFS
SHA,H,76,INFLOW,20100512,0700,13561, ,CFS
SHA,H,76,INFLOW,20100512,0800,5232, ,CFS
SHA,H,76,INFLOW,20100512,0900,11924, ,CFS
SHA,H,76,INFLOW,20100512,1000,15296, ,CFS
SHA,H,76,INFLOW,20100512,1100,5289, ,CFS
SHA,H,76,INFLOW,20100512,1200,12452, ,CFS
SHA,H,76,INFLOW,20100512,1300,8533, ,CFS
SHA,H,76,INFLOW,20100512,1400,8733, ,CFS
SHA,H,76,INFLOW,20100512,1500,15466, ,CFS
SHA,H,76,INFLOW,20100512,1600,11583, ,CFS
SHA,H,76,INFLOW,20100512,1700,8238, ,CFS
SHA,H,76,INFLOW,20100512,1800,8253, ,CFS
SHA,H,76,INFLOW,20100512,1900,8286, ,CFS
SHA,H,76,INFLOW,20100512,2000,12424, ,CFS
SHA,H,76,INFLOW,20100512,2100,13349, ,CFS
SHA,H,76,INFLOW,20100512,2200,12913, ,CFS
SHA,H,76,INFLOW,20100512,2300,8227, ,CFS
SHA,H,76,INFLOW,20100513,0000,5316, ,CFS
SHA,H,76,INFLOW,20100513,0100,1534, ,CFS
SHA,H,76,INFLOW,20100513,0200,15485, ,CFS
SHA,H,76,INFLOW,20100513,0300,4784, ,CFS
SHA,H,76,INFLOW,20100513,0400,4733, ,CFS
SHA,H,76,INFLOW,20100513,0500,12022, ,CFS
SHA,H,76,INFLOW,20100513,0600,5102, ,CFS
SHA,H,76,INFLOW,20100513,0700,6632, ,CFS
SHA,H,76,INFLOW,20100513,0800,12873, ,CFS
SHA,H,76,INFLOW,20100513,0900,7482, ,CFS
SHA,H,76,INFLOW,20100513,1000,11837, ,CFS
SHA,H,76,INFLOW,20100513,1100,6042, ,CFS
SHA,H,76,INFLOW,20100513,1200,10628, ,CFS
SHA,H,76,INFLOW,20100513,1300,9971, ,CFS
SHA,H,76,INFLOW,20100513,1400,9952, ,CFS
SHA,H,76,INFLOW,20100513,1500,12593, ,CFS
SHA,H,76,INFLOW,20100513,1600,8612, ,CFS
SHA,H,76,INFLOW,20100513,1700,11397, ,CFS
SHA,H,76,INFLOW,20100513,1800,8976, ,CFS
SHA,H,76,INFLOW,20100513,1900,12138, ,CFS
SHA,H,76,INFLOW,20100513,2000,9479, ,CFS
SHA,H,76,INFLOW,20100513,2100,13385, ,CFS
SHA,H,76,INFLOW,20100513,2200,12977, ,CFS
SHA,H,76,INFLOW,20100513,2300,11153, ,CFS
SHA,H,76,INFLOW,20100514,0000,7604, ,CFS
SHA,H,76,INFLOW,20100514,0100,5755, ,CFS
SHA,H,76,INFLOW,20100514,0200,15286, ,CFS
SHA,H,76,INFLOW,20100514,0300,768, ,CFS
SHA,H,76,INFLOW,20100514,0400,11795, ,CFS
SHA,H,76,INFLOW,20100514,0500,4903, ,CFS
SHA,H,76,INFLOW,20100514,0600,6293, ,CFS
SHA,H,76,INFLOW,20100514,0700,7096, ,CFS
SHA,H,76,INFLOW,20100514,0800,12121, ,CFS
SHA,H,76,INFLOW,20100514,0900,5180, ,CFS
SHA,H,76,INFLOW,20100514,1000,12896, ,CFS
SHA,H,76,INFLOW,20100514,1100,9661, ,CFS
SHA,H,76,INFLOW,20100514,1200,10470, ,CFS
SHA,H,76,INFLOW,20100514,1300,13984, ,CFS
SHA,H,76,INFLOW,20100514,1400,14176, ,CFS
SHA,H,76,INFLOW,20100514,1500,7440, ,CFS
SHA,H,76,INFLOW,20100514,1600,7874, ,CFS
SHA,H,76,INFLOW,20100514,1700,15096, ,CFS
SHA,H,76,INFLOW,20100514,1800,7329, ,CFS
SHA,H,76,INFLOW,20100514,1900,14373, ,CFS
SHA,H,76,INFLOW,20100514,2000,10575, ,CFS
SHA,H,76,INFLOW,20100514,2100,10698, ,CFS
SHA,H,76,INFLOW,20100514,2200,13931, ,CFS
SHA,H,76,INFLOW,20100514,2300,15761, ,CFS
SHA,H,76,INFLOW,20100515,0000,7749, ,CFS
SHA,H,76,INFLOW,20100515,0100,9368, ,CFS
SHA,H,76,INFLOW,20100515,0200,8857, ,CFS
SHA,H,76,INFLOW,20100515,0300,8739, ,CFS
SHA,H,76,INFLOW,20100515,0400,9164, ,CFS
SHA,H,76,INFLOW,20100515,0500,5822, ,CFS
SHA,H,76,INFLOW,20100515,0600,8022, ,CFS
SHA,H,76,INFLOW,20100515,0700,5688, ,CFS
SHA,H,76,INFLOW,20100515,0800,12963, ,CFS
SHA,H,76,INFLOW,20100515,0900,10359, ,CFS
SHA,H,76,INFLOW,20100515,1000,13551, ,CFS
SHA,H,76,INFLOW,20100515,1100,6502, ,CFS
SHA,H,76,INFLOW,20100515,1200,15385, ,CFS
SHA,H,76,INFLOW,20100515,1300,11953, ,CFS
SHA,H,76,INFLOW,20100515,1400,15864, ,CFS
SHA,H,76,INFLOW,20100515,1500,8713, ,CFS
SHA,H,76,INFLOW,20100515,1600,15719, ,CFS
SHA,H,76,INFLOW,20100515,1700,12129, ,CFS
SHA,H,76,INFLOW,20100515,1800,9200, ,CFS
SHA,H,76,INFLOW,20100515,1900,13005, ,CFS
SHA,H,76,INFLOW,20100515,2000,10478, ,CFS
SHA,H,76,INFLOW,20100515,2100,14779, ,CFS
SHA,H,76,INFLOW,20100515,2200,11039, ,CFS
SHA,H,76,INFLOW,20100515,2300,10231, ,CFS
SHA,H,76,INFLOW,20100516,0000,2989, ,CFS
SHA,H,76,INFLOW,20100516,0100,10769, ,CFS
SHA,H,76,INFLOW,20100516,0200,6664, ,CFS
SHA,H,76,INFLOW,20100516,0300,10150, ,CFS
SHA,H,76,INFLOW,20100516,0400,3064, ,CFS
SHA,H,76,INFLOW,20100516,0500,6682, ,CFS
SHA,H,76,INFLOW,20100516,0600,6871, ,CFS
SHA,H,76,INFLOW,20100516,0700,739, ,CFS
SHA,H,76,INFLOW,20100516,0800,12179, ,CFS
SHA,H,76,INFLOW,20100516,0900,9317, ,CFS
SHA,H,76,INFLOW,20100516,1000,11398, ,CFS
SHA,H,76,INFLOW,20100516,1100,11545, ,CFS
SHA,H,76,INFLOW,20100516,1200,11174, ,CFS
SHA,H,76,INFLOW,20100516,1300,11004, ,CFS
SHA,H,76,INFLOW,20100516,1400,11043, ,CFS
SHA,H,76,INFLOW,20100516,1500,11022, ,CFS
SHA,H,76,INFLOW,20100516,1600,11134, ,CFS
SHA,H,76,INFLOW,20100516,1700,11132, ,CFS
SHA,H,76,INFLOW,20100516,1800,11084, ,CFS
SHA,H,76,INFLOW,20100516,1900,8935, ,CFS
SHA,H,76,INFLOW,20100516,2000,11938, ,CFS
SHA,H,76,INFLOW,20100516,2100,12441, ,CFS
SHA,H,76,INFLOW,20100516,2200,9568, ,CFS
SHA,H,76,INFLOW,20100516,2300,6481, ,CFS
SHA,H,76,INFLOW,20100517,0000,4708, ,CFS
SHA,H,76,INFLOW,20100517,0100,7155, ,CFS
SHA,H,76,INFLOW,20100517,0200,7139, ,CFS
SHA,H,76,INFLOW,20100517,0300,6243, ,CFS
SHA,H,76,INFLOW,20100517,0400,6058, ,CFS
SHA,H,76,INFLOW,20100517,0500,6267, ,CFS
SHA,H,76,INFLOW,20100517,0600,7039, ,CFS
SHA,H,76,INFLOW,20100517,0700,7288, ,CFS
SHA,H,76,INFLOW,20100517,0800,7542, ,CFS
SHA,H,76,INFLOW,20100517,0900,7553, ,CFS
SHA,H,76,INFLOW,20100517,1000,7553, ,CFS
SHA,H,76,INFLOW,20100517,1100,7553, ,CFS
SHA,H,76,INFLOW,20100517,1200,3630, ,CFS
SHA,H,76,INFLOW,20100517,1300,3630, ,CFS
SHA,H,76,INFLOW,20100517,1400,3630, ,CFS
SHA,H,76,INFLOW,20100517,1500,3630, ,CFS
SHA,H,76,INFLOW,20100517,1600,7992, ,CFS
SHA,H,76,INFLOW,20100517,1700,5909, ,CFS
SHA,H,76,INFLOW,20100517,1800,7557, ,CFS
SHA,H,76,INFLOW,20100517,1900,7545, ,CFS
SHA,H,76,INFLOW,20100517,2000,7554, ,CFS
SHA,H,76,INFLOW,20100517,2100,7545, ,CFS
SHA,H,76,INFLOW,20100517,2200,7543, ,CFS
SHA,H,76,INFLOW,20100517,2300,7545, ,CFS
SHA,H,76,INFLOW,20100518,0000,7451, ,CFS
SHA,H,76,INFLOW,20100518,0100,7486, ,CFS
SHA,H,76,INFLOW,20100518,0200,7446, ,CFS
SHA,H,76,INFLOW,20100518,0300,7380, ,CFS
SHA,H,76,INFLOW,20100518,0400,7184, ,CFS
SHA,H,76,INFLOW,20100518,0500,7318, ,CFS
SHA,H,76,INFLOW,20100518,0600,7508, ,CFS
SHA,H,76,INFLOW,20100518,0700,7321, ,CFS
SHA,H,76,INFLOW,20100518,0800,7144, ,CFS
SHA,H,76,INFLOW,20100518,0900,7210, ,CFS
SHA,H,76,INFLOW,20100518,1000,114514, ,CFS
SHA,H,76,INFLOW,20100518,1100,7549, ,CFS
SHA,H,76,INFLOW,20100518,1200,11146, ,CFS
SHA,H,76,INFLOW,20100518,1300,11145, ,CFS
SHA,H,76,INFLOW,20100518,1400,7557, ,CFS
SHA,H,76,INFLOW,20100518,1500,14730, ,CFS
SHA,H,76,INFLOW,20100518,1600,11167, ,CFS
SHA,H,76,INFLOW,20100518,1700,11130, ,CFS
SHA,H,76,INFLOW,20100518,1800,7351, ,CFS
SHA,H,76,INFLOW,20100518,1900,10945, ,CFS
SHA,H,76,INFLOW,20100518,2000,10924, ,CFS
SHA,H,76,INFLOW,20100518,2100,10947, ,CFS
SHA,H,76,INFLOW,20100518,2200,7343, ,CFS
SHA,H,76,INFLOW,20100518,2300,10802, ,CFS
SHA,H,76,INFLOW,20100519,0000,6409, ,CFS
SHA,H,76,INFLOW,20100519,0100,7828, ,CFS
SHA,H,76,INFLOW,20100519,0200,7474, ,CFS
SHA,H,76,INFLOW,20100519,0300,3666, ,CFS
SHA,H,76,INFLOW,20100519,0400,6881, ,CFS
SHA,H,76,INFLOW,20100519,0500,3309, ,CFS
SHA,H,76,INFLOW,20100519,0600,176, ,CFS
SHA,H,76,INFLOW,20100519,0700,12775, ,CFS
SHA,H,76,INFLOW,20100519,0800,4890, ,CFS
SHA,H,76,INFLOW,20100519,0900,2372, ,CFS
SHA,H,76,INFLOW,20100519,1000,13166, ,CFS
SHA,H,76,INFLOW,20100519,1100,2624, ,CFS
SHA,H,76,INFLOW,20100519,1200,16930, ,CFS
SHA,H,76,INFLOW,20100519,1300,13085, ,CFS
SHA,H,76,INFLOW,20100519,1400,4960, ,CFS
SHA,H,76,INFLOW,20100519,1500,26257, ,CFS
SHA,H,76,INFLOW,20100519,1600,8217, ,CFS
SHA,H,76,INFLOW,20100519,1700,4994, ,CFS
SHA,H,76,INFLOW,20100519,1800,15510, ,CFS
SHA,H,76,INFLOW,20100519,1900,7510, ,CFS
SHA,H,76,INFLOW,20100519,2000,16554, ,CFS
SHA,H,76,INFLOW,20100519,2100,10389, ,CFS
SHA,H,76,INFLOW,20100519,2200,10337, ,CFS
SHA,H,76,INFLOW,20100519,2300,11233, ,CFS
SHA,H,76,INFLOW,20100520,0000,9061, ,CFS
SHA,H,76,INFLOW,20100520,0100,9773, ,CFS
SHA,H,76,INFLOW,20100520,0200,9305, ,CFS
SHA,H,76,INFLOW,20100520,0300,-1502, ,CFS
SHA,H,76,INFLOW,20100520,0400,8937, ,CFS
SHA,H,76,INFLOW,20100520,0500,9076, ,CFS
SHA,H,76,INFLOW,20100520,0600,-909, ,CFS
SHA,H,76,INFLOW,20100520,0700,14337, ,CFS
SHA,H,76,INFLOW,20100520,0800,7442, ,CFS
SHA,H,76,INFLOW,20100520,0900,7453, ,CFS
SHA,H,76,INFLOW,20100520,1000,11037, ,CFS
SHA,H,76,INFLOW,20100520,1100,7169, ,CFS
SHA,H,76,INFLOW,20100520,1200,10725, ,CFS
SHA,H,76,INFLOW,20100520,1300,7379, ,CFS
SHA,H,76,INFLOW,20100520,1400,10939, ,CFS
SHA,H,76,INFLOW,20100520,1500,14538, ,CFS
SHA,H,76,INFLOW,20100520,1600,10929, ,CFS
SHA,H,76,INFLOW,20100520,1700,10933, ,CFS
SHA,H,76,INFLOW,20100520,1800,14536, ,CFS
SHA,H,76,INFLOW,20100520,1900,3785, ,CFS
SHA,H,76,INFLOW,20100520,2000,10409, ,CFS
SHA,H,76,INFLOW,20100520,2100,14105, ,CFS
SHA,H,76,INFLOW,20100520,2200,14527, ,CFS
SHA,H,76,INFLOW,20100520,2300,7368, ,CFS
SHA,H,76,INFLOW,20100521,0000,7387, ,CFS
SHA,H,76,INFLOW,20100521,0100,7372, ,CFS
SHA,H,76,INFLOW,20100521,0200,3771, ,CFS
SHA,H,76,INFLOW,20100521,0300,10862, ,CFS
SHA,H,76,INFLOW,20100521,0400,19, ,CFS
SHA,H,76,INFLOW,20100521,0500,3766, ,CFS
SHA,H,76,INFLOW,20100521,0600,3749, ,CFS
SHA,H,76,INFLOW,20100521,0700,7195, ,CFS
SHA,H,76,INFLOW,20100521,0800,7130, ,CFS
SHA,H,76,INFLOW,20100521,0900,10810, ,CFS
SHA,H,76,INFLOW,20100521,1000,10959, ,CFS
SHA,H,76,INFLOW,20100521,1100,7385, ,CFS
SHA,H,76,INFLOW,20100521,1200,3783, ,CFS
SHA,H,76,INFLOW,20100521,1300,14546, ,CFS
SHA,H,76,INFLOW,20100521,1400,7395, ,CFS
SHA,H,76,INFLOW,20100521,1500,17972, ,CFS
SHA,H,76,INFLOW,20100521,1600,14299, ,CFS
SHA,H,76,INFLOW,20100521,1700,14325, ,CFS
SHA,H,76,INFLOW,20100521,1800,3755, ,CFS
SHA,H,76,INFLOW,20100521,1900,14517, ,CFS
SHA,H,76,INFLOW,20100521,2000,3934, ,CFS
SHA,H,76,INFLOW,20100521,2100,14758, ,CFS
SHA,H,76,INFLOW,20100521,2200,7790, ,CFS
SHA,H,76,INFLOW,20100521,2300,14807, ,CFS
SHA,H,76,INFLOW,20100522,0000,7546, ,CFS
SHA,H,76,INFLOW,20100522,0100,5968, ,CFS
SHA,H,76,INFLOW,20100522,0200,9088, ,CFS
SHA,H,76,INFLOW,20100522,0300,5461, ,CFS
SHA,H,76,INFLOW,20100522,0400,5466, ,CFS
SHA,H,76,INFLOW,20100522,0500,9070, ,CFS
SHA,H,76,INFLOW,20100522,0600,5646, ,CFS
SHA,H,76,INFLOW,20100522,0700,5693, ,CFS
SHA,H,76,INFLOW,20100522,0800,8091, ,CFS
SHA,H,76,INFLOW,20100522,0900,3239, ,CFS
SHA,H,76,INFLOW,20100522,1000,12754, ,CFS
SHA,H,76,INFLOW,20100522,1100,5556, ,CFS
SHA,H,76,INFLOW,20100522,1200,9202, ,CFS
SHA,H,76,INFLOW,20100522,1300,13249, ,CFS
SHA,H,76,INFLOW,20100522,1400,12796, ,CFS
SHA,H,76,INFLOW,20100522,1500,7902, ,CFS
SHA,H,76,INFLOW,20100522,1600,11252, ,CFS
SHA,H,76,INFLOW,20100522,1700,11627, ,CFS
SHA,H,76,INFLOW,20100522,1800,8056, ,CFS
SHA,H,76,INFLOW,20100522,1900,11712, ,CFS
SHA,H,76,INFLOW,20100522,2000,10289, ,CFS
SHA,H,76,INFLOW,20100522,2100,14553, ,CFS
SHA,H,76,INFLOW,20100522,2200,7459, ,CFS
SHA,H,76,INFLOW,20100522,2300,14627, ,CFS
SHA,H,76,INFLOW,20100523,0000,5008, ,CFS
SHA,H,76,INFLOW,20100523,0100,6558, ,CFS
SHA,H,76,INFLOW,20100523,0200,8074, ,CFS
SHA,H,76,INFLOW,20100523,0300,-3324, ,CFS
SHA,H,76,INFLOW,20100523,0400,11017, ,CFS
SHA,H,76,INFLOW,20100523,0500,4047, ,CFS
SHA,H,76,INFLOW,20100523,0600,4328, ,CFS
SHA,H,76,INFLOW,20100523,0700,8919, ,CFS
SHA,H,76,INFLOW,20100523,0800,3338, ,CFS
SHA,H,76,INFLOW,20100523,0900,2438, ,CFS
SHA,H,76,INFLOW,20100523,1000,11764, ,CFS
SHA,H,76,INFLOW,20100523,1100,50, ,CFS
SHA,H,76,INFLOW,20100523,1200,3751, ,CFS
SHA,H,76,INFLOW,20100523,1300,14547, ,CFS
SHA,H,76,INFLOW,20100523,1400,7691, ,CFS
SHA,H,76,INFLOW,20100523,1500,11251, ,CFS
SHA,H,76,INFLOW,20100523,1600,3820, ,CFS
SHA,H,76,INFLOW,20100523,1700,7390, ,CFS
SHA,H,76,INFLOW,20100523,1800,12574, ,CFS
SHA,H,76,INFLOW,20100523,1900,1818, ,CFS
SHA,H,76,INFLOW,20100523,2000,12924, ,CFS
SHA,H,76,INFLOW,20100523,2100,10180, ,CFS
SHA,H,76,INFLOW,20100523,2200,6252, ,CFS
SHA,H,76,INFLOW,20100523,2300,12734, ,CFS
SHA,H,76,INFLOW,20100524,0000,7163, ,CFS
SHA,H,76,INFLOW,20100524,0100,4260, ,CFS
SHA,H,76,INFLOW,20100524,0200,10867, ,CFS
SHA,H,76,INFLOW,20100524,0300,-3472, ,CFS
SHA,H,76,INFLOW,20100524,0400,10847, ,CFS
SHA,H,76,INFLOW,20100524,0500,3688, ,CFS
SHA,H,76,INFLOW,20100524,0600,4215, ,CFS
SHA,H,76,INFLOW,20100524,0700,11847, ,CFS
SHA,H,76,INFLOW,20100524,0800,4479, ,CFS
SHA,H,76,INFLOW,20100524,0900,9209, ,CFS
SHA,H,76,INFLOW,20100524,1000,6810, ,CFS
SHA,H,76,INFLOW,20100524,1100,10904, ,CFS
SHA,H,76,INFLOW,20100524,1200,8319, ,CFS
SHA,H,76,INFLOW,20100524,1300,6889, ,CFS
SHA,H,76,INFLOW,20100524,1400,10344, ,CFS
SHA,H,76,INFLOW,20100524,1500,11416, ,CFS
SHA,H,76,INFLOW,20100524,1600,7915, ,CFS
SHA,H,76,INFLOW,20100524,1700,11116, ,CFS
SHA,H,76,INFLOW,20100524,1800,12779, ,CFS
SHA,H,76,INFLOW,20100524,1900,5495, ,CFS
SHA,H,76,INFLOW,20100524,2000,9342, ,CFS
SHA,H,76,INFLOW,20100524,2100,13411, ,CFS
SHA,H,76,INFLOW,20100524,2200,9806, ,CFS
SHA,H,76,INFLOW,20100524,2300,13204, ,CFS
SHA,H,76,INFLOW,20100525,0000,3284, ,CFS
SHA,H,76,INFLOW,20100525,0100,5077, ,CFS
SHA,H,76,INFLOW,20100525,0200,7789, ,CFS
SHA,H,76,INFLOW,20100525,0300,3763, ,CFS
SHA,H,76,INFLOW,20100525,0400,7333, ,CFS
SHA,H,76,INFLOW,20100525,0500,7593, ,CFS
SHA,H,76,INFLOW,20100525,0600,8649, ,CFS
SHA,H,76,INFLOW,20100525,0700,6100, ,CFS
SHA,H,76,INFLOW,20100525,0800,8947, ,CFS
SHA,H,76,INFLOW,20100525,0900,8299, ,CFS
SHA,H,76,INFLOW,20100525,1000,13648, ,CFS
SHA,H,76,INFLOW,20100525,1100,3670, ,CFS
SHA,H,76,INFLOW,20100525,1200,7731, ,CFS
SHA,H,76,INFLOW,20100525,1300,10978, ,CFS
SHA,H,76,INFLOW,20100525,1400,3821, ,CFS
SHA,H,76,INFLOW,20100525,1500,14528, ,CFS
SHA,H,76,INFLOW,20100525,1600,2404, ,CFS
SHA,H,76,INFLOW,20100525,1700,23381, ,CFS
SHA,H,76,INFLOW,20100525,1800,14889, ,CFS
SHA,H,76,INFLOW,20100525,1900,10913, ,CFS
SHA,H,76,INFLOW,20100525,2000,7592, ,CFS
SHA,H,76,INFLOW,20100525,2100,9231, ,CFS
SHA,H,76,INFLOW,20100525,2200,12319, ,CFS
SHA,H,76,INFLOW,20100525,2300,15413, ,CFS
SHA,H,76,INFLOW,20100526,0000,14411, ,CFS
SHA,H,76,INFLOW,20100526,0100,1690, ,CFS
SHA,H,76,INFLOW,20100526,0200,15126, ,CFS
SHA,H,76,INFLOW,20100526,0300,8372, ,CFS
SHA,H,76,INFLOW,20100526,0400,4735, ,CFS
SHA,H,76,INFLOW,20100526,0500,8635, ,CFS
SHA,H,76,INFLOW,20100526,0600,2326, ,CFS
SHA,H,76,INFLOW,20100526,0700,3213, ,CFS
SHA,H,76,INFLOW,20100526,0800,13700, ,CFS
SHA,H,76,INFLOW,20100526,0900,8659, ,CFS
SHA,H,76,INFLOW,20100526,1000,10682, ,CFS
SHA,H,76,INFLOW,20100526,1100,11754, ,CFS
SHA,H,76,INFLOW,20100526,1200,10035, ,CFS
SHA,H,76,INFLOW,20100526,1300,13833, ,CFS
SHA,H,76,INFLOW,20100526,1400,9666, ,CFS
SHA,H,76,INFLOW,20100526,1500,11137, ,CFS
SHA,H,76,INFLOW,20100526,1600,10875, ,CFS
SHA,H,76,INFLOW,20100526,1700,12434, ,CFS
SHA,H,76,INFLOW,20100526,1800,11266, ,CFS
SHA,H,76,INFLOW,20100526,1900,10713, ,CFS
SHA,H,76,INFLOW,20100526,2000,12512, ,CFS
SHA,H,76,INFLOW,20100526,2100,14844, ,CFS
SHA,H,76,INFLOW,20100526,2200,6401, ,CFS
SHA,H,76,INFLOW,20100526,2300,14535, ,CFS
SHA,H,76,INFLOW,20100527,0000,3749, ,CFS
SHA,H,76,INFLOW,20100527,0100,4647, ,CFS
SHA,H,76,INFLOW,20100527,0200,7541, ,CFS
SHA,H,76,INFLOW,20100527,0300,7324, ,CFS
SHA,H,76,INFLOW,20100527,0400,73, ,CFS
SHA,H,76,INFLOW,20100527,0500,11279, ,CFS
SHA,H,76,INFLOW,20100527,0600,327, ,CFS
SHA,H,76,INFLOW,20100527,0700,10987, ,CFS
SHA,H,76,INFLOW,20100527,0800,7265, ,CFS
SHA,H,76,INFLOW,20100527,0900,9638, ,CFS
SHA,H,76,INFLOW,20100527,1000,6271, ,CFS
SHA,H,76,INFLOW,20100527,1100,17059, ,CFS
SHA,H,76,INFLOW,20100527,1200,9985, ,CFS
SHA,H,76,INFLOW,20100527,1300,17021, ,CFS
SHA,H,76,INFLOW,20100527,1400,9848, ,CFS
SHA,H,76,INFLOW,20100527,1500,13457, ,CFS
SHA,H,76,INFLOW,20100527,1600,16985, ,CFS
SHA,H,76,INFLOW,20100527,1700,9819, ,CFS
SHA,H,76,INFLOW,20100527,1800,9902, ,CFS
SHA,H,76,INFLOW,20100527,1900,13393, ,CFS
SHA,H,76,INFLOW,20100527,2000,6421, ,CFS
SHA,H,76,INFLOW,20100527,2100,14469, ,CFS
SHA,H,76,INFLOW,20100527,2200,14805, ,CFS
SHA,H,76,INFLOW,20100527,2300,8994, ,CFS
SHA,H,76,INFLOW,20100528,0000,10921, ,CFS
SHA,H,76,INFLOW,20100528,0100,1567, ,CFS
SHA,H,76,INFLOW,20100528,0200,11022, ,CFS
SHA,H,76,INFLOW,20100528,0300,6916, ,CFS
SHA,H,76,INFLOW,20100528,0400,-288, ,CFS
SHA,H,76,INFLOW,20100528,0500,10188, ,CFS
SHA,H,76,INFLOW,20100528,0600,3710, ,CFS
SHA,H,76,INFLOW,20100528,0700,4187, ,CFS
SHA,H,76,INFLOW,20100528,0800,12837, ,CFS
SHA,H,76,INFLOW,20100528,0900,3826, ,CFS
SHA,H,76,INFLOW,20100528,1000,8305, ,CFS
SHA,H,76,INFLOW,20100528,1100,15016, ,CFS
SHA,H,76,INFLOW,20100528,1200,6167, ,CFS
SHA,H,76,INFLOW,20100528,1300,15176, ,CFS
SHA,H,76,INFLOW,20100528,1400,10469, ,CFS
SHA,H,76,INFLOW,20100528,1500,7001, ,CFS
SHA,H,76,INFLOW,20100528,1600,17877, ,CFS
SHA,H,76,INFLOW,20100528,1700,9872, ,CFS
SHA,H,76,INFLOW,20100528,1800,8900, ,CFS
SHA,H,76,INFLOW,20100528,1900,14569, ,CFS
SHA,H,76,INFLOW,20100528,2000,7535, ,CFS
SHA,H,76,INFLOW,20100528,2100,6940, ,CFS
SHA,H,76,INFLOW,20100528,2200,14020, ,CFS
SHA,H,76,INFLOW,20100528,2300,7958, ,CFS
SHA,H,76,INFLOW,20100529,0000,8395, ,CFS
SHA,H,76,INFLOW,20100529,0100,4327, ,CFS
SHA,H,76,INFLOW,20100529,0200,9870, ,CFS
SHA,H,76,INFLOW,20100529,0300,2429, ,CFS
SHA,H,76,INFLOW,20100529,0400,6014, ,CFS
SHA,H,76,INFLOW,20100529,0500,2732, ,CFS
SHA,H,76,INFLOW,20100529,0600,3857, ,CFS
SHA,H,76,INFLOW,20100529,0700,3834, ,CFS
SHA,H,76,INFLOW,20100529,0800,2554, ,CFS
SHA,H,76,INFLOW,20100529,0900,8520, ,CFS
SHA,H,76,INFLOW,20100529,1000,2407, ,CFS
SHA,H,76,INFLOW,20100529,1100,16554, ,CFS
SHA,H,76,INFLOW,20100529,1200,1712, ,CFS
SHA,H,76,INFLOW,20100529,1300,12716, ,CFS
SHA,H,76,INFLOW,20100529,1400,12927, ,CFS
SHA,H,76,INFLOW,20100529,1500,8524, ,CFS
SHA,H,76,INFLOW,20100529,1600,8622, ,CFS
SHA,H,76,INFLOW,20100529,1700,12779, ,CFS
SHA,H,76,INFLOW,20100529,1800,13157, ,CFS
SHA,H,76,INFLOW,20100529,1900,7550, ,CFS
SHA,H,76,INFLOW,20100529,2000,13396, ,CFS
SHA,H,76,INFLOW,20100529,2100,9839, ,CFS
SHA,H,76,INFLOW,20100529,2200,9795, ,CFS
SHA,H,76,INFLOW,20100529,2300,10415, ,CFS
SHA,H,76,INFLOW,20100530,0000,5318, ,CFS
SHA,H,76,INFLOW,20100530,0100,10291, ,CFS
SHA,H,76,INFLOW,20100530,0200,4881, ,CFS
SHA,H,76,INFLOW,20100530,0300,6812, ,CFS
SHA,H,76,INFLOW,20100530,0400,3141, ,CFS
SHA,H,76,INFLOW,20100530,0500,3281, ,CFS
SHA,H,76,INFLOW,20100530,0600,3094, ,CFS
SHA,H,76,INFLOW,20100530,0700,10153, ,CFS
SHA,H,76,INFLOW,20100530,0800,3358, ,CFS
SHA,H,76,INFLOW,20100530,0900,10131, ,CFS
SHA,H,76,INFLOW,20100530,1000,3852, ,CFS
SHA,H,76,INFLOW,20100530,1100,6625, ,CFS
SHA,H,76,INFLOW,20100530,1200,6987, ,CFS
SHA,H,76,INFLOW,20100530,1300,9241, ,CFS
SHA,H,76,INFLOW,20100530,1400,9573, ,CFS
SHA,H,76,INFLOW,20100530,1500,9851, ,CFS
SHA,H,76,INFLOW,20100530,1600,6830, ,CFS
SHA,H,76,INFLOW,20100530,1700,10579, ,CFS
SHA,H,76,INFLOW,20100530,1800,10351, ,CFS
SHA,H,76,INFLOW,20100530,1900,9235, ,CFS
SHA,H,76,INFLOW,20100530,2000,8903, ,CFS
SHA,H,76,INFLOW,20100530,2100,5641, ,CFS
SHA,H,76,INFLOW,20100530,2200,17187, ,CFS
SHA,H,76,INFLOW,20100530,2300,6418, ,CFS
SHA,H,76,INFLOW,20100531,0000,6551, ,CFS
SHA,H,76,INFLOW,20100531,0100,6860, ,CFS
SHA,H,76,INFLOW,20100531,0200,6857, ,CFS
SHA,H,76,INFLOW,20100531,0300,3237, ,CFS
SHA,H,76,INFLOW,20100531,0400,6542, ,CFS
SHA,H,76,INFLOW,20100531,0500,6500, ,CFS
SHA,H,76,INFLOW,20100531,0600,2954, ,CFS
SHA,H,76,INFLOW,20100531,0700,5595, ,CFS
SHA,H,76,INFLOW,20100531,0800,3317, ,CFS
SHA,H,76,INFLOW,20100531,0900,6843, ,CFS
SHA,H,76,INFLOW,20100531,1000,13796, ,CFS
SHA,H,76,INFLOW,20100531,1100,6859, ,CFS
SHA,H,76,INFLOW,20100531,1200,6899, ,CFS
SHA,H,76,INFLOW,20100531,1300,13981, ,CFS
SHA,H,76,INFLOW,20100531,1400,6852, ,CFS
SHA,H,76,INFLOW,20100531,1500,14020, ,CFS
SHA,H,76,INFLOW,20100531,1600,10399, ,CFS
SHA,H,76,INFLOW,20100531,1700,6895, ,CFS
SHA,H,76,INFLOW,20100531,1800,10409, ,CFS
SHA,H,76,INFLOW,20100531,1900,14084, ,CFS
SHA,H,76,INFLOW,20100531,2000,7008, ,CFS
SHA,H,76,INFLOW,20100531,2100,10948, ,CFS
SHA,H,76,INFLOW,20100531,2200,10819, ,CFS
SHA,H,76,INFLOW,20100531,2300,10867, ,CFS
SHA,H,76,INFLOW,20100601,0000,6997, ,CFS
SHA,H,76,INFLOW,20100601,0100,3571, ,CFS
SHA,H,76,INFLOW,20100601,0200,10260, ,CFS
SHA,H,76,INFLOW,20100601,0300,-649, ,CFS
SHA,H,76,INFLOW,20100601,0400,10249, ,CFS
SHA,H,76,INFLOW,20100601,0500,6777, ,CFS
SHA,H,76,INFLOW,20100601,0600,-162, ,CFS
SHA,H,76,INFLOW,20100601,0700,6327, ,CFS
SHA,H,76,INFLOW,20100601,0800,6348, ,CFS
SHA,H,76,INFLOW,20100601,0900,6586, ,CFS
SHA,H,76,INFLOW,20100601,1000,6987, ,CFS
SHA,H,76,INFLOW,20100601,1100,9907, ,CFS
SHA,H,76,INFLOW,20100601,1200,10166, ,CFS
SHA,H,76,INFLOW,20100601,1300,13922, ,CFS
SHA,H,76,INFLOW,20100601,1400,6435, ,CFS
SHA,H,76,INFLOW,20100601,1500,7789, ,CFS
SHA,H,76,INFLOW,20100601,1600,14660, ,CFS
SHA,H,76,INFLOW,20100601,1700,7586, ,CFS
SHA,H,76,INFLOW,20100601,1800,11114, ,CFS
SHA,H,76,INFLOW,20100601,1900,11101, ,CFS
SHA,H,76,INFLOW,20100601,2000,7590, ,CFS
SHA,H,76,INFLOW,20100601,2100,14736, ,CFS
SHA,H,76,INFLOW,20100601,2200,2794, ,CFS
SHA,H,76,INFLOW,20100601,2300,9732, ,CFS
SHA,H,76,INFLOW,20100602,0000,5298, ,CFS
SHA,H,76,INFLOW,20100602,0100,4280, ,CFS
SHA,H,76,INFLOW,20100602,0200,10705, ,CFS
SHA,H,76,INFLOW,20100602,0300,3527, ,CFS
SHA,H,76,INFLOW,20100602,0400,7097, ,CFS
SHA,H,76,INFLOW,20100602,0500,6923, ,CFS
SHA,H,76,INFLOW,20100602,0600,4272, ,CFS
SHA,H,76,INFLOW,20100602,0700,-873, ,CFS
SHA,H,76,INFLOW,20100602,0800,16830, ,CFS
SHA,H,76,INFLOW,20100602,0900,3802, ,CFS
SHA,H,76,INFLOW,20100602,1000,5654, ,CFS
SHA,H,76,INFLOW,20100602,1100,12264, ,CFS
SHA,H,76,INFLOW,20100602,1200,7452, ,CFS
SHA,H,76,INFLOW,20100602,1300,19035, ,CFS
SHA,H,76,INFLOW,20100602,1400,8411, ,CFS
SHA,H,76,INFLOW,20100602,1500,12042, ,CFS
SHA,H,76,INFLOW,20100602,1600,15565, ,CFS
SHA,H,76,INFLOW,20100602,1700,3997, ,CFS
SHA,H,76,INFLOW,20100602,1800,17740, ,CFS
SHA,H,76,INFLOW,20100602,1900,7185, ,CFS
SHA,H,76,INFLOW,20100602,2000,14438, ,CFS
SHA,H,76,INFLOW,20100602,2100,9602, ,CFS
SHA,H,76,INFLOW,20100602,2200,12752, ,CFS
SHA,H,76,INFLOW,20100602,2300,10991, ,CFS
SHA,H,76,INFLOW,20100603,0000,6996, ,CFS
SHA,H,76,INFLOW,20100603,0100,11776, ,CFS
SHA,H,76,INFLOW,20100603,0200,11324, ,CFS
SHA,H,76,INFLOW,20100603,0300,-3428, ,CFS
SHA,H,76,INFLOW,20100603,0400,10701, ,CFS
SHA,H,76,INFLOW,20100603,0500,7246, ,CFS
SHA,H,76,INFLOW,20100603,0600,4006, ,CFS
SHA,H,76,INFLOW,20100603,0700,7737, ,CFS
SHA,H,76,INFLOW,20100603,0800,8798, ,CFS
SHA,H,76,INFLOW,20100603,0900,-1134, ,CFS
SHA,H,76,INFLOW,20100603,1000,13279, ,CFS
SHA,H,76,INFLOW,20100603,1100,6983, ,CFS
SHA,H,76,INFLOW,20100603,1200,13445, ,CFS
SHA,H,76,INFLOW,20100603,1300,11350, ,CFS
SHA,H,76,INFLOW,20100603,1400,14389, ,CFS
SHA,H,76,INFLOW,20100603,1500,10301, ,CFS
SHA,H,76,INFLOW,20100603,1600,10861, ,CFS
SHA,H,76,INFLOW,20100603,1700,21261, ,CFS
SHA,H,76,INFLOW,20100603,1800,9801, ,CFS
SHA,H,76,INFLOW,20100603,1900,9146, ,CFS
SHA,H,76,INFLOW,20100603,2000,8990, ,CFS
SHA,H,76,INFLOW,20100603,2100,8546, ,CFS
SHA,H,76,INFLOW,20100603,2200,8825, ,CFS
SHA,H,76,INFLOW,20100603,2300,17988, ,CFS
SHA,H,76,INFLOW,20100604,0000,-2202, ,CFS
SHA,H,76,INFLOW,20100604,0100,5563, ,CFS
SHA,H,76,INFLOW,20100604,0200,12236, ,CFS
SHA,H,76,INFLOW,20100604,0300,12146, ,CFS
SHA,H,76,INFLOW,20100604,0400,7732, ,CFS
SHA,H,76,INFLOW,20100604,0500,11260, ,CFS
SHA,H,76,INFLOW,20100604,0600,18783, ,CFS
SHA,H,76,INFLOW,20100604,0700,5572, ,CFS
SHA,H,76,INFLOW,20100604,0800,13842, ,CFS
SHA,H,76,INFLOW,20100604,0900,7667, ,CFS
SHA,H,76,INFLOW,20100604,1000,9836, ,CFS
SHA,H,76,INFLOW,20100604,1100,16950, ,CFS
SHA,H,76,INFLOW,20100604,1200,3852, ,CFS
SHA,H,76,INFLOW,20100604,1300,9539, ,CFS
SHA,H,76,INFLOW,20100604,1400,6951, ,CFS
SHA,H,76,INFLOW,20100604,1500,14829, ,CFS
SHA,H,76,INFLOW,20100604,1600,10678, ,CFS
SHA,H,76,INFLOW,20100604,1700,14862, ,CFS
SHA,H,76,INFLOW,20100604,1800,10354, ,CFS
SHA,H,76,INFLOW,20100604,1900,16371, ,CFS
SHA,H,76,INFLOW,20100604,2000,19168, ,CFS
SHA,H,76,INFLOW,20100604,2100,10357, ,CFS
SHA,H,76,INFLOW,20100604,2200,17698, ,CFS
SHA,H,76,INFLOW,20100604,2300,19294, ,CFS
SHA,H,76,INFLOW,20100605,0000,8516, ,CFS
SHA,H,76,INFLOW,20100605,0100,15194, ,CFS
SHA,H,76,INFLOW,20100605,0200,14620, ,CFS
SHA,H,76,INFLOW,20100605,0300,6836, ,CFS
SHA,H,76,INFLOW,20100605,0400,13871, ,CFS
SHA,H,76,INFLOW,20100605,0500,10350, ,CFS
SHA,H,76,INFLOW,20100605,0600,10401, ,CFS
SHA,H,76,INFLOW,20100605,0700,14894, ,CFS
SHA,H,76,INFLOW,20100605,0800,11991, ,CFS
SHA,H,76,INFLOW,20100605,0900,5617, ,CFS
SHA,H,76,INFLOW,20100605,1000,18712, ,CFS
SHA,H,76,INFLOW,20100605,1100,11466, ,CFS
SHA,H,76,INFLOW,20100605,1200,7554, ,CFS
SHA,H,76,INFLOW,20100605,1300,10413, ,CFS
SHA,H,76,INFLOW,20100605,1400,14310, ,CFS
SHA,H,76,INFLOW,20100605,1500,15076, ,CFS
SHA,H,76,INFLOW,20100605,1600,20460, ,CFS
SHA,H,76,INFLOW,20100605,1700,10564, ,CFS
SHA,H,76,INFLOW,20100605,1800,16981, ,CFS
SHA,H,76,INFLOW,20100605,1900,14079, ,CFS
SHA,H,76,INFLOW,20100605,2000,14065, ,CFS
SHA,H,76,INFLOW,20100605,2100,18194, ,CFS
SHA,H,76,INFLOW,20100605,2200,14918, ,CFS
SHA,H,76,INFLOW,20100605,2300,10778, ,CFS
SHA,H,76,INFLOW,20100606,0000,17856, ,CFS
SHA,H,76,INFLOW,20100606,0100,7720, ,CFS
SHA,H,76,INFLOW,20100606,0200,14667, ,CFS
SHA,H,76,INFLOW,20100606,0300,7122, ,CFS
SHA,H,76,INFLOW,20100606,0400,13941, ,CFS
SHA,H,76,INFLOW,20100606,0500,10398, ,CFS
SHA,H,76,INFLOW,20100606,0600,10490, ,CFS
SHA,H,76,INFLOW,20100606,0700,11303, ,CFS
SHA,H,76,INFLOW,20100606,0800,7958, ,CFS
SHA,H,76,INFLOW,20100606,0900,11819, ,CFS
SHA,H,76,INFLOW,20100606,1000,15719, ,CFS
SHA,H,76,INFLOW,20100606,1100,7459, ,CFS
SHA,H,76,INFLOW,20100606,1200,16135, ,CFS
SHA,H,76,INFLOW,20100606,1300,13654, ,CFS
SHA,H,76,INFLOW,20100606,1400,10622, ,CFS
SHA,H,76,INFLOW,20100606,1500,14459, ,CFS
SHA,H,76,INFLOW,20100606,1600,16120, ,CFS
SHA,H,76,INFLOW,20100606,1700,9210, ,CFS
SHA,H,76,INFLOW,20100606,1800,16950, ,CFS
SHA,H,76,INFLOW,20100606,1900,11906, ,CFS
SHA,H,76,INFLOW,20100606,2000,15015, ,CFS
SHA,H,76,INFLOW,20100606,2100,13748, ,CFS
SHA,H,76,INFLOW,20100606,2200,9543, ,CFS
SHA,H,76,INFLOW,20100606,2300,12461, ,CFS
SHA,H,76,INFLOW,20100607,0000,3123, ,CFS
SHA,H,76,INFLOW,20100607,0100,11863, ,CFS
SHA,H,76,INFLOW,20100607,0200,8297, ,CFS
SHA,H,76,INFLOW,20100607,0300,11786, ,CFS
SHA,H,76,INFLOW,20100607,0400,11806, ,CFS
SHA,H,76,INFLOW,20100607,0500,7577, ,CFS
SHA,H,76,INFLOW,20100607,0600,15680, ,CFS
SHA,H,76,INFLOW,20100607,0700,6803, ,CFS
SHA,H,76,INFLOW,20100607,0800,11133, ,CFS
SHA,H,76,INFLOW,20100607,0900,10579, ,CFS
SHA,H,76,INFLOW,20100607,1000,4266, ,CFS
SHA,H,76,INFLOW,20100607,1100,12095, ,CFS
SHA,H,76,INFLOW,20100607,1200,5898, ,CFS
SHA,H,76,INFLOW,20100607,1300,10676, ,CFS
SHA,H,76,INFLOW,20100607,1400,14275, ,CFS
SHA,H,76,INFLOW,20100607,1500,8339, ,CFS
SHA,H,76,INFLOW,20100607,1600,14940, ,CFS
SHA,H,76,INFLOW,20100607,1700,11555, ,CFS
SHA,H,76,INFLOW,20100607,1800,10872, ,CFS
SHA,H,76,INFLOW,20100607,1900,14689, ,CFS
SHA,H,76,INFLOW,20100607,2000,11845, ,CFS
SHA,H,76,INFLOW,20100607,2100,13692, ,CFS
SHA,H,76,INFLOW,20100607,2200,13208, ,CFS
SHA,H,76,INFLOW,20100607,2300,12184, ,CFS
SHA,H,76,INFLOW,20100608,0000,8184, ,CFS
SHA,H,76,INFLOW,20100608,0100,8941, ,CFS
SHA,H,76,INFLOW,20100608,0200,15169, ,CFS
SHA,H,76,INFLOW,20100608,0300,4263, ,CFS
SHA,H,76,INFLOW,20100608,0400,11245, ,CFS
SHA,H,76,INFLOW,20100608,0500,7699, ,CFS
SHA,H,76,INFLOW,20100608,0600,4251, ,CFS
SHA,H,76,INFLOW,20100608,0700,12651, ,CFS
SHA,H,76,INFLOW,20100608,0800,10315, ,CFS
SHA,H,76,INFLOW,20100608,0900,3817, ,CFS
SHA,H,76,INFLOW,20100608,1000,14980, ,CFS
SHA,H,76,INFLOW,20100608,1100,8415, ,CFS
SHA,H,76,INFLOW,20100608,1200,6321, ,CFS
SHA,H,76,INFLOW,20100608,1300,11248, ,CFS
SHA,H,76,INFLOW,20100608,1400,8465, ,CFS
SHA,H,76,INFLOW,20100608,1500,17223, ,CFS
SHA,H,76,INFLOW,20100608,1600,11002, ,CFS
SHA,H,76,INFLOW,20100608,1700,11118, ,CFS
SHA,H,76,INFLOW,20100608,1800,14114, ,CFS
SHA,H,76,INFLOW,20100608,1900,6315, ,CFS
SHA,H,76,INFLOW,20100608,2000,15624, ,CFS
SHA,H,76,INFLOW,20100608,2100,7430, ,CFS
SHA,H,76,INFLOW,20100608,2200,10038, ,CFS
SHA,H,76,INFLOW,20100608,2300,9899, ,CFS
SHA,H,76,INFLOW,20100609,0000,10808, ,CFS
SHA,H,76,INFLOW,20100609,0100,8262, ,CFS
SHA,H,76,INFLOW,20100609,0200,7168, ,CFS
SHA,H,76,INFLOW,20100609,0300,10625, ,CFS
SHA,H,76,INFLOW,20100609,0400,10671, ,CFS
SHA,H,76,INFLOW,20100609,0500,7412, ,CFS
SHA,H,76,INFLOW,20100609,0600,10731, ,CFS
SHA,H,76,INFLOW,20100609,0700,8391, ,CFS
SHA,H,76,INFLOW,20100609,0800,12698, ,CFS
SHA,H,76,INFLOW,20100609,0900,9786, ,CFS
SHA,H,76,INFLOW,20100609,1000,6894, ,CFS
SHA,H,76,INFLOW,20100609,1100,14501, ,CFS
SHA,H,76,INFLOW,20100609,1200,14753, ,CFS
SHA,H,76,INFLOW,20100609,1300,9990, ,CFS
SHA,H,76,INFLOW,20100609,1400,9983, ,CFS
SHA,H,76,INFLOW,20100609,1500,13721, ,CFS
SHA,H,76,INFLOW,20100609,1600,7135, ,CFS
SHA,H,76,INFLOW,20100609,1700,10691, ,CFS
SHA,H,76,INFLOW,20100609,1800,12190, ,CFS
SHA,H,76,INFLOW,20100609,1900,4931, ,CFS
SHA,H,76,INFLOW,20100609,2000,16604, ,CFS
SHA,H,76,INFLOW,20100609,2100,12836, ,CFS
SHA,H,76,INFLOW,20100609,2200,9219, ,CFS
SHA,H,76,INFLOW,20100609,2300,14382, ,CFS
SHA,H,76,INFLOW,20100610,0000,8691, ,CFS
SHA,H,76,INFLOW,20100610,0100,-925, ,CFS
SHA,H,76,INFLOW,20100610,0200,15710, ,CFS
SHA,H,76,INFLOW,20100610,0300,-1815, ,CFS
SHA,H,76,INFLOW,20100610,0400,12294, ,CFS
SHA,H,76,INFLOW,20100610,0500,5376, ,CFS
SHA,H,76,INFLOW,20100610,0600,8194, ,CFS
SHA,H,76,INFLOW,20100610,0700,15005, ,CFS
SHA,H,76,INFLOW,20100610,0800,12214, ,CFS
SHA,H,76,INFLOW,20100610,0900,13199, ,CFS
SHA,H,76,INFLOW,20100610,1000,11093, ,CFS
SHA,H,76,INFLOW,20100610,1100,12117, ,CFS
SHA,H,76,INFLOW,20100610,1200,8696, ,CFS
SHA,H,76,INFLOW,20100610,1300,13439, ,CFS
SHA,H,76,INFLOW,20100610,1400,13643, ,CFS
SHA,H,76,INFLOW,20100610,1500,14194, ,CFS
SHA,H,76,INFLOW,20100610,1600,9755, ,CFS
SHA,H,76,INFLOW,20100610,1700,9785, ,CFS
SHA,H,76,INFLOW,20100610,1800,9376, ,CFS
SHA,H,76,INFLOW,20100610,1900,11892, ,CFS
SHA,H,76,INFLOW,20100610,2000,9545, ,CFS
SHA,H,76,INFLOW,20100610,2100,12877, ,CFS
SHA,H,76,INFLOW,20100610,2200,4174, ,CFS
SHA,H,76,INFLOW,20100610,2300,12929, ,CFS
SHA,H,76,INFLOW,20100611,0000,4083, ,CFS
SHA,H,76,INFLOW,20100611,0100,9190, ,CFS
SHA,H,76,INFLOW,20100611,0200,11667, ,CFS
SHA,H,76,INFLOW,20100611,0300,283, ,CFS
SHA,H,76,INFLOW,20100611,0400,7496, ,CFS
SHA,H,76,INFLOW,20100611,0500,4118, ,CFS
SHA,H,76,INFLOW,20100611,0600,-2951, ,CFS
SHA,H,76,INFLOW,20100611,0700,14934, ,CFS
SHA,H,76,INFLOW,20100611,0800,2819, ,CFS
SHA,H,76,INFLOW,20100611,0900,7849, ,CFS
SHA,H,76,INFLOW,20100611,1000,8597, ,CFS
SHA,H,76,INFLOW,20100611,1100,8509, ,CFS
SHA,H,76,INFLOW,20100611,1200,16382, ,CFS
SHA,H,76,INFLOW,20100611,1300,2779, ,CFS
SHA,H,76,INFLOW,20100611,1400,10392, ,CFS
SHA,H,76,INFLOW,20100611,1500,10366, ,CFS
SHA,H,76,INFLOW,20100611,1600,12933, ,CFS
SHA,H,76,INFLOW,20100611,1700,11232, ,CFS
SHA,H,76,INFLOW,20100611,1800,6409, ,CFS
SHA,H,76,INFLOW,20100611,1900,12345, ,CFS
SHA,H,76,INFLOW,20100611,2000,6930, ,CFS
SHA,H,76,INFLOW,20100611,2100,8030, ,CFS
SHA,H,76,INFLOW,20100611,2200,17030, ,CFS
SHA,H,76,INFLOW,20100611,2300,6918, ,CFS
SHA,H,76,INFLOW,20100612,0000,10403, ,CFS
SHA,H,76,INFLOW,20100612,0100,14120, ,CFS
SHA,H,76,INFLOW,20100612,0200,-689, ,CFS
SHA,H,76,INFLOW,20100612,0300,9128, ,CFS
SHA,H,76,INFLOW,20100612,0400,5637, ,CFS
SHA,H,76,INFLOW,20100612,0500,9156, ,CFS
SHA,H,76,INFLOW,20100612,0600,9362, ,CFS
SHA,H,76,INFLOW,20100612,0700,3076, ,CFS
SHA,H,76,INFLOW,20100612,0800,11167, ,CFS
SHA,H,76,INFLOW,20100612,0900,7911, ,CFS
SHA,H,76,INFLOW,20100612,1000,5700, ,CFS
SHA,H,76,INFLOW,20100612,1100,6652, ,CFS
SHA,H,76,INFLOW,20100612,1200,4719, ,CFS
SHA,H,76,INFLOW,20100612,1300,7458, ,CFS
SHA,H,76,INFLOW,20100612,1400,13146, ,CFS
SHA,H,76,INFLOW,20100612,1500,13467, ,CFS
SHA,H,76,INFLOW,20100612,1600,8390, ,CFS
SHA,H,76,INFLOW,20100612,1700,15201, ,CFS
SHA,H,76,INFLOW,20100612,1800,5712, ,CFS
SHA,H,76,INFLOW,20100612,1900,14306, ,CFS
SHA,H,76,INFLOW,20100612,2000,12608, ,CFS
SHA,H,76,INFLOW,20100612,2100,6100, ,CFS
SHA,H,76,INFLOW,20100612,2200,14671, ,CFS
SHA,H,76,INFLOW,20100612,2300,10781, ,CFS
SHA,H,76,INFLOW,20100613,0000,5758, ,CFS
SHA,H,76,INFLOW,20100613,0100,10350, ,CFS
SHA,H,76,INFLOW,20100613,0200,2509, ,CFS
SHA,H,76,INFLOW,20100613,0300,6017, ,CFS
SHA,H,76,INFLOW,20100613,0400,5938, ,CFS
SHA,H,76,INFLOW,20100613,0500,2462, ,CFS
SHA,H,76,INFLOW,20100613,0600,6032, ,CFS
SHA,H,76,INFLOW,20100613,0700,3433, ,CFS
SHA,H,76,INFLOW,20100613,0800,7181, ,CFS
SHA,H,76,INFLOW,20100613,0900,11193, ,CFS
SHA,H,76,INFLOW,20100613,1000,4807, ,CFS
SHA,H,76,INFLOW,20100613,1100,12485, ,CFS
SHA,H,76,INFLOW,20100613,1200,7068, ,CFS
SHA,H,76,INFLOW,20100613,1300,10003, ,CFS
SHA,H,76,INFLOW,20100613,1400,10902, ,CFS
SHA,H,76,INFLOW,20100613,1500,10531, ,CFS
SHA,H,76,INFLOW,20100613,1600,12915, ,CFS
SHA,H,76,INFLOW,20100613,1700,9541, ,CFS
SHA,H,76,INFLOW,20100613,1800,12936, ,CFS
SHA,H,76,INFLOW,20100613,1900,10558, ,CFS
SHA,H,76,INFLOW,20100613,2000,11239, ,CFS
SHA,H,76,INFLOW,20100613,2100,11182, ,CFS
SHA,H,76,INFLOW,20100613,2200,14292, ,CFS
SHA,H,76,INFLOW,20100613,2300,9840, ,CFS
SHA,H,76,INFLOW,20100614,0000,4521, ,CFS
SHA,H,76,INFLOW,20100614,0100,9956, ,CFS
SHA,H,76,INFLOW,20100614,0200,5468, ,CFS
SHA,H,76,INFLOW,20100614,0300,1683, ,CFS
SHA,H,76,INFLOW,20100614,0400,8712, ,CFS
SHA,H,76,INFLOW,20100614,0500,5300, ,CFS
SHA,H,76,INFLOW,20100614,0600,1964, ,CFS
SHA,H,76,INFLOW,20100614,0700,4914, ,CFS
SHA,H,76,INFLOW,20100614,0800,6107, ,CFS
SHA,H,76,INFLOW,20100614,0900,7272, ,CFS
SHA,H,76,INFLOW,20100614,1000,4768, ,CFS
SHA,H,76,INFLOW,20100614,1100,10933, ,CFS
SHA,H,76,INFLOW,20100614,1200,10620, ,CFS
SHA,H,76,INFLOW,20100614,1300,9551, ,CFS
SHA,H,76,INFLOW,20100614,1400,13565, ,CFS
SHA,H,76,INFLOW,20100614,1500,13627, ,CFS
SHA,H,76,INFLOW,20100614,1600,8775, ,CFS
SHA,H,76,INFLOW,20100614,1700,12566, ,CFS
SHA,H,76,INFLOW,20100614,1800,8716, ,CFS
SHA,H,76,INFLOW,20100614,1900,9745, ,CFS
SHA,H,76,INFLOW,20100614,2000,11756, ,CFS
SHA,H,76,INFLOW,20100614,2100,9671, ,CFS
SHA,H,76,INFLOW,20100614,2200,8977, ,CFS
SHA,H,76,INFLOW,20100614,2300,11631, ,CFS
SHA,H,76,INFLOW,20100615,0000,9286, ,CFS
SHA,H,76,INFLOW,20100615,0100,7736, ,CFS
SHA,H,76,INFLOW,20100615,0200,6964, ,CFS
SHA,H,76,INFLOW,20100615,0300,1975, ,CFS
SHA,H,76,INFLOW,20100615,0400,12381, ,CFS
SHA,H,76,INFLOW,20100615,0500,1998, ,CFS
SHA,H,76,INFLOW,20100615,0600,4322, ,CFS
SHA,H,76,INFLOW,20100615,0700,6544, ,CFS
SHA,H,76,INFLOW,20100615,0800,3246, ,CFS
SHA,H,76,INFLOW,20100615,0900,14019, ,CFS
SHA,H,76,INFLOW,20100615,1000,270, ,CFS
SHA,H,76,INFLOW,20100615,1100,3981, ,CFS
SHA,H,76,INFLOW,20100615,1200,8770, ,CFS
SHA,H,76,INFLOW,20100615,1300,9680, ,CFS
SHA,H,76,INFLOW,20100615,1400,8788, ,CFS
SHA,H,76,INFLOW,20100615,1500,12721, ,CFS
SHA,H,76,INFLOW,20100615,1600,12397, ,CFS
SHA,H,76,INFLOW,20100615,1700,12348, ,CFS
SHA,H,76,INFLOW,20100615,1800,12126, ,CFS
SHA,H,76,INFLOW,20100615,1900,5975, ,CFS
SHA,H,76,INFLOW,20100615,2000,16153, ,CFS
SHA,H,76,INFLOW,20100615,2100,11751, ,CFS
SHA,H,76,INFLOW,20100615,2200,5641, ,CFS
SHA,H,76,INFLOW,20100615,2300,8080, ,CFS
SHA,H,76,INFLOW,20100616,0000,308, ,CFS
SHA,H,76,INFLOW,20100616,0100,7844, ,CFS
SHA,H,76,INFLOW,20100616,0200,5956, ,CFS
SHA,H,76,INFLOW,20100616,0300,-1135, ,CFS
SHA,H,76,INFLOW,20100616,0400,12856, ,CFS
SHA,H,76,INFLOW,20100616,0500,-871, ,CFS
SHA,H,76,INFLOW,20100616,0600,2736, ,CFS
SHA,H,76,INFLOW,20100616,0700,10831, ,CFS
SHA,H,76,INFLOW,20100616,0800,835, ,CFS
SHA,H,76,INFLOW,20100616,0900,8852, ,CFS
SHA,H,76,INFLOW,20100616,1000,9176, ,CFS
SHA,H,76,INFLOW,20100616,1100,7102, ,CFS
SHA,H,76,INFLOW,20100616,1200,8568, ,CFS
SHA,H,76,INFLOW,20100616,1300,8806, ,CFS
SHA,H,76,INFLOW,20100616,1400,10869, ,CFS
SHA,H,76,INFLOW,20100616,1500,8038, ,CFS
SHA,H,76,INFLOW,20100616,1600,13643, ,CFS
SHA,H,76,INFLOW,20100616,1700,10797, ,CFS
SHA,H,76,INFLOW,20100616,1800,11576, ,CFS
SHA,H,76,INFLOW,20100616,1900,7856, ,CFS
SHA,H,76,INFLOW,20100616,2000,7723, ,CFS
SHA,H,76,INFLOW,20100616,2100,12230, ,CFS
SHA,H,76,INFLOW,20100616,2200,8344, ,CFS
SHA,H,76,INFLOW,20100616,2300,8929, ,CFS
SHA,H,76,INFLOW,20100617,0000,7136, ,CFS
SHA,H,76,INFLOW,20100617,0100,3394, ,CFS
SHA,H,76,INFLOW,20100617,0200,9253, ,CFS
SHA,H,76,INFLOW,20100617,0300,2160, ,CFS
SHA,H,76,INFLOW,20100617,0400,5545, ,CFS
SHA,H,76,INFLOW,20100617,0500,2086, ,CFS
SHA,H,76,INFLOW,20100617,0600,5756, ,CFS
SHA,H,76,INFLOW,20100617,0700,9270, ,CFS
SHA,H,76,INFLOW,20100617,0800,3504, ,CFS
SHA,H,76,INFLOW,20100617,0900,852, ,CFS
SHA,H,76,INFLOW,20100617,1000,4494, ,CFS
SHA,H,76,INFLOW,20100617,1100,4508, ,CFS
SHA,H,76,INFLOW,20100617,1200,8960, ,CFS
SHA,H,76,INFLOW,20100617,1300,8835, ,CFS
SHA,H,76,INFLOW,20100617,1400,7530, ,CFS
SHA,H,76,INFLOW,20100617,1500,15047, ,CFS
SHA,H,76,INFLOW,20100617,1600,8023, ,CFS
SHA,H,76,INFLOW,20100617,1700,11799, ,CFS
SHA,H,76,INFLOW,20100617,1800,10885, ,CFS
SHA,H,76,INFLOW,20100617,1900,8884, ,CFS
SHA,H,76,INFLOW,20100617,2000,5474, ,CFS
SHA,H,76,INFLOW,20100617,2100,11727, ,CFS
SHA,H,76,INFLOW,20100617,2200,6661, ,CFS
SHA,H,76,INFLOW,20100617,2300,5692, ,CFS
SHA,H,76,INFLOW,20100618,0000,2949, ,CFS
SHA,H,76,INFLOW,20100618,0100,6758, ,CFS
SHA,H,76,INFLOW,20100618,0200,5568, ,CFS
SHA,H,76,INFLOW,20100618,0300,1935, ,CFS
SHA,H,76,INFLOW,20100618,0400,8893, ,CFS
SHA,H,76,INFLOW,20100618,0500,-1451, ,CFS
SHA,H,76,INFLOW,20100618,0600,5942, ,CFS
SHA,H,76,INFLOW,20100618,0700,8307, ,CFS
SHA,H,76,INFLOW,20100618,0800,-1872, ,CFS
SHA,H,76,INFLOW,20100618,0900,7498, ,CFS
SHA,H,76,INFLOW,20100618,1000,464, ,CFS
SHA,H,76,INFLOW,20100618,1100,7621, ,CFS
SHA,H,76,INFLOW,20100618,1200,9131, ,CFS
SHA,H,76,INFLOW,20100618,1300,883, ,CFS
SHA,H,76,INFLOW,20100618,1400,13139, ,CFS
SHA,H,76,INFLOW,20100618,1500,13651, ,CFS
SHA,H,76,INFLOW,20100618,1600,5191, ,CFS
SHA,H,76,INFLOW,20100618,1700,12322, ,CFS
SHA,H,76,INFLOW,20100618,1800,12121, ,CFS
SHA,H,76,INFLOW,20100618,1900,9538, ,CFS
SHA,H,76,INFLOW,20100618,2000,5687, ,CFS
SHA,H,76,INFLOW,20100618,2100,5034, ,CFS
SHA,H,76,INFLOW,20100618,2200,5521, ,CFS
SHA,H,76,INFLOW,20100618,2300,10897, ,CFS
SHA,H,76,INFLOW,20100619,0000,4815, ,CFS
SHA,H,76,INFLOW,20100619,0100,-1030, ,CFS
SHA,H,76,INFLOW,20100619,0200,8872, ,CFS
SHA,H,76,INFLOW,20100619,0300,-1687, ,CFS
SHA,H,76,INFLOW,20100619,0400,8841, ,CFS
SHA,H,76,INFLOW,20100619,0500,4418, ,CFS
SHA,H,76,INFLOW,20100619,0600,595, ,CFS
SHA,H,76,INFLOW,20100619,0700,8802, ,CFS
SHA,H,76,INFLOW,20100619,0800,3724, ,CFS
SHA,H,76,INFLOW,20100619,0900,4838, ,CFS
SHA,H,76,INFLOW,20100619,1000,5304, ,CFS
SHA,H,76,INFLOW,20100619,1100,5854, ,CFS
SHA,H,76,INFLOW,20100619,1200,9271, ,CFS
SHA,H,76,INFLOW,20100619,1300,4640, ,CFS
SHA,H,76,INFLOW,20100619,1400,9268, ,CFS
SHA,H,76,INFLOW,20100619,1500,9276, ,CFS
SHA,H,76,INFLOW,20100619,1600,8937, ,CFS
SHA,H,76,INFLOW,20100619,1700,5736, ,CFS
SHA,H,76,INFLOW,20100619,1800,13244, ,CFS
SHA,H,76,INFLOW,20100619,1900,11252, ,CFS
SHA,H,76,INFLOW,20100619,2000,6193, ,CFS
SHA,H,76,INFLOW,20100619,2100,8544, ,CFS
SHA,H,76,INFLOW,20100619,2200,6845, ,CFS
SHA,H,76,INFLOW,20100619,2300,-62, ,CFS
SHA,H,76,INFLOW,20100620,0000,5791, ,CFS
SHA,H,76,INFLOW,20100620,0100,-939, ,CFS
SHA,H,76,INFLOW,20100620,0200,6010, ,CFS
SHA,H,76,INFLOW,20100620,0300,2636, ,CFS
SHA,H,76,INFLOW,20100620,0400,6061, ,CFS
SHA,H,76,INFLOW,20100620,0500,2895, ,CFS
SHA,H,76,INFLOW,20100620,0600,6508, ,CFS
SHA,H,76,INFLOW,20100620,0700,7088, ,CFS
SHA,H,76,INFLOW,20100620,0800,2889, ,CFS
SHA,H,76,INFLOW,20100620,0900,6808, ,CFS
SHA,H,76,INFLOW,20100620,1000,1902, ,CFS
SHA,H,76,INFLOW,20100620,1100,2444, ,CFS
SHA,H,76,INFLOW,20100620,1200,4730, ,CFS
SHA,H,76,INFLOW,20100620,1300,3398, ,CFS
SHA,H,76,INFLOW,20100620,1400,7517, ,CFS
SHA,H,76,INFLOW,20100620,1500,5054, ,CFS
SHA,H,76,INFLOW,20100620,1600,6261, ,CFS
SHA,H,76,INFLOW,20100620,1700,9854, ,CFS
SHA,H,76,INFLOW,20100620,1800,6004, ,CFS
SHA,H,76,INFLOW,20100620,1900,6022, ,CFS
SHA,H,76,INFLOW,20100620,2000,4321, ,CFS
SHA,H,76,INFLOW,20100620,2100,10615, ,CFS
SHA,H,76,INFLOW,20100620,2200,7329, ,CFS
SHA,H,76,INFLOW,20100620,2300,4768, ,CFS
SHA,H,76,INFLOW,20100621,0000,8562, ,CFS
SHA,H,76,INFLOW,20100621,0100,-340, ,CFS
SHA,H,76,INFLOW,20100621,0200,6463, ,CFS
SHA,H,76,INFLOW,20100621,0300,2169, ,CFS
SHA,H,76,INFLOW,20100621,0400,5291, ,CFS
SHA,H,76,INFLOW,20100621,0500,2707, ,CFS
SHA,H,76,INFLOW,20100621,0600,6189, ,CFS
SHA,H,76,INFLOW,20100621,0700,5619, ,CFS
SHA,H,76,INFLOW,20100621,0800,5456, ,CFS
SHA,H,76,INFLOW,20100621,0900,3527, ,CFS
SHA,H,76,INFLOW,20100621,1000,2446, ,CFS
SHA,H,76,INFLOW,20100621,1100,1123, ,CFS
SHA,H,76,INFLOW,20100621,1200,2318, ,CFS
SHA,H,76,INFLOW,20100621,1300,8415, ,CFS
SHA,H,76,INFLOW,20100621,1400,9921, ,CFS
SHA,H,76,INFLOW,20100621,1500,11407, ,CFS
SHA,H,76,INFLOW,20100621,1600,9272, ,CFS
SHA,H,76,INFLOW,20100621,1700,9439, ,CFS
SHA,H,76,INFLOW,20100621,1800,13121, ,CFS
SHA,H,76,INFLOW,20100621,1900,7496, ,CFS
SHA,H,76,INFLOW,20100621,2000,9764, ,CFS
SHA,H,76,INFLOW,20100621,2100,12065, ,CFS
SHA,H,76,INFLOW,20100621,2200,3164, ,CFS
SHA,H,76,INFLOW,20100621,2300,8769, ,CFS
SHA,H,76,INFLOW,20100622,0000,1596, ,CFS
SHA,H,76,INFLOW,20100622,0100,5987, ,CFS
SHA,H,76,INFLOW,20100622,0200,6004, ,CFS
SHA,H,76,INFLOW,20100622,0300,-1622, ,CFS
SHA,H,76,INFLOW,20100622,0400,9020, ,CFS
SHA,H,76,INFLOW,20100622,0500,2243, ,CFS
SHA,H,76,INFLOW,20100622,0600,2584, ,CFS
SHA,H,76,INFLOW,20100622,0700,7073, ,CFS
SHA,H,76,INFLOW,20100622,0800,2152, ,CFS
SHA,H,76,INFLOW,20100622,0900,658, ,CFS
SHA,H,76,INFLOW,20100622,1000,1854, ,CFS
SHA,H,76,INFLOW,20100622,1100,5383, ,CFS
SHA,H,76,INFLOW,20100622,1200,5274, ,CFS
SHA,H,76,INFLOW,20100622,1300,6765, ,CFS
SHA,H,76,INFLOW,20100622,1400,12355, ,CFS
SHA,H,76,INFLOW,20100622,1500,10932, ,CFS
SHA,H,76,INFLOW,20100622,1600,7234, ,CFS
SHA,H,76,INFLOW,20100622,1700,9139, ,CFS
SHA,H,76,INFLOW,20100622,1800,11764, ,CFS
SHA,H,76,INFLOW,20100622,1900,10510, ,CFS
SHA,H,76,INFLOW,20100622,2000,2990, ,CFS
SHA,H,76,INFLOW,20100622,2100,11622, ,CFS
SHA,H,76,INFLOW,20100622,2200,5572, ,CFS
SHA,H,76,INFLOW,20100622,2300,9556, ,CFS
SHA,H,76,INFLOW,20100623,0000,-1543, ,CFS
SHA,H,76,INFLOW,20100623,0100,6655, ,CFS
SHA,H,76,INFLOW,20100623,0200,9588, ,CFS
SHA,H,76,INFLOW,20100623,0300,-4472, ,CFS
SHA,H,76,INFLOW,20100623,0400,12891, ,CFS
SHA,H,76,INFLOW,20100623,0500,-971, ,CFS
SHA,H,76,INFLOW,20100623,0600,2453, ,CFS
SHA,H,76,INFLOW,20100623,0700,9720, ,CFS
SHA,H,76,INFLOW,20100623,0800,-2364, ,CFS
SHA,H,76,INFLOW,20100623,0900,8190, ,CFS
SHA,H,76,INFLOW,20100623,1000,2949, ,CFS
SHA,H,76,INFLOW,20100623,1100,3510, ,CFS
SHA,H,76,INFLOW,20100623,1200,5859, ,CFS
SHA,H,76,INFLOW,20100623,1300,6590, ,CFS
SHA,H,76,INFLOW,20100623,1400,8570, ,CFS
SHA,H,76,INFLOW,20100623,1500,12122, ,CFS
SHA,H,76,INFLOW,20100623,1600,5716, ,CFS
SHA,H,76,INFLOW,20100623,1700,12397, ,CFS
SHA,H,76,INFLOW,20100623,1800,9898, ,CFS
SHA,H,76,INFLOW,20100623,1900,5393, ,CFS
SHA,H,76,INFLOW,20100623,2000,6770, ,CFS
SHA,H,76,INFLOW,20100623,2100,10546, ,CFS
SHA,H,76,INFLOW,20100623,2200,6788, ,CFS
SHA,H,76,INFLOW,20100623,2300,8971, ,CFS
SHA,H,76,INFLOW,20100624,0000,-1789, ,CFS
SHA,H,76,INFLOW,20100624,0100,3885, ,CFS
SHA,H,76,INFLOW,20100624,0200,6943, ,CFS
SHA,H,76,INFLOW,20100624,0300,-185, ,CFS
SHA,H,76,INFLOW,20100624,0400,6626, ,CFS
SHA,H,76,INFLOW,20100624,0500,3114, ,CFS
SHA,H,76,INFLOW,20100624,0600,3334, ,CFS
SHA,H,76,INFLOW,20100624,0700,4242, ,CFS
SHA,H,76,INFLOW,20100624,0800,3536, ,CFS
SHA,H,76,INFLOW,20100624,0900,3586, ,CFS
SHA,H,76,INFLOW,20100624,1000,-1250, ,CFS
SHA,H,76,INFLOW,20100624,1100,4625, ,CFS
SHA,H,76,INFLOW,20100624,1200,8540, ,CFS
SHA,H,76,INFLOW,20100624,1300,5280, ,CFS
SHA,H,76,INFLOW,20100624,1400,10396, ,CFS
SHA,H,76,INFLOW,20100624,1500,9257, ,CFS
SHA,H,76,INFLOW,20100624,1600,6442, ,CFS
SHA,H,76,INFLOW,20100624,1700,13077, ,CFS
SHA,H,76,INFLOW,20100624,1800,5813, ,CFS
SHA,H,76,INFLOW,20100624,1900,7093, ,CFS
SHA,H,76,INFLOW,20100624,2000,10361, ,CFS
SHA,H,76,INFLOW,20100624,2100,5313, ,CFS
SHA,H,76,INFLOW,20100624,2200,8565, ,CFS
SHA,H,76,INFLOW,20100624,2300,7903, ,CFS
SHA,H,76,INFLOW,20100625,0000,3352, ,CFS
SHA,H,76,INFLOW,20100625,0100,-110, ,CFS
SHA,H,76,INFLOW,20100625,0200,5978, ,CFS
SHA,H,76,INFLOW,20100625,0300,2136, ,CFS
SHA,H,76,INFLOW,20100625,0400,2157, ,CFS
SHA,H,76,INFLOW,20100625,0500,5834, ,CFS
SHA,H,76,INFLOW,20100625,0600,-1148, ,CFS
SHA,H,76,INFLOW,20100625,0700,6140, ,CFS
SHA,H,76,INFLOW,20100625,0800,3325, ,CFS
SHA,H,76,INFLOW,20100625,0900,4982, ,CFS
SHA,H,76,INFLOW,20100625,1000,4873, ,CFS
SHA,H,76,INFLOW,20100625,1100,1872, ,CFS
SHA,H,76,INFLOW,20100625,1200,13790, ,CFS
SHA,H,76,INFLOW,20100625,1300,2895, ,CFS
SHA,H,76,INFLOW,20100625,1400,7551, ,CFS
SHA,H,76,INFLOW,20100625,1500,12302, ,CFS
SHA,H,76,INFLOW,20100625,1600,6047, ,CFS
SHA,H,76,INFLOW,20100625,1700,9681, ,CFS
SHA,H,76,INFLOW,20100625,1800,11443, ,CFS
SHA,H,76,INFLOW,20100625,1900,7177, ,CFS
SHA,H,76,INFLOW,20100625,2000,9000, ,CFS
SHA,H,76,INFLOW,20100625,2100,5094, ,CFS
SHA,H,76,INFLOW,20100625,2200,8786, ,CFS
SHA,H,76,INFLOW,20100625,2300,8340, ,CFS
SHA,H,76,INFLOW,20100626,0000,9556, ,CFS
SHA,H,76,INFLOW,20100626,0100,3051, ,CFS
SHA,H,76,INFLOW,20100626,0200,2206, ,CFS
SHA,H,76,INFLOW,20100626,0300,1521, ,CFS
SHA,H,76,INFLOW,20100626,0400,4923, ,CFS
SHA,H,76,INFLOW,20100626,0500,1461, ,CFS
SHA,H,76,INFLOW,20100626,0600,5174, ,CFS
SHA,H,76,INFLOW,20100626,0700,3533, ,CFS
SHA,H,76,INFLOW,20100626,0800,3029, ,CFS
SHA,H,76,INFLOW,20100626,0900,3833, ,CFS
SHA,H,76,INFLOW,20100626,1000,4600, ,CFS
SHA,H,76,INFLOW,20100626,1100,-2672, ,CFS
SHA,H,76,INFLOW,20100626,1200,9798, ,CFS
SHA,H,76,INFLOW,20100626,1300,1832, ,CFS
SHA,H,76,INFLOW,20100626,1400,8000, ,CFS
SHA,H,76,INFLOW,20100626,1500,11675, ,CFS
SHA,H,76,INFLOW,20100626,1600,1847, ,CFS
SHA,H,76,INFLOW,20100626,1700,12315, ,CFS
SHA,H,76,INFLOW,20100626,1800,11920, ,CFS
SHA,H,76,INFLOW,20100626,1900,4411, ,CFS
SHA,H,76,INFLOW,20100626,2000,12157, ,CFS
SHA,H,76,INFLOW,20100626,2100,5336, ,CFS
SHA,H,76,INFLOW,20100626,2200,8066, ,CFS
SHA,H,76,INFLOW,20100626,2300,8460, ,CFS
SHA,H,76,INFLOW,20100627,0000,4268, ,CFS
SHA,H,76,INFLOW,20100627,0100,4343, ,CFS
SHA,H,76,INFLOW,20100627,0200,4309, ,CFS
SHA,H,76,INFLOW,20100627,0300,-435, ,CFS
SHA,H,76,INFLOW,20100627,0400,6336, ,CFS
SHA,H,76,INFLOW,20100627,0500,-778, ,CFS
SHA,H,76,INFLOW,20100627,0600,6082, ,CFS
SHA,H,76,INFLOW,20100627,0700,6239, ,CFS
SHA,H,76,INFLOW,20100627,0800,170, ,CFS
SHA,H,76,INFLOW,20100627,0900,4670, ,CFS
SHA,H,76,INFLOW,20100627,1000,1679, ,CFS
SHA,H,76,INFLOW,20100627,1100,5291, ,CFS
SHA,H,76,INFLOW,20100627,1200,6632, ,CFS
SHA,H,76,INFLOW,20100627,1300,4599, ,CFS
SHA,H,76,INFLOW,20100627,1400,11058, ,CFS
SHA,H,76,INFLOW,20100627,1500,9155, ,CFS
SHA,H,76,INFLOW,20100627,1600,9622, ,CFS
SHA,H,76,INFLOW,20100627,1700,9782, ,CFS
SHA,H,76,INFLOW,20100627,1800,6254, ,CFS
SHA,H,76,INFLOW,20100627,1900,5476, ,CFS
SHA,H,76,INFLOW,20100627,2000,11880, ,CFS
SHA,H,76,INFLOW,20100627,2100,4427, ,CFS
SHA,H,76,INFLOW,20100627,2200,13356, ,CFS
SHA,H,76,INFLOW,20100627,2300,5096, ,CFS
SHA,H,76,INFLOW,20100628,0000,1596, ,CFS
SHA,H,76,INFLOW,20100628,0100,3434, ,CFS
SHA,H,76,INFLOW,20100628,0200,2851, ,CFS
SHA,H,76,INFLOW,20100628,0300,5360, ,CFS
SHA,H,76,INFLOW,20100628,0400,1889, ,CFS
SHA,H,76,INFLOW,20100628,0500,1965, ,CFS
SHA,H,76,INFLOW,20100628,0600,2192, ,CFS
SHA,H,76,INFLOW,20100628,0700,3844, ,CFS
SHA,H,76,INFLOW,20100628,0800,3041, ,CFS
SHA,H,76,INFLOW,20100628,0900,-484, ,CFS
SHA,H,76,INFLOW,20100628,1000,2782, ,CFS
SHA,H,76,INFLOW,20100628,1100,6837, ,CFS
SHA,H,76,INFLOW,20100628,1200,5270, ,CFS
SHA,H,76,INFLOW,20100628,1300,3030, ,CFS
SHA,H,76,INFLOW,20100628,1400,10713, ,CFS
SHA,H,76,INFLOW,20100628,1500,9236, ,CFS
SHA,H,76,INFLOW,20100628,1600,9129, ,CFS
SHA,H,76,INFLOW,20100628,1700,12477, ,CFS
SHA,H,76,INFLOW,20100628,1800,5237, ,CFS
SHA,H,76,INFLOW,20100628,1900,4813, ,CFS
SHA,H,76,INFLOW,20100628,2000,9715, ,CFS
SHA,H,76,INFLOW,20100628,2100,8570, ,CFS
SHA,H,76,INFLOW,20100628,2200,4382, ,CFS
SHA,H,76,INFLOW,20100628,2300,10392, ,CFS
SHA,H,76,INFLOW,20100629,0000,198, ,CFS
SHA,H,76,INFLOW,20100629,0100,9060, ,CFS
SHA,H,76,INFLOW,20100629,0200,-1300, ,CFS
SHA,H,76,INFLOW,20100629,0300,1889, ,CFS
SHA,H,76,INFLOW,20100629,0400,5363, ,CFS
SHA,H,76,INFLOW,20100629,0500,-1597, ,CFS
SHA,H,76,INFLOW,20100629,0600,5371, ,CFS
SHA,H,76,INFLOW,20100629,0700,-4346, ,CFS
SHA,H,76,INFLOW,20100629,0800,4455, ,CFS
SHA,H,76,INFLOW,20100629,0900,1799, ,CFS
SHA,H,76,INFLOW,20100629,1000,3290, ,CFS
SHA,H,76,INFLOW,20100629,1100,1556, ,CFS
SHA,H,76,INFLOW,20100629,1200,6505, ,CFS
SHA,H,76,INFLOW,20100629,1300,2968, ,CFS
SHA,H,76,INFLOW,20100629,1400,8592, ,CFS
SHA,H,76,INFLOW,20100629,1500,9988, ,CFS
SHA,H,76,INFLOW,20100629,1600,7038, ,CFS
SHA,H,76,INFLOW,20100629,1700,6182, ,CFS
SHA,H,76,INFLOW,20100629,1800,14582, ,CFS
SHA,H,76,INFLOW,20100629,1900,10620, ,CFS
SHA,H,76,INFLOW,20100629,2000,1462, ,CFS
SHA,H,76,INFLOW,20100629,2100,10416, ,CFS
SHA,H,76,INFLOW,20100629,2200,3709, ,CFS
SHA,H,76,INFLOW,20100629,2300,9369, ,CFS
SHA,H,76,INFLOW,20100630,0000,3701, ,CFS
SHA,H,76,INFLOW,20100630,0100,632, ,CFS
SHA,H,76,INFLOW,20100630,0200,3930, ,CFS
SHA,H,76,INFLOW,20100630,0300,6778, ,CFS
SHA,H,76,INFLOW,20100630,0400,194, ,CFS
SHA,H,76,INFLOW,20100630,0500,3687, ,CFS
SHA,H,76,INFLOW,20100630,0600,3665, ,CFS
SHA,H,76,INFLOW,20100630,0700,3037, ,CFS
SHA,H,76,INFLOW,20100630,0800,3912, ,CFS
SHA,H,76,INFLOW,20100630,0900,678, ,CFS
SHA,H,76,INFLOW,20100630,1000,177, ,CFS
SHA,H,76,INFLOW,20100630,1100,2263, ,CFS
SHA,H,76,INFLOW,20100630,1200,7086, ,CFS
SHA,H,76,INFLOW,20100630,1300,6791, ,CFS
SHA,H,76,INFLOW,20100630,1400,8041, ,CFS
SHA,H,76,INFLOW,20100630,1500,12512, ,CFS
SHA,H,76,INFLOW,20100630,1600,6402, ,CFS
SHA,H,76,INFLOW,20100630,1700,9638, ,CFS
SHA,H,76,INFLOW,20100630,1800,8691, ,CFS
SHA,H,76,INFLOW,20100630,1900,4526, ,CFS
SHA,H,76,INFLOW,20100630,2000,5530, ,CFS
SHA,H,76,INFLOW,20100630,2100,6458, ,CFS
SHA,H,76,INFLOW,20100630,2200,8840, ,CFS
SHA,H,76,INFLOW,20100630,2300,1402, ,CFS
SHA,H,76,INFLOW,20100701,0000,7408, ,CFS
SHA,H,76,INFLOW,20100701,0100,1284, ,CFS
SHA,H,76,INFLOW,20100701,0200,3242, ,CFS
SHA,H,76,INFLOW,20100701,0300,3173, ,CFS
SHA,H,76,INFLOW,20100701,0400,-810, ,CFS
SHA,H,76,INFLOW,20100701,0500,3020, ,CFS
SHA,H,76,INFLOW,20100701,0600,-94, ,CFS
SHA,H,76,INFLOW,20100701,0700,1518, ,CFS
SHA,H,76,INFLOW,20100701,0800,4495, ,CFS
SHA,H,76,INFLOW,20100701,0900,1190, ,CFS
SHA,H,76,INFLOW,20100701,1000,-589, ,CFS
SHA,H,76,INFLOW,20100701,1100,2078, ,CFS
SHA,H,76,INFLOW,20100701,1200,8470, ,CFS
SHA,H,76,INFLOW,20100701,1300,5356, ,CFS
SHA,H,76,INFLOW,20100701,1400,10531, ,CFS
SHA,H,76,INFLOW,20100701,1500,8001, ,CFS
SHA,H,76,INFLOW,20100701,1600,9579, ,CFS
SHA,H,76,INFLOW,20100701,1700,6565, ,CFS
SHA,H,76,INFLOW,20100701,1800,9432, ,CFS
SHA,H,76,INFLOW,20100701,1900,2544, ,CFS
SHA,H,76,INFLOW,20100701,2000,6954, ,CFS
SHA,H,76,INFLOW,20100701,2100,6866, ,CFS
SHA,H,76,INFLOW,20100701,2200,4196, ,CFS
SHA,H,76,INFLOW,20100701,2300,2616, ,CFS
SHA,H,76,INFLOW,20100702,0000,6622, ,CFS
SHA,H,76,INFLOW,20100702,0100,6259, ,CFS
SHA,H,76,INFLOW,20100702,0200,440, ,CFS
SHA,H,76,INFLOW,20100702,0300,3394, ,CFS
SHA,H,76,INFLOW,20100702,0400,2936, ,CFS
SHA,H,76,INFLOW,20100702,0500,3304, ,CFS
SHA,H,76,INFLOW,20100702,0600,346, ,CFS
SHA,H,76,INFLOW,20100702,0700,3963, ,CFS
SHA,H,76,INFLOW,20100702,0800,1627, ,CFS
SHA,H,76,INFLOW,20100702,0900,1900, ,CFS
SHA,H,76,INFLOW,20100702,1000,2374, ,CFS
SHA,H,76,INFLOW,20100702,1100,-3593, ,CFS
SHA,H,76,INFLOW,20100702,1200,9385, ,CFS
SHA,H,76,INFLOW,20100702,1300,6867, ,CFS
SHA,H,76,INFLOW,20100702,1400,6652, ,CFS
SHA,H,76,INFLOW,20100702,1500,13712, ,CFS
SHA,H,76,INFLOW,20100702,1600,3890, ,CFS
SHA,H,76,INFLOW,20100702,1700,9360, ,CFS
SHA,H,76,INFLOW,20100702,1800,9544, ,CFS
SHA,H,76,INFLOW,20100702,1900,5842, ,CFS
SHA,H,76,INFLOW,20100702,2000,10201, ,CFS
SHA,H,76,INFLOW,20100702,2100,5981, ,CFS
SHA,H,76,INFLOW,20100702,2200,7631, ,CFS
SHA,H,76,INFLOW,20100702,2300,3090, ,CFS
SHA,H,76,INFLOW,20100703,0000,3494, ,CFS
SHA,H,76,INFLOW,20100703,0100,-2841, ,CFS
SHA,H,76,INFLOW,20100703,0200,2461, ,CFS
SHA,H,76,INFLOW,20100703,0300,2200, ,CFS
SHA,H,76,INFLOW,20100703,0400,-1274, ,CFS
SHA,H,76,INFLOW,20100703,0500,5678, ,CFS
SHA,H,76,INFLOW,20100703,0600,-1167, ,CFS
SHA,H,76,INFLOW,20100703,0700,3323, ,CFS
SHA,H,76,INFLOW,20100703,0800,-761, ,CFS
SHA,H,76,INFLOW,20100703,0900,2055, ,CFS
SHA,H,76,INFLOW,20100703,1000,-439, ,CFS
SHA,H,76,INFLOW,20100703,1100,541, ,CFS
SHA,H,76,INFLOW,20100703,1200,7019, ,CFS
SHA,H,76,INFLOW,20100703,1300,4671, ,CFS
SHA,H,76,INFLOW,20100703,1400,7573, ,CFS
SHA,H,76,INFLOW,20100703,1500,11365, ,CFS
SHA,H,76,INFLOW,20100703,1600,4792, ,CFS
SHA,H,76,INFLOW,20100703,1700,10381, ,CFS
SHA,H,76,INFLOW,20100703,1800,10513, ,CFS
SHA,H,76,INFLOW,20100703,1900,6625, ,CFS
SHA,H,76,INFLOW,20100703,2000,7573, ,CFS
SHA,H,76,INFLOW,20100703,2100,2996, ,CFS
SHA,H,76,INFLOW,20100703,2200,9924, ,CFS
SHA,H,76,INFLOW,20100703,2300,-2212, ,CFS
SHA,H,76,INFLOW,20100704,0000,10357, ,CFS
SHA,H,76,INFLOW,20100704,0100,826, ,CFS
SHA,H,76,INFLOW,20100704,0200,2554, ,CFS
SHA,H,76,INFLOW,20100704,0300,5674, ,CFS
SHA,H,76,INFLOW,20100704,0400,2263, ,CFS
SHA,H,76,INFLOW,20100704,0500,2245, ,CFS
SHA,H,76,INFLOW,20100704,0600,-1453, ,CFS
SHA,H,76,INFLOW,20100704,0700,2321, ,CFS
SHA,H,76,INFLOW,20100704,0800,3547, ,CFS
SHA,H,76,INFLOW,20100704,0900,1294, ,CFS
SHA,H,76,INFLOW,20100704,1000,4078, ,CFS
SHA,H,76,INFLOW,20100704,1100,-1947, ,CFS
SHA,H,76,INFLOW,20100704,1200,571, ,CFS
SHA,H,76,INFLOW,20100704,1300,1046, ,CFS
SHA,H,76,INFLOW,20100704,1400,7853, ,CFS
SHA,H,76,INFLOW,20100704,1500,6595, ,CFS
SHA,H,76,INFLOW,20100704,1600,7110, ,CFS
SHA,H,76,INFLOW,20100704,1700,10353, ,CFS
SHA,H,76,INFLOW,20100704,1800,9916, ,CFS
SHA,H,76,INFLOW,20100704,1900,5915, ,CFS
SHA,H,76,INFLOW,20100704,2000,6404, ,CFS
SHA,H,76,INFLOW,20100704,2100,9211, ,CFS
SHA,H,76,INFLOW,20100704,2200,7174, ,CFS
SHA,H,76,INFLOW,20100704,2300,6120, ,CFS
SHA,H,76,INFLOW,20100705,0000,9098, ,CFS
SHA,H,76,INFLOW,20100705,0100,507, ,CFS
SHA,H,76,INFLOW,20100705,0200,2792, ,CFS
SHA,H,76,INFLOW,20100705,0300,2087, ,CFS
SHA,H,76,INFLOW,20100705,0400,1950, ,CFS
SHA,H,76,INFLOW,20100705,0500,2360, ,CFS
SHA,H,76,INFLOW,20100705,0600,-602, ,CFS
SHA,H,76,INFLOW,20100705,0700,8423, ,CFS
SHA,H,76,INFLOW,20100705,0800,-2149, ,CFS
SHA,H,76,INFLOW,20100705,0900,1354, ,CFS
SHA,H,76,INFLOW,20100705,1000,531, ,CFS
SHA,H,76,INFLOW,20100705,1100,2292, ,CFS
SHA,H,76,INFLOW,20100705,1200,2426, ,CFS
SHA,H,76,INFLOW,20100705,1300,4964, ,CFS
SHA,H,76,INFLOW,20100705,1400,7251, ,CFS
SHA,H,76,INFLOW,20100705,1500,6845, ,CFS
SHA,H,76,INFLOW,20100705,1600,7025, ,CFS
SHA,H,76,INFLOW,20100705,1700,10681, ,CFS
SHA,H,76,INFLOW,20100705,1800,10494, ,CFS
SHA,H,76,INFLOW,20100705,1900,7269, ,CFS
SHA,H,76,INFLOW,20100705,2000,6526, ,CFS
SHA,H,76,INFLOW,20100705,2100,6017, ,CFS
SHA,H,76,INFLOW,20100705,2200,8199, ,CFS
SHA,H,76,INFLOW,20100705,2300,4551, ,CFS
SHA,H,76,INFLOW,20100706,0000,1406, ,CFS
SHA,H,76,INFLOW,20100706,0100,1553, ,CFS
SHA,H,76,INFLOW,20100706,0200,2811, ,CFS
SHA,H,76,INFLOW,20100706,0300,2607, ,CFS
SHA,H,76,INFLOW,20100706,0400,2525, ,CFS
SHA,H,76,INFLOW,20100706,0500,-1000, ,CFS
SHA,H,76,INFLOW,20100706,0600,2852, ,CFS
SHA,H,76,INFLOW,20100706,0700,894, ,CFS
SHA,H,76,INFLOW,20100706,0800,4924, ,CFS
SHA,H,76,INFLOW,20100706,0900,3056, ,CFS
SHA,H,76,INFLOW,20100706,1000,2056, ,CFS
SHA,H,76,INFLOW,20100706,1100,1906, ,CFS
SHA,H,76,INFLOW,20100706,1200,2501, ,CFS
SHA,H,76,INFLOW,20100706,1300,4319, ,CFS
SHA,H,76,INFLOW,20100706,1400,4066, ,CFS
SHA,H,76,INFLOW,20100706,1500,4598, ,CFS
SHA,H,76,INFLOW,20100706,1600,7153, ,CFS
SHA,H,76,INFLOW,20100706,1700,10845, ,CFS
SHA,H,76,INFLOW,20100706,1800,6711, ,CFS
SHA,H,76,INFLOW,20100706,1900,9846, ,CFS
SHA,H,76,INFLOW,20100706,2000,2947, ,CFS
SHA,H,76,INFLOW,20100706,2100,5399, ,CFS
SHA,H,76,INFLOW,20100706,2200,6925, ,CFS
SHA,H,76,INFLOW,20100706,2300,3802, ,CFS
SHA,H,76,INFLOW,20100707,0000,1726, ,CFS
SHA,H,76,INFLOW,20100707,0100,3351, ,CFS
SHA,H,76,INFLOW,20100707,0200,-516, ,CFS
SHA,H,76,INFLOW,20100707,0300,6185, ,CFS
SHA,H,76,INFLOW,20100707,0400,-736, ,CFS
SHA,H,76,INFLOW,20100707,0500,2794, ,CFS
SHA,H,76,INFLOW,20100707,0600,2930, ,CFS
SHA,H,76,INFLOW,20100707,0700,5101, ,CFS
SHA,H,76,INFLOW,20100707,0800,-1520, ,CFS
SHA,H,76,INFLOW,20100707,0900,4699, ,CFS
SHA,H,76,INFLOW,20100707,1000,-1726, ,CFS
SHA,H,76,INFLOW,20100707,1100,270, ,CFS
SHA,H,76,INFLOW,20100707,1200,3607, ,CFS
SHA,H,76,INFLOW,20100707,1300,4333, ,CFS
SHA,H,76,INFLOW,20100707,1400,7634, ,CFS
SHA,H,76,INFLOW,20100707,1500,4835, ,CFS
SHA,H,76,INFLOW,20100707,1600,8726, ,CFS
SHA,H,76,INFLOW,20100707,1700,11969, ,CFS
SHA,H,76,INFLOW,20100707,1800,4722, ,CFS
SHA,H,76,INFLOW,20100707,1900,12429, ,CFS
SHA,H,76,INFLOW,20100707,2000,1318, ,CFS
SHA,H,76,INFLOW,20100707,2100,5206, ,CFS
SHA,H,76,INFLOW,20100707,2200,6137, ,CFS
SHA,H,76,INFLOW,20100707,2300,-2456, ,CFS
SHA,H,76,INFLOW,20100708,0000,6689, ,CFS
SHA,H,76,INFLOW,20100708,0100,715, ,CFS
SHA,H,76,INFLOW,20100708,0200,2938, ,CFS
SHA,H,76,INFLOW,20100708,0300,2690, ,CFS
SHA,H,76,INFLOW,20100708,0400,3072, ,CFS
SHA,H,76,INFLOW,20100708,0500,-347, ,CFS
SHA,H,76,INFLOW,20100708,0600,-166, ,CFS
SHA,H,76,INFLOW,20100708,0700,5480, ,CFS
SHA,H,76,INFLOW,20100708,0800,433, ,CFS
SHA,H,76,INFLOW,20100708,0900,-861, ,CFS
SHA,H,76,INFLOW,20100708,1000,8251, ,CFS
SHA,H,76,INFLOW,20100708,1100,-1249, ,CFS
SHA,H,76,INFLOW,20100708,1200,9594, ,CFS
SHA,H,76,INFLOW,20100708,1300,-307, ,CFS
SHA,H,76,INFLOW,20100708,1400,9425, ,CFS
SHA,H,76,INFLOW,20100708,1500,3507, ,CFS
SHA,H,76,INFLOW,20100708,1600,10375, ,CFS
SHA,H,76,INFLOW,20100708,1700,7188, ,CFS
SHA,H,76,INFLOW,20100708,1800,7671, ,CFS
SHA,H,76,INFLOW,20100708,1900,11122, ,CFS
SHA,H,76,INFLOW,20100708,2000,744, ,CFS
SHA,H,76,INFLOW,20100708,2100,11126, ,CFS
SHA,H,76,INFLOW,20100708,2200,4064, ,CFS
SHA,H,76,INFLOW,20100708,2300,7167, ,CFS
SHA,H,76,INFLOW,20100709,0000,-807, ,CFS
SHA,H,76,INFLOW,20100709,0100,4274, ,CFS
SHA,H,76,INFLOW,20100709,0200,3630, ,CFS
SHA,H,76,INFLOW,20100709,0300,3699, ,CFS
SHA,H,76,INFLOW,20100709,0400,-7, ,CFS
SHA,H,76,INFLOW,20100709,0500,39, ,CFS
SHA,H,76,INFLOW,20100709,0600,3756, ,CFS
SHA,H,76,INFLOW,20100709,0700,4273, ,CFS
SHA,H,76,INFLOW,20100709,0800,292, ,CFS
SHA,H,76,INFLOW,20100709,0900,4856, ,CFS
SHA,H,76,INFLOW,20100709,1000,-634, ,CFS
SHA,H,76,INFLOW,20100709,1100,2347, ,CFS
SHA,H,76,INFLOW,20100709,1200,5426, ,CFS
SHA,H,76,INFLOW,20100709,1300,2732, ,CFS
SHA,H,76,INFLOW,20100709,1400,6459, ,CFS
SHA,H,76,INFLOW,20100709,1500,9906, ,CFS
SHA,H,76,INFLOW,20100709,1600,3962, ,CFS
SHA,H,76,INFLOW,20100709,1700,13569, ,CFS
SHA,H,76,INFLOW,20100709,1800,5800, ,CFS
SHA,H,76,INFLOW,20100709,1900,10281, ,CFS
SHA,H,76,INFLOW,20100709,2000,6258, ,CFS
SHA,H,76,INFLOW,20100709,2100,3381, ,CFS
SHA,H,76,INFLOW,20100709,2200,8241, ,CFS
SHA,H,76,INFLOW,20100709,2300,3921, ,CFS
SHA,H,76,INFLOW,20100710,0000,7146, ,CFS
SHA,H,76,INFLOW,20100710,0100,-2817, ,CFS
SHA,H,76,INFLOW,20100710,0200,6531, ,CFS
SHA,H,76,INFLOW,20100710,0300,-172, ,CFS
SHA,H,76,INFLOW,20100710,0400,-151, ,CFS
SHA,H,76,INFLOW,20100710,0500,3277, ,CFS
SHA,H,76,INFLOW,20100710,0600,3342, ,CFS
SHA,H,76,INFLOW,20100710,0700,1486, ,CFS
SHA,H,76,INFLOW,20100710,0800,3601, ,CFS
SHA,H,76,INFLOW,20100710,0900,1352, ,CFS
SHA,H,76,INFLOW,20100710,1000,2948, ,CFS
SHA,H,76,INFLOW,20100710,1100,104, ,CFS
SHA,H,76,INFLOW,20100710,1200,7097, ,CFS
SHA,H,76,INFLOW,20100710,1300,4970, ,CFS
SHA,H,76,INFLOW,20100710,1400,9322, ,CFS
SHA,H,76,INFLOW,20100710,1500,5913, ,CFS
SHA,H,76,INFLOW,20100710,1600,6464, ,CFS
SHA,H,76,INFLOW,20100710,1700,9307, ,CFS
SHA,H,76,INFLOW,20100710,1800,5631, ,CFS
SHA,H,76,INFLOW,20100710,1900,7364, ,CFS
SHA,H,76,INFLOW,20100710,2000,9112, ,CFS
SHA,H,76,INFLOW,20100710,2100,1887, ,CFS
SHA,H,76,INFLOW,20100710,2200,10982, ,CFS
SHA,H,76,INFLOW,20100710,2300,4215, ,CFS
SHA,H,76,INFLOW,20100711,0000,7027, ,CFS
SHA,H,76,INFLOW,20100711,0100,5712, ,CFS
SHA,H,76,INFLOW,20100711,0200,-238, ,CFS
SHA,H,76,INFLOW,20100711,0300,2912, ,CFS
SHA,H,76,INFLOW,20100711,0400,-478, ,CFS
SHA,H,76,INFLOW,20100711,0500,3415, ,CFS
SHA,H,76,INFLOW,20100711,0600,322, ,CFS
SHA,H,76,INFLOW,20100711,0700,2665, ,CFS
SHA,H,76,INFLOW,20100711,0800,-1122, ,CFS
SHA,H,76,INFLOW,20100711,0900,1974, ,CFS
SHA,H,76,INFLOW,20100711,1000,2519, ,CFS
SHA,H,76,INFLOW,20100711,1100,1954, ,CFS
SHA,H,76,INFLOW,20100711,1200,2276, ,CFS
SHA,H,76,INFLOW,20100711,1300,2240, ,CFS
SHA,H,76,INFLOW,20100711,1400,13188, ,CFS
SHA,H,76,INFLOW,20100711,1500,6599, ,CFS
SHA,H,76,INFLOW,20100711,1600,10032, ,CFS
SHA,H,76,INFLOW,20100711,1700,6168, ,CFS
SHA,H,76,INFLOW,20100711,1800,9454, ,CFS
SHA,H,76,INFLOW,20100711,1900,6052, ,CFS
SHA,H,76,INFLOW,20100711,2000,5866, ,CFS
SHA,H,76,INFLOW,20100711,2100,6563, ,CFS
SHA,H,76,INFLOW,20100711,2200,3494, ,CFS
SHA,H,76,INFLOW,20100711,2300,6863, ,CFS
SHA,H,76,INFLOW,20100712,0000,2985, ,CFS
SHA,H,76,INFLOW,20100712,0100,7338, ,CFS
SHA,H,76,INFLOW,20100712,0200,-1990, ,CFS
SHA,H,76,INFLOW,20100712,0300,4404, ,CFS
SHA,H,76,INFLOW,20100712,0400,843, ,CFS
SHA,H,76,INFLOW,20100712,0500,940, ,CFS
SHA,H,76,INFLOW,20100712,0600,940, ,CFS
SHA,H,76,INFLOW,20100712,0700,4477, ,CFS
SHA,H,76,INFLOW,20100712,0800,1461, ,CFS
SHA,H,76,INFLOW,20100712,0900,2624, ,CFS
SHA,H,76,INFLOW,20100712,1000,-1739, ,CFS
SHA,H,76,INFLOW,20100712,1100,20, ,CFS
SHA,H,76,INFLOW,20100712,1200,6938, ,CFS
SHA,H,76,INFLOW,20100712,1300,5616, ,CFS
SHA,H,76,INFLOW,20100712,1400,6734, ,CFS
SHA,H,76,INFLOW,20100712,1500,10207, ,CFS
SHA,H,76,INFLOW,20100712,1600,7092, ,CFS
SHA,H,76,INFLOW,20100712,1700,6811, ,CFS
SHA,H,76,INFLOW,20100712,1800,6443, ,CFS
SHA,H,76,INFLOW,20100712,1900,6964, ,CFS
SHA,H,76,INFLOW,20100712,2000,6615, ,CFS
SHA,H,76,INFLOW,20100712,2100,2958, ,CFS
SHA,H,76,INFLOW,20100712,2200,4686, ,CFS
SHA,H,76,INFLOW,20100712,2300,5839, ,CFS
SHA,H,76,INFLOW,20100713,0000,-521, ,CFS
SHA,H,76,INFLOW,20100713,0100,7179, ,CFS
SHA,H,76,INFLOW,20100713,0200,22, ,CFS
SHA,H,76,INFLOW,20100713,0300,3198, ,CFS
SHA,H,76,INFLOW,20100713,0400,-732, ,CFS
SHA,H,76,INFLOW,20100713,0500,2652, ,CFS
SHA,H,76,INFLOW,20100713,0600,-490, ,CFS
SHA,H,76,INFLOW,20100713,0700,1813, ,CFS
SHA,H,76,INFLOW,20100713,0800,1024, ,CFS
SHA,H,76,INFLOW,20100713,0900,2671, ,CFS
SHA,H,76,INFLOW,20100713,1000,639, ,CFS
SHA,H,76,INFLOW,20100713,1100,9620, ,CFS
SHA,H,76,INFLOW,20100713,1200,-37, ,CFS
SHA,H,76,INFLOW,20100713,1300,7767, ,CFS
SHA,H,76,INFLOW,20100713,1400,8248, ,CFS
SHA,H,76,INFLOW,20100713,1500,5089, ,CFS
SHA,H,76,INFLOW,20100713,1600,9153, ,CFS
SHA,H,76,INFLOW,20100713,1700,8756, ,CFS
SHA,H,76,INFLOW,20100713,1800,2979, ,CFS
SHA,H,76,INFLOW,20100713,1900,8936, ,CFS
SHA,H,76,INFLOW,20100713,2000,2262, ,CFS
SHA,H,76,INFLOW,20100713,2100,8587, ,CFS
SHA,H,76,INFLOW,20100713,2200,5418, ,CFS
SHA,H,76,INFLOW,20100713,2300,4764, ,CFS
SHA,H,76,INFLOW,20100714,0000,2373, ,CFS
SHA,H,76,INFLOW,20100714,0100,6634, ,CFS
SHA,H,76,INFLOW,20100714,0200,1011, ,CFS
SHA,H,76,INFLOW,20100714,0300,4023, ,CFS
SHA,H,76,INFLOW,20100714,0400,384, ,CFS
SHA,H,76,INFLOW,20100714,0500,414, ,CFS
SHA,H,76,INFLOW,20100714,0600,717, ,CFS
SHA,H,76,INFLOW,20100714,0700,6232, ,CFS
SHA,H,76,INFLOW,20100714,0800,-1880, ,CFS
SHA,H,76,INFLOW,20100714,0900,2454, ,CFS
SHA,H,76,INFLOW,20100714,1000,1613, ,CFS
SHA,H,76,INFLOW,20100714,1100,1567, ,CFS
SHA,H,76,INFLOW,20100714,1200,2198, ,CFS
SHA,H,76,INFLOW,20100714,1300,4875, ,CFS
SHA,H,76,INFLOW,20100714,1400,8547, ,CFS
SHA,H,76,INFLOW,20100714,1500,4843, ,CFS
SHA,H,76,INFLOW,20100714,1600,10276, ,CFS
SHA,H,76,INFLOW,20100714,1700,7292, ,CFS
SHA,H,76,INFLOW,20100714,1800,6892, ,CFS
SHA,H,76,INFLOW,20100714,1900,8062, ,CFS
SHA,H,76,INFLOW,20100714,2000,4437, ,CFS
SHA,H,76,INFLOW,20100714,2100,7737, ,CFS
SHA,H,76,INFLOW,20100714,2200,7833, ,CFS
SHA,H,76,INFLOW,20100714,2300,3726, ,CFS
SHA,H,76,INFLOW,20100715,0000,7359, ,CFS
SHA,H,76,INFLOW,20100715,0100,1361, ,CFS
SHA,H,76,INFLOW,20100715,0200,534, ,CFS
SHA,H,76,INFLOW,20100715,0300,3815, ,CFS
SHA,H,76,INFLOW,20100715,0400,298, ,CFS
SHA,H,76,INFLOW,20100715,0500,3690, ,CFS
SHA,H,76,INFLOW,20100715,0600,513, ,CFS
SHA,H,76,INFLOW,20100715,0700,981, ,CFS
SHA,H,76,INFLOW,20100715,0800,1102, ,CFS
SHA,H,76,INFLOW,20100715,0900,-1824, ,CFS
SHA,H,76,INFLOW,20100715,1000,1426, ,CFS
SHA,H,76,INFLOW,20100715,1100,643, ,CFS
SHA,H,76,INFLOW,20100715,1200,2778, ,CFS
SHA,H,76,INFLOW,20100715,1300,9426, ,CFS
SHA,H,76,INFLOW,20100715,1400,4774, ,CFS
SHA,H,76,INFLOW,20100715,1500,8868, ,CFS
SHA,H,76,INFLOW,20100715,1600,5739, ,CFS
SHA,H,76,INFLOW,20100715,1700,8970, ,CFS
SHA,H,76,INFLOW,20100715,1800,8784, ,CFS
SHA,H,76,INFLOW,20100715,1900,8098, ,CFS
SHA,H,76,INFLOW,20100715,2000,4478, ,CFS
SHA,H,76,INFLOW,20100715,2100,7765, ,CFS
SHA,H,76,INFLOW,20100715,2200,4213, ,CFS
SHA,H,76,INFLOW,20100715,2300,4515, ,CFS
SHA,H,76,INFLOW,20100716,0000,3346, ,CFS
SHA,H,76,INFLOW,20100716,0100,8396, ,CFS
SHA,H,76,INFLOW,20100716,0200,431, ,CFS
SHA,H,76,INFLOW,20100716,0300,3708, ,CFS
SHA,H,76,INFLOW,20100716,0400,434, ,CFS
SHA,H,76,INFLOW,20100716,0500,4011, ,CFS
SHA,H,76,INFLOW,20100716,0600,881, ,CFS
SHA,H,76,INFLOW,20100716,0700,2704, ,CFS
SHA,H,76,INFLOW,20100716,0800,1319, ,CFS
SHA,H,76,INFLOW,20100716,0900,1576, ,CFS
SHA,H,76,INFLOW,20100716,1000,-1881, ,CFS
SHA,H,76,INFLOW,20100716,1100,-508, ,CFS
SHA,H,76,INFLOW,20100716,1200,4975, ,CFS
SHA,H,76,INFLOW,20100716,1300,6630, ,CFS
SHA,H,76,INFLOW,20100716,1400,8407, ,CFS
SHA,H,76,INFLOW,20100716,1500,3966, ,CFS
SHA,H,76,INFLOW,20100716,1600,10813, ,CFS
SHA,H,76,INFLOW,20100716,1700,7680, ,CFS
SHA,H,76,INFLOW,20100716,1800,7467, ,CFS
SHA,H,76,INFLOW,20100716,1900,6835, ,CFS
SHA,H,76,INFLOW,20100716,2000,6246, ,CFS
SHA,H,76,INFLOW,20100716,2100,4264, ,CFS
SHA,H,76,INFLOW,20100716,2200,8530, ,CFS
SHA,H,76,INFLOW,20100716,2300,2243, ,CFS
SHA,H,76,INFLOW,20100717,0000,1360, ,CFS
SHA,H,76,INFLOW,20100717,0100,1615, ,CFS
SHA,H,76,INFLOW,20100717,0200,3932, ,CFS
SHA,H,76,INFLOW,20100717,0300,228, ,CFS
SHA,H,76,INFLOW,20100717,0400,3580, ,CFS
SHA,H,76,INFLOW,20100717,0500,3817, ,CFS
SHA,H,76,INFLOW,20100717,0600,375, ,CFS
SHA,H,76,INFLOW,20100717,0700,1894, ,CFS
SHA,H,76,INFLOW,20100717,0800,1618, ,CFS
SHA,H,76,INFLOW,20100717,0900,760, ,CFS
SHA,H,76,INFLOW,20100717,1000,1484, ,CFS
SHA,H,76,INFLOW,20100717,1100,-2299, ,CFS
SHA,H,76,INFLOW,20100717,1200,8363, ,CFS
SHA,H,76,INFLOW,20100717,1300,3291, ,CFS
SHA,H,76,INFLOW,20100717,1400,8336, ,CFS
SHA,H,76,INFLOW,20100717,1500,3960, ,CFS
SHA,H,76,INFLOW,20100717,1600,7105, ,CFS
SHA,H,76,INFLOW,20100717,1700,10550, ,CFS
SHA,H,76,INFLOW,20100717,1800,7355, ,CFS
SHA,H,76,INFLOW,20100717,1900,4084, ,CFS
SHA,H,76,INFLOW,20100717,2000,10517, ,CFS
SHA,H,76,INFLOW,20100717,2100,530, ,CFS
SHA,H,76,INFLOW,20100717,2200,7605, ,CFS
SHA,H,76,INFLOW,20100717,2300,1936, ,CFS
SHA,H,76,INFLOW,20100718,0000,3401, ,CFS
SHA,H,76,INFLOW,20100718,0100,2016, ,CFS
SHA,H,76,INFLOW,20100718,0200,531, ,CFS
SHA,H,76,INFLOW,20100718,0300,3255, ,CFS
SHA,H,76,INFLOW,20100718,0400,-245, ,CFS
SHA,H,76,INFLOW,20100718,0500,3644, ,CFS
SHA,H,76,INFLOW,20100718,0600,3473, ,CFS
SHA,H,76,INFLOW,20100718,0700,1302, ,CFS
SHA,H,76,INFLOW,20100718,0800,-919, ,CFS
SHA,H,76,INFLOW,20100718,0900,-374, ,CFS
SHA,H,76,INFLOW,20100718,1000,2402, ,CFS
SHA,H,76,INFLOW,20100718,1100,1030, ,CFS
SHA,H,76,INFLOW,20100718,1200,5180, ,CFS
SHA,H,76,INFLOW,20100718,1300,2965, ,CFS
SHA,H,76,INFLOW,20100718,1400,8517, ,CFS
SHA,H,76,INFLOW,20100718,1500,7395, ,CFS
SHA,H,76,INFLOW,20100718,1600,3831, ,CFS
SHA,H,76,INFLOW,20100718,1700,13818, ,CFS
SHA,H,76,INFLOW,20100718,1800,5047, ,CFS
SHA,H,76,INFLOW,20100718,1900,4953, ,CFS
SHA,H,76,INFLOW,20100718,2000,4882, ,CFS
SHA,H,76,INFLOW,20100718,2100,7720, ,CFS
SHA,H,76,INFLOW,20100718,2200,7330, ,CFS
SHA,H,76,INFLOW,20100718,2300,-105, ,CFS
SHA,H,76,INFLOW,20100719,0000,1854, ,CFS
SHA,H,76,INFLOW,20100719,0100,2464, ,CFS
SHA,H,76,INFLOW,20100719,0200,1670, ,CFS
SHA,H,76,INFLOW,20100719,0300,4527, ,CFS
SHA,H,76,INFLOW,20100719,0400,1313, ,CFS
SHA,H,76,INFLOW,20100719,0500,1288, ,CFS
SHA,H,76,INFLOW,20100719,0600,4762, ,CFS
SHA,H,76,INFLOW,20100719,0700,320, ,CFS
SHA,H,76,INFLOW,20100719,0800,161, ,CFS
SHA,H,76,INFLOW,20100719,0900,3512, ,CFS
SHA,H,76,INFLOW,20100719,1000,-1914, ,CFS
SHA,H,76,INFLOW,20100719,1100,4175, ,CFS
SHA,H,76,INFLOW,20100719,1200,1085, ,CFS
SHA,H,76,INFLOW,20100719,1300,2846, ,CFS
SHA,H,76,INFLOW,20100719,1400,8898, ,CFS
SHA,H,76,INFLOW,20100719,1500,4732, ,CFS
SHA,H,76,INFLOW,20100719,1600,10913, ,CFS
SHA,H,76,INFLOW,20100719,1700,10407, ,CFS
SHA,H,76,INFLOW,20100719,1800,4390, ,CFS
SHA,H,76,INFLOW,20100719,1900,7616, ,CFS
SHA,H,76,INFLOW,20100719,2000,4276, ,CFS
SHA,H,76,INFLOW,20100719,2100,6522, ,CFS
SHA,H,76,INFLOW,20100719,2200,4584, ,CFS
SHA,H,76,INFLOW,20100719,2300,5654, ,CFS
SHA,H,76,INFLOW,20100720,0000,1423, ,CFS
SHA,H,76,INFLOW,20100720,0100,4041, ,CFS
SHA,H,76,INFLOW,20100720,0200,1475, ,CFS
SHA,H,76,INFLOW,20100720,0300,994, ,CFS
SHA,H,76,INFLOW,20100720,0400,1181, ,CFS
SHA,H,76,INFLOW,20100720,0500,1191, ,CFS
SHA,H,76,INFLOW,20100720,0600,1040, ,CFS
SHA,H,76,INFLOW,20100720,0700,801, ,CFS
SHA,H,76,INFLOW,20100720,0800,4338, ,CFS
SHA,H,76,INFLOW,20100720,0900,-2575, ,CFS
SHA,H,76,INFLOW,20100720,1000,-1356, ,CFS
SHA,H,76,INFLOW,20100720,1100,2230, ,CFS
SHA,H,76,INFLOW,20100720,1200,4942, ,CFS
SHA,H,76,INFLOW,20100720,1300,2383, ,CFS
SHA,H,76,INFLOW,20100720,1400,7389, ,CFS
SHA,H,76,INFLOW,20100720,1500,10287, ,CFS
SHA,H,76,INFLOW,20100720,1600,7641, ,CFS
SHA,H,76,INFLOW,20100720,1700,7674, ,CFS
SHA,H,76,INFLOW,20100720,1800,6181, ,CFS
SHA,H,76,INFLOW,20100720,1900,6577, ,CFS
SHA,H,76,INFLOW,20100720,2000,7203, ,CFS
SHA,H,76,INFLOW,20100720,2100,7313, ,CFS
SHA,H,76,INFLOW,20100720,2200,1398, ,CFS
SHA,H,76,INFLOW,20100720,2300,4376, ,CFS
SHA,H,76,INFLOW,20100721,0000,4563, ,CFS
SHA,H,76,INFLOW,20100721,0100,1682, ,CFS
SHA,H,76,INFLOW,20100721,0200,2079, ,CFS
SHA,H,76,INFLOW,20100721,0300,1903, ,CFS
SHA,H,76,INFLOW,20100721,0400,-1371, ,CFS
SHA,H,76,INFLOW,20100721,0500,1734, ,CFS
SHA,H,76,INFLOW,20100721,0600,5241, ,CFS
SHA,H,76,INFLOW,20100721,0700,-3056, ,CFS
SHA,H,76,INFLOW,20100721,0800,3550, ,CFS
SHA,H,76,INFLOW,20100721,0900,3735, ,CFS
SHA,H,76,INFLOW,20100721,1000,-2757, ,CFS
SHA,H,76,INFLOW,20100721,1100,6119, ,CFS
SHA,H,76,INFLOW,20100721,1200,4376, ,CFS
SHA,H,76,INFLOW,20100721,1300,4457, ,CFS
SHA,H,76,INFLOW,20100721,1400,8241, ,CFS
SHA,H,76,INFLOW,20100721,1500,5027, ,CFS
SHA,H,76,INFLOW,20100721,1600,8914, ,CFS
SHA,H,76,INFLOW,20100721,1700,9834, ,CFS
SHA,H,76,INFLOW,20100721,1800,3749, ,CFS
SHA,H,76,INFLOW,20100721,1900,6647, ,CFS
SHA,H,76,INFLOW,20100721,2000,6628, ,CFS
SHA,H,76,INFLOW,20100721,2100,6203, ,CFS
SHA,H,76,INFLOW,20100721,2200,2494, ,CFS
SHA,H,76,INFLOW,20100721,2300,2354, ,CFS
SHA,H,76,INFLOW,20100722,0000,3505, ,CFS
SHA,H,76,INFLOW,20100722,0100,3430, ,CFS
SHA,H,76,INFLOW,20100722,0200,-2560, ,CFS
SHA,H,76,INFLOW,20100722,0300,3739, ,CFS
SHA,H,76,INFLOW,20100722,0400,440, ,CFS
SHA,H,76,INFLOW,20100722,0500,554, ,CFS
SHA,H,76,INFLOW,20100722,0600,877, ,CFS
SHA,H,76,INFLOW,20100722,0700,3700, ,CFS
SHA,H,76,INFLOW,20100722,0800,706, ,CFS
SHA,H,76,INFLOW,20100722,0900,524, ,CFS
SHA,H,76,INFLOW,20100722,1000,1300, ,CFS
SHA,H,76,INFLOW,20100722,1100,6433, ,CFS
SHA,H,76,INFLOW,20100722,1200,2365, ,CFS
SHA,H,76,INFLOW,20100722,1300,3818, ,CFS
SHA,H,76,INFLOW,20100722,1400,7101, ,CFS
SHA,H,76,INFLOW,20100722,1500,7461, ,CFS
SHA,H,76,INFLOW,20100722,1600,7855, ,CFS
SHA,H,76,INFLOW,20100722,1700,11325, ,CFS
SHA,H,76,INFLOW,20100722,1800,6997, ,CFS
SHA,H,76,INFLOW,20100722,1900,3361, ,CFS
SHA,H,76,INFLOW,20100722,2000,5586, ,CFS
SHA,H,76,INFLOW,20100722,2100,7831, ,CFS
SHA,H,76,INFLOW,20100722,2200,348, ,CFS
SHA,H,76,INFLOW,20100722,2300,3265, ,CFS
SHA,H,76,INFLOW,20100723,0000,6916, ,CFS
SHA,H,76,INFLOW,20100723,0100,766, ,CFS
SHA,H,76,INFLOW,20100723,0200,853, ,CFS
SHA,H,76,INFLOW,20100723,0300,406, ,CFS
SHA,H,76,INFLOW,20100723,0400,394, ,CFS
SHA,H,76,INFLOW,20100723,0500,3630, ,CFS
SHA,H,76,INFLOW,20100723,0600,1105, ,CFS
SHA,H,76,INFLOW,20100723,0700,187, ,CFS
SHA,H,76,INFLOW,20100723,0800,3745, ,CFS
SHA,H,76,INFLOW,20100723,0900,929, ,CFS
SHA,H,76,INFLOW,20100723,1000,-2521, ,CFS
SHA,H,76,INFLOW,20100723,1100,1004, ,CFS
SHA,H,76,INFLOW,20100723,1200,3966, ,CFS
SHA,H,76,INFLOW,20100723,1300,5224, ,CFS
SHA,H,76,INFLOW,20100723,1400,8305, ,CFS
SHA,H,76,INFLOW,20100723,1500,5416, ,CFS
SHA,H,76,INFLOW,20100723,1600,5614, ,CFS
SHA,H,76,INFLOW,20100723,1700,11660, ,CFS
SHA,H,76,INFLOW,20100723,1800,3807, ,CFS
SHA,H,76,INFLOW,20100723,1900,6189, ,CFS
SHA,H,76,INFLOW,20100723,2000,8374, ,CFS
SHA,H,76,INFLOW,20100723,2100,951, ,CFS
SHA,H,76,INFLOW,20100723,2200,6971, ,CFS
SHA,H,76,INFLOW,20100723,2300,3889, ,CFS
SHA,H,76,INFLOW,20100724,0000,1399, ,CFS
SHA,H,76,INFLOW,20100724,0100,3015, ,CFS
SHA,H,76,INFLOW,20100724,0200,-446, ,CFS
SHA,H,76,INFLOW,20100724,0300,-458, ,CFS
SHA,H,76,INFLOW,20100724,0400,3118, ,CFS
SHA,H,76,INFLOW,20100724,0500,-132, ,CFS
SHA,H,76,INFLOW,20100724,0600,228, ,CFS
SHA,H,76,INFLOW,20100724,0700,2235, ,CFS
SHA,H,76,INFLOW,20100724,0800,2784, ,CFS
SHA,H,76,INFLOW,20100724,0900,-400, ,CFS
SHA,H,76,INFLOW,20100724,1000,-1500, ,CFS
SHA,H,76,INFLOW,20100724,1100,-679, ,CFS
SHA,H,76,INFLOW,20100724,1200,6176, ,CFS
SHA,H,76,INFLOW,20100724,1300,5875, ,CFS
SHA,H,76,INFLOW,20100724,1400,7618, ,CFS
SHA,H,76,INFLOW,20100724,1500,4886, ,CFS
SHA,H,76,INFLOW,20100724,1600,7659, ,CFS
SHA,H,76,INFLOW,20100724,1700,11112, ,CFS
SHA,H,76,INFLOW,20100724,1800,4363, ,CFS
SHA,H,76,INFLOW,20100724,1900,7027, ,CFS
SHA,H,76,INFLOW,20100724,2000,9904, ,CFS
SHA,H,76,INFLOW,20100724,2100,2975, ,CFS
SHA,H,76,INFLOW,20100724,2200,4273, ,CFS
SHA,H,76,INFLOW,20100724,2300,2227, ,CFS
SHA,H,76,INFLOW,20100725,0000,4884, ,CFS
SHA,H,76,INFLOW,20100725,0100,3454, ,CFS
SHA,H,76,INFLOW,20100725,0200,462, ,CFS
SHA,H,76,INFLOW,20100725,0300,3572, ,CFS
SHA,H,76,INFLOW,20100725,0400,458, ,CFS
SHA,H,76,INFLOW,20100725,0500,618, ,CFS
SHA,H,76,INFLOW,20100725,0600,3908, ,CFS
SHA,H,76,INFLOW,20100725,0700,191, ,CFS
SHA,H,76,INFLOW,20100725,0800,-3434, ,CFS
SHA,H,76,INFLOW,20100725,0900,4347, ,CFS
SHA,H,76,INFLOW,20100725,1000,-2544, ,CFS
SHA,H,76,INFLOW,20100725,1100,5441, ,CFS
SHA,H,76,INFLOW,20100725,1200,5509, ,CFS
SHA,H,76,INFLOW,20100725,1300,3348, ,CFS
SHA,H,76,INFLOW,20100725,1400,9017, ,CFS
SHA,H,76,INFLOW,20100725,1500,6612, ,CFS
SHA,H,76,INFLOW,20100725,1600,6703, ,CFS
SHA,H,76,INFLOW,20100725,1700,6574, ,CFS
SHA,H,76,INFLOW,20100725,1800,6514, ,CFS
SHA,H,76,INFLOW,20100725,1900,5258, ,CFS
SHA,H,76,INFLOW,20100725,2000,4915, ,CFS
SHA,H,76,INFLOW,20100725,2100,3506, ,CFS
SHA,H,76,INFLOW,20100725,2200,5784, ,CFS
SHA,H,76,INFLOW,20100725,2300,2867, ,CFS
SHA,H,76,INFLOW,20100726,0000,4958, ,CFS
SHA,H,76,INFLOW,20100726,0100,4708, ,CFS
SHA,H,76,INFLOW,20100726,0200,1483, ,CFS
SHA,H,76,INFLOW,20100726,0300,4456, ,CFS
SHA,H,76,INFLOW,20100726,0400,1202, ,CFS
SHA,H,76,INFLOW,20100726,0500,1216, ,CFS
SHA,H,76,INFLOW,20100726,0600,1453, ,CFS
SHA,H,76,INFLOW,20100726,0700,-2014, ,CFS
SHA,H,76,INFLOW,20100726,0800,560, ,CFS
SHA,H,76,INFLOW,20100726,0900,618, ,CFS
SHA,H,76,INFLOW,20100726,1000,4122, ,CFS
SHA,H,76,INFLOW,20100726,1100,1424, ,CFS
SHA,H,76,INFLOW,20100726,1200,1881, ,CFS
SHA,H,76,INFLOW,20100726,1300,5176, ,CFS
SHA,H,76,INFLOW,20100726,1400,8352, ,CFS
SHA,H,76,INFLOW,20100726,1500,7203, ,CFS
SHA,H,76,INFLOW,20100726,1600,7316, ,CFS
SHA,H,76,INFLOW,20100726,1700,4094, ,CFS
SHA,H,76,INFLOW,20100726,1800,7068, ,CFS
SHA,H,76,INFLOW,20100726,1900,5708, ,CFS
SHA,H,76,INFLOW,20100726,2000,8867, ,CFS
SHA,H,76,INFLOW,20100726,2100,2073, ,CFS
SHA,H,76,INFLOW,20100726,2200,3848, ,CFS
SHA,H,76,INFLOW,20100726,2300,4592, ,CFS
SHA,H,76,INFLOW,20100727,0000,5131, ,CFS
SHA,H,76,INFLOW,20100727,0100,1638, ,CFS
SHA,H,76,INFLOW,20100727,0200,720, ,CFS
SHA,H,76,INFLOW,20100727,0300,7193, ,CFS
SHA,H,76,INFLOW,20100727,0400,761, ,CFS
SHA,H,76,INFLOW,20100727,0500,743, ,CFS
SHA,H,76,INFLOW,20100727,0600,795, ,CFS
SHA,H,76,INFLOW,20100727,0700,1502, ,CFS
SHA,H,76,INFLOW,20100727,0800,1461, ,CFS
SHA,H,76,INFLOW,20100727,0900,1461, ,CFS
SHA,H,76,INFLOW,20100727,1000,1355, ,CFS
SHA,H,76,INFLOW,20100727,1100,1241, ,CFS
SHA,H,76,INFLOW,20100727,1200,1030, ,CFS
SHA,H,76,INFLOW,20100727,1300,2208, ,CFS
SHA,H,76,INFLOW,20100727,1400,9401, ,CFS
SHA,H,76,INFLOW,20100727,1500,9038, ,CFS
SHA,H,76,INFLOW,20100727,1600,6090, ,CFS
SHA,H,76,INFLOW,20100727,1700,6262, ,CFS
SHA,H,76,INFLOW,20100727,1800,6290, ,CFS
SHA,H,76,INFLOW,20100727,1900,4852, ,CFS
SHA,H,76,INFLOW,20100727,2000,4339, ,CFS
SHA,H,76,INFLOW,20100727,2100,1721, ,CFS
SHA,H,76,INFLOW,20100727,2200,7581, ,CFS
SHA,H,76,INFLOW,20100727,2300,1487, ,CFS
SHA,H,76,INFLOW,20100728,0000,4985, ,CFS
SHA,H,76,INFLOW,20100728,0100,3329, ,CFS
SHA,H,76,INFLOW,20100728,0200,2752, ,CFS
SHA,H,76,INFLOW,20100728,0300,-82, ,CFS
SHA,H,76,INFLOW,20100728,0400,3171, ,CFS
SHA,H,76,INFLOW,20100728,0500,-105, ,CFS
SHA,H,76,INFLOW,20100728,0600,3217, ,CFS
SHA,H,76,INFLOW,20100728,0700,1463, ,CFS
SHA,H,76,INFLOW,20100728,0800,1235, ,CFS
SHA,H,76,INFLOW,20100728,0900,-1017, ,CFS
SHA,H,76,INFLOW,20100728,1000,2068, ,CFS
SHA,H,76,INFLOW,20100728,1100,2024, ,CFS
SHA,H,76,INFLOW,20100728,1200,5304, ,CFS
SHA,H,76,INFLOW,20100728,1300,2137, ,CFS
SHA,H,76,INFLOW,20100728,1400,8421, ,CFS
SHA,H,76,INFLOW,20100728,1500,5787, ,CFS
SHA,H,76,INFLOW,20100728,1600,3014, ,CFS
SHA,H,76,INFLOW,20100728,1700,2828, ,CFS
SHA,H,76,INFLOW,20100728,1800,9585, ,CFS
SHA,H,76,INFLOW,20100728,1900,7776, ,CFS
SHA,H,76,INFLOW,20100728,2000,3839, ,CFS
SHA,H,76,INFLOW,20100728,2100,7150, ,CFS
SHA,H,76,INFLOW,20100728,2200,3496, ,CFS
SHA,H,76,INFLOW,20100728,2300,8046, ,CFS
SHA,H,76,INFLOW,20100729,0000,1864, ,CFS
SHA,H,76,INFLOW,20100729,0100,3118, ,CFS
SHA,H,76,INFLOW,20100729,0200,1735, ,CFS
SHA,H,76,INFLOW,20100729,0300,5237, ,CFS
SHA,H,76,INFLOW,20100729,0400,2504, ,CFS
SHA,H,76,INFLOW,20100729,0500,2541, ,CFS
SHA,H,76,INFLOW,20100729,0600,-299, ,CFS
SHA,H,76,INFLOW,20100729,0700,381, ,CFS
SHA,H,76,INFLOW,20100729,0800,741, ,CFS
SHA,H,76,INFLOW,20100729,0900,845, ,CFS
SHA,H,76,INFLOW,20100729,1000,-1591, ,CFS
SHA,H,76,INFLOW,20100729,1100,1408, ,CFS
SHA,H,76,INFLOW,20100729,1200,4948, ,CFS
SHA,H,76,INFLOW,20100729,1300,1833, ,CFS
SHA,H,76,INFLOW,20100729,1400,6453, ,CFS
SHA,H,76,INFLOW,20100729,1500,8914, ,CFS
SHA,H,76,INFLOW,20100729,1600,5761, ,CFS
SHA,H,76,INFLOW,20100729,1700,9054, ,CFS
SHA,H,76,INFLOW,20100729,1800,5413, ,CFS
SHA,H,76,INFLOW,20100729,1900,10919, ,CFS
SHA,H,76,INFLOW,20100729,2000,4338, ,CFS
SHA,H,76,INFLOW,20100729,2100,1101, ,CFS
SHA,H,76,INFLOW,20100729,2200,10530, ,CFS
SHA,H,76,INFLOW,20100729,2300,-753, ,CFS
SHA,H,76,INFLOW,20100730,0000,3064, ,CFS
SHA,H,76,INFLOW,20100730,0100,4608, ,CFS
SHA,H,76,INFLOW,20100730,0200,1255, ,CFS
SHA,H,76,INFLOW,20100730,0300,4419, ,CFS
SHA,H,76,INFLOW,20100730,0400,775, ,CFS
SHA,H,76,INFLOW,20100730,0500,962, ,CFS
SHA,H,76,INFLOW,20100730,0600,1011, ,CFS
SHA,H,76,INFLOW,20100730,0700,1521, ,CFS
SHA,H,76,INFLOW,20100730,0800,1701, ,CFS
SHA,H,76,INFLOW,20100730,0900,-1530, ,CFS
SHA,H,76,INFLOW,20100730,1000,-1391, ,CFS
SHA,H,76,INFLOW,20100730,1100,1921, ,CFS
SHA,H,76,INFLOW,20100730,1200,1934, ,CFS
SHA,H,76,INFLOW,20100730,1300,2203, ,CFS
SHA,H,76,INFLOW,20100730,1400,10546, ,CFS
SHA,H,76,INFLOW,20100730,1500,9029, ,CFS
SHA,H,76,INFLOW,20100730,1600,5828, ,CFS
SHA,H,76,INFLOW,20100730,1700,9609, ,CFS
SHA,H,76,INFLOW,20100730,1800,3781, ,CFS
SHA,H,76,INFLOW,20100730,1900,6939, ,CFS
SHA,H,76,INFLOW,20100730,2000,6781, ,CFS
SHA,H,76,INFLOW,20100730,2100,6596, ,CFS
SHA,H,76,INFLOW,20100730,2200,3915, ,CFS
SHA,H,76,INFLOW,20100730,2300,2628, ,CFS
SHA,H,76,INFLOW,20100731,0000,3399, ,CFS
SHA,H,76,INFLOW,20100731,0100,4066, ,CFS
SHA,H,76,INFLOW,20100731,0200,663, ,CFS
SHA,H,76,INFLOW,20100731,0300,3621, ,CFS
SHA,H,76,INFLOW,20100731,0400,356, ,CFS
SHA,H,76,INFLOW,20100731,0500,3785, ,CFS
SHA,H,76,INFLOW,20100731,0600,604, ,CFS
SHA,H,76,INFLOW,20100731,0700,-3459, ,CFS
SHA,H,76,INFLOW,20100731,0800,3109, ,CFS
SHA,H,76,INFLOW,20100731,0900,64, ,CFS
SHA,H,76,INFLOW,20100731,1000,27, ,CFS
SHA,H,76,INFLOW,20100731,1100,125, ,CFS
SHA,H,76,INFLOW,20100731,1200,2667, ,CFS
SHA,H,76,INFLOW,20100731,1300,4197, ,CFS
SHA,H,76,INFLOW,20100731,1400,10635, ,CFS
SHA,H,76,INFLOW,20100731,1500,4692, ,CFS
SHA,H,76,INFLOW,20100731,1600,8431, ,CFS
SHA,H,76,INFLOW,20100731,1700,7202, ,CFS
SHA,H,76,INFLOW,20100731,1800,7167, ,CFS
SHA,H,76,INFLOW,20100731,1900,6766, ,CFS
SHA,H,76,INFLOW,20100731,2000,5391, ,CFS
SHA,H,76,INFLOW,20100731,2100,4840, ,CFS
SHA,H,76,INFLOW,20100731,2200,6193, ,CFS
SHA,H,76,INFLOW,20100731,2300,2478, ,CFS
SHA,H,76,INFLOW,20100801,0000,3415, ,CFS
SHA,H,76,INFLOW,20100801,0100,1203, ,CFS
SHA,H,76,INFLOW,20100801,0200,979, ,CFS
SHA,H,76,INFLOW,20100801,0300,4117, ,CFS
SHA,H,76,INFLOW,20100801,0400,1021, ,CFS
SHA,H,76,INFLOW,20100801,0500,985, ,CFS
SHA,H,76,INFLOW,20100801,0600,1142, ,CFS
SHA,H,76,INFLOW,20100801,0700,3803, ,CFS
SHA,H,76,INFLOW,20100801,0800,2087, ,CFS
SHA,H,76,INFLOW,20100801,0900,2189, ,CFS
SHA,H,76,INFLOW,20100801,1000,-251, ,CFS
SHA,H,76,INFLOW,20100801,1100,-1437, ,CFS
SHA,H,76,INFLOW,20100801,1200,2574, ,CFS
SHA,H,76,INFLOW,20100801,1300,6128, ,CFS
SHA,H,76,INFLOW,20100801,1400,8755, ,CFS
SHA,H,76,INFLOW,20100801,1500,6006, ,CFS
SHA,H,76,INFLOW,20100801,1600,8014, ,CFS
SHA,H,76,INFLOW,20100801,1700,8095, ,CFS
SHA,H,76,INFLOW,20100801,1800,4745, ,CFS
SHA,H,76,INFLOW,20100801,1900,5847, ,CFS
SHA,H,76,INFLOW,20100801,2000,7133, ,CFS
SHA,H,76,INFLOW,20100801,2100,886, ,CFS
SHA,H,76,INFLOW,20100801,2200,7667, ,CFS
SHA,H,76,INFLOW,20100801,2300,1760, ,CFS
SHA,H,76,INFLOW,20100802,0000,2337, ,CFS
SHA,H,76,INFLOW,20100802,0100,5115, ,CFS
SHA,H,76,INFLOW,20100802,0200,1652, ,CFS
SHA,H,76,INFLOW,20100802,0300,4241, ,CFS
SHA,H,76,INFLOW,20100802,0400,980, ,CFS
SHA,H,76,INFLOW,20100802,0500,910, ,CFS
SHA,H,76,INFLOW,20100802,0600,4249, ,CFS
SHA,H,76,INFLOW,20100802,0700,-2709, ,CFS
SHA,H,76,INFLOW,20100802,0800,3986, ,CFS
SHA,H,76,INFLOW,20100802,0900,-1380, ,CFS
SHA,H,76,INFLOW,20100802,1000,-1200, ,CFS
SHA,H,76,INFLOW,20100802,1100,2931, ,CFS
SHA,H,76,INFLOW,20100802,1200,3439, ,CFS
SHA,H,76,INFLOW,20100802,1300,3523, ,CFS
SHA,H,76,INFLOW,20100802,1400,9295, ,CFS
SHA,H,76,INFLOW,20100802,1500,8086, ,CFS
SHA,H,76,INFLOW,20100802,1600,4885, ,CFS
SHA,H,76,INFLOW,20100802,1700,7548, ,CFS
SHA,H,76,INFLOW,20100802,1800,4699, ,CFS
SHA,H,76,INFLOW,20100802,1900,7718, ,CFS
SHA,H,76,INFLOW,20100802,2000,6514, ,CFS
SHA,H,76,INFLOW,20100802,2100,119, ,CFS
SHA,H,76,INFLOW,20100802,2200,9542, ,CFS
SHA,H,76,INFLOW,20100802,2300,199, ,CFS
SHA,H,76,INFLOW,20100803,0000,7816, ,CFS
SHA,H,76,INFLOW,20100803,0100,1884, ,CFS
SHA,H,76,INFLOW,20100803,0200,466, ,CFS
SHA,H,76,INFLOW,20100803,0300,3690, ,CFS
SHA,H,76,INFLOW,20100803,0400,494, ,CFS
SHA,H,76,INFLOW,20100803,0500,3337, ,CFS
SHA,H,76,INFLOW,20100803,0600,3237, ,CFS
SHA,H,76,INFLOW,20100803,0700,106, ,CFS
SHA,H,76,INFLOW,20100803,0800,432, ,CFS
SHA,H,76,INFLOW,20100803,0900,3962, ,CFS
SHA,H,76,INFLOW,20100803,1000,-2162, ,CFS
SHA,H,76,INFLOW,20100803,1100,3265, ,CFS
SHA,H,76,INFLOW,20100803,1200,1863, ,CFS
SHA,H,76,INFLOW,20100803,1300,1921, ,CFS
SHA,H,76,INFLOW,20100803,1400,8828, ,CFS
SHA,H,76,INFLOW,20100803,1500,4615, ,CFS
SHA,H,76,INFLOW,20100803,1600,7859, ,CFS
SHA,H,76,INFLOW,20100803,1700,4721, ,CFS
SHA,H,76,INFLOW,20100803,1800,7870, ,CFS
SHA,H,76,INFLOW,20100803,1900,9195, ,CFS
SHA,H,76,INFLOW,20100803,2000,5316, ,CFS
SHA,H,76,INFLOW,20100803,2100,5249, ,CFS
SHA,H,76,INFLOW,20100803,2200,5048, ,CFS
SHA,H,76,INFLOW,20100803,2300,650, ,CFS
SHA,H,76,INFLOW,20100804,0000,5083, ,CFS
SHA,H,76,INFLOW,20100804,0100,1116, ,CFS
SHA,H,76,INFLOW,20100804,0200,940, ,CFS
SHA,H,76,INFLOW,20100804,0300,4572, ,CFS
SHA,H,76,INFLOW,20100804,0400,1346, ,CFS
SHA,H,76,INFLOW,20100804,0500,1233, ,CFS
SHA,H,76,INFLOW,20100804,0600,1264, ,CFS
SHA,H,76,INFLOW,20100804,0700,1620, ,CFS
SHA,H,76,INFLOW,20100804,0800,1916, ,CFS
SHA,H,76,INFLOW,20100804,0900,2657, ,CFS
SHA,H,76,INFLOW,20100804,1000,-1253, ,CFS
SHA,H,76,INFLOW,20100804,1100,-3227, ,CFS
SHA,H,76,INFLOW,20100804,1200,6337, ,CFS
SHA,H,76,INFLOW,20100804,1300,2681, ,CFS
SHA,H,76,INFLOW,20100804,1400,6364, ,CFS
SHA,H,76,INFLOW,20100804,1500,4892, ,CFS
SHA,H,76,INFLOW,20100804,1600,8167, ,CFS
SHA,H,76,INFLOW,20100804,1700,11353, ,CFS
SHA,H,76,INFLOW,20100804,1800,5036, ,CFS
SHA,H,76,INFLOW,20100804,1900,9598, ,CFS
SHA,H,76,INFLOW,20100804,2000,10427, ,CFS
SHA,H,76,INFLOW,20100804,2100,4738, ,CFS
SHA,H,76,INFLOW,20100804,2200,8430, ,CFS
SHA,H,76,INFLOW,20100804,2300,2605, ,CFS
SHA,H,76,INFLOW,20100805,0000,2451, ,CFS
SHA,H,76,INFLOW,20100805,0100,3167, ,CFS
SHA,H,76,INFLOW,20100805,0200,-264, ,CFS
SHA,H,76,INFLOW,20100805,0300,3201, ,CFS
SHA,H,76,INFLOW,20100805,0400,3273, ,CFS
SHA,H,76,INFLOW,20100805,0500,93, ,CFS
SHA,H,76,INFLOW,20100805,0600,420, ,CFS
SHA,H,76,INFLOW,20100805,0700,4680, ,CFS
SHA,H,76,INFLOW,20100805,0800,1946, ,CFS
SHA,H,76,INFLOW,20100805,0900,-1597, ,CFS
SHA,H,76,INFLOW,20100805,1000,-1163, ,CFS
SHA,H,76,INFLOW,20100805,1100,2239, ,CFS
SHA,H,76,INFLOW,20100805,1200,2732, ,CFS
SHA,H,76,INFLOW,20100805,1300,3953, ,CFS
SHA,H,76,INFLOW,20100805,1400,3965, ,CFS
SHA,H,76,INFLOW,20100805,1500,8092, ,CFS
SHA,H,76,INFLOW,20100805,1600,5296, ,CFS
SHA,H,76,INFLOW,20100805,1700,11485, ,CFS
SHA,H,76,INFLOW,20100805,1800,4676, ,CFS
SHA,H,76,INFLOW,20100805,1900,8023, ,CFS
SHA,H,76,INFLOW,20100805,2000,4975, ,CFS
SHA,H,76,INFLOW,20100805,2100,3940, ,CFS
SHA,H,76,INFLOW,20100805,2200,7551, ,CFS
SHA,H,76,INFLOW,20100805,2300,1903, ,CFS
SHA,H,76,INFLOW,20100806,0000,3173, ,CFS
SHA,H,76,INFLOW,20100806,0100,3373, ,CFS
SHA,H,76,INFLOW,20100806,0200,22, ,CFS
SHA,H,76,INFLOW,20100806,0300,3594, ,CFS
SHA,H,76,INFLOW,20100806,0400,385, ,CFS
SHA,H,76,INFLOW,20100806,0500,1998, ,CFS
SHA,H,76,INFLOW,20100806,0600,-993, ,CFS
SHA,H,76,INFLOW,20100806,0700,6276, ,CFS
SHA,H,76,INFLOW,20100806,0800,668, ,CFS
SHA,H,76,INFLOW,20100806,0900,1056, ,CFS
SHA,H,76,INFLOW,20100806,1000,-5266, ,CFS
SHA,H,76,INFLOW,20100806,1100,3590, ,CFS
SHA,H,76,INFLOW,20100806,1200,-307, ,CFS
SHA,H,76,INFLOW,20100806,1300,6074, ,CFS
SHA,H,76,INFLOW,20100806,1400,8435, ,CFS
SHA,H,76,INFLOW,20100806,1500,4937, ,CFS
SHA,H,76,INFLOW,20100806,1600,7958, ,CFS
SHA,H,76,INFLOW,20100806,1700,7668, ,CFS
SHA,H,76,INFLOW,20100806,1800,6556, ,CFS
SHA,H,76,INFLOW,20100806,1900,6543, ,CFS
SHA,H,76,INFLOW,20100806,2000,6017, ,CFS
SHA,H,76,INFLOW,20100806,2100,5212, ,CFS
SHA,H,76,INFLOW,20100806,2200,1743, ,CFS
SHA,H,76,INFLOW,20100806,2300,175, ,CFS
SHA,H,76,INFLOW,20100807,0000,5477, ,CFS
SHA,H,76,INFLOW,20100807,0100,3174, ,CFS
SHA,H,76,INFLOW,20100807,0200,3061, ,CFS
SHA,H,76,INFLOW,20100807,0300,3164, ,CFS
SHA,H,76,INFLOW,20100807,0400,56, ,CFS
SHA,H,76,INFLOW,20100807,0500,3375, ,CFS
SHA,H,76,INFLOW,20100807,0600,426, ,CFS
SHA,H,76,INFLOW,20100807,0700,-1624, ,CFS
SHA,H,76,INFLOW,20100807,0800,2316, ,CFS
SHA,H,76,INFLOW,20100807,0900,34, ,CFS
SHA,H,76,INFLOW,20100807,1000,-997, ,CFS
SHA,H,76,INFLOW,20100807,1100,-1421, ,CFS
SHA,H,76,INFLOW,20100807,1200,4544, ,CFS
SHA,H,76,INFLOW,20100807,1300,4423, ,CFS
SHA,H,76,INFLOW,20100807,1400,5643, ,CFS
SHA,H,76,INFLOW,20100807,1500,9340, ,CFS
SHA,H,76,INFLOW,20100807,1600,3539, ,CFS
SHA,H,76,INFLOW,20100807,1700,9585, ,CFS
SHA,H,76,INFLOW,20100807,1800,6387, ,CFS
SHA,H,76,INFLOW,20100807,1900,6061, ,CFS
SHA,H,76,INFLOW,20100807,2000,8253, ,CFS
SHA,H,76,INFLOW,20100807,2100,5831, ,CFS
SHA,H,76,INFLOW,20100807,2200,1680, ,CFS
SHA,H,76,INFLOW,20100807,2300,1900, ,CFS
SHA,H,76,INFLOW,20100808,0000,4703, ,CFS
SHA,H,76,INFLOW,20100808,0100,1129, ,CFS
SHA,H,76,INFLOW,20100808,0200,670, ,CFS
SHA,H,76,INFLOW,20100808,0300,3649, ,CFS
SHA,H,76,INFLOW,20100808,0400,-2289, ,CFS
SHA,H,76,INFLOW,20100808,0500,4098, ,CFS
SHA,H,76,INFLOW,20100808,0600,1185, ,CFS
SHA,H,76,INFLOW,20100808,0700,793, ,CFS
SHA,H,76,INFLOW,20100808,0800,-1757, ,CFS
SHA,H,76,INFLOW,20100808,0900,2459, ,CFS
SHA,H,76,INFLOW,20100808,1000,19, ,CFS
SHA,H,76,INFLOW,20100808,1100,1450, ,CFS
SHA,H,76,INFLOW,20100808,1200,3037, ,CFS
SHA,H,76,INFLOW,20100808,1300,5055, ,CFS
SHA,H,76,INFLOW,20100808,1400,8689, ,CFS
SHA,H,76,INFLOW,20100808,1500,4329, ,CFS
SHA,H,76,INFLOW,20100808,1600,5563, ,CFS
SHA,H,76,INFLOW,20100808,1700,5948, ,CFS
SHA,H,76,INFLOW,20100808,1800,9360, ,CFS
SHA,H,76,INFLOW,20100808,1900,9659, ,CFS
SHA,H,76,INFLOW,20100808,2000,5115, ,CFS
SHA,H,76,INFLOW,20100808,2100,5663, ,CFS
SHA,H,76,INFLOW,20100808,2200,6144, ,CFS
SHA,H,76,INFLOW,20100808,2300,-4500, ,CFS
SHA,H,76,INFLOW,20100809,0000,6334, ,CFS
SHA,H,76,INFLOW,20100809,0100,2840, ,CFS
SHA,H,76,INFLOW,20100809,0200,-204, ,CFS
SHA,H,76,INFLOW,20100809,0300,2889, ,CFS
SHA,H,76,INFLOW,20100809,0400,2972, ,CFS
SHA,H,76,INFLOW,20100809,0500,2967, ,CFS
SHA,H,76,INFLOW,20100809,0600,-3171, ,CFS
SHA,H,76,INFLOW,20100809,0700,3575, ,CFS
SHA,H,76,INFLOW,20100809,0800,267, ,CFS
SHA,H,76,INFLOW,20100809,0900,2296, ,CFS
SHA,H,76,INFLOW,20100809,1000,-1681, ,CFS
SHA,H,76,INFLOW,20100809,1100,4712, ,CFS
SHA,H,76,INFLOW,20100809,1200,881, ,CFS
SHA,H,76,INFLOW,20100809,1300,7633, ,CFS
SHA,H,76,INFLOW,20100809,1400,4086, ,CFS
SHA,H,76,INFLOW,20100809,1500,9983, ,CFS
SHA,H,76,INFLOW,20100809,1600,4107, ,CFS
SHA,H,76,INFLOW,20100809,1700,10302, ,CFS
SHA,H,76,INFLOW,20100809,1800,4154, ,CFS
SHA,H,76,INFLOW,20100809,1900,10466, ,CFS
SHA,H,76,INFLOW,20100809,2000,3903, ,CFS
SHA,H,76,INFLOW,20100809,2100,4045, ,CFS
SHA,H,76,INFLOW,20100809,2200,7078, ,CFS
SHA,H,76,INFLOW,20100809,2300,838, ,CFS
SHA,H,76,INFLOW,20100810,0000,2807, ,CFS
SHA,H,76,INFLOW,20100810,0100,1998, ,CFS
SHA,H,76,INFLOW,20100810,0200,2192, ,CFS
SHA,H,76,INFLOW,20100810,0300,2315, ,CFS
SHA,H,76,INFLOW,20100810,0400,2307, ,CFS
SHA,H,76,INFLOW,20100810,0500,1196, ,CFS
SHA,H,76,INFLOW,20100810,0600,1307, ,CFS
SHA,H,76,INFLOW,20100810,0700,2769, ,CFS
SHA,H,76,INFLOW,20100810,0800,-3201, ,CFS
SHA,H,76,INFLOW,20100810,0900,1062, ,CFS
SHA,H,76,INFLOW,20100810,1000,2110, ,CFS
SHA,H,76,INFLOW,20100810,1100,-987, ,CFS
SHA,H,76,INFLOW,20100810,1200,2799, ,CFS
SHA,H,76,INFLOW,20100810,1300,3894, ,CFS
SHA,H,76,INFLOW,20100810,1400,6611, ,CFS
SHA,H,76,INFLOW,20100810,1500,3726, ,CFS
SHA,H,76,INFLOW,20100810,1600,7345, ,CFS
SHA,H,76,INFLOW,20100810,1700,7227, ,CFS
SHA,H,76,INFLOW,20100810,1800,6526, ,CFS
SHA,H,76,INFLOW,20100810,1900,7414, ,CFS
SHA,H,76,INFLOW,20100810,2000,8770, ,CFS
SHA,H,76,INFLOW,20100810,2100,2043, ,CFS
SHA,H,76,INFLOW,20100810,2200,2835, ,CFS
SHA,H,76,INFLOW,20100810,2300,1040, ,CFS
SHA,H,76,INFLOW,20100811,0000,3973, ,CFS
SHA,H,76,INFLOW,20100811,0100,2927, ,CFS
SHA,H,76,INFLOW,20100811,0200,2877, ,CFS
SHA,H,76,INFLOW,20100811,0300,2815, ,CFS
SHA,H,76,INFLOW,20100811,0400,2759, ,CFS
SHA,H,76,INFLOW,20100811,0500,-393, ,CFS
SHA,H,76,INFLOW,20100811,0600,42, ,CFS
SHA,H,76,INFLOW,20100811,0700,1111, ,CFS
SHA,H,76,INFLOW,20100811,0800,4190, ,CFS
SHA,H,76,INFLOW,20100811,0900,-2675, ,CFS
SHA,H,76,INFLOW,20100811,1000,990, ,CFS
SHA,H,76,INFLOW,20100811,1100,3167, ,CFS
SHA,H,76,INFLOW,20100811,1200,1964, ,CFS
SHA,H,76,INFLOW,20100811,1300,7551, ,CFS
SHA,H,76,INFLOW,20100811,1400,2377, ,CFS
SHA,H,76,INFLOW,20100811,1500,3885, ,CFS
SHA,H,76,INFLOW,20100811,1600,5925, ,CFS
SHA,H,76,INFLOW,20100811,1700,6325, ,CFS
SHA,H,76,INFLOW,20100811,1800,9252, ,CFS
SHA,H,76,INFLOW,20100811,1900,6232, ,CFS
SHA,H,76,INFLOW,20100811,2000,6843, ,CFS
SHA,H,76,INFLOW,20100811,2100,3989, ,CFS
SHA,H,76,INFLOW,20100811,2200,5283, ,CFS
SHA,H,76,INFLOW,20100811,2300,3898, ,CFS
SHA,H,76,INFLOW,20100812,0000,4433, ,CFS
SHA,H,76,INFLOW,20100812,0100,2097, ,CFS
SHA,H,76,INFLOW,20100812,0200,2342, ,CFS
SHA,H,76,INFLOW,20100812,0300,2402, ,CFS
SHA,H,76,INFLOW,20100812,0400,-640, ,CFS
SHA,H,76,INFLOW,20100812,0500,2552, ,CFS
SHA,H,76,INFLOW,20100812,0600,-379, ,CFS
SHA,H,76,INFLOW,20100812,0700,264, ,CFS
SHA,H,76,INFLOW,20100812,0800,610, ,CFS
SHA,H,76,INFLOW,20100812,0900,-846, ,CFS
SHA,H,76,INFLOW,20100812,1000,-2146, ,CFS
SHA,H,76,INFLOW,20100812,1100,-296, ,CFS
SHA,H,76,INFLOW,20100812,1200,3175, ,CFS
SHA,H,76,INFLOW,20100812,1300,3384, ,CFS
SHA,H,76,INFLOW,20100812,1400,8057, ,CFS
SHA,H,76,INFLOW,20100812,1500,4839, ,CFS
SHA,H,76,INFLOW,20100812,1600,8002, ,CFS
SHA,H,76,INFLOW,20100812,1700,4791, ,CFS
SHA,H,76,INFLOW,20100812,1800,7641, ,CFS
SHA,H,76,INFLOW,20100812,1900,7510, ,CFS
SHA,H,76,INFLOW,20100812,2000,7215, ,CFS
SHA,H,76,INFLOW,20100812,2100,6145, ,CFS
SHA,H,76,INFLOW,20100812,2200,4382, ,CFS
SHA,H,76,INFLOW,20100812,2300,7451, ,CFS
SHA,H,76,INFLOW,20100813,0000,2724, ,CFS
SHA,H,76,INFLOW,20100813,0100,8689, ,CFS
SHA,H,76,INFLOW,20100813,0200,2232, ,CFS
SHA,H,76,INFLOW,20100813,0300,2620, ,CFS
SHA,H,76,INFLOW,20100813,0400,2449, ,CFS
SHA,H,76,INFLOW,20100813,0500,2559, ,CFS
SHA,H,76,INFLOW,20100813,0600,-287, ,CFS
SHA,H,76,INFLOW,20100813,0700,3090, ,CFS
SHA,H,76,INFLOW,20100813,0800,578, ,CFS
SHA,H,76,INFLOW,20100813,0900,3906, ,CFS
SHA,H,76,INFLOW,20100813,1000,979, ,CFS
SHA,H,76,INFLOW,20100813,1100,3965, ,CFS
SHA,H,76,INFLOW,20100813,1200,5316, ,CFS
SHA,H,76,INFLOW,20100813,1300,3388, ,CFS
SHA,H,76,INFLOW,20100813,1400,4102, ,CFS
SHA,H,76,INFLOW,20100813,1500,8260, ,CFS
SHA,H,76,INFLOW,20100813,1600,5517, ,CFS
SHA,H,76,INFLOW,20100813,1700,8629, ,CFS
SHA,H,76,INFLOW,20100813,1800,8215, ,CFS
SHA,H,76,INFLOW,20100813,1900,3675, ,CFS
SHA,H,76,INFLOW,20100813,2000,8367, ,CFS
SHA,H,76,INFLOW,20100813,2100,5010, ,CFS
SHA,H,76,INFLOW,20100813,2200,3546, ,CFS
SHA,H,76,INFLOW,20100813,2300,6406, ,CFS
SHA,H,76,INFLOW,20100814,0000,1511, ,CFS
SHA,H,76,INFLOW,20100814,0100,7999, ,CFS
SHA,H,76,INFLOW,20100814,0200,4599, ,CFS
SHA,H,76,INFLOW,20100814,0300,-1635, ,CFS
SHA,H,76,INFLOW,20100814,0400,7800, ,CFS
SHA,H,76,INFLOW,20100814,0500,-4640, ,CFS
SHA,H,76,INFLOW,20100814,0600,2092, ,CFS
SHA,H,76,INFLOW,20100814,0700,5146, ,CFS
SHA,H,76,INFLOW,20100814,0800,-1543, ,CFS
SHA,H,76,INFLOW,20100814,0900,1590, ,CFS
SHA,H,76,INFLOW,20100814,1000,-810, ,CFS
SHA,H,76,INFLOW,20100814,1100,4295, ,CFS
SHA,H,76,INFLOW,20100814,1200,2490, ,CFS
SHA,H,76,INFLOW,20100814,1300,4068, ,CFS
SHA,H,76,INFLOW,20100814,1400,5622, ,CFS
SHA,H,76,INFLOW,20100814,1500,7490, ,CFS
SHA,H,76,INFLOW,20100814,1600,1092, ,CFS
SHA,H,76,INFLOW,20100814,1700,10708, ,CFS
SHA,H,76,INFLOW,20100814,1800,7380, ,CFS
SHA,H,76,INFLOW,20100814,1900,4145, ,CFS
SHA,H,76,INFLOW,20100814,2000,12714, ,CFS
SHA,H,76,INFLOW,20100814,2100,5940, ,CFS
SHA,H,76,INFLOW,20100814,2200,3273, ,CFS
SHA,H,76,INFLOW,20100814,2300,7329, ,CFS
SHA,H,76,INFLOW,20100815,0000,2954, ,CFS
SHA,H,76,INFLOW,20100815,0100,6331, ,CFS
SHA,H,76,INFLOW,20100815,0200,-3009, ,CFS
SHA,H,76,INFLOW,20100815,0300,6316, ,CFS
SHA,H,76,INFLOW,20100815,0400,3223, ,CFS
SHA,H,76,INFLOW,20100815,0500,41, ,CFS
SHA,H,76,INFLOW,20100815,0600,3472, ,CFS
SHA,H,76,INFLOW,20100815,0700,4361, ,CFS
SHA,H,76,INFLOW,20100815,0800,-1798, ,CFS
SHA,H,76,INFLOW,20100815,0900,3552, ,CFS
SHA,H,76,INFLOW,20100815,1000,-2368, ,CFS
SHA,H,76,INFLOW,20100815,1100,-275, ,CFS
SHA,H,76,INFLOW,20100815,1200,2964, ,CFS
SHA,H,76,INFLOW,20100815,1300,5563, ,CFS
SHA,H,76,INFLOW,20100815,1400,6588, ,CFS
SHA,H,76,INFLOW,20100815,1500,3920, ,CFS
SHA,H,76,INFLOW,20100815,1600,6771, ,CFS
SHA,H,76,INFLOW,20100815,1700,6719, ,CFS
SHA,H,76,INFLOW,20100815,1800,10233, ,CFS
SHA,H,76,INFLOW,20100815,1900,6722, ,CFS
SHA,H,76,INFLOW,20100815,2000,4392, ,CFS
SHA,H,76,INFLOW,20100815,2100,10501, ,CFS
SHA,H,76,INFLOW,20100815,2200,1211, ,CFS
SHA,H,76,INFLOW,20100815,2300,7344, ,CFS
SHA,H,76,INFLOW,20100816,0000,-415, ,CFS
SHA,H,76,INFLOW,20100816,0100,6530, ,CFS
SHA,H,76,INFLOW,20100816,0200,661, ,CFS
SHA,H,76,INFLOW,20100816,0300,4099, ,CFS
SHA,H,76,INFLOW,20100816,0400,860, ,CFS
SHA,H,76,INFLOW,20100816,0500,-2354, ,CFS
SHA,H,76,INFLOW,20100816,0600,801, ,CFS
SHA,H,76,INFLOW,20100816,0700,6104, ,CFS
SHA,H,76,INFLOW,20100816,0800,-2039, ,CFS
SHA,H,76,INFLOW,20100816,0900,-1519, ,CFS
SHA,H,76,INFLOW,20100816,1000,1884, ,CFS
SHA,H,76,INFLOW,20100816,1100,-734, ,CFS
SHA,H,76,INFLOW,20100816,1200,4184, ,CFS
SHA,H,76,INFLOW,20100816,1300,2741, ,CFS
SHA,H,76,INFLOW,20100816,1400,5397, ,CFS
SHA,H,76,INFLOW,20100816,1500,5772, ,CFS
SHA,H,76,INFLOW,20100816,1600,2701, ,CFS
SHA,H,76,INFLOW,20100816,1700,8661, ,CFS
SHA,H,76,INFLOW,20100816,1800,8252, ,CFS
SHA,H,76,INFLOW,20100816,1900,7839, ,CFS
SHA,H,76,INFLOW,20100816,2000,5163, ,CFS
SHA,H,76,INFLOW,20100816,2100,12323, ,CFS
SHA,H,76,INFLOW,20100816,2200,818, ,CFS
SHA,H,76,INFLOW,20100816,2300,4086, ,CFS
SHA,H,76,INFLOW,20100817,0000,4241, ,CFS
SHA,H,76,INFLOW,20100817,0100,971, ,CFS
SHA,H,76,INFLOW,20100817,0200,3761, ,CFS
SHA,H,76,INFLOW,20100817,0300,4626, ,CFS
SHA,H,76,INFLOW,20100817,0400,1495, ,CFS
SHA,H,76,INFLOW,20100817,0500,1317, ,CFS
SHA,H,76,INFLOW,20100817,0600,4612, ,CFS
SHA,H,76,INFLOW,20100817,0700,-224, ,CFS
SHA,H,76,INFLOW,20100817,0800,4729, ,CFS
SHA,H,76,INFLOW,20100817,0900,-965, ,CFS
SHA,H,76,INFLOW,20100817,1000,-2911, ,CFS
SHA,H,76,INFLOW,20100817,1100,3479, ,CFS
SHA,H,76,INFLOW,20100817,1200,-373, ,CFS
SHA,H,76,INFLOW,20100817,1300,5908, ,CFS
SHA,H,76,INFLOW,20100817,1400,4763, ,CFS
SHA,H,76,INFLOW,20100817,1500,5135, ,CFS
SHA,H,76,INFLOW,20100817,1600,5865, ,CFS
SHA,H,76,INFLOW,20100817,1700,2578, ,CFS
SHA,H,76,INFLOW,20100817,1800,5325, ,CFS
SHA,H,76,INFLOW,20100817,1900,4577, ,CFS
SHA,H,76,INFLOW,20100817,2000,6742, ,CFS
SHA,H,76,INFLOW,20100817,2100,3238, ,CFS
SHA,H,76,INFLOW,20100817,2200,6185, ,CFS
SHA,H,76,INFLOW,20100817,2300,5786, ,CFS
SHA,H,76,INFLOW,20100818,0000,3056, ,CFS
SHA,H,76,INFLOW,20100818,0100,3585, ,CFS
SHA,H,76,INFLOW,20100818,0200,320, ,CFS
SHA,H,76,INFLOW,20100818,0300,3606, ,CFS
SHA,H,76,INFLOW,20100818,0400,427, ,CFS
SHA,H,76,INFLOW,20100818,0500,709, ,CFS
SHA,H,76,INFLOW,20100818,0600,946, ,CFS
SHA,H,76,INFLOW,20100818,0700,2567, ,CFS
SHA,H,76,INFLOW,20100818,0800,2395, ,CFS
SHA,H,76,INFLOW,20100818,0900,-1027, ,CFS
SHA,H,76,INFLOW,20100818,1000,-1351, ,CFS
SHA,H,76,INFLOW,20100818,1100,-400, ,CFS
SHA,H,76,INFLOW,20100818,1200,6661, ,CFS
SHA,H,76,INFLOW,20100818,1300,2331, ,CFS
SHA,H,76,INFLOW,20100818,1400,2484, ,CFS
SHA,H,76,INFLOW,20100818,1500,5572, ,CFS
SHA,H,76,INFLOW,20100818,1600,5628, ,CFS
SHA,H,76,INFLOW,20100818,1700,8368, ,CFS
SHA,H,76,INFLOW,20100818,1800,7111, ,CFS
SHA,H,76,INFLOW,20100818,1900,9643, ,CFS
SHA,H,76,INFLOW,20100818,2000,8135, ,CFS
SHA,H,76,INFLOW,20100818,2100,5532, ,CFS
SHA,H,76,INFLOW,20100818,2200,5600, ,CFS
SHA,H,76,INFLOW,20100818,2300,6175, ,CFS
SHA,H,76,INFLOW,20100819,0000,360, ,CFS
SHA,H,76,INFLOW,20100819,0100,2661, ,CFS
SHA,H,76,INFLOW,20100819,0200,2507, ,CFS
SHA,H,76,INFLOW,20100819,0300,-347, ,CFS
SHA,H,76,INFLOW,20100819,0400,2334, ,CFS
SHA,H,76,INFLOW,20100819,0500,2591, ,CFS
SHA,H,76,INFLOW,20100819,0600,-207, ,CFS
SHA,H,76,INFLOW,20100819,0700,1640, ,CFS
SHA,H,76,INFLOW,20100819,0800,2204, ,CFS
SHA,H,76,INFLOW,20100819,0900,-394, ,CFS
SHA,H,76,INFLOW,20100819,1000,103, ,CFS
SHA,H,76,INFLOW,20100819,1100,-675, ,CFS
SHA,H,76,INFLOW,20100819,1200,5757, ,CFS
SHA,H,76,INFLOW,20100819,1300,7606, ,CFS
SHA,H,76,INFLOW,20100819,1400,5637, ,CFS
SHA,H,76,INFLOW,20100819,1500,5815, ,CFS
SHA,H,76,INFLOW,20100819,1600,2640, ,CFS
SHA,H,76,INFLOW,20100819,1700,9086, ,CFS
SHA,H,76,INFLOW,20100819,1800,5978, ,CFS
SHA,H,76,INFLOW,20100819,1900,5661, ,CFS
SHA,H,76,INFLOW,20100819,2000,11243, ,CFS
SHA,H,76,INFLOW,20100819,2100,8232, ,CFS
SHA,H,76,INFLOW,20100819,2200,2726, ,CFS
SHA,H,76,INFLOW,20100819,2300,2856, ,CFS
SHA,H,76,INFLOW,20100820,0000,5697, ,CFS
SHA,H,76,INFLOW,20100820,0100,3037, ,CFS
SHA,H,76,INFLOW,20100820,0200,2995, ,CFS
SHA,H,76,INFLOW,20100820,0300,2328, ,CFS
SHA,H,76,INFLOW,20100820,0400,-1087, ,CFS
SHA,H,76,INFLOW,20100820,0500,2250, ,CFS
SHA,H,76,INFLOW,20100820,0600,2701, ,CFS
SHA,H,76,INFLOW,20100820,0700,3066, ,CFS
SHA,H,76,INFLOW,20100820,0800,653, ,CFS
SHA,H,76,INFLOW,20100820,0900,257, ,CFS
SHA,H,76,INFLOW,20100820,1000,-1108, ,CFS
SHA,H,76,INFLOW,20100820,1100,-1085, ,CFS
SHA,H,76,INFLOW,20100820,1200,4129, ,CFS
SHA,H,76,INFLOW,20100820,1300,3518, ,CFS
SHA,H,76,INFLOW,20100820,1400,2213, ,CFS
SHA,H,76,INFLOW,20100820,1500,5636, ,CFS
SHA,H,76,INFLOW,20100820,1600,8795, ,CFS
SHA,H,76,INFLOW,20100820,1700,8684, ,CFS
SHA,H,76,INFLOW,20100820,1800,7923, ,CFS
SHA,H,76,INFLOW,20100820,1900,6118, ,CFS
SHA,H,76,INFLOW,20100820,2000,8075, ,CFS
SHA,H,76,INFLOW,20100820,2100,6671, ,CFS
SHA,H,76,INFLOW,20100820,2200,1839, ,CFS
SHA,H,76,INFLOW,20100820,2300,6073, ,CFS
SHA,H,76,INFLOW,20100821,0000,3238, ,CFS
SHA,H,76,INFLOW,20100821,0100,-5, ,CFS
SHA,H,76,INFLOW,20100821,0200,5749, ,CFS
SHA,H,76,INFLOW,20100821,0300,-363, ,CFS
SHA,H,76,INFLOW,20100821,0400,-405, ,CFS
SHA,H,76,INFLOW,20100821,0500,2862, ,CFS
SHA,H,76,INFLOW,20100821,0600,-3129, ,CFS
SHA,H,76,INFLOW,20100821,0700,6168, ,CFS
SHA,H,76,INFLOW,20100821,0800,-2691, ,CFS
SHA,H,76,INFLOW,20100821,0900,282, ,CFS
SHA,H,76,INFLOW,20100821,1000,1604, ,CFS
SHA,H,76,INFLOW,20100821,1100,545, ,CFS
SHA,H,76,INFLOW,20100821,1200,2331, ,CFS
SHA,H,76,INFLOW,20100821,1300,2030, ,CFS
SHA,H,76,INFLOW,20100821,1400,3328, ,CFS
SHA,H,76,INFLOW,20100821,1500,7548, ,CFS
SHA,H,76,INFLOW,20100821,1600,1864, ,CFS
SHA,H,76,INFLOW,20100821,1700,11518, ,CFS
SHA,H,76,INFLOW,20100821,1800,8051, ,CFS
SHA,H,76,INFLOW,20100821,1900,4251, ,CFS
SHA,H,76,INFLOW,20100821,2000,9596, ,CFS
SHA,H,76,INFLOW,20100821,2100,7765, ,CFS
SHA,H,76,INFLOW,20100821,2200,3894, ,CFS
SHA,H,76,INFLOW,20100821,2300,4335, ,CFS
SHA,H,76,INFLOW,20100822,0000,4948, ,CFS
SHA,H,76,INFLOW,20100822,0100,-2675, ,CFS
SHA,H,76,INFLOW,20100822,0200,3238, ,CFS
SHA,H,76,INFLOW,20100822,0300,-186, ,CFS
SHA,H,76,INFLOW,20100822,0400,-256, ,CFS
SHA,H,76,INFLOW,20100822,0500,2865, ,CFS
SHA,H,76,INFLOW,20100822,0600,9, ,CFS
SHA,H,76,INFLOW,20100822,0700,1565, ,CFS
SHA,H,76,INFLOW,20100822,0800,1884, ,CFS
SHA,H,76,INFLOW,20100822,0900,-458, ,CFS
SHA,H,76,INFLOW,20100822,1000,-1438, ,CFS
SHA,H,76,INFLOW,20100822,1100,778, ,CFS
SHA,H,76,INFLOW,20100822,1200,4474, ,CFS
SHA,H,76,INFLOW,20100822,1300,-1732, ,CFS
SHA,H,76,INFLOW,20100822,1400,4131, ,CFS
SHA,H,76,INFLOW,20100822,1500,1099, ,CFS
SHA,H,76,INFLOW,20100822,1600,4456, ,CFS
SHA,H,76,INFLOW,20100822,1700,7558, ,CFS
SHA,H,76,INFLOW,20100822,1800,7662, ,CFS
SHA,H,76,INFLOW,20100822,1900,10675, ,CFS
SHA,H,76,INFLOW,20100822,2000,5084, ,CFS
SHA,H,76,INFLOW,20100822,2100,9441, ,CFS
SHA,H,76,INFLOW,20100822,2200,3823, ,CFS
SHA,H,76,INFLOW,20100822,2300,4039, ,CFS
SHA,H,76,INFLOW,20100823,0000,2007, ,CFS
SHA,H,76,INFLOW,20100823,0100,-1412, ,CFS
SHA,H,76,INFLOW,20100823,0200,4076, ,CFS
SHA,H,76,INFLOW,20100823,0300,193, ,CFS
SHA,H,76,INFLOW,20100823,0400,94, ,CFS
SHA,H,76,INFLOW,20100823,0500,2936, ,CFS
SHA,H,76,INFLOW,20100823,0600,253, ,CFS
SHA,H,76,INFLOW,20100823,0700,-1802, ,CFS
SHA,H,76,INFLOW,20100823,0800,3523, ,CFS
SHA,H,76,INFLOW,20100823,0900,279, ,CFS
SHA,H,76,INFLOW,20100823,1000,-1020, ,CFS
SHA,H,76,INFLOW,20100823,1100,2690, ,CFS
SHA,H,76,INFLOW,20100823,1200,-2100, ,CFS
SHA,H,76,INFLOW,20100823,1300,3367, ,CFS
SHA,H,76,INFLOW,20100823,1400,-752, ,CFS
SHA,H,76,INFLOW,20100823,1500,3887, ,CFS
SHA,H,76,INFLOW,20100823,1600,4831, ,CFS
SHA,H,76,INFLOW,20100823,1700,8183, ,CFS
SHA,H,76,INFLOW,20100823,1800,8079, ,CFS
SHA,H,76,INFLOW,20100823,1900,4694, ,CFS
SHA,H,76,INFLOW,20100823,2000,10388, ,CFS
SHA,H,76,INFLOW,20100823,2100,10664, ,CFS
SHA,H,76,INFLOW,20100823,2200,6667, ,CFS
SHA,H,76,INFLOW,20100823,2300,121, ,CFS
SHA,H,76,INFLOW,20100824,0000,2571, ,CFS
SHA,H,76,INFLOW,20100824,0100,3645, ,CFS
SHA,H,76,INFLOW,20100824,0200,5, ,CFS
SHA,H,76,INFLOW,20100824,0300,2836, ,CFS
SHA,H,76,INFLOW,20100824,0400,2914, ,CFS
SHA,H,76,INFLOW,20100824,0500,-58, ,CFS
SHA,H,76,INFLOW,20100824,0600,616, ,CFS
SHA,H,76,INFLOW,20100824,0700,1610, ,CFS
SHA,H,76,INFLOW,20100824,0800,4140, ,CFS
SHA,H,76,INFLOW,20100824,0900,-2353, ,CFS
SHA,H,76,INFLOW,20100824,1000,-167, ,CFS
SHA,H,76,INFLOW,20100824,1100,-1556, ,CFS
SHA,H,76,INFLOW,20100824,1200,4069, ,CFS
SHA,H,76,INFLOW,20100824,1300,1410, ,CFS
SHA,H,76,INFLOW,20100824,1400,4165, ,CFS
SHA,H,76,INFLOW,20100824,1500,9522, ,CFS
SHA,H,76,INFLOW,20100824,1600,3868, ,CFS
SHA,H,76,INFLOW,20100824,1700,9693, ,CFS
SHA,H,76,INFLOW,20100824,1800,5921, ,CFS
SHA,H,76,INFLOW,20100824,1900,8932, ,CFS
SHA,H,76,INFLOW,20100824,2000,9388, ,CFS
SHA,H,76,INFLOW,20100824,2100,9965, ,CFS
SHA,H,76,INFLOW,20100824,2200,2946, ,CFS
SHA,H,76,INFLOW,20100824,2300,3919, ,CFS
SHA,H,76,INFLOW,20100825,0000,3896, ,CFS
SHA,H,76,INFLOW,20100825,0100,6140, ,CFS
SHA,H,76,INFLOW,20100825,0200,-186, ,CFS
SHA,H,76,INFLOW,20100825,0300,2706, ,CFS
SHA,H,76,INFLOW,20100825,0400,-514, ,CFS
SHA,H,76,INFLOW,20100825,0500,2645, ,CFS
SHA,H,76,INFLOW,20100825,0600,161, ,CFS
SHA,H,76,INFLOW,20100825,0700,312, ,CFS
SHA,H,76,INFLOW,20100825,0800,2365, ,CFS
SHA,H,76,INFLOW,20100825,0900,-568, ,CFS
SHA,H,76,INFLOW,20100825,1000,-1619, ,CFS
SHA,H,76,INFLOW,20100825,1100,955, ,CFS
SHA,H,76,INFLOW,20100825,1200,2234, ,CFS
SHA,H,76,INFLOW,20100825,1300,3835, ,CFS
SHA,H,76,INFLOW,20100825,1400,7128, ,CFS
SHA,H,76,INFLOW,20100825,1500,7334, ,CFS
SHA,H,76,INFLOW,20100825,1600,2197, ,CFS
SHA,H,76,INFLOW,20100825,1700,14123, ,CFS
SHA,H,76,INFLOW,20100825,1800,6860, ,CFS
SHA,H,76,INFLOW,20100825,1900,3293, ,CFS
SHA,H,76,INFLOW,20100825,2000,11911, ,CFS
SHA,H,76,INFLOW,20100825,2100,8539, ,CFS
SHA,H,76,INFLOW,20100825,2200,1734, ,CFS
SHA,H,76,INFLOW,20100825,2300,6903, ,CFS
SHA,H,76,INFLOW,20100826,0000,1654, ,CFS
SHA,H,76,INFLOW,20100826,0100,5589, ,CFS
SHA,H,76,INFLOW,20100826,0200,2531, ,CFS
SHA,H,76,INFLOW,20100826,0300,-554, ,CFS
SHA,H,76,INFLOW,20100826,0400,2363, ,CFS
SHA,H,76,INFLOW,20100826,0500,2342, ,CFS
SHA,H,76,INFLOW,20100826,0600,-287, ,CFS
SHA,H,76,INFLOW,20100826,0700,1555, ,CFS
SHA,H,76,INFLOW,20100826,0800,597, ,CFS
SHA,H,76,INFLOW,20100826,0900,1584, ,CFS
SHA,H,76,INFLOW,20100826,1000,34, ,CFS
SHA,H,76,INFLOW,20100826,1100,-131, ,CFS
SHA,H,76,INFLOW,20100826,1200,3038, ,CFS
SHA,H,76,INFLOW,20100826,1300,5775, ,CFS
SHA,H,76,INFLOW,20100826,1400,-119, ,CFS
SHA,H,76,INFLOW,20100826,1500,6062, ,CFS
SHA,H,76,INFLOW,20100826,1600,2304, ,CFS
SHA,H,76,INFLOW,20100826,1700,11562, ,CFS
SHA,H,76,INFLOW,20100826,1800,9952, ,CFS
SHA,H,76,INFLOW,20100826,1900,6894, ,CFS
SHA,H,76,INFLOW,20100826,2000,7271, ,CFS
SHA,H,76,INFLOW,20100826,2100,9002, ,CFS
SHA,H,76,INFLOW,20100826,2200,1503, ,CFS
SHA,H,76,INFLOW,20100826,2300,3354, ,CFS
SHA,H,76,INFLOW,20100827,0000,2152, ,CFS
SHA,H,76,INFLOW,20100827,0100,5868, ,CFS
SHA,H,76,INFLOW,20100827,0200,2581, ,CFS
SHA,H,76,INFLOW,20100827,0300,-389, ,CFS
SHA,H,76,INFLOW,20100827,0400,2725, ,CFS
SHA,H,76,INFLOW,20100827,0500,2749, ,CFS
SHA,H,76,INFLOW,20100827,0600,51, ,CFS
SHA,H,76,INFLOW,20100827,0700,2455, ,CFS
SHA,H,76,INFLOW,20100827,0800,-407, ,CFS
SHA,H,76,INFLOW,20100827,0900,-222, ,CFS
SHA,H,76,INFLOW,20100827,1000,556, ,CFS
SHA,H,76,INFLOW,20100827,1100,-40, ,CFS
SHA,H,76,INFLOW,20100827,1200,-537, ,CFS
SHA,H,76,INFLOW,20100827,1300,4329, ,CFS
SHA,H,76,INFLOW,20100827,1400,6158, ,CFS
SHA,H,76,INFLOW,20100827,1500,6276, ,CFS
SHA,H,76,INFLOW,20100827,1600,6290, ,CFS
SHA,H,76,INFLOW,20100827,1700,3392, ,CFS
SHA,H,76,INFLOW,20100827,1800,5383, ,CFS
SHA,H,76,INFLOW,20100827,1900,7798, ,CFS
SHA,H,76,INFLOW,20100827,2000,9569, ,CFS
SHA,H,76,INFLOW,20100827,2100,5500, ,CFS
SHA,H,76,INFLOW,20100827,2200,-1905, ,CFS
SHA,H,76,INFLOW,20100827,2300,6039, ,CFS
SHA,H,76,INFLOW,20100828,0000,-3199, ,CFS
SHA,H,76,INFLOW,20100828,0100,5852, ,CFS
SHA,H,76,INFLOW,20100828,0200,5496, ,CFS
SHA,H,76,INFLOW,20100828,0300,-399, ,CFS
SHA,H,76,INFLOW,20100828,0400,2690, ,CFS
SHA,H,76,INFLOW,20100828,0500,-32, ,CFS
SHA,H,76,INFLOW,20100828,0600,505, ,CFS
SHA,H,76,INFLOW,20100828,0700,2790, ,CFS
SHA,H,76,INFLOW,20100828,0800,3158, ,CFS
SHA,H,76,INFLOW,20100828,0900,3685, ,CFS
SHA,H,76,INFLOW,20100828,1000,3113, ,CFS
SHA,H,76,INFLOW,20100828,1100,2590, ,CFS
SHA,H,76,INFLOW,20100828,1200,1882, ,CFS
SHA,H,76,INFLOW,20100828,1300,1480, ,CFS
SHA,H,76,INFLOW,20100828,1400,2901, ,CFS
SHA,H,76,INFLOW,20100828,1500,4043, ,CFS
SHA,H,76,INFLOW,20100828,1600,4696, ,CFS
SHA,H,76,INFLOW,20100828,1700,8180, ,CFS
SHA,H,76,INFLOW,20100828,1800,7965, ,CFS
SHA,H,76,INFLOW,20100828,1900,7722, ,CFS
SHA,H,76,INFLOW,20100828,2000,6376, ,CFS
SHA,H,76,INFLOW,20100828,2100,10, ,CFS
SHA,H,76,INFLOW,20100828,2200,1639, ,CFS
SHA,H,76,INFLOW,20100828,2300,5709, ,CFS
SHA,H,76,INFLOW,20100829,0000,-3314, ,CFS
SHA,H,76,INFLOW,20100829,0100,5746, ,CFS
SHA,H,76,INFLOW,20100829,0200,2279, ,CFS
SHA,H,76,INFLOW,20100829,0300,2646, ,CFS
SHA,H,76,INFLOW,20100829,0400,2281, ,CFS
SHA,H,76,INFLOW,20100829,0500,2474, ,CFS
SHA,H,76,INFLOW,20100829,0600,-16, ,CFS
SHA,H,76,INFLOW,20100829,0700,2592, ,CFS
SHA,H,76,INFLOW,20100829,0800,-107, ,CFS
SHA,H,76,INFLOW,20100829,0900,3593, ,CFS
SHA,H,76,INFLOW,20100829,1000,-1658, ,CFS
SHA,H,76,INFLOW,20100829,1100,-1421, ,CFS
SHA,H,76,INFLOW,20100829,1200,2560, ,CFS
SHA,H,76,INFLOW,20100829,1300,-779, ,CFS
SHA,H,76,INFLOW,20100829,1400,2904, ,CFS
SHA,H,76,INFLOW,20100829,1500,6523, ,CFS
SHA,H,76,INFLOW,20100829,1600,-1984, ,CFS
SHA,H,76,INFLOW,20100829,1700,14373, ,CFS
SHA,H,76,INFLOW,20100829,1800,2485, ,CFS
SHA,H,76,INFLOW,20100829,1900,8389, ,CFS
SHA,H,76,INFLOW,20100829,2000,8053, ,CFS
SHA,H,76,INFLOW,20100829,2100,6273, ,CFS
SHA,H,76,INFLOW,20100829,2200,6025, ,CFS
SHA,H,76,INFLOW,20100829,2300,2682, ,CFS
SHA,H,76,INFLOW,20100830,0000,-2882, ,CFS
SHA,H,76,INFLOW,20100830,0100,2221, ,CFS
SHA,H,76,INFLOW,20100830,0200,2044, ,CFS
SHA,H,76,INFLOW,20100830,0300,2295, ,CFS
SHA,H,76,INFLOW,20100830,0400,2237, ,CFS
SHA,H,76,INFLOW,20100830,0500,-708, ,CFS
SHA,H,76,INFLOW,20100830,0600,-548, ,CFS
SHA,H,76,INFLOW,20100830,0700,5543, ,CFS
SHA,H,76,INFLOW,20100830,0800,-1341, ,CFS
SHA,H,76,INFLOW,20100830,0900,-1267, ,CFS
SHA,H,76,INFLOW,20100830,1000,4378, ,CFS
SHA,H,76,INFLOW,20100830,1100,-2473, ,CFS
SHA,H,76,INFLOW,20100830,1200,2927, ,CFS
SHA,H,76,INFLOW,20100830,1300,1036, ,CFS
SHA,H,76,INFLOW,20100830,1400,3790, ,CFS
SHA,H,76,INFLOW,20100830,1500,6409, ,CFS
SHA,H,76,INFLOW,20100830,1600,583, ,CFS
SHA,H,76,INFLOW,20100830,1700,6692, ,CFS
SHA,H,76,INFLOW,20100830,1800,6313, ,CFS
SHA,H,76,INFLOW,20100830,1900,5689, ,CFS
SHA,H,76,INFLOW,20100830,2000,8475, ,CFS
SHA,H,76,INFLOW,20100830,2100,6793, ,CFS
SHA,H,76,INFLOW,20100830,2200,3641, ,CFS
SHA,H,76,INFLOW,20100830,2300,5172, ,CFS
SHA,H,76,INFLOW,20100831,0000,2194, ,CFS
SHA,H,76,INFLOW,20100831,0100,2326, ,CFS
SHA,H,76,INFLOW,20100831,0200,2609, ,CFS
SHA,H,76,INFLOW,20100831,0300,-455, ,CFS
SHA,H,76,INFLOW,20100831,0400,2571, ,CFS
SHA,H,76,INFLOW,20100831,0500,2658, ,CFS
SHA,H,76,INFLOW,20100831,0600,2572, ,CFS
SHA,H,76,INFLOW,20100831,0700,-1722, ,CFS
SHA,H,76,INFLOW,20100831,0800,3684, ,CFS
SHA,H,76,INFLOW,20100831,0900,1008, ,CFS
SHA,H,76,INFLOW,20100831,1000,-1299, ,CFS
SHA,H,76,INFLOW,20100831,1100,-1602, ,CFS
SHA,H,76,INFLOW,20100831,1200,5502, ,CFS
SHA,H,76,INFLOW,20100831,1300,-1335, ,CFS
SHA,H,76,INFLOW,20100831,1400,3325, ,CFS
SHA,H,76,INFLOW,20100831,1500,5941, ,CFS
SHA,H,76,INFLOW,20100831,1600,3042, ,CFS
SHA,H,76,INFLOW,20100831,1700,9326, ,CFS
SHA,H,76,INFLOW,20100831,1800,6494, ,CFS
SHA,H,76,INFLOW,20100831,1900,6035, ,CFS
SHA,H,76,INFLOW,20100831,2000,8141, ,CFS
SHA,H,76,INFLOW,20100831,2100,6597, ,CFS
SHA,H,76,INFLOW,20100831,2200,3795, ,CFS
SHA,H,76,INFLOW,20100831,2300,5651, ,CFS
SHA,H,76,INFLOW,20100901,0000,1536, ,CFS
SHA,H,76,INFLOW,20100901,0100,3568, ,CFS
SHA,H,76,INFLOW,20100901,0200,30, ,CFS
SHA,H,76,INFLOW,20100901,0300,2576, ,CFS
SHA,H,76,INFLOW,20100901,0400,-753, ,CFS
SHA,H,76,INFLOW,20100901,0500,-720, ,CFS
SHA,H,76,INFLOW,20100901,0600,2375, ,CFS
SHA,H,76,INFLOW,20100901,0700,3345, ,CFS
SHA,H,76,INFLOW,20100901,0800,-2496, ,CFS
SHA,H,76,INFLOW,20100901,0900,6787, ,CFS
SHA,H,76,INFLOW,20100901,1000,-3531, ,CFS
SHA,H,76,INFLOW,20100901,1100,-2175, ,CFS
SHA,H,76,INFLOW,20100901,1200,4721, ,CFS
SHA,H,76,INFLOW,20100901,1300,5255, ,CFS
SHA,H,76,INFLOW,20100901,1400,3775, ,CFS
SHA,H,76,INFLOW,20100901,1500,5718, ,CFS
SHA,H,76,INFLOW,20100901,1600,9513, ,CFS
SHA,H,76,INFLOW,20100901,1700,6505, ,CFS
SHA,H,76,INFLOW,20100901,1800,8974, ,CFS
SHA,H,76,INFLOW,20100901,1900,11326, ,CFS
SHA,H,76,INFLOW,20100901,2000,220, ,CFS
SHA,H,76,INFLOW,20100901,2100,5391, ,CFS
SHA,H,76,INFLOW,20100901,2200,7475, ,CFS
SHA,H,76,INFLOW,20100901,2300,-676, ,CFS
SHA,H,76,INFLOW,20100902,0000,2841, ,CFS
SHA,H,76,INFLOW,20100902,0100,3116, ,CFS
SHA,H,76,INFLOW,20100902,0200,-51, ,CFS
SHA,H,76,INFLOW,20100902,0300,2628, ,CFS
SHA,H,76,INFLOW,20100902,0400,2133, ,CFS
SHA,H,76,INFLOW,20100902,0500,-776, ,CFS
SHA,H,76,INFLOW,20100902,0600,5544, ,CFS
SHA,H,76,INFLOW,20100902,0700,-2306, ,CFS
SHA,H,76,INFLOW,20100902,0800,4221, ,CFS
SHA,H,76,INFLOW,20100902,0900,1504, ,CFS
SHA,H,76,INFLOW,20100902,1000,-1762, ,CFS
SHA,H,76,INFLOW,20100902,1100,2202, ,CFS
SHA,H,76,INFLOW,20100902,1200,880, ,CFS
SHA,H,76,INFLOW,20100902,1300,5623, ,CFS
SHA,H,76,INFLOW,20100902,1400,5284, ,CFS
SHA,H,76,INFLOW,20100902,1500,6129, ,CFS
SHA,H,76,INFLOW,20100902,1600,9695, ,CFS
SHA,H,76,INFLOW,20100902,1700,9760, ,CFS
SHA,H,76,INFLOW,20100902,1800,5161, ,CFS
SHA,H,76,INFLOW,20100902,1900,11724, ,CFS
SHA,H,76,INFLOW,20100902,2000,-44, ,CFS
SHA,H,76,INFLOW,20100902,2100,7439, ,CFS
SHA,H,76,INFLOW,20100902,2200,7020, ,CFS
SHA,H,76,INFLOW,20100902,2300,979, ,CFS
SHA,H,76,INFLOW,20100903,0000,3069, ,CFS
SHA,H,76,INFLOW,20100903,0100,6462, ,CFS
SHA,H,76,INFLOW,20100903,0200,3015, ,CFS
SHA,H,76,INFLOW,20100903,0300,2724, ,CFS
SHA,H,76,INFLOW,20100903,0400,-1061, ,CFS
SHA,H,76,INFLOW,20100903,0500,4987, ,CFS
SHA,H,76,INFLOW,20100903,0600,-479, ,CFS
SHA,H,76,INFLOW,20100903,0700,2565, ,CFS
SHA,H,76,INFLOW,20100903,0800,1634, ,CFS
SHA,H,76,INFLOW,20100903,0900,1668, ,CFS
SHA,H,76,INFLOW,20100903,1000,871, ,CFS
SHA,H,76,INFLOW,20100903,1100,-1395, ,CFS
SHA,H,76,INFLOW,20100903,1200,455, ,CFS
SHA,H,76,INFLOW,20100903,1300,9696, ,CFS
SHA,H,76,INFLOW,20100903,1400,6135, ,CFS
SHA,H,76,INFLOW,20100903,1500,6531, ,CFS
SHA,H,76,INFLOW,20100903,1600,9201, ,CFS
SHA,H,76,INFLOW,20100903,1700,9075, ,CFS
SHA,H,76,INFLOW,20100903,1800,8493, ,CFS
SHA,H,76,INFLOW,20100903,1900,4389, ,CFS
SHA,H,76,INFLOW,20100903,2000,2274, ,CFS
SHA,H,76,INFLOW,20100903,2100,6132, ,CFS
SHA,H,76,INFLOW,20100903,2200,914, ,CFS
SHA,H,76,INFLOW,20100903,2300,6247, ,CFS
SHA,H,76,INFLOW,20100904,0000,2713, ,CFS
SHA,H,76,INFLOW,20100904,0100,-947, ,CFS
SHA,H,76,INFLOW,20100904,0200,2102, ,CFS
SHA,H,76,INFLOW,20100904,0300,2474, ,CFS
SHA,H,76,INFLOW,20100904,0400,-619, ,CFS
SHA,H,76,INFLOW,20100904,0500,2335, ,CFS
SHA,H,76,INFLOW,20100904,0600,-341, ,CFS
SHA,H,76,INFLOW,20100904,0700,6572, ,CFS
SHA,H,76,INFLOW,20100904,0800,-2188, ,CFS
SHA,H,76,INFLOW,20100904,0900,1300, ,CFS
SHA,H,76,INFLOW,20100904,1000,2494, ,CFS
SHA,H,76,INFLOW,20100904,1100,313, ,CFS
SHA,H,76,INFLOW,20100904,1200,-3000, ,CFS
SHA,H,76,INFLOW,20100904,1300,5192, ,CFS
SHA,H,76,INFLOW,20100904,1400,5784, ,CFS
SHA,H,76,INFLOW,20100904,1500,5527, ,CFS
SHA,H,76,INFLOW,20100904,1600,11017, ,CFS
SHA,H,76,INFLOW,20100904,1700,8006, ,CFS
SHA,H,76,INFLOW,20100904,1800,7611, ,CFS
SHA,H,76,INFLOW,20100904,1900,4783, ,CFS
SHA,H,76,INFLOW,20100904,2000,5317, ,CFS
SHA,H,76,INFLOW,20100904,2100,10727, ,CFS
SHA,H,76,INFLOW,20100904,2200,3107, ,CFS
SHA,H,76,INFLOW,20100904,2300,3922, ,CFS
SHA,H,76,INFLOW,20100905,0000,839, ,CFS
SHA,H,76,INFLOW,20100905,0100,134, ,CFS
SHA,H,76,INFLOW,20100905,0200,2861, ,CFS
SHA,H,76,INFLOW,20100905,0300,-650, ,CFS
SHA,H,76,INFLOW,20100905,0400,5545, ,CFS
SHA,H,76,INFLOW,20100905,0500,-444, ,CFS
SHA,H,76,INFLOW,20100905,0600,-227, ,CFS
SHA,H,76,INFLOW,20100905,0700,3592, ,CFS
SHA,H,76,INFLOW,20100905,0800,671, ,CFS
SHA,H,76,INFLOW,20100905,0900,678, ,CFS
SHA,H,76,INFLOW,20100905,1000,983, ,CFS
SHA,H,76,INFLOW,20100905,1100,-413, ,CFS
SHA,H,76,INFLOW,20100905,1200,704, ,CFS
SHA,H,76,INFLOW,20100905,1300,-1322, ,CFS
SHA,H,76,INFLOW,20100905,1400,3954, ,CFS
SHA,H,76,INFLOW,20100905,1500,5247, ,CFS
SHA,H,76,INFLOW,20100905,1600,7937, ,CFS
SHA,H,76,INFLOW,20100905,1700,8261, ,CFS
SHA,H,76,INFLOW,20100905,1800,2173, ,CFS
SHA,H,76,INFLOW,20100905,1900,6822, ,CFS
SHA,H,76,INFLOW,20100905,2000,11050, ,CFS
SHA,H,76,INFLOW,20100905,2100,2010, ,CFS
SHA,H,76,INFLOW,20100905,2200,6339, ,CFS
SHA,H,76,INFLOW,20100905,2300,3230, ,CFS
SHA,H,76,INFLOW,20100906,0000,3009, ,CFS
SHA,H,76,INFLOW,20100906,0100,346, ,CFS
SHA,H,76,INFLOW,20100906,0200,2977, ,CFS
SHA,H,76,INFLOW,20100906,0300,-366, ,CFS
SHA,H,76,INFLOW,20100906,0400,5672, ,CFS
SHA,H,76,INFLOW,20100906,0500,-3245, ,CFS
SHA,H,76,INFLOW,20100906,0600,2970, ,CFS
SHA,H,76,INFLOW,20100906,0700,5486, ,CFS
SHA,H,76,INFLOW,20100906,0800,2807, ,CFS
SHA,H,76,INFLOW,20100906,0900,-3585, ,CFS
SHA,H,76,INFLOW,20100906,1000,3292, ,CFS
SHA,H,76,INFLOW,20100906,1100,1285, ,CFS
SHA,H,76,INFLOW,20100906,1200,-6846, ,CFS
SHA,H,76,INFLOW,20100906,1300,1688, ,CFS
SHA,H,76,INFLOW,20100906,1400,6325, ,CFS
SHA,H,76,INFLOW,20100906,1500,1947, ,CFS
SHA,H,76,INFLOW,20100906,1600,11167, ,CFS
SHA,H,76,INFLOW,20100906,1700,8100, ,CFS
SHA,H,76,INFLOW,20100906,1800,5291, ,CFS
SHA,H,76,INFLOW,20100906,1900,9241, ,CFS
SHA,H,76,INFLOW,20100906,2000,7847, ,CFS
SHA,H,76,INFLOW,20100906,2100,5001, ,CFS
SHA,H,76,INFLOW,20100906,2200,9515, ,CFS
SHA,H,76,INFLOW,20100906,2300,6036, ,CFS
SHA,H,76,INFLOW,20100907,0000,3270, ,CFS
SHA,H,76,INFLOW,20100907,0100,1004, ,CFS
SHA,H,76,INFLOW,20100907,0200,1027, ,CFS
SHA,H,76,INFLOW,20100907,0300,1024, ,CFS
SHA,H,76,INFLOW,20100907,0400,952, ,CFS
SHA,H,76,INFLOW,20100907,0500,1166, ,CFS
SHA,H,76,INFLOW,20100907,0600,1423, ,CFS
SHA,H,76,INFLOW,20100907,0700,1895, ,CFS
SHA,H,76,INFLOW,20100907,0800,-2476, ,CFS
SHA,H,76,INFLOW,20100907,0900,633, ,CFS
SHA,H,76,INFLOW,20100907,1000,809, ,CFS
SHA,H,76,INFLOW,20100907,1100,-449, ,CFS
SHA,H,76,INFLOW,20100907,1200,270, ,CFS
SHA,H,76,INFLOW,20100907,1300,6702, ,CFS
SHA,H,76,INFLOW,20100907,1400,9036, ,CFS
SHA,H,76,INFLOW,20100907,1500,5721, ,CFS
SHA,H,76,INFLOW,20100907,1600,2587, ,CFS
SHA,H,76,INFLOW,20100907,1700,5554, ,CFS
SHA,H,76,INFLOW,20100907,1800,8874, ,CFS
SHA,H,76,INFLOW,20100907,1900,9621, ,CFS
SHA,H,76,INFLOW,20100907,2000,6894, ,CFS
SHA,H,76,INFLOW,20100907,2100,9334, ,CFS
SHA,H,76,INFLOW,20100907,2200,764, ,CFS
SHA,H,76,INFLOW,20100907,2300,2456, ,CFS
SHA,H,76,INFLOW,20100908,0000,6733, ,CFS
SHA,H,76,INFLOW,20100908,0100,244, ,CFS
SHA,H,76,INFLOW,20100908,0200,6219, ,CFS
SHA,H,76,INFLOW,20100908,0300,-5831, ,CFS
SHA,H,76,INFLOW,20100908,0400,3344, ,CFS
SHA,H,76,INFLOW,20100908,0500,3468, ,CFS
SHA,H,76,INFLOW,20100908,0600,-2016, ,CFS
SHA,H,76,INFLOW,20100908,0700,4396, ,CFS
SHA,H,76,INFLOW,20100908,0800,1954, ,CFS
SHA,H,76,INFLOW,20100908,0900,3303, ,CFS
SHA,H,76,INFLOW,20100908,1000,-1061, ,CFS
SHA,H,76,INFLOW,20100908,1100,3656, ,CFS
SHA,H,76,INFLOW,20100908,1200,1786, ,CFS
SHA,H,76,INFLOW,20100908,1300,7571, ,CFS
SHA,H,76,INFLOW,20100908,1400,2851, ,CFS
SHA,H,76,INFLOW,20100908,1500,1642, ,CFS
SHA,H,76,INFLOW,20100908,1600,8957, ,CFS
SHA,H,76,INFLOW,20100908,1700,3205, ,CFS
SHA,H,76,INFLOW,20100908,1800,8606, ,CFS
SHA,H,76,INFLOW,20100908,1900,11711, ,CFS
SHA,H,76,INFLOW,20100908,2000,6078, ,CFS
SHA,H,76,INFLOW,20100908,2100,6560, ,CFS
SHA,H,76,INFLOW,20100908,2200,-309, ,CFS
SHA,H,76,INFLOW,20100908,2300,7651, ,CFS
SHA,H,76,INFLOW,20100909,0000,1543, ,CFS
SHA,H,76,INFLOW,20100909,0100,3640, ,CFS
SHA,H,76,INFLOW,20100909,0200,3307, ,CFS
SHA,H,76,INFLOW,20100909,0300,3, ,CFS
SHA,H,76,INFLOW,20100909,0400,-54, ,CFS
SHA,H,76,INFLOW,20100909,0500,3174, ,CFS
SHA,H,76,INFLOW,20100909,0600,3512, ,CFS
SHA,H,76,INFLOW,20100909,0700,1187, ,CFS
SHA,H,76,INFLOW,20100909,0800,1539, ,CFS
SHA,H,76,INFLOW,20100909,0900,1543, ,CFS
SHA,H,76,INFLOW,20100909,1000,1651, ,CFS
SHA,H,76,INFLOW,20100909,1100,1289, ,CFS
SHA,H,76,INFLOW,20100909,1200,4795, ,CFS
SHA,H,76,INFLOW,20100909,1300,4549, ,CFS
SHA,H,76,INFLOW,20100909,1400,4576, ,CFS
SHA,H,76,INFLOW,20100909,1500,5802, ,CFS
SHA,H,76,INFLOW,20100909,1600,5799, ,CFS
SHA,H,76,INFLOW,20100909,1700,5744, ,CFS
SHA,H,76,INFLOW,20100909,1800,5290, ,CFS
SHA,H,76,INFLOW,20100909,1900,1715, ,CFS
SHA,H,76,INFLOW,20100909,2000,6803, ,CFS
SHA,H,76,INFLOW,20100909,2100,3517, ,CFS
SHA,H,76,INFLOW,20100909,2200,1425, ,CFS
SHA,H,76,INFLOW,20100909,2300,7079, ,CFS
SHA,H,76,INFLOW,20100910,0000,1559, ,CFS
SHA,H,76,INFLOW,20100910,0100,1616, ,CFS
SHA,H,76,INFLOW,20100910,0200,962, ,CFS
SHA,H,76,INFLOW,20100910,0300,77, ,CFS
SHA,H,76,INFLOW,20100910,0400,2943, ,CFS
SHA,H,76,INFLOW,20100910,0500,77, ,CFS
SHA,H,76,INFLOW,20100910,0600,277, ,CFS
SHA,H,76,INFLOW,20100910,0700,3031, ,CFS
SHA,H,76,INFLOW,20100910,0800,526, ,CFS
SHA,H,76,INFLOW,20100910,0900,---, ,CFS
SHA,H,76,INFLOW,20100910,1000,104, ,CFS
SHA,H,76,INFLOW,20100910,1100,-1944, ,CFS
SHA,H,76,INFLOW,20100910,1200,105, ,CFS
SHA,H,76,INFLOW,20100910,1300,3046, ,CFS
SHA,H,76,INFLOW,20100910,1400,249, ,CFS
SHA,H,76,INFLOW,20100910,1500,11994, ,CFS
SHA,H,76,INFLOW,20100910,1600,6761, ,CFS
SHA,H,76,INFLOW,20100910,1700,6771, ,CFS
SHA,H,76,INFLOW,20100910,1800,9825, ,CFS
SHA,H,76,INFLOW,20100910,1900,3873, ,CFS
SHA,H,76,INFLOW,20100910,2000,5995, ,CFS
SHA,H,76,INFLOW,20100910,2100,2243, ,CFS
SHA,H,76,INFLOW,20100910,2200,5322, ,CFS
SHA,H,76,INFLOW,20100910,2300,8414, ,CFS
SHA,H,76,INFLOW,20100911,0000,893, ,CFS
SHA,H,76,INFLOW,20100911,0100,3290, ,CFS
SHA,H,76,INFLOW,20100911,0200,-570, ,CFS
SHA,H,76,INFLOW,20100911,0300,1683, ,CFS
SHA,H,76,INFLOW,20100911,0400,4575, ,CFS
SHA,H,76,INFLOW,20100911,0500,-1267, ,CFS
SHA,H,76,INFLOW,20100911,0600,2030, ,CFS
SHA,H,76,INFLOW,20100911,0700,2846, ,CFS
SHA,H,76,INFLOW,20100911,0800,329, ,CFS
SHA,H,76,INFLOW,20100911,0900,2596, ,CFS
SHA,H,76,INFLOW,20100911,1000,1359, ,CFS
SHA,H,76,INFLOW,20100911,1100,2784, ,CFS
SHA,H,76,INFLOW,20100911,1200,5273, ,CFS
SHA,H,76,INFLOW,20100911,1300,7655, ,CFS
SHA,H,76,INFLOW,20100911,1400,4938, ,CFS
SHA,H,76,INFLOW,20100911,1500,4920, ,CFS
SHA,H,76,INFLOW,20100911,1600,7953, ,CFS
SHA,H,76,INFLOW,20100911,1700,5816, ,CFS
SHA,H,76,INFLOW,20100911,1800,5831, ,CFS
SHA,H,76,INFLOW,20100911,1900,4540, ,CFS
SHA,H,76,INFLOW,20100911,2000,7377, ,CFS
SHA,H,76,INFLOW,20100911,2100,6092, ,CFS
SHA,H,76,INFLOW,20100911,2200,4424, ,CFS
SHA,H,76,INFLOW,20100911,2300,7501, ,CFS
SHA,H,76,INFLOW,20100912,0000,6335, ,CFS
SHA,H,76,INFLOW,20100912,0100,5837, ,CFS
SHA,H,76,INFLOW,20100912,0200,2398, ,CFS
SHA,H,76,INFLOW,20100912,0300,2515, ,CFS
SHA,H,76,INFLOW,20100912,0400,2494, ,CFS
SHA,H,76,INFLOW,20100912,0500,-351, ,CFS
SHA,H,76,INFLOW,20100912,0600,2709, ,CFS
SHA,H,76,INFLOW,20100912,0700,439, ,CFS
SHA,H,76,INFLOW,20100912,0800,3797, ,CFS
SHA,H,76,INFLOW,20100912,0900,602, ,CFS
SHA,H,76,INFLOW,20100912,1000,1585, ,CFS
SHA,H,76,INFLOW,20100912,1100,3576, ,CFS
SHA,H,76,INFLOW,20100912,1200,5684, ,CFS
SHA,H,76,INFLOW,20100912,1300,2918, ,CFS
SHA,H,76,INFLOW,20100912,1400,4210, ,CFS
SHA,H,76,INFLOW,20100912,1500,5106, ,CFS
SHA,H,76,INFLOW,20100912,1600,8749, ,CFS
SHA,H,76,INFLOW,20100912,1700,6121, ,CFS
SHA,H,76,INFLOW,20100912,1800,8738, ,CFS
SHA,H,76,INFLOW,20100912,1900,2290, ,CFS
SHA,H,76,INFLOW,20100912,2000,3904, ,CFS
SHA,H,76,INFLOW,20100912,2100,9333, ,CFS
SHA,H,76,INFLOW,20100912,2200,3963, ,CFS
SHA,H,76,INFLOW,20100912,2300,2734, ,CFS
SHA,H,76,INFLOW,20100913,0000,5364, ,CFS
SHA,H,76,INFLOW,20100913,0100,5300, ,CFS
SHA,H,76,INFLOW,20100913,0200,2300, ,CFS
SHA,H,76,INFLOW,20100913,0300,2341, ,CFS
SHA,H,76,INFLOW,20100913,0400,2372, ,CFS
SHA,H,76,INFLOW,20100913,0500,2610, ,CFS
SHA,H,76,INFLOW,20100913,0600,-550, ,CFS
SHA,H,76,INFLOW,20100913,0700,1152, ,CFS
SHA,H,76,INFLOW,20100913,0800,1143, ,CFS
SHA,H,76,INFLOW,20100913,0900,973, ,CFS
SHA,H,76,INFLOW,20100913,1000,3233, ,CFS
SHA,H,76,INFLOW,20100913,1100,3537, ,CFS
SHA,H,76,INFLOW,20100913,1200,5336, ,CFS
SHA,H,76,INFLOW,20100913,1300,3982, ,CFS
SHA,H,76,INFLOW,20100913,1400,5527, ,CFS
SHA,H,76,INFLOW,20100913,1500,6043, ,CFS
SHA,H,76,INFLOW,20100913,1600,9778, ,CFS
SHA,H,76,INFLOW,20100913,1700,6678, ,CFS
SHA,H,76,INFLOW,20100913,1800,3710, ,CFS
SHA,H,76,INFLOW,20100913,1900,6807, ,CFS
SHA,H,76,INFLOW,20100913,2000,1737, ,CFS
SHA,H,76,INFLOW,20100913,2100,6058, ,CFS
SHA,H,76,INFLOW,20100913,2200,6765, ,CFS
SHA,H,76,INFLOW,20100913,2300,4546, ,CFS
SHA,H,76,INFLOW,20100914,0000,5100, ,CFS
SHA,H,76,INFLOW,20100914,0100,3839, ,CFS
SHA,H,76,INFLOW,20100914,0200,3765, ,CFS
SHA,H,76,INFLOW,20100914,0300,802, ,CFS
SHA,H,76,INFLOW,20100914,0400,3761, ,CFS
SHA,H,76,INFLOW,20100914,0500,888, ,CFS
SHA,H,76,INFLOW,20100914,0600,1100, ,CFS
SHA,H,76,INFLOW,20100914,0700,6160, ,CFS
SHA,H,76,INFLOW,20100914,0800,394, ,CFS
SHA,H,76,INFLOW,20100914,0900,3640, ,CFS
SHA,H,76,INFLOW,20100914,1000,2558, ,CFS
SHA,H,76,INFLOW,20100914,1100,3655, ,CFS
SHA,H,76,INFLOW,20100914,1200,6810, ,CFS
SHA,H,76,INFLOW,20100914,1300,1769, ,CFS
SHA,H,76,INFLOW,20100914,1400,5630, ,CFS
SHA,H,76,INFLOW,20100914,1500,2844, ,CFS
SHA,H,76,INFLOW,20100914,1600,6348, ,CFS
SHA,H,76,INFLOW,20100914,1700,3608, ,CFS
SHA,H,76,INFLOW,20100914,1800,5769, ,CFS
SHA,H,76,INFLOW,20100914,1900,8888, ,CFS
SHA,H,76,INFLOW,20100914,2000,7911, ,CFS
SHA,H,76,INFLOW,20100914,2100,10525, ,CFS
SHA,H,76,INFLOW,20100914,2200,7495, ,CFS
SHA,H,76,INFLOW,20100914,2300,3172, ,CFS
SHA,H,76,INFLOW,20100915,0000,4769, ,CFS
SHA,H,76,INFLOW,20100915,0100,6960, ,CFS
SHA,H,76,INFLOW,20100915,0200,711, ,CFS
SHA,H,76,INFLOW,20100915,0300,3761, ,CFS
SHA,H,76,INFLOW,20100915,0400,654, ,CFS
SHA,H,76,INFLOW,20100915,0500,762, ,CFS
SHA,H,76,INFLOW,20100915,0600,4403, ,CFS
SHA,H,76,INFLOW,20100915,0700,622, ,CFS
SHA,H,76,INFLOW,20100915,0800,3911, ,CFS
SHA,H,76,INFLOW,20100915,0900,524, ,CFS
SHA,H,76,INFLOW,20100915,1000,1097, ,CFS
SHA,H,76,INFLOW,20100915,1100,5707, ,CFS
SHA,H,76,INFLOW,20100915,1200,-94, ,CFS
SHA,H,76,INFLOW,20100915,1300,6938, ,CFS
SHA,H,76,INFLOW,20100915,1400,505, ,CFS
SHA,H,76,INFLOW,20100915,1500,5058, ,CFS
SHA,H,76,INFLOW,20100915,1600,6387, ,CFS
SHA,H,76,INFLOW,20100915,1700,586, ,CFS
SHA,H,76,INFLOW,20100915,1800,6113, ,CFS
SHA,H,76,INFLOW,20100915,1900,8315, ,CFS
SHA,H,76,INFLOW,20100915,2000,4397, ,CFS
SHA,H,76,INFLOW,20100915,2100,9658, ,CFS
SHA,H,76,INFLOW,20100915,2200,4971, ,CFS
SHA,H,76,INFLOW,20100915,2300,6028, ,CFS
SHA,H,76,INFLOW,20100916,0000,9517, ,CFS
SHA,H,76,INFLOW,20100916,0100,5034, ,CFS
SHA,H,76,INFLOW,20100916,0200,1915, ,CFS
SHA,H,76,INFLOW,20100916,0300,1929, ,CFS
SHA,H,76,INFLOW,20100916,0400,1933, ,CFS
SHA,H,76,INFLOW,20100916,0500,1979, ,CFS
SHA,H,76,INFLOW,20100916,0600,2271, ,CFS
SHA,H,76,INFLOW,20100916,0700,2717, ,CFS
SHA,H,76,INFLOW,20100916,0800,62, ,CFS
SHA,H,76,INFLOW,20100916,0900,4276, ,CFS
SHA,H,76,INFLOW,20100916,1000,1124, ,CFS
SHA,H,76,INFLOW,20100916,1100,2746, ,CFS
SHA,H,76,INFLOW,20100916,1200,5558, ,CFS
SHA,H,76,INFLOW,20100916,1300,4482, ,CFS
SHA,H,76,INFLOW,20100916,1400,5013, ,CFS
SHA,H,76,INFLOW,20100916,1500,6965, ,CFS
SHA,H,76,INFLOW,20100916,1600,7570, ,CFS
SHA,H,76,INFLOW,20100916,1700,9924, ,CFS
SHA,H,76,INFLOW,20100916,1800,2345, ,CFS
SHA,H,76,INFLOW,20100916,1900,7818, ,CFS
SHA,H,76,INFLOW,20100916,2000,6773, ,CFS
SHA,H,76,INFLOW,20100916,2100,6916, ,CFS
SHA,H,76,INFLOW,20100916,2200,5691, ,CFS
SHA,H,76,INFLOW,20100916,2300,5671, ,CFS
SHA,H,76,INFLOW,20100917,0000,5094, ,CFS
SHA,H,76,INFLOW,20100917,0100,8031, ,CFS
SHA,H,76,INFLOW,20100917,0200,2085, ,CFS
SHA,H,76,INFLOW,20100917,0300,5280, ,CFS
SHA,H,76,INFLOW,20100917,0400,-586, ,CFS
SHA,H,76,INFLOW,20100917,0500,1640, ,CFS
SHA,H,76,INFLOW,20100917,0600,4664, ,CFS
SHA,H,76,INFLOW,20100917,0700,1210, ,CFS
SHA,H,76,INFLOW,20100917,0800,2465, ,CFS
SHA,H,76,INFLOW,20100917,0900,2407, ,CFS
SHA,H,76,INFLOW,20100917,1000,-302, ,CFS
SHA,H,76,INFLOW,20100917,1100,5935, ,CFS
SHA,H,76,INFLOW,20100917,1200,3313, ,CFS
SHA,H,76,INFLOW,20100917,1300,5460, ,CFS
SHA,H,76,INFLOW,20100917,1400,4646, ,CFS
SHA,H,76,INFLOW,20100917,1500,6631, ,CFS
SHA,H,76,INFLOW,20100917,1600,10890, ,CFS
SHA,H,76,INFLOW,20100917,1700,4068, ,CFS
SHA,H,76,INFLOW,20100917,1800,9331, ,CFS
SHA,H,76,INFLOW,20100917,1900,6746, ,CFS
SHA,H,76,INFLOW,20100917,2000,6890, ,CFS
SHA,H,76,INFLOW,20100917,2100,4838, ,CFS
SHA,H,76,INFLOW,20100917,2200,6135, ,CFS
SHA,H,76,INFLOW,20100917,2300,4472, ,CFS
SHA,H,76,INFLOW,20100918,0000,4571, ,CFS
SHA,H,76,INFLOW,20100918,0100,8100, ,CFS
SHA,H,76,INFLOW,20100918,0200,2207, ,CFS
SHA,H,76,INFLOW,20100918,0300,5170, ,CFS
SHA,H,76,INFLOW,20100918,0400,1750, ,CFS
SHA,H,76,INFLOW,20100918,0500,1256, ,CFS
SHA,H,76,INFLOW,20100918,0600,4494, ,CFS
SHA,H,76,INFLOW,20100918,0700,1710, ,CFS
SHA,H,76,INFLOW,20100918,0800,4641, ,CFS
SHA,H,76,INFLOW,20100918,0900,1797, ,CFS
SHA,H,76,INFLOW,20100918,1000,2927, ,CFS
SHA,H,76,INFLOW,20100918,1100,3137, ,CFS
SHA,H,76,INFLOW,20100918,1200,3678, ,CFS
SHA,H,76,INFLOW,20100918,1300,4415, ,CFS
SHA,H,76,INFLOW,20100918,1400,5937, ,CFS
SHA,H,76,INFLOW,20100918,1500,5951, ,CFS
SHA,H,76,INFLOW,20100918,1600,6523, ,CFS
SHA,H,76,INFLOW,20100918,1700,4547, ,CFS
SHA,H,76,INFLOW,20100918,1800,7746, ,CFS
SHA,H,76,INFLOW,20100918,1900,7349, ,CFS
SHA,H,76,INFLOW,20100918,2000,10574, ,CFS
SHA,H,76,INFLOW,20100918,2100,4572, ,CFS
SHA,H,76,INFLOW,20100918,2200,7326, ,CFS
SHA,H,76,INFLOW,20100918,2300,2794, ,CFS
SHA,H,76,INFLOW,20100919,0000,8925, ,CFS
SHA,H,76,INFLOW,20100919,0100,1889, ,CFS
SHA,H,76,INFLOW,20100919,0200,1768, ,CFS
SHA,H,76,INFLOW,20100919,0300,4612, ,CFS
SHA,H,76,INFLOW,20100919,0400,1682, ,CFS
SHA,H,76,INFLOW,20100919,0500,7493, ,CFS
SHA,H,76,INFLOW,20100919,0600,4212, ,CFS
SHA,H,76,INFLOW,20100919,0700,615, ,CFS
SHA,H,76,INFLOW,20100919,0800,3747, ,CFS
SHA,H,76,INFLOW,20100919,0900,775, ,CFS
SHA,H,76,INFLOW,20100919,1000,1253, ,CFS
SHA,H,76,INFLOW,20100919,1100,5733, ,CFS
SHA,H,76,INFLOW,20100919,1200,6288, ,CFS
SHA,H,76,INFLOW,20100919,1300,3531, ,CFS
SHA,H,76,INFLOW,20100919,1400,7869, ,CFS
SHA,H,76,INFLOW,20100919,1500,5203, ,CFS
SHA,H,76,INFLOW,20100919,1600,5835, ,CFS
SHA,H,76,INFLOW,20100919,1700,9256, ,CFS
SHA,H,76,INFLOW,20100919,1800,2649, ,CFS
SHA,H,76,INFLOW,20100919,1900,8196, ,CFS
SHA,H,76,INFLOW,20100919,2000,9674, ,CFS
SHA,H,76,INFLOW,20100919,2100,4488, ,CFS
SHA,H,76,INFLOW,20100919,2200,6184, ,CFS
SHA,H,76,INFLOW,20100919,2300,5251, ,CFS
SHA,H,76,INFLOW,20100920,0000,8349, ,CFS
SHA,H,76,INFLOW,20100920,0100,3384, ,CFS
SHA,H,76,INFLOW,20100920,0200,538, ,CFS
SHA,H,76,INFLOW,20100920,0300,3501, ,CFS
SHA,H,76,INFLOW,20100920,0400,345, ,CFS
SHA,H,76,INFLOW,20100920,0500,3386, ,CFS
SHA,H,76,INFLOW,20100920,0600,3735, ,CFS
SHA,H,76,INFLOW,20100920,0700,823, ,CFS
SHA,H,76,INFLOW,20100920,0800,6766, ,CFS
SHA,H,76,INFLOW,20100920,0900,1891, ,CFS
SHA,H,76,INFLOW,20100920,1000,4207, ,CFS
SHA,H,76,INFLOW,20100920,1100,2366, ,CFS
SHA,H,76,INFLOW,20100920,1200,2116, ,CFS
SHA,H,76,INFLOW,20100920,1300,5922, ,CFS
SHA,H,76,INFLOW,20100920,1400,5028, ,CFS
SHA,H,76,INFLOW,20100920,1500,6409, ,CFS
SHA,H,76,INFLOW,20100920,1600,7058, ,CFS
SHA,H,76,INFLOW,20100920,1700,7829, ,CFS
SHA,H,76,INFLOW,20100920,1800,7403, ,CFS
SHA,H,76,INFLOW,20100920,1900,6626, ,CFS
SHA,H,76,INFLOW,20100920,2000,8171, ,CFS
SHA,H,76,INFLOW,20100920,2100,5999, ,CFS
SHA,H,76,INFLOW,20100920,2200,4783, ,CFS
SHA,H,76,INFLOW,20100920,2300,4591, ,CFS
SHA,H,76,INFLOW,20100921,0000,8123, ,CFS
SHA,H,76,INFLOW,20100921,0100,4835, ,CFS
SHA,H,76,INFLOW,20100921,0200,-963, ,CFS
SHA,H,76,INFLOW,20100921,0300,5046, ,CFS
SHA,H,76,INFLOW,20100921,0400,2056, ,CFS
SHA,H,76,INFLOW,20100921,0500,1972, ,CFS
SHA,H,76,INFLOW,20100921,0600,2438, ,CFS
SHA,H,76,INFLOW,20100921,0700,2343, ,CFS
SHA,H,76,INFLOW,20100921,0800,2083, ,CFS
SHA,H,76,INFLOW,20100921,0900,1987, ,CFS
SHA,H,76,INFLOW,20100921,1000,1285, ,CFS
SHA,H,76,INFLOW,20100921,1100,2338, ,CFS
SHA,H,76,INFLOW,20100921,1200,5673, ,CFS
SHA,H,76,INFLOW,20100921,1300,4797, ,CFS
SHA,H,76,INFLOW,20100921,1400,-4037, ,CFS
SHA,H,76,INFLOW,20100921,1500,1526, ,CFS
SHA,H,76,INFLOW,20100921,1600,2050, ,CFS
SHA,H,76,INFLOW,20100921,1700,2663, ,CFS
SHA,H,76,INFLOW,20100921,1800,2095, ,CFS
SHA,H,76,INFLOW,20100921,1900,1206, ,CFS
SHA,H,76,INFLOW,20100921,2000,3319, ,CFS
SHA,H,76,INFLOW,20100921,2100,1094, ,CFS
SHA,H,76,INFLOW,20100921,2200,6546, ,CFS
SHA,H,76,INFLOW,20100921,2300,515, ,CFS
SHA,H,76,INFLOW,20100922,0000,3461, ,CFS
SHA,H,76,INFLOW,20100922,0100,6408, ,CFS
SHA,H,76,INFLOW,20100922,0200,-2431, ,CFS
SHA,H,76,INFLOW,20100922,0300,514, ,CFS
SHA,H,76,INFLOW,20100922,0400,512, ,CFS
SHA,H,76,INFLOW,20100922,0500,515, ,CFS
SHA,H,76,INFLOW,20100922,0600,514, ,CFS
SHA,H,76,INFLOW,20100922,0700,-2430, ,CFS
SHA,H,76,INFLOW,20100922,0800,-2431, ,CFS
SHA,H,76,INFLOW,20100922,0900,-293, ,CFS
SHA,H,76,INFLOW,20100922,1000,2125, ,CFS
SHA,H,76,INFLOW,20100922,1100,1336, ,CFS
SHA,H,76,INFLOW,20100922,1200,5315, ,CFS
SHA,H,76,INFLOW,20100922,1300,2455, ,CFS
SHA,H,76,INFLOW,20100922,1400,7420, ,CFS
SHA,H,76,INFLOW,20100922,1500,7569, ,CFS
SHA,H,76,INFLOW,20100922,1600,8497, ,CFS
SHA,H,76,INFLOW,20100922,1700,8611, ,CFS
SHA,H,76,INFLOW,20100922,1800,5182, ,CFS
SHA,H,76,INFLOW,20100922,1900,6702, ,CFS
SHA,H,76,INFLOW,20100922,2000,7456, ,CFS
SHA,H,76,INFLOW,20100922,2100,8926, ,CFS
SHA,H,76,INFLOW,20100922,2200,3006, ,CFS
SHA,H,76,INFLOW,20100922,2300,5142, ,CFS
SHA,H,76,INFLOW,20100923,0000,3190, ,CFS
SHA,H,76,INFLOW,20100923,0100,5194, ,CFS
SHA,H,76,INFLOW,20100923,0200,4577, ,CFS
SHA,H,76,INFLOW,20100923,0300,1565, ,CFS
SHA,H,76,INFLOW,20100923,0400,1698, ,CFS
SHA,H,76,INFLOW,20100923,0500,1815, ,CFS
SHA,H,76,INFLOW,20100923,0600,2222, ,CFS
SHA,H,76,INFLOW,20100923,0700,867, ,CFS
SHA,H,76,INFLOW,20100923,0800,2666, ,CFS
SHA,H,76,INFLOW,20100923,0900,-173, ,CFS
SHA,H,76,INFLOW,20100923,1000,752, ,CFS
SHA,H,76,INFLOW,20100923,1100,-165, ,CFS
SHA,H,76,INFLOW,20100923,1200,3323, ,CFS
SHA,H,76,INFLOW,20100923,1300,3263, ,CFS
SHA,H,76,INFLOW,20100923,1400,6330, ,CFS
SHA,H,76,INFLOW,20100923,1500,6521, ,CFS
SHA,H,76,INFLOW,20100923,1600,4592, ,CFS
SHA,H,76,INFLOW,20100923,1700,7336, ,CFS
SHA,H,76,INFLOW,20100923,1800,7791, ,CFS
SHA,H,76,INFLOW,20100923,1900,4984, ,CFS
SHA,H,76,INFLOW,20100923,2000,9603, ,CFS
SHA,H,76,INFLOW,20100923,2100,6020, ,CFS
SHA,H,76,INFLOW,20100923,2200,7157, ,CFS
SHA,H,76,INFLOW,20100923,2300,4949, ,CFS
SHA,H,76,INFLOW,20100924,0000,4342, ,CFS
SHA,H,76,INFLOW,20100924,0100,5113, ,CFS
SHA,H,76,INFLOW,20100924,0200,-1229, ,CFS
SHA,H,76,INFLOW,20100924,0300,4480, ,CFS
SHA,H,76,INFLOW,20100924,0400,1546, ,CFS
SHA,H,76,INFLOW,20100924,0500,-1190, ,CFS
SHA,H,76,INFLOW,20100924,0600,2159, ,CFS
SHA,H,76,INFLOW,20100924,0700,2064, ,CFS
SHA,H,76,INFLOW,20100924,0800,-334, ,CFS
SHA,H,76,INFLOW,20100924,0900,1899, ,CFS
SHA,H,76,INFLOW,20100924,1000,-3869, ,CFS
SHA,H,76,INFLOW,20100924,1100,-790, ,CFS
SHA,H,76,INFLOW,20100924,1200,185, ,CFS
SHA,H,76,INFLOW,20100924,1300,2821, ,CFS
SHA,H,76,INFLOW,20100924,1400,3806, ,CFS
SHA,H,76,INFLOW,20100924,1500,5533, ,CFS
SHA,H,76,INFLOW,20100924,1600,9652, ,CFS
SHA,H,76,INFLOW,20100924,1700,8279, ,CFS
SHA,H,76,INFLOW,20100924,1800,7666, ,CFS
SHA,H,76,INFLOW,20100924,1900,9756, ,CFS
SHA,H,76,INFLOW,20100924,2000,7708, ,CFS
SHA,H,76,INFLOW,20100924,2100,3507, ,CFS
SHA,H,76,INFLOW,20100924,2200,8441, ,CFS
SHA,H,76,INFLOW,20100924,2300,3664, ,CFS
SHA,H,76,INFLOW,20100925,0000,6326, ,CFS
SHA,H,76,INFLOW,20100925,0100,2435, ,CFS
SHA,H,76,INFLOW,20100925,0200,1846, ,CFS
SHA,H,76,INFLOW,20100925,0300,1990, ,CFS
SHA,H,76,INFLOW,20100925,0400,1894, ,CFS
SHA,H,76,INFLOW,20100925,0500,1842, ,CFS
SHA,H,76,INFLOW,20100925,0600,2048, ,CFS
SHA,H,76,INFLOW,20100925,0700,-82, ,CFS
SHA,H,76,INFLOW,20100925,0800,3073, ,CFS
SHA,H,76,INFLOW,20100925,0900,426, ,CFS
SHA,H,76,INFLOW,20100925,1000,-931, ,CFS
SHA,H,76,INFLOW,20100925,1100,-483, ,CFS
SHA,H,76,INFLOW,20100925,1200,2241, ,CFS
SHA,H,76,INFLOW,20100925,1300,3940, ,CFS
SHA,H,76,INFLOW,20100925,1400,4607, ,CFS
SHA,H,76,INFLOW,20100925,1500,3594, ,CFS
SHA,H,76,INFLOW,20100925,1600,6952, ,CFS
SHA,H,76,INFLOW,20100925,1700,7491, ,CFS
SHA,H,76,INFLOW,20100925,1800,7161, ,CFS
SHA,H,76,INFLOW,20100925,1900,8943, ,CFS
SHA,H,76,INFLOW,20100925,2000,7468, ,CFS
SHA,H,76,INFLOW,20100925,2100,5563, ,CFS
SHA,H,76,INFLOW,20100925,2200,10727, ,CFS
SHA,H,76,INFLOW,20100925,2300,5241, ,CFS
SHA,H,76,INFLOW,20100926,0000,2414, ,CFS
SHA,H,76,INFLOW,20100926,0100,4911, ,CFS
SHA,H,76,INFLOW,20100926,0200,-1182, ,CFS
SHA,H,76,INFLOW,20100926,0300,4581, ,CFS
SHA,H,76,INFLOW,20100926,0400,1532, ,CFS
SHA,H,76,INFLOW,20100926,0500,1584, ,CFS
SHA,H,76,INFLOW,20100926,0600,1753, ,CFS
SHA,H,76,INFLOW,20100926,0700,-869, ,CFS
SHA,H,76,INFLOW,20100926,0800,2262, ,CFS
SHA,H,76,INFLOW,20100926,0900,-24, ,CFS
SHA,H,76,INFLOW,20100926,1000,177, ,CFS
SHA,H,76,INFLOW,20100926,1100,-909, ,CFS
SHA,H,76,INFLOW,20100926,1200,-593, ,CFS
SHA,H,76,INFLOW,20100926,1300,3934, ,CFS
SHA,H,76,INFLOW,20100926,1400,3058, ,CFS
SHA,H,76,INFLOW,20100926,1500,6608, ,CFS
SHA,H,76,INFLOW,20100926,1600,7863, ,CFS
SHA,H,76,INFLOW,20100926,1700,8364, ,CFS
SHA,H,76,INFLOW,20100926,1800,5152, ,CFS
SHA,H,76,INFLOW,20100926,1900,9479, ,CFS
SHA,H,76,INFLOW,20100926,2000,6282, ,CFS
SHA,H,76,INFLOW,20100926,2100,6115, ,CFS
SHA,H,76,INFLOW,20100926,2200,8547, ,CFS
SHA,H,76,INFLOW,20100926,2300,-1640, ,CFS
SHA,H,76,INFLOW,20100927,0000,6924, ,CFS
SHA,H,76,INFLOW,20100927,0100,2226, ,CFS
SHA,H,76,INFLOW,20100927,0200,1952, ,CFS
SHA,H,76,INFLOW,20100927,0300,4763, ,CFS
SHA,H,76,INFLOW,20100927,0400,-1191, ,CFS
SHA,H,76,INFLOW,20100927,0500,4686, ,CFS
SHA,H,76,INFLOW,20100927,0600,-1181, ,CFS
SHA,H,76,INFLOW,20100927,0700,378, ,CFS
SHA,H,76,INFLOW,20100927,0800,757, ,CFS
SHA,H,76,INFLOW,20100927,0900,572, ,CFS
SHA,H,76,INFLOW,20100927,1000,507, ,CFS
SHA,H,76,INFLOW,20100927,1100,-390, ,CFS
SHA,H,76,INFLOW,20100927,1200,-637, ,CFS
SHA,H,76,INFLOW,20100927,1300,5543, ,CFS
SHA,H,76,INFLOW,20100927,1400,1584, ,CFS
SHA,H,76,INFLOW,20100927,1500,10443, ,CFS
SHA,H,76,INFLOW,20100927,1600,5608, ,CFS
SHA,H,76,INFLOW,20100927,1700,7743, ,CFS
SHA,H,76,INFLOW,20100927,1800,12084, ,CFS
SHA,H,76,INFLOW,20100927,1900,3515, ,CFS
SHA,H,76,INFLOW,20100927,2000,12512, ,CFS
SHA,H,76,INFLOW,20100927,2100,4091, ,CFS
SHA,H,76,INFLOW,20100927,2200,7625, ,CFS
SHA,H,76,INFLOW,20100927,2300,1857, ,CFS
SHA,H,76,INFLOW,20100928,0000,4293, ,CFS
SHA,H,76,INFLOW,20100928,0100,8355, ,CFS
SHA,H,76,INFLOW,20100928,0200,1784, ,CFS
SHA,H,76,INFLOW,20100928,0300,1270, ,CFS
SHA,H,76,INFLOW,20100928,0400,1213, ,CFS
SHA,H,76,INFLOW,20100928,0500,1271, ,CFS
SHA,H,76,INFLOW,20100928,0600,1476, ,CFS
SHA,H,76,INFLOW,20100928,0700,2562, ,CFS
SHA,H,76,INFLOW,20100928,0800,-224, ,CFS
SHA,H,76,INFLOW,20100928,0900,-6, ,CFS
SHA,H,76,INFLOW,20100928,1000,489, ,CFS
SHA,H,76,INFLOW,20100928,1100,-608, ,CFS
SHA,H,76,INFLOW,20100928,1200,749, ,CFS
SHA,H,76,INFLOW,20100928,1300,2134, ,CFS
SHA,H,76,INFLOW,20100928,1400,3086, ,CFS
SHA,H,76,INFLOW,20100928,1500,10020, ,CFS
SHA,H,76,INFLOW,20100928,1600,4542, ,CFS
SHA,H,76,INFLOW,20100928,1700,7458, ,CFS
SHA,H,76,INFLOW,20100928,1800,6814, ,CFS
SHA,H,76,INFLOW,20100928,1900,6064, ,CFS
SHA,H,76,INFLOW,20100928,2000,8782, ,CFS
SHA,H,76,INFLOW,20100928,2100,6020, ,CFS
SHA,H,76,INFLOW,20100928,2200,6763, ,CFS
SHA,H,76,INFLOW,20100928,2300,486, ,CFS
SHA,H,76,INFLOW,20100929,0000,4451, ,CFS
SHA,H,76,INFLOW,20100929,0100,5532, ,CFS
SHA,H,76,INFLOW,20100929,0200,-928, ,CFS
SHA,H,76,INFLOW,20100929,0300,1915, ,CFS
SHA,H,76,INFLOW,20100929,0400,4780, ,CFS
SHA,H,76,INFLOW,20100929,0500,-1043, ,CFS
SHA,H,76,INFLOW,20100929,0600,5066, ,CFS
SHA,H,76,INFLOW,20100929,0700,-2746, ,CFS
SHA,H,76,INFLOW,20100929,0800,3067, ,CFS
SHA,H,76,INFLOW,20100929,0900,193, ,CFS
SHA,H,76,INFLOW,20100929,1000,835, ,CFS
SHA,H,76,INFLOW,20100929,1100,2467, ,CFS
SHA,H,76,INFLOW,20100929,1200,-2943, ,CFS
SHA,H,76,INFLOW,20100929,1300,1634, ,CFS
SHA,H,76,INFLOW,20100929,1400,-1771, ,CFS
SHA,H,76,INFLOW,20100929,1500,2033, ,CFS
SHA,H,76,INFLOW,20100929,1600,2863, ,CFS
SHA,H,76,INFLOW,20100929,1700,11810, ,CFS
SHA,H,76,INFLOW,20100929,1800,8122, ,CFS
SHA,H,76,INFLOW,20100929,1900,4865, ,CFS
SHA,H,76,INFLOW,20100929,2000,8513, ,CFS
SHA,H,76,INFLOW,20100929,2100,5500, ,CFS
SHA,H,76,INFLOW,20100929,2200,8901, ,CFS
SHA,H,76,INFLOW,20100929,2300,6403, ,CFS
SHA,H,76,INFLOW,20100930,0000,-823, ,CFS
SHA,H,76,INFLOW,20100930,0100,4959, ,CFS
SHA,H,76,INFLOW,20100930,0200,-916, ,CFS
SHA,H,76,INFLOW,20100930,0300,1960, ,CFS
SHA,H,76,INFLOW,20100930,0400,4682, ,CFS
SHA,H,76,INFLOW,20100930,0500,-1006, ,CFS
SHA,H,76,INFLOW,20100930,0600,2010, ,CFS
SHA,H,76,INFLOW,20100930,0700,-94, ,CFS
SHA,H,76,INFLOW,20100930,0800,2959, ,CFS
SHA,H,76,INFLOW,20100930,0900,30, ,CFS
SHA,H,76,INFLOW,20100930,1000,-2687, ,CFS
SHA,H,76,INFLOW,20100930,1100,2134, ,CFS
SHA,H,76,INFLOW,20100930,1200,-2736, ,CFS
SHA,H,76,INFLOW,20100930,1300,3584, ,CFS
SHA,H,76,INFLOW,20100930,1400,3539, ,CFS
SHA,H,76,INFLOW,20100930,1500,2037, ,CFS
SHA,H,76,INFLOW,20100930,1600,8004, ,CFS
SHA,H,76,INFLOW,20100930,1700,5706, ,CFS
SHA,H,76,INFLOW,20100930,1800,5284, ,CFS
SHA,H,76,INFLOW,20100930,1900,8671, ,CFS
SHA,H,76,INFLOW,20100930,2000,5502, ,CFS
SHA,H,76,INFLOW,20100930,2100,7137, ,CFS
SHA,H,76,INFLOW,20100930,2200,3250, ,CFS
SHA,H,76,INFLOW,20100930,2300,7983, ,CFS
SHA,H,76,INFLOW,20101001,0000,2022, ,CFS
SHA,H,76,INFLOW,20101001,0100,1244, ,CFS
SHA,H,76,INFLOW,20101001,0200,897, ,CFS
SHA,H,76,INFLOW,20101001,0300,891, ,CFS
SHA,H,76,INFLOW,20101001,0400,3820, ,CFS
SHA,H,76,INFLOW,20101001,0500,1168, ,CFS
SHA,H,76,INFLOW,20101001,0600,1191, ,CFS
SHA,H,76,INFLOW,20101001,0700,2051, ,CFS
SHA,H,76,INFLOW,20101001,0800,2498, ,CFS
SHA,H,76,INFLOW,20101001,0900,2212, ,CFS
SHA,H,76,INFLOW,20101001,1000,-798, ,CFS
SHA,H,76,INFLOW,20101001,1100,-49, ,CFS
SHA,H,76,INFLOW,20101001,1200,-180, ,CFS
SHA,H,76,INFLOW,20101001,1300,-919, ,CFS
SHA,H,76,INFLOW,20101001,1400,5558, ,CFS
SHA,H,76,INFLOW,20101001,1500,4448, ,CFS
SHA,H,76,INFLOW,20101001,1600,2661, ,CFS
SHA,H,76,INFLOW,20101001,1700,3290, ,CFS
SHA,H,76,INFLOW,20101001,1800,10807, ,CFS
SHA,H,76,INFLOW,20101001,1900,3559, ,CFS
SHA,H,76,INFLOW,20101001,2000,10721, ,CFS
SHA,H,76,INFLOW,20101001,2100,4693, ,CFS
SHA,H,76,INFLOW,20101001,2200,8471, ,CFS
SHA,H,76,INFLOW,20101001,2300,7, ,CFS
SHA,H,76,INFLOW,20101002,0000,5776, ,CFS
SHA,H,76,INFLOW,20101002,0100,848, ,CFS
SHA,H,76,INFLOW,20101002,0200,610, ,CFS
SHA,H,76,INFLOW,20101002,0300,6477, ,CFS
SHA,H,76,INFLOW,20101002,0400,-2319, ,CFS
SHA,H,76,INFLOW,20101002,0500,3551, ,CFS
SHA,H,76,INFLOW,20101002,0600,691, ,CFS
SHA,H,76,INFLOW,20101002,0700,1763, ,CFS
SHA,H,76,INFLOW,20101002,0800,1926, ,CFS
SHA,H,76,INFLOW,20101002,0900,2339, ,CFS
SHA,H,76,INFLOW,20101002,1000,-4015, ,CFS
SHA,H,76,INFLOW,20101002,1100,1688, ,CFS
SHA,H,76,INFLOW,20101002,1200,-504, ,CFS
SHA,H,76,INFLOW,20101002,1300,6293, ,CFS
SHA,H,76,INFLOW,20101002,1400,3712, ,CFS
SHA,H,76,INFLOW,20101002,1500,9603, ,CFS
SHA,H,76,INFLOW,20101002,1600,9675, ,CFS
SHA,H,76,INFLOW,20101002,1700,2315, ,CFS
SHA,H,76,INFLOW,20101002,1800,10362, ,CFS
SHA,H,76,INFLOW,20101002,1900,4974, ,CFS
SHA,H,76,INFLOW,20101002,2000,6004, ,CFS
SHA,H,76,INFLOW,20101002,2100,9719, ,CFS
SHA,H,76,INFLOW,20101002,2200,7150, ,CFS
SHA,H,76,INFLOW,20101002,2300,2645, ,CFS
SHA,H,76,INFLOW,20101003,0000,360, ,CFS
SHA,H,76,INFLOW,20101003,0100,3139, ,CFS
SHA,H,76,INFLOW,20101003,0200,203, ,CFS
SHA,H,76,INFLOW,20101003,0300,3138, ,CFS
SHA,H,76,INFLOW,20101003,0400,207, ,CFS
SHA,H,76,INFLOW,20101003,0500,3138, ,CFS
SHA,H,76,INFLOW,20101003,0600,307, ,CFS
SHA,H,76,INFLOW,20101003,0700,2037, ,CFS
SHA,H,76,INFLOW,20101003,0800,-983, ,CFS
SHA,H,76,INFLOW,20101003,0900,2329, ,CFS
SHA,H,76,INFLOW,20101003,1000,-307, ,CFS
SHA,H,76,INFLOW,20101003,1100,3113, ,CFS
SHA,H,76,INFLOW,20101003,1200,-5397, ,CFS
SHA,H,76,INFLOW,20101003,1300,4465, ,CFS
SHA,H,76,INFLOW,20101003,1400,10366, ,CFS
SHA,H,76,INFLOW,20101003,1500,6690, ,CFS
SHA,H,76,INFLOW,20101003,1600,9795, ,CFS
SHA,H,76,INFLOW,20101003,1700,7577, ,CFS
SHA,H,76,INFLOW,20101003,1800,2465, ,CFS
SHA,H,76,INFLOW,20101003,1900,11302, ,CFS
SHA,H,76,INFLOW,20101003,2000,5837, ,CFS
SHA,H,76,INFLOW,20101003,2100,844, ,CFS
SHA,H,76,INFLOW,20101003,2200,5434, ,CFS
SHA,H,76,INFLOW,20101003,2300,3723, ,CFS
SHA,H,76,INFLOW,20101004,0000,3831, ,CFS
SHA,H,76,INFLOW,20101004,0100,663, ,CFS
SHA,H,76,INFLOW,20101004,0200,663, ,CFS
SHA,H,76,INFLOW,20101004,0300,3578, ,CFS
SHA,H,76,INFLOW,20101004,0400,665, ,CFS
SHA,H,76,INFLOW,20101004,0500,3578, ,CFS
SHA,H,76,INFLOW,20101004,0600,856, ,CFS
SHA,H,76,INFLOW,20101004,0700,672, ,CFS
SHA,H,76,INFLOW,20101004,0800,1390, ,CFS
SHA,H,76,INFLOW,20101004,0900,1233, ,CFS
SHA,H,76,INFLOW,20101004,1000,867, ,CFS
SHA,H,76,INFLOW,20101004,1100,1232, ,CFS
SHA,H,76,INFLOW,20101004,1200,708, ,CFS
SHA,H,76,INFLOW,20101004,1300,2421, ,CFS
SHA,H,76,INFLOW,20101004,1400,1238, ,CFS
SHA,H,76,INFLOW,20101004,1500,1147, ,CFS
SHA,H,76,INFLOW,20101004,1600,7288, ,CFS
SHA,H,76,INFLOW,20101004,1700,7515, ,CFS
SHA,H,76,INFLOW,20101004,1800,7065, ,CFS
SHA,H,76,INFLOW,20101004,1900,9593, ,CFS
SHA,H,76,INFLOW,20101004,2000,4542, ,CFS
SHA,H,76,INFLOW,20101004,2100,9655, ,CFS
SHA,H,76,INFLOW,20101004,2200,300, ,CFS
SHA,H,76,INFLOW,20101004,2300,-392, ,CFS
SHA,H,76,INFLOW,20101005,0000,3557, ,CFS
SHA,H,76,INFLOW,20101005,0100,170, ,CFS
SHA,H,76,INFLOW,20101005,0200,3059, ,CFS
SHA,H,76,INFLOW,20101005,0300,143, ,CFS
SHA,H,76,INFLOW,20101005,0400,145, ,CFS
SHA,H,76,INFLOW,20101005,0500,144, ,CFS
SHA,H,76,INFLOW,20101005,0600,256, ,CFS
SHA,H,76,INFLOW,20101005,0700,5102, ,CFS
SHA,H,76,INFLOW,20101005,0800,-620, ,CFS
SHA,H,76,INFLOW,20101005,0900,1870, ,CFS
SHA,H,76,INFLOW,20101005,1000,6024, ,CFS
SHA,H,76,INFLOW,20101005,1100,-4180, ,CFS
SHA,H,76,INFLOW,20101005,1200,-22, ,CFS
SHA,H,76,INFLOW,20101005,1300,-2256, ,CFS
SHA,H,76,INFLOW,20101005,1400,2264, ,CFS
SHA,H,76,INFLOW,20101005,1500,10, ,CFS
SHA,H,76,INFLOW,20101005,1600,-4756, ,CFS
SHA,H,76,INFLOW,20101005,1700,3673, ,CFS
SHA,H,76,INFLOW,20101005,1800,3072, ,CFS
SHA,H,76,INFLOW,20101005,1900,3065, ,CFS
SHA,H,76,INFLOW,20101005,2000,7027, ,CFS
SHA,H,76,INFLOW,20101005,2100,-267, ,CFS
SHA,H,76,INFLOW,20101005,2200,5058, ,CFS
SHA,H,76,INFLOW,20101005,2300,1333, ,CFS
SHA,H,76,INFLOW,20101006,0000,915, ,CFS
SHA,H,76,INFLOW,20101006,0100,-5237, ,CFS
SHA,H,76,INFLOW,20101006,0200,3509, ,CFS
SHA,H,76,INFLOW,20101006,0300,595, ,CFS
SHA,H,76,INFLOW,20101006,0400,593, ,CFS
SHA,H,76,INFLOW,20101006,0500,595, ,CFS
SHA,H,76,INFLOW,20101006,0600,-2321, ,CFS
SHA,H,76,INFLOW,20101006,0700,3541, ,CFS
SHA,H,76,INFLOW,20101006,0800,4635, ,CFS
SHA,H,76,INFLOW,20101006,0900,-1048, ,CFS
SHA,H,76,INFLOW,20101006,1000,1602, ,CFS
SHA,H,76,INFLOW,20101006,1100,-2841, ,CFS
SHA,H,76,INFLOW,20101006,1200,6598, ,CFS
SHA,H,76,INFLOW,20101006,1300,3962, ,CFS
SHA,H,76,INFLOW,20101006,1400,6888, ,CFS
SHA,H,76,INFLOW,20101006,1500,4648, ,CFS
SHA,H,76,INFLOW,20101006,1600,4181, ,CFS
SHA,H,76,INFLOW,20101006,1700,4139, ,CFS
SHA,H,76,INFLOW,20101006,1800,2489, ,CFS
SHA,H,76,INFLOW,20101006,1900,6499, ,CFS
SHA,H,76,INFLOW,20101006,2000,5941, ,CFS
SHA,H,76,INFLOW,20101006,2100,2419, ,CFS
SHA,H,76,INFLOW,20101006,2200,6723, ,CFS
SHA,H,76,INFLOW,20101006,2300,-934, ,CFS
SHA,H,76,INFLOW,20101007,0000,4892, ,CFS
SHA,H,76,INFLOW,20101007,0100,463, ,CFS
SHA,H,76,INFLOW,20101007,0200,118, ,CFS
SHA,H,76,INFLOW,20101007,0300,122, ,CFS
SHA,H,76,INFLOW,20101007,0400,186, ,CFS
SHA,H,76,INFLOW,20101007,0500,467, ,CFS
SHA,H,76,INFLOW,20101007,0600,981, ,CFS
SHA,H,76,INFLOW,20101007,0700,695, ,CFS
SHA,H,76,INFLOW,20101007,0800,4623, ,CFS
SHA,H,76,INFLOW,20101007,0900,2290, ,CFS
SHA,H,76,INFLOW,20101007,1000,-3496, ,CFS
SHA,H,76,INFLOW,20101007,1100,3528, ,CFS
SHA,H,76,INFLOW,20101007,1200,-875, ,CFS
SHA,H,76,INFLOW,20101007,1300,2060, ,CFS
SHA,H,76,INFLOW,20101007,1400,5905, ,CFS
SHA,H,76,INFLOW,20101007,1500,2962, ,CFS
SHA,H,76,INFLOW,20101007,1600,6441, ,CFS
SHA,H,76,INFLOW,20101007,1700,6385, ,CFS
SHA,H,76,INFLOW,20101007,1800,2804, ,CFS
SHA,H,76,INFLOW,20101007,1900,5681, ,CFS
SHA,H,76,INFLOW,20101007,2000,4190, ,CFS
SHA,H,76,INFLOW,20101007,2100,4399, ,CFS
SHA,H,76,INFLOW,20101007,2200,5615, ,CFS
SHA,H,76,INFLOW,20101007,2300,-1675, ,CFS
SHA,H,76,INFLOW,20101008,0000,4274, ,CFS
SHA,H,76,INFLOW,20101008,0100,533, ,CFS
SHA,H,76,INFLOW,20101008,0200,3164, ,CFS
SHA,H,76,INFLOW,20101008,0300,200, ,CFS
SHA,H,76,INFLOW,20101008,0400,200, ,CFS
SHA,H,76,INFLOW,20101008,0500,3115, ,CFS
SHA,H,76,INFLOW,20101008,0600,346, ,CFS
SHA,H,76,INFLOW,20101008,0700,291, ,CFS
SHA,H,76,INFLOW,20101008,0800,2391, ,CFS
SHA,H,76,INFLOW,20101008,0900,2404, ,CFS
SHA,H,76,INFLOW,20101008,1000,-1354, ,CFS
SHA,H,76,INFLOW,20101008,1100,5348, ,CFS
SHA,H,76,INFLOW,20101008,1200,1256, ,CFS
SHA,H,76,INFLOW,20101008,1300,4174, ,CFS
SHA,H,76,INFLOW,20101008,1400,4558, ,CFS
SHA,H,76,INFLOW,20101008,1500,4311, ,CFS
SHA,H,76,INFLOW,20101008,1600,1345, ,CFS
SHA,H,76,INFLOW,20101008,1700,6883, ,CFS
SHA,H,76,INFLOW,20101008,1800,2761, ,CFS
SHA,H,76,INFLOW,20101008,1900,3764, ,CFS
SHA,H,76,INFLOW,20101008,2000,9424, ,CFS
SHA,H,76,INFLOW,20101008,2100,5160, ,CFS
SHA,H,76,INFLOW,20101008,2200,8365, ,CFS
SHA,H,76,INFLOW,20101008,2300,2349, ,CFS
SHA,H,76,INFLOW,20101009,0000,1062, ,CFS
SHA,H,76,INFLOW,20101009,0100,3034, ,CFS
SHA,H,76,INFLOW,20101009,0200,78, ,CFS
SHA,H,76,INFLOW,20101009,0300,2991, ,CFS
SHA,H,76,INFLOW,20101009,0400,2994, ,CFS
SHA,H,76,INFLOW,20101009,0500,-2836, ,CFS
SHA,H,76,INFLOW,20101009,0600,3085, ,CFS
SHA,H,76,INFLOW,20101009,0700,786, ,CFS
SHA,H,76,INFLOW,20101009,0800,-1740, ,CFS
SHA,H,76,INFLOW,20101009,0900,4402, ,CFS
SHA,H,76,INFLOW,20101009,1000,-1144, ,CFS
SHA,H,76,INFLOW,20101009,1100,433, ,CFS
SHA,H,76,INFLOW,20101009,1200,-394, ,CFS
SHA,H,76,INFLOW,20101009,1300,354, ,CFS
SHA,H,76,INFLOW,20101009,1400,4925, ,CFS
SHA,H,76,INFLOW,20101009,1500,-931, ,CFS
SHA,H,76,INFLOW,20101009,1600,5088, ,CFS
SHA,H,76,INFLOW,20101009,1700,2080, ,CFS
SHA,H,76,INFLOW,20101009,1800,7694, ,CFS
SHA,H,76,INFLOW,20101009,1900,2917, ,CFS
SHA,H,76,INFLOW,20101009,2000,4035, ,CFS
SHA,H,76,INFLOW,20101009,2100,6188, ,CFS
SHA,H,76,INFLOW,20101009,2200,3938, ,CFS
SHA,H,76,INFLOW,20101009,2300,3734, ,CFS
SHA,H,76,INFLOW,20101010,0000,3247, ,CFS
SHA,H,76,INFLOW,20101010,0100,159, ,CFS
SHA,H,76,INFLOW,20101010,0200,3086, ,CFS
SHA,H,76,INFLOW,20101010,0300,156, ,CFS
SHA,H,76,INFLOW,20101010,0400,158, ,CFS
SHA,H,76,INFLOW,20101010,0500,3097, ,CFS
SHA,H,76,INFLOW,20101010,0600,-2395, ,CFS
SHA,H,76,INFLOW,20101010,0700,4071, ,CFS
SHA,H,76,INFLOW,20101010,0800,-1501, ,CFS
SHA,H,76,INFLOW,20101010,0900,1459, ,CFS
SHA,H,76,INFLOW,20101010,1000,-1300, ,CFS
SHA,H,76,INFLOW,20101010,1100,-1043, ,CFS
SHA,H,76,INFLOW,20101010,1200,3787, ,CFS
SHA,H,76,INFLOW,20101010,1300,1189, ,CFS
SHA,H,76,INFLOW,20101010,1400,2735, ,CFS
SHA,H,76,INFLOW,20101010,1500,6188, ,CFS
SHA,H,76,INFLOW,20101010,1600,9419, ,CFS
SHA,H,76,INFLOW,20101010,1700,4489, ,CFS
SHA,H,76,INFLOW,20101010,1800,4723, ,CFS
SHA,H,76,INFLOW,20101010,1900,5152, ,CFS
SHA,H,76,INFLOW,20101010,2000,4304, ,CFS
SHA,H,76,INFLOW,20101010,2100,6214, ,CFS
SHA,H,76,INFLOW,20101010,2200,3755, ,CFS
SHA,H,76,INFLOW,20101010,2300,3408, ,CFS
SHA,H,76,INFLOW,20101011,0000,3847, ,CFS
SHA,H,76,INFLOW,20101011,0100,775, ,CFS
SHA,H,76,INFLOW,20101011,0200,842, ,CFS
SHA,H,76,INFLOW,20101011,0300,3703, ,CFS
SHA,H,76,INFLOW,20101011,0400,3682, ,CFS
SHA,H,76,INFLOW,20101011,0500,786, ,CFS
SHA,H,76,INFLOW,20101011,0600,-1924, ,CFS
SHA,H,76,INFLOW,20101011,0700,-862, ,CFS
SHA,H,76,INFLOW,20101011,0800,3130, ,CFS
SHA,H,76,INFLOW,20101011,0900,549, ,CFS
SHA,H,76,INFLOW,20101011,1000,3298, ,CFS
SHA,H,76,INFLOW,20101011,1100,-844, ,CFS
SHA,H,76,INFLOW,20101011,1200,-1568, ,CFS
SHA,H,76,INFLOW,20101011,1300,1574, ,CFS
SHA,H,76,INFLOW,20101011,1400,6005, ,CFS
SHA,H,76,INFLOW,20101011,1500,3090, ,CFS
SHA,H,76,INFLOW,20101011,1600,7506, ,CFS
SHA,H,76,INFLOW,20101011,1700,7197, ,CFS
SHA,H,76,INFLOW,20101011,1800,6128, ,CFS
SHA,H,76,INFLOW,20101011,1900,4076, ,CFS
SHA,H,76,INFLOW,20101011,2000,5134, ,CFS
SHA,H,76,INFLOW,20101011,2100,50, ,CFS
SHA,H,76,INFLOW,20101011,2200,7293, ,CFS
SHA,H,76,INFLOW,20101011,2300,8340, ,CFS
SHA,H,76,INFLOW,20101012,0000,842, ,CFS
SHA,H,76,INFLOW,20101012,0100,811, ,CFS
SHA,H,76,INFLOW,20101012,0200,3879, ,CFS
SHA,H,76,INFLOW,20101012,0300,1007, ,CFS
SHA,H,76,INFLOW,20101012,0400,3683, ,CFS
SHA,H,76,INFLOW,20101012,0500,784, ,CFS
SHA,H,76,INFLOW,20101012,0600,1132, ,CFS
SHA,H,76,INFLOW,20101012,0700,4434, ,CFS
SHA,H,76,INFLOW,20101012,0800,2070, ,CFS
SHA,H,76,INFLOW,20101012,0900,-544, ,CFS
SHA,H,76,INFLOW,20101012,1000,2793, ,CFS
SHA,H,76,INFLOW,20101012,1100,-3178, ,CFS
SHA,H,76,INFLOW,20101012,1200,1026, ,CFS
SHA,H,76,INFLOW,20101012,1300,-1385, ,CFS
SHA,H,76,INFLOW,20101012,1400,5291, ,CFS
SHA,H,76,INFLOW,20101012,1500,1166, ,CFS
SHA,H,76,INFLOW,20101012,1600,10962, ,CFS
SHA,H,76,INFLOW,20101012,1700,7716, ,CFS
SHA,H,76,INFLOW,20101012,1800,4129, ,CFS
SHA,H,76,INFLOW,20101012,1900,8829, ,CFS
SHA,H,76,INFLOW,20101012,2000,4274, ,CFS
SHA,H,76,INFLOW,20101012,2100,8182, ,CFS
SHA,H,76,INFLOW,20101012,2200,8911, ,CFS
SHA,H,76,INFLOW,20101012,2300,3540, ,CFS
SHA,H,76,INFLOW,20101013,0000,3657, ,CFS
SHA,H,76,INFLOW,20101013,0100,785, ,CFS
SHA,H,76,INFLOW,20101013,0200,606, ,CFS
SHA,H,76,INFLOW,20101013,0300,3526, ,CFS
SHA,H,76,INFLOW,20101013,0400,598, ,CFS
SHA,H,76,INFLOW,20101013,0500,700, ,CFS
SHA,H,76,INFLOW,20101013,0600,1054, ,CFS
SHA,H,76,INFLOW,20101013,0700,2224, ,CFS
SHA,H,76,INFLOW,20101013,0800,5354, ,CFS
SHA,H,76,INFLOW,20101013,0900,-3376, ,CFS
SHA,H,76,INFLOW,20101013,1000,2120, ,CFS
SHA,H,76,INFLOW,20101013,1100,510, ,CFS
SHA,H,76,INFLOW,20101013,1200,-503, ,CFS
SHA,H,76,INFLOW,20101013,1300,6035, ,CFS
SHA,H,76,INFLOW,20101013,1400,2242, ,CFS
SHA,H,76,INFLOW,20101013,1500,5714, ,CFS
SHA,H,76,INFLOW,20101013,1600,9620, ,CFS
SHA,H,76,INFLOW,20101013,1700,6717, ,CFS
SHA,H,76,INFLOW,20101013,1800,5601, ,CFS
SHA,H,76,INFLOW,20101013,1900,5138, ,CFS
SHA,H,76,INFLOW,20101013,2000,9170, ,CFS
SHA,H,76,INFLOW,20101013,2100,6331, ,CFS
SHA,H,76,INFLOW,20101013,2200,5825, ,CFS
SHA,H,76,INFLOW,20101013,2300,4274, ,CFS
SHA,H,76,INFLOW,20101014,0000,710, ,CFS
SHA,H,76,INFLOW,20101014,0100,3590, ,CFS
SHA,H,76,INFLOW,20101014,0200,232, ,CFS
SHA,H,76,INFLOW,20101014,0300,252, ,CFS
SHA,H,76,INFLOW,20101014,0400,3081, ,CFS
SHA,H,76,INFLOW,20101014,0500,222, ,CFS
SHA,H,76,INFLOW,20101014,0600,3161, ,CFS
SHA,H,76,INFLOW,20101014,0700,643, ,CFS
SHA,H,76,INFLOW,20101014,0800,-1811, ,CFS
SHA,H,76,INFLOW,20101014,0900,1171, ,CFS
SHA,H,76,INFLOW,20101014,1000,1687, ,CFS
SHA,H,76,INFLOW,20101014,1100,573, ,CFS
SHA,H,76,INFLOW,20101014,1200,4566, ,CFS
SHA,H,76,INFLOW,20101014,1300,1838, ,CFS
SHA,H,76,INFLOW,20101014,1400,6378, ,CFS
SHA,H,76,INFLOW,20101014,1500,1894, ,CFS
SHA,H,76,INFLOW,20101014,1600,10981, ,CFS
SHA,H,76,INFLOW,20101014,1700,5491, ,CFS
SHA,H,76,INFLOW,20101014,1800,7126, ,CFS
SHA,H,76,INFLOW,20101014,1900,9163, ,CFS
SHA,H,76,INFLOW,20101014,2000,5826, ,CFS
SHA,H,76,INFLOW,20101014,2100,6208, ,CFS
SHA,H,76,INFLOW,20101014,2200,6845, ,CFS
SHA,H,76,INFLOW,20101014,2300,4156, ,CFS
SHA,H,76,INFLOW,20101015,0000,450, ,CFS
SHA,H,76,INFLOW,20101015,0100,3243, ,CFS
SHA,H,76,INFLOW,20101015,0200,-2550, ,CFS
SHA,H,76,INFLOW,20101015,0300,6093, ,CFS
SHA,H,76,INFLOW,20101015,0400,257, ,CFS
SHA,H,76,INFLOW,20101015,0500,501, ,CFS
SHA,H,76,INFLOW,20101015,0600,3591, ,CFS
SHA,H,76,INFLOW,20101015,0700,-2552, ,CFS
SHA,H,76,INFLOW,20101015,0800,3219, ,CFS
SHA,H,76,INFLOW,20101015,0900,205, ,CFS
SHA,H,76,INFLOW,20101015,1000,-2707, ,CFS
SHA,H,76,INFLOW,20101015,1100,791, ,CFS
SHA,H,76,INFLOW,20101015,1200,443, ,CFS
SHA,H,76,INFLOW,20101015,1300,2217, ,CFS
SHA,H,76,INFLOW,20101015,1400,7807, ,CFS
SHA,H,76,INFLOW,20101015,1500,2521, ,CFS
SHA,H,76,INFLOW,20101015,1600,11270, ,CFS
SHA,H,76,INFLOW,20101015,1700,5380, ,CFS
SHA,H,76,INFLOW,20101015,1800,7775, ,CFS
SHA,H,76,INFLOW,20101015,1900,6555, ,CFS
SHA,H,76,INFLOW,20101015,2000,4045, ,CFS
SHA,H,76,INFLOW,20101015,2100,8085, ,CFS
SHA,H,76,INFLOW,20101015,2200,8606, ,CFS
SHA,H,76,INFLOW,20101015,2300,2071, ,CFS
SHA,H,76,INFLOW,20101016,0000,1522, ,CFS
SHA,H,76,INFLOW,20101016,0100,239, ,CFS
SHA,H,76,INFLOW,20101016,0200,155, ,CFS
SHA,H,76,INFLOW,20101016,0300,3153, ,CFS
SHA,H,76,INFLOW,20101016,0400,155, ,CFS
SHA,H,76,INFLOW,20101016,0500,160, ,CFS
SHA,H,76,INFLOW,20101016,0600,246, ,CFS
SHA,H,76,INFLOW,20101016,0700,3308, ,CFS
SHA,H,76,INFLOW,20101016,0800,262, ,CFS
SHA,H,76,INFLOW,20101016,0900,126, ,CFS
SHA,H,76,INFLOW,20101016,1000,1085, ,CFS
SHA,H,76,INFLOW,20101016,1100,-884, ,CFS
SHA,H,76,INFLOW,20101016,1200,3433, ,CFS
SHA,H,76,INFLOW,20101016,1300,1224, ,CFS
SHA,H,76,INFLOW,20101016,1400,3912, ,CFS
SHA,H,76,INFLOW,20101016,1500,5367, ,CFS
SHA,H,76,INFLOW,20101016,1600,6473, ,CFS
SHA,H,76,INFLOW,20101016,1700,4832, ,CFS
SHA,H,76,INFLOW,20101016,1800,4880, ,CFS
SHA,H,76,INFLOW,20101016,1900,4716, ,CFS
SHA,H,76,INFLOW,20101016,2000,4568, ,CFS
SHA,H,76,INFLOW,20101016,2100,9346, ,CFS
SHA,H,76,INFLOW,20101016,2200,6246, ,CFS
SHA,H,76,INFLOW,20101016,2300,5102, ,CFS
SHA,H,76,INFLOW,20101017,0000,-1586, ,CFS
SHA,H,76,INFLOW,20101017,0100,3247, ,CFS
SHA,H,76,INFLOW,20101017,0200,265, ,CFS
SHA,H,76,INFLOW,20101017,0300,315, ,CFS
SHA,H,76,INFLOW,20101017,0400,3201, ,CFS
SHA,H,76,INFLOW,20101017,0500,219, ,CFS
SHA,H,76,INFLOW,20101017,0600,311, ,CFS
SHA,H,76,INFLOW,20101017,0700,256, ,CFS
SHA,H,76,INFLOW,20101017,0800,3176, ,CFS
SHA,H,76,INFLOW,20101017,0900,284, ,CFS
SHA,H,76,INFLOW,20101017,1000,-4481, ,CFS
SHA,H,76,INFLOW,20101017,1100,4608, ,CFS
SHA,H,76,INFLOW,20101017,1200,-3067, ,CFS
SHA,H,76,INFLOW,20101017,1300,2670, ,CFS
SHA,H,76,INFLOW,20101017,1400,3613, ,CFS
SHA,H,76,INFLOW,20101017,1500,2053, ,CFS
SHA,H,76,INFLOW,20101017,1600,8322, ,CFS
SHA,H,76,INFLOW,20101017,1700,6300, ,CFS
SHA,H,76,INFLOW,20101017,1800,7308, ,CFS
SHA,H,76,INFLOW,20101017,1900,4980, ,CFS
SHA,H,76,INFLOW,20101017,2000,4889, ,CFS
SHA,H,76,INFLOW,20101017,2100,7973, ,CFS
SHA,H,76,INFLOW,20101017,2200,8546, ,CFS
SHA,H,76,INFLOW,20101017,2300,3250, ,CFS
SHA,H,76,INFLOW,20101018,0000,4548, ,CFS
SHA,H,76,INFLOW,20101018,0100,-2442, ,CFS
SHA,H,76,INFLOW,20101018,0200,3293, ,CFS
SHA,H,76,INFLOW,20101018,0300,372, ,CFS
SHA,H,76,INFLOW,20101018,0400,3272, ,CFS
SHA,H,76,INFLOW,20101018,0500,1252, ,CFS
SHA,H,76,INFLOW,20101018,0600,1046, ,CFS
SHA,H,76,INFLOW,20101018,0700,1817, ,CFS
SHA,H,76,INFLOW,20101018,0800,3762, ,CFS
SHA,H,76,INFLOW,20101018,0900,-1185, ,CFS
SHA,H,76,INFLOW,20101018,1000,2073, ,CFS
SHA,H,76,INFLOW,20101018,1100,3385, ,CFS
SHA,H,76,INFLOW,20101018,1200,-2083, ,CFS
SHA,H,76,INFLOW,20101018,1300,3441, ,CFS
SHA,H,76,INFLOW,20101018,1400,1189, ,CFS
SHA,H,76,INFLOW,20101018,1500,4435, ,CFS
SHA,H,76,INFLOW,20101018,1600,4382, ,CFS
SHA,H,76,INFLOW,20101018,1700,1295, ,CFS
SHA,H,76,INFLOW,20101018,1800,9874, ,CFS
SHA,H,76,INFLOW,20101018,1900,4286, ,CFS
SHA,H,76,INFLOW,20101018,2000,7294, ,CFS
SHA,H,76,INFLOW,20101018,2100,7282, ,CFS
SHA,H,76,INFLOW,20101018,2200,3924, ,CFS
SHA,H,76,INFLOW,20101018,2300,6754, ,CFS
SHA,H,76,INFLOW,20101019,0000,-1293, ,CFS
SHA,H,76,INFLOW,20101019,0100,3792, ,CFS
SHA,H,76,INFLOW,20101019,0200,830, ,CFS
SHA,H,76,INFLOW,20101019,0300,3591, ,CFS
SHA,H,76,INFLOW,20101019,0400,3432, ,CFS
SHA,H,76,INFLOW,20101019,0500,581, ,CFS
SHA,H,76,INFLOW,20101019,0600,844, ,CFS
SHA,H,76,INFLOW,20101019,0700,828, ,CFS
SHA,H,76,INFLOW,20101019,0800,-856, ,CFS
SHA,H,76,INFLOW,20101019,0900,2982, ,CFS
SHA,H,76,INFLOW,20101019,1000,-3665, ,CFS
SHA,H,76,INFLOW,20101019,1100,1305, ,CFS
SHA,H,76,INFLOW,20101019,1200,858, ,CFS
SHA,H,76,INFLOW,20101019,1300,382, ,CFS
SHA,H,76,INFLOW,20101019,1400,1299, ,CFS
SHA,H,76,INFLOW,20101019,1500,1388, ,CFS
SHA,H,76,INFLOW,20101019,1600,4274, ,CFS
SHA,H,76,INFLOW,20101019,1700,7177, ,CFS
SHA,H,76,INFLOW,20101019,1800,1359, ,CFS
SHA,H,76,INFLOW,20101019,1900,7198, ,CFS
SHA,H,76,INFLOW,20101019,2000,7202, ,CFS
SHA,H,76,INFLOW,20101019,2100,7470, ,CFS
SHA,H,76,INFLOW,20101019,2200,10239, ,CFS
SHA,H,76,INFLOW,20101019,2300,-2306, ,CFS
SHA,H,76,INFLOW,20101020,0000,2393, ,CFS
SHA,H,76,INFLOW,20101020,0100,670, ,CFS
SHA,H,76,INFLOW,20101020,0200,600, ,CFS
SHA,H,76,INFLOW,20101020,0300,3454, ,CFS
SHA,H,76,INFLOW,20101020,0400,563, ,CFS
SHA,H,76,INFLOW,20101020,0500,558, ,CFS
SHA,H,76,INFLOW,20101020,0600,804, ,CFS
SHA,H,76,INFLOW,20101020,0700,6, ,CFS
SHA,H,76,INFLOW,20101020,0800,3670, ,CFS
SHA,H,76,INFLOW,20101020,0900,2354, ,CFS
SHA,H,76,INFLOW,20101020,1000,-1795, ,CFS
SHA,H,76,INFLOW,20101020,1100,593, ,CFS
SHA,H,76,INFLOW,20101020,1200,4835, ,CFS
SHA,H,76,INFLOW,20101020,1300,2553, ,CFS
SHA,H,76,INFLOW,20101020,1400,7006, ,CFS
SHA,H,76,INFLOW,20101020,1500,694, ,CFS
SHA,H,76,INFLOW,20101020,1600,5203, ,CFS
SHA,H,76,INFLOW,20101020,1700,3475, ,CFS
SHA,H,76,INFLOW,20101020,1800,6089, ,CFS
SHA,H,76,INFLOW,20101020,1900,2388, ,CFS
SHA,H,76,INFLOW,20101020,2000,8617, ,CFS
SHA,H,76,INFLOW,20101020,2100,9183, ,CFS
SHA,H,76,INFLOW,20101020,2200,4667, ,CFS
SHA,H,76,INFLOW,20101020,2300,6194, ,CFS
SHA,H,76,INFLOW,20101021,0000,689, ,CFS
SHA,H,76,INFLOW,20101021,0100,3375, ,CFS
SHA,H,76,INFLOW,20101021,0200,715, ,CFS
SHA,H,76,INFLOW,20101021,0300,-2275, ,CFS
SHA,H,76,INFLOW,20101021,0400,3506, ,CFS
SHA,H,76,INFLOW,20101021,0500,761, ,CFS
SHA,H,76,INFLOW,20101021,0600,1018, ,CFS
SHA,H,76,INFLOW,20101021,0700,833, ,CFS
SHA,H,76,INFLOW,20101021,0800,3356, ,CFS
SHA,H,76,INFLOW,20101021,0900,-545, ,CFS
SHA,H,76,INFLOW,20101021,1000,-110, ,CFS
SHA,H,76,INFLOW,20101021,1100,3115, ,CFS
SHA,H,76,INFLOW,20101021,1200,6606, ,CFS
SHA,H,76,INFLOW,20101021,1300,4930, ,CFS
SHA,H,76,INFLOW,20101021,1400,6041, ,CFS
SHA,H,76,INFLOW,20101021,1500,3742, ,CFS
SHA,H,76,INFLOW,20101021,1600,3735, ,CFS
SHA,H,76,INFLOW,20101021,1700,3341, ,CFS
SHA,H,76,INFLOW,20101021,1800,5443, ,CFS
SHA,H,76,INFLOW,20101021,1900,5257, ,CFS
SHA,H,76,INFLOW,20101021,2000,5714, ,CFS
SHA,H,76,INFLOW,20101021,2100,9260, ,CFS
SHA,H,76,INFLOW,20101021,2200,5627, ,CFS
SHA,H,76,INFLOW,20101021,2300,2912, ,CFS
SHA,H,76,INFLOW,20101022,0000,696, ,CFS
SHA,H,76,INFLOW,20101022,0100,2499, ,CFS
SHA,H,76,INFLOW,20101022,0200,-831, ,CFS
SHA,H,76,INFLOW,20101022,0300,5009, ,CFS
SHA,H,76,INFLOW,20101022,0400,-860, ,CFS
SHA,H,76,INFLOW,20101022,0500,-886, ,CFS
SHA,H,76,INFLOW,20101022,0600,5327, ,CFS
SHA,H,76,INFLOW,20101022,0700,-109, ,CFS
SHA,H,76,INFLOW,20101022,0800,3619, ,CFS
SHA,H,76,INFLOW,20101022,0900,3433, ,CFS
SHA,H,76,INFLOW,20101022,1000,7606, ,CFS
SHA,H,76,INFLOW,20101022,1100,2816, ,CFS
SHA,H,76,INFLOW,20101022,1200,4663, ,CFS
SHA,H,76,INFLOW,20101022,1300,5001, ,CFS
SHA,H,76,INFLOW,20101022,1400,1189, ,CFS
SHA,H,76,INFLOW,20101022,1500,6894, ,CFS
SHA,H,76,INFLOW,20101022,1600,-162, ,CFS
SHA,H,76,INFLOW,20101022,1700,1310, ,CFS
SHA,H,76,INFLOW,20101022,1800,4362, ,CFS
SHA,H,76,INFLOW,20101022,1900,1618, ,CFS
SHA,H,76,INFLOW,20101022,2000,8848, ,CFS
SHA,H,76,INFLOW,20101022,2100,-154, ,CFS
SHA,H,76,INFLOW,20101022,2200,5171, ,CFS
SHA,H,76,INFLOW,20101022,2300,5571, ,CFS
SHA,H,76,INFLOW,20101023,0000,2551, ,CFS
SHA,H,76,INFLOW,20101023,0100,9647, ,CFS
SHA,H,76,INFLOW,20101023,0200,3550, ,CFS
SHA,H,76,INFLOW,20101023,0300,3697, ,CFS
SHA,H,76,INFLOW,20101023,0400,12133, ,CFS
SHA,H,76,INFLOW,20101023,0500,540, ,CFS
SHA,H,76,INFLOW,20101023,0600,9566, ,CFS
SHA,H,76,INFLOW,20101023,0700,-603, ,CFS
SHA,H,76,INFLOW,20101023,0800,2495, ,CFS
SHA,H,76,INFLOW,20101023,0900,2344, ,CFS
SHA,H,76,INFLOW,20101023,1000,3366, ,CFS
SHA,H,76,INFLOW,20101023,1100,2453, ,CFS
SHA,H,76,INFLOW,20101023,1200,2760, ,CFS
SHA,H,76,INFLOW,20101023,1300,5544, ,CFS
SHA,H,76,INFLOW,20101023,1400,4290, ,CFS
SHA,H,76,INFLOW,20101023,1500,4900, ,CFS
SHA,H,76,INFLOW,20101023,1600,1430, ,CFS
SHA,H,76,INFLOW,20101023,1700,9872, ,CFS
SHA,H,76,INFLOW,20101023,1800,3588, ,CFS
SHA,H,76,INFLOW,20101023,1900,7357, ,CFS
SHA,H,76,INFLOW,20101023,2000,16647, ,CFS
SHA,H,76,INFLOW,20101023,2100,5856, ,CFS
SHA,H,76,INFLOW,20101023,2200,13995, ,CFS
SHA,H,76,INFLOW,20101023,2300,9434, ,CFS
SHA,H,76,INFLOW,20101024,0000,10681, ,CFS
SHA,H,76,INFLOW,20101024,0100,11571, ,CFS
SHA,H,76,INFLOW,20101024,0200,10828, ,CFS
SHA,H,76,INFLOW,20101024,0300,13465, ,CFS
SHA,H,76,INFLOW,20101024,0400,13444, ,CFS
SHA,H,76,INFLOW,20101024,0500,10718, ,CFS
SHA,H,76,INFLOW,20101024,0600,22662, ,CFS
SHA,H,76,INFLOW,20101024,0700,17120, ,CFS
SHA,H,76,INFLOW,20101024,0800,17520, ,CFS
SHA,H,76,INFLOW,20101024,0900,17785, ,CFS
SHA,H,76,INFLOW,20101024,1000,11938, ,CFS
SHA,H,76,INFLOW,20101024,1100,16436, ,CFS
SHA,H,76,INFLOW,20101024,1200,13642, ,CFS
SHA,H,76,INFLOW,20101024,1300,16842, ,CFS
SHA,H,76,INFLOW,20101024,1400,8343, ,CFS
SHA,H,76,INFLOW,20101024,1500,13829, ,CFS
SHA,H,76,INFLOW,20101024,1600,7779, ,CFS
SHA,H,76,INFLOW,20101024,1700,14105, ,CFS
SHA,H,76,INFLOW,20101024,1800,5860, ,CFS
SHA,H,76,INFLOW,20101024,1900,13596, ,CFS
SHA,H,76,INFLOW,20101024,2000,5863, ,CFS
SHA,H,76,INFLOW,20101024,2100,8311, ,CFS
SHA,H,76,INFLOW,20101024,2200,3759, ,CFS
SHA,H,76,INFLOW,20101024,2300,32956, ,CFS
SHA,H,76,INFLOW,20101025,0000,-7038, ,CFS
SHA,H,76,INFLOW,20101025,0100,5184, ,CFS
SHA,H,76,INFLOW,20101025,0200,10421, ,CFS
SHA,H,76,INFLOW,20101025,0300,4562, ,CFS
SHA,H,76,INFLOW,20101025,0400,4565, ,CFS
SHA,H,76,INFLOW,20101025,0500,1652, ,CFS
SHA,H,76,INFLOW,20101025,0600,4720, ,CFS
SHA,H,76,INFLOW,20101025,0700,2202, ,CFS
SHA,H,76,INFLOW,20101025,0800,5625, ,CFS
SHA,H,76,INFLOW,20101025,0900,5834, ,CFS
SHA,H,76,INFLOW,20101025,1000,938, ,CFS
SHA,H,76,INFLOW,20101025,1100,5226, ,CFS
SHA,H,76,INFLOW,20101025,1200,2847, ,CFS
SHA,H,76,INFLOW,20101025,1300,5914, ,CFS
SHA,H,76,INFLOW,20101025,1400,4161, ,CFS
SHA,H,76,INFLOW,20101025,1500,7428, ,CFS
SHA,H,76,INFLOW,20101025,1600,2715, ,CFS
SHA,H,76,INFLOW,20101025,1700,573, ,CFS
SHA,H,76,INFLOW,20101025,1800,2707, ,CFS
SHA,H,76,INFLOW,20101025,1900,8291, ,CFS
SHA,H,76,INFLOW,20101025,2000,2578, ,CFS
SHA,H,76,INFLOW,20101025,2100,9825, ,CFS
SHA,H,76,INFLOW,20101025,2200,8592, ,CFS
SHA,H,76,INFLOW,20101025,2300,4053, ,CFS
SHA,H,76,INFLOW,20101026,0000,7082, ,CFS
SHA,H,76,INFLOW,20101026,0100,7731, ,CFS
SHA,H,76,INFLOW,20101026,0200,1435, ,CFS
SHA,H,76,INFLOW,20101026,0300,7158, ,CFS
SHA,H,76,INFLOW,20101026,0400,4228, ,CFS
SHA,H,76,INFLOW,20101026,0500,4295, ,CFS
SHA,H,76,INFLOW,20101026,0600,7800, ,CFS
SHA,H,76,INFLOW,20101026,0700,-182, ,CFS
SHA,H,76,INFLOW,20101026,0800,10777, ,CFS
SHA,H,76,INFLOW,20101026,0900,10473, ,CFS
SHA,H,76,INFLOW,20101026,1000,7079, ,CFS
SHA,H,76,INFLOW,20101026,1100,741, ,CFS
SHA,H,76,INFLOW,20101026,1200,-305, ,CFS
SHA,H,76,INFLOW,20101026,1300,3167, ,CFS
SHA,H,76,INFLOW,20101026,1400,-1615, ,CFS
SHA,H,76,INFLOW,20101026,1500,2723, ,CFS
SHA,H,76,INFLOW,20101026,1600,2400, ,CFS
SHA,H,76,INFLOW,20101026,1700,1411, ,CFS
SHA,H,76,INFLOW,20101026,1800,4753, ,CFS
SHA,H,76,INFLOW,20101026,1900,4589, ,CFS
SHA,H,76,INFLOW,20101026,2000,13249, ,CFS
SHA,H,76,INFLOW,20101026,2100,5188, ,CFS
SHA,H,76,INFLOW,20101026,2200,6936, ,CFS
SHA,H,76,INFLOW,20101026,2300,1900, ,CFS
SHA,H,76,INFLOW,20101027,0000,5777, ,CFS
SHA,H,76,INFLOW,20101027,0100,4435, ,CFS
SHA,H,76,INFLOW,20101027,0200,1451, ,CFS
SHA,H,76,INFLOW,20101027,0300,1197, ,CFS
SHA,H,76,INFLOW,20101027,0400,4057, ,CFS
SHA,H,76,INFLOW,20101027,0500,-1614, ,CFS
SHA,H,76,INFLOW,20101027,0600,1408, ,CFS
SHA,H,76,INFLOW,20101027,0700,2626, ,CFS
SHA,H,76,INFLOW,20101027,0800,-484, ,CFS
SHA,H,76,INFLOW,20101027,0900,2348, ,CFS
SHA,H,76,INFLOW,20101027,1000,300, ,CFS
SHA,H,76,INFLOW,20101027,1100,7098, ,CFS
SHA,H,76,INFLOW,20101027,1200,-613, ,CFS
SHA,H,76,INFLOW,20101027,1300,2731, ,CFS
SHA,H,76,INFLOW,20101027,1400,6893, ,CFS
SHA,H,76,INFLOW,20101027,1500,3704, ,CFS
SHA,H,76,INFLOW,20101027,1600,2048, ,CFS
SHA,H,76,INFLOW,20101027,1700,13113, ,CFS
SHA,H,76,INFLOW,20101027,1800,-10139, ,CFS
SHA,H,76,INFLOW,20101027,1900,5972, ,CFS
SHA,H,76,INFLOW,20101027,2000,6954, ,CFS
SHA,H,76,INFLOW,20101027,2100,10168, ,CFS
SHA,H,76,INFLOW,20101027,2200,12, ,CFS
SHA,H,76,INFLOW,20101027,2300,1993, ,CFS
SHA,H,76,INFLOW,20101028,0000,14731, ,CFS
SHA,H,76,INFLOW,20101028,0100,-7323, ,CFS
SHA,H,76,INFLOW,20101028,0200,7366, ,CFS
SHA,H,76,INFLOW,20101028,0300,924, ,CFS
SHA,H,76,INFLOW,20101028,0400,6816, ,CFS
SHA,H,76,INFLOW,20101028,0500,4180, ,CFS
SHA,H,76,INFLOW,20101028,0600,6012, ,CFS
SHA,H,76,INFLOW,20101028,0700,2503, ,CFS
SHA,H,76,INFLOW,20101028,0800,2887, ,CFS
SHA,H,76,INFLOW,20101028,0900,5669, ,CFS
SHA,H,76,INFLOW,20101028,1000,222, ,CFS
SHA,H,76,INFLOW,20101028,1100,-7359, ,CFS
SHA,H,76,INFLOW,20101028,1200,11137, ,CFS
SHA,H,76,INFLOW,20101028,1300,9727, ,CFS
SHA,H,76,INFLOW,20101028,1400,9358, ,CFS
SHA,H,76,INFLOW,20101028,1500,-2487, ,CFS
SHA,H,76,INFLOW,20101028,1600,7787, ,CFS
SHA,H,76,INFLOW,20101028,1700,767, ,CFS
SHA,H,76,INFLOW,20101028,1800,4537, ,CFS
SHA,H,76,INFLOW,20101028,1900,2397, ,CFS
SHA,H,76,INFLOW,20101028,2000,4130, ,CFS
SHA,H,76,INFLOW,20101028,2100,6924, ,CFS
SHA,H,76,INFLOW,20101028,2200,10332, ,CFS
SHA,H,76,INFLOW,20101028,2300,416, ,CFS
SHA,H,76,INFLOW,20101029,0000,6262, ,CFS
SHA,H,76,INFLOW,20101029,0100,6689, ,CFS
SHA,H,76,INFLOW,20101029,0200,5634, ,CFS
SHA,H,76,INFLOW,20101029,0300,5579, ,CFS
SHA,H,76,INFLOW,20101029,0400,2604, ,CFS
SHA,H,76,INFLOW,20101029,0500,-266, ,CFS
SHA,H,76,INFLOW,20101029,0600,5367, ,CFS
SHA,H,76,INFLOW,20101029,0700,2163, ,CFS
SHA,H,76,INFLOW,20101029,0800,2422, ,CFS
SHA,H,76,INFLOW,20101029,0900,2358, ,CFS
SHA,H,76,INFLOW,20101029,1000,6819, ,CFS
SHA,H,76,INFLOW,20101029,1100,7863, ,CFS
SHA,H,76,INFLOW,20101029,1200,4919, ,CFS
SHA,H,76,INFLOW,20101029,1300,5999, ,CFS
SHA,H,76,INFLOW,20101029,1400,4476, ,CFS
SHA,H,76,INFLOW,20101029,1500,1304, ,CFS
SHA,H,76,INFLOW,20101029,1600,5874, ,CFS
SHA,H,76,INFLOW,20101029,1700,4039, ,CFS
SHA,H,76,INFLOW,20101029,1800,6911, ,CFS
SHA,H,76,INFLOW,20101029,1900,4235, ,CFS
SHA,H,76,INFLOW,20101029,2000,10894, ,CFS
SHA,H,76,INFLOW,20101029,2100,9166, ,CFS
SHA,H,76,INFLOW,20101029,2200,-298, ,CFS
SHA,H,76,INFLOW,20101029,2300,6812, ,CFS
SHA,H,76,INFLOW,20101030,0000,3851, ,CFS
SHA,H,76,INFLOW,20101030,0100,3140, ,CFS
SHA,H,76,INFLOW,20101030,0200,2342, ,CFS
SHA,H,76,INFLOW,20101030,0300,-640, ,CFS
SHA,H,76,INFLOW,20101030,0400,4995, ,CFS
SHA,H,76,INFLOW,20101030,0500,-665, ,CFS
SHA,H,76,INFLOW,20101030,0600,2227, ,CFS
SHA,H,76,INFLOW,20101030,0700,4372, ,CFS
SHA,H,76,INFLOW,20101030,0800,-2244, ,CFS
SHA,H,76,INFLOW,20101030,0900,3908, ,CFS
SHA,H,76,INFLOW,20101030,1000,2531, ,CFS
SHA,H,76,INFLOW,20101030,1100,3356, ,CFS
SHA,H,76,INFLOW,20101030,1200,7351, ,CFS
SHA,H,76,INFLOW,20101030,1300,5038, ,CFS
SHA,H,76,INFLOW,20101030,1400,4758, ,CFS
SHA,H,76,INFLOW,20101030,1500,7540, ,CFS
SHA,H,76,INFLOW,20101030,1600,4499, ,CFS
SHA,H,76,INFLOW,20101030,1700,4671, ,CFS
SHA,H,76,INFLOW,20101030,1800,5699, ,CFS
SHA,H,76,INFLOW,20101030,1900,7554, ,CFS
SHA,H,76,INFLOW,20101030,2000,10367, ,CFS
SHA,H,76,INFLOW,20101030,2100,9114, ,CFS
SHA,H,76,INFLOW,20101030,2200,4979, ,CFS
SHA,H,76,INFLOW,20101030,2300,6339, ,CFS
SHA,H,76,INFLOW,20101031,0000,6995, ,CFS
SHA,H,76,INFLOW,20101031,0100,1691, ,CFS
SHA,H,76,INFLOW,20101031,0200,4263, ,CFS
SHA,H,76,INFLOW,20101031,0300,4215, ,CFS
SHA,H,76,INFLOW,20101031,0400,1320, ,CFS
SHA,H,76,INFLOW,20101031,0500,4163, ,CFS
SHA,H,76,INFLOW,20101031,0600,4238, ,CFS
SHA,H,76,INFLOW,20101031,0700,1466, ,CFS
SHA,H,76,INFLOW,20101031,0800,4596, ,CFS
SHA,H,76,INFLOW,20101031,0900,2362, ,CFS
SHA,H,76,INFLOW,20101031,1000,5862, ,CFS
SHA,H,76,INFLOW,20101031,1100,6630, ,CFS
SHA,H,76,INFLOW,20101031,1200,5076, ,CFS
SHA,H,76,INFLOW,20101031,1300,1508, ,CFS
SHA,H,76,INFLOW,20101031,1400,9979, ,CFS
SHA,H,76,INFLOW,20101031,1500,4092, ,CFS
SHA,H,76,INFLOW,20101031,1600,4682, ,CFS
SHA,H,76,INFLOW,20101031,1700,8189, ,CFS
SHA,H,76,INFLOW,20101031,1800,5579, ,CFS
SHA,H,76,INFLOW,20101031,1900,6861, ,CFS
SHA,H,76,INFLOW,20101031,2000,7810, ,CFS
SHA,H,76,INFLOW,20101031,2100,11194, ,CFS
SHA,H,76,INFLOW,20101031,2200,6004, ,CFS
SHA,H,76,INFLOW,20101031,2300,7973, ,CFS
SHA,H,76,INFLOW,20101101,0000,5679, ,CFS
SHA,H,76,INFLOW,20101101,0100,2084, ,CFS
SHA,H,76,INFLOW,20101101,0200,1939, ,CFS
SHA,H,76,INFLOW,20101101,0300,4860, ,CFS
SHA,H,76,INFLOW,20101101,0400,-547, ,CFS
SHA,H,76,INFLOW,20101101,0500,2545, ,CFS
SHA,H,76,INFLOW,20101101,0600,5646, ,CFS
SHA,H,76,INFLOW,20101101,0700,465, ,CFS
SHA,H,76,INFLOW,20101101,0800,8154, ,CFS
SHA,H,76,INFLOW,20101101,0900,22645, ,CFS
SHA,H,76,INFLOW,20101101,1000,5490, ,CFS
SHA,H,76,INFLOW,20101101,1100,-329, ,CFS
SHA,H,76,INFLOW,20101101,1200,5187, ,CFS
SHA,H,76,INFLOW,20101101,1300,2478, ,CFS
SHA,H,76,INFLOW,20101101,1400,2612, ,CFS
SHA,H,76,INFLOW,20101101,1500,418, ,CFS
SHA,H,76,INFLOW,20101101,1600,3060, ,CFS
SHA,H,76,INFLOW,20101101,1700,3237, ,CFS
SHA,H,76,INFLOW,20101101,1800,2243, ,CFS
SHA,H,76,INFLOW,20101101,1900,3632, ,CFS
SHA,H,76,INFLOW,20101101,2000,8308, ,CFS
SHA,H,76,INFLOW,20101101,2100,4761, ,CFS
SHA,H,76,INFLOW,20101101,2200,9454, ,CFS
SHA,H,76,INFLOW,20101101,2300,2348, ,CFS
SHA,H,76,INFLOW,20101102,0000,2876, ,CFS
SHA,H,76,INFLOW,20101102,0100,5975, ,CFS
SHA,H,76,INFLOW,20101102,0200,-141, ,CFS
SHA,H,76,INFLOW,20101102,0300,2775, ,CFS
SHA,H,76,INFLOW,20101102,0400,5659, ,CFS
SHA,H,76,INFLOW,20101102,0500,-199, ,CFS
SHA,H,76,INFLOW,20101102,0600,2898, ,CFS
SHA,H,76,INFLOW,20101102,0700,212, ,CFS
SHA,H,76,INFLOW,20101102,0800,3907, ,CFS
SHA,H,76,INFLOW,20101102,0900,3637, ,CFS
SHA,H,76,INFLOW,20101102,1000,6796, ,CFS
SHA,H,76,INFLOW,20101102,1100,2384, ,CFS
SHA,H,76,INFLOW,20101102,1200,6322, ,CFS
SHA,H,76,INFLOW,20101102,1300,5236, ,CFS
SHA,H,76,INFLOW,20101102,1400,743, ,CFS
SHA,H,76,INFLOW,20101102,1500,3597, ,CFS
SHA,H,76,INFLOW,20101102,1600,2692, ,CFS
SHA,H,76,INFLOW,20101102,1700,4958, ,CFS
SHA,H,76,INFLOW,20101102,1800,2266, ,CFS
SHA,H,76,INFLOW,20101102,1900,5414, ,CFS
SHA,H,76,INFLOW,20101102,2000,12678, ,CFS
SHA,H,76,INFLOW,20101102,2100,4098, ,CFS
SHA,H,76,INFLOW,20101102,2200,5729, ,CFS
SHA,H,76,INFLOW,20101102,2300,9707, ,CFS
SHA,H,76,INFLOW,20101103,0000,5376, ,CFS
SHA,H,76,INFLOW,20101103,0100,9425, ,CFS
SHA,H,76,INFLOW,20101103,0200,572, ,CFS
SHA,H,76,INFLOW,20101103,0300,3419, ,CFS
SHA,H,76,INFLOW,20101103,0400,3349, ,CFS
SHA,H,76,INFLOW,20101103,0500,143, ,CFS
SHA,H,76,INFLOW,20101103,0600,3161, ,CFS
SHA,H,76,INFLOW,20101103,0700,1708, ,CFS
SHA,H,76,INFLOW,20101103,0800,2305, ,CFS
SHA,H,76,INFLOW,20101103,0900,4891, ,CFS
SHA,H,76,INFLOW,20101103,1000,2580, ,CFS
SHA,H,76,INFLOW,20101103,1100,3631, ,CFS
SHA,H,76,INFLOW,20101103,1200,4772, ,CFS
SHA,H,76,INFLOW,20101103,1300,5155, ,CFS
SHA,H,76,INFLOW,20101103,1400,2458, ,CFS
SHA,H,76,INFLOW,20101103,1500,6647, ,CFS
SHA,H,76,INFLOW,20101103,1600,7307, ,CFS
SHA,H,76,INFLOW,20101103,1700,6259, ,CFS
SHA,H,76,INFLOW,20101103,1800,5209, ,CFS
SHA,H,76,INFLOW,20101103,1900,6337, ,CFS
SHA,H,76,INFLOW,20101103,2000,8996, ,CFS
SHA,H,76,INFLOW,20101103,2100,1970, ,CFS
SHA,H,76,INFLOW,20101103,2200,6089, ,CFS
SHA,H,76,INFLOW,20101103,2300,2580, ,CFS
SHA,H,76,INFLOW,20101104,0000,4470, ,CFS
SHA,H,76,INFLOW,20101104,0100,3084, ,CFS
SHA,H,76,INFLOW,20101104,0200,2617, ,CFS
SHA,H,76,INFLOW,20101104,0300,2274, ,CFS
SHA,H,76,INFLOW,20101104,0400,2264, ,CFS
SHA,H,76,INFLOW,20101104,0500,2215, ,CFS
SHA,H,76,INFLOW,20101104,0600,-29, ,CFS
SHA,H,76,INFLOW,20101104,0700,-85, ,CFS
SHA,H,76,INFLOW,20101104,0800,5116, ,CFS
SHA,H,76,INFLOW,20101104,0900,-927, ,CFS
SHA,H,76,INFLOW,20101104,1000,5336, ,CFS
SHA,H,76,INFLOW,20101104,1100,6704, ,CFS
SHA,H,76,INFLOW,20101104,1200,4927, ,CFS
SHA,H,76,INFLOW,20101104,1300,5010, ,CFS
SHA,H,76,INFLOW,20101104,1400,2630, ,CFS
SHA,H,76,INFLOW,20101104,1500,2347, ,CFS
SHA,H,76,INFLOW,20101104,1600,11565, ,CFS
SHA,H,76,INFLOW,20101104,1700,8620, ,CFS
SHA,H,76,INFLOW,20101104,1800,5454, ,CFS
SHA,H,76,INFLOW,20101104,1900,7476, ,CFS
SHA,H,76,INFLOW,20101104,2000,7203, ,CFS
SHA,H,76,INFLOW,20101104,2100,7227, ,CFS
SHA,H,76,INFLOW,20101104,2200,1831, ,CFS
SHA,H,76,INFLOW,20101104,2300,6567, ,CFS
SHA,H,76,INFLOW,20101105,0000,7585, ,CFS
SHA,H,76,INFLOW,20101105,0100,-1979, ,CFS
SHA,H,76,INFLOW,20101105,0200,344, ,CFS
SHA,H,76,INFLOW,20101105,0300,3187, ,CFS
SHA,H,76,INFLOW,20101105,0400,3197, ,CFS
SHA,H,76,INFLOW,20101105,0500,288, ,CFS
SHA,H,76,INFLOW,20101105,0600,412, ,CFS
SHA,H,76,INFLOW,20101105,0700,-303, ,CFS
SHA,H,76,INFLOW,20101105,0800,6212, ,CFS
SHA,H,76,INFLOW,20101105,0900,3937, ,CFS
SHA,H,76,INFLOW,20101105,1000,2218, ,CFS
SHA,H,76,INFLOW,20101105,1100,3101, ,CFS
SHA,H,76,INFLOW,20101105,1200,4102, ,CFS
SHA,H,76,INFLOW,20101105,1300,4858, ,CFS
SHA,H,76,INFLOW,20101105,1400,2629, ,CFS
SHA,H,76,INFLOW,20101105,1500,2842, ,CFS
SHA,H,76,INFLOW,20101105,1600,11063, ,CFS
SHA,H,76,INFLOW,20101105,1700,5144, ,CFS
SHA,H,76,INFLOW,20101105,1800,8003, ,CFS
SHA,H,76,INFLOW,20101105,1900,5105, ,CFS
SHA,H,76,INFLOW,20101105,2000,4898, ,CFS
SHA,H,76,INFLOW,20101105,2100,5571, ,CFS
SHA,H,76,INFLOW,20101105,2200,4358, ,CFS
SHA,H,76,INFLOW,20101105,2300,5298, ,CFS
SHA,H,76,INFLOW,20101106,0000,3070, ,CFS
SHA,H,76,INFLOW,20101106,0100,2484, ,CFS
SHA,H,76,INFLOW,20101106,0200,1859, ,CFS
SHA,H,76,INFLOW,20101106,0300,4499, ,CFS
SHA,H,76,INFLOW,20101106,0400,1581, ,CFS
SHA,H,76,INFLOW,20101106,0500,1563, ,CFS
SHA,H,76,INFLOW,20101106,0600,1691, ,CFS
SHA,H,76,INFLOW,20101106,0700,-505, ,CFS
SHA,H,76,INFLOW,20101106,0800,2608, ,CFS
SHA,H,76,INFLOW,20101106,0900,2986, ,CFS
SHA,H,76,INFLOW,20101106,1000,1284, ,CFS
SHA,H,76,INFLOW,20101106,1100,2543, ,CFS
SHA,H,76,INFLOW,20101106,1200,6247, ,CFS
SHA,H,76,INFLOW,20101106,1300,926, ,CFS
SHA,H,76,INFLOW,20101106,1400,9781, ,CFS
SHA,H,76,INFLOW,20101106,1500,1016, ,CFS
SHA,H,76,INFLOW,20101106,1600,61, ,CFS
SHA,H,76,INFLOW,20101106,1700,6189, ,CFS
SHA,H,76,INFLOW,20101106,1800,682, ,CFS
SHA,H,76,INFLOW,20101106,1900,8230, ,CFS
SHA,H,76,INFLOW,20101106,2000,7373, ,CFS
SHA,H,76,INFLOW,20101106,2100,7777, ,CFS
SHA,H,76,INFLOW,20101106,2200,5458, ,CFS
SHA,H,76,INFLOW,20101106,2300,4428, ,CFS
SHA,H,76,INFLOW,20101107,0000,4925, ,CFS
SHA,H,76,INFLOW,20101107,0100,6043, ,CFS
SHA,H,76,INFLOW,20101107,0200,8659, ,CFS
SHA,H,76,INFLOW,20101107,0300,2934, ,CFS
SHA,H,76,INFLOW,20101107,0400,11760, ,CFS
SHA,H,76,INFLOW,20101107,0500,11896, ,CFS
SHA,H,76,INFLOW,20101107,0600,6103, ,CFS
SHA,H,76,INFLOW,20101107,0700,17290, ,CFS
SHA,H,76,INFLOW,20101107,0800,5650, ,CFS
SHA,H,76,INFLOW,20101107,0900,11536, ,CFS
SHA,H,76,INFLOW,20101107,1000,18529, ,CFS
SHA,H,76,INFLOW,20101107,1100,12275, ,CFS
SHA,H,76,INFLOW,20101107,1200,7094, ,CFS
SHA,H,76,INFLOW,20101107,1300,1256, ,CFS
SHA,H,76,INFLOW,20101107,1400,10125, ,CFS
SHA,H,76,INFLOW,20101107,1500,7467, ,CFS
SHA,H,76,INFLOW,20101107,1600,10165, ,CFS
SHA,H,76,INFLOW,20101107,1700,8241, ,CFS
SHA,H,76,INFLOW,20101107,1800,7944, ,CFS
SHA,H,76,INFLOW,20101107,1900,8653, ,CFS
SHA,H,76,INFLOW,20101107,2000,10935, ,CFS
SHA,H,76,INFLOW,20101107,2100,10670, ,CFS
SHA,H,76,INFLOW,20101107,2200,5669, ,CFS
SHA,H,76,INFLOW,20101107,2300,9774, ,CFS
SHA,H,76,INFLOW,20101108,0000,5206, ,CFS
SHA,H,76,INFLOW,20101108,0100,8682, ,CFS
SHA,H,76,INFLOW,20101108,0200,2684, ,CFS
SHA,H,76,INFLOW,20101108,0300,2735, ,CFS
SHA,H,76,INFLOW,20101108,0400,4922, ,CFS
SHA,H,76,INFLOW,20101108,0500,-428, ,CFS
SHA,H,76,INFLOW,20101108,0600,5962, ,CFS
SHA,H,76,INFLOW,20101108,0700,2717, ,CFS
SHA,H,76,INFLOW,20101108,0800,2901, ,CFS
SHA,H,76,INFLOW,20101108,0900,5835, ,CFS
SHA,H,76,INFLOW,20101108,1000,3831, ,CFS
SHA,H,76,INFLOW,20101108,1100,1071, ,CFS
SHA,H,76,INFLOW,20101108,1200,4494, ,CFS
SHA,H,76,INFLOW,20101108,1300,4450, ,CFS
SHA,H,76,INFLOW,20101108,1400,4820, ,CFS
SHA,H,76,INFLOW,20101108,1500,5076, ,CFS
SHA,H,76,INFLOW,20101108,1600,2511, ,CFS
SHA,H,76,INFLOW,20101108,1700,3845, ,CFS
SHA,H,76,INFLOW,20101108,1800,5219, ,CFS
SHA,H,76,INFLOW,20101108,1900,5552, ,CFS
SHA,H,76,INFLOW,20101108,2000,6584, ,CFS
SHA,H,76,INFLOW,20101108,2100,1875, ,CFS
SHA,H,76,INFLOW,20101108,2200,5977, ,CFS
SHA,H,76,INFLOW,20101108,2300,1691, ,CFS
SHA,H,76,INFLOW,20101109,0000,5178, ,CFS
SHA,H,76,INFLOW,20101109,0100,4619, ,CFS
SHA,H,76,INFLOW,20101109,0200,1820, ,CFS
SHA,H,76,INFLOW,20101109,0300,4890, ,CFS
SHA,H,76,INFLOW,20101109,0400,-577, ,CFS
SHA,H,76,INFLOW,20101109,0500,2494, ,CFS
SHA,H,76,INFLOW,20101109,0600,-284, ,CFS
SHA,H,76,INFLOW,20101109,0700,2707, ,CFS
SHA,H,76,INFLOW,20101109,0800,5986, ,CFS
SHA,H,76,INFLOW,20101109,0900,4837, ,CFS
SHA,H,76,INFLOW,20101109,1000,3255, ,CFS
SHA,H,76,INFLOW,20101109,1100,6281, ,CFS
SHA,H,76,INFLOW,20101109,1200,-2067, ,CFS
SHA,H,76,INFLOW,20101109,1300,8782, ,CFS
SHA,H,76,INFLOW,20101109,1400,4916, ,CFS
SHA,H,76,INFLOW,20101109,1500,14107, ,CFS
SHA,H,76,INFLOW,20101109,1600,-8951, ,CFS
SHA,H,76,INFLOW,20101109,1700,12558, ,CFS
SHA,H,76,INFLOW,20101109,1800,9061, ,CFS
SHA,H,76,INFLOW,20101109,1900,9439, ,CFS
SHA,H,76,INFLOW,20101109,2000,14350, ,CFS
SHA,H,76,INFLOW,20101109,2100,7393, ,CFS
SHA,H,76,INFLOW,20101109,2200,1887, ,CFS
SHA,H,76,INFLOW,20101109,2300,10439, ,CFS
SHA,H,76,INFLOW,20101110,0000,5456, ,CFS
SHA,H,76,INFLOW,20101110,0100,3453, ,CFS
SHA,H,76,INFLOW,20101110,0200,3117, ,CFS
SHA,H,76,INFLOW,20101110,0300,2992, ,CFS
SHA,H,76,INFLOW,20101110,0400,2980, ,CFS
SHA,H,76,INFLOW,20101110,0500,435, ,CFS
SHA,H,76,INFLOW,20101110,0600,4405, ,CFS
SHA,H,76,INFLOW,20101110,0700,-96, ,CFS
SHA,H,76,INFLOW,20101110,0800,5812, ,CFS
SHA,H,76,INFLOW,20101110,0900,373, ,CFS
SHA,H,76,INFLOW,20101110,1000,10080, ,CFS
SHA,H,76,INFLOW,20101110,1100,-415, ,CFS
SHA,H,76,INFLOW,20101110,1200,4212, ,CFS
SHA,H,76,INFLOW,20101110,1300,7771, ,CFS
SHA,H,76,INFLOW,20101110,1400,1771, ,CFS
SHA,H,76,INFLOW,20101110,1500,4225, ,CFS
SHA,H,76,INFLOW,20101110,1600,6067, ,CFS
SHA,H,76,INFLOW,20101110,1700,6809, ,CFS
SHA,H,76,INFLOW,20101110,1800,4148, ,CFS
SHA,H,76,INFLOW,20101110,1900,13145, ,CFS
SHA,H,76,INFLOW,20101110,2000,7754, ,CFS
SHA,H,76,INFLOW,20101110,2100,3083, ,CFS
SHA,H,76,INFLOW,20101110,2200,6426, ,CFS
SHA,H,76,INFLOW,20101110,2300,5295, ,CFS
SHA,H,76,INFLOW,20101111,0000,5143, ,CFS
SHA,H,76,INFLOW,20101111,0100,508, ,CFS
SHA,H,76,INFLOW,20101111,0200,3000, ,CFS
SHA,H,76,INFLOW,20101111,0300,240, ,CFS
SHA,H,76,INFLOW,20101111,0400,3085, ,CFS
SHA,H,76,INFLOW,20101111,0500,3172, ,CFS
SHA,H,76,INFLOW,20101111,0600,1153, ,CFS
SHA,H,76,INFLOW,20101111,0700,4650, ,CFS
SHA,H,76,INFLOW,20101111,0800,-677, ,CFS
SHA,H,76,INFLOW,20101111,0900,8891, ,CFS
SHA,H,76,INFLOW,20101111,1000,3380, ,CFS
SHA,H,76,INFLOW,20101111,1100,4545, ,CFS
SHA,H,76,INFLOW,20101111,1200,4451, ,CFS
SHA,H,76,INFLOW,20101111,1300,1477, ,CFS
SHA,H,76,INFLOW,20101111,1400,4051, ,CFS
SHA,H,76,INFLOW,20101111,1500,5194, ,CFS
SHA,H,76,INFLOW,20101111,1600,5886, ,CFS
SHA,H,76,INFLOW,20101111,1700,2825, ,CFS
SHA,H,76,INFLOW,20101111,1800,8734, ,CFS
SHA,H,76,INFLOW,20101111,1900,9492, ,CFS
SHA,H,76,INFLOW,20101111,2000,10968, ,CFS
SHA,H,76,INFLOW,20101111,2100,2693, ,CFS
SHA,H,76,INFLOW,20101111,2200,8500, ,CFS
SHA,H,76,INFLOW,20101111,2300,1613, ,CFS
SHA,H,76,INFLOW,20101112,0000,7382, ,CFS
SHA,H,76,INFLOW,20101112,0100,4105, ,CFS
SHA,H,76,INFLOW,20101112,0200,-1943, ,CFS
SHA,H,76,INFLOW,20101112,0300,4141, ,CFS
SHA,H,76,INFLOW,20101112,0400,1036, ,CFS
SHA,H,76,INFLOW,20101112,0500,1310, ,CFS
SHA,H,76,INFLOW,20101112,0600,3504, ,CFS
SHA,H,76,INFLOW,20101112,0700,-2176, ,CFS
SHA,H,76,INFLOW,20101112,0800,3808, ,CFS
SHA,H,76,INFLOW,20101112,0900,-2971, ,CFS
SHA,H,76,INFLOW,20101112,1000,-286, ,CFS
SHA,H,76,INFLOW,20101112,1100,5269, ,CFS
SHA,H,76,INFLOW,20101112,1200,2480, ,CFS
SHA,H,76,INFLOW,20101112,1300,223, ,CFS
SHA,H,76,INFLOW,20101112,1400,8159, ,CFS
SHA,H,76,INFLOW,20101112,1500,4924, ,CFS
SHA,H,76,INFLOW,20101112,1600,1648, ,CFS
SHA,H,76,INFLOW,20101112,1700,4860, ,CFS
SHA,H,76,INFLOW,20101112,1800,6071, ,CFS
SHA,H,76,INFLOW,20101112,1900,11213, ,CFS
SHA,H,76,INFLOW,20101112,2000,5118, ,CFS
SHA,H,76,INFLOW,20101112,2100,7366, ,CFS
SHA,H,76,INFLOW,20101112,2200,1062, ,CFS
SHA,H,76,INFLOW,20101112,2300,8093, ,CFS
SHA,H,76,INFLOW,20101113,0000,5295, ,CFS
SHA,H,76,INFLOW,20101113,0100,3044, ,CFS
SHA,H,76,INFLOW,20101113,0200,5582, ,CFS
SHA,H,76,INFLOW,20101113,0300,2646, ,CFS
SHA,H,76,INFLOW,20101113,0400,-190, ,CFS
SHA,H,76,INFLOW,20101113,0500,2826, ,CFS
SHA,H,76,INFLOW,20101113,0600,2750, ,CFS
SHA,H,76,INFLOW,20101113,0700,-1797, ,CFS
SHA,H,76,INFLOW,20101113,0800,280, ,CFS
SHA,H,76,INFLOW,20101113,0900,826, ,CFS
SHA,H,76,INFLOW,20101113,1000,821, ,CFS
SHA,H,76,INFLOW,20101113,1100,4095, ,CFS
SHA,H,76,INFLOW,20101113,1200,-1053, ,CFS
SHA,H,76,INFLOW,20101113,1300,1926, ,CFS
SHA,H,76,INFLOW,20101113,1400,1916, ,CFS
SHA,H,76,INFLOW,20101113,1500,4589, ,CFS
SHA,H,76,INFLOW,20101113,1600,8041, ,CFS
SHA,H,76,INFLOW,20101113,1700,5383, ,CFS
SHA,H,76,INFLOW,20101113,1800,5048, ,CFS
SHA,H,76,INFLOW,20101113,1900,7095, ,CFS
SHA,H,76,INFLOW,20101113,2000,4758, ,CFS
SHA,H,76,INFLOW,20101113,2100,8558, ,CFS
SHA,H,76,INFLOW,20101113,2200,5853, ,CFS
SHA,H,76,INFLOW,20101113,2300,-223, ,CFS
SHA,H,76,INFLOW,20101114,0000,9133, ,CFS
SHA,H,76,INFLOW,20101114,0100,680, ,CFS
SHA,H,76,INFLOW,20101114,0200,6036, ,CFS
SHA,H,76,INFLOW,20101114,0300,132, ,CFS
SHA,H,76,INFLOW,20101114,0400,3066, ,CFS
SHA,H,76,INFLOW,20101114,0500,-2630, ,CFS
SHA,H,76,INFLOW,20101114,0600,790, ,CFS
SHA,H,76,INFLOW,20101114,0700,2428, ,CFS
SHA,H,76,INFLOW,20101114,0800,5279, ,CFS
SHA,H,76,INFLOW,20101114,0900,4370, ,CFS
SHA,H,76,INFLOW,20101114,1000,-9820, ,CFS
SHA,H,76,INFLOW,20101114,1100,4517, ,CFS
SHA,H,76,INFLOW,20101114,1200,1283, ,CFS
SHA,H,76,INFLOW,20101114,1300,1513, ,CFS
SHA,H,76,INFLOW,20101114,1400,4370, ,CFS
SHA,H,76,INFLOW,20101114,1500,4442, ,CFS
SHA,H,76,INFLOW,20101114,1600,7393, ,CFS
SHA,H,76,INFLOW,20101114,1700,1013, ,CFS
SHA,H,76,INFLOW,20101114,1800,-1563, ,CFS
SHA,H,76,INFLOW,20101114,1900,17647, ,CFS
SHA,H,76,INFLOW,20101114,2000,5942, ,CFS
SHA,H,76,INFLOW,20101114,2100,4739, ,CFS
SHA,H,76,INFLOW,20101114,2200,8994, ,CFS
SHA,H,76,INFLOW,20101114,2300,866, ,CFS
SHA,H,76,INFLOW,20101115,0000,4685, ,CFS
SHA,H,76,INFLOW,20101115,0100,2104, ,CFS
SHA,H,76,INFLOW,20101115,0200,-887, ,CFS
SHA,H,76,INFLOW,20101115,0300,13310, ,CFS
SHA,H,76,INFLOW,20101115,0400,-6921, ,CFS
SHA,H,76,INFLOW,20101115,0500,2024, ,CFS
SHA,H,76,INFLOW,20101115,0600,2657, ,CFS
SHA,H,76,INFLOW,20101115,0700,-1709, ,CFS
SHA,H,76,INFLOW,20101115,0800,9108, ,CFS
SHA,H,76,INFLOW,20101115,0900,1070, ,CFS
SHA,H,76,INFLOW,20101115,1000,-861, ,CFS
SHA,H,76,INFLOW,20101115,1100,3171, ,CFS
SHA,H,76,INFLOW,20101115,1200,4820, ,CFS
SHA,H,76,INFLOW,20101115,1300,2998, ,CFS
SHA,H,76,INFLOW,20101115,1400,2941, ,CFS
SHA,H,76,INFLOW,20101115,1500,2799, ,CFS
SHA,H,76,INFLOW,20101115,1600,5589, ,CFS
SHA,H,76,INFLOW,20101115,1700,2969, ,CFS
SHA,H,76,INFLOW,20101115,1800,7257, ,CFS
SHA,H,76,INFLOW,20101115,1900,7823, ,CFS
SHA,H,76,INFLOW,20101115,2000,6419, ,CFS
SHA,H,76,INFLOW,20101115,2100,9149, ,CFS
SHA,H,76,INFLOW,20101115,2200,4928, ,CFS
SHA,H,76,INFLOW,20101115,2300,1021, ,CFS
SHA,H,76,INFLOW,20101116,0000,4214, ,CFS
SHA,H,76,INFLOW,20101116,0100,242, ,CFS
SHA,H,76,INFLOW,20101116,0200,2817, ,CFS
SHA,H,76,INFLOW,20101116,0300,2905, ,CFS
SHA,H,76,INFLOW,20101116,0400,-58, ,CFS
SHA,H,76,INFLOW,20101116,0500,89, ,CFS
SHA,H,76,INFLOW,20101116,0600,3232, ,CFS
SHA,H,76,INFLOW,20101116,0700,3833, ,CFS
SHA,H,76,INFLOW,20101116,0800,1341, ,CFS
SHA,H,76,INFLOW,20101116,0900,3093, ,CFS
SHA,H,76,INFLOW,20101116,1000,2857, ,CFS
SHA,H,76,INFLOW,20101116,1100,1533, ,CFS
SHA,H,76,INFLOW,20101116,1200,6537, ,CFS
SHA,H,76,INFLOW,20101116,1300,2491, ,CFS
SHA,H,76,INFLOW,20101116,1400,5498, ,CFS
SHA,H,76,INFLOW,20101116,1500,5316, ,CFS
SHA,H,76,INFLOW,20101116,1600,1084, ,CFS
SHA,H,76,INFLOW,20101116,1700,6470, ,CFS
SHA,H,76,INFLOW,20101116,1800,3621, ,CFS
SHA,H,76,INFLOW,20101116,1900,6558, ,CFS
SHA,H,76,INFLOW,20101116,2000,11912, ,CFS
SHA,H,76,INFLOW,20101116,2100,5336, ,CFS
SHA,H,76,INFLOW,20101116,2200,755, ,CFS
SHA,H,76,INFLOW,20101116,2300,5019, ,CFS
SHA,H,76,INFLOW,20101117,0000,4018, ,CFS
SHA,H,76,INFLOW,20101117,0100,4577, ,CFS
SHA,H,76,INFLOW,20101117,0200,2949, ,CFS
SHA,H,76,INFLOW,20101117,0300,-3067, ,CFS
SHA,H,76,INFLOW,20101117,0400,5465, ,CFS
SHA,H,76,INFLOW,20101117,0500,153, ,CFS
SHA,H,76,INFLOW,20101117,0600,3513, ,CFS
SHA,H,76,INFLOW,20101117,0700,148, ,CFS
SHA,H,76,INFLOW,20101117,0800,792, ,CFS
SHA,H,76,INFLOW,20101117,0900,-1626, ,CFS
SHA,H,76,INFLOW,20101117,1000,2848, ,CFS
SHA,H,76,INFLOW,20101117,1100,1949, ,CFS
SHA,H,76,INFLOW,20101117,1200,2078, ,CFS
SHA,H,76,INFLOW,20101117,1300,1370, ,CFS
SHA,H,76,INFLOW,20101117,1400,1419, ,CFS
SHA,H,76,INFLOW,20101117,1500,479, ,CFS
SHA,H,76,INFLOW,20101117,1600,6025, ,CFS
SHA,H,76,INFLOW,20101117,1700,-3031, ,CFS
SHA,H,76,INFLOW,20101117,1800,8245, ,CFS
SHA,H,76,INFLOW,20101117,1900,8166, ,CFS
SHA,H,76,INFLOW,20101117,2000,7074, ,CFS
SHA,H,76,INFLOW,20101117,2100,6788, ,CFS
SHA,H,76,INFLOW,20101117,2200,5641, ,CFS
SHA,H,76,INFLOW,20101117,2300,4624, ,CFS
SHA,H,76,INFLOW,20101118,0000,2084, ,CFS
SHA,H,76,INFLOW,20101118,0100,1246, ,CFS
SHA,H,76,INFLOW,20101118,0200,1104, ,CFS
SHA,H,76,INFLOW,20101118,0300,3916, ,CFS
SHA,H,76,INFLOW,20101118,0400,-4805, ,CFS
SHA,H,76,INFLOW,20101118,0500,4063, ,CFS
SHA,H,76,INFLOW,20101118,0600,-1376, ,CFS
SHA,H,76,INFLOW,20101118,0700,-1433, ,CFS
SHA,H,76,INFLOW,20101118,0800,5007, ,CFS
SHA,H,76,INFLOW,20101118,0900,904, ,CFS
SHA,H,76,INFLOW,20101118,1000,6220, ,CFS
SHA,H,76,INFLOW,20101118,1100,2035, ,CFS
SHA,H,76,INFLOW,20101118,1200,3168, ,CFS
SHA,H,76,INFLOW,20101118,1300,5933, ,CFS
SHA,H,76,INFLOW,20101118,1400,-657, ,CFS
SHA,H,76,INFLOW,20101118,1500,-15, ,CFS
SHA,H,76,INFLOW,20101118,1600,5732, ,CFS
SHA,H,76,INFLOW,20101118,1700,2752, ,CFS
SHA,H,76,INFLOW,20101118,1800,5106, ,CFS
SHA,H,76,INFLOW,20101118,1900,11773, ,CFS
SHA,H,76,INFLOW,20101118,2000,5681, ,CFS
SHA,H,76,INFLOW,20101118,2100,7223, ,CFS
SHA,H,76,INFLOW,20101118,2200,2775, ,CFS
SHA,H,76,INFLOW,20101118,2300,10277, ,CFS
SHA,H,76,INFLOW,20101119,0000,2018, ,CFS
SHA,H,76,INFLOW,20101119,0100,2541, ,CFS
SHA,H,76,INFLOW,20101119,0200,1875, ,CFS
SHA,H,76,INFLOW,20101119,0300,1702, ,CFS
SHA,H,76,INFLOW,20101119,0400,1671, ,CFS
SHA,H,76,INFLOW,20101119,0500,1875, ,CFS
SHA,H,76,INFLOW,20101119,0600,4998, ,CFS
SHA,H,76,INFLOW,20101119,0700,-182, ,CFS
SHA,H,76,INFLOW,20101119,0800,6876, ,CFS
SHA,H,76,INFLOW,20101119,0900,4660, ,CFS
SHA,H,76,INFLOW,20101119,1000,1595, ,CFS
SHA,H,76,INFLOW,20101119,1100,6223, ,CFS
SHA,H,76,INFLOW,20101119,1200,2337, ,CFS
SHA,H,76,INFLOW,20101119,1300,5285, ,CFS
SHA,H,76,INFLOW,20101119,1400,2407, ,CFS
SHA,H,76,INFLOW,20101119,1500,1935, ,CFS
SHA,H,76,INFLOW,20101119,1600,6690, ,CFS
SHA,H,76,INFLOW,20101119,1700,-478, ,CFS
SHA,H,76,INFLOW,20101119,1800,11158, ,CFS
SHA,H,76,INFLOW,20101119,1900,6124, ,CFS
SHA,H,76,INFLOW,20101119,2000,5791, ,CFS
SHA,H,76,INFLOW,20101119,2100,7434, ,CFS
SHA,H,76,INFLOW,20101119,2200,7675, ,CFS
SHA,H,76,INFLOW,20101119,2300,4763, ,CFS
SHA,H,76,INFLOW,20101120,0000,1798, ,CFS
SHA,H,76,INFLOW,20101120,0100,2082, ,CFS
SHA,H,76,INFLOW,20101120,0200,1752, ,CFS
SHA,H,76,INFLOW,20101120,0300,4255, ,CFS
SHA,H,76,INFLOW,20101120,0400,4197, ,CFS
SHA,H,76,INFLOW,20101120,0500,4343, ,CFS
SHA,H,76,INFLOW,20101120,0600,2012, ,CFS
SHA,H,76,INFLOW,20101120,0700,7932, ,CFS
SHA,H,76,INFLOW,20101120,0800,10895, ,CFS
SHA,H,76,INFLOW,20101120,0900,5197, ,CFS
SHA,H,76,INFLOW,20101120,1000,5570, ,CFS
SHA,H,76,INFLOW,20101120,1100,8429, ,CFS
SHA,H,76,INFLOW,20101120,1200,5470, ,CFS
SHA,H,76,INFLOW,20101120,1300,5516, ,CFS
SHA,H,76,INFLOW,20101120,1400,8221, ,CFS
SHA,H,76,INFLOW,20101120,1500,5454, ,CFS
SHA,H,76,INFLOW,20101120,1600,11138, ,CFS
SHA,H,76,INFLOW,20101120,1700,7633, ,CFS
SHA,H,76,INFLOW,20101120,1800,7183, ,CFS
SHA,H,76,INFLOW,20101120,1900,8026, ,CFS
SHA,H,76,INFLOW,20101120,2000,11729, ,CFS
SHA,H,76,INFLOW,20101120,2100,15122, ,CFS
SHA,H,76,INFLOW,20101120,2200,5185, ,CFS
SHA,H,76,INFLOW,20101120,2300,10280, ,CFS
SHA,H,76,INFLOW,20101121,0000,7879, ,CFS
SHA,H,76,INFLOW,20101121,0100,2165, ,CFS
SHA,H,76,INFLOW,20101121,0200,4810, ,CFS
SHA,H,76,INFLOW,20101121,0300,1847, ,CFS
SHA,H,76,INFLOW,20101121,0400,1703, ,CFS
SHA,H,76,INFLOW,20101121,0500,2657, ,CFS
SHA,H,76,INFLOW,20101121,0600,2029, ,CFS
SHA,H,76,INFLOW,20101121,0700,9111, ,CFS
SHA,H,76,INFLOW,20101121,0800,3913, ,CFS
SHA,H,76,INFLOW,20101121,0900,4094, ,CFS
SHA,H,76,INFLOW,20101121,1000,6941, ,CFS
SHA,H,76,INFLOW,20101121,1100,7004, ,CFS
SHA,H,76,INFLOW,20101121,1200,6867, ,CFS
SHA,H,76,INFLOW,20101121,1300,3801, ,CFS
SHA,H,76,INFLOW,20101121,1400,6681, ,CFS
SHA,H,76,INFLOW,20101121,1500,2418, ,CFS
SHA,H,76,INFLOW,20101121,1600,2442, ,CFS
SHA,H,76,INFLOW,20101121,1700,3016, ,CFS
SHA,H,76,INFLOW,20101121,1800,7134, ,CFS
SHA,H,76,INFLOW,20101121,1900,11368, ,CFS
SHA,H,76,INFLOW,20101121,2000,5786, ,CFS
SHA,H,76,INFLOW,20101121,2100,9060, ,CFS
SHA,H,76,INFLOW,20101121,2200,8319, ,CFS
SHA,H,76,INFLOW,20101121,2300,4970, ,CFS
SHA,H,76,INFLOW,20101122,0000,8635, ,CFS
SHA,H,76,INFLOW,20101122,0100,2453, ,CFS
SHA,H,76,INFLOW,20101122,0200,2605, ,CFS
SHA,H,76,INFLOW,20101122,0300,5381, ,CFS
SHA,H,76,INFLOW,20101122,0400,-573, ,CFS
SHA,H,76,INFLOW,20101122,0500,1810, ,CFS
SHA,H,76,INFLOW,20101122,0600,4956, ,CFS
SHA,H,76,INFLOW,20101122,0700,2555, ,CFS
SHA,H,76,INFLOW,20101122,0800,5304, ,CFS
SHA,H,76,INFLOW,20101122,0900,6255, ,CFS
SHA,H,76,INFLOW,20101122,1000,2507, ,CFS
SHA,H,76,INFLOW,20101122,1100,4955, ,CFS
SHA,H,76,INFLOW,20101122,1200,4012, ,CFS
SHA,H,76,INFLOW,20101122,1300,6452, ,CFS
SHA,H,76,INFLOW,20101122,1400,2978, ,CFS
SHA,H,76,INFLOW,20101122,1500,2842, ,CFS
SHA,H,76,INFLOW,20101122,1600,2160, ,CFS
SHA,H,76,INFLOW,20101122,1700,4272, ,CFS
SHA,H,76,INFLOW,20101122,1800,9729, ,CFS
SHA,H,76,INFLOW,20101122,1900,13653, ,CFS
SHA,H,76,INFLOW,20101122,2000,10058, ,CFS
SHA,H,76,INFLOW,20101122,2100,7296, ,CFS
SHA,H,76,INFLOW,20101122,2200,2962, ,CFS
SHA,H,76,INFLOW,20101122,2300,11290, ,CFS
SHA,H,76,INFLOW,20101123,0000,5744, ,CFS
SHA,H,76,INFLOW,20101123,0100,14650, ,CFS
SHA,H,76,INFLOW,20101123,0200,113, ,CFS
SHA,H,76,INFLOW,20101123,0300,80, ,CFS
SHA,H,76,INFLOW,20101123,0400,79, ,CFS
SHA,H,76,INFLOW,20101123,0500,5844, ,CFS
SHA,H,76,INFLOW,20101123,0600,6159, ,CFS
SHA,H,76,INFLOW,20101123,0700,4692, ,CFS
SHA,H,76,INFLOW,20101123,0800,8828, ,CFS
SHA,H,76,INFLOW,20101123,0900,6071, ,CFS
SHA,H,76,INFLOW,20101123,1000,3400, ,CFS
SHA,H,76,INFLOW,20101123,1100,13410, ,CFS
SHA,H,76,INFLOW,20101123,1200,4745, ,CFS
SHA,H,76,INFLOW,20101123,1300,7115, ,CFS
SHA,H,76,INFLOW,20101123,1400,9668, ,CFS
SHA,H,76,INFLOW,20101123,1500,6878, ,CFS
SHA,H,76,INFLOW,20101123,1600,6856, ,CFS
SHA,H,76,INFLOW,20101123,1700,7723, ,CFS
SHA,H,76,INFLOW,20101123,1800,5080, ,CFS
SHA,H,76,INFLOW,20101123,1900,14337, ,CFS
SHA,H,76,INFLOW,20101123,2000,8138, ,CFS
SHA,H,76,INFLOW,20101123,2100,6491, ,CFS
SHA,H,76,INFLOW,20101123,2200,9534, ,CFS
SHA,H,76,INFLOW,20101123,2300,131, ,CFS
SHA,H,76,INFLOW,20101124,0000,9322, ,CFS
SHA,H,76,INFLOW,20101124,0100,153, ,CFS
SHA,H,76,INFLOW,20101124,0200,5879, ,CFS
SHA,H,76,INFLOW,20101124,0300,8771, ,CFS
SHA,H,76,INFLOW,20101124,0400,2995, ,CFS
SHA,H,76,INFLOW,20101124,0500,8774, ,CFS
SHA,H,76,INFLOW,20101124,0600,704, ,CFS
SHA,H,76,INFLOW,20101124,0700,5459, ,CFS
SHA,H,76,INFLOW,20101124,0800,6807, ,CFS
SHA,H,76,INFLOW,20101124,0900,7455, ,CFS
SHA,H,76,INFLOW,20101124,1000,10561, ,CFS
SHA,H,76,INFLOW,20101124,1100,-436, ,CFS
SHA,H,76,INFLOW,20101124,1200,4363, ,CFS
SHA,H,76,INFLOW,20101124,1300,1709, ,CFS
SHA,H,76,INFLOW,20101124,1400,4603, ,CFS
SHA,H,76,INFLOW,20101124,1500,4701, ,CFS
SHA,H,76,INFLOW,20101124,1600,3996, ,CFS
SHA,H,76,INFLOW,20101124,1700,1636, ,CFS
SHA,H,76,INFLOW,20101124,1800,8455, ,CFS
SHA,H,76,INFLOW,20101124,1900,12444, ,CFS
SHA,H,76,INFLOW,20101124,2000,6121, ,CFS
SHA,H,76,INFLOW,20101124,2100,13434, ,CFS
SHA,H,76,INFLOW,20101124,2200,3826, ,CFS
SHA,H,76,INFLOW,20101124,2300,9352, ,CFS
SHA,H,76,INFLOW,20101125,0000,6535, ,CFS
SHA,H,76,INFLOW,20101125,0100,6920, ,CFS
SHA,H,76,INFLOW,20101125,0200,1686, ,CFS
SHA,H,76,INFLOW,20101125,0300,1692, ,CFS
SHA,H,76,INFLOW,20101125,0400,4388, ,CFS
SHA,H,76,INFLOW,20101125,0500,1472, ,CFS
SHA,H,76,INFLOW,20101125,0600,4504, ,CFS
SHA,H,76,INFLOW,20101125,0700,555, ,CFS
SHA,H,76,INFLOW,20101125,0800,1651, ,CFS
SHA,H,76,INFLOW,20101125,0900,7368, ,CFS
SHA,H,76,INFLOW,20101125,1000,2981, ,CFS
SHA,H,76,INFLOW,20101125,1100,4009, ,CFS
SHA,H,76,INFLOW,20101125,1200,6222, ,CFS
SHA,H,76,INFLOW,20101125,1300,5027, ,CFS
SHA,H,76,INFLOW,20101125,1400,7716, ,CFS
SHA,H,76,INFLOW,20101125,1500,4457, ,CFS
SHA,H,76,INFLOW,20101125,1600,4120, ,CFS
SHA,H,76,INFLOW,20101125,1700,3161, ,CFS
SHA,H,76,INFLOW,20101125,1800,8367, ,CFS
SHA,H,76,INFLOW,20101125,1900,8472, ,CFS
SHA,H,76,INFLOW,20101125,2000,5482, ,CFS
SHA,H,76,INFLOW,20101125,2100,1444, ,CFS
SHA,H,76,INFLOW,20101125,2200,8233, ,CFS
SHA,H,76,INFLOW,20101125,2300,5690, ,CFS
SHA,H,76,INFLOW,20101126,0000,2360, ,CFS
SHA,H,76,INFLOW,20101126,0100,4151, ,CFS
SHA,H,76,INFLOW,20101126,0200,1731, ,CFS
SHA,H,76,INFLOW,20101126,0300,1762, ,CFS
SHA,H,76,INFLOW,20101126,0400,4625, ,CFS
SHA,H,76,INFLOW,20101126,0500,1925, ,CFS
SHA,H,76,INFLOW,20101126,0600,-476, ,CFS
SHA,H,76,INFLOW,20101126,0700,3475, ,CFS
SHA,H,76,INFLOW,20101126,0800,4324, ,CFS
SHA,H,76,INFLOW,20101126,0900,1395, ,CFS
SHA,H,76,INFLOW,20101126,1000,6210, ,CFS
SHA,H,76,INFLOW,20101126,1100,4414, ,CFS
SHA,H,76,INFLOW,20101126,1200,3915, ,CFS
SHA,H,76,INFLOW,20101126,1300,4998, ,CFS
SHA,H,76,INFLOW,20101126,1400,3782, ,CFS
SHA,H,76,INFLOW,20101126,1500,5692, ,CFS
SHA,H,76,INFLOW,20101126,1600,2845, ,CFS
SHA,H,76,INFLOW,20101126,1700,6987, ,CFS
SHA,H,76,INFLOW,20101126,1800,3586, ,CFS
SHA,H,76,INFLOW,20101126,1900,11130, ,CFS
SHA,H,76,INFLOW,20101126,2000,5923, ,CFS
SHA,H,76,INFLOW,20101126,2100,5997, ,CFS
SHA,H,76,INFLOW,20101126,2200,5466, ,CFS
SHA,H,76,INFLOW,20101126,2300,6552, ,CFS
SHA,H,76,INFLOW,20101127,0000,7645, ,CFS
SHA,H,76,INFLOW,20101127,0100,1357, ,CFS
SHA,H,76,INFLOW,20101127,0200,7789, ,CFS
SHA,H,76,INFLOW,20101127,0300,4857, ,CFS
SHA,H,76,INFLOW,20101127,0400,-809, ,CFS
SHA,H,76,INFLOW,20101127,0500,5115, ,CFS
SHA,H,76,INFLOW,20101127,0600,2443, ,CFS
SHA,H,76,INFLOW,20101127,0700,2104, ,CFS
SHA,H,76,INFLOW,20101127,0800,8241, ,CFS
SHA,H,76,INFLOW,20101127,0900,2473, ,CFS
SHA,H,76,INFLOW,20101127,1000,12052, ,CFS
SHA,H,76,INFLOW,20101127,1100,7146, ,CFS
SHA,H,76,INFLOW,20101127,1200,6631, ,CFS
SHA,H,76,INFLOW,20101127,1300,2648, ,CFS
SHA,H,76,INFLOW,20101127,1400,10238, ,CFS
SHA,H,76,INFLOW,20101127,1500,1615, ,CFS
SHA,H,76,INFLOW,20101127,1600,4120, ,CFS
SHA,H,76,INFLOW,20101127,1700,9187, ,CFS
SHA,H,76,INFLOW,20101127,1800,271, ,CFS
SHA,H,76,INFLOW,20101127,1900,11126, ,CFS
SHA,H,76,INFLOW,20101127,2000,5820, ,CFS
SHA,H,76,INFLOW,20101127,2100,8004, ,CFS
SHA,H,76,INFLOW,20101127,2200,6085, ,CFS
SHA,H,76,INFLOW,20101127,2300,-170, ,CFS
SHA,H,76,INFLOW,20101128,0000,7849, ,CFS
SHA,H,76,INFLOW,20101128,0100,1761, ,CFS
SHA,H,76,INFLOW,20101128,0200,4644, ,CFS
SHA,H,76,INFLOW,20101128,0300,1648, ,CFS
SHA,H,76,INFLOW,20101128,0400,1694, ,CFS
SHA,H,76,INFLOW,20101128,0500,1723, ,CFS
SHA,H,76,INFLOW,20101128,0600,1735, ,CFS
SHA,H,76,INFLOW,20101128,0700,6517, ,CFS
SHA,H,76,INFLOW,20101128,0800,3616, ,CFS
SHA,H,76,INFLOW,20101128,0900,4160, ,CFS
SHA,H,76,INFLOW,20101128,1000,4492, ,CFS
SHA,H,76,INFLOW,20101128,1100,1771, ,CFS
SHA,H,76,INFLOW,20101128,1200,4530, ,CFS
SHA,H,76,INFLOW,20101128,1300,1776, ,CFS
SHA,H,76,INFLOW,20101128,1400,3926, ,CFS
SHA,H,76,INFLOW,20101128,1500,3709, ,CFS
SHA,H,76,INFLOW,20101128,1600,3824, ,CFS
SHA,H,76,INFLOW,20101128,1700,4581, ,CFS
SHA,H,76,INFLOW,20101128,1800,3059, ,CFS
SHA,H,76,INFLOW,20101128,1900,13617, ,CFS
SHA,H,76,INFLOW,20101128,2000,5085, ,CFS
SHA,H,76,INFLOW,20101128,2100,7588, ,CFS
SHA,H,76,INFLOW,20101128,2200,6089, ,CFS
SHA,H,76,INFLOW,20101128,2300,1047, ,CFS
SHA,H,76,INFLOW,20101129,0000,5920, ,CFS
SHA,H,76,INFLOW,20101129,0100,1275, ,CFS
SHA,H,76,INFLOW,20101129,0200,1299, ,CFS
SHA,H,76,INFLOW,20101129,0300,3940, ,CFS
SHA,H,76,INFLOW,20101129,0400,1081, ,CFS
SHA,H,76,INFLOW,20101129,0500,4260, ,CFS
SHA,H,76,INFLOW,20101129,0600,1840, ,CFS
SHA,H,76,INFLOW,20101129,0700,-2454, ,CFS
SHA,H,76,INFLOW,20101129,0800,6253, ,CFS
SHA,H,76,INFLOW,20101129,0900,119, ,CFS
SHA,H,76,INFLOW,20101129,1000,6800, ,CFS
SHA,H,76,INFLOW,20101129,1100,1606, ,CFS
SHA,H,76,INFLOW,20101129,1200,6624, ,CFS
SHA,H,76,INFLOW,20101129,1300,3199, ,CFS
SHA,H,76,INFLOW,20101129,1400,-204, ,CFS
SHA,H,76,INFLOW,20101129,1500,5557, ,CFS
SHA,H,76,INFLOW,20101129,1600,2729, ,CFS
SHA,H,76,INFLOW,20101129,1700,3511, ,CFS
SHA,H,76,INFLOW,20101129,1800,9598, ,CFS
SHA,H,76,INFLOW,20101129,1900,6856, ,CFS
SHA,H,76,INFLOW,20101129,2000,9648, ,CFS
SHA,H,76,INFLOW,20101129,2100,8946, ,CFS
SHA,H,76,INFLOW,20101129,2200,-122, ,CFS
SHA,H,76,INFLOW,20101129,2300,7558, ,CFS
SHA,H,76,INFLOW,20101130,0000,5158, ,CFS
SHA,H,76,INFLOW,20101130,0100,428, ,CFS
SHA,H,76,INFLOW,20101130,0200,533, ,CFS
SHA,H,76,INFLOW,20101130,0300,6290, ,CFS
SHA,H,76,INFLOW,20101130,0400,-2683, ,CFS
SHA,H,76,INFLOW,20101130,0500,6142, ,CFS
SHA,H,76,INFLOW,20101130,0600,205, ,CFS
SHA,H,76,INFLOW,20101130,0700,-2078, ,CFS
SHA,H,76,INFLOW,20101130,0800,9676, ,CFS
SHA,H,76,INFLOW,20101130,0900,-4354, ,CFS
SHA,H,76,INFLOW,20101130,1000,7950, ,CFS
SHA,H,76,INFLOW,20101130,1100,1963, ,CFS
SHA,H,76,INFLOW,20101130,1200,1036, ,CFS
SHA,H,76,INFLOW,20101130,1300,6771, ,CFS
SHA,H,76,INFLOW,20101130,1400,-723, ,CFS
SHA,H,76,INFLOW,20101130,1500,1726, ,CFS
SHA,H,76,INFLOW,20101130,1600,1969, ,CFS
SHA,H,76,INFLOW,20101130,1700,2093, ,CFS
SHA,H,76,INFLOW,20101130,1800,4955, ,CFS
SHA,H,76,INFLOW,20101130,1900,12964, ,CFS
SHA,H,76,INFLOW,20101130,2000,-1094, ,CFS
SHA,H,76,INFLOW,20101130,2100,15584, ,CFS
SHA,H,76,INFLOW,20101130,2200,2036, ,CFS
SHA,H,76,INFLOW,20101130,2300,1860, ,CFS
SHA,H,76,INFLOW,20101201,0000,4611, ,CFS
SHA,H,76,INFLOW,20101201,0100,176, ,CFS
SHA,H,76,INFLOW,20101201,0200,2925, ,CFS
SHA,H,76,INFLOW,20101201,0300,5812, ,CFS
SHA,H,76,INFLOW,20101201,0400,50, ,CFS
SHA,H,76,INFLOW,20101201,0500,230, ,CFS
SHA,H,76,INFLOW,20101201,0600,-859, ,CFS
SHA,H,76,INFLOW,20101201,0700,356, ,CFS
SHA,H,76,INFLOW,20101201,0800,4082, ,CFS
SHA,H,76,INFLOW,20101201,0900,3408, ,CFS
SHA,H,76,INFLOW,20101201,1000,829, ,CFS
SHA,H,76,INFLOW,20101201,1100,3569, ,CFS
SHA,H,76,INFLOW,20101201,1200,4465, ,CFS
SHA,H,76,INFLOW,20101201,1300,225, ,CFS
SHA,H,76,INFLOW,20101201,1400,-337, ,CFS
SHA,H,76,INFLOW,20101201,1500,2320, ,CFS
SHA,H,76,INFLOW,20101201,1600,2609, ,CFS
SHA,H,76,INFLOW,20101201,1700,8809, ,CFS
SHA,H,76,INFLOW,20101201,1800,588, ,CFS
SHA,H,76,INFLOW,20101201,1900,10079, ,CFS
SHA,H,76,INFLOW,20101201,2000,10230, ,CFS
SHA,H,76,INFLOW,20101201,2100,6465, ,CFS
SHA,H,76,INFLOW,20101201,2200,6404, ,CFS
SHA,H,76,INFLOW,20101201,2300,-386, ,CFS
SHA,H,76,INFLOW,20101202,0000,3254, ,CFS
SHA,H,76,INFLOW,20101202,0100,4824, ,CFS
SHA,H,76,INFLOW,20101202,0200,-1061, ,CFS
SHA,H,76,INFLOW,20101202,0300,1693, ,CFS
SHA,H,76,INFLOW,20101202,0400,1656, ,CFS
SHA,H,76,INFLOW,20101202,0500,1846, ,CFS
SHA,H,76,INFLOW,20101202,0600,8884, ,CFS
SHA,H,76,INFLOW,20101202,0700,-2174, ,CFS
SHA,H,76,INFLOW,20101202,0800,8418, ,CFS
SHA,H,76,INFLOW,20101202,0900,2013, ,CFS
SHA,H,76,INFLOW,20101202,1000,5121, ,CFS
SHA,H,76,INFLOW,20101202,1100,7069, ,CFS
SHA,H,76,INFLOW,20101202,1200,3764, ,CFS
SHA,H,76,INFLOW,20101202,1300,1868, ,CFS
SHA,H,76,INFLOW,20101202,1400,5196, ,CFS
SHA,H,76,INFLOW,20101202,1500,2448, ,CFS
SHA,H,76,INFLOW,20101202,1600,2739, ,CFS
SHA,H,76,INFLOW,20101202,1700,6144, ,CFS
SHA,H,76,INFLOW,20101202,1800,2680, ,CFS
SHA,H,76,INFLOW,20101202,1900,13539, ,CFS
SHA,H,76,INFLOW,20101202,2000,10565, ,CFS
SHA,H,76,INFLOW,20101202,2100,6791, ,CFS
SHA,H,76,INFLOW,20101202,2200,6544, ,CFS
SHA,H,76,INFLOW,20101202,2300,2600, ,CFS
SHA,H,76,INFLOW,20101203,0000,6617, ,CFS
SHA,H,76,INFLOW,20101203,0100,3148, ,CFS
SHA,H,76,INFLOW,20101203,0200,31, ,CFS
SHA,H,76,INFLOW,20101203,0300,2912, ,CFS
SHA,H,76,INFLOW,20101203,0400,2912, ,CFS
SHA,H,76,INFLOW,20101203,0500,148, ,CFS
SHA,H,76,INFLOW,20101203,0600,5080, ,CFS
SHA,H,76,INFLOW,20101203,0700,-1000, ,CFS
SHA,H,76,INFLOW,20101203,0800,9080, ,CFS
SHA,H,76,INFLOW,20101203,0900,3514, ,CFS
SHA,H,76,INFLOW,20101203,1000,5369, ,CFS
SHA,H,76,INFLOW,20101203,1100,5322, ,CFS
SHA,H,76,INFLOW,20101203,1200,5156, ,CFS
SHA,H,76,INFLOW,20101203,1300,5361, ,CFS
SHA,H,76,INFLOW,20101203,1400,4268, ,CFS
SHA,H,76,INFLOW,20101203,1500,4187, ,CFS
SHA,H,76,INFLOW,20101203,1600,2075, ,CFS
SHA,H,76,INFLOW,20101203,1700,9003, ,CFS
SHA,H,76,INFLOW,20101203,1800,-546, ,CFS
SHA,H,76,INFLOW,20101203,1900,14086, ,CFS
SHA,H,76,INFLOW,20101203,2000,8358, ,CFS
SHA,H,76,INFLOW,20101203,2100,2292, ,CFS
SHA,H,76,INFLOW,20101203,2200,9009, ,CFS
SHA,H,76,INFLOW,20101203,2300,3009, ,CFS
SHA,H,76,INFLOW,20101204,0000,1872, ,CFS
SHA,H,76,INFLOW,20101204,0100,6014, ,CFS
SHA,H,76,INFLOW,20101204,0200,-2796, ,CFS
SHA,H,76,INFLOW,20101204,0300,8736, ,CFS
SHA,H,76,INFLOW,20101204,0400,2988, ,CFS
SHA,H,76,INFLOW,20101204,0500,-5672, ,CFS
SHA,H,76,INFLOW,20101204,0600,14489, ,CFS
SHA,H,76,INFLOW,20101204,0700,-5227, ,CFS
SHA,H,76,INFLOW,20101204,0800,16396, ,CFS
SHA,H,76,INFLOW,20101204,0900,9799, ,CFS
SHA,H,76,INFLOW,20101204,1000,6430, ,CFS
SHA,H,76,INFLOW,20101204,1100,6866, ,CFS
SHA,H,76,INFLOW,20101204,1200,4631, ,CFS
SHA,H,76,INFLOW,20101204,1300,3133, ,CFS
SHA,H,76,INFLOW,20101204,1400,5489, ,CFS
SHA,H,76,INFLOW,20101204,1500,4489, ,CFS
SHA,H,76,INFLOW,20101204,1600,4004, ,CFS
SHA,H,76,INFLOW,20101204,1700,7593, ,CFS
SHA,H,76,INFLOW,20101204,1800,4608, ,CFS
SHA,H,76,INFLOW,20101204,1900,10285, ,CFS
SHA,H,76,INFLOW,20101204,2000,6810, ,CFS
SHA,H,76,INFLOW,20101204,2100,6513, ,CFS
SHA,H,76,INFLOW,20101204,2200,12950, ,CFS
SHA,H,76,INFLOW,20101204,2300,1904, ,CFS
SHA,H,76,INFLOW,20101205,0000,7939, ,CFS
SHA,H,76,INFLOW,20101205,0100,3066, ,CFS
SHA,H,76,INFLOW,20101205,0200,5803, ,CFS
SHA,H,76,INFLOW,20101205,0300,8701, ,CFS
SHA,H,76,INFLOW,20101205,0400,79, ,CFS
SHA,H,76,INFLOW,20101205,0500,2931, ,CFS
SHA,H,76,INFLOW,20101205,0600,3090, ,CFS
SHA,H,76,INFLOW,20101205,0700,6139, ,CFS
SHA,H,76,INFLOW,20101205,0800,2229, ,CFS
SHA,H,76,INFLOW,20101205,0900,7356, ,CFS
SHA,H,76,INFLOW,20101205,1000,3493, ,CFS
SHA,H,76,INFLOW,20101205,1100,7961, ,CFS
SHA,H,76,INFLOW,20101205,1200,5053, ,CFS
SHA,H,76,INFLOW,20101205,1300,6149, ,CFS
SHA,H,76,INFLOW,20101205,1400,3278, ,CFS
SHA,H,76,INFLOW,20101205,1500,7946, ,CFS
SHA,H,76,INFLOW,20101205,1600,5130, ,CFS
SHA,H,76,INFLOW,20101205,1700,15244, ,CFS
SHA,H,76,INFLOW,20101205,1800,4342, ,CFS
SHA,H,76,INFLOW,20101205,1900,13509, ,CFS
SHA,H,76,INFLOW,20101205,2000,21945, ,CFS
SHA,H,76,INFLOW,20101205,2100,12495, ,CFS
SHA,H,76,INFLOW,20101205,2200,11315, ,CFS
SHA,H,76,INFLOW,20101205,2300,18163, ,CFS
SHA,H,76,INFLOW,20101206,0000,9368, ,CFS
SHA,H,76,INFLOW,20101206,0100,8735, ,CFS
SHA,H,76,INFLOW,20101206,0200,11567, ,CFS
SHA,H,76,INFLOW,20101206,0300,36, ,CFS
SHA,H,76,INFLOW,20101206,0400,17933, ,CFS
SHA,H,76,INFLOW,20101206,0500,20824, ,CFS
SHA,H,76,INFLOW,20101206,0600,6145, ,CFS
SHA,H,76,INFLOW,20101206,0700,12081, ,CFS
SHA,H,76,INFLOW,20101206,0800,14801, ,CFS
SHA,H,76,INFLOW,20101206,0900,15606, ,CFS
SHA,H,76,INFLOW,20101206,1000,21903, ,CFS
SHA,H,76,INFLOW,20101206,1100,14253, ,CFS
SHA,H,76,INFLOW,20101206,1200,15129, ,CFS
SHA,H,76,INFLOW,20101206,1300,19456, ,CFS
SHA,H,76,INFLOW,20101206,1400,13541, ,CFS
SHA,H,76,INFLOW,20101206,1500,12750, ,CFS
SHA,H,76,INFLOW,20101206,1600,12123, ,CFS
SHA,H,76,INFLOW,20101206,1700,14746, ,CFS
SHA,H,76,INFLOW,20101206,1800,21981, ,CFS
SHA,H,76,INFLOW,20101206,1900,19484, ,CFS
SHA,H,76,INFLOW,20101206,2000,16651, ,CFS
SHA,H,76,INFLOW,20101206,2100,19054, ,CFS
SHA,H,76,INFLOW,20101206,2200,11313, ,CFS
SHA,H,76,INFLOW,20101206,2300,14817, ,CFS
SHA,H,76,INFLOW,20101207,0000,10340, ,CFS
SHA,H,76,INFLOW,20101207,0100,14696, ,CFS
SHA,H,76,INFLOW,20101207,0200,8824, ,CFS
SHA,H,76,INFLOW,20101207,0300,14620, ,CFS
SHA,H,76,INFLOW,20101207,0400,14597, ,CFS
SHA,H,76,INFLOW,20101207,0500,11690, ,CFS
SHA,H,76,INFLOW,20101207,0600,14962, ,CFS
SHA,H,76,INFLOW,20101207,0700,15021, ,CFS
SHA,H,76,INFLOW,20101207,0800,11689, ,CFS
SHA,H,76,INFLOW,20101207,0900,16915, ,CFS
SHA,H,76,INFLOW,20101207,1000,10831, ,CFS
SHA,H,76,INFLOW,20101207,1100,16254, ,CFS
SHA,H,76,INFLOW,20101207,1200,16613, ,CFS
SHA,H,76,INFLOW,20101207,1300,7344, ,CFS
SHA,H,76,INFLOW,20101207,1400,12931, ,CFS
SHA,H,76,INFLOW,20101207,1500,9951, ,CFS
SHA,H,76,INFLOW,20101207,1600,13068, ,CFS
SHA,H,76,INFLOW,20101207,1700,15917, ,CFS
SHA,H,76,INFLOW,20101207,1800,10255, ,CFS
SHA,H,76,INFLOW,20101207,1900,13494, ,CFS
SHA,H,76,INFLOW,20101207,2000,12944, ,CFS
SHA,H,76,INFLOW,20101207,2100,10286, ,CFS
SHA,H,76,INFLOW,20101207,2200,4940, ,CFS
SHA,H,76,INFLOW,20101207,2300,12910, ,CFS
SHA,H,76,INFLOW,20101208,0000,15479, ,CFS
SHA,H,76,INFLOW,20101208,0100,251, ,CFS
SHA,H,76,INFLOW,20101208,0200,14683, ,CFS
SHA,H,76,INFLOW,20101208,0300,6003, ,CFS
SHA,H,76,INFLOW,20101208,0400,11785, ,CFS
SHA,H,76,INFLOW,20101208,0500,11822, ,CFS
SHA,H,76,INFLOW,20101208,0600,6919, ,CFS
SHA,H,76,INFLOW,20101208,0700,10865, ,CFS
SHA,H,76,INFLOW,20101208,0800,15127, ,CFS
SHA,H,76,INFLOW,20101208,0900,13998, ,CFS
SHA,H,76,INFLOW,20101208,1000,13945, ,CFS
SHA,H,76,INFLOW,20101208,1100,14128, ,CFS
SHA,H,76,INFLOW,20101208,1200,9011, ,CFS
SHA,H,76,INFLOW,20101208,1300,5952, ,CFS
SHA,H,76,INFLOW,20101208,1400,18374, ,CFS
SHA,H,76,INFLOW,20101208,1500,15327, ,CFS
SHA,H,76,INFLOW,20101208,1600,9538, ,CFS
SHA,H,76,INFLOW,20101208,1700,24288, ,CFS
SHA,H,76,INFLOW,20101208,1800,13766, ,CFS
SHA,H,76,INFLOW,20101208,1900,16950, ,CFS
SHA,H,76,INFLOW,20101208,2000,16275, ,CFS
SHA,H,76,INFLOW,20101208,2100,18375, ,CFS
SHA,H,76,INFLOW,20101208,2200,19886, ,CFS
SHA,H,76,INFLOW,20101208,2300,16518, ,CFS
SHA,H,76,INFLOW,20101209,0000,13051, ,CFS
SHA,H,76,INFLOW,20101209,0100,12794, ,CFS
SHA,H,76,INFLOW,20101209,0200,15243, ,CFS
SHA,H,76,INFLOW,20101209,0300,12327, ,CFS
SHA,H,76,INFLOW,20101209,0400,12333, ,CFS
SHA,H,76,INFLOW,20101209,0500,12331, ,CFS
SHA,H,76,INFLOW,20101209,0600,15348, ,CFS
SHA,H,76,INFLOW,20101209,0700,8983, ,CFS
SHA,H,76,INFLOW,20101209,0800,17792, ,CFS
SHA,H,76,INFLOW,20101209,0900,12145, ,CFS
SHA,H,76,INFLOW,20101209,1000,18410, ,CFS
SHA,H,76,INFLOW,20101209,1100,9930, ,CFS
SHA,H,76,INFLOW,20101209,1200,12589, ,CFS
SHA,H,76,INFLOW,20101209,1300,11243, ,CFS
SHA,H,76,INFLOW,20101209,1400,10242, ,CFS
SHA,H,76,INFLOW,20101209,1500,7270, ,CFS
SHA,H,76,INFLOW,20101209,1600,16157, ,CFS
SHA,H,76,INFLOW,20101209,1700,11687, ,CFS
SHA,H,76,INFLOW,20101209,1800,19581, ,CFS
SHA,H,76,INFLOW,20101209,1900,16904, ,CFS
SHA,H,76,INFLOW,20101209,2000,16419, ,CFS
SHA,H,76,INFLOW,20101209,2100,15901, ,CFS
SHA,H,76,INFLOW,20101209,2200,19525, ,CFS
SHA,H,76,INFLOW,20101209,2300,16841, ,CFS
SHA,H,76,INFLOW,20101210,0000,17532, ,CFS
SHA,H,76,INFLOW,20101210,0100,18242, ,CFS
SHA,H,76,INFLOW,20101210,0200,15087, ,CFS
SHA,H,76,INFLOW,20101210,0300,15084, ,CFS
SHA,H,76,INFLOW,20101210,0400,15082, ,CFS
SHA,H,76,INFLOW,20101210,0500,12304, ,CFS
SHA,H,76,INFLOW,20101210,0600,16995, ,CFS
SHA,H,76,INFLOW,20101210,0700,8201, ,CFS
SHA,H,76,INFLOW,20101210,0800,21917, ,CFS
SHA,H,76,INFLOW,20101210,0900,17266, ,CFS
SHA,H,76,INFLOW,20101210,1000,14533, ,CFS
SHA,H,76,INFLOW,20101210,1100,20329, ,CFS
SHA,H,76,INFLOW,20101210,1200,13957, ,CFS
SHA,H,76,INFLOW,20101210,1300,21364, ,CFS
SHA,H,76,INFLOW,20101210,1400,12304, ,CFS
SHA,H,76,INFLOW,20101210,1500,16994, ,CFS
SHA,H,76,INFLOW,20101210,1600,15622, ,CFS
SHA,H,76,INFLOW,20101210,1700,17870, ,CFS
SHA,H,76,INFLOW,20101210,1800,15216, ,CFS
SHA,H,76,INFLOW,20101210,1900,20972, ,CFS
SHA,H,76,INFLOW,20101210,2000,14804, ,CFS
SHA,H,76,INFLOW,20101210,2100,17765, ,CFS
SHA,H,76,INFLOW,20101210,2200,17543, ,CFS
SHA,H,76,INFLOW,20101210,2300,19644, ,CFS
SHA,H,76,INFLOW,20101211,0000,8668, ,CFS
SHA,H,76,INFLOW,20101211,0100,15401, ,CFS
SHA,H,76,INFLOW,20101211,0200,9506, ,CFS
SHA,H,76,INFLOW,20101211,0300,9519, ,CFS
SHA,H,76,INFLOW,20101211,0400,15383, ,CFS
SHA,H,76,INFLOW,20101211,0500,9554, ,CFS
SHA,H,76,INFLOW,20101211,0600,16282, ,CFS
SHA,H,76,INFLOW,20101211,0700,9381, ,CFS
SHA,H,76,INFLOW,20101211,0800,8644, ,CFS
SHA,H,76,INFLOW,20101211,0900,13497, ,CFS
SHA,H,76,INFLOW,20101211,1000,13546, ,CFS
SHA,H,76,INFLOW,20101211,1100,10660, ,CFS
SHA,H,76,INFLOW,20101211,1200,16323, ,CFS
SHA,H,76,INFLOW,20101211,1300,9250, ,CFS
SHA,H,76,INFLOW,20101211,1400,10798, ,CFS
SHA,H,76,INFLOW,20101211,1500,12712, ,CFS
SHA,H,76,INFLOW,20101211,1600,13209, ,CFS
SHA,H,76,INFLOW,20101211,1700,11701, ,CFS
SHA,H,76,INFLOW,20101211,1800,15057, ,CFS
SHA,H,76,INFLOW,20101211,1900,12791, ,CFS
SHA,H,76,INFLOW,20101211,2000,9521, ,CFS
SHA,H,76,INFLOW,20101211,2100,14631, ,CFS
SHA,H,76,INFLOW,20101211,2200,11445, ,CFS
SHA,H,76,INFLOW,20101211,2300,12341, ,CFS
SHA,H,76,INFLOW,20101212,0000,12188, ,CFS
SHA,H,76,INFLOW,20101212,0100,12289, ,CFS
SHA,H,76,INFLOW,20101212,0200,9201, ,CFS
SHA,H,76,INFLOW,20101212,0300,12133, ,CFS
SHA,H,76,INFLOW,20101212,0400,17993, ,CFS
SHA,H,76,INFLOW,20101212,0500,12133, ,CFS
SHA,H,76,INFLOW,20101212,0600,9538, ,CFS
SHA,H,76,INFLOW,20101212,0700,11312, ,CFS
SHA,H,76,INFLOW,20101212,0800,9517, ,CFS
SHA,H,76,INFLOW,20101212,0900,10521, ,CFS
SHA,H,76,INFLOW,20101212,1000,14014, ,CFS
SHA,H,76,INFLOW,20101212,1100,9077, ,CFS
SHA,H,76,INFLOW,20101212,1200,9479, ,CFS
SHA,H,76,INFLOW,20101212,1300,11833, ,CFS
SHA,H,76,INFLOW,20101212,1400,8479, ,CFS
SHA,H,76,INFLOW,20101212,1500,11160, ,CFS
SHA,H,76,INFLOW,20101212,1600,9062, ,CFS
SHA,H,76,INFLOW,20101212,1700,10758, ,CFS
SHA,H,76,INFLOW,20101212,1800,13989, ,CFS
SHA,H,76,INFLOW,20101212,1900,11044, ,CFS
SHA,H,76,INFLOW,20101212,2000,13982, ,CFS
SHA,H,76,INFLOW,20101212,2100,11115, ,CFS
SHA,H,76,INFLOW,20101212,2200,4746, ,CFS
SHA,H,76,INFLOW,20101212,2300,17492, ,CFS
SHA,H,76,INFLOW,20101213,0000,9140, ,CFS
SHA,H,76,INFLOW,20101213,0100,12519, ,CFS
SHA,H,76,INFLOW,20101213,0200,3638, ,CFS
SHA,H,76,INFLOW,20101213,0300,9437, ,CFS
SHA,H,76,INFLOW,20101213,0400,644, ,CFS
SHA,H,76,INFLOW,20101213,0500,15375, ,CFS
SHA,H,76,INFLOW,20101213,0600,4996, ,CFS
SHA,H,76,INFLOW,20101213,0700,8573, ,CFS
SHA,H,76,INFLOW,20101213,0800,15535, ,CFS
SHA,H,76,INFLOW,20101213,0900,7462, ,CFS
SHA,H,76,INFLOW,20101213,1000,10429, ,CFS
SHA,H,76,INFLOW,20101213,1100,9772, ,CFS
SHA,H,76,INFLOW,20101213,1200,6394, ,CFS
SHA,H,76,INFLOW,20101213,1300,11855, ,CFS
SHA,H,76,INFLOW,20101213,1400,13217, ,CFS
SHA,H,76,INFLOW,20101213,1500,6762, ,CFS
SHA,H,76,INFLOW,20101213,1600,15706, ,CFS
SHA,H,76,INFLOW,20101213,1700,9249, ,CFS
SHA,H,76,INFLOW,20101213,1800,8103, ,CFS
SHA,H,76,INFLOW,20101213,1900,16838, ,CFS
SHA,H,76,INFLOW,20101213,2000,7656, ,CFS
SHA,H,76,INFLOW,20101213,2100,12957, ,CFS
SHA,H,76,INFLOW,20101213,2200,15008, ,CFS
SHA,H,76,INFLOW,20101213,2300,3418, ,CFS
SHA,H,76,INFLOW,20101214,0000,2667, ,CFS
SHA,H,76,INFLOW,20101214,0100,25666, ,CFS
SHA,H,76,INFLOW,20101214,0200,8104, ,CFS
SHA,H,76,INFLOW,20101214,0300,10958, ,CFS
SHA,H,76,INFLOW,20101214,0400,13831, ,CFS
SHA,H,76,INFLOW,20101214,0500,8237, ,CFS
SHA,H,76,INFLOW,20101214,0600,2771, ,CFS
SHA,H,76,INFLOW,20101214,0700,17493, ,CFS
SHA,H,76,INFLOW,20101214,0800,9016, ,CFS
SHA,H,76,INFLOW,20101214,0900,11967, ,CFS
SHA,H,76,INFLOW,20101214,1000,5888, ,CFS
SHA,H,76,INFLOW,20101214,1100,23474, ,CFS
SHA,H,76,INFLOW,20101214,1200,11548, ,CFS
SHA,H,76,INFLOW,20101214,1300,11564, ,CFS
SHA,H,76,INFLOW,20101214,1400,11581, ,CFS
SHA,H,76,INFLOW,20101214,1500,5729, ,CFS
SHA,H,76,INFLOW,20101214,1600,20514, ,CFS
SHA,H,76,INFLOW,20101214,1700,6036, ,CFS
SHA,H,76,INFLOW,20101214,1800,17892, ,CFS
SHA,H,76,INFLOW,20101214,1900,5915, ,CFS
SHA,H,76,INFLOW,20101214,2000,20317, ,CFS
SHA,H,76,INFLOW,20101214,2100,8592, ,CFS
SHA,H,76,INFLOW,20101214,2200,14541, ,CFS
SHA,H,76,INFLOW,20101214,2300,14200, ,CFS
SHA,H,76,INFLOW,20101215,0000,11611, ,CFS
SHA,H,76,INFLOW,20101215,0100,10531, ,CFS
SHA,H,76,INFLOW,20101215,0200,10419, ,CFS
SHA,H,76,INFLOW,20101215,0300,7350, ,CFS
SHA,H,76,INFLOW,20101215,0400,10190, ,CFS
SHA,H,76,INFLOW,20101215,0500,10324, ,CFS
SHA,H,76,INFLOW,20101215,0600,10369, ,CFS
SHA,H,76,INFLOW,20101215,0700,7196, ,CFS
SHA,H,76,INFLOW,20101215,0800,10702, ,CFS
SHA,H,76,INFLOW,20101215,0900,10658, ,CFS
SHA,H,76,INFLOW,20101215,1000,14426, ,CFS
SHA,H,76,INFLOW,20101215,1100,11292, ,CFS
SHA,H,76,INFLOW,20101215,1200,11238, ,CFS
SHA,H,76,INFLOW,20101215,1300,11553, ,CFS
SHA,H,76,INFLOW,20101215,1400,11872, ,CFS
SHA,H,76,INFLOW,20101215,1500,11360, ,CFS
SHA,H,76,INFLOW,20101215,1600,11369, ,CFS
SHA,H,76,INFLOW,20101215,1700,13986, ,CFS
SHA,H,76,INFLOW,20101215,1800,11795, ,CFS
SHA,H,76,INFLOW,20101215,1900,12045, ,CFS
SHA,H,76,INFLOW,20101215,2000,12137, ,CFS
SHA,H,76,INFLOW,20101215,2100,11695, ,CFS
SHA,H,76,INFLOW,20101215,2200,9247, ,CFS
SHA,H,76,INFLOW,20101215,2300,11473, ,CFS
SHA,H,76,INFLOW,20101216,0000,14287, ,CFS
SHA,H,76,INFLOW,20101216,0100,8899, ,CFS
SHA,H,76,INFLOW,20101216,0200,8392, ,CFS
SHA,H,76,INFLOW,20101216,0300,5518, ,CFS
SHA,H,76,INFLOW,20101216,0400,11500, ,CFS
SHA,H,76,INFLOW,20101216,0500,5758, ,CFS
SHA,H,76,INFLOW,20101216,0600,8833, ,CFS
SHA,H,76,INFLOW,20101216,0700,8060, ,CFS
SHA,H,76,INFLOW,20101216,0800,9159, ,CFS
SHA,H,76,INFLOW,20101216,0900,10587, ,CFS
SHA,H,76,INFLOW,20101216,1000,11469, ,CFS
SHA,H,76,INFLOW,20101216,1100,5525, ,CFS
SHA,H,76,INFLOW,20101216,1200,7755, ,CFS
SHA,H,76,INFLOW,20101216,1300,4358, ,CFS
SHA,H,76,INFLOW,20101216,1400,6429, ,CFS
SHA,H,76,INFLOW,20101216,1500,9373, ,CFS
SHA,H,76,INFLOW,20101216,1600,7303, ,CFS
SHA,H,76,INFLOW,20101216,1700,10761, ,CFS
SHA,H,76,INFLOW,20101216,1800,8118, ,CFS
SHA,H,76,INFLOW,20101216,1900,8398, ,CFS
SHA,H,76,INFLOW,20101216,2000,8220, ,CFS
SHA,H,76,INFLOW,20101216,2100,11205, ,CFS
SHA,H,76,INFLOW,20101216,2200,7645, ,CFS
SHA,H,76,INFLOW,20101216,2300,10319, ,CFS
SHA,H,76,INFLOW,20101217,0000,11476, ,CFS
SHA,H,76,INFLOW,20101217,0100,12908, ,CFS
SHA,H,76,INFLOW,20101217,0200,3856, ,CFS
SHA,H,76,INFLOW,20101217,0300,9811, ,CFS
SHA,H,76,INFLOW,20101217,0400,6600, ,CFS
SHA,H,76,INFLOW,20101217,0500,4163, ,CFS
SHA,H,76,INFLOW,20101217,0600,16195, ,CFS
SHA,H,76,INFLOW,20101217,0700,7477, ,CFS
SHA,H,76,INFLOW,20101217,0800,11267, ,CFS
SHA,H,76,INFLOW,20101217,0900,14216, ,CFS
SHA,H,76,INFLOW,20101217,1000,9043, ,CFS
SHA,H,76,INFLOW,20101217,1100,9023, ,CFS
SHA,H,76,INFLOW,20101217,1200,11997, ,CFS
SHA,H,76,INFLOW,20101217,1300,2893, ,CFS
SHA,H,76,INFLOW,20101217,1400,4773, ,CFS
SHA,H,76,INFLOW,20101217,1500,10283, ,CFS
SHA,H,76,INFLOW,20101217,1600,1995, ,CFS
SHA,H,76,INFLOW,20101217,1700,17692, ,CFS
SHA,H,76,INFLOW,20101217,1800,10600, ,CFS
SHA,H,76,INFLOW,20101217,1900,11080, ,CFS
SHA,H,76,INFLOW,20101217,2000,15857, ,CFS
SHA,H,76,INFLOW,20101217,2100,15743, ,CFS
SHA,H,76,INFLOW,20101217,2200,12376, ,CFS
SHA,H,76,INFLOW,20101217,2300,14825, ,CFS
SHA,H,76,INFLOW,20101218,0000,14253, ,CFS
SHA,H,76,INFLOW,20101218,0100,9242, ,CFS
SHA,H,76,INFLOW,20101218,0200,18161, ,CFS
SHA,H,76,INFLOW,20101218,0300,6478, ,CFS
SHA,H,76,INFLOW,20101218,0400,6436, ,CFS
SHA,H,76,INFLOW,20101218,0500,12190, ,CFS
SHA,H,76,INFLOW,20101218,0600,355, ,CFS
SHA,H,76,INFLOW,20101218,0700,9770, ,CFS
SHA,H,76,INFLOW,20101218,0800,4951, ,CFS
SHA,H,76,INFLOW,20101218,0900,11041, ,CFS
SHA,H,76,INFLOW,20101218,1000,5537, ,CFS
SHA,H,76,INFLOW,20101218,1100,20201, ,CFS
SHA,H,76,INFLOW,20101218,1200,10951, ,CFS
SHA,H,76,INFLOW,20101218,1300,13577, ,CFS
SHA,H,76,INFLOW,20101218,1400,6959, ,CFS
SHA,H,76,INFLOW,20101218,1500,10078, ,CFS
SHA,H,76,INFLOW,20101218,1600,8025, ,CFS
SHA,H,76,INFLOW,20101218,1700,11400, ,CFS
SHA,H,76,INFLOW,20101218,1800,11421, ,CFS
SHA,H,76,INFLOW,20101218,1900,11413, ,CFS
SHA,H,76,INFLOW,20101218,2000,14247, ,CFS
SHA,H,76,INFLOW,20101218,2100,16686, ,CFS
SHA,H,76,INFLOW,20101218,2200,17172, ,CFS
SHA,H,76,INFLOW,20101218,2300,13980, ,CFS
SHA,H,76,INFLOW,20101219,0000,12780, ,CFS
SHA,H,76,INFLOW,20101219,0100,9035, ,CFS
SHA,H,76,INFLOW,20101219,0200,17640, ,CFS
SHA,H,76,INFLOW,20101219,0300,5628, ,CFS
SHA,H,76,INFLOW,20101219,0400,20274, ,CFS
SHA,H,76,INFLOW,20101219,0500,11833, ,CFS
SHA,H,76,INFLOW,20101219,0600,12748, ,CFS
SHA,H,76,INFLOW,20101219,0700,21486, ,CFS
SHA,H,76,INFLOW,20101219,0800,10777, ,CFS
SHA,H,76,INFLOW,20101219,0900,19984, ,CFS
SHA,H,76,INFLOW,20101219,1000,14132, ,CFS
SHA,H,76,INFLOW,20101219,1100,17088, ,CFS
SHA,H,76,INFLOW,20101219,1200,17060, ,CFS
SHA,H,76,INFLOW,20101219,1300,14139, ,CFS
SHA,H,76,INFLOW,20101219,1400,14037, ,CFS
SHA,H,76,INFLOW,20101219,1500,16938, ,CFS
SHA,H,76,INFLOW,20101219,1600,19490, ,CFS
SHA,H,76,INFLOW,20101219,1700,7762, ,CFS
SHA,H,76,INFLOW,20101219,1800,16985, ,CFS
SHA,H,76,INFLOW,20101219,1900,17287, ,CFS
SHA,H,76,INFLOW,20101219,2000,17250, ,CFS
SHA,H,76,INFLOW,20101219,2100,11460, ,CFS
SHA,H,76,INFLOW,20101219,2200,17166, ,CFS
SHA,H,76,INFLOW,20101219,2300,13747, ,CFS
SHA,H,76,INFLOW,20101220,0000,11496, ,CFS
SHA,H,76,INFLOW,20101220,0100,18142, ,CFS
SHA,H,76,INFLOW,20101220,0200,21039, ,CFS
SHA,H,76,INFLOW,20101220,0300,9104, ,CFS
SHA,H,76,INFLOW,20101220,0400,18078, ,CFS
SHA,H,76,INFLOW,20101220,0500,15128, ,CFS
SHA,H,76,INFLOW,20101220,0600,12373, ,CFS
SHA,H,76,INFLOW,20101220,0700,12504, ,CFS
SHA,H,76,INFLOW,20101220,0800,16972, ,CFS
SHA,H,76,INFLOW,20101220,0900,8236, ,CFS
SHA,H,76,INFLOW,20101220,1000,17071, ,CFS
SHA,H,76,INFLOW,20101220,1100,11208, ,CFS
SHA,H,76,INFLOW,20101220,1200,17078, ,CFS
SHA,H,76,INFLOW,20101220,1300,19710, ,CFS
SHA,H,76,INFLOW,20101220,1400,16756, ,CFS
SHA,H,76,INFLOW,20101220,1500,13817, ,CFS
SHA,H,76,INFLOW,20101220,1600,22859, ,CFS
SHA,H,76,INFLOW,20101220,1700,19933, ,CFS
SHA,H,76,INFLOW,20101220,1800,19956, ,CFS
SHA,H,76,INFLOW,20101220,1900,19834, ,CFS
SHA,H,76,INFLOW,20101220,2000,17056, ,CFS
SHA,H,76,INFLOW,20101220,2100,20166, ,CFS
SHA,H,76,INFLOW,20101220,2200,19760, ,CFS
SHA,H,76,INFLOW,20101220,2300,22061, ,CFS
SHA,H,76,INFLOW,20101221,0000,20967, ,CFS
SHA,H,76,INFLOW,20101221,0100,21449, ,CFS
SHA,H,76,INFLOW,20101221,0200,12528, ,CFS
SHA,H,76,INFLOW,20101221,0300,18261, ,CFS
SHA,H,76,INFLOW,20101221,0400,21705, ,CFS
SHA,H,76,INFLOW,20101221,0500,15705, ,CFS
SHA,H,76,INFLOW,20101221,0600,25143, ,CFS
SHA,H,76,INFLOW,20101221,0700,22324, ,CFS
SHA,H,76,INFLOW,20101221,0800,16714, ,CFS
SHA,H,76,INFLOW,20101221,0900,28393, ,CFS
SHA,H,76,INFLOW,20101221,1000,16872, ,CFS
SHA,H,76,INFLOW,20101221,1100,22813, ,CFS
SHA,H,76,INFLOW,20101221,1200,16883, ,CFS
SHA,H,76,INFLOW,20101221,1300,19537, ,CFS
SHA,H,76,INFLOW,20101221,1400,19129, ,CFS
SHA,H,76,INFLOW,20101221,1500,22199, ,CFS
SHA,H,76,INFLOW,20101221,1600,16268, ,CFS
SHA,H,76,INFLOW,20101221,1700,22098, ,CFS
SHA,H,76,INFLOW,20101221,1800,19929, ,CFS
SHA,H,76,INFLOW,20101221,1900,23184, ,CFS
SHA,H,76,INFLOW,20101221,2000,20278, ,CFS
SHA,H,76,INFLOW,20101221,2100,20290, ,CFS
SHA,H,76,INFLOW,20101221,2200,26158, ,CFS
SHA,H,76,INFLOW,20101221,2300,23148, ,CFS
SHA,H,76,INFLOW,20101222,0000,26326, ,CFS
SHA,H,76,INFLOW,20101222,0100,24598, ,CFS
SHA,H,76,INFLOW,20101222,0200,21331, ,CFS
SHA,H,76,INFLOW,20101222,0300,27326, ,CFS
SHA,H,76,INFLOW,20101222,0400,24568, ,CFS
SHA,H,76,INFLOW,20101222,0500,27844, ,CFS
SHA,H,76,INFLOW,20101222,0600,25181, ,CFS
SHA,H,76,INFLOW,20101222,0700,22246, ,CFS
SHA,H,76,INFLOW,20101222,0800,32422, ,CFS
SHA,H,76,INFLOW,20101222,0900,23479, ,CFS
SHA,H,76,INFLOW,20101222,1000,29649, ,CFS
SHA,H,76,INFLOW,20101222,1100,23810, ,CFS
SHA,H,76,INFLOW,20101222,1200,29670, ,CFS
SHA,H,76,INFLOW,20101222,1300,26609, ,CFS
SHA,H,76,INFLOW,20101222,1400,21153, ,CFS
SHA,H,76,INFLOW,20101222,1500,23695, ,CFS
SHA,H,76,INFLOW,20101222,1600,23779, ,CFS
SHA,H,76,INFLOW,20101222,1700,23754, ,CFS
SHA,H,76,INFLOW,20101222,1800,24678, ,CFS
SHA,H,76,INFLOW,20101222,1900,18647, ,CFS
SHA,H,76,INFLOW,20101222,2000,24409, ,CFS
SHA,H,76,INFLOW,20101222,2100,21377, ,CFS
SHA,H,76,INFLOW,20101222,2200,21206, ,CFS
SHA,H,76,INFLOW,20101222,2300,24884, ,CFS
SHA,H,76,INFLOW,20101223,0000,24280, ,CFS
SHA,H,76,INFLOW,20101223,0100,19464, ,CFS
SHA,H,76,INFLOW,20101223,0200,21786, ,CFS
SHA,H,76,INFLOW,20101223,0300,15748, ,CFS
SHA,H,76,INFLOW,20101223,0400,16252, ,CFS
SHA,H,76,INFLOW,20101223,0500,19305, ,CFS
SHA,H,76,INFLOW,20101223,0600,17067, ,CFS
SHA,H,76,INFLOW,20101223,0700,17675, ,CFS
SHA,H,76,INFLOW,20101223,0800,15153, ,CFS
SHA,H,76,INFLOW,20101223,0900,21384, ,CFS
SHA,H,76,INFLOW,20101223,1000,15294, ,CFS
SHA,H,76,INFLOW,20101223,1100,18327, ,CFS
SHA,H,76,INFLOW,20101223,1200,12325, ,CFS
SHA,H,76,INFLOW,20101223,1300,18234, ,CFS
SHA,H,76,INFLOW,20101223,1400,16315, ,CFS
SHA,H,76,INFLOW,20101223,1500,13529, ,CFS
SHA,H,76,INFLOW,20101223,1600,19330, ,CFS
SHA,H,76,INFLOW,20101223,1700,10853, ,CFS
SHA,H,76,INFLOW,20101223,1800,17226, ,CFS
SHA,H,76,INFLOW,20101223,1900,14852, ,CFS
SHA,H,76,INFLOW,20101223,2000,14840, ,CFS
SHA,H,76,INFLOW,20101223,2100,17769, ,CFS
SHA,H,76,INFLOW,20101223,2200,14003, ,CFS
SHA,H,76,INFLOW,20101223,2300,16716, ,CFS
SHA,H,76,INFLOW,20101224,0000,14838, ,CFS
SHA,H,76,INFLOW,20101224,0100,16178, ,CFS
SHA,H,76,INFLOW,20101224,0200,7943, ,CFS
SHA,H,76,INFLOW,20101224,0300,14023, ,CFS
SHA,H,76,INFLOW,20101224,0400,14503, ,CFS
SHA,H,76,INFLOW,20101224,0500,11631, ,CFS
SHA,H,76,INFLOW,20101224,0600,16317, ,CFS
SHA,H,76,INFLOW,20101224,0700,16245, ,CFS
SHA,H,76,INFLOW,20101224,0800,8993, ,CFS
SHA,H,76,INFLOW,20101224,0900,16822, ,CFS
SHA,H,76,INFLOW,20101224,1000,11019, ,CFS
SHA,H,76,INFLOW,20101224,1100,14175, ,CFS
SHA,H,76,INFLOW,20101224,1200,14262, ,CFS
SHA,H,76,INFLOW,20101224,1300,14634, ,CFS
SHA,H,76,INFLOW,20101224,1400,11476, ,CFS
SHA,H,76,INFLOW,20101224,1500,14397, ,CFS
SHA,H,76,INFLOW,20101224,1600,8431, ,CFS
SHA,H,76,INFLOW,20101224,1700,14167, ,CFS
SHA,H,76,INFLOW,20101224,1800,16885, ,CFS
SHA,H,76,INFLOW,20101224,1900,11238, ,CFS
SHA,H,76,INFLOW,20101224,2000,14188, ,CFS
SHA,H,76,INFLOW,20101224,2100,14192, ,CFS
SHA,H,76,INFLOW,20101224,2200,8221, ,CFS
SHA,H,76,INFLOW,20101224,2300,15775, ,CFS
SHA,H,76,INFLOW,20101225,0000,16536, ,CFS
SHA,H,76,INFLOW,20101225,0100,12573, ,CFS
SHA,H,76,INFLOW,20101225,0200,11601, ,CFS
SHA,H,76,INFLOW,20101225,0300,14314, ,CFS
SHA,H,76,INFLOW,20101225,0400,8563, ,CFS
SHA,H,76,INFLOW,20101225,0500,17599, ,CFS
SHA,H,76,INFLOW,20101225,0600,11691, ,CFS
SHA,H,76,INFLOW,20101225,0700,11885, ,CFS
SHA,H,76,INFLOW,20101225,0800,15743, ,CFS
SHA,H,76,INFLOW,20101225,0900,8671, ,CFS
SHA,H,76,INFLOW,20101225,1000,11392, ,CFS
SHA,H,76,INFLOW,20101225,1100,6913, ,CFS
SHA,H,76,INFLOW,20101225,1200,28165, ,CFS
SHA,H,76,INFLOW,20101225,1300,1485, ,CFS
SHA,H,76,INFLOW,20101225,1400,22256, ,CFS
SHA,H,76,INFLOW,20101225,1500,24751, ,CFS
SHA,H,76,INFLOW,20101225,1600,12689, ,CFS
SHA,H,76,INFLOW,20101225,1700,16476, ,CFS
SHA,H,76,INFLOW,20101225,1800,20662, ,CFS
SHA,H,76,INFLOW,20101225,1900,16696, ,CFS
SHA,H,76,INFLOW,20101225,2000,28441, ,CFS
SHA,H,76,INFLOW,20101225,2100,13518, ,CFS
SHA,H,76,INFLOW,20101225,2200,26055, ,CFS
SHA,H,76,INFLOW,20101225,2300,12435, ,CFS
SHA,H,76,INFLOW,20101226,0000,20279, ,CFS
SHA,H,76,INFLOW,20101226,0100,21557, ,CFS
SHA,H,76,INFLOW,20101226,0200,18151, ,CFS
SHA,H,76,INFLOW,20101226,0300,18485, ,CFS
SHA,H,76,INFLOW,20101226,0400,24618, ,CFS
SHA,H,76,INFLOW,20101226,0500,12623, ,CFS
SHA,H,76,INFLOW,20101226,0600,18606, ,CFS
SHA,H,76,INFLOW,20101226,0700,20520, ,CFS
SHA,H,76,INFLOW,20101226,0800,19578, ,CFS
SHA,H,76,INFLOW,20101226,0900,19156, ,CFS
SHA,H,76,INFLOW,20101226,1000,13185, ,CFS
SHA,H,76,INFLOW,20101226,1100,29101, ,CFS
SHA,H,76,INFLOW,20101226,1200,17227, ,CFS
SHA,H,76,INFLOW,20101226,1300,20279, ,CFS
SHA,H,76,INFLOW,20101226,1400,17146, ,CFS
SHA,H,76,INFLOW,20101226,1500,19797, ,CFS
SHA,H,76,INFLOW,20101226,1600,22767, ,CFS
SHA,H,76,INFLOW,20101226,1700,23471, ,CFS
SHA,H,76,INFLOW,20101226,1800,18515, ,CFS
SHA,H,76,INFLOW,20101226,1900,22070, ,CFS
SHA,H,76,INFLOW,20101226,2000,19164, ,CFS
SHA,H,76,INFLOW,20101226,2100,18772, ,CFS
SHA,H,76,INFLOW,20101226,2200,24076, ,CFS
SHA,H,76,INFLOW,20101226,2300,13398, ,CFS
SHA,H,76,INFLOW,20101227,0000,16366, ,CFS
SHA,H,76,INFLOW,20101227,0100,22456, ,CFS
SHA,H,76,INFLOW,20101227,0200,16294, ,CFS
SHA,H,76,INFLOW,20101227,0300,19377, ,CFS
SHA,H,76,INFLOW,20101227,0400,19496, ,CFS
SHA,H,76,INFLOW,20101227,0500,16738, ,CFS
SHA,H,76,INFLOW,20101227,0600,22232, ,CFS
SHA,H,76,INFLOW,20101227,0700,14445, ,CFS
SHA,H,76,INFLOW,20101227,0800,16665, ,CFS
SHA,H,76,INFLOW,20101227,0900,20861, ,CFS
SHA,H,76,INFLOW,20101227,1000,18282, ,CFS
SHA,H,76,INFLOW,20101227,1100,15958, ,CFS
SHA,H,76,INFLOW,20101227,1200,16070, ,CFS
SHA,H,76,INFLOW,20101227,1300,18566, ,CFS
SHA,H,76,INFLOW,20101227,1400,16544, ,CFS
SHA,H,76,INFLOW,20101227,1500,19472, ,CFS
SHA,H,76,INFLOW,20101227,1600,16532, ,CFS
SHA,H,76,INFLOW,20101227,1700,20095, ,CFS
SHA,H,76,INFLOW,20101227,1800,14078, ,CFS
SHA,H,76,INFLOW,20101227,1900,20456, ,CFS
SHA,H,76,INFLOW,20101227,2000,17641, ,CFS
SHA,H,76,INFLOW,20101227,2100,17566, ,CFS
SHA,H,76,INFLOW,20101227,2200,14196, ,CFS
SHA,H,76,INFLOW,20101227,2300,16801, ,CFS
SHA,H,76,INFLOW,20101228,0000,15594, ,CFS
SHA,H,76,INFLOW,20101228,0100,15907, ,CFS
SHA,H,76,INFLOW,20101228,0200,19376, ,CFS
SHA,H,76,INFLOW,20101228,0300,13255, ,CFS
SHA,H,76,INFLOW,20101228,0400,19498, ,CFS
SHA,H,76,INFLOW,20101228,0500,13582, ,CFS
SHA,H,76,INFLOW,20101228,0600,13872, ,CFS
SHA,H,76,INFLOW,20101228,0700,19362, ,CFS
SHA,H,76,INFLOW,20101228,0800,12256, ,CFS
SHA,H,76,INFLOW,20101228,0900,16749, ,CFS
SHA,H,76,INFLOW,20101228,1000,16447, ,CFS
SHA,H,76,INFLOW,20101228,1100,16563, ,CFS
SHA,H,76,INFLOW,20101228,1200,16528, ,CFS
SHA,H,76,INFLOW,20101228,1300,21983, ,CFS
SHA,H,76,INFLOW,20101228,1400,13765, ,CFS
SHA,H,76,INFLOW,20101228,1500,25097, ,CFS
SHA,H,76,INFLOW,20101228,1600,19388, ,CFS
SHA,H,76,INFLOW,20101228,1700,20722, ,CFS
SHA,H,76,INFLOW,20101228,1800,34447, ,CFS
SHA,H,76,INFLOW,20101228,1900,28182, ,CFS
SHA,H,76,INFLOW,20101228,2000,33609, ,CFS
SHA,H,76,INFLOW,20101228,2100,19138, ,CFS
SHA,H,76,INFLOW,20101228,2200,31397, ,CFS
SHA,H,76,INFLOW,20101228,2300,31856, ,CFS
SHA,H,76,INFLOW,20101229,0000,25139, ,CFS
SHA,H,76,INFLOW,20101229,0100,33970, ,CFS
SHA,H,76,INFLOW,20101229,0200,27788, ,CFS
SHA,H,76,INFLOW,20101229,0300,30640, ,CFS
SHA,H,76,INFLOW,20101229,0400,27435, ,CFS
SHA,H,76,INFLOW,20101229,0500,33543, ,CFS
SHA,H,76,INFLOW,20101229,0600,21912, ,CFS
SHA,H,76,INFLOW,20101229,0700,26227, ,CFS
SHA,H,76,INFLOW,20101229,0800,30177, ,CFS
SHA,H,76,INFLOW,20101229,0900,21184, ,CFS
SHA,H,76,INFLOW,20101229,1000,27118, ,CFS
SHA,H,76,INFLOW,20101229,1100,26856, ,CFS
SHA,H,76,INFLOW,20101229,1200,23451, ,CFS
SHA,H,76,INFLOW,20101229,1300,23664, ,CFS
SHA,H,76,INFLOW,20101229,1400,29643, ,CFS
SHA,H,76,INFLOW,20101229,1500,14615, ,CFS
SHA,H,76,INFLOW,20101229,1600,27387, ,CFS
SHA,H,76,INFLOW,20101229,1700,21923, ,CFS
SHA,H,76,INFLOW,20101229,1800,23675, ,CFS
SHA,H,76,INFLOW,20101229,1900,23685, ,CFS
SHA,H,76,INFLOW,20101229,2000,23264, ,CFS
SHA,H,76,INFLOW,20101229,2100,21680, ,CFS
SHA,H,76,INFLOW,20101229,2200,23537, ,CFS
SHA,H,76,INFLOW,20101229,2300,23464, ,CFS
SHA,H,76,INFLOW,20101230,0000,16988, ,CFS
SHA,H,76,INFLOW,20101230,0100,23503, ,CFS
SHA,H,76,INFLOW,20101230,0200,17702, ,CFS
SHA,H,76,INFLOW,20101230,0300,23447, ,CFS
SHA,H,76,INFLOW,20101230,0400,17593, ,CFS
SHA,H,76,INFLOW,20101230,0500,23663, ,CFS
SHA,H,76,INFLOW,20101230,0600,17796, ,CFS
SHA,H,76,INFLOW,20101230,0700,16966, ,CFS
SHA,H,76,INFLOW,20101230,0800,20160, ,CFS
SHA,H,76,INFLOW,20101230,0900,16833, ,CFS
SHA,H,76,INFLOW,20101230,1000,16560, ,CFS
SHA,H,76,INFLOW,20101230,1100,16622, ,CFS
SHA,H,76,INFLOW,20101230,1200,19317, ,CFS
SHA,H,76,INFLOW,20101230,1300,15966, ,CFS
SHA,H,76,INFLOW,20101230,1400,12744, ,CFS
SHA,H,76,INFLOW,20101230,1500,15978, ,CFS
SHA,H,76,INFLOW,20101230,1600,19678, ,CFS
SHA,H,76,INFLOW,20101230,1700,16889, ,CFS
SHA,H,76,INFLOW,20101230,1800,17002, ,CFS
SHA,H,76,INFLOW,20101230,1900,22517, ,CFS
SHA,H,76,INFLOW,20101230,2000,13365, ,CFS
SHA,H,76,INFLOW,20101230,2100,16415, ,CFS
SHA,H,76,INFLOW,20101230,2200,20259, ,CFS
SHA,H,76,INFLOW,20101230,2300,10996, ,CFS
SHA,H,76,INFLOW,20101231,0000,16689, ,CFS
SHA,H,76,INFLOW,20101231,0100,18389, ,CFS
SHA,H,76,INFLOW,20101231,0200,12159, ,CFS
SHA,H,76,INFLOW,20101231,0300,9172, ,CFS
SHA,H,76,INFLOW,20101231,0400,12281, ,CFS
SHA,H,76,INFLOW,20101231,0500,12133, ,CFS
SHA,H,76,INFLOW,20101231,0600,17582, ,CFS
SHA,H,76,INFLOW,20101231,0700,12068, ,CFS
SHA,H,76,INFLOW,20101231,0800,14984, ,CFS
SHA,H,76,INFLOW,20101231,0900,15242, ,CFS
SHA,H,76,INFLOW,20101231,1000,13142, ,CFS
SHA,H,76,INFLOW,20101231,1100,13132, ,CFS
SHA,H,76,INFLOW,20101231,1200,12684, ,CFS
SHA,H,76,INFLOW,20101231,1300,15742, ,CFS
SHA,H,76,INFLOW,20101231,1400,12638, ,CFS
SHA,H,76,INFLOW,20101231,1500,12777, ,CFS
SHA,H,76,INFLOW,20101231,1600,15985, ,CFS
SHA,H,76,INFLOW,20101231,1700,13093, ,CFS
SHA,H,76,INFLOW,20101231,1800,16161, ,CFS
SHA,H,76,INFLOW,20101231,1900,12897, ,CFS
SHA,H,76,INFLOW,20101231,2000,15603, ,CFS
SHA,H,76,INFLOW,20101231,2100,15425, ,CFS
SHA,H,76,INFLOW,20101231,2200,13276, ,CFS
SHA,H,76,INFLOW,20101231,2300,12707, ,CFS
SHA,H,76,INFLOW,20110101,0000,13057, ,CFS
SHA,H,76,INFLOW,20110101,0100,14311, ,CFS
SHA,H,76,INFLOW,20110101,0200,14383, ,CFS
SHA,H,76,INFLOW,20110101,0300,7356, ,CFS
SHA,H,76,INFLOW,20110101,0400,13290, ,CFS
SHA,H,76,INFLOW,20110101,0500,6958, ,CFS
SHA,H,76,INFLOW,20110101,0600,12823, ,CFS
SHA,H,76,INFLOW,20110101,0700,9755, ,CFS
SHA,H,76,INFLOW,20110101,0800,10156, ,CFS
SHA,H,76,INFLOW,20110101,0900,13417, ,CFS
SHA,H,76,INFLOW,20110101,1000,7461, ,CFS
SHA,H,76,INFLOW,20110101,1100,10712, ,CFS
SHA,H,76,INFLOW,20110101,1200,10509, ,CFS
SHA,H,76,INFLOW,20110101,1300,10426, ,CFS
SHA,H,76,INFLOW,20110101,1400,13325, ,CFS
SHA,H,76,INFLOW,20110101,1500,10277, ,CFS
SHA,H,76,INFLOW,20110101,1600,10501, ,CFS
SHA,H,76,INFLOW,20110101,1700,12504, ,CFS
SHA,H,76,INFLOW,20110101,1800,12610, ,CFS
SHA,H,76,INFLOW,20110101,1900,15952, ,CFS
SHA,H,76,INFLOW,20110101,2000,9730, ,CFS
SHA,H,76,INFLOW,20110101,2100,15810, ,CFS
SHA,H,76,INFLOW,20110101,2200,15986, ,CFS
SHA,H,76,INFLOW,20110101,2300,8914, ,CFS
SHA,H,76,INFLOW,20110102,0000,14586, ,CFS
SHA,H,76,INFLOW,20110102,0100,12550, ,CFS
SHA,H,76,INFLOW,20110102,0200,6577, ,CFS
SHA,H,76,INFLOW,20110102,0300,7027, ,CFS
SHA,H,76,INFLOW,20110102,0400,10066, ,CFS
SHA,H,76,INFLOW,20110102,0500,7322, ,CFS
SHA,H,76,INFLOW,20110102,0600,10786, ,CFS
SHA,H,76,INFLOW,20110102,0700,7993, ,CFS
SHA,H,76,INFLOW,20110102,0800,7691, ,CFS
SHA,H,76,INFLOW,20110102,0900,9874, ,CFS
SHA,H,76,INFLOW,20110102,1000,13737, ,CFS
SHA,H,76,INFLOW,20110102,1100,10534, ,CFS
SHA,H,76,INFLOW,20110102,1200,13531, ,CFS
SHA,H,76,INFLOW,20110102,1300,10302, ,CFS
SHA,H,76,INFLOW,20110102,1400,12235, ,CFS
SHA,H,76,INFLOW,20110102,1500,13111, ,CFS
SHA,H,76,INFLOW,20110102,1600,7122, ,CFS
SHA,H,76,INFLOW,20110102,1700,13357, ,CFS
SHA,H,76,INFLOW,20110102,1800,14430, ,CFS
SHA,H,76,INFLOW,20110102,1900,11158, ,CFS
SHA,H,76,INFLOW,20110102,2000,14340, ,CFS
SHA,H,76,INFLOW,20110102,2100,14012, ,CFS
SHA,H,76,INFLOW,20110102,2200,10544, ,CFS
SHA,H,76,INFLOW,20110102,2300,15972, ,CFS
SHA,H,76,INFLOW,20110103,0000,9956, ,CFS
SHA,H,76,INFLOW,20110103,0100,10011, ,CFS
SHA,H,76,INFLOW,20110103,0200,13097, ,CFS
SHA,H,76,INFLOW,20110103,0300,10521, ,CFS
SHA,H,76,INFLOW,20110103,0400,13466, ,CFS
SHA,H,76,INFLOW,20110103,0500,7683, ,CFS
SHA,H,76,INFLOW,20110103,0600,16755, ,CFS
SHA,H,76,INFLOW,20110103,0700,7526, ,CFS
SHA,H,76,INFLOW,20110103,0800,9762, ,CFS
SHA,H,76,INFLOW,20110103,0900,7325, ,CFS
SHA,H,76,INFLOW,20110103,1000,10326, ,CFS
SHA,H,76,INFLOW,20110103,1100,7212, ,CFS
SHA,H,76,INFLOW,20110103,1200,5754, ,CFS
SHA,H,76,INFLOW,20110103,1300,7138, ,CFS
SHA,H,76,INFLOW,20110103,1400,7045, ,CFS
SHA,H,76,INFLOW,20110103,1500,7234, ,CFS
SHA,H,76,INFLOW,20110103,1600,5349, ,CFS
SHA,H,76,INFLOW,20110103,1700,8123, ,CFS
SHA,H,76,INFLOW,20110103,1800,8497, ,CFS
SHA,H,76,INFLOW,20110103,1900,5462, ,CFS
SHA,H,76,INFLOW,20110103,2000,11528, ,CFS
SHA,H,76,INFLOW,20110103,2100,5492, ,CFS
SHA,H,76,INFLOW,20110103,2200,11289, ,CFS
SHA,H,76,INFLOW,20110103,2300,7897, ,CFS
SHA,H,76,INFLOW,20110104,0000,11344, ,CFS
SHA,H,76,INFLOW,20110104,0100,4610, ,CFS
SHA,H,76,INFLOW,20110104,0200,10737, ,CFS
SHA,H,76,INFLOW,20110104,0300,5470, ,CFS
SHA,H,76,INFLOW,20110104,0400,5437, ,CFS
SHA,H,76,INFLOW,20110104,0500,8512, ,CFS
SHA,H,76,INFLOW,20110104,0600,8514, ,CFS
SHA,H,76,INFLOW,20110104,0700,5498, ,CFS
SHA,H,76,INFLOW,20110104,0800,8496, ,CFS
SHA,H,76,INFLOW,20110104,0900,8792, ,CFS
SHA,H,76,INFLOW,20110104,1000,8496, ,CFS
SHA,H,76,INFLOW,20110104,1100,5431, ,CFS
SHA,H,76,INFLOW,20110104,1200,8131, ,CFS
SHA,H,76,INFLOW,20110104,1300,5004, ,CFS
SHA,H,76,INFLOW,20110104,1400,8115, ,CFS
SHA,H,76,INFLOW,20110104,1500,4369, ,CFS
SHA,H,76,INFLOW,20110104,1600,8413, ,CFS
SHA,H,76,INFLOW,20110104,1700,5446, ,CFS
SHA,H,76,INFLOW,20110104,1800,8478, ,CFS
SHA,H,76,INFLOW,20110104,1900,8246, ,CFS
SHA,H,76,INFLOW,20110104,2000,5480, ,CFS
SHA,H,76,INFLOW,20110104,2100,8402, ,CFS
SHA,H,76,INFLOW,20110104,2200,5421, ,CFS
SHA,H,76,INFLOW,20110104,2300,8446, ,CFS
SHA,H,76,INFLOW,20110105,0000,5429, ,CFS
SHA,H,76,INFLOW,20110105,0100,8090, ,CFS
SHA,H,76,INFLOW,20110105,0200,8136, ,CFS
SHA,H,76,INFLOW,20110105,0300,8129, ,CFS
SHA,H,76,INFLOW,20110105,0400,8146, ,CFS
SHA,H,76,INFLOW,20110105,0500,8113, ,CFS
SHA,H,76,INFLOW,20110105,0600,5128, ,CFS
SHA,H,76,INFLOW,20110105,0700,8473, ,CFS
SHA,H,76,INFLOW,20110105,0800,8472, ,CFS
SHA,H,76,INFLOW,20110105,0900,8450, ,CFS
SHA,H,76,INFLOW,20110105,1000,5468, ,CFS
SHA,H,76,INFLOW,20110105,1100,5468, ,CFS
SHA,H,76,INFLOW,20110105,1200,5471, ,CFS
SHA,H,76,INFLOW,20110105,1300,8512, ,CFS
SHA,H,76,INFLOW,20110105,1400,5464, ,CFS
SHA,H,76,INFLOW,20110105,1500,5474, ,CFS
SHA,H,76,INFLOW,20110105,1600,8504, ,CFS
SHA,H,76,INFLOW,20110105,1700,8505, ,CFS
SHA,H,76,INFLOW,20110105,1800,5466, ,CFS
SHA,H,76,INFLOW,20110105,1900,8471, ,CFS
SHA,H,76,INFLOW,20110105,2000,5503, ,CFS
SHA,H,76,INFLOW,20110105,2100,8452, ,CFS
SHA,H,76,INFLOW,20110105,2200,8479, ,CFS
SHA,H,76,INFLOW,20110105,2300,8474, ,CFS
SHA,H,76,INFLOW,20110106,0000,8477, ,CFS
SHA,H,76,INFLOW,20110106,0100,5340, ,CFS
SHA,H,76,INFLOW,20110106,0200,8314, ,CFS
SHA,H,76,INFLOW,20110106,0300,8348, ,CFS
SHA,H,76,INFLOW,20110106,0400,5349, ,CFS
SHA,H,76,INFLOW,20110106,0500,5352, ,CFS
SHA,H,76,INFLOW,20110106,0600,8355, ,CFS
SHA,H,76,INFLOW,20110106,0700,8486, ,CFS
SHA,H,76,INFLOW,20110106,0800,5476, ,CFS
SHA,H,76,INFLOW,20110106,0900,8492, ,CFS
SHA,H,76,INFLOW,20110106,1000,2510, ,CFS
SHA,H,76,INFLOW,20110106,1100,5983, ,CFS
SHA,H,76,INFLOW,20110106,1200,8559, ,CFS
SHA,H,76,INFLOW,20110106,1300,5522, ,CFS
SHA,H,76,INFLOW,20110106,1400,8318, ,CFS
SHA,H,76,INFLOW,20110106,1500,7910, ,CFS
SHA,H,76,INFLOW,20110106,1600,5109, ,CFS
SHA,H,76,INFLOW,20110106,1700,8394, ,CFS
SHA,H,76,INFLOW,20110106,1800,5519, ,CFS
SHA,H,76,INFLOW,20110106,1900,5553, ,CFS
SHA,H,76,INFLOW,20110106,2000,8408, ,CFS
SHA,H,76,INFLOW,20110106,2100,5118, ,CFS
SHA,H,76,INFLOW,20110106,2200,8055, ,CFS
SHA,H,76,INFLOW,20110106,2300,8537, ,CFS
SHA,H,76,INFLOW,20110107,0000,5367, ,CFS
SHA,H,76,INFLOW,20110107,0100,8533, ,CFS
SHA,H,76,INFLOW,20110107,0200,5583, ,CFS
SHA,H,76,INFLOW,20110107,0300,8604, ,CFS
SHA,H,76,INFLOW,20110107,0400,5588, ,CFS
SHA,H,76,INFLOW,20110107,0500,8578, ,CFS
SHA,H,76,INFLOW,20110107,0600,5592, ,CFS
SHA,H,76,INFLOW,20110107,0700,11592, ,CFS
SHA,H,76,INFLOW,20110107,0800,8581, ,CFS
SHA,H,76,INFLOW,20110107,0900,2638, ,CFS
SHA,H,76,INFLOW,20110107,1000,8584, ,CFS
SHA,H,76,INFLOW,20110107,1100,2636, ,CFS
SHA,H,76,INFLOW,20110107,1200,5622, ,CFS
SHA,H,76,INFLOW,20110107,1300,8385, ,CFS
SHA,H,76,INFLOW,20110107,1400,8194, ,CFS
SHA,H,76,INFLOW,20110107,1500,8439, ,CFS
SHA,H,76,INFLOW,20110107,1600,7954, ,CFS
SHA,H,76,INFLOW,20110107,1700,5096, ,CFS
SHA,H,76,INFLOW,20110107,1800,8301, ,CFS
SHA,H,76,INFLOW,20110107,1900,5424, ,CFS
SHA,H,76,INFLOW,20110107,2000,5489, ,CFS
SHA,H,76,INFLOW,20110107,2100,8425, ,CFS
SHA,H,76,INFLOW,20110107,2200,5467, ,CFS
SHA,H,76,INFLOW,20110107,2300,2591, ,CFS
SHA,H,76,INFLOW,20110108,0000,11540, ,CFS
SHA,H,76,INFLOW,20110108,0100,5027, ,CFS
SHA,H,76,INFLOW,20110108,0200,10870, ,CFS
SHA,H,76,INFLOW,20110108,0300,4806, ,CFS
SHA,H,76,INFLOW,20110108,0400,7901, ,CFS
SHA,H,76,INFLOW,20110108,0500,7988, ,CFS
SHA,H,76,INFLOW,20110108,0600,-964, ,CFS
SHA,H,76,INFLOW,20110108,0700,8362, ,CFS
SHA,H,76,INFLOW,20110108,0800,8487, ,CFS
SHA,H,76,INFLOW,20110108,0900,5554, ,CFS
SHA,H,76,INFLOW,20110108,1000,5580, ,CFS
SHA,H,76,INFLOW,20110108,1100,5582, ,CFS
SHA,H,76,INFLOW,20110108,1200,8495, ,CFS
SHA,H,76,INFLOW,20110108,1300,8244, ,CFS
SHA,H,76,INFLOW,20110108,1400,8321, ,CFS
SHA,H,76,INFLOW,20110108,1500,8195, ,CFS
SHA,H,76,INFLOW,20110108,1600,5177, ,CFS
SHA,H,76,INFLOW,20110108,1700,8494, ,CFS
SHA,H,76,INFLOW,20110108,1800,5525, ,CFS
SHA,H,76,INFLOW,20110108,1900,7305, ,CFS
SHA,H,76,INFLOW,20110108,2000,4169, ,CFS
SHA,H,76,INFLOW,20110108,2100,3997, ,CFS
SHA,H,76,INFLOW,20110108,2200,10194, ,CFS
SHA,H,76,INFLOW,20110108,2300,7204, ,CFS
SHA,H,76,INFLOW,20110109,0000,7896, ,CFS
SHA,H,76,INFLOW,20110109,0100,7949, ,CFS
SHA,H,76,INFLOW,20110109,0200,7604, ,CFS
SHA,H,76,INFLOW,20110109,0300,4680, ,CFS
SHA,H,76,INFLOW,20110109,0400,7803, ,CFS
SHA,H,76,INFLOW,20110109,0500,7962, ,CFS
SHA,H,76,INFLOW,20110109,0600,8186, ,CFS
SHA,H,76,INFLOW,20110109,0700,3568, ,CFS
SHA,H,76,INFLOW,20110109,0800,8009, ,CFS
SHA,H,76,INFLOW,20110109,0900,5026, ,CFS
SHA,H,76,INFLOW,20110109,1000,7852, ,CFS
SHA,H,76,INFLOW,20110109,1100,4988, ,CFS
SHA,H,76,INFLOW,20110109,1200,7970, ,CFS
SHA,H,76,INFLOW,20110109,1300,4993, ,CFS
SHA,H,76,INFLOW,20110109,1400,5170, ,CFS
SHA,H,76,INFLOW,20110109,1500,5079, ,CFS
SHA,H,76,INFLOW,20110109,1600,8023, ,CFS
SHA,H,76,INFLOW,20110109,1700,5027, ,CFS
SHA,H,76,INFLOW,20110109,1800,8292, ,CFS
SHA,H,76,INFLOW,20110109,1900,5158, ,CFS
SHA,H,76,INFLOW,20110109,2000,5348, ,CFS
SHA,H,76,INFLOW,20110109,2100,8474, ,CFS
SHA,H,76,INFLOW,20110109,2200,5482, ,CFS
SHA,H,76,INFLOW,20110109,2300,7310, ,CFS
SHA,H,76,INFLOW,20110110,0000,6386, ,CFS
SHA,H,76,INFLOW,20110110,0100,5316, ,CFS
SHA,H,76,INFLOW,20110110,0200,8128, ,CFS
SHA,H,76,INFLOW,20110110,0300,5029, ,CFS
SHA,H,76,INFLOW,20110110,0400,8244, ,CFS
SHA,H,76,INFLOW,20110110,0500,7394, ,CFS
SHA,H,76,INFLOW,20110110,0600,5654, ,CFS
SHA,H,76,INFLOW,20110110,0700,4157, ,CFS
SHA,H,76,INFLOW,20110110,0800,7511, ,CFS
SHA,H,76,INFLOW,20110110,0900,6994, ,CFS
SHA,H,76,INFLOW,20110110,1000,6532, ,CFS
SHA,H,76,INFLOW,20110110,1100,6581, ,CFS
SHA,H,76,INFLOW,20110110,1200,5762, ,CFS
SHA,H,76,INFLOW,20110110,1300,4730, ,CFS
SHA,H,76,INFLOW,20110110,1400,6241, ,CFS
SHA,H,76,INFLOW,20110110,1500,5906, ,CFS
SHA,H,76,INFLOW,20110110,1600,6248, ,CFS
SHA,H,76,INFLOW,20110110,1700,6317, ,CFS
SHA,H,76,INFLOW,20110110,1800,1587, ,CFS
SHA,H,76,INFLOW,20110110,1900,8393, ,CFS
SHA,H,76,INFLOW,20110110,2000,5177, ,CFS
SHA,H,76,INFLOW,20110110,2100,7576, ,CFS
SHA,H,76,INFLOW,20110110,2200,820, ,CFS
SHA,H,76,INFLOW,20110110,2300,3878, ,CFS
SHA,H,76,INFLOW,20110111,0000,3215, ,CFS
SHA,H,76,INFLOW,20110111,0100,136, ,CFS
SHA,H,76,INFLOW,20110111,0200,8804, ,CFS
SHA,H,76,INFLOW,20110111,0300,2812, ,CFS
SHA,H,76,INFLOW,20110111,0400,5464, ,CFS
SHA,H,76,INFLOW,20110111,0500,5502, ,CFS
SHA,H,76,INFLOW,20110111,0600,6772, ,CFS
SHA,H,76,INFLOW,20110111,0700,2025, ,CFS
SHA,H,76,INFLOW,20110111,0800,8255, ,CFS
SHA,H,76,INFLOW,20110111,0900,2166, ,CFS
SHA,H,76,INFLOW,20110111,1000,10998, ,CFS
SHA,H,76,INFLOW,20110111,1100,6495, ,CFS
SHA,H,76,INFLOW,20110111,1200,7092, ,CFS
SHA,H,76,INFLOW,20110111,1300,6597, ,CFS
SHA,H,76,INFLOW,20110111,1400,3531, ,CFS
SHA,H,76,INFLOW,20110111,1500,6331, ,CFS
SHA,H,76,INFLOW,20110111,1600,8745, ,CFS
SHA,H,76,INFLOW,20110111,1700,7141, ,CFS
SHA,H,76,INFLOW,20110111,1800,4848, ,CFS
SHA,H,76,INFLOW,20110111,1900,8524, ,CFS
SHA,H,76,INFLOW,20110111,2000,2499, ,CFS
SHA,H,76,INFLOW,20110111,2100,10683, ,CFS
SHA,H,76,INFLOW,20110111,2200,7228, ,CFS
SHA,H,76,INFLOW,20110111,2300,7775, ,CFS
SHA,H,76,INFLOW,20110112,0000,11157, ,CFS
SHA,H,76,INFLOW,20110112,0100,2499, ,CFS
SHA,H,76,INFLOW,20110112,0200,8158, ,CFS
SHA,H,76,INFLOW,20110112,0300,4363, ,CFS
SHA,H,76,INFLOW,20110112,0400,1375, ,CFS
SHA,H,76,INFLOW,20110112,0500,4626, ,CFS
SHA,H,76,INFLOW,20110112,0600,2423, ,CFS
SHA,H,76,INFLOW,20110112,0700,8122, ,CFS
SHA,H,76,INFLOW,20110112,0800,5020, ,CFS
SHA,H,76,INFLOW,20110112,0900,7852, ,CFS
SHA,H,76,INFLOW,20110112,1000,4538, ,CFS
SHA,H,76,INFLOW,20110112,1100,8176, ,CFS
SHA,H,76,INFLOW,20110112,1200,4350, ,CFS
SHA,H,76,INFLOW,20110112,1300,7962, ,CFS
SHA,H,76,INFLOW,20110112,1400,7685, ,CFS
SHA,H,76,INFLOW,20110112,1500,1377, ,CFS
SHA,H,76,INFLOW,20110112,1600,9064, ,CFS
SHA,H,76,INFLOW,20110112,1700,4435, ,CFS
SHA,H,76,INFLOW,20110112,1800,6181, ,CFS
SHA,H,76,INFLOW,20110112,1900,7433, ,CFS
SHA,H,76,INFLOW,20110112,2000,4208, ,CFS
SHA,H,76,INFLOW,20110112,2100,11051, ,CFS
SHA,H,76,INFLOW,20110112,2200,7471, ,CFS
SHA,H,76,INFLOW,20110112,2300,776, ,CFS
SHA,H,76,INFLOW,20110113,0000,2726, ,CFS
SHA,H,76,INFLOW,20110113,0100,1920, ,CFS
SHA,H,76,INFLOW,20110113,0200,4718, ,CFS
SHA,H,76,INFLOW,20110113,0300,4823, ,CFS
SHA,H,76,INFLOW,20110113,0400,4824, ,CFS
SHA,H,76,INFLOW,20110113,0500,5023, ,CFS
SHA,H,76,INFLOW,20110113,0600,5892, ,CFS
SHA,H,76,INFLOW,20110113,0700,8282, ,CFS
SHA,H,76,INFLOW,20110113,0800,8113, ,CFS
SHA,H,76,INFLOW,20110113,0900,14393, ,CFS
SHA,H,76,INFLOW,20110113,1000,-412, ,CFS
SHA,H,76,INFLOW,20110113,1100,11490, ,CFS
SHA,H,76,INFLOW,20110113,1200,9896, ,CFS
SHA,H,76,INFLOW,20110113,1300,4872, ,CFS
SHA,H,76,INFLOW,20110113,1400,16521, ,CFS
SHA,H,76,INFLOW,20110113,1500,-1575, ,CFS
SHA,H,76,INFLOW,20110113,1600,12534, ,CFS
SHA,H,76,INFLOW,20110113,1700,6263, ,CFS
SHA,H,76,INFLOW,20110113,1800,9126, ,CFS
SHA,H,76,INFLOW,20110113,1900,8180, ,CFS
SHA,H,76,INFLOW,20110113,2000,5485, ,CFS
SHA,H,76,INFLOW,20110113,2100,8469, ,CFS
SHA,H,76,INFLOW,20110113,2200,6895, ,CFS
SHA,H,76,INFLOW,20110113,2300,11814, ,CFS
SHA,H,76,INFLOW,20110114,0000,5329, ,CFS
SHA,H,76,INFLOW,20110114,0100,5113, ,CFS
SHA,H,76,INFLOW,20110114,0200,4481, ,CFS
SHA,H,76,INFLOW,20110114,0300,7424, ,CFS
SHA,H,76,INFLOW,20110114,0400,7039, ,CFS
SHA,H,76,INFLOW,20110114,0500,4255, ,CFS
SHA,H,76,INFLOW,20110114,0600,1990, ,CFS
SHA,H,76,INFLOW,20110114,0700,10396, ,CFS
SHA,H,76,INFLOW,20110114,0800,6042, ,CFS
SHA,H,76,INFLOW,20110114,0900,8468, ,CFS
SHA,H,76,INFLOW,20110114,1000,5626, ,CFS
SHA,H,76,INFLOW,20110114,1100,8989, ,CFS
SHA,H,76,INFLOW,20110114,1200,11059, ,CFS
SHA,H,76,INFLOW,20110114,1300,4381, ,CFS
SHA,H,76,INFLOW,20110114,1400,6761, ,CFS
SHA,H,76,INFLOW,20110114,1500,6576, ,CFS
SHA,H,76,INFLOW,20110114,1600,9714, ,CFS
SHA,H,76,INFLOW,20110114,1700,9427, ,CFS
SHA,H,76,INFLOW,20110114,1800,11016, ,CFS
SHA,H,76,INFLOW,20110114,1900,8006, ,CFS
SHA,H,76,INFLOW,20110114,2000,13343, ,CFS
SHA,H,76,INFLOW,20110114,2100,7868, ,CFS
SHA,H,76,INFLOW,20110114,2200,7218, ,CFS
SHA,H,76,INFLOW,20110114,2300,10902, ,CFS
SHA,H,76,INFLOW,20110115,0000,4081, ,CFS
SHA,H,76,INFLOW,20110115,0100,5240, ,CFS
SHA,H,76,INFLOW,20110115,0200,1527, ,CFS
SHA,H,76,INFLOW,20110115,0300,4641, ,CFS
SHA,H,76,INFLOW,20110115,0400,1576, ,CFS
SHA,H,76,INFLOW,20110115,0500,4615, ,CFS
SHA,H,76,INFLOW,20110115,0600,7691, ,CFS
SHA,H,76,INFLOW,20110115,0700,7860, ,CFS
SHA,H,76,INFLOW,20110115,0800,4329, ,CFS
SHA,H,76,INFLOW,20110115,0900,10497, ,CFS
SHA,H,76,INFLOW,20110115,1000,4706, ,CFS
SHA,H,76,INFLOW,20110115,1100,8285, ,CFS
SHA,H,76,INFLOW,20110115,1200,8120, ,CFS
SHA,H,76,INFLOW,20110115,1300,5777, ,CFS
SHA,H,76,INFLOW,20110115,1400,7904, ,CFS
SHA,H,76,INFLOW,20110115,1500,7988, ,CFS
SHA,H,76,INFLOW,20110115,1600,5252, ,CFS
SHA,H,76,INFLOW,20110115,1700,6422, ,CFS
SHA,H,76,INFLOW,20110115,1800,13666, ,CFS
SHA,H,76,INFLOW,20110115,1900,8243, ,CFS
SHA,H,76,INFLOW,20110115,2000,11011, ,CFS
SHA,H,76,INFLOW,20110115,2100,14964, ,CFS
SHA,H,76,INFLOW,20110115,2200,5967, ,CFS
SHA,H,76,INFLOW,20110115,2300,7806, ,CFS
SHA,H,76,INFLOW,20110116,0000,6285, ,CFS
SHA,H,76,INFLOW,20110116,0100,2664, ,CFS
SHA,H,76,INFLOW,20110116,0200,8002, ,CFS
SHA,H,76,INFLOW,20110116,0300,4931, ,CFS
SHA,H,76,INFLOW,20110116,0400,4957, ,CFS
SHA,H,76,INFLOW,20110116,0500,4965, ,CFS
SHA,H,76,INFLOW,20110116,0600,5266, ,CFS
SHA,H,76,INFLOW,20110116,0700,11273, ,CFS
SHA,H,76,INFLOW,20110116,0800,7181, ,CFS
SHA,H,76,INFLOW,20110116,0900,2677, ,CFS
SHA,H,76,INFLOW,20110116,1000,11682, ,CFS
SHA,H,76,INFLOW,20110116,1100,5666, ,CFS
SHA,H,76,INFLOW,20110116,1200,9651, ,CFS
SHA,H,76,INFLOW,20110116,1300,6477, ,CFS
SHA,H,76,INFLOW,20110116,1400,6469, ,CFS
SHA,H,76,INFLOW,20110116,1500,3513, ,CFS
SHA,H,76,INFLOW,20110116,1600,9466, ,CFS
SHA,H,76,INFLOW,20110116,1700,9851, ,CFS
SHA,H,76,INFLOW,20110116,1800,15464, ,CFS
SHA,H,76,INFLOW,20110116,1900,10792, ,CFS
SHA,H,76,INFLOW,20110116,2000,13476, ,CFS
SHA,H,76,INFLOW,20110116,2100,14484, ,CFS
SHA,H,76,INFLOW,20110116,2200,12706, ,CFS
SHA,H,76,INFLOW,20110116,2300,9667, ,CFS
SHA,H,76,INFLOW,20110117,0000,12542, ,CFS
SHA,H,76,INFLOW,20110117,0100,2551, ,CFS
SHA,H,76,INFLOW,20110117,0200,4973, ,CFS
SHA,H,76,INFLOW,20110117,0300,4961, ,CFS
SHA,H,76,INFLOW,20110117,0400,4940, ,CFS
SHA,H,76,INFLOW,20110117,0500,7936, ,CFS
SHA,H,76,INFLOW,20110117,0600,5100, ,CFS
SHA,H,76,INFLOW,20110117,0700,-3, ,CFS
SHA,H,76,INFLOW,20110117,0800,9823, ,CFS
SHA,H,76,INFLOW,20110117,0900,15159, ,CFS
SHA,H,76,INFLOW,20110117,1000,9526, ,CFS
SHA,H,76,INFLOW,20110117,1100,15420, ,CFS
SHA,H,76,INFLOW,20110117,1200,4322, ,CFS
SHA,H,76,INFLOW,20110117,1300,13147, ,CFS
SHA,H,76,INFLOW,20110117,1400,13008, ,CFS
SHA,H,76,INFLOW,20110117,1500,9977, ,CFS
SHA,H,76,INFLOW,20110117,1600,10135, ,CFS
SHA,H,76,INFLOW,20110117,1700,12929, ,CFS
SHA,H,76,INFLOW,20110117,1800,11130, ,CFS
SHA,H,76,INFLOW,20110117,1900,11129, ,CFS
SHA,H,76,INFLOW,20110117,2000,16972, ,CFS
SHA,H,76,INFLOW,20110117,2100,9722, ,CFS
SHA,H,76,INFLOW,20110117,2200,14131, ,CFS
SHA,H,76,INFLOW,20110117,2300,11415, ,CFS
SHA,H,76,INFLOW,20110118,0000,11773, ,CFS
SHA,H,76,INFLOW,20110118,0100,14539, ,CFS
SHA,H,76,INFLOW,20110118,0200,7908, ,CFS
SHA,H,76,INFLOW,20110118,0300,7865, ,CFS
SHA,H,76,INFLOW,20110118,0400,10868, ,CFS
SHA,H,76,INFLOW,20110118,0500,7978, ,CFS
SHA,H,76,INFLOW,20110118,0600,11347, ,CFS
SHA,H,76,INFLOW,20110118,0700,10028, ,CFS
SHA,H,76,INFLOW,20110118,0800,7904, ,CFS
SHA,H,76,INFLOW,20110118,0900,8263, ,CFS
SHA,H,76,INFLOW,20110118,1000,5224, ,CFS
SHA,H,76,INFLOW,20110118,1100,7344, ,CFS
SHA,H,76,INFLOW,20110118,1200,4279, ,CFS
SHA,H,76,INFLOW,20110118,1300,7620, ,CFS
SHA,H,76,INFLOW,20110118,1400,7424, ,CFS
SHA,H,76,INFLOW,20110118,1500,7416, ,CFS
SHA,H,76,INFLOW,20110118,1600,7221, ,CFS
SHA,H,76,INFLOW,20110118,1700,7661, ,CFS
SHA,H,76,INFLOW,20110118,1800,10213, ,CFS
SHA,H,76,INFLOW,20110118,1900,10526, ,CFS
SHA,H,76,INFLOW,20110118,2000,9728, ,CFS
SHA,H,76,INFLOW,20110118,2100,8218, ,CFS
SHA,H,76,INFLOW,20110118,2200,9810, ,CFS
SHA,H,76,INFLOW,20110118,2300,4547, ,CFS
SHA,H,76,INFLOW,20110119,0000,8734, ,CFS
SHA,H,76,INFLOW,20110119,0100,1982, ,CFS
SHA,H,76,INFLOW,20110119,0200,10364, ,CFS
SHA,H,76,INFLOW,20110119,0300,7314, ,CFS
SHA,H,76,INFLOW,20110119,0400,10358, ,CFS
SHA,H,76,INFLOW,20110119,0500,4368, ,CFS
SHA,H,76,INFLOW,20110119,0600,10587, ,CFS
SHA,H,76,INFLOW,20110119,0700,8197, ,CFS
SHA,H,76,INFLOW,20110119,0800,6068, ,CFS
SHA,H,76,INFLOW,20110119,0900,9032, ,CFS
SHA,H,76,INFLOW,20110119,1000,6050, ,CFS
SHA,H,76,INFLOW,20110119,1100,6425, ,CFS
SHA,H,76,INFLOW,20110119,1200,6784, ,CFS
SHA,H,76,INFLOW,20110119,1300,6041, ,CFS
SHA,H,76,INFLOW,20110119,1400,5826, ,CFS
SHA,H,76,INFLOW,20110119,1500,8466, ,CFS
SHA,H,76,INFLOW,20110119,1600,4890, ,CFS
SHA,H,76,INFLOW,20110119,1700,8150, ,CFS
SHA,H,76,INFLOW,20110119,1800,5399, ,CFS
SHA,H,76,INFLOW,20110119,1900,12400, ,CFS
SHA,H,76,INFLOW,20110119,2000,5750, ,CFS
SHA,H,76,INFLOW,20110119,2100,9303, ,CFS
SHA,H,76,INFLOW,20110119,2200,8058, ,CFS
SHA,H,76,INFLOW,20110119,2300,7268, ,CFS
SHA,H,76,INFLOW,20110120,0000,8364, ,CFS
SHA,H,76,INFLOW,20110120,0100,8030, ,CFS
SHA,H,76,INFLOW,20110120,0200,4408, ,CFS
SHA,H,76,INFLOW,20110120,0300,10381, ,CFS
SHA,H,76,INFLOW,20110120,0400,7402, ,CFS
SHA,H,76,INFLOW,20110120,0500,4408, ,CFS
SHA,H,76,INFLOW,20110120,0600,7606, ,CFS
SHA,H,76,INFLOW,20110120,0700,8276, ,CFS
SHA,H,76,INFLOW,20110120,0800,5153, ,CFS
SHA,H,76,INFLOW,20110120,0900,8152, ,CFS
SHA,H,76,INFLOW,20110120,1000,5121, ,CFS
SHA,H,76,INFLOW,20110120,1100,5368, ,CFS
SHA,H,76,INFLOW,20110120,1200,6091, ,CFS
SHA,H,76,INFLOW,20110120,1300,8796, ,CFS
SHA,H,76,INFLOW,20110120,1400,6030, ,CFS
SHA,H,76,INFLOW,20110120,1500,8831, ,CFS
SHA,H,76,INFLOW,20110120,1600,5840, ,CFS
SHA,H,76,INFLOW,20110120,1700,5765, ,CFS
SHA,H,76,INFLOW,20110120,1800,6728, ,CFS
SHA,H,76,INFLOW,20110120,1900,8323, ,CFS
SHA,H,76,INFLOW,20110120,2000,4948, ,CFS
SHA,H,76,INFLOW,20110120,2100,8349, ,CFS
SHA,H,76,INFLOW,20110120,2200,9409, ,CFS
SHA,H,76,INFLOW,20110120,2300,6120, ,CFS
SHA,H,76,INFLOW,20110121,0000,11288, ,CFS
SHA,H,76,INFLOW,20110121,0100,8378, ,CFS
SHA,H,76,INFLOW,20110121,0200,10720, ,CFS
SHA,H,76,INFLOW,20110121,0300,7456, ,CFS
SHA,H,76,INFLOW,20110121,0400,10458, ,CFS
SHA,H,76,INFLOW,20110121,0500,10438, ,CFS
SHA,H,76,INFLOW,20110121,0600,4660, ,CFS
SHA,H,76,INFLOW,20110121,0700,11216, ,CFS
SHA,H,76,INFLOW,20110121,0800,4644, ,CFS
SHA,H,76,INFLOW,20110121,0900,10692, ,CFS
SHA,H,76,INFLOW,20110121,1000,7183, ,CFS
SHA,H,76,INFLOW,20110121,1100,10217, ,CFS
SHA,H,76,INFLOW,20110121,1200,8462, ,CFS
SHA,H,76,INFLOW,20110121,1300,5617, ,CFS
SHA,H,76,INFLOW,20110121,1400,11698, ,CFS
SHA,H,76,INFLOW,20110121,1500,5641, ,CFS
SHA,H,76,INFLOW,20110121,1600,11858, ,CFS
SHA,H,76,INFLOW,20110121,1700,9020, ,CFS
SHA,H,76,INFLOW,20110121,1800,7588, ,CFS
SHA,H,76,INFLOW,20110121,1900,11098, ,CFS
SHA,H,76,INFLOW,20110121,2000,7542, ,CFS
SHA,H,76,INFLOW,20110121,2100,6792, ,CFS
SHA,H,76,INFLOW,20110121,2200,7369, ,CFS
SHA,H,76,INFLOW,20110121,2300,13254, ,CFS
SHA,H,76,INFLOW,20110122,0000,9031, ,CFS
SHA,H,76,INFLOW,20110122,0100,11711, ,CFS
SHA,H,76,INFLOW,20110122,0200,8157, ,CFS
SHA,H,76,INFLOW,20110122,0300,11055, ,CFS
SHA,H,76,INFLOW,20110122,0400,11040, ,CFS
SHA,H,76,INFLOW,20110122,0500,6824, ,CFS
SHA,H,76,INFLOW,20110122,0600,7281, ,CFS
SHA,H,76,INFLOW,20110122,0700,3912, ,CFS
SHA,H,76,INFLOW,20110122,0800,11777, ,CFS
SHA,H,76,INFLOW,20110122,0900,8831, ,CFS
SHA,H,76,INFLOW,20110122,1000,6017, ,CFS
SHA,H,76,INFLOW,20110122,1100,11927, ,CFS
SHA,H,76,INFLOW,20110122,1200,4848, ,CFS
SHA,H,76,INFLOW,20110122,1300,10627, ,CFS
SHA,H,76,INFLOW,20110122,1400,7572, ,CFS
SHA,H,76,INFLOW,20110122,1500,5011, ,CFS
SHA,H,76,INFLOW,20110122,1600,11134, ,CFS
SHA,H,76,INFLOW,20110122,1700,10724, ,CFS
SHA,H,76,INFLOW,20110122,1800,12249, ,CFS
SHA,H,76,INFLOW,20110122,1900,6545, ,CFS
SHA,H,76,INFLOW,20110122,2000,6393, ,CFS
SHA,H,76,INFLOW,20110122,2100,6306, ,CFS
SHA,H,76,INFLOW,20110122,2200,9952, ,CFS
SHA,H,76,INFLOW,20110122,2300,12280, ,CFS
SHA,H,76,INFLOW,20110123,0000,-730, ,CFS
SHA,H,76,INFLOW,20110123,0100,14103, ,CFS
SHA,H,76,INFLOW,20110123,0200,7474, ,CFS
SHA,H,76,INFLOW,20110123,0300,4500, ,CFS
SHA,H,76,INFLOW,20110123,0400,10512, ,CFS
SHA,H,76,INFLOW,20110123,0500,4559, ,CFS
SHA,H,76,INFLOW,20110123,0600,7810, ,CFS
SHA,H,76,INFLOW,20110123,0700,11076, ,CFS
SHA,H,76,INFLOW,20110123,0800,8245, ,CFS
SHA,H,76,INFLOW,20110123,0900,5418, ,CFS
SHA,H,76,INFLOW,20110123,1000,5459, ,CFS
SHA,H,76,INFLOW,20110123,1100,5430, ,CFS
SHA,H,76,INFLOW,20110123,1200,5461, ,CFS
SHA,H,76,INFLOW,20110123,1300,5464, ,CFS
SHA,H,76,INFLOW,20110123,1400,8283, ,CFS
SHA,H,76,INFLOW,20110123,1500,5134, ,CFS
SHA,H,76,INFLOW,20110123,1600,8162, ,CFS
SHA,H,76,INFLOW,20110123,1700,8525, ,CFS
SHA,H,76,INFLOW,20110123,1800,7099, ,CFS
SHA,H,76,INFLOW,20110123,1900,7562, ,CFS
SHA,H,76,INFLOW,20110123,2000,7374, ,CFS
SHA,H,76,INFLOW,20110123,2100,5609, ,CFS
SHA,H,76,INFLOW,20110123,2200,8044, ,CFS
SHA,H,76,INFLOW,20110123,2300,8157, ,CFS
SHA,H,76,INFLOW,20110124,0000,8055, ,CFS
SHA,H,76,INFLOW,20110124,0100,8317, ,CFS
SHA,H,76,INFLOW,20110124,0200,10478, ,CFS
SHA,H,76,INFLOW,20110124,0300,7702, ,CFS
SHA,H,76,INFLOW,20110124,0400,4710, ,CFS
SHA,H,76,INFLOW,20110124,0500,13949, ,CFS
SHA,H,76,INFLOW,20110124,0600,-798, ,CFS
SHA,H,76,INFLOW,20110124,0700,13499, ,CFS
SHA,H,76,INFLOW,20110124,0800,7626, ,CFS
SHA,H,76,INFLOW,20110124,0900,7858, ,CFS
SHA,H,76,INFLOW,20110124,1000,8627, ,CFS
SHA,H,76,INFLOW,20110124,1100,8327, ,CFS
SHA,H,76,INFLOW,20110124,1200,8043, ,CFS
SHA,H,76,INFLOW,20110124,1300,10967, ,CFS
SHA,H,76,INFLOW,20110124,1400,11050, ,CFS
SHA,H,76,INFLOW,20110124,1500,7655, ,CFS
SHA,H,76,INFLOW,20110124,1600,10825, ,CFS
SHA,H,76,INFLOW,20110124,1700,7802, ,CFS
SHA,H,76,INFLOW,20110124,1800,6664, ,CFS
SHA,H,76,INFLOW,20110124,1900,10118, ,CFS
SHA,H,76,INFLOW,20110124,2000,4083, ,CFS
SHA,H,76,INFLOW,20110124,2100,7602, ,CFS
SHA,H,76,INFLOW,20110124,2200,10386, ,CFS
SHA,H,76,INFLOW,20110124,2300,5929, ,CFS
SHA,H,76,INFLOW,20110125,0000,11862, ,CFS
SHA,H,76,INFLOW,20110125,0100,5815, ,CFS
SHA,H,76,INFLOW,20110125,0200,8151, ,CFS
SHA,H,76,INFLOW,20110125,0300,4328, ,CFS
SHA,H,76,INFLOW,20110125,0400,13182, ,CFS
SHA,H,76,INFLOW,20110125,0500,7587, ,CFS
SHA,H,76,INFLOW,20110125,0600,5232, ,CFS
SHA,H,76,INFLOW,20110125,0700,7037, ,CFS
SHA,H,76,INFLOW,20110125,0800,1442, ,CFS
SHA,H,76,INFLOW,20110125,0900,4076, ,CFS
SHA,H,76,INFLOW,20110125,1000,11113, ,CFS
SHA,H,76,INFLOW,20110125,1100,4888, ,CFS
SHA,H,76,INFLOW,20110125,1200,7915, ,CFS
SHA,H,76,INFLOW,20110125,1300,9113, ,CFS
SHA,H,76,INFLOW,20110125,1400,6054, ,CFS
SHA,H,76,INFLOW,20110125,1500,7198, ,CFS
SHA,H,76,INFLOW,20110125,1600,-913, ,CFS
SHA,H,76,INFLOW,20110125,1700,8185, ,CFS
SHA,H,76,INFLOW,20110125,1800,4991, ,CFS
SHA,H,76,INFLOW,20110125,1900,2055, ,CFS
SHA,H,76,INFLOW,20110125,2000,7966, ,CFS
SHA,H,76,INFLOW,20110125,2100,2949, ,CFS
SHA,H,76,INFLOW,20110125,2200,5789, ,CFS
SHA,H,76,INFLOW,20110125,2300,5328, ,CFS
SHA,H,76,INFLOW,20110126,0000,8095, ,CFS
SHA,H,76,INFLOW,20110126,0100,10642, ,CFS
SHA,H,76,INFLOW,20110126,0200,4114, ,CFS
SHA,H,76,INFLOW,20110126,0300,13076, ,CFS
SHA,H,76,INFLOW,20110126,0400,4147, ,CFS
SHA,H,76,INFLOW,20110126,0500,7204, ,CFS
SHA,H,76,INFLOW,20110126,0600,7611, ,CFS
SHA,H,76,INFLOW,20110126,0700,7196, ,CFS
SHA,H,76,INFLOW,20110126,0800,1666, ,CFS
SHA,H,76,INFLOW,20110126,0900,7466, ,CFS
SHA,H,76,INFLOW,20110126,1000,4934, ,CFS
SHA,H,76,INFLOW,20110126,1100,2196, ,CFS
SHA,H,76,INFLOW,20110126,1200,8228, ,CFS
SHA,H,76,INFLOW,20110126,1300,2080, ,CFS
SHA,H,76,INFLOW,20110126,1400,8216, ,CFS
SHA,H,76,INFLOW,20110126,1500,8120, ,CFS
SHA,H,76,INFLOW,20110126,1600,5142, ,CFS
SHA,H,76,INFLOW,20110126,1700,4993, ,CFS
SHA,H,76,INFLOW,20110126,1800,10177, ,CFS
SHA,H,76,INFLOW,20110126,1900,7606, ,CFS
SHA,H,76,INFLOW,20110126,2000,10422, ,CFS
SHA,H,76,INFLOW,20110126,2100,1747, ,CFS
SHA,H,76,INFLOW,20110126,2200,10639, ,CFS
SHA,H,76,INFLOW,20110126,2300,5211, ,CFS
SHA,H,76,INFLOW,20110127,0000,7524, ,CFS
SHA,H,76,INFLOW,20110127,0100,7549, ,CFS
SHA,H,76,INFLOW,20110127,0200,4197, ,CFS
SHA,H,76,INFLOW,20110127,0300,4127, ,CFS
SHA,H,76,INFLOW,20110127,0400,4759, ,CFS
SHA,H,76,INFLOW,20110127,0500,4931, ,CFS
SHA,H,76,INFLOW,20110127,0600,4605, ,CFS
SHA,H,76,INFLOW,20110127,0700,4865, ,CFS
SHA,H,76,INFLOW,20110127,0800,5207, ,CFS
SHA,H,76,INFLOW,20110127,0900,5474, ,CFS
SHA,H,76,INFLOW,20110127,1000,6122, ,CFS
SHA,H,76,INFLOW,20110127,1100,2862, ,CFS
SHA,H,76,INFLOW,20110127,1200,8871, ,CFS
SHA,H,76,INFLOW,20110127,1300,5564, ,CFS
SHA,H,76,INFLOW,20110127,1400,5710, ,CFS
SHA,H,76,INFLOW,20110127,1500,5469, ,CFS
SHA,H,76,INFLOW,20110127,1600,5306, ,CFS
SHA,H,76,INFLOW,20110127,1700,8441, ,CFS
SHA,H,76,INFLOW,20110127,1800,8492, ,CFS
SHA,H,76,INFLOW,20110127,1900,7821, ,CFS
SHA,H,76,INFLOW,20110127,2000,8572, ,CFS
SHA,H,76,INFLOW,20110127,2100,5263, ,CFS
SHA,H,76,INFLOW,20110127,2200,7916, ,CFS
SHA,H,76,INFLOW,20110127,2300,5011, ,CFS
SHA,H,76,INFLOW,20110128,0000,7953, ,CFS
SHA,H,76,INFLOW,20110128,0100,4815, ,CFS
SHA,H,76,INFLOW,20110128,0200,4271, ,CFS
SHA,H,76,INFLOW,20110128,0300,7293, ,CFS
SHA,H,76,INFLOW,20110128,0400,7357, ,CFS
SHA,H,76,INFLOW,20110128,0500,7294, ,CFS
SHA,H,76,INFLOW,20110128,0600,4608, ,CFS
SHA,H,76,INFLOW,20110128,0700,8191, ,CFS
SHA,H,76,INFLOW,20110128,0800,5641, ,CFS
SHA,H,76,INFLOW,20110128,0900,5408, ,CFS
SHA,H,76,INFLOW,20110128,1000,5599, ,CFS
SHA,H,76,INFLOW,20110128,1100,5461, ,CFS
SHA,H,76,INFLOW,20110128,1200,5140, ,CFS
SHA,H,76,INFLOW,20110128,1300,7980, ,CFS
SHA,H,76,INFLOW,20110128,1400,5554, ,CFS
SHA,H,76,INFLOW,20110128,1500,5405, ,CFS
SHA,H,76,INFLOW,20110128,1600,8651, ,CFS
SHA,H,76,INFLOW,20110128,1700,5698, ,CFS
SHA,H,76,INFLOW,20110128,1800,9274, ,CFS
SHA,H,76,INFLOW,20110128,1900,9383, ,CFS
SHA,H,76,INFLOW,20110128,2000,12416, ,CFS
SHA,H,76,INFLOW,20110128,2100,8535, ,CFS
SHA,H,76,INFLOW,20110128,2200,11448, ,CFS
SHA,H,76,INFLOW,20110128,2300,8484, ,CFS
SHA,H,76,INFLOW,20110129,0000,7899, ,CFS
SHA,H,76,INFLOW,20110129,0100,5022, ,CFS
SHA,H,76,INFLOW,20110129,0200,1375, ,CFS
SHA,H,76,INFLOW,20110129,0300,1417, ,CFS
SHA,H,76,INFLOW,20110129,0400,7340, ,CFS
SHA,H,76,INFLOW,20110129,0500,1495, ,CFS
SHA,H,76,INFLOW,20110129,0600,-1387, ,CFS
SHA,H,76,INFLOW,20110129,0700,5145, ,CFS
SHA,H,76,INFLOW,20110129,0800,5509, ,CFS
SHA,H,76,INFLOW,20110129,0900,5712, ,CFS
SHA,H,76,INFLOW,20110129,1000,3117, ,CFS
SHA,H,76,INFLOW,20110129,1100,6613, ,CFS
SHA,H,76,INFLOW,20110129,1200,6228, ,CFS
SHA,H,76,INFLOW,20110129,1300,7591, ,CFS
SHA,H,76,INFLOW,20110129,1400,4480, ,CFS
SHA,H,76,INFLOW,20110129,1500,10421, ,CFS
SHA,H,76,INFLOW,20110129,1600,7496, ,CFS
SHA,H,76,INFLOW,20110129,1700,10462, ,CFS
SHA,H,76,INFLOW,20110129,1800,5032, ,CFS
SHA,H,76,INFLOW,20110129,1900,11541, ,CFS
SHA,H,76,INFLOW,20110129,2000,11878, ,CFS
SHA,H,76,INFLOW,20110129,2100,8827, ,CFS
SHA,H,76,INFLOW,20110129,2200,20367, ,CFS
SHA,H,76,INFLOW,20110129,2300,-191, ,CFS
SHA,H,76,INFLOW,20110130,0000,5239, ,CFS
SHA,H,76,INFLOW,20110130,0100,8181, ,CFS
SHA,H,76,INFLOW,20110130,0200,4184, ,CFS
SHA,H,76,INFLOW,20110130,0300,4067, ,CFS
SHA,H,76,INFLOW,20110130,0400,7033, ,CFS
SHA,H,76,INFLOW,20110130,0500,1069, ,CFS
SHA,H,76,INFLOW,20110130,0600,4393, ,CFS
SHA,H,76,INFLOW,20110130,0700,3268, ,CFS
SHA,H,76,INFLOW,20110130,0800,3411, ,CFS
SHA,H,76,INFLOW,20110130,0900,6285, ,CFS
SHA,H,76,INFLOW,20110130,1000,3277, ,CFS
SHA,H,76,INFLOW,20110130,1100,6513, ,CFS
SHA,H,76,INFLOW,20110130,1200,6547, ,CFS
SHA,H,76,INFLOW,20110130,1300,3519, ,CFS
SHA,H,76,INFLOW,20110130,1400,9353, ,CFS
SHA,H,76,INFLOW,20110130,1500,6405, ,CFS
SHA,H,76,INFLOW,20110130,1600,6335, ,CFS
SHA,H,76,INFLOW,20110130,1700,9743, ,CFS
SHA,H,76,INFLOW,20110130,1800,6523, ,CFS
SHA,H,76,INFLOW,20110130,1900,13362, ,CFS
SHA,H,76,INFLOW,20110130,2000,7511, ,CFS
SHA,H,76,INFLOW,20110130,2100,10543, ,CFS
SHA,H,76,INFLOW,20110130,2200,10122, ,CFS
SHA,H,76,INFLOW,20110130,2300,10909, ,CFS
SHA,H,76,INFLOW,20110131,0000,7533, ,CFS
SHA,H,76,INFLOW,20110131,0100,10715, ,CFS
SHA,H,76,INFLOW,20110131,0200,4229, ,CFS
SHA,H,76,INFLOW,20110131,0300,4295, ,CFS
SHA,H,76,INFLOW,20110131,0400,10374, ,CFS
SHA,H,76,INFLOW,20110131,0500,4376, ,CFS
SHA,H,76,INFLOW,20110131,0600,7798, ,CFS
SHA,H,76,INFLOW,20110131,0700,5778, ,CFS
SHA,H,76,INFLOW,20110131,0800,8933, ,CFS
SHA,H,76,INFLOW,20110131,0900,5576, ,CFS
SHA,H,76,INFLOW,20110131,1000,2837, ,CFS
SHA,H,76,INFLOW,20110131,1100,5672, ,CFS
SHA,H,76,INFLOW,20110131,1200,6060, ,CFS
SHA,H,76,INFLOW,20110131,1300,7211, ,CFS
SHA,H,76,INFLOW,20110131,1400,2940, ,CFS
SHA,H,76,INFLOW,20110131,1500,5890, ,CFS
SHA,H,76,INFLOW,20110131,1600,2885, ,CFS
SHA,H,76,INFLOW,20110131,1700,6425, ,CFS
SHA,H,76,INFLOW,20110131,1800,6164, ,CFS
SHA,H,76,INFLOW,20110131,1900,6942, ,CFS
SHA,H,76,INFLOW,20110131,2000,6637, ,CFS
SHA,H,76,INFLOW,20110131,2100,5425, ,CFS
SHA,H,76,INFLOW,20110131,2200,11097, ,CFS
SHA,H,76,INFLOW,20110131,2300,5030, ,CFS
SHA,H,76,INFLOW,20110201,0000,7892, ,CFS
SHA,H,76,INFLOW,20110201,0100,10551, ,CFS
SHA,H,76,INFLOW,20110201,0200,-2259, ,CFS
SHA,H,76,INFLOW,20110201,0300,7309, ,CFS
SHA,H,76,INFLOW,20110201,0400,4256, ,CFS
SHA,H,76,INFLOW,20110201,0500,1482, ,CFS
SHA,H,76,INFLOW,20110201,0600,4969, ,CFS
SHA,H,76,INFLOW,20110201,0700,-170, ,CFS
SHA,H,76,INFLOW,20110201,0800,8933, ,CFS
SHA,H,76,INFLOW,20110201,0900,8814, ,CFS
SHA,H,76,INFLOW,20110201,1000,5657, ,CFS
SHA,H,76,INFLOW,20110201,1100,2925, ,CFS
SHA,H,76,INFLOW,20110201,1200,8946, ,CFS
SHA,H,76,INFLOW,20110201,1300,3618, ,CFS
SHA,H,76,INFLOW,20110201,1400,3102, ,CFS
SHA,H,76,INFLOW,20110201,1500,5853, ,CFS
SHA,H,76,INFLOW,20110201,1600,6192, ,CFS
SHA,H,76,INFLOW,20110201,1700,6781, ,CFS
SHA,H,76,INFLOW,20110201,1800,6822, ,CFS
SHA,H,76,INFLOW,20110201,1900,10106, ,CFS
SHA,H,76,INFLOW,20110201,2000,12547, ,CFS
SHA,H,76,INFLOW,20110201,2100,9281, ,CFS
SHA,H,76,INFLOW,20110201,2200,8955, ,CFS
SHA,H,76,INFLOW,20110201,2300,4280, ,CFS
SHA,H,76,INFLOW,20110202,0000,6969, ,CFS
SHA,H,76,INFLOW,20110202,0100,7059, ,CFS
SHA,H,76,INFLOW,20110202,0200,292, ,CFS
SHA,H,76,INFLOW,20110202,0300,4013, ,CFS
SHA,H,76,INFLOW,20110202,0400,4043, ,CFS
SHA,H,76,INFLOW,20110202,0500,-1290, ,CFS
SHA,H,76,INFLOW,20110202,0600,4948, ,CFS
SHA,H,76,INFLOW,20110202,0700,3113, ,CFS
SHA,H,76,INFLOW,20110202,0800,9640, ,CFS
SHA,H,76,INFLOW,20110202,0900,7038, ,CFS
SHA,H,76,INFLOW,20110202,1000,6738, ,CFS
SHA,H,76,INFLOW,20110202,1100,631, ,CFS
SHA,H,76,INFLOW,20110202,1200,9017, ,CFS
SHA,H,76,INFLOW,20110202,1300,5261, ,CFS
SHA,H,76,INFLOW,20110202,1400,4697, ,CFS
SHA,H,76,INFLOW,20110202,1500,8929, ,CFS
SHA,H,76,INFLOW,20110202,1600,2961, ,CFS
SHA,H,76,INFLOW,20110202,1700,7448, ,CFS
SHA,H,76,INFLOW,20110202,1800,6009, ,CFS
SHA,H,76,INFLOW,20110202,1900,9610, ,CFS
SHA,H,76,INFLOW,20110202,2000,12513, ,CFS
SHA,H,76,INFLOW,20110202,2100,6567, ,CFS
SHA,H,76,INFLOW,20110202,2200,9436, ,CFS
SHA,H,76,INFLOW,20110202,2300,6970, ,CFS
SHA,H,76,INFLOW,20110203,0000,6283, ,CFS
SHA,H,76,INFLOW,20110203,0100,7696, ,CFS
SHA,H,76,INFLOW,20110203,0200,1137, ,CFS
SHA,H,76,INFLOW,20110203,0300,4778, ,CFS
SHA,H,76,INFLOW,20110203,0400,1713, ,CFS
SHA,H,76,INFLOW,20110203,0500,4996, ,CFS
SHA,H,76,INFLOW,20110203,0600,2272, ,CFS
SHA,H,76,INFLOW,20110203,0700,2039, ,CFS
SHA,H,76,INFLOW,20110203,0800,5252, ,CFS
SHA,H,76,INFLOW,20110203,0900,8236, ,CFS
SHA,H,76,INFLOW,20110203,1000,11254, ,CFS
SHA,H,76,INFLOW,20110203,1100,2169, ,CFS
SHA,H,76,INFLOW,20110203,1200,8051, ,CFS
SHA,H,76,INFLOW,20110203,1300,4609, ,CFS
SHA,H,76,INFLOW,20110203,1400,4454, ,CFS
SHA,H,76,INFLOW,20110203,1500,10591, ,CFS
SHA,H,76,INFLOW,20110203,1600,4559, ,CFS
SHA,H,76,INFLOW,20110203,1700,5045, ,CFS
SHA,H,76,INFLOW,20110203,1800,7070, ,CFS
SHA,H,76,INFLOW,20110203,1900,13390, ,CFS
SHA,H,76,INFLOW,20110203,2000,8588, ,CFS
SHA,H,76,INFLOW,20110203,2100,7220, ,CFS
SHA,H,76,INFLOW,20110203,2200,10084, ,CFS
SHA,H,76,INFLOW,20110203,2300,5030, ,CFS
SHA,H,76,INFLOW,20110204,0000,7757, ,CFS
SHA,H,76,INFLOW,20110204,0100,5196, ,CFS
SHA,H,76,INFLOW,20110204,0200,4899, ,CFS
SHA,H,76,INFLOW,20110204,0300,1427, ,CFS
SHA,H,76,INFLOW,20110204,0400,4354, ,CFS
SHA,H,76,INFLOW,20110204,0500,4450, ,CFS
SHA,H,76,INFLOW,20110204,0600,1709, ,CFS
SHA,H,76,INFLOW,20110204,0700,5600, ,CFS
SHA,H,76,INFLOW,20110204,0800,5883, ,CFS
SHA,H,76,INFLOW,20110204,0900,9462, ,CFS
SHA,H,76,INFLOW,20110204,1000,2707, ,CFS
SHA,H,76,INFLOW,20110204,1100,8656, ,CFS
SHA,H,76,INFLOW,20110204,1200,5043, ,CFS
SHA,H,76,INFLOW,20110204,1300,1465, ,CFS
SHA,H,76,INFLOW,20110204,1400,4456, ,CFS
SHA,H,76,INFLOW,20110204,1500,-1527, ,CFS
SHA,H,76,INFLOW,20110204,1600,4408, ,CFS
SHA,H,76,INFLOW,20110204,1700,4556, ,CFS
SHA,H,76,INFLOW,20110204,1800,8213, ,CFS
SHA,H,76,INFLOW,20110204,1900,11263, ,CFS
SHA,H,76,INFLOW,20110204,2000,11274, ,CFS
SHA,H,76,INFLOW,20110204,2100,7582, ,CFS
SHA,H,76,INFLOW,20110204,2200,7850, ,CFS
SHA,H,76,INFLOW,20110204,2300,-540, ,CFS
SHA,H,76,INFLOW,20110205,0000,5139, ,CFS
SHA,H,76,INFLOW,20110205,0100,5354, ,CFS
SHA,H,76,INFLOW,20110205,0200,1710, ,CFS
SHA,H,76,INFLOW,20110205,0300,4115, ,CFS
SHA,H,76,INFLOW,20110205,0400,6938, ,CFS
SHA,H,76,INFLOW,20110205,0500,1119, ,CFS
SHA,H,76,INFLOW,20110205,0600,4465, ,CFS
SHA,H,76,INFLOW,20110205,0700,2940, ,CFS
SHA,H,76,INFLOW,20110205,0800,-36, ,CFS
SHA,H,76,INFLOW,20110205,0900,3341, ,CFS
SHA,H,76,INFLOW,20110205,1000,-1827, ,CFS
SHA,H,76,INFLOW,20110205,1100,4170, ,CFS
SHA,H,76,INFLOW,20110205,1200,3267, ,CFS
SHA,H,76,INFLOW,20110205,1300,183, ,CFS
SHA,H,76,INFLOW,20110205,1400,6136, ,CFS
SHA,H,76,INFLOW,20110205,1500,5952, ,CFS
SHA,H,76,INFLOW,20110205,1600,2945, ,CFS
SHA,H,76,INFLOW,20110205,1700,1356, ,CFS
SHA,H,76,INFLOW,20110205,1800,7040, ,CFS
SHA,H,76,INFLOW,20110205,1900,-1449, ,CFS
SHA,H,76,INFLOW,20110205,2000,10758, ,CFS
SHA,H,76,INFLOW,20110205,2100,8804, ,CFS
SHA,H,76,INFLOW,20110205,2200,14606, ,CFS
SHA,H,76,INFLOW,20110205,2300,2629, ,CFS
SHA,H,76,INFLOW,20110206,0000,8175, ,CFS
SHA,H,76,INFLOW,20110206,0100,2081, ,CFS
SHA,H,76,INFLOW,20110206,0200,1556, ,CFS
SHA,H,76,INFLOW,20110206,0300,7275, ,CFS
SHA,H,76,INFLOW,20110206,0400,933, ,CFS
SHA,H,76,INFLOW,20110206,0500,-1921, ,CFS
SHA,H,76,INFLOW,20110206,0600,4291, ,CFS
SHA,H,76,INFLOW,20110206,0700,4314, ,CFS
SHA,H,76,INFLOW,20110206,0800,-1247, ,CFS
SHA,H,76,INFLOW,20110206,0900,2132, ,CFS
SHA,H,76,INFLOW,20110206,1000,-1358, ,CFS
SHA,H,76,INFLOW,20110206,1100,8031, ,CFS
SHA,H,76,INFLOW,20110206,1200,5165, ,CFS
SHA,H,76,INFLOW,20110206,1300,8137, ,CFS
SHA,H,76,INFLOW,20110206,1400,8314, ,CFS
SHA,H,76,INFLOW,20110206,1500,5162, ,CFS
SHA,H,76,INFLOW,20110206,1600,6799, ,CFS
SHA,H,76,INFLOW,20110206,1700,6581, ,CFS
SHA,H,76,INFLOW,20110206,1800,10504, ,CFS
SHA,H,76,INFLOW,20110206,1900,7953, ,CFS
SHA,H,76,INFLOW,20110206,2000,5359, ,CFS
SHA,H,76,INFLOW,20110206,2100,11628, ,CFS
SHA,H,76,INFLOW,20110206,2200,8536, ,CFS
SHA,H,76,INFLOW,20110206,2300,8297, ,CFS
SHA,H,76,INFLOW,20110207,0000,7933, ,CFS
SHA,H,76,INFLOW,20110207,0100,4703, ,CFS
SHA,H,76,INFLOW,20110207,0200,1321, ,CFS
SHA,H,76,INFLOW,20110207,0300,4293, ,CFS
SHA,H,76,INFLOW,20110207,0400,1132, ,CFS
SHA,H,76,INFLOW,20110207,0500,4345, ,CFS
SHA,H,76,INFLOW,20110207,0600,1461, ,CFS
SHA,H,76,INFLOW,20110207,0700,13967, ,CFS
SHA,H,76,INFLOW,20110207,0800,-4055, ,CFS
SHA,H,76,INFLOW,20110207,0900,8574, ,CFS
SHA,H,76,INFLOW,20110207,1000,2274, ,CFS
SHA,H,76,INFLOW,20110207,1100,2326, ,CFS
SHA,H,76,INFLOW,20110207,1200,5294, ,CFS
SHA,H,76,INFLOW,20110207,1300,1898, ,CFS
SHA,H,76,INFLOW,20110207,1400,1673, ,CFS
SHA,H,76,INFLOW,20110207,1500,10948, ,CFS
SHA,H,76,INFLOW,20110207,1600,10876, ,CFS
SHA,H,76,INFLOW,20110207,1700,10661, ,CFS
SHA,H,76,INFLOW,20110207,1800,1178, ,CFS
SHA,H,76,INFLOW,20110207,1900,5017, ,CFS
SHA,H,76,INFLOW,20110207,2000,4588, ,CFS
SHA,H,76,INFLOW,20110207,2100,13512, ,CFS
SHA,H,76,INFLOW,20110207,2200,9838, ,CFS
SHA,H,76,INFLOW,20110207,2300,7242, ,CFS
SHA,H,76,INFLOW,20110208,0000,3544, ,CFS
SHA,H,76,INFLOW,20110208,0100,4536, ,CFS
SHA,H,76,INFLOW,20110208,0200,1385, ,CFS
SHA,H,76,INFLOW,20110208,0300,4352, ,CFS
SHA,H,76,INFLOW,20110208,0400,4339, ,CFS
SHA,H,76,INFLOW,20110208,0500,4758, ,CFS
SHA,H,76,INFLOW,20110208,0600,5131, ,CFS
SHA,H,76,INFLOW,20110208,0700,-848, ,CFS
SHA,H,76,INFLOW,20110208,0800,5975, ,CFS
SHA,H,76,INFLOW,20110208,0900,2965, ,CFS
SHA,H,76,INFLOW,20110208,1000,5837, ,CFS
SHA,H,76,INFLOW,20110208,1100,1048, ,CFS
SHA,H,76,INFLOW,20110208,1200,6863, ,CFS
SHA,H,76,INFLOW,20110208,1300,6793, ,CFS
SHA,H,76,INFLOW,20110208,1400,3438, ,CFS
SHA,H,76,INFLOW,20110208,1500,6236, ,CFS
SHA,H,76,INFLOW,20110208,1600,6307, ,CFS
SHA,H,76,INFLOW,20110208,1700,6198, ,CFS
SHA,H,76,INFLOW,20110208,1800,6024, ,CFS
SHA,H,76,INFLOW,20110208,1900,8084, ,CFS
SHA,H,76,INFLOW,20110208,2000,7977, ,CFS
SHA,H,76,INFLOW,20110208,2100,5703, ,CFS
SHA,H,76,INFLOW,20110208,2200,4987, ,CFS
SHA,H,76,INFLOW,20110208,2300,7305, ,CFS
SHA,H,76,INFLOW,20110209,0000,5772, ,CFS
SHA,H,76,INFLOW,20110209,0100,8370, ,CFS
SHA,H,76,INFLOW,20110209,0200,4702, ,CFS
SHA,H,76,INFLOW,20110209,0300,3995, ,CFS
SHA,H,76,INFLOW,20110209,0400,944, ,CFS
SHA,H,76,INFLOW,20110209,0500,4445, ,CFS
SHA,H,76,INFLOW,20110209,0600,2303, ,CFS
SHA,H,76,INFLOW,20110209,0700,6977, ,CFS
SHA,H,76,INFLOW,20110209,0800,11516, ,CFS
SHA,H,76,INFLOW,20110209,0900,3268, ,CFS
SHA,H,76,INFLOW,20110209,1000,-1007, ,CFS
SHA,H,76,INFLOW,20110209,1100,1475, ,CFS
SHA,H,76,INFLOW,20110209,1200,7594, ,CFS
SHA,H,76,INFLOW,20110209,1300,7640, ,CFS
SHA,H,76,INFLOW,20110209,1400,4166, ,CFS
SHA,H,76,INFLOW,20110209,1500,4157, ,CFS
SHA,H,76,INFLOW,20110209,1600,6088, ,CFS
SHA,H,76,INFLOW,20110209,1700,3174, ,CFS
SHA,H,76,INFLOW,20110209,1800,8372, ,CFS
SHA,H,76,INFLOW,20110209,1900,6759, ,CFS
SHA,H,76,INFLOW,20110209,2000,8780, ,CFS
SHA,H,76,INFLOW,20110209,2100,3902, ,CFS
SHA,H,76,INFLOW,20110209,2200,8078, ,CFS
SHA,H,76,INFLOW,20110209,2300,9255, ,CFS
SHA,H,76,INFLOW,20110210,0000,2337, ,CFS
SHA,H,76,INFLOW,20110210,0100,14075, ,CFS
SHA,H,76,INFLOW,20110210,0200,-1317, ,CFS
SHA,H,76,INFLOW,20110210,0300,4779, ,CFS
SHA,H,76,INFLOW,20110210,0400,4893, ,CFS
SHA,H,76,INFLOW,20110210,0500,1974, ,CFS
SHA,H,76,INFLOW,20110210,0600,2321, ,CFS
SHA,H,76,INFLOW,20110210,0700,2353, ,CFS
SHA,H,76,INFLOW,20110210,0800,9952, ,CFS
SHA,H,76,INFLOW,20110210,0900,1856, ,CFS
SHA,H,76,INFLOW,20110210,1000,4447, ,CFS
SHA,H,76,INFLOW,20110210,1100,999, ,CFS
SHA,H,76,INFLOW,20110210,1200,9986, ,CFS
SHA,H,76,INFLOW,20110210,1300,3362, ,CFS
SHA,H,76,INFLOW,20110210,1400,3353, ,CFS
SHA,H,76,INFLOW,20110210,1500,6260, ,CFS
SHA,H,76,INFLOW,20110210,1600,6118, ,CFS
SHA,H,76,INFLOW,20110210,1700,6418, ,CFS
SHA,H,76,INFLOW,20110210,1800,8685, ,CFS
SHA,H,76,INFLOW,20110210,1900,7260, ,CFS
SHA,H,76,INFLOW,20110210,2000,12945, ,CFS
SHA,H,76,INFLOW,20110210,2100,6897, ,CFS
SHA,H,76,INFLOW,20110210,2200,1534, ,CFS
SHA,H,76,INFLOW,20110210,2300,9403, ,CFS
SHA,H,76,INFLOW,20110211,0000,2389, ,CFS
SHA,H,76,INFLOW,20110211,0100,8419, ,CFS
SHA,H,76,INFLOW,20110211,0200,1838, ,CFS
SHA,H,76,INFLOW,20110211,0300,1785, ,CFS
SHA,H,76,INFLOW,20110211,0400,7907, ,CFS
SHA,H,76,INFLOW,20110211,0500,1830, ,CFS
SHA,H,76,INFLOW,20110211,0600,-971, ,CFS
SHA,H,76,INFLOW,20110211,0700,9761, ,CFS
SHA,H,76,INFLOW,20110211,0800,4955, ,CFS
SHA,H,76,INFLOW,20110211,0900,4842, ,CFS
SHA,H,76,INFLOW,20110211,1000,5561, ,CFS
SHA,H,76,INFLOW,20110211,1100,7450, ,CFS
SHA,H,76,INFLOW,20110211,1200,3036, ,CFS
SHA,H,76,INFLOW,20110211,1300,6136, ,CFS
SHA,H,76,INFLOW,20110211,1400,5979, ,CFS
SHA,H,76,INFLOW,20110211,1500,5732, ,CFS
SHA,H,76,INFLOW,20110211,1600,5774, ,CFS
SHA,H,76,INFLOW,20110211,1700,6138, ,CFS
SHA,H,76,INFLOW,20110211,1800,6764, ,CFS
SHA,H,76,INFLOW,20110211,1900,6877, ,CFS
SHA,H,76,INFLOW,20110211,2000,6604, ,CFS
SHA,H,76,INFLOW,20110211,2100,5228, ,CFS
SHA,H,76,INFLOW,20110211,2200,9218, ,CFS
SHA,H,76,INFLOW,20110211,2300,343, ,CFS
SHA,H,76,INFLOW,20110212,0000,5921, ,CFS
SHA,H,76,INFLOW,20110212,0100,5378, ,CFS
SHA,H,76,INFLOW,20110212,0200,1875, ,CFS
SHA,H,76,INFLOW,20110212,0300,4801, ,CFS
SHA,H,76,INFLOW,20110212,0400,4708, ,CFS
SHA,H,76,INFLOW,20110212,0500,1835, ,CFS
SHA,H,76,INFLOW,20110212,0600,1948, ,CFS
SHA,H,76,INFLOW,20110212,0700,4943, ,CFS
SHA,H,76,INFLOW,20110212,0800,6289, ,CFS
SHA,H,76,INFLOW,20110212,0900,5795, ,CFS
SHA,H,76,INFLOW,20110212,1000,1695, ,CFS
SHA,H,76,INFLOW,20110212,1100,7331, ,CFS
SHA,H,76,INFLOW,20110212,1200,6196, ,CFS
SHA,H,76,INFLOW,20110212,1300,6089, ,CFS
SHA,H,76,INFLOW,20110212,1400,9117, ,CFS
SHA,H,76,INFLOW,20110212,1500,-215, ,CFS
SHA,H,76,INFLOW,20110212,1600,5832, ,CFS
SHA,H,76,INFLOW,20110212,1700,3845, ,CFS
SHA,H,76,INFLOW,20110212,1800,7164, ,CFS
SHA,H,76,INFLOW,20110212,1900,7607, ,CFS
SHA,H,76,INFLOW,20110212,2000,13680, ,CFS
SHA,H,76,INFLOW,20110212,2100,8301, ,CFS
SHA,H,76,INFLOW,20110212,2200,6169, ,CFS
SHA,H,76,INFLOW,20110212,2300,11976, ,CFS
SHA,H,76,INFLOW,20110213,0000,8528, ,CFS
SHA,H,76,INFLOW,20110213,0100,4502, ,CFS
SHA,H,76,INFLOW,20110213,0200,4392, ,CFS
SHA,H,76,INFLOW,20110213,0300,1142, ,CFS
SHA,H,76,INFLOW,20110213,0400,1227, ,CFS
SHA,H,76,INFLOW,20110213,0500,4495, ,CFS
SHA,H,76,INFLOW,20110213,0600,1722, ,CFS
SHA,H,76,INFLOW,20110213,0700,4729, ,CFS
SHA,H,76,INFLOW,20110213,0800,1578, ,CFS
SHA,H,76,INFLOW,20110213,0900,4525, ,CFS
SHA,H,76,INFLOW,20110213,1000,4493, ,CFS
SHA,H,76,INFLOW,20110213,1100,8451, ,CFS
SHA,H,76,INFLOW,20110213,1200,2330, ,CFS
SHA,H,76,INFLOW,20110213,1300,7570, ,CFS
SHA,H,76,INFLOW,20110213,1400,5144, ,CFS
SHA,H,76,INFLOW,20110213,1500,8290, ,CFS
SHA,H,76,INFLOW,20110213,1600,5182, ,CFS
SHA,H,76,INFLOW,20110213,1700,8272, ,CFS
SHA,H,76,INFLOW,20110213,1800,7370, ,CFS
SHA,H,76,INFLOW,20110213,1900,9293, ,CFS
SHA,H,76,INFLOW,20110213,2000,9138, ,CFS
SHA,H,76,INFLOW,20110213,2100,8174, ,CFS
SHA,H,76,INFLOW,20110213,2200,11191, ,CFS
SHA,H,76,INFLOW,20110213,2300,8006, ,CFS
SHA,H,76,INFLOW,20110214,0000,7646, ,CFS
SHA,H,76,INFLOW,20110214,0100,-658, ,CFS
SHA,H,76,INFLOW,20110214,0200,5071, ,CFS
SHA,H,76,INFLOW,20110214,0300,4872, ,CFS
SHA,H,76,INFLOW,20110214,0400,-1407, ,CFS
SHA,H,76,INFLOW,20110214,0500,-4487, ,CFS
SHA,H,76,INFLOW,20110214,0600,5367, ,CFS
SHA,H,76,INFLOW,20110214,0700,8140, ,CFS
SHA,H,76,INFLOW,20110214,0800,13657, ,CFS
SHA,H,76,INFLOW,20110214,0900,9768, ,CFS
SHA,H,76,INFLOW,20110214,1000,12201, ,CFS
SHA,H,76,INFLOW,20110214,1100,12430, ,CFS
SHA,H,76,INFLOW,20110214,1200,15210, ,CFS
SHA,H,76,INFLOW,20110214,1300,11766, ,CFS
SHA,H,76,INFLOW,20110214,1400,11080, ,CFS
SHA,H,76,INFLOW,20110214,1500,7419, ,CFS
SHA,H,76,INFLOW,20110214,1600,10510, ,CFS
SHA,H,76,INFLOW,20110214,1700,13751, ,CFS
SHA,H,76,INFLOW,20110214,1800,8656, ,CFS
SHA,H,76,INFLOW,20110214,1900,13911, ,CFS
SHA,H,76,INFLOW,20110214,2000,6161, ,CFS
SHA,H,76,INFLOW,20110214,2100,18043, ,CFS
SHA,H,76,INFLOW,20110214,2200,7895, ,CFS
SHA,H,76,INFLOW,20110214,2300,8499, ,CFS
SHA,H,76,INFLOW,20110215,0000,4553, ,CFS
SHA,H,76,INFLOW,20110215,0100,13483, ,CFS
SHA,H,76,INFLOW,20110215,0200,-5172, ,CFS
SHA,H,76,INFLOW,20110215,0300,10058, ,CFS
SHA,H,76,INFLOW,20110215,0400,16106, ,CFS
SHA,H,76,INFLOW,20110215,0500,7500, ,CFS
SHA,H,76,INFLOW,20110215,0600,2090, ,CFS
SHA,H,76,INFLOW,20110215,0700,3631, ,CFS
SHA,H,76,INFLOW,20110215,0800,11550, ,CFS
SHA,H,76,INFLOW,20110215,0900,10746, ,CFS
SHA,H,76,INFLOW,20110215,1000,22017, ,CFS
SHA,H,76,INFLOW,20110215,1100,16428, ,CFS
SHA,H,76,INFLOW,20110215,1200,595, ,CFS
SHA,H,76,INFLOW,20110215,1300,15424, ,CFS
SHA,H,76,INFLOW,20110215,1400,21648, ,CFS
SHA,H,76,INFLOW,20110215,1500,20786, ,CFS
SHA,H,76,INFLOW,20110215,1600,22217, ,CFS
SHA,H,76,INFLOW,20110215,1700,31309, ,CFS
SHA,H,76,INFLOW,20110215,1800,16801, ,CFS
SHA,H,76,INFLOW,20110215,1900,32240, ,CFS
SHA,H,76,INFLOW,20110215,2000,32467, ,CFS
SHA,H,76,INFLOW,20110215,2100,25451, ,CFS
SHA,H,76,INFLOW,20110215,2200,40593, ,CFS
SHA,H,76,INFLOW,20110215,2300,32538, ,CFS
SHA,H,76,INFLOW,20110216,0000,28756, ,CFS
SHA,H,76,INFLOW,20110216,0100,25737, ,CFS
SHA,H,76,INFLOW,20110216,0200,19279, ,CFS
SHA,H,76,INFLOW,20110216,0300,34390, ,CFS
SHA,H,76,INFLOW,20110216,0400,25117, ,CFS
SHA,H,76,INFLOW,20110216,0500,25591, ,CFS
SHA,H,76,INFLOW,20110216,0600,29105, ,CFS
SHA,H,76,INFLOW,20110216,0700,14653, ,CFS
SHA,H,76,INFLOW,20110216,0800,34189, ,CFS
SHA,H,76,INFLOW,20110216,0900,26584, ,CFS
SHA,H,76,INFLOW,20110216,1000,20675, ,CFS
SHA,H,76,INFLOW,20110216,1100,23459, ,CFS
SHA,H,76,INFLOW,20110216,1200,25715, ,CFS
SHA,H,76,INFLOW,20110216,1300,25426, ,CFS
SHA,H,76,INFLOW,20110216,1400,19338, ,CFS
SHA,H,76,INFLOW,20110216,1500,21141, ,CFS
SHA,H,76,INFLOW,20110216,1600,18183, ,CFS
SHA,H,76,INFLOW,20110216,1700,16182, ,CFS
SHA,H,76,INFLOW,20110216,1800,20651, ,CFS
SHA,H,76,INFLOW,20110216,1900,15590, ,CFS
SHA,H,76,INFLOW,20110216,2000,21685, ,CFS
SHA,H,76,INFLOW,20110216,2100,20696, ,CFS
SHA,H,76,INFLOW,20110216,2200,14102, ,CFS
SHA,H,76,INFLOW,20110216,2300,21009, ,CFS
SHA,H,76,INFLOW,20110217,0000,14867, ,CFS
SHA,H,76,INFLOW,20110217,0100,16627, ,CFS
SHA,H,76,INFLOW,20110217,0200,10007, ,CFS
SHA,H,76,INFLOW,20110217,0300,13096, ,CFS
SHA,H,76,INFLOW,20110217,0400,13087, ,CFS
SHA,H,76,INFLOW,20110217,0500,10620, ,CFS
SHA,H,76,INFLOW,20110217,0600,20148, ,CFS
SHA,H,76,INFLOW,20110217,0700,18138, ,CFS
SHA,H,76,INFLOW,20110217,0800,18938, ,CFS
SHA,H,76,INFLOW,20110217,0900,21934, ,CFS
SHA,H,76,INFLOW,20110217,1000,15731, ,CFS
SHA,H,76,INFLOW,20110217,1100,21236, ,CFS
SHA,H,76,INFLOW,20110217,1200,21069, ,CFS
SHA,H,76,INFLOW,20110217,1300,17830, ,CFS
SHA,H,76,INFLOW,20110217,1400,20540, ,CFS
SHA,H,76,INFLOW,20110217,1500,16984, ,CFS
SHA,H,76,INFLOW,20110217,1600,20229, ,CFS
SHA,H,76,INFLOW,20110217,1700,21147, ,CFS
SHA,H,76,INFLOW,20110217,1800,15295, ,CFS
SHA,H,76,INFLOW,20110217,1900,18830, ,CFS
SHA,H,76,INFLOW,20110217,2000,18890, ,CFS
SHA,H,76,INFLOW,20110217,2100,16577, ,CFS
SHA,H,76,INFLOW,20110217,2200,14459, ,CFS
SHA,H,76,INFLOW,20110217,2300,11778, ,CFS
SHA,H,76,INFLOW,20110218,0000,14370, ,CFS
SHA,H,76,INFLOW,20110218,0100,17408, ,CFS
SHA,H,76,INFLOW,20110218,0200,13778, ,CFS
SHA,H,76,INFLOW,20110218,0300,10627, ,CFS
SHA,H,76,INFLOW,20110218,0400,13773, ,CFS
SHA,H,76,INFLOW,20110218,0500,13779, ,CFS
SHA,H,76,INFLOW,20110218,0600,13912, ,CFS
SHA,H,76,INFLOW,20110218,0700,12535, ,CFS
SHA,H,76,INFLOW,20110218,0800,15273, ,CFS
SHA,H,76,INFLOW,20110218,0900,13117, ,CFS
SHA,H,76,INFLOW,20110218,1000,15624, ,CFS
SHA,H,76,INFLOW,20110218,1100,12446, ,CFS
SHA,H,76,INFLOW,20110218,1200,15673, ,CFS
SHA,H,76,INFLOW,20110218,1300,15595, ,CFS
SHA,H,76,INFLOW,20110218,1400,12225, ,CFS
SHA,H,76,INFLOW,20110218,1500,11883, ,CFS
SHA,H,76,INFLOW,20110218,1600,12322, ,CFS
SHA,H,76,INFLOW,20110218,1700,10888, ,CFS
SHA,H,76,INFLOW,20110218,1800,18008, ,CFS
SHA,H,76,INFLOW,20110218,1900,18422, ,CFS
SHA,H,76,INFLOW,20110218,2000,11504, ,CFS
SHA,H,76,INFLOW,20110218,2100,15162, ,CFS
SHA,H,76,INFLOW,20110218,2200,15390, ,CFS
SHA,H,76,INFLOW,20110218,2300,15600, ,CFS
SHA,H,76,INFLOW,20110219,0000,17716, ,CFS
SHA,H,76,INFLOW,20110219,0100,11302, ,CFS
SHA,H,76,INFLOW,20110219,0200,13974, ,CFS
SHA,H,76,INFLOW,20110219,0300,10813, ,CFS
SHA,H,76,INFLOW,20110219,0400,13935, ,CFS
SHA,H,76,INFLOW,20110219,0500,13999, ,CFS
SHA,H,76,INFLOW,20110219,0600,11045, ,CFS
SHA,H,76,INFLOW,20110219,0700,18479, ,CFS
SHA,H,76,INFLOW,20110219,0800,12306, ,CFS
SHA,H,76,INFLOW,20110219,0900,15595, ,CFS
SHA,H,76,INFLOW,20110219,1000,21711, ,CFS
SHA,H,76,INFLOW,20110219,1100,11922, ,CFS
SHA,H,76,INFLOW,20110219,1200,18165, ,CFS
SHA,H,76,INFLOW,20110219,1300,14983, ,CFS
SHA,H,76,INFLOW,20110219,1400,12364, ,CFS
SHA,H,76,INFLOW,20110219,1500,12348, ,CFS
SHA,H,76,INFLOW,20110219,1600,12483, ,CFS
SHA,H,76,INFLOW,20110219,1700,12442, ,CFS
SHA,H,76,INFLOW,20110219,1800,12667, ,CFS
SHA,H,76,INFLOW,20110219,1900,13300, ,CFS
SHA,H,76,INFLOW,20110219,2000,16460, ,CFS
SHA,H,76,INFLOW,20110219,2100,13148, ,CFS
SHA,H,76,INFLOW,20110219,2200,12851, ,CFS
SHA,H,76,INFLOW,20110219,2300,17898, ,CFS
SHA,H,76,INFLOW,20110220,0000,11543, ,CFS
SHA,H,76,INFLOW,20110220,0100,7684, ,CFS
SHA,H,76,INFLOW,20110220,0200,13738, ,CFS
SHA,H,76,INFLOW,20110220,0300,7903, ,CFS
SHA,H,76,INFLOW,20110220,0400,4706, ,CFS
SHA,H,76,INFLOW,20110220,0500,10996, ,CFS
SHA,H,76,INFLOW,20110220,0600,8275, ,CFS
SHA,H,76,INFLOW,20110220,0700,10556, ,CFS
SHA,H,76,INFLOW,20110220,0800,7949, ,CFS
SHA,H,76,INFLOW,20110220,0900,10893, ,CFS
SHA,H,76,INFLOW,20110220,1000,13998, ,CFS
SHA,H,76,INFLOW,20110220,1100,10519, ,CFS
SHA,H,76,INFLOW,20110220,1200,13354, ,CFS
SHA,H,76,INFLOW,20110220,1300,12684, ,CFS
SHA,H,76,INFLOW,20110220,1400,9475, ,CFS
SHA,H,76,INFLOW,20110220,1500,12333, ,CFS
SHA,H,76,INFLOW,20110220,1600,6168, ,CFS
SHA,H,76,INFLOW,20110220,1700,9610, ,CFS
SHA,H,76,INFLOW,20110220,1800,12259, ,CFS
SHA,H,76,INFLOW,20110220,1900,9168, ,CFS
SHA,H,76,INFLOW,20110220,2000,12377, ,CFS
SHA,H,76,INFLOW,20110220,2100,16736, ,CFS
SHA,H,76,INFLOW,20110220,2200,8342, ,CFS
SHA,H,76,INFLOW,20110220,2300,14157, ,CFS
SHA,H,76,INFLOW,20110221,0000,11246, ,CFS
SHA,H,76,INFLOW,20110221,0100,8204, ,CFS
SHA,H,76,INFLOW,20110221,0200,7808, ,CFS
SHA,H,76,INFLOW,20110221,0300,7857, ,CFS
SHA,H,76,INFLOW,20110221,0400,7927, ,CFS
SHA,H,76,INFLOW,20110221,0500,8312, ,CFS
SHA,H,76,INFLOW,20110221,0600,5423, ,CFS
SHA,H,76,INFLOW,20110221,0700,10921, ,CFS
SHA,H,76,INFLOW,20110221,0800,10925, ,CFS
SHA,H,76,INFLOW,20110221,0900,10869, ,CFS
SHA,H,76,INFLOW,20110221,1000,14037, ,CFS
SHA,H,76,INFLOW,20110221,1100,10650, ,CFS
SHA,H,76,INFLOW,20110221,1200,10665, ,CFS
SHA,H,76,INFLOW,20110221,1300,13355, ,CFS
SHA,H,76,INFLOW,20110221,1400,13072, ,CFS
SHA,H,76,INFLOW,20110221,1500,9988, ,CFS
SHA,H,76,INFLOW,20110221,1600,9923, ,CFS
SHA,H,76,INFLOW,20110221,1700,14046, ,CFS
SHA,H,76,INFLOW,20110221,1800,8977, ,CFS
SHA,H,76,INFLOW,20110221,1900,13960, ,CFS
SHA,H,76,INFLOW,20110221,2000,13799, ,CFS
SHA,H,76,INFLOW,20110221,2100,11722, ,CFS
SHA,H,76,INFLOW,20110221,2200,14250, ,CFS
SHA,H,76,INFLOW,20110221,2300,11227, ,CFS
SHA,H,76,INFLOW,20110222,0000,10858, ,CFS
SHA,H,76,INFLOW,20110222,0100,10927, ,CFS
SHA,H,76,INFLOW,20110222,0200,7547, ,CFS
SHA,H,76,INFLOW,20110222,0300,7466, ,CFS
SHA,H,76,INFLOW,20110222,0400,7258, ,CFS
SHA,H,76,INFLOW,20110222,0500,7622, ,CFS
SHA,H,76,INFLOW,20110222,0600,5995, ,CFS
SHA,H,76,INFLOW,20110222,0700,10012, ,CFS
SHA,H,76,INFLOW,20110222,0800,8309, ,CFS
SHA,H,76,INFLOW,20110222,0900,10054, ,CFS
SHA,H,76,INFLOW,20110222,1000,8056, ,CFS
SHA,H,76,INFLOW,20110222,1100,7924, ,CFS
SHA,H,76,INFLOW,20110222,1200,10710, ,CFS
SHA,H,76,INFLOW,20110222,1300,9759, ,CFS
SHA,H,76,INFLOW,20110222,1400,9880, ,CFS
SHA,H,76,INFLOW,20110222,1500,9605, ,CFS
SHA,H,76,INFLOW,20110222,1600,9876, ,CFS
SHA,H,76,INFLOW,20110222,1700,10443, ,CFS
SHA,H,76,INFLOW,20110222,1800,8081, ,CFS
SHA,H,76,INFLOW,20110222,1900,13320, ,CFS
SHA,H,76,INFLOW,20110222,2000,11011, ,CFS
SHA,H,76,INFLOW,20110222,2100,11652, ,CFS
SHA,H,76,INFLOW,20110222,2200,14013, ,CFS
SHA,H,76,INFLOW,20110222,2300,11765, ,CFS
SHA,H,76,INFLOW,20110223,0000,11260, ,CFS
SHA,H,76,INFLOW,20110223,0100,4825, ,CFS
SHA,H,76,INFLOW,20110223,0200,7422, ,CFS
SHA,H,76,INFLOW,20110223,0300,4282, ,CFS
SHA,H,76,INFLOW,20110223,0400,7550, ,CFS
SHA,H,76,INFLOW,20110223,0500,7692, ,CFS
SHA,H,76,INFLOW,20110223,0600,1174, ,CFS
SHA,H,76,INFLOW,20110223,0700,7997, ,CFS
SHA,H,76,INFLOW,20110223,0800,11771, ,CFS
SHA,H,76,INFLOW,20110223,0900,8605, ,CFS
SHA,H,76,INFLOW,20110223,1000,11354, ,CFS
SHA,H,76,INFLOW,20110223,1100,11692, ,CFS
SHA,H,76,INFLOW,20110223,1200,5347, ,CFS
SHA,H,76,INFLOW,20110223,1300,5294, ,CFS
SHA,H,76,INFLOW,20110223,1400,11572, ,CFS
SHA,H,76,INFLOW,20110223,1500,8538, ,CFS
SHA,H,76,INFLOW,20110223,1600,8469, ,CFS
SHA,H,76,INFLOW,20110223,1700,8045, ,CFS
SHA,H,76,INFLOW,20110223,1800,11028, ,CFS
SHA,H,76,INFLOW,20110223,1900,11358, ,CFS
SHA,H,76,INFLOW,20110223,2000,14375, ,CFS
SHA,H,76,INFLOW,20110223,2100,8100, ,CFS
SHA,H,76,INFLOW,20110223,2200,10989, ,CFS
SHA,H,76,INFLOW,20110223,2300,10894, ,CFS
SHA,H,76,INFLOW,20110224,0000,4592, ,CFS
SHA,H,76,INFLOW,20110224,0100,13901, ,CFS
SHA,H,76,INFLOW,20110224,0200,7296, ,CFS
SHA,H,76,INFLOW,20110224,0300,3734, ,CFS
SHA,H,76,INFLOW,20110224,0400,9812, ,CFS
SHA,H,76,INFLOW,20110224,0500,9896, ,CFS
SHA,H,76,INFLOW,20110224,0600,1363, ,CFS
SHA,H,76,INFLOW,20110224,0700,9831, ,CFS
SHA,H,76,INFLOW,20110224,0800,6819, ,CFS
SHA,H,76,INFLOW,20110224,0900,13256, ,CFS
SHA,H,76,INFLOW,20110224,1000,13489, ,CFS
SHA,H,76,INFLOW,20110224,1100,7394, ,CFS
SHA,H,76,INFLOW,20110224,1200,7726, ,CFS
SHA,H,76,INFLOW,20110224,1300,11045, ,CFS
SHA,H,76,INFLOW,20110224,1400,10983, ,CFS
SHA,H,76,INFLOW,20110224,1500,10827, ,CFS
SHA,H,76,INFLOW,20110224,1600,7433, ,CFS
SHA,H,76,INFLOW,20110224,1700,10485, ,CFS
SHA,H,76,INFLOW,20110224,1800,7590, ,CFS
SHA,H,76,INFLOW,20110224,1900,13023, ,CFS
SHA,H,76,INFLOW,20110224,2000,12917, ,CFS
SHA,H,76,INFLOW,20110224,2100,10548, ,CFS
SHA,H,76,INFLOW,20110224,2200,13370, ,CFS
SHA,H,76,INFLOW,20110224,2300,11309, ,CFS
SHA,H,76,INFLOW,20110225,0000,11171, ,CFS
SHA,H,76,INFLOW,20110225,0100,8408, ,CFS
SHA,H,76,INFLOW,20110225,0200,8213, ,CFS
SHA,H,76,INFLOW,20110225,0300,4595, ,CFS
SHA,H,76,INFLOW,20110225,0400,7802, ,CFS
SHA,H,76,INFLOW,20110225,0500,7930, ,CFS
SHA,H,76,INFLOW,20110225,0600,2006, ,CFS
SHA,H,76,INFLOW,20110225,0700,9120, ,CFS
SHA,H,76,INFLOW,20110225,0800,14893, ,CFS
SHA,H,76,INFLOW,20110225,0900,4934, ,CFS
SHA,H,76,INFLOW,20110225,1000,14697, ,CFS
SHA,H,76,INFLOW,20110225,1100,14118, ,CFS
SHA,H,76,INFLOW,20110225,1200,6355, ,CFS
SHA,H,76,INFLOW,20110225,1300,9560, ,CFS
SHA,H,76,INFLOW,20110225,1400,6299, ,CFS
SHA,H,76,INFLOW,20110225,1500,12384, ,CFS
SHA,H,76,INFLOW,20110225,1600,12928, ,CFS
SHA,H,76,INFLOW,20110225,1700,10731, ,CFS
SHA,H,76,INFLOW,20110225,1800,2591, ,CFS
SHA,H,76,INFLOW,20110225,1900,9707, ,CFS
SHA,H,76,INFLOW,20110225,2000,12168, ,CFS
SHA,H,76,INFLOW,20110225,2100,9887, ,CFS
SHA,H,76,INFLOW,20110225,2200,12091, ,CFS
SHA,H,76,INFLOW,20110225,2300,18033, ,CFS
SHA,H,76,INFLOW,20110226,0000,5036, ,CFS
SHA,H,76,INFLOW,20110226,0100,14580, ,CFS
SHA,H,76,INFLOW,20110226,0200,4535, ,CFS
SHA,H,76,INFLOW,20110226,0300,1321, ,CFS
SHA,H,76,INFLOW,20110226,0400,7712, ,CFS
SHA,H,76,INFLOW,20110226,0500,4528, ,CFS
SHA,H,76,INFLOW,20110226,0600,4603, ,CFS
SHA,H,76,INFLOW,20110226,0700,4874, ,CFS
SHA,H,76,INFLOW,20110226,0800,9121, ,CFS
SHA,H,76,INFLOW,20110226,0900,12399, ,CFS
SHA,H,76,INFLOW,20110226,1000,9304, ,CFS
SHA,H,76,INFLOW,20110226,1100,9570, ,CFS
SHA,H,76,INFLOW,20110226,1200,12655, ,CFS
SHA,H,76,INFLOW,20110226,1300,6204, ,CFS
SHA,H,76,INFLOW,20110226,1400,5770, ,CFS
SHA,H,76,INFLOW,20110226,1500,8898, ,CFS
SHA,H,76,INFLOW,20110226,1600,8986, ,CFS
SHA,H,76,INFLOW,20110226,1700,5957, ,CFS
SHA,H,76,INFLOW,20110226,1800,9706, ,CFS
SHA,H,76,INFLOW,20110226,1900,13438, ,CFS
SHA,H,76,INFLOW,20110226,2000,10070, ,CFS
SHA,H,76,INFLOW,20110226,2100,9660, ,CFS
SHA,H,76,INFLOW,20110226,2200,9036, ,CFS
SHA,H,76,INFLOW,20110226,2300,11568, ,CFS
SHA,H,76,INFLOW,20110227,0000,8171, ,CFS
SHA,H,76,INFLOW,20110227,0100,5047, ,CFS
SHA,H,76,INFLOW,20110227,0200,7775, ,CFS
SHA,H,76,INFLOW,20110227,0300,4554, ,CFS
SHA,H,76,INFLOW,20110227,0400,4556, ,CFS
SHA,H,76,INFLOW,20110227,0500,4789, ,CFS
SHA,H,76,INFLOW,20110227,0600,4931, ,CFS
SHA,H,76,INFLOW,20110227,0700,6089, ,CFS
SHA,H,76,INFLOW,20110227,0800,4484, ,CFS
SHA,H,76,INFLOW,20110227,0900,3345, ,CFS
SHA,H,76,INFLOW,20110227,1000,5962, ,CFS
SHA,H,76,INFLOW,20110227,1100,5671, ,CFS
SHA,H,76,INFLOW,20110227,1200,11813, ,CFS
SHA,H,76,INFLOW,20110227,1300,8471, ,CFS
SHA,H,76,INFLOW,20110227,1400,9014, ,CFS
SHA,H,76,INFLOW,20110227,1500,8944, ,CFS
SHA,H,76,INFLOW,20110227,1600,5740, ,CFS
SHA,H,76,INFLOW,20110227,1700,9499, ,CFS
SHA,H,76,INFLOW,20110227,1800,7106, ,CFS
SHA,H,76,INFLOW,20110227,1900,9063, ,CFS
SHA,H,76,INFLOW,20110227,2000,15061, ,CFS
SHA,H,76,INFLOW,20110227,2100,6968, ,CFS
SHA,H,76,INFLOW,20110227,2200,8179, ,CFS
SHA,H,76,INFLOW,20110227,2300,8468, ,CFS
SHA,H,76,INFLOW,20110228,0000,8170, ,CFS
SHA,H,76,INFLOW,20110228,0100,4734, ,CFS
SHA,H,76,INFLOW,20110228,0200,7425, ,CFS
SHA,H,76,INFLOW,20110228,0300,4381, ,CFS
SHA,H,76,INFLOW,20110228,0400,7851, ,CFS
SHA,H,76,INFLOW,20110228,0500,1638, ,CFS
SHA,H,76,INFLOW,20110228,0600,4922, ,CFS
SHA,H,76,INFLOW,20110228,0700,3459, ,CFS
SHA,H,76,INFLOW,20110228,0800,8788, ,CFS
SHA,H,76,INFLOW,20110228,0900,7584, ,CFS
SHA,H,76,INFLOW,20110228,1000,13281, ,CFS
SHA,H,76,INFLOW,20110228,1100,5741, ,CFS
SHA,H,76,INFLOW,20110228,1200,5537, ,CFS
SHA,H,76,INFLOW,20110228,1300,5544, ,CFS
SHA,H,76,INFLOW,20110228,1400,11928, ,CFS
SHA,H,76,INFLOW,20110228,1500,5792, ,CFS
SHA,H,76,INFLOW,20110228,1600,5885, ,CFS
SHA,H,76,INFLOW,20110228,1700,9700, ,CFS
SHA,H,76,INFLOW,20110228,1800,5102, ,CFS
SHA,H,76,INFLOW,20110228,1900,10823, ,CFS
SHA,H,76,INFLOW,20110228,2000,13377, ,CFS
SHA,H,76,INFLOW,20110228,2100,8353, ,CFS
SHA,H,76,INFLOW,20110228,2200,9961, ,CFS
SHA,H,76,INFLOW,20110228,2300,11247, ,CFS
SHA,H,76,INFLOW,20110301,0000,7852, ,CFS
SHA,H,76,INFLOW,20110301,0100,14721, ,CFS
SHA,H,76,INFLOW,20110301,0200,4425, ,CFS
SHA,H,76,INFLOW,20110301,0300,4459, ,CFS
SHA,H,76,INFLOW,20110301,0400,4483, ,CFS
SHA,H,76,INFLOW,20110301,0500,4743, ,CFS
SHA,H,76,INFLOW,20110301,0600,1618, ,CFS
SHA,H,76,INFLOW,20110301,0700,7308, ,CFS
SHA,H,76,INFLOW,20110301,0800,10598, ,CFS
SHA,H,76,INFLOW,20110301,0900,5204, ,CFS
SHA,H,76,INFLOW,20110301,1000,9909, ,CFS
SHA,H,76,INFLOW,20110301,1100,6642, ,CFS
SHA,H,76,INFLOW,20110301,1200,6495, ,CFS
SHA,H,76,INFLOW,20110301,1300,6416, ,CFS
SHA,H,76,INFLOW,20110301,1400,6405, ,CFS
SHA,H,76,INFLOW,20110301,1500,6562, ,CFS
SHA,H,76,INFLOW,20110301,1600,6117, ,CFS
SHA,H,76,INFLOW,20110301,1700,6274, ,CFS
SHA,H,76,INFLOW,20110301,1800,5174, ,CFS
SHA,H,76,INFLOW,20110301,1900,13059, ,CFS
SHA,H,76,INFLOW,20110301,2000,9430, ,CFS
SHA,H,76,INFLOW,20110301,2100,12291, ,CFS
SHA,H,76,INFLOW,20110301,2200,9237, ,CFS
SHA,H,76,INFLOW,20110301,2300,8183, ,CFS
SHA,H,76,INFLOW,20110302,0000,5042, ,CFS
SHA,H,76,INFLOW,20110302,0100,14585, ,CFS
SHA,H,76,INFLOW,20110302,0200,14170, ,CFS
SHA,H,76,INFLOW,20110302,0300,1330, ,CFS
SHA,H,76,INFLOW,20110302,0400,14132, ,CFS
SHA,H,76,INFLOW,20110302,0500,17458, ,CFS
SHA,H,76,INFLOW,20110302,0600,1558, ,CFS
SHA,H,76,INFLOW,20110302,0700,18704, ,CFS
SHA,H,76,INFLOW,20110302,0800,18770, ,CFS
SHA,H,76,INFLOW,20110302,0900,18364, ,CFS
SHA,H,76,INFLOW,20110302,1000,18753, ,CFS
SHA,H,76,INFLOW,20110302,1100,18775, ,CFS
SHA,H,76,INFLOW,20110302,1200,15466, ,CFS
SHA,H,76,INFLOW,20110302,1300,15041, ,CFS
SHA,H,76,INFLOW,20110302,1400,18196, ,CFS
SHA,H,76,INFLOW,20110302,1500,18201, ,CFS
SHA,H,76,INFLOW,20110302,1600,18422, ,CFS
SHA,H,76,INFLOW,20110302,1700,27918, ,CFS
SHA,H,76,INFLOW,20110302,1800,18355, ,CFS
SHA,H,76,INFLOW,20110302,1900,31212, ,CFS
SHA,H,76,INFLOW,20110302,2000,18873, ,CFS
SHA,H,76,INFLOW,20110302,2100,25169, ,CFS
SHA,H,76,INFLOW,20110302,2200,22076, ,CFS
SHA,H,76,INFLOW,20110302,2300,24250, ,CFS
SHA,H,76,INFLOW,20110303,0000,20983, ,CFS
SHA,H,76,INFLOW,20110303,0100,26494, ,CFS
SHA,H,76,INFLOW,20110303,0200,16374, ,CFS
SHA,H,76,INFLOW,20110303,0300,9842, ,CFS
SHA,H,76,INFLOW,20110303,0400,16589, ,CFS
SHA,H,76,INFLOW,20110303,0500,23658, ,CFS
SHA,H,76,INFLOW,20110303,0600,17461, ,CFS
SHA,H,76,INFLOW,20110303,0700,18357, ,CFS
SHA,H,76,INFLOW,20110303,0800,24944, ,CFS
SHA,H,76,INFLOW,20110303,0900,15703, ,CFS
SHA,H,76,INFLOW,20110303,1000,25696, ,CFS
SHA,H,76,INFLOW,20110303,1100,22543, ,CFS
SHA,H,76,INFLOW,20110303,1200,12872, ,CFS
SHA,H,76,INFLOW,20110303,1300,15325, ,CFS
SHA,H,76,INFLOW,20110303,1400,25215, ,CFS
SHA,H,76,INFLOW,20110303,1500,15327, ,CFS
SHA,H,76,INFLOW,20110303,1600,18481, ,CFS
SHA,H,76,INFLOW,20110303,1700,18487, ,CFS
SHA,H,76,INFLOW,20110303,1800,15458, ,CFS
SHA,H,76,INFLOW,20110303,1900,18589, ,CFS
SHA,H,76,INFLOW,20110303,2000,19079, ,CFS
SHA,H,76,INFLOW,20110303,2100,18910, ,CFS
SHA,H,76,INFLOW,20110303,2200,18230, ,CFS
SHA,H,76,INFLOW,20110303,2300,20665, ,CFS
SHA,H,76,INFLOW,20110304,0000,14105, ,CFS
SHA,H,76,INFLOW,20110304,0100,17550, ,CFS
SHA,H,76,INFLOW,20110304,0200,13715, ,CFS
SHA,H,76,INFLOW,20110304,0300,16742, ,CFS
SHA,H,76,INFLOW,20110304,0400,13367, ,CFS
SHA,H,76,INFLOW,20110304,0500,16908, ,CFS
SHA,H,76,INFLOW,20110304,0600,17569, ,CFS
SHA,H,76,INFLOW,20110304,0700,16080, ,CFS
SHA,H,76,INFLOW,20110304,0800,16196, ,CFS
SHA,H,76,INFLOW,20110304,0900,19388, ,CFS
SHA,H,76,INFLOW,20110304,1000,12835, ,CFS
SHA,H,76,INFLOW,20110304,1100,15713, ,CFS
SHA,H,76,INFLOW,20110304,1200,15707, ,CFS
SHA,H,76,INFLOW,20110304,1300,15688, ,CFS
SHA,H,76,INFLOW,20110304,1400,18676, ,CFS
SHA,H,76,INFLOW,20110304,1500,9262, ,CFS
SHA,H,76,INFLOW,20110304,1600,12475, ,CFS
SHA,H,76,INFLOW,20110304,1700,15976, ,CFS
SHA,H,76,INFLOW,20110304,1800,12452, ,CFS
SHA,H,76,INFLOW,20110304,1900,18326, ,CFS
SHA,H,76,INFLOW,20110304,2000,15524, ,CFS
SHA,H,76,INFLOW,20110304,2100,17663, ,CFS
SHA,H,76,INFLOW,20110304,2200,12119, ,CFS
SHA,H,76,INFLOW,20110304,2300,18497, ,CFS
SHA,H,76,INFLOW,20110305,0000,18542, ,CFS
SHA,H,76,INFLOW,20110305,0100,11730, ,CFS
SHA,H,76,INFLOW,20110305,0200,17579, ,CFS
SHA,H,76,INFLOW,20110305,0300,14174, ,CFS
SHA,H,76,INFLOW,20110305,0400,13268, ,CFS
SHA,H,76,INFLOW,20110305,0500,16460, ,CFS
SHA,H,76,INFLOW,20110305,0600,14087, ,CFS
SHA,H,76,INFLOW,20110305,0700,15486, ,CFS
SHA,H,76,INFLOW,20110305,0800,15614, ,CFS
SHA,H,76,INFLOW,20110305,0900,15879, ,CFS
SHA,H,76,INFLOW,20110305,1000,12433, ,CFS
SHA,H,76,INFLOW,20110305,1100,15601, ,CFS
SHA,H,76,INFLOW,20110305,1200,15759, ,CFS
SHA,H,76,INFLOW,20110305,1300,15609, ,CFS
SHA,H,76,INFLOW,20110305,1400,15285, ,CFS
SHA,H,76,INFLOW,20110305,1500,15428, ,CFS
SHA,H,76,INFLOW,20110305,1600,15882, ,CFS
SHA,H,76,INFLOW,20110305,1700,12471, ,CFS
SHA,H,76,INFLOW,20110305,1800,16136, ,CFS
SHA,H,76,INFLOW,20110305,1900,16077, ,CFS
SHA,H,76,INFLOW,20110305,2000,12887, ,CFS
SHA,H,76,INFLOW,20110305,2100,17162, ,CFS
SHA,H,76,INFLOW,20110305,2200,14463, ,CFS
SHA,H,76,INFLOW,20110305,2300,17774, ,CFS
SHA,H,76,INFLOW,20110306,0000,17884, ,CFS
SHA,H,76,INFLOW,20110306,0100,17675, ,CFS
SHA,H,76,INFLOW,20110306,0200,17224, ,CFS
SHA,H,76,INFLOW,20110306,0300,13962, ,CFS
SHA,H,76,INFLOW,20110306,0400,17825, ,CFS
SHA,H,76,INFLOW,20110306,0500,17971, ,CFS
SHA,H,76,INFLOW,20110306,0600,11415, ,CFS
SHA,H,76,INFLOW,20110306,0700,14631, ,CFS
SHA,H,76,INFLOW,20110306,0800,15399, ,CFS
SHA,H,76,INFLOW,20110306,0900,11797, ,CFS
SHA,H,76,INFLOW,20110306,1000,18357, ,CFS
SHA,H,76,INFLOW,20110306,1100,17676, ,CFS
SHA,H,76,INFLOW,20110306,1200,17328, ,CFS
SHA,H,76,INFLOW,20110306,1300,13970, ,CFS
SHA,H,76,INFLOW,20110306,1400,14704, ,CFS
SHA,H,76,INFLOW,20110306,1500,15242, ,CFS
SHA,H,76,INFLOW,20110306,1600,15587, ,CFS
SHA,H,76,INFLOW,20110306,1700,15787, ,CFS
SHA,H,76,INFLOW,20110306,1800,13356, ,CFS
SHA,H,76,INFLOW,20110306,1900,15951, ,CFS
SHA,H,76,INFLOW,20110306,2000,15836, ,CFS
SHA,H,76,INFLOW,20110306,2100,16276, ,CFS
SHA,H,76,INFLOW,20110306,2200,15649, ,CFS
SHA,H,76,INFLOW,20110306,2300,15214, ,CFS
SHA,H,76,INFLOW,20110307,0000,17948, ,CFS
SHA,H,76,INFLOW,20110307,0100,18364, ,CFS
SHA,H,76,INFLOW,20110307,0200,14185, ,CFS
SHA,H,76,INFLOW,20110307,0300,14415, ,CFS
SHA,H,76,INFLOW,20110307,0400,11286, ,CFS
SHA,H,76,INFLOW,20110307,0500,17852, ,CFS
SHA,H,76,INFLOW,20110307,0600,14785, ,CFS
SHA,H,76,INFLOW,20110307,0700,17352, ,CFS
SHA,H,76,INFLOW,20110307,0800,18547, ,CFS
SHA,H,76,INFLOW,20110307,0900,11472, ,CFS
SHA,H,76,INFLOW,20110307,1000,14675, ,CFS
SHA,H,76,INFLOW,20110307,1100,14154, ,CFS
SHA,H,76,INFLOW,20110307,1200,16784, ,CFS
SHA,H,76,INFLOW,20110307,1300,13272, ,CFS
SHA,H,76,INFLOW,20110307,1400,13136, ,CFS
SHA,H,76,INFLOW,20110307,1500,23004, ,CFS
SHA,H,76,INFLOW,20110307,1600,9854, ,CFS
SHA,H,76,INFLOW,20110307,1700,15701, ,CFS
SHA,H,76,INFLOW,20110307,1800,13083, ,CFS
SHA,H,76,INFLOW,20110307,1900,16673, ,CFS
SHA,H,76,INFLOW,20110307,2000,16095, ,CFS
SHA,H,76,INFLOW,20110307,2100,15034, ,CFS
SHA,H,76,INFLOW,20110307,2200,9088, ,CFS
SHA,H,76,INFLOW,20110307,2300,18648, ,CFS
SHA,H,76,INFLOW,20110308,0000,15407, ,CFS
SHA,H,76,INFLOW,20110308,0100,11525, ,CFS
SHA,H,76,INFLOW,20110308,0200,17726, ,CFS
SHA,H,76,INFLOW,20110308,0300,14446, ,CFS
SHA,H,76,INFLOW,20110308,0400,14432, ,CFS
SHA,H,76,INFLOW,20110308,0500,17861, ,CFS
SHA,H,76,INFLOW,20110308,0600,14847, ,CFS
SHA,H,76,INFLOW,20110308,0700,14786, ,CFS
SHA,H,76,INFLOW,20110308,0800,16006, ,CFS
SHA,H,76,INFLOW,20110308,0900,14742, ,CFS
SHA,H,76,INFLOW,20110308,1000,18039, ,CFS
SHA,H,76,INFLOW,20110308,1100,13011, ,CFS
SHA,H,76,INFLOW,20110308,1200,19394, ,CFS
SHA,H,76,INFLOW,20110308,1300,16013, ,CFS
SHA,H,76,INFLOW,20110308,1400,14615, ,CFS
SHA,H,76,INFLOW,20110308,1500,17357, ,CFS
SHA,H,76,INFLOW,20110308,1600,17554, ,CFS
SHA,H,76,INFLOW,20110308,1700,15132, ,CFS
SHA,H,76,INFLOW,20110308,1800,12314, ,CFS
SHA,H,76,INFLOW,20110308,1900,18336, ,CFS
SHA,H,76,INFLOW,20110308,2000,12106, ,CFS
SHA,H,76,INFLOW,20110308,2100,13677, ,CFS
SHA,H,76,INFLOW,20110308,2200,16751, ,CFS
SHA,H,76,INFLOW,20110308,2300,11431, ,CFS
SHA,H,76,INFLOW,20110309,0000,21152, ,CFS
SHA,H,76,INFLOW,20110309,0100,14976, ,CFS
SHA,H,76,INFLOW,20110309,0200,11209, ,CFS
SHA,H,76,INFLOW,20110309,0300,14177, ,CFS
SHA,H,76,INFLOW,20110309,0400,11100, ,CFS
SHA,H,76,INFLOW,20110309,0500,14819, ,CFS
SHA,H,76,INFLOW,20110309,0600,18366, ,CFS
SHA,H,76,INFLOW,20110309,0700,9647, ,CFS
SHA,H,76,INFLOW,20110309,0800,15589, ,CFS
SHA,H,76,INFLOW,20110309,0900,14453, ,CFS
SHA,H,76,INFLOW,20110309,1000,12976, ,CFS
SHA,H,76,INFLOW,20110309,1100,14735, ,CFS
SHA,H,76,INFLOW,20110309,1200,10925, ,CFS
SHA,H,76,INFLOW,20110309,1300,15904, ,CFS
SHA,H,76,INFLOW,20110309,1400,15302, ,CFS
SHA,H,76,INFLOW,20110309,1500,11924, ,CFS
SHA,H,76,INFLOW,20110309,1600,15342, ,CFS
SHA,H,76,INFLOW,20110309,1700,15546, ,CFS
SHA,H,76,INFLOW,20110309,1800,9067, ,CFS
SHA,H,76,INFLOW,20110309,1900,16019, ,CFS
SHA,H,76,INFLOW,20110309,2000,14213, ,CFS
SHA,H,76,INFLOW,20110309,2100,16156, ,CFS
SHA,H,76,INFLOW,20110309,2200,13905, ,CFS
SHA,H,76,INFLOW,20110309,2300,15132, ,CFS
SHA,H,76,INFLOW,20110310,0000,11659, ,CFS
SHA,H,76,INFLOW,20110310,0100,22220, ,CFS
SHA,H,76,INFLOW,20110310,0200,10995, ,CFS
SHA,H,76,INFLOW,20110310,0300,7459, ,CFS
SHA,H,76,INFLOW,20110310,0400,17282, ,CFS
SHA,H,76,INFLOW,20110310,0500,11079, ,CFS
SHA,H,76,INFLOW,20110310,0600,14775, ,CFS
SHA,H,76,INFLOW,20110310,0700,8919, ,CFS
SHA,H,76,INFLOW,20110310,0800,18009, ,CFS
SHA,H,76,INFLOW,20110310,0900,18391, ,CFS
SHA,H,76,INFLOW,20110310,1000,14405, ,CFS
SHA,H,76,INFLOW,20110310,1100,25556, ,CFS
SHA,H,76,INFLOW,20110310,1200,5539, ,CFS
SHA,H,76,INFLOW,20110310,1300,15319, ,CFS
SHA,H,76,INFLOW,20110310,1400,28265, ,CFS
SHA,H,76,INFLOW,20110310,1500,11492, ,CFS
SHA,H,76,INFLOW,20110310,1600,16006, ,CFS
SHA,H,76,INFLOW,20110310,1700,-850, ,CFS
SHA,H,76,INFLOW,20110310,1800,26020, ,CFS
SHA,H,76,INFLOW,20110310,1900,26389, ,CFS
SHA,H,76,INFLOW,20110310,2000,7646, ,CFS
SHA,H,76,INFLOW,20110310,2100,16981, ,CFS
SHA,H,76,INFLOW,20110310,2200,28786, ,CFS
SHA,H,76,INFLOW,20110310,2300,5671, ,CFS
SHA,H,76,INFLOW,20110311,0000,18843, ,CFS
SHA,H,76,INFLOW,20110311,0100,15195, ,CFS
SHA,H,76,INFLOW,20110311,0200,14830, ,CFS
SHA,H,76,INFLOW,20110311,0300,20984, ,CFS
SHA,H,76,INFLOW,20110311,0400,7671, ,CFS
SHA,H,76,INFLOW,20110311,0500,24609, ,CFS
SHA,H,76,INFLOW,20110311,0600,18134, ,CFS
SHA,H,76,INFLOW,20110311,0700,10648, ,CFS
SHA,H,76,INFLOW,20110311,0800,15194, ,CFS
SHA,H,76,INFLOW,20110311,0900,13952, ,CFS
SHA,H,76,INFLOW,20110311,1000,17198, ,CFS
SHA,H,76,INFLOW,20110311,1100,11051, ,CFS
SHA,H,76,INFLOW,20110311,1200,15338, ,CFS
SHA,H,76,INFLOW,20110311,1300,17819, ,CFS
SHA,H,76,INFLOW,20110311,1400,12902, ,CFS
SHA,H,76,INFLOW,20110311,1500,16691, ,CFS
SHA,H,76,INFLOW,20110311,1600,16426, ,CFS
SHA,H,76,INFLOW,20110311,1700,12812, ,CFS
SHA,H,76,INFLOW,20110311,1800,14581, ,CFS
SHA,H,76,INFLOW,20110311,1900,18867, ,CFS
SHA,H,76,INFLOW,20110311,2000,18210, ,CFS
SHA,H,76,INFLOW,20110311,2100,16650, ,CFS
SHA,H,76,INFLOW,20110311,2200,12526, ,CFS
SHA,H,76,INFLOW,20110311,2300,18765, ,CFS
SHA,H,76,INFLOW,20110312,0000,15568, ,CFS
SHA,H,76,INFLOW,20110312,0100,12342, ,CFS
SHA,H,76,INFLOW,20110312,0200,14793, ,CFS
SHA,H,76,INFLOW,20110312,0300,14528, ,CFS
SHA,H,76,INFLOW,20110312,0400,14535, ,CFS
SHA,H,76,INFLOW,20110312,0500,11435, ,CFS
SHA,H,76,INFLOW,20110312,0600,18182, ,CFS
SHA,H,76,INFLOW,20110312,0700,15367, ,CFS
SHA,H,76,INFLOW,20110312,0800,16887, ,CFS
SHA,H,76,INFLOW,20110312,0900,48360, ,CFS
SHA,H,76,INFLOW,20110312,1000,42511, ,CFS
SHA,H,76,INFLOW,20110312,1100,33452, ,CFS
SHA,H,76,INFLOW,20110312,1200,16866, ,CFS
SHA,H,76,INFLOW,20110312,1300,16866, ,CFS
SHA,H,76,INFLOW,20110312,1400,10178, ,CFS
SHA,H,76,INFLOW,20110312,1500,16866, ,CFS
SHA,H,76,INFLOW,20110312,1600,13506, ,CFS
SHA,H,76,INFLOW,20110312,1700,17209, ,CFS
SHA,H,76,INFLOW,20110312,1800,15530, ,CFS
SHA,H,76,INFLOW,20110312,1900,14797, ,CFS
SHA,H,76,INFLOW,20110312,2000,18248, ,CFS
SHA,H,76,INFLOW,20110312,2100,14282, ,CFS
SHA,H,76,INFLOW,20110312,2200,13320, ,CFS
SHA,H,76,INFLOW,20110312,2300,18954, ,CFS
SHA,H,76,INFLOW,20110313,0000,12311, ,CFS
SHA,H,76,INFLOW,20110313,0100,11889, ,CFS
SHA,H,76,INFLOW,20110313,0300,15156, ,CFS
SHA,H,76,INFLOW,20110313,0400,---, ,CFS
SHA,H,76,INFLOW,20110313,0500,11477, ,CFS
SHA,H,76,INFLOW,20110313,0600,15199, ,CFS
SHA,H,76,INFLOW,20110313,0700,9371, ,CFS
SHA,H,76,INFLOW,20110313,0800,14556, ,CFS
SHA,H,76,INFLOW,20110313,0900,8859, ,CFS
SHA,H,76,INFLOW,20110313,1000,18184, ,CFS
SHA,H,76,INFLOW,20110313,1100,11072, ,CFS
SHA,H,76,INFLOW,20110313,1200,24421, ,CFS
SHA,H,76,INFLOW,20110313,1300,3454, ,CFS
SHA,H,76,INFLOW,20110313,1400,20637, ,CFS
SHA,H,76,INFLOW,20110313,1500,21173, ,CFS
SHA,H,76,INFLOW,20110313,1600,9482, ,CFS
SHA,H,76,INFLOW,20110313,1700,23072, ,CFS
SHA,H,76,INFLOW,20110313,1800,13637, ,CFS
SHA,H,76,INFLOW,20110313,1900,23720, ,CFS
SHA,H,76,INFLOW,20110313,2000,13586, ,CFS
SHA,H,76,INFLOW,20110313,2100,25956, ,CFS
SHA,H,76,INFLOW,20110313,2200,13019, ,CFS
SHA,H,76,INFLOW,20110313,2300,15522, ,CFS
SHA,H,76,INFLOW,20110314,0000,24987, ,CFS
SHA,H,76,INFLOW,20110314,0100,12109, ,CFS
SHA,H,76,INFLOW,20110314,0200,21884, ,CFS
SHA,H,76,INFLOW,20110314,0300,18457, ,CFS
SHA,H,76,INFLOW,20110314,0400,21179, ,CFS
SHA,H,76,INFLOW,20110314,0500,18129, ,CFS
SHA,H,76,INFLOW,20110314,0600,21697, ,CFS
SHA,H,76,INFLOW,20110314,0700,13903, ,CFS
SHA,H,76,INFLOW,20110314,0800,23938, ,CFS
SHA,H,76,INFLOW,20110314,0900,20516, ,CFS
SHA,H,76,INFLOW,20110314,1000,15694, ,CFS
SHA,H,76,INFLOW,20110314,1100,21726, ,CFS
SHA,H,76,INFLOW,20110314,1200,16848, ,CFS
SHA,H,76,INFLOW,20110314,1300,20437, ,CFS
SHA,H,76,INFLOW,20110314,1400,16582, ,CFS
SHA,H,76,INFLOW,20110314,1500,19444, ,CFS
SHA,H,76,INFLOW,20110314,1600,17972, ,CFS
SHA,H,76,INFLOW,20110314,1700,18110, ,CFS
SHA,H,76,INFLOW,20110314,1800,15531, ,CFS
SHA,H,76,INFLOW,20110314,1900,24536, ,CFS
SHA,H,76,INFLOW,20110314,2000,15216, ,CFS
SHA,H,76,INFLOW,20110314,2100,19608, ,CFS
SHA,H,76,INFLOW,20110314,2200,23550, ,CFS
SHA,H,76,INFLOW,20110314,2300,22796, ,CFS
SHA,H,76,INFLOW,20110315,0000,15506, ,CFS
SHA,H,76,INFLOW,20110315,0100,20464, ,CFS
SHA,H,76,INFLOW,20110315,0200,17923, ,CFS
SHA,H,76,INFLOW,20110315,0300,18590, ,CFS
SHA,H,76,INFLOW,20110315,0400,20713, ,CFS
SHA,H,76,INFLOW,20110315,0500,24531, ,CFS
SHA,H,76,INFLOW,20110315,0600,18070, ,CFS
SHA,H,76,INFLOW,20110315,0700,14826, ,CFS
SHA,H,76,INFLOW,20110315,0800,33363, ,CFS
SHA,H,76,INFLOW,20110315,0900,14852, ,CFS
SHA,H,76,INFLOW,20110315,1000,11496, ,CFS
SHA,H,76,INFLOW,20110315,1100,38600, ,CFS
SHA,H,76,INFLOW,20110315,1200,18281, ,CFS
SHA,H,76,INFLOW,20110315,1300,14861, ,CFS
SHA,H,76,INFLOW,20110315,1400,52176, ,CFS
SHA,H,76,INFLOW,20110315,1500,11530, ,CFS
SHA,H,76,INFLOW,20110315,1600,11443, ,CFS
SHA,H,76,INFLOW,20110315,1700,35246, ,CFS
SHA,H,76,INFLOW,20110315,1800,28462, ,CFS
SHA,H,76,INFLOW,20110315,1900,21647, ,CFS
SHA,H,76,INFLOW,20110315,2000,35253, ,CFS
SHA,H,76,INFLOW,20110315,2100,28472, ,CFS
SHA,H,76,INFLOW,20110315,2200,25050, ,CFS
SHA,H,76,INFLOW,20110315,2300,35277, ,CFS
SHA,H,76,INFLOW,20110316,0000,35355, ,CFS
SHA,H,76,INFLOW,20110316,0100,35320, ,CFS
SHA,H,76,INFLOW,20110316,0200,35353, ,CFS
SHA,H,76,INFLOW,20110316,0300,38712, ,CFS
SHA,H,76,INFLOW,20110316,0400,38754, ,CFS
SHA,H,76,INFLOW,20110316,0500,42164, ,CFS
SHA,H,76,INFLOW,20110316,0600,35316, ,CFS
SHA,H,76,INFLOW,20110316,0700,38638, ,CFS
SHA,H,76,INFLOW,20110316,0800,44068, ,CFS
SHA,H,76,INFLOW,20110316,0900,40237, ,CFS
SHA,H,76,INFLOW,20110316,1000,36862, ,CFS
SHA,H,76,INFLOW,20110316,1100,33406, ,CFS
SHA,H,76,INFLOW,20110316,1200,39981, ,CFS
SHA,H,76,INFLOW,20110316,1300,36638, ,CFS
SHA,H,76,INFLOW,20110316,1400,31993, ,CFS
SHA,H,76,INFLOW,20110316,1500,28508, ,CFS
SHA,H,76,INFLOW,20110316,1600,46696, ,CFS
SHA,H,76,INFLOW,20110316,1700,33814, ,CFS
SHA,H,76,INFLOW,20110316,1800,28336, ,CFS
SHA,H,76,INFLOW,20110316,1900,35155, ,CFS
SHA,H,76,INFLOW,20110316,2000,32031, ,CFS
SHA,H,76,INFLOW,20110316,2100,31750, ,CFS
SHA,H,76,INFLOW,20110316,2200,38781, ,CFS
SHA,H,76,INFLOW,20110316,2300,30395, ,CFS
SHA,H,76,INFLOW,20110317,0000,33769, ,CFS
SHA,H,76,INFLOW,20110317,0100,31908, ,CFS
SHA,H,76,INFLOW,20110317,0200,28528, ,CFS
SHA,H,76,INFLOW,20110317,0300,34423, ,CFS
SHA,H,76,INFLOW,20110317,0400,27563, ,CFS
SHA,H,76,INFLOW,20110317,0500,27981, ,CFS
SHA,H,76,INFLOW,20110317,0600,28027, ,CFS
SHA,H,76,INFLOW,20110317,0700,28003, ,CFS
SHA,H,76,INFLOW,20110317,0800,21124, ,CFS
SHA,H,76,INFLOW,20110317,0900,28022, ,CFS
SHA,H,76,INFLOW,20110317,1000,100407, ,CFS
SHA,H,76,INFLOW,20110317,1100,21668, ,CFS
SHA,H,76,INFLOW,20110317,1200,28630, ,CFS
SHA,H,76,INFLOW,20110317,1300,24767, ,CFS
SHA,H,76,INFLOW,20110317,1400,21305, ,CFS
SHA,H,76,INFLOW,20110317,1500,24757, ,CFS
SHA,H,76,INFLOW,20110317,1600,24734, ,CFS
SHA,H,76,INFLOW,20110317,1700,24962, ,CFS
SHA,H,76,INFLOW,20110317,1800,28592, ,CFS
SHA,H,76,INFLOW,20110317,1900,28664, ,CFS
SHA,H,76,INFLOW,20110317,2000,22026, ,CFS
SHA,H,76,INFLOW,20110317,2100,37867, ,CFS
SHA,H,76,INFLOW,20110317,2200,15120, ,CFS
SHA,H,76,INFLOW,20110317,2300,25530, ,CFS
SHA,H,76,INFLOW,20110318,0000,32392, ,CFS
SHA,H,76,INFLOW,20110318,0100,28528, ,CFS
SHA,H,76,INFLOW,20110318,0200,21391, ,CFS
SHA,H,76,INFLOW,20110318,0300,31596, ,CFS
SHA,H,76,INFLOW,20110318,0400,14891, ,CFS
SHA,H,76,INFLOW,20110318,0500,32236, ,CFS
SHA,H,76,INFLOW,20110318,0600,28970, ,CFS
SHA,H,76,INFLOW,20110318,0700,20295, ,CFS
SHA,H,76,INFLOW,20110318,0800,32455, ,CFS
SHA,H,76,INFLOW,20110318,0900,32264, ,CFS
SHA,H,76,INFLOW,20110318,1000,28358, ,CFS
SHA,H,76,INFLOW,20110318,1100,42534, ,CFS
SHA,H,76,INFLOW,20110318,1200,46051, ,CFS
SHA,H,76,INFLOW,20110318,1300,25193, ,CFS
SHA,H,76,INFLOW,20110318,1400,39137, ,CFS
SHA,H,76,INFLOW,20110318,1500,44723, ,CFS
SHA,H,76,INFLOW,20110318,1600,31549, ,CFS
SHA,H,76,INFLOW,20110318,1700,41800, ,CFS
SHA,H,76,INFLOW,20110318,1800,31076, ,CFS
SHA,H,76,INFLOW,20110318,1900,38158, ,CFS
SHA,H,76,INFLOW,20110318,2000,46366, ,CFS
SHA,H,76,INFLOW,20110318,2100,32326, ,CFS
SHA,H,76,INFLOW,20110318,2200,43424, ,CFS
SHA,H,76,INFLOW,20110318,2300,39134, ,CFS
SHA,H,76,INFLOW,20110319,0000,39414, ,CFS
SHA,H,76,INFLOW,20110319,0100,42821, ,CFS
SHA,H,76,INFLOW,20110319,0200,32640, ,CFS
SHA,H,76,INFLOW,20110319,0300,36002, ,CFS
SHA,H,76,INFLOW,20110319,0400,39429, ,CFS
SHA,H,76,INFLOW,20110319,0500,39216, ,CFS
SHA,H,76,INFLOW,20110319,0600,29141, ,CFS
SHA,H,76,INFLOW,20110319,0700,43104, ,CFS
SHA,H,76,INFLOW,20110319,0800,36126, ,CFS
SHA,H,76,INFLOW,20110319,0900,32650, ,CFS
SHA,H,76,INFLOW,20110319,1000,42795, ,CFS
SHA,H,76,INFLOW,20110319,1100,29305, ,CFS
SHA,H,76,INFLOW,20110319,1200,43002, ,CFS
SHA,H,76,INFLOW,20110319,1300,35527, ,CFS
SHA,H,76,INFLOW,20110319,1400,42283, ,CFS
SHA,H,76,INFLOW,20110319,1500,30653, ,CFS
SHA,H,76,INFLOW,20110319,1600,42081, ,CFS
SHA,H,76,INFLOW,20110319,1700,32105, ,CFS
SHA,H,76,INFLOW,20110319,1800,45917, ,CFS
SHA,H,76,INFLOW,20110319,1900,39621, ,CFS
SHA,H,76,INFLOW,20110319,2000,39708, ,CFS
SHA,H,76,INFLOW,20110319,2100,39277, ,CFS
SHA,H,76,INFLOW,20110319,2200,42576, ,CFS
SHA,H,76,INFLOW,20110319,2300,39733, ,CFS
SHA,H,76,INFLOW,20110320,0000,46703, ,CFS
SHA,H,76,INFLOW,20110320,0100,44273, ,CFS
SHA,H,76,INFLOW,20110320,0200,47689, ,CFS
SHA,H,76,INFLOW,20110320,0300,43916, ,CFS
SHA,H,76,INFLOW,20110320,0400,50636, ,CFS
SHA,H,76,INFLOW,20110320,0500,43678, ,CFS
SHA,H,76,INFLOW,20110320,0600,50793, ,CFS
SHA,H,76,INFLOW,20110320,0700,33935, ,CFS
SHA,H,76,INFLOW,20110320,0800,58066, ,CFS
SHA,H,76,INFLOW,20110320,0900,27152, ,CFS
SHA,H,76,INFLOW,20110320,1000,67212, ,CFS
SHA,H,76,INFLOW,20110320,1100,32739, ,CFS
SHA,H,76,INFLOW,20110320,1200,45951, ,CFS
SHA,H,76,INFLOW,20110320,1300,39275, ,CFS
SHA,H,76,INFLOW,20110320,1400,45888, ,CFS
SHA,H,76,INFLOW,20110320,1500,25174, ,CFS
SHA,H,76,INFLOW,20110320,1600,53109, ,CFS
SHA,H,76,INFLOW,20110320,1700,41309, ,CFS
SHA,H,76,INFLOW,20110320,1800,37824, ,CFS
SHA,H,76,INFLOW,20110320,1900,42384, ,CFS
SHA,H,76,INFLOW,20110320,2000,42716, ,CFS
SHA,H,76,INFLOW,20110320,2100,42707, ,CFS
SHA,H,76,INFLOW,20110320,2200,35781, ,CFS
SHA,H,76,INFLOW,20110320,2300,38813, ,CFS
SHA,H,76,INFLOW,20110321,0000,38856, ,CFS
SHA,H,76,INFLOW,20110321,0100,34810, ,CFS
SHA,H,76,INFLOW,20110321,0200,41959, ,CFS
SHA,H,76,INFLOW,20110321,0300,34970, ,CFS
SHA,H,76,INFLOW,20110321,0400,32183, ,CFS
SHA,H,76,INFLOW,20110321,0500,32258, ,CFS
SHA,H,76,INFLOW,20110321,0600,35657, ,CFS
SHA,H,76,INFLOW,20110321,0700,25414, ,CFS
SHA,H,76,INFLOW,20110321,0800,32106, ,CFS
SHA,H,76,INFLOW,20110321,0900,31890, ,CFS
SHA,H,76,INFLOW,20110321,1000,30057, ,CFS
SHA,H,76,INFLOW,20110321,1100,34244, ,CFS
SHA,H,76,INFLOW,20110321,1200,29614, ,CFS
SHA,H,76,INFLOW,20110321,1300,29400, ,CFS
SHA,H,76,INFLOW,20110321,1400,32756, ,CFS
SHA,H,76,INFLOW,20110321,1500,29391, ,CFS
SHA,H,76,INFLOW,20110321,1600,32785, ,CFS
SHA,H,76,INFLOW,20110321,1700,25149, ,CFS
SHA,H,76,INFLOW,20110321,1800,28546, ,CFS
SHA,H,76,INFLOW,20110321,1900,29346, ,CFS
SHA,H,76,INFLOW,20110321,2000,25938, ,CFS
SHA,H,76,INFLOW,20110321,2100,26008, ,CFS
SHA,H,76,INFLOW,20110321,2200,30674, ,CFS
SHA,H,76,INFLOW,20110321,2300,28224, ,CFS
SHA,H,76,INFLOW,20110322,0000,26952, ,CFS
SHA,H,76,INFLOW,20110322,0100,24479, ,CFS
SHA,H,76,INFLOW,20110322,0200,27785, ,CFS
SHA,H,76,INFLOW,20110322,0300,31311, ,CFS
SHA,H,76,INFLOW,20110322,0400,31474, ,CFS
SHA,H,76,INFLOW,20110322,0500,24656, ,CFS
SHA,H,76,INFLOW,20110322,0600,24700, ,CFS
SHA,H,76,INFLOW,20110322,0700,24648, ,CFS
SHA,H,76,INFLOW,20110322,0800,27745, ,CFS
SHA,H,76,INFLOW,20110322,0900,17370, ,CFS
SHA,H,76,INFLOW,20110322,1000,27949, ,CFS
SHA,H,76,INFLOW,20110322,1100,24145, ,CFS
SHA,H,76,INFLOW,20110322,1200,19106, ,CFS
SHA,H,76,INFLOW,20110322,1300,32148, ,CFS
SHA,H,76,INFLOW,20110322,1400,21486, ,CFS
SHA,H,76,INFLOW,20110322,1500,24244, ,CFS
SHA,H,76,INFLOW,20110322,1600,24292, ,CFS
SHA,H,76,INFLOW,20110322,1700,20668, ,CFS
SHA,H,76,INFLOW,20110322,1800,22394, ,CFS
SHA,H,76,INFLOW,20110322,1900,29411, ,CFS
SHA,H,76,INFLOW,20110322,2000,19154, ,CFS
SHA,H,76,INFLOW,20110322,2100,22657, ,CFS
SHA,H,76,INFLOW,20110322,2200,24983, ,CFS
SHA,H,76,INFLOW,20110322,2300,14478, ,CFS
SHA,H,76,INFLOW,20110323,0000,28056, ,CFS
SHA,H,76,INFLOW,20110323,0100,21281, ,CFS
SHA,H,76,INFLOW,20110323,0200,21052, ,CFS
SHA,H,76,INFLOW,20110323,0300,27535, ,CFS
SHA,H,76,INFLOW,20110323,0400,24025, ,CFS
SHA,H,76,INFLOW,20110323,0500,24374, ,CFS
SHA,H,76,INFLOW,20110323,0600,24473, ,CFS
SHA,H,76,INFLOW,20110323,0700,26060, ,CFS
SHA,H,76,INFLOW,20110323,0800,21971, ,CFS
SHA,H,76,INFLOW,20110323,0900,28496, ,CFS
SHA,H,76,INFLOW,20110323,1000,25445, ,CFS
SHA,H,76,INFLOW,20110323,1100,25294, ,CFS
SHA,H,76,INFLOW,20110323,1200,25302, ,CFS
SHA,H,76,INFLOW,20110323,1300,25175, ,CFS
SHA,H,76,INFLOW,20110323,1400,25089, ,CFS
SHA,H,76,INFLOW,20110323,1500,32179, ,CFS
SHA,H,76,INFLOW,20110323,1600,25401, ,CFS
SHA,H,76,INFLOW,20110323,1700,22089, ,CFS
SHA,H,76,INFLOW,20110323,1800,35660, ,CFS
SHA,H,76,INFLOW,20110323,1900,21996, ,CFS
SHA,H,76,INFLOW,20110323,2000,17850, ,CFS
SHA,H,76,INFLOW,20110323,2100,28491, ,CFS
SHA,H,76,INFLOW,20110323,2200,31143, ,CFS
SHA,H,76,INFLOW,20110323,2300,24958, ,CFS
SHA,H,76,INFLOW,20110324,0000,21815, ,CFS
SHA,H,76,INFLOW,20110324,0100,34205, ,CFS
SHA,H,76,INFLOW,20110324,0200,21676, ,CFS
SHA,H,76,INFLOW,20110324,0300,25835, ,CFS
SHA,H,76,INFLOW,20110324,0400,28588, ,CFS
SHA,H,76,INFLOW,20110324,0500,38658, ,CFS
SHA,H,76,INFLOW,20110324,0600,28711, ,CFS
SHA,H,76,INFLOW,20110324,0700,25280, ,CFS
SHA,H,76,INFLOW,20110324,0800,42448, ,CFS
SHA,H,76,INFLOW,20110324,0900,39196, ,CFS
SHA,H,76,INFLOW,20110324,1000,15414, ,CFS
SHA,H,76,INFLOW,20110324,1100,72182, ,CFS
SHA,H,76,INFLOW,20110324,1200,35701, ,CFS
SHA,H,76,INFLOW,20110324,1300,32218, ,CFS
SHA,H,76,INFLOW,20110324,1400,32286, ,CFS
SHA,H,76,INFLOW,20110324,1500,52646, ,CFS
SHA,H,76,INFLOW,20110324,1600,28367, ,CFS
SHA,H,76,INFLOW,20110324,1700,44911, ,CFS
SHA,H,76,INFLOW,20110324,1800,41212, ,CFS
SHA,H,76,INFLOW,20110324,1900,38221, ,CFS
SHA,H,76,INFLOW,20110324,2000,35730, ,CFS
SHA,H,76,INFLOW,20110324,2100,42375, ,CFS
SHA,H,76,INFLOW,20110324,2200,25128, ,CFS
SHA,H,76,INFLOW,20110324,2300,35053, ,CFS
SHA,H,76,INFLOW,20110325,0000,42297, ,CFS
SHA,H,76,INFLOW,20110325,0100,28440, ,CFS
SHA,H,76,INFLOW,20110325,0200,42006, ,CFS
SHA,H,76,INFLOW,20110325,0300,38606, ,CFS
SHA,H,76,INFLOW,20110325,0400,28398, ,CFS
SHA,H,76,INFLOW,20110325,0500,49099, ,CFS
SHA,H,76,INFLOW,20110325,0600,32190, ,CFS
SHA,H,76,INFLOW,20110325,0700,31991, ,CFS
SHA,H,76,INFLOW,20110325,0800,35416, ,CFS
SHA,H,76,INFLOW,20110325,0900,29012, ,CFS
SHA,H,76,INFLOW,20110325,1000,39136, ,CFS
SHA,H,76,INFLOW,20110325,1100,32248, ,CFS
SHA,H,76,INFLOW,20110325,1200,41243, ,CFS
SHA,H,76,INFLOW,20110325,1300,45597, ,CFS
SHA,H,76,INFLOW,20110325,1400,35064, ,CFS
SHA,H,76,INFLOW,20110325,1500,37996, ,CFS
SHA,H,76,INFLOW,20110325,1600,38791, ,CFS
SHA,H,76,INFLOW,20110325,1700,38916, ,CFS
SHA,H,76,INFLOW,20110325,1800,40770, ,CFS
SHA,H,76,INFLOW,20110325,1900,39157, ,CFS
SHA,H,76,INFLOW,20110325,2000,42584, ,CFS
SHA,H,76,INFLOW,20110325,2100,50150, ,CFS
SHA,H,76,INFLOW,20110325,2200,33651, ,CFS
SHA,H,76,INFLOW,20110325,2300,47652, ,CFS
SHA,H,76,INFLOW,20110326,0000,44088, ,CFS
SHA,H,76,INFLOW,20110326,0100,40658, ,CFS
SHA,H,76,INFLOW,20110326,0200,53831, ,CFS
SHA,H,76,INFLOW,20110326,0300,36057, ,CFS
SHA,H,76,INFLOW,20110326,0400,42471, ,CFS
SHA,H,76,INFLOW,20110326,0500,52791, ,CFS
SHA,H,76,INFLOW,20110326,0600,35947, ,CFS
SHA,H,76,INFLOW,20110326,0700,53737, ,CFS
SHA,H,76,INFLOW,20110326,0800,50285, ,CFS
SHA,H,76,INFLOW,20110326,0900,43430, ,CFS
SHA,H,76,INFLOW,20110326,1000,46739, ,CFS
SHA,H,76,INFLOW,20110326,1100,56610, ,CFS
SHA,H,76,INFLOW,20110326,1200,42908, ,CFS
SHA,H,76,INFLOW,20110326,1300,49392, ,CFS
SHA,H,76,INFLOW,20110326,1400,42451, ,CFS
SHA,H,76,INFLOW,20110326,1500,53075, ,CFS
SHA,H,76,INFLOW,20110326,1600,42503, ,CFS
SHA,H,76,INFLOW,20110326,1700,42828, ,CFS
SHA,H,76,INFLOW,20110326,1800,44833, ,CFS
SHA,H,76,INFLOW,20110326,1900,42903, ,CFS
SHA,H,76,INFLOW,20110326,2000,39533, ,CFS
SHA,H,76,INFLOW,20110326,2100,42933, ,CFS
SHA,H,76,INFLOW,20110326,2200,42968, ,CFS
SHA,H,76,INFLOW,20110326,2300,42973, ,CFS
SHA,H,76,INFLOW,20110327,0000,36052, ,CFS
SHA,H,76,INFLOW,20110327,0100,39019, ,CFS
SHA,H,76,INFLOW,20110327,0200,38862, ,CFS
SHA,H,76,INFLOW,20110327,0300,34820, ,CFS
SHA,H,76,INFLOW,20110327,0400,31756, ,CFS
SHA,H,76,INFLOW,20110327,0500,35399, ,CFS
SHA,H,76,INFLOW,20110327,0600,38980, ,CFS
SHA,H,76,INFLOW,20110327,0700,29061, ,CFS
SHA,H,76,INFLOW,20110327,0800,35042, ,CFS
SHA,H,76,INFLOW,20110327,0900,29375, ,CFS
SHA,H,76,INFLOW,20110327,1000,36331, ,CFS
SHA,H,76,INFLOW,20110327,1100,32888, ,CFS
SHA,H,76,INFLOW,20110327,1200,32854, ,CFS
SHA,H,76,INFLOW,20110327,1300,39774, ,CFS
SHA,H,76,INFLOW,20110327,1400,32894, ,CFS
SHA,H,76,INFLOW,20110327,1500,32669, ,CFS
SHA,H,76,INFLOW,20110327,1600,39272, ,CFS
SHA,H,76,INFLOW,20110327,1700,36108, ,CFS
SHA,H,76,INFLOW,20110327,1800,25894, ,CFS
SHA,H,76,INFLOW,20110327,1900,33863, ,CFS
SHA,H,76,INFLOW,20110327,2000,34140, ,CFS
SHA,H,76,INFLOW,20110327,2100,30645, ,CFS
SHA,H,76,INFLOW,20110327,2200,34202, ,CFS
SHA,H,76,INFLOW,20110327,2300,30386, ,CFS
SHA,H,76,INFLOW,20110328,0000,34039, ,CFS
SHA,H,76,INFLOW,20110328,0100,33987, ,CFS
SHA,H,76,INFLOW,20110328,0200,30298, ,CFS
SHA,H,76,INFLOW,20110328,0300,26407, ,CFS
SHA,H,76,INFLOW,20110328,0400,29715, ,CFS
SHA,H,76,INFLOW,20110328,0500,27265, ,CFS
SHA,H,76,INFLOW,20110328,0600,30801, ,CFS
SHA,H,76,INFLOW,20110328,0700,27284, ,CFS
SHA,H,76,INFLOW,20110328,0800,26472, ,CFS
SHA,H,76,INFLOW,20110328,0900,26233, ,CFS
SHA,H,76,INFLOW,20110328,1000,30788, ,CFS
SHA,H,76,INFLOW,20110328,1100,27279, ,CFS
SHA,H,76,INFLOW,20110328,1200,3767, ,CFS
SHA,H,76,INFLOW,20110328,1300,25497, ,CFS
SHA,H,76,INFLOW,20110328,1400,4935, ,CFS
SHA,H,76,INFLOW,20110328,1500,28839, ,CFS
SHA,H,76,INFLOW,20110328,1600,28218, ,CFS
SHA,H,76,INFLOW,20110328,1700,28430, ,CFS
SHA,H,76,INFLOW,20110328,1800,22024, ,CFS
SHA,H,76,INFLOW,20110328,1900,25387, ,CFS
SHA,H,76,INFLOW,20110328,2000,29034, ,CFS
SHA,H,76,INFLOW,20110328,2100,19805, ,CFS
SHA,H,76,INFLOW,20110328,2200,30161, ,CFS
SHA,H,76,INFLOW,20110328,2300,23977, ,CFS
SHA,H,76,INFLOW,20110329,0000,23211, ,CFS
SHA,H,76,INFLOW,20110329,0100,25909, ,CFS
SHA,H,76,INFLOW,20110329,0200,26035, ,CFS
SHA,H,76,INFLOW,20110329,0300,22641, ,CFS
SHA,H,76,INFLOW,20110329,0400,26047, ,CFS
SHA,H,76,INFLOW,20110329,0500,19225, ,CFS
SHA,H,76,INFLOW,20110329,0600,25995, ,CFS
SHA,H,76,INFLOW,20110329,0700,26032, ,CFS
SHA,H,76,INFLOW,20110329,0800,25768, ,CFS
SHA,H,76,INFLOW,20110329,0900,21336, ,CFS
SHA,H,76,INFLOW,20110329,1000,28057, ,CFS
SHA,H,76,INFLOW,20110329,1100,17894, ,CFS
SHA,H,76,INFLOW,20110329,1200,24469, ,CFS
SHA,H,76,INFLOW,20110329,1300,20989, ,CFS
SHA,H,76,INFLOW,20110329,1400,21027, ,CFS
SHA,H,76,INFLOW,20110329,1500,27499, ,CFS
SHA,H,76,INFLOW,20110329,1600,18006, ,CFS
SHA,H,76,INFLOW,20110329,1700,24783, ,CFS
SHA,H,76,INFLOW,20110329,1800,24831, ,CFS
SHA,H,76,INFLOW,20110329,1900,21446, ,CFS
SHA,H,76,INFLOW,20110329,2000,18013, ,CFS
SHA,H,76,INFLOW,20110329,2100,21429, ,CFS
SHA,H,76,INFLOW,20110329,2200,24807, ,CFS
SHA,H,76,INFLOW,20110329,2300,21422, ,CFS
SHA,H,76,INFLOW,20110330,0000,21376, ,CFS
SHA,H,76,INFLOW,20110330,0100,21551, ,CFS
SHA,H,76,INFLOW,20110330,0200,21557, ,CFS
SHA,H,76,INFLOW,20110330,0300,14768, ,CFS
SHA,H,76,INFLOW,20110330,0400,28319, ,CFS
SHA,H,76,INFLOW,20110330,0500,14761, ,CFS
SHA,H,76,INFLOW,20110330,0600,21525, ,CFS
SHA,H,76,INFLOW,20110330,0700,21402, ,CFS
SHA,H,76,INFLOW,20110330,0800,15129, ,CFS
SHA,H,76,INFLOW,20110330,0900,24145, ,CFS
SHA,H,76,INFLOW,20110330,1000,17386, ,CFS
SHA,H,76,INFLOW,20110330,1100,18198, ,CFS
SHA,H,76,INFLOW,20110330,1200,21602, ,CFS
SHA,H,76,INFLOW,20110330,1300,18181, ,CFS
SHA,H,76,INFLOW,20110330,1400,21587, ,CFS
SHA,H,76,INFLOW,20110330,1500,14784, ,CFS
SHA,H,76,INFLOW,20110330,1600,21492, ,CFS
SHA,H,76,INFLOW,20110330,1700,21609, ,CFS
SHA,H,76,INFLOW,20110330,1800,21600, ,CFS
SHA,H,76,INFLOW,20110330,1900,18214, ,CFS
SHA,H,76,INFLOW,20110330,2000,21408, ,CFS
SHA,H,76,INFLOW,20110330,2100,21702, ,CFS
SHA,H,76,INFLOW,20110330,2200,18331, ,CFS
SHA,H,76,INFLOW,20110330,2300,21685, ,CFS
SHA,H,76,INFLOW,20110331,0000,21640, ,CFS
SHA,H,76,INFLOW,20110331,0100,18318, ,CFS
SHA,H,76,INFLOW,20110331,0200,25023, ,CFS
SHA,H,76,INFLOW,20110331,0300,18259, ,CFS
SHA,H,76,INFLOW,20110331,0400,18295, ,CFS
SHA,H,76,INFLOW,20110331,0500,21424, ,CFS
SHA,H,76,INFLOW,20110331,0600,17960, ,CFS
SHA,H,76,INFLOW,20110331,0700,17717, ,CFS
SHA,H,76,INFLOW,20110331,0800,21486, ,CFS
SHA,H,76,INFLOW,20110331,0900,24384, ,CFS
SHA,H,76,INFLOW,20110331,1000,20925, ,CFS
SHA,H,76,INFLOW,20110331,1100,17553, ,CFS
SHA,H,76,INFLOW,20110331,1200,18293, ,CFS
SHA,H,76,INFLOW,20110331,1300,18326, ,CFS
SHA,H,76,INFLOW,20110331,1400,21661, ,CFS
SHA,H,76,INFLOW,20110331,1500,21657, ,CFS
SHA,H,76,INFLOW,20110331,1600,18279, ,CFS
SHA,H,76,INFLOW,20110331,1700,18318, ,CFS
SHA,H,76,INFLOW,20110331,1800,21392, ,CFS
SHA,H,76,INFLOW,20110331,1900,18059, ,CFS
SHA,H,76,INFLOW,20110331,2000,21480, ,CFS
SHA,H,76,INFLOW,20110331,2100,21439, ,CFS
SHA,H,76,INFLOW,20110331,2200,24963, ,CFS
SHA,H,76,INFLOW,20110331,2300,21702, ,CFS
SHA,H,76,INFLOW,20110401,0000,21589, ,CFS
SHA,H,76,INFLOW,20110401,0100,21578, ,CFS
SHA,H,76,INFLOW,20110401,0200,18214, ,CFS
SHA,H,76,INFLOW,20110401,0300,21565, ,CFS
SHA,H,76,INFLOW,20110401,0400,21514, ,CFS
SHA,H,76,INFLOW,20110401,0500,21557, ,CFS
SHA,H,76,INFLOW,20110401,0600,21272, ,CFS
SHA,H,76,INFLOW,20110401,0700,21559, ,CFS
SHA,H,76,INFLOW,20110401,0800,14891, ,CFS
SHA,H,76,INFLOW,20110401,0900,21489, ,CFS
SHA,H,76,INFLOW,20110401,1000,21477, ,CFS
SHA,H,76,INFLOW,20110401,1100,21515, ,CFS
SHA,H,76,INFLOW,20110401,1200,21548, ,CFS
SHA,H,76,INFLOW,20110401,1300,21856, ,CFS
SHA,H,76,INFLOW,20110401,1400,21759, ,CFS
SHA,H,76,INFLOW,20110401,1500,18439, ,CFS
SHA,H,76,INFLOW,20110401,1600,21349, ,CFS
SHA,H,76,INFLOW,20110401,1700,21560, ,CFS
SHA,H,76,INFLOW,20110401,1800,21594, ,CFS
SHA,H,76,INFLOW,20110401,1900,20359, ,CFS
SHA,H,76,INFLOW,20110401,2000,23625, ,CFS
SHA,H,76,INFLOW,20110401,2100,20188, ,CFS
SHA,H,76,INFLOW,20110401,2200,25774, ,CFS
SHA,H,76,INFLOW,20110401,2300,19628, ,CFS
SHA,H,76,INFLOW,20110402,0000,23006, ,CFS
SHA,H,76,INFLOW,20110402,0100,13137, ,CFS
SHA,H,76,INFLOW,20110402,0200,26605, ,CFS
SHA,H,76,INFLOW,20110402,0300,10021, ,CFS
SHA,H,76,INFLOW,20110402,0400,16679, ,CFS
SHA,H,76,INFLOW,20110402,0500,16714, ,CFS
SHA,H,76,INFLOW,20110402,0600,13410, ,CFS
SHA,H,76,INFLOW,20110402,0700,29906, ,CFS
SHA,H,76,INFLOW,20110402,0800,26403, ,CFS
SHA,H,76,INFLOW,20110402,0900,27504, ,CFS
SHA,H,76,INFLOW,20110402,1000,35167, ,CFS
SHA,H,76,INFLOW,20110402,1100,21988, ,CFS
SHA,H,76,INFLOW,20110402,1200,15409, ,CFS
SHA,H,76,INFLOW,20110402,1300,31872, ,CFS
SHA,H,76,INFLOW,20110402,1400,15414, ,CFS
SHA,H,76,INFLOW,20110402,1500,25080, ,CFS
SHA,H,76,INFLOW,20110402,1600,22211, ,CFS
SHA,H,76,INFLOW,20110402,1700,22245, ,CFS
SHA,H,76,INFLOW,20110402,1800,22147, ,CFS
SHA,H,76,INFLOW,20110402,1900,22137, ,CFS
SHA,H,76,INFLOW,20110402,2000,15770, ,CFS
SHA,H,76,INFLOW,20110402,2100,22508, ,CFS
SHA,H,76,INFLOW,20110402,2200,25561, ,CFS
SHA,H,76,INFLOW,20110402,2300,15722, ,CFS
SHA,H,76,INFLOW,20110403,0000,22430, ,CFS
SHA,H,76,INFLOW,20110403,0100,15635, ,CFS
SHA,H,76,INFLOW,20110403,0200,21522, ,CFS
SHA,H,76,INFLOW,20110403,0300,25051, ,CFS
SHA,H,76,INFLOW,20110403,0400,12070, ,CFS
SHA,H,76,INFLOW,20110403,0500,25479, ,CFS
SHA,H,76,INFLOW,20110403,0600,15663, ,CFS
SHA,H,76,INFLOW,20110403,0700,12335, ,CFS
SHA,H,76,INFLOW,20110403,0800,18855, ,CFS
SHA,H,76,INFLOW,20110403,0900,18938, ,CFS
SHA,H,76,INFLOW,20110403,1000,28794, ,CFS
SHA,H,76,INFLOW,20110403,1100,22233, ,CFS
SHA,H,76,INFLOW,20110403,1200,17292, ,CFS
SHA,H,76,INFLOW,20110403,1300,20690, ,CFS
SHA,H,76,INFLOW,20110403,1400,22170, ,CFS
SHA,H,76,INFLOW,20110403,1500,22093, ,CFS
SHA,H,76,INFLOW,20110403,1600,15782, ,CFS
SHA,H,76,INFLOW,20110403,1700,22565, ,CFS
SHA,H,76,INFLOW,20110403,1800,16083, ,CFS
SHA,H,76,INFLOW,20110403,1900,25973, ,CFS
SHA,H,76,INFLOW,20110403,2000,16021, ,CFS
SHA,H,76,INFLOW,20110403,2100,19358, ,CFS
SHA,H,76,INFLOW,20110403,2200,19389, ,CFS
SHA,H,76,INFLOW,20110403,2300,18910, ,CFS
SHA,H,76,INFLOW,20110404,0000,18763, ,CFS
SHA,H,76,INFLOW,20110404,0100,15772, ,CFS
SHA,H,76,INFLOW,20110404,0200,22349, ,CFS
SHA,H,76,INFLOW,20110404,0300,9176, ,CFS
SHA,H,76,INFLOW,20110404,0400,19064, ,CFS
SHA,H,76,INFLOW,20110404,0500,22344, ,CFS
SHA,H,76,INFLOW,20110404,0600,12352, ,CFS
SHA,H,76,INFLOW,20110404,0700,19009, ,CFS
SHA,H,76,INFLOW,20110404,0800,18799, ,CFS
SHA,H,76,INFLOW,20110404,0900,15820, ,CFS
SHA,H,76,INFLOW,20110404,1000,18850, ,CFS
SHA,H,76,INFLOW,20110404,1100,18839, ,CFS
SHA,H,76,INFLOW,20110404,1200,18341, ,CFS
SHA,H,76,INFLOW,20110404,1300,15615, ,CFS
SHA,H,76,INFLOW,20110404,1400,22029, ,CFS
SHA,H,76,INFLOW,20110404,1500,12371, ,CFS
SHA,H,76,INFLOW,20110404,1600,18858, ,CFS
SHA,H,76,INFLOW,20110404,1700,18897, ,CFS
SHA,H,76,INFLOW,20110404,1800,12340, ,CFS
SHA,H,76,INFLOW,20110404,1900,18346, ,CFS
SHA,H,76,INFLOW,20110404,2000,21701, ,CFS
SHA,H,76,INFLOW,20110404,2100,18319, ,CFS
SHA,H,76,INFLOW,20110404,2200,18869, ,CFS
SHA,H,76,INFLOW,20110404,2300,18962, ,CFS
SHA,H,76,INFLOW,20110405,0000,18905, ,CFS
SHA,H,76,INFLOW,20110405,0100,18857, ,CFS
SHA,H,76,INFLOW,20110405,0200,12249, ,CFS
SHA,H,76,INFLOW,20110405,0300,18536, ,CFS
SHA,H,76,INFLOW,20110405,0400,15383, ,CFS
SHA,H,76,INFLOW,20110405,0500,15545, ,CFS
SHA,H,76,INFLOW,20110405,0600,18899, ,CFS
SHA,H,76,INFLOW,20110405,0700,8611, ,CFS
SHA,H,76,INFLOW,20110405,0800,21519, ,CFS
SHA,H,76,INFLOW,20110405,0900,11627, ,CFS
SHA,H,76,INFLOW,20110405,1000,18905, ,CFS
SHA,H,76,INFLOW,20110405,1100,12044, ,CFS
SHA,H,76,INFLOW,20110405,1200,18472, ,CFS
SHA,H,76,INFLOW,20110405,1300,15412, ,CFS
SHA,H,76,INFLOW,20110405,1400,15547, ,CFS
SHA,H,76,INFLOW,20110405,1500,18707, ,CFS
SHA,H,76,INFLOW,20110405,1600,18898, ,CFS
SHA,H,76,INFLOW,20110405,1700,15641, ,CFS
SHA,H,76,INFLOW,20110405,1800,18812, ,CFS
SHA,H,76,INFLOW,20110405,1900,15483, ,CFS
SHA,H,76,INFLOW,20110405,2000,15433, ,CFS
SHA,H,76,INFLOW,20110405,2100,18650, ,CFS
SHA,H,76,INFLOW,20110405,2200,18717, ,CFS
SHA,H,76,INFLOW,20110405,2300,15587, ,CFS
SHA,H,76,INFLOW,20110406,0000,18756, ,CFS
SHA,H,76,INFLOW,20110406,0100,18871, ,CFS
SHA,H,76,INFLOW,20110406,0200,15681, ,CFS
SHA,H,76,INFLOW,20110406,0300,18922, ,CFS
SHA,H,76,INFLOW,20110406,0400,5841, ,CFS
SHA,H,76,INFLOW,20110406,0500,12371, ,CFS
SHA,H,76,INFLOW,20110406,0600,12416, ,CFS
SHA,H,76,INFLOW,20110406,0700,14492, ,CFS
SHA,H,76,INFLOW,20110406,0800,18952, ,CFS
SHA,H,76,INFLOW,20110406,0900,13368, ,CFS
SHA,H,76,INFLOW,20110406,1000,12456, ,CFS
SHA,H,76,INFLOW,20110406,1100,22204, ,CFS
SHA,H,76,INFLOW,20110406,1200,15689, ,CFS
SHA,H,76,INFLOW,20110406,1300,15560, ,CFS
SHA,H,76,INFLOW,20110406,1400,15670, ,CFS
SHA,H,76,INFLOW,20110406,1500,12182, ,CFS
SHA,H,76,INFLOW,20110406,1600,24687, ,CFS
SHA,H,76,INFLOW,20110406,1700,1708, ,CFS
SHA,H,76,INFLOW,20110406,1800,27644, ,CFS
SHA,H,76,INFLOW,20110406,1900,21416, ,CFS
SHA,H,76,INFLOW,20110406,2000,5230, ,CFS
SHA,H,76,INFLOW,20110406,2100,27892, ,CFS
SHA,H,76,INFLOW,20110406,2200,22123, ,CFS
SHA,H,76,INFLOW,20110406,2300,9175, ,CFS
SHA,H,76,INFLOW,20110407,0000,22056, ,CFS
SHA,H,76,INFLOW,20110407,0100,14760, ,CFS
SHA,H,76,INFLOW,20110407,0200,10389, ,CFS
SHA,H,76,INFLOW,20110407,0300,23352, ,CFS
SHA,H,76,INFLOW,20110407,0400,7437, ,CFS
SHA,H,76,INFLOW,20110407,0500,23607, ,CFS
SHA,H,76,INFLOW,20110407,0600,17212, ,CFS
SHA,H,76,INFLOW,20110407,0700,15154, ,CFS
SHA,H,76,INFLOW,20110407,0800,14455, ,CFS
SHA,H,76,INFLOW,20110407,0900,14415, ,CFS
SHA,H,76,INFLOW,20110407,1000,17892, ,CFS
SHA,H,76,INFLOW,20110407,1100,14251, ,CFS
SHA,H,76,INFLOW,20110407,1200,10811, ,CFS
SHA,H,76,INFLOW,20110407,1300,15337, ,CFS
SHA,H,76,INFLOW,20110407,1400,21897, ,CFS
SHA,H,76,INFLOW,20110407,1500,12279, ,CFS
SHA,H,76,INFLOW,20110407,1600,15489, ,CFS
SHA,H,76,INFLOW,20110407,1700,15663, ,CFS
SHA,H,76,INFLOW,20110407,1800,19169, ,CFS
SHA,H,76,INFLOW,20110407,1900,12640, ,CFS
SHA,H,76,INFLOW,20110407,2000,18893, ,CFS
SHA,H,76,INFLOW,20110407,2100,15399, ,CFS
SHA,H,76,INFLOW,20110407,2200,12631, ,CFS
SHA,H,76,INFLOW,20110407,2300,18347, ,CFS
SHA,H,76,INFLOW,20110408,0000,15086, ,CFS
SHA,H,76,INFLOW,20110408,0100,13788, ,CFS
SHA,H,76,INFLOW,20110408,0200,13284, ,CFS
SHA,H,76,INFLOW,20110408,0300,13233, ,CFS
SHA,H,76,INFLOW,20110408,0400,10013, ,CFS
SHA,H,76,INFLOW,20110408,0500,19851, ,CFS
SHA,H,76,INFLOW,20110408,0600,10532, ,CFS
SHA,H,76,INFLOW,20110408,0700,10662, ,CFS
SHA,H,76,INFLOW,20110408,0800,17327, ,CFS
SHA,H,76,INFLOW,20110408,0900,17397, ,CFS
SHA,H,76,INFLOW,20110408,1000,11409, ,CFS
SHA,H,76,INFLOW,20110408,1100,17790, ,CFS
SHA,H,76,INFLOW,20110408,1200,11604, ,CFS
SHA,H,76,INFLOW,20110408,1300,18295, ,CFS
SHA,H,76,INFLOW,20110408,1400,15100, ,CFS
SHA,H,76,INFLOW,20110408,1500,14990, ,CFS
SHA,H,76,INFLOW,20110408,1600,14689, ,CFS
SHA,H,76,INFLOW,20110408,1700,11886, ,CFS
SHA,H,76,INFLOW,20110408,1800,18404, ,CFS
SHA,H,76,INFLOW,20110408,1900,11959, ,CFS
SHA,H,76,INFLOW,20110408,2000,18414, ,CFS
SHA,H,76,INFLOW,20110408,2100,15169, ,CFS
SHA,H,76,INFLOW,20110408,2200,15286, ,CFS
SHA,H,76,INFLOW,20110408,2300,15293, ,CFS
SHA,H,76,INFLOW,20110409,0000,16836, ,CFS
SHA,H,76,INFLOW,20110409,0100,11170, ,CFS
SHA,H,76,INFLOW,20110409,0200,14275, ,CFS
SHA,H,76,INFLOW,20110409,0300,17513, ,CFS
SHA,H,76,INFLOW,20110409,0400,14285, ,CFS
SHA,H,76,INFLOW,20110409,0500,14383, ,CFS
SHA,H,76,INFLOW,20110409,0600,11460, ,CFS
SHA,H,76,INFLOW,20110409,0700,17676, ,CFS
SHA,H,76,INFLOW,20110409,0800,15581, ,CFS
SHA,H,76,INFLOW,20110409,0900,14542, ,CFS
SHA,H,76,INFLOW,20110409,1000,11162, ,CFS
SHA,H,76,INFLOW,20110409,1100,14121, ,CFS
SHA,H,76,INFLOW,20110409,1200,10636, ,CFS
SHA,H,76,INFLOW,20110409,1300,14636, ,CFS
SHA,H,76,INFLOW,20110409,1400,14742, ,CFS
SHA,H,76,INFLOW,20110409,1500,14796, ,CFS
SHA,H,76,INFLOW,20110409,1600,11754, ,CFS
SHA,H,76,INFLOW,20110409,1700,11763, ,CFS
SHA,H,76,INFLOW,20110409,1800,11615, ,CFS
SHA,H,76,INFLOW,20110409,1900,14730, ,CFS
SHA,H,76,INFLOW,20110409,2000,12249, ,CFS
SHA,H,76,INFLOW,20110409,2100,15371, ,CFS
SHA,H,76,INFLOW,20110409,2200,11931, ,CFS
SHA,H,76,INFLOW,20110409,2300,18684, ,CFS
SHA,H,76,INFLOW,20110410,0000,4711, ,CFS
SHA,H,76,INFLOW,20110410,0100,20009, ,CFS
SHA,H,76,INFLOW,20110410,0200,6997, ,CFS
SHA,H,76,INFLOW,20110410,0300,13306, ,CFS
SHA,H,76,INFLOW,20110410,0400,13026, ,CFS
SHA,H,76,INFLOW,20110410,0500,9829, ,CFS
SHA,H,76,INFLOW,20110410,0600,13751, ,CFS
SHA,H,76,INFLOW,20110410,0700,13433, ,CFS
SHA,H,76,INFLOW,20110410,0800,14422, ,CFS
SHA,H,76,INFLOW,20110410,0900,11118, ,CFS
SHA,H,76,INFLOW,20110410,1000,12420, ,CFS
SHA,H,76,INFLOW,20110410,1100,15450, ,CFS
SHA,H,76,INFLOW,20110410,1200,13014, ,CFS
SHA,H,76,INFLOW,20110410,1300,13260, ,CFS
SHA,H,76,INFLOW,20110410,1400,16476, ,CFS
SHA,H,76,INFLOW,20110410,1500,13260, ,CFS
SHA,H,76,INFLOW,20110410,1600,13465, ,CFS
SHA,H,76,INFLOW,20110410,1700,12108, ,CFS
SHA,H,76,INFLOW,20110410,1800,16501, ,CFS
SHA,H,76,INFLOW,20110410,1900,12939, ,CFS
SHA,H,76,INFLOW,20110410,2000,14444, ,CFS
SHA,H,76,INFLOW,20110410,2100,14633, ,CFS
SHA,H,76,INFLOW,20110410,2200,14244, ,CFS
SHA,H,76,INFLOW,20110410,2300,13369, ,CFS
SHA,H,76,INFLOW,20110411,0000,10457, ,CFS
SHA,H,76,INFLOW,20110411,0100,15011, ,CFS
SHA,H,76,INFLOW,20110411,0200,11491, ,CFS
SHA,H,76,INFLOW,20110411,0300,14978, ,CFS
SHA,H,76,INFLOW,20110411,0400,11690, ,CFS
SHA,H,76,INFLOW,20110411,0500,11742, ,CFS
SHA,H,76,INFLOW,20110411,0600,15415, ,CFS
SHA,H,76,INFLOW,20110411,0700,12522, ,CFS
SHA,H,76,INFLOW,20110411,0800,12887, ,CFS
SHA,H,76,INFLOW,20110411,0900,13277, ,CFS
SHA,H,76,INFLOW,20110411,1000,10288, ,CFS
SHA,H,76,INFLOW,20110411,1100,15261, ,CFS
SHA,H,76,INFLOW,20110411,1200,11946, ,CFS
SHA,H,76,INFLOW,20110411,1300,15026, ,CFS
SHA,H,76,INFLOW,20110411,1400,12083, ,CFS
SHA,H,76,INFLOW,20110411,1500,15076, ,CFS
SHA,H,76,INFLOW,20110411,1600,13006, ,CFS
SHA,H,76,INFLOW,20110411,1700,10998, ,CFS
SHA,H,76,INFLOW,20110411,1800,14926, ,CFS
SHA,H,76,INFLOW,20110411,1900,11551, ,CFS
SHA,H,76,INFLOW,20110411,2000,15940, ,CFS
SHA,H,76,INFLOW,20110411,2100,13388, ,CFS
SHA,H,76,INFLOW,20110411,2200,16398, ,CFS
SHA,H,76,INFLOW,20110411,2300,10243, ,CFS
SHA,H,76,INFLOW,20110412,0000,11383, ,CFS
SHA,H,76,INFLOW,20110412,0100,12339, ,CFS
SHA,H,76,INFLOW,20110412,0200,5710, ,CFS
SHA,H,76,INFLOW,20110412,0300,5932, ,CFS
SHA,H,76,INFLOW,20110412,0400,9170, ,CFS
SHA,H,76,INFLOW,20110412,0500,15849, ,CFS
SHA,H,76,INFLOW,20110412,0600,9771, ,CFS
SHA,H,76,INFLOW,20110412,0700,7138, ,CFS
SHA,H,76,INFLOW,20110412,0800,11489, ,CFS
SHA,H,76,INFLOW,20110412,0900,12351, ,CFS
SHA,H,76,INFLOW,20110412,1000,14261, ,CFS
SHA,H,76,INFLOW,20110412,1100,8114, ,CFS
SHA,H,76,INFLOW,20110412,1200,14181, ,CFS
SHA,H,76,INFLOW,20110412,1300,13520, ,CFS
SHA,H,76,INFLOW,20110412,1400,13160, ,CFS
SHA,H,76,INFLOW,20110412,1500,13257, ,CFS
SHA,H,76,INFLOW,20110412,1600,15464, ,CFS
SHA,H,76,INFLOW,20110412,1700,11704, ,CFS
SHA,H,76,INFLOW,20110412,1800,9520, ,CFS
SHA,H,76,INFLOW,20110412,1900,11309, ,CFS
SHA,H,76,INFLOW,20110412,2000,13407, ,CFS
SHA,H,76,INFLOW,20110412,2100,26366, ,CFS
SHA,H,76,INFLOW,20110412,2200,26679, ,CFS
SHA,H,76,INFLOW,20110412,2300,13768, ,CFS
SHA,H,76,INFLOW,20110413,0000,-3512, ,CFS
SHA,H,76,INFLOW,20110413,0100,31786, ,CFS
SHA,H,76,INFLOW,20110413,0200,5548, ,CFS
SHA,H,76,INFLOW,20110413,0300,2460, ,CFS
SHA,H,76,INFLOW,20110413,0400,25305, ,CFS
SHA,H,76,INFLOW,20110413,0500,2499, ,CFS
SHA,H,76,INFLOW,20110413,0600,9487, ,CFS
SHA,H,76,INFLOW,20110413,0700,24623, ,CFS
SHA,H,76,INFLOW,20110413,0800,3460, ,CFS
SHA,H,76,INFLOW,20110413,0900,21501, ,CFS
SHA,H,76,INFLOW,20110413,1000,16615, ,CFS
SHA,H,76,INFLOW,20110413,1100,9588, ,CFS
SHA,H,76,INFLOW,20110413,1200,16038, ,CFS
SHA,H,76,INFLOW,20110413,1300,12329, ,CFS
SHA,H,76,INFLOW,20110413,1400,9179, ,CFS
SHA,H,76,INFLOW,20110413,1500,12089, ,CFS
SHA,H,76,INFLOW,20110413,1600,8302, ,CFS
SHA,H,76,INFLOW,20110413,1700,16019, ,CFS
SHA,H,76,INFLOW,20110413,1800,16094, ,CFS
SHA,H,76,INFLOW,20110413,1900,5859, ,CFS
SHA,H,76,INFLOW,20110413,2000,12600, ,CFS
SHA,H,76,INFLOW,20110413,2100,14992, ,CFS
SHA,H,76,INFLOW,20110413,2200,13442, ,CFS
SHA,H,76,INFLOW,20110413,2300,12825, ,CFS
SHA,H,76,INFLOW,20110414,0000,12588, ,CFS
SHA,H,76,INFLOW,20110414,0100,6793, ,CFS
SHA,H,76,INFLOW,20110414,0200,13216, ,CFS
SHA,H,76,INFLOW,20110414,0300,3426, ,CFS
SHA,H,76,INFLOW,20110414,0400,9986, ,CFS
SHA,H,76,INFLOW,20110414,0500,9983, ,CFS
SHA,H,76,INFLOW,20110414,0600,3903, ,CFS
SHA,H,76,INFLOW,20110414,0700,8610, ,CFS
SHA,H,76,INFLOW,20110414,0800,7722, ,CFS
SHA,H,76,INFLOW,20110414,0900,15043, ,CFS
SHA,H,76,INFLOW,20110414,1000,8057, ,CFS
SHA,H,76,INFLOW,20110414,1100,12510, ,CFS
SHA,H,76,INFLOW,20110414,1200,12258, ,CFS
SHA,H,76,INFLOW,20110414,1300,12810, ,CFS
SHA,H,76,INFLOW,20110414,1400,12970, ,CFS
SHA,H,76,INFLOW,20110414,1500,7641, ,CFS
SHA,H,76,INFLOW,20110414,1600,9868, ,CFS
SHA,H,76,INFLOW,20110414,1700,6147, ,CFS
SHA,H,76,INFLOW,20110414,1800,13013, ,CFS
SHA,H,76,INFLOW,20110414,1900,13079, ,CFS
SHA,H,76,INFLOW,20110414,2000,13356, ,CFS
SHA,H,76,INFLOW,20110414,2100,15527, ,CFS
SHA,H,76,INFLOW,20110414,2200,9488, ,CFS
SHA,H,76,INFLOW,20110414,2300,16788, ,CFS
SHA,H,76,INFLOW,20110415,0000,10234, ,CFS
SHA,H,76,INFLOW,20110415,0100,16443, ,CFS
SHA,H,76,INFLOW,20110415,0200,9879, ,CFS
SHA,H,76,INFLOW,20110415,0300,9879, ,CFS
SHA,H,76,INFLOW,20110415,0400,6600, ,CFS
SHA,H,76,INFLOW,20110415,0500,10024, ,CFS
SHA,H,76,INFLOW,20110415,0600,6060, ,CFS
SHA,H,76,INFLOW,20110415,0700,12036, ,CFS
SHA,H,76,INFLOW,20110415,0800,13262, ,CFS
SHA,H,76,INFLOW,20110415,0900,16946, ,CFS
SHA,H,76,INFLOW,20110415,1000,11495, ,CFS
SHA,H,76,INFLOW,20110415,1100,9834, ,CFS
SHA,H,76,INFLOW,20110415,1200,13873, ,CFS
SHA,H,76,INFLOW,20110415,1300,15740, ,CFS
SHA,H,76,INFLOW,20110415,1400,11282, ,CFS
SHA,H,76,INFLOW,20110415,1500,13618, ,CFS
SHA,H,76,INFLOW,20110415,1600,9981, ,CFS
SHA,H,76,INFLOW,20110415,1700,12882, ,CFS
SHA,H,76,INFLOW,20110415,1800,9454, ,CFS
SHA,H,76,INFLOW,20110415,1900,14943, ,CFS
SHA,H,76,INFLOW,20110415,2000,17756, ,CFS
SHA,H,76,INFLOW,20110415,2100,8021, ,CFS
SHA,H,76,INFLOW,20110415,2200,21118, ,CFS
SHA,H,76,INFLOW,20110415,2300,12369, ,CFS
SHA,H,76,INFLOW,20110416,0000,10264, ,CFS
SHA,H,76,INFLOW,20110416,0100,13256, ,CFS
SHA,H,76,INFLOW,20110416,0200,6694, ,CFS
SHA,H,76,INFLOW,20110416,0300,13256, ,CFS
SHA,H,76,INFLOW,20110416,0400,6694, ,CFS
SHA,H,76,INFLOW,20110416,0500,6726, ,CFS
SHA,H,76,INFLOW,20110416,0600,10192, ,CFS
SHA,H,76,INFLOW,20110416,0700,6759, ,CFS
SHA,H,76,INFLOW,20110416,0800,10481, ,CFS
SHA,H,76,INFLOW,20110416,0900,9454, ,CFS
SHA,H,76,INFLOW,20110416,1000,7958, ,CFS
SHA,H,76,INFLOW,20110416,1100,13024, ,CFS
SHA,H,76,INFLOW,20110416,1200,11417, ,CFS
SHA,H,76,INFLOW,20110416,1300,12559, ,CFS
SHA,H,76,INFLOW,20110416,1400,12900, ,CFS
SHA,H,76,INFLOW,20110416,1500,9758, ,CFS
SHA,H,76,INFLOW,20110416,1600,9872, ,CFS
SHA,H,76,INFLOW,20110416,1700,8833, ,CFS
SHA,H,76,INFLOW,20110416,1800,15382, ,CFS
SHA,H,76,INFLOW,20110416,1900,5683, ,CFS
SHA,H,76,INFLOW,20110416,2000,15861, ,CFS
SHA,H,76,INFLOW,20110416,2100,9725, ,CFS
SHA,H,76,INFLOW,20110416,2200,17297, ,CFS
SHA,H,76,INFLOW,20110416,2300,14738, ,CFS
SHA,H,76,INFLOW,20110417,0000,10645, ,CFS
SHA,H,76,INFLOW,20110417,0100,10096, ,CFS
SHA,H,76,INFLOW,20110417,0200,6687, ,CFS
SHA,H,76,INFLOW,20110417,0300,9983, ,CFS
SHA,H,76,INFLOW,20110417,0400,6686, ,CFS
SHA,H,76,INFLOW,20110417,0500,6686, ,CFS
SHA,H,76,INFLOW,20110417,0600,9983, ,CFS
SHA,H,76,INFLOW,20110417,0700,6934, ,CFS
SHA,H,76,INFLOW,20110417,0800,8571, ,CFS
SHA,H,76,INFLOW,20110417,0900,7057, ,CFS
SHA,H,76,INFLOW,20110417,1000,11027, ,CFS
SHA,H,76,INFLOW,20110417,1100,15219, ,CFS
SHA,H,76,INFLOW,20110417,1200,16559, ,CFS
SHA,H,76,INFLOW,20110417,1300,10227, ,CFS
SHA,H,76,INFLOW,20110417,1400,14560, ,CFS
SHA,H,76,INFLOW,20110417,1500,7791, ,CFS
SHA,H,76,INFLOW,20110417,1600,13828, ,CFS
SHA,H,76,INFLOW,20110417,1700,14188, ,CFS
SHA,H,76,INFLOW,20110417,1800,14280, ,CFS
SHA,H,76,INFLOW,20110417,1900,5796, ,CFS
SHA,H,76,INFLOW,20110417,2000,23289, ,CFS
SHA,H,76,INFLOW,20110417,2100,7319, ,CFS
SHA,H,76,INFLOW,20110417,2200,17735, ,CFS
SHA,H,76,INFLOW,20110417,2300,13640, ,CFS
SHA,H,76,INFLOW,20110418,0000,12253, ,CFS
SHA,H,76,INFLOW,20110418,0100,13409, ,CFS
SHA,H,76,INFLOW,20110418,0200,10007, ,CFS
SHA,H,76,INFLOW,20110418,0300,6710, ,CFS
SHA,H,76,INFLOW,20110418,0400,16600, ,CFS
SHA,H,76,INFLOW,20110418,0500,6710, ,CFS
SHA,H,76,INFLOW,20110418,0600,10233, ,CFS
SHA,H,76,INFLOW,20110418,0700,7788, ,CFS
SHA,H,76,INFLOW,20110418,0800,11683, ,CFS
SHA,H,76,INFLOW,20110418,0900,14623, ,CFS
SHA,H,76,INFLOW,20110418,1000,12597, ,CFS
SHA,H,76,INFLOW,20110418,1100,13797, ,CFS
SHA,H,76,INFLOW,20110418,1200,16354, ,CFS
SHA,H,76,INFLOW,20110418,1300,10489, ,CFS
SHA,H,76,INFLOW,20110418,1400,16334, ,CFS
SHA,H,76,INFLOW,20110418,1500,16193, ,CFS
SHA,H,76,INFLOW,20110418,1600,11654, ,CFS
SHA,H,76,INFLOW,20110418,1700,15432, ,CFS
SHA,H,76,INFLOW,20110418,1800,11354, ,CFS
SHA,H,76,INFLOW,20110418,1900,11415, ,CFS
SHA,H,76,INFLOW,20110418,2000,14495, ,CFS
SHA,H,76,INFLOW,20110418,2100,11754, ,CFS
SHA,H,76,INFLOW,20110418,2200,10526, ,CFS
SHA,H,76,INFLOW,20110418,2300,17952, ,CFS
SHA,H,76,INFLOW,20110419,0000,10406, ,CFS
SHA,H,76,INFLOW,20110419,0100,13371, ,CFS
SHA,H,76,INFLOW,20110419,0200,13366, ,CFS
SHA,H,76,INFLOW,20110419,0300,10054, ,CFS
SHA,H,76,INFLOW,20110419,0400,10054, ,CFS
SHA,H,76,INFLOW,20110419,0500,6972, ,CFS
SHA,H,76,INFLOW,20110419,0600,10981, ,CFS
SHA,H,76,INFLOW,20110419,0700,15288, ,CFS
SHA,H,76,INFLOW,20110419,0800,12496, ,CFS
SHA,H,76,INFLOW,20110419,0900,13604, ,CFS
SHA,H,76,INFLOW,20110419,1000,9718, ,CFS
SHA,H,76,INFLOW,20110419,1100,13690, ,CFS
SHA,H,76,INFLOW,20110419,1200,13753, ,CFS
SHA,H,76,INFLOW,20110419,1300,13680, ,CFS
SHA,H,76,INFLOW,20110419,1400,16862, ,CFS
SHA,H,76,INFLOW,20110419,1500,12312, ,CFS
SHA,H,76,INFLOW,20110419,1600,11945, ,CFS
SHA,H,76,INFLOW,20110419,1700,16302, ,CFS
SHA,H,76,INFLOW,20110419,1800,11102, ,CFS
SHA,H,76,INFLOW,20110419,1900,14009, ,CFS
SHA,H,76,INFLOW,20110419,2000,11502, ,CFS
SHA,H,76,INFLOW,20110419,2100,18745, ,CFS
SHA,H,76,INFLOW,20110419,2200,11278, ,CFS
SHA,H,76,INFLOW,20110419,2300,14852, ,CFS
SHA,H,76,INFLOW,20110420,0000,14428, ,CFS
SHA,H,76,INFLOW,20110420,0100,13433, ,CFS
SHA,H,76,INFLOW,20110420,0200,13390, ,CFS
SHA,H,76,INFLOW,20110420,0300,13390, ,CFS
SHA,H,76,INFLOW,20110420,0400,20046, ,CFS
SHA,H,76,INFLOW,20110420,0500,20199, ,CFS
SHA,H,76,INFLOW,20110420,0600,12061, ,CFS
SHA,H,76,INFLOW,20110420,0700,14312, ,CFS
SHA,H,76,INFLOW,20110420,0800,9751, ,CFS
SHA,H,76,INFLOW,20110420,0900,17142, ,CFS
SHA,H,76,INFLOW,20110420,1000,18465, ,CFS
SHA,H,76,INFLOW,20110420,1100,16271, ,CFS
SHA,H,76,INFLOW,20110420,1200,19647, ,CFS
SHA,H,76,INFLOW,20110420,1300,17448, ,CFS
SHA,H,76,INFLOW,20110420,1400,13564, ,CFS
SHA,H,76,INFLOW,20110420,1500,17291, ,CFS
SHA,H,76,INFLOW,20110420,1600,20658, ,CFS
SHA,H,76,INFLOW,20110420,1700,9566, ,CFS
SHA,H,76,INFLOW,20110420,1800,22510, ,CFS
SHA,H,76,INFLOW,20110420,1900,14803, ,CFS
SHA,H,76,INFLOW,20110420,2000,16508, ,CFS
SHA,H,76,INFLOW,20110420,2100,21994, ,CFS
SHA,H,76,INFLOW,20110420,2200,24762, ,CFS
SHA,H,76,INFLOW,20110420,2300,26860, ,CFS
SHA,H,76,INFLOW,20110421,0000,13853, ,CFS
SHA,H,76,INFLOW,20110421,0100,26834, ,CFS
SHA,H,76,INFLOW,20110421,0200,16676, ,CFS
SHA,H,76,INFLOW,20110421,0300,16676, ,CFS
SHA,H,76,INFLOW,20110421,0400,20004, ,CFS
SHA,H,76,INFLOW,20110421,0500,16834, ,CFS
SHA,H,76,INFLOW,20110421,0600,19393, ,CFS
SHA,H,76,INFLOW,20110421,0700,16035, ,CFS
SHA,H,76,INFLOW,20110421,0800,18718, ,CFS
SHA,H,76,INFLOW,20110421,0900,16107, ,CFS
SHA,H,76,INFLOW,20110421,1000,14911, ,CFS
SHA,H,76,INFLOW,20110421,1100,18242, ,CFS
SHA,H,76,INFLOW,20110421,1200,21764, ,CFS
SHA,H,76,INFLOW,20110421,1300,18433, ,CFS
SHA,H,76,INFLOW,20110421,1400,21095, ,CFS
SHA,H,76,INFLOW,20110421,1500,24595, ,CFS
SHA,H,76,INFLOW,20110421,1600,20946, ,CFS
SHA,H,76,INFLOW,20110421,1700,17284, ,CFS
SHA,H,76,INFLOW,20110421,1800,22003, ,CFS
SHA,H,76,INFLOW,20110421,1900,16845, ,CFS
SHA,H,76,INFLOW,20110421,2000,24542, ,CFS
SHA,H,76,INFLOW,20110421,2100,19320, ,CFS
SHA,H,76,INFLOW,20110421,2200,16117, ,CFS
SHA,H,76,INFLOW,20110421,2300,26088, ,CFS
SHA,H,76,INFLOW,20110422,0000,18523, ,CFS
SHA,H,76,INFLOW,20110422,0100,23536, ,CFS
SHA,H,76,INFLOW,20110422,0200,10084, ,CFS
SHA,H,76,INFLOW,20110422,0300,16806, ,CFS
SHA,H,76,INFLOW,20110422,0400,10284, ,CFS
SHA,H,76,INFLOW,20110422,0500,13618, ,CFS
SHA,H,76,INFLOW,20110422,0600,19509, ,CFS
SHA,H,76,INFLOW,20110422,0700,9661, ,CFS
SHA,H,76,INFLOW,20110422,0800,20152, ,CFS
SHA,H,76,INFLOW,20110422,0900,10824, ,CFS
SHA,H,76,INFLOW,20110422,1000,18606, ,CFS
SHA,H,76,INFLOW,20110422,1100,20832, ,CFS
SHA,H,76,INFLOW,20110422,1200,15514, ,CFS
SHA,H,76,INFLOW,20110422,1300,18963, ,CFS
SHA,H,76,INFLOW,20110422,1400,21986, ,CFS
SHA,H,76,INFLOW,20110422,1500,17211, ,CFS
SHA,H,76,INFLOW,20110422,1600,12132, ,CFS
SHA,H,76,INFLOW,20110422,1700,20569, ,CFS
SHA,H,76,INFLOW,20110422,1800,21654, ,CFS
SHA,H,76,INFLOW,20110422,1900,8812, ,CFS
SHA,H,76,INFLOW,20110422,2000,16544, ,CFS
SHA,H,76,INFLOW,20110422,2100,18890, ,CFS
SHA,H,76,INFLOW,20110422,2200,20991, ,CFS
SHA,H,76,INFLOW,20110422,2300,27620, ,CFS
SHA,H,76,INFLOW,20110423,0000,15105, ,CFS
SHA,H,76,INFLOW,20110423,0100,20321, ,CFS
SHA,H,76,INFLOW,20110423,0200,20252, ,CFS
SHA,H,76,INFLOW,20110423,0300,13533, ,CFS
SHA,H,76,INFLOW,20110423,0400,20252, ,CFS
SHA,H,76,INFLOW,20110423,0500,13535, ,CFS
SHA,H,76,INFLOW,20110423,0600,13682, ,CFS
SHA,H,76,INFLOW,20110423,0700,16257, ,CFS
SHA,H,76,INFLOW,20110423,0800,8784, ,CFS
SHA,H,76,INFLOW,20110423,0900,18855, ,CFS
SHA,H,76,INFLOW,20110423,1000,12814, ,CFS
SHA,H,76,INFLOW,20110423,1100,16453, ,CFS
SHA,H,76,INFLOW,20110423,1200,13375, ,CFS
SHA,H,76,INFLOW,20110423,1300,17932, ,CFS
SHA,H,76,INFLOW,20110423,1400,17988, ,CFS
SHA,H,76,INFLOW,20110423,1500,15499, ,CFS
SHA,H,76,INFLOW,20110423,1600,19198, ,CFS
SHA,H,76,INFLOW,20110423,1700,19242, ,CFS
SHA,H,76,INFLOW,20110423,1800,19131, ,CFS
SHA,H,76,INFLOW,20110423,1900,18523, ,CFS
SHA,H,76,INFLOW,20110423,2000,22193, ,CFS
SHA,H,76,INFLOW,20110423,2100,17704, ,CFS
SHA,H,76,INFLOW,20110423,2200,17202, ,CFS
SHA,H,76,INFLOW,20110423,2300,20145, ,CFS
SHA,H,76,INFLOW,20110424,0000,16473, ,CFS
SHA,H,76,INFLOW,20110424,0100,19331, ,CFS
SHA,H,76,INFLOW,20110424,0200,15320, ,CFS
SHA,H,76,INFLOW,20110424,0300,15254, ,CFS
SHA,H,76,INFLOW,20110424,0400,18541, ,CFS
SHA,H,76,INFLOW,20110424,0500,21848, ,CFS
SHA,H,76,INFLOW,20110424,0600,12487, ,CFS
SHA,H,76,INFLOW,20110424,0700,21236, ,CFS
SHA,H,76,INFLOW,20110424,0800,18274, ,CFS
SHA,H,76,INFLOW,20110424,0900,19772, ,CFS
SHA,H,76,INFLOW,20110424,1000,18287, ,CFS
SHA,H,76,INFLOW,20110424,1100,18337, ,CFS
SHA,H,76,INFLOW,20110424,1200,15088, ,CFS
SHA,H,76,INFLOW,20110424,1300,21889, ,CFS
SHA,H,76,INFLOW,20110424,1400,18447, ,CFS
SHA,H,76,INFLOW,20110424,1500,13717, ,CFS
SHA,H,76,INFLOW,20110424,1600,19831, ,CFS
SHA,H,76,INFLOW,20110424,1700,9701, ,CFS
SHA,H,76,INFLOW,20110424,1800,17744, ,CFS
SHA,H,76,INFLOW,20110424,1900,24596, ,CFS
SHA,H,76,INFLOW,20110424,2000,17764, ,CFS
SHA,H,76,INFLOW,20110424,2100,14454, ,CFS
SHA,H,76,INFLOW,20110424,2200,27915, ,CFS
SHA,H,76,INFLOW,20110424,2300,16365, ,CFS
SHA,H,76,INFLOW,20110425,0000,20326, ,CFS
SHA,H,76,INFLOW,20110425,0100,11895, ,CFS
SHA,H,76,INFLOW,20110425,0200,14653, ,CFS
SHA,H,76,INFLOW,20110425,0300,24898, ,CFS
SHA,H,76,INFLOW,20110425,0400,11230, ,CFS
SHA,H,76,INFLOW,20110425,0500,18473, ,CFS
SHA,H,76,INFLOW,20110425,0600,21213, ,CFS
SHA,H,76,INFLOW,20110425,0700,11119, ,CFS
SHA,H,76,INFLOW,20110425,0800,25857, ,CFS
SHA,H,76,INFLOW,20110425,0900,18411, ,CFS
SHA,H,76,INFLOW,20110425,1000,22062, ,CFS
SHA,H,76,INFLOW,20110425,1100,20332, ,CFS
SHA,H,76,INFLOW,20110425,1200,16864, ,CFS
SHA,H,76,INFLOW,20110425,1300,20592, ,CFS
SHA,H,76,INFLOW,20110425,1400,18790, ,CFS
SHA,H,76,INFLOW,20110425,1500,15387, ,CFS
SHA,H,76,INFLOW,20110425,1600,13303, ,CFS
SHA,H,76,INFLOW,20110425,1700,22821, ,CFS
SHA,H,76,INFLOW,20110425,1800,27302, ,CFS
SHA,H,76,INFLOW,20110425,1900,11333, ,CFS
SHA,H,76,INFLOW,20110425,2000,16450, ,CFS
SHA,H,76,INFLOW,20110425,2100,23654, ,CFS
SHA,H,76,INFLOW,20110425,2200,23296, ,CFS
SHA,H,76,INFLOW,20110425,2300,16901, ,CFS
SHA,H,76,INFLOW,20110426,0000,16247, ,CFS
SHA,H,76,INFLOW,20110426,0100,22574, ,CFS
SHA,H,76,INFLOW,20110426,0200,18727, ,CFS
SHA,H,76,INFLOW,20110426,0300,21993, ,CFS
SHA,H,76,INFLOW,20110426,0400,18567, ,CFS
SHA,H,76,INFLOW,20110426,0500,18739, ,CFS
SHA,H,76,INFLOW,20110426,0600,21853, ,CFS
SHA,H,76,INFLOW,20110426,0700,13797, ,CFS
SHA,H,76,INFLOW,20110426,0800,18850, ,CFS
SHA,H,76,INFLOW,20110426,0900,11536, ,CFS
SHA,H,76,INFLOW,20110426,1000,15776, ,CFS
SHA,H,76,INFLOW,20110426,1100,10080, ,CFS
SHA,H,76,INFLOW,20110426,1200,16703, ,CFS
SHA,H,76,INFLOW,20110426,1300,22267, ,CFS
SHA,H,76,INFLOW,20110426,1400,18830, ,CFS
SHA,H,76,INFLOW,20110426,1500,16431, ,CFS
SHA,H,76,INFLOW,20110426,1600,22051, ,CFS
SHA,H,76,INFLOW,20110426,1700,17709, ,CFS
SHA,H,76,INFLOW,20110426,1800,16233, ,CFS
SHA,H,76,INFLOW,20110426,1900,22013, ,CFS
SHA,H,76,INFLOW,20110426,2000,13050, ,CFS
SHA,H,76,INFLOW,20110426,2100,18395, ,CFS
SHA,H,76,INFLOW,20110426,2200,20561, ,CFS
SHA,H,76,INFLOW,20110426,2300,14227, ,CFS
SHA,H,76,INFLOW,20110427,0000,20881, ,CFS
SHA,H,76,INFLOW,20110427,0100,14258, ,CFS
SHA,H,76,INFLOW,20110427,0200,17529, ,CFS
SHA,H,76,INFLOW,20110427,0300,17526, ,CFS
SHA,H,76,INFLOW,20110427,0400,14099, ,CFS
SHA,H,76,INFLOW,20110427,0500,24461, ,CFS
SHA,H,76,INFLOW,20110427,0600,16010, ,CFS
SHA,H,76,INFLOW,20110427,0700,12457, ,CFS
SHA,H,76,INFLOW,20110427,0800,19632, ,CFS
SHA,H,76,INFLOW,20110427,0900,14445, ,CFS
SHA,H,76,INFLOW,20110427,1000,29041, ,CFS
SHA,H,76,INFLOW,20110427,1100,15698, ,CFS
SHA,H,76,INFLOW,20110427,1200,22814, ,CFS
SHA,H,76,INFLOW,20110427,1300,18684, ,CFS
SHA,H,76,INFLOW,20110427,1400,12231, ,CFS
SHA,H,76,INFLOW,20110427,1500,22379, ,CFS
SHA,H,76,INFLOW,20110427,1600,19283, ,CFS
SHA,H,76,INFLOW,20110427,1700,18400, ,CFS
SHA,H,76,INFLOW,20110427,1800,17822, ,CFS
SHA,H,76,INFLOW,20110427,1900,21280, ,CFS
SHA,H,76,INFLOW,20110427,2000,18422, ,CFS
SHA,H,76,INFLOW,20110427,2100,18973, ,CFS
SHA,H,76,INFLOW,20110427,2200,18388, ,CFS
SHA,H,76,INFLOW,20110427,2300,17579, ,CFS
SHA,H,76,INFLOW,20110428,0000,19816, ,CFS
SHA,H,76,INFLOW,20110428,0100,17830, ,CFS
SHA,H,76,INFLOW,20110428,0200,17730, ,CFS
SHA,H,76,INFLOW,20110428,0300,10849, ,CFS
SHA,H,76,INFLOW,20110428,0400,21168, ,CFS
SHA,H,76,INFLOW,20110428,0500,21328, ,CFS
SHA,H,76,INFLOW,20110428,0600,17345, ,CFS
SHA,H,76,INFLOW,20110428,0700,17703, ,CFS
SHA,H,76,INFLOW,20110428,0800,21153, ,CFS
SHA,H,76,INFLOW,20110428,0900,5360, ,CFS
SHA,H,76,INFLOW,20110428,1000,20040, ,CFS
SHA,H,76,INFLOW,20110428,1100,17844, ,CFS
SHA,H,76,INFLOW,20110428,1200,13524, ,CFS
SHA,H,76,INFLOW,20110428,1300,13608, ,CFS
SHA,H,76,INFLOW,20110428,1400,6740, ,CFS
SHA,H,76,INFLOW,20110428,1500,13646, ,CFS
SHA,H,76,INFLOW,20110428,1600,23512, ,CFS
SHA,H,76,INFLOW,20110428,1700,11953, ,CFS
SHA,H,76,INFLOW,20110428,1800,21803, ,CFS
SHA,H,76,INFLOW,20110428,1900,14846, ,CFS
SHA,H,76,INFLOW,20110428,2000,16261, ,CFS
SHA,H,76,INFLOW,20110428,2100,21011, ,CFS
SHA,H,76,INFLOW,20110428,2200,20343, ,CFS
SHA,H,76,INFLOW,20110428,2300,12524, ,CFS
SHA,H,76,INFLOW,20110429,0000,19081, ,CFS
SHA,H,76,INFLOW,20110429,0100,17783, ,CFS
SHA,H,76,INFLOW,20110429,0200,14290, ,CFS
SHA,H,76,INFLOW,20110429,0300,21170, ,CFS
SHA,H,76,INFLOW,20110429,0400,21170, ,CFS
SHA,H,76,INFLOW,20110429,0500,10854, ,CFS
SHA,H,76,INFLOW,20110429,0600,17935, ,CFS
SHA,H,76,INFLOW,20110429,0700,15234, ,CFS
SHA,H,76,INFLOW,20110429,0800,18721, ,CFS
SHA,H,76,INFLOW,20110429,0900,14721, ,CFS
SHA,H,76,INFLOW,20110429,1000,18659, ,CFS
SHA,H,76,INFLOW,20110429,1100,12360, ,CFS
SHA,H,76,INFLOW,20110429,1200,18095, ,CFS
SHA,H,76,INFLOW,20110429,1300,20759, ,CFS
SHA,H,76,INFLOW,20110429,1400,14606, ,CFS
SHA,H,76,INFLOW,20110429,1500,17863, ,CFS
SHA,H,76,INFLOW,20110429,1600,20164, ,CFS
SHA,H,76,INFLOW,20110429,1700,19019, ,CFS
SHA,H,76,INFLOW,20110429,1800,14695, ,CFS
SHA,H,76,INFLOW,20110429,1900,21003, ,CFS
SHA,H,76,INFLOW,20110429,2000,10737, ,CFS
SHA,H,76,INFLOW,20110429,2100,16103, ,CFS
SHA,H,76,INFLOW,20110429,2200,17514, ,CFS
SHA,H,76,INFLOW,20110429,2300,19747, ,CFS
SHA,H,76,INFLOW,20110430,0000,14478, ,CFS
SHA,H,76,INFLOW,20110430,0100,17798, ,CFS
SHA,H,76,INFLOW,20110430,0200,17798, ,CFS
SHA,H,76,INFLOW,20110430,0300,14341, ,CFS
SHA,H,76,INFLOW,20110430,0400,17797, ,CFS
SHA,H,76,INFLOW,20110430,0500,10886, ,CFS
SHA,H,76,INFLOW,20110430,0600,17802, ,CFS
SHA,H,76,INFLOW,20110430,0700,14550, ,CFS
SHA,H,76,INFLOW,20110430,0800,11567, ,CFS
SHA,H,76,INFLOW,20110430,0900,15119, ,CFS
SHA,H,76,INFLOW,20110430,1000,13471, ,CFS
SHA,H,76,INFLOW,20110430,1100,12148, ,CFS
SHA,H,76,INFLOW,20110430,1200,15681, ,CFS
SHA,H,76,INFLOW,20110430,1300,9043, ,CFS
SHA,H,76,INFLOW,20110430,1400,16318, ,CFS
SHA,H,76,INFLOW,20110430,1500,15024, ,CFS
SHA,H,76,INFLOW,20110430,1600,14827, ,CFS
SHA,H,76,INFLOW,20110430,1700,13454, ,CFS
SHA,H,76,INFLOW,20110430,1800,12833, ,CFS
SHA,H,76,INFLOW,20110430,1900,13221, ,CFS
SHA,H,76,INFLOW,20110430,2000,18647, ,CFS
SHA,H,76,INFLOW,20110430,2100,12588, ,CFS
SHA,H,76,INFLOW,20110430,2200,15899, ,CFS
SHA,H,76,INFLOW,20110430,2300,16705, ,CFS
SHA,H,76,INFLOW,20110501,0000,13259, ,CFS
SHA,H,76,INFLOW,20110501,0100,14589, ,CFS
SHA,H,76,INFLOW,20110501,0200,14487, ,CFS
SHA,H,76,INFLOW,20110501,0300,14488, ,CFS
SHA,H,76,INFLOW,20110501,0400,11016, ,CFS
SHA,H,76,INFLOW,20110501,0500,14488, ,CFS
SHA,H,76,INFLOW,20110501,0600,14488, ,CFS
SHA,H,76,INFLOW,20110501,0700,14488, ,CFS
SHA,H,76,INFLOW,20110501,0800,14586, ,CFS
SHA,H,76,INFLOW,20110501,0900,13144, ,CFS
SHA,H,76,INFLOW,20110501,1000,15064, ,CFS
SHA,H,76,INFLOW,20110501,1100,9242, ,CFS
SHA,H,76,INFLOW,20110501,1200,13253, ,CFS
SHA,H,76,INFLOW,20110501,1300,13133, ,CFS
SHA,H,76,INFLOW,20110501,1400,13149, ,CFS
SHA,H,76,INFLOW,20110501,1500,16314, ,CFS
SHA,H,76,INFLOW,20110501,1600,15109, ,CFS
SHA,H,76,INFLOW,20110501,1700,12155, ,CFS
SHA,H,76,INFLOW,20110501,1800,12199, ,CFS
SHA,H,76,INFLOW,20110501,1900,15177, ,CFS
SHA,H,76,INFLOW,20110501,2000,17225, ,CFS
SHA,H,76,INFLOW,20110501,2100,14257, ,CFS
SHA,H,76,INFLOW,20110501,2200,17140, ,CFS
SHA,H,76,INFLOW,20110501,2300,10151, ,CFS
SHA,H,76,INFLOW,20110502,0000,15711, ,CFS
SHA,H,76,INFLOW,20110502,0100,11056, ,CFS
SHA,H,76,INFLOW,20110502,0200,17901, ,CFS
SHA,H,76,INFLOW,20110502,0300,14429, ,CFS
SHA,H,76,INFLOW,20110502,0400,14429, ,CFS
SHA,H,76,INFLOW,20110502,0500,10956, ,CFS
SHA,H,76,INFLOW,20110502,0600,14652, ,CFS
SHA,H,76,INFLOW,20110502,0700,14157, ,CFS
SHA,H,76,INFLOW,20110502,0800,13063, ,CFS
SHA,H,76,INFLOW,20110502,0900,12616, ,CFS
SHA,H,76,INFLOW,20110502,1000,14728, ,CFS
SHA,H,76,INFLOW,20110502,1100,15644, ,CFS
SHA,H,76,INFLOW,20110502,1200,12425, ,CFS
SHA,H,76,INFLOW,20110502,1300,16487, ,CFS
SHA,H,76,INFLOW,20110502,1400,12819, ,CFS
SHA,H,76,INFLOW,20110502,1500,16607, ,CFS
SHA,H,76,INFLOW,20110502,1600,16622, ,CFS
SHA,H,76,INFLOW,20110502,1700,13076, ,CFS
SHA,H,76,INFLOW,20110502,1800,12797, ,CFS
SHA,H,76,INFLOW,20110502,1900,8208, ,CFS
SHA,H,76,INFLOW,20110502,2000,17573, ,CFS
SHA,H,76,INFLOW,20110502,2100,21225, ,CFS
SHA,H,76,INFLOW,20110502,2200,6669, ,CFS
SHA,H,76,INFLOW,20110502,2300,17688, ,CFS
SHA,H,76,INFLOW,20110503,0000,13266, ,CFS
SHA,H,76,INFLOW,20110503,0100,15623, ,CFS
SHA,H,76,INFLOW,20110503,0200,13004, ,CFS
SHA,H,76,INFLOW,20110503,0300,16009, ,CFS
SHA,H,76,INFLOW,20110503,0400,15967, ,CFS
SHA,H,76,INFLOW,20110503,0500,12467, ,CFS
SHA,H,76,INFLOW,20110503,0600,13633, ,CFS
SHA,H,76,INFLOW,20110503,0700,10261, ,CFS
SHA,H,76,INFLOW,20110503,0800,12064, ,CFS
SHA,H,76,INFLOW,20110503,0900,13352, ,CFS
SHA,H,76,INFLOW,20110503,1000,12367, ,CFS
SHA,H,76,INFLOW,20110503,1100,10674, ,CFS
SHA,H,76,INFLOW,20110503,1200,13701, ,CFS
SHA,H,76,INFLOW,20110503,1300,15516, ,CFS
SHA,H,76,INFLOW,20110503,1400,11202, ,CFS
SHA,H,76,INFLOW,20110503,1500,14370, ,CFS
SHA,H,76,INFLOW,20110503,1600,10936, ,CFS
SHA,H,76,INFLOW,20110503,1700,14376, ,CFS
SHA,H,76,INFLOW,20110503,1800,12674, ,CFS
SHA,H,76,INFLOW,20110503,1900,11368, ,CFS
SHA,H,76,INFLOW,20110503,2000,13742, ,CFS
SHA,H,76,INFLOW,20110503,2100,16662, ,CFS
SHA,H,76,INFLOW,20110503,2200,10282, ,CFS
SHA,H,76,INFLOW,20110503,2300,16958, ,CFS
SHA,H,76,INFLOW,20110504,0000,13624, ,CFS
SHA,H,76,INFLOW,20110504,0100,14588, ,CFS
SHA,H,76,INFLOW,20110504,0200,10188, ,CFS
SHA,H,76,INFLOW,20110504,0300,13119, ,CFS
SHA,H,76,INFLOW,20110504,0400,16643, ,CFS
SHA,H,76,INFLOW,20110504,0500,9735, ,CFS
SHA,H,76,INFLOW,20110504,0600,16769, ,CFS
SHA,H,76,INFLOW,20110504,0700,12831, ,CFS
SHA,H,76,INFLOW,20110504,0800,15558, ,CFS
SHA,H,76,INFLOW,20110504,0900,6674, ,CFS
SHA,H,76,INFLOW,20110504,1000,14905, ,CFS
SHA,H,76,INFLOW,20110504,1100,12599, ,CFS
SHA,H,76,INFLOW,20110504,1200,11930, ,CFS
SHA,H,76,INFLOW,20110504,1300,13464, ,CFS
SHA,H,76,INFLOW,20110504,1400,10395, ,CFS
SHA,H,76,INFLOW,20110504,1500,13064, ,CFS
SHA,H,76,INFLOW,20110504,1600,12816, ,CFS
SHA,H,76,INFLOW,20110504,1700,13450, ,CFS
SHA,H,76,INFLOW,20110504,1800,13511, ,CFS
SHA,H,76,INFLOW,20110504,1900,12224, ,CFS
SHA,H,76,INFLOW,20110504,2000,11271, ,CFS
SHA,H,76,INFLOW,20110504,2100,18070, ,CFS
SHA,H,76,INFLOW,20110504,2200,12654, ,CFS
SHA,H,76,INFLOW,20110504,2300,14651, ,CFS
SHA,H,76,INFLOW,20110505,0000,12869, ,CFS
SHA,H,76,INFLOW,20110505,0100,11323, ,CFS
SHA,H,76,INFLOW,20110505,0200,14533, ,CFS
SHA,H,76,INFLOW,20110505,0300,11028, ,CFS
SHA,H,76,INFLOW,20110505,0400,14531, ,CFS
SHA,H,76,INFLOW,20110505,0500,14588, ,CFS
SHA,H,76,INFLOW,20110505,0600,8682, ,CFS
SHA,H,76,INFLOW,20110505,0700,16375, ,CFS
SHA,H,76,INFLOW,20110505,0800,13522, ,CFS
SHA,H,76,INFLOW,20110505,0900,7507, ,CFS
SHA,H,76,INFLOW,20110505,1000,16334, ,CFS
SHA,H,76,INFLOW,20110505,1100,5726, ,CFS
SHA,H,76,INFLOW,20110505,1200,14700, ,CFS
SHA,H,76,INFLOW,20110505,1300,12100, ,CFS
SHA,H,76,INFLOW,20110505,1400,12997, ,CFS
SHA,H,76,INFLOW,20110505,1500,19867, ,CFS
SHA,H,76,INFLOW,20110505,1600,12890, ,CFS
SHA,H,76,INFLOW,20110505,1700,9667, ,CFS
SHA,H,76,INFLOW,20110505,1800,12951, ,CFS
SHA,H,76,INFLOW,20110505,1900,7391, ,CFS
SHA,H,76,INFLOW,20110505,2000,13849, ,CFS
SHA,H,76,INFLOW,20110505,2100,17455, ,CFS
SHA,H,76,INFLOW,20110505,2200,10250, ,CFS
SHA,H,76,INFLOW,20110505,2300,14105, ,CFS
SHA,H,76,INFLOW,20110506,0000,13926, ,CFS
SHA,H,76,INFLOW,20110506,0100,13627, ,CFS
SHA,H,76,INFLOW,20110506,0200,16270, ,CFS
SHA,H,76,INFLOW,20110506,0300,12527, ,CFS
SHA,H,76,INFLOW,20110506,0400,13112, ,CFS
SHA,H,76,INFLOW,20110506,0500,13292, ,CFS
SHA,H,76,INFLOW,20110506,0600,13778, ,CFS
SHA,H,76,INFLOW,20110506,0700,16334, ,CFS
SHA,H,76,INFLOW,20110506,0800,9670, ,CFS
SHA,H,76,INFLOW,20110506,0900,16009, ,CFS
SHA,H,76,INFLOW,20110506,1000,10338, ,CFS
SHA,H,76,INFLOW,20110506,1100,13310, ,CFS
SHA,H,76,INFLOW,20110506,1200,14317, ,CFS
SHA,H,76,INFLOW,20110506,1300,14903, ,CFS
SHA,H,76,INFLOW,20110506,1400,13046, ,CFS
SHA,H,76,INFLOW,20110506,1500,13712, ,CFS
SHA,H,76,INFLOW,20110506,1600,13664, ,CFS
SHA,H,76,INFLOW,20110506,1700,13304, ,CFS
SHA,H,76,INFLOW,20110506,1800,12876, ,CFS
SHA,H,76,INFLOW,20110506,1900,17030, ,CFS
SHA,H,76,INFLOW,20110506,2000,12188, ,CFS
SHA,H,76,INFLOW,20110506,2100,10035, ,CFS
SHA,H,76,INFLOW,20110506,2200,13405, ,CFS
SHA,H,76,INFLOW,20110506,2300,14750, ,CFS
SHA,H,76,INFLOW,20110507,0000,12975, ,CFS
SHA,H,76,INFLOW,20110507,0100,13572, ,CFS
SHA,H,76,INFLOW,20110507,0200,9628, ,CFS
SHA,H,76,INFLOW,20110507,0300,9047, ,CFS
SHA,H,76,INFLOW,20110507,0400,8845, ,CFS
SHA,H,76,INFLOW,20110507,0500,5393, ,CFS
SHA,H,76,INFLOW,20110507,0600,13285, ,CFS
SHA,H,76,INFLOW,20110507,0700,5377, ,CFS
SHA,H,76,INFLOW,20110507,0800,9438, ,CFS
SHA,H,76,INFLOW,20110507,0900,15868, ,CFS
SHA,H,76,INFLOW,20110507,1000,15907, ,CFS
SHA,H,76,INFLOW,20110507,1100,10506, ,CFS
SHA,H,76,INFLOW,20110507,1200,14140, ,CFS
SHA,H,76,INFLOW,20110507,1300,17646, ,CFS
SHA,H,76,INFLOW,20110507,1400,12093, ,CFS
SHA,H,76,INFLOW,20110507,1500,15564, ,CFS
SHA,H,76,INFLOW,20110507,1600,15238, ,CFS
SHA,H,76,INFLOW,20110507,1700,11942, ,CFS
SHA,H,76,INFLOW,20110507,1800,15368, ,CFS
SHA,H,76,INFLOW,20110507,1900,14457, ,CFS
SHA,H,76,INFLOW,20110507,2000,8042, ,CFS
SHA,H,76,INFLOW,20110507,2100,18088, ,CFS
SHA,H,76,INFLOW,20110507,2200,13877, ,CFS
SHA,H,76,INFLOW,20110507,2300,15237, ,CFS
SHA,H,76,INFLOW,20110508,0000,10307, ,CFS
SHA,H,76,INFLOW,20110508,0100,16104, ,CFS
SHA,H,76,INFLOW,20110508,0200,5548, ,CFS
SHA,H,76,INFLOW,20110508,0300,9102, ,CFS
SHA,H,76,INFLOW,20110508,0400,8826, ,CFS
SHA,H,76,INFLOW,20110508,0500,8909, ,CFS
SHA,H,76,INFLOW,20110508,0600,9229, ,CFS
SHA,H,76,INFLOW,20110508,0700,10713, ,CFS
SHA,H,76,INFLOW,20110508,0800,7616, ,CFS
SHA,H,76,INFLOW,20110508,0900,12059, ,CFS
SHA,H,76,INFLOW,20110508,1000,4871, ,CFS
SHA,H,76,INFLOW,20110508,1100,12838, ,CFS
SHA,H,76,INFLOW,20110508,1200,16376, ,CFS
SHA,H,76,INFLOW,20110508,1300,8782, ,CFS
SHA,H,76,INFLOW,20110508,1400,15405, ,CFS
SHA,H,76,INFLOW,20110508,1500,12323, ,CFS
SHA,H,76,INFLOW,20110508,1600,12389, ,CFS
SHA,H,76,INFLOW,20110508,1700,8829, ,CFS
SHA,H,76,INFLOW,20110508,1800,4424, ,CFS
SHA,H,76,INFLOW,20110508,1900,7852, ,CFS
SHA,H,76,INFLOW,20110508,2000,11311, ,CFS
SHA,H,76,INFLOW,20110508,2100,14796, ,CFS
SHA,H,76,INFLOW,20110508,2200,18203, ,CFS
SHA,H,76,INFLOW,20110508,2300,5903, ,CFS
SHA,H,76,INFLOW,20110509,0000,20232, ,CFS
SHA,H,76,INFLOW,20110509,0100,9852, ,CFS
SHA,H,76,INFLOW,20110509,0200,12958, ,CFS
SHA,H,76,INFLOW,20110509,0300,9367, ,CFS
SHA,H,76,INFLOW,20110509,0400,9474, ,CFS
SHA,H,76,INFLOW,20110509,0500,16753, ,CFS
SHA,H,76,INFLOW,20110509,0600,10897, ,CFS
SHA,H,76,INFLOW,20110509,0700,12198, ,CFS
SHA,H,76,INFLOW,20110509,0800,17287, ,CFS
SHA,H,76,INFLOW,20110509,0900,10895, ,CFS
SHA,H,76,INFLOW,20110509,1000,8091, ,CFS
SHA,H,76,INFLOW,20110509,1100,16425, ,CFS
SHA,H,76,INFLOW,20110509,1200,10494, ,CFS
SHA,H,76,INFLOW,20110509,1300,13398, ,CFS
SHA,H,76,INFLOW,20110509,1400,15572, ,CFS
SHA,H,76,INFLOW,20110509,1500,8561, ,CFS
SHA,H,76,INFLOW,20110509,1600,15981, ,CFS
SHA,H,76,INFLOW,20110509,1700,16148, ,CFS
SHA,H,76,INFLOW,20110509,1800,11818, ,CFS
SHA,H,76,INFLOW,20110509,1900,10308, ,CFS
SHA,H,76,INFLOW,20110509,2000,9762, ,CFS
SHA,H,76,INFLOW,20110509,2100,18392, ,CFS
SHA,H,76,INFLOW,20110509,2200,9547, ,CFS
SHA,H,76,INFLOW,20110509,2300,9466, ,CFS
SHA,H,76,INFLOW,20110510,0000,16107, ,CFS
SHA,H,76,INFLOW,20110510,0100,-450, ,CFS
SHA,H,76,INFLOW,20110510,0200,15851, ,CFS
SHA,H,76,INFLOW,20110510,0300,12021, ,CFS
SHA,H,76,INFLOW,20110510,0400,4621, ,CFS
SHA,H,76,INFLOW,20110510,0500,15246, ,CFS
SHA,H,76,INFLOW,20110510,0600,4947, ,CFS
SHA,H,76,INFLOW,20110510,0700,4860, ,CFS
SHA,H,76,INFLOW,20110510,0800,15261, ,CFS
SHA,H,76,INFLOW,20110510,0900,5511, ,CFS
SHA,H,76,INFLOW,20110510,1000,11218, ,CFS
SHA,H,76,INFLOW,20110510,1100,8597, ,CFS
SHA,H,76,INFLOW,20110510,1200,13869, ,CFS
SHA,H,76,INFLOW,20110510,1300,9884, ,CFS
SHA,H,76,INFLOW,20110510,1400,14347, ,CFS
SHA,H,76,INFLOW,20110510,1500,7325, ,CFS
SHA,H,76,INFLOW,20110510,1600,15762, ,CFS
SHA,H,76,INFLOW,20110510,1700,12004, ,CFS
SHA,H,76,INFLOW,20110510,1800,10364, ,CFS
SHA,H,76,INFLOW,20110510,1900,16177, ,CFS
SHA,H,76,INFLOW,20110510,2000,10735, ,CFS
SHA,H,76,INFLOW,20110510,2100,15052, ,CFS
SHA,H,76,INFLOW,20110510,2200,12584, ,CFS
SHA,H,76,INFLOW,20110510,2300,12834, ,CFS
SHA,H,76,INFLOW,20110511,0000,10297, ,CFS
SHA,H,76,INFLOW,20110511,0100,10656, ,CFS
SHA,H,76,INFLOW,20110511,0200,9656, ,CFS
SHA,H,76,INFLOW,20110511,0300,9266, ,CFS
SHA,H,76,INFLOW,20110511,0400,12695, ,CFS
SHA,H,76,INFLOW,20110511,0500,9426, ,CFS
SHA,H,76,INFLOW,20110511,0600,16624, ,CFS
SHA,H,76,INFLOW,20110511,0700,7964, ,CFS
SHA,H,76,INFLOW,20110511,0800,10396, ,CFS
SHA,H,76,INFLOW,20110511,0900,14712, ,CFS
SHA,H,76,INFLOW,20110511,1000,6151, ,CFS
SHA,H,76,INFLOW,20110511,1100,8383, ,CFS
SHA,H,76,INFLOW,20110511,1200,8430, ,CFS
SHA,H,76,INFLOW,20110511,1300,5401, ,CFS
SHA,H,76,INFLOW,20110511,1400,15579, ,CFS
SHA,H,76,INFLOW,20110511,1500,13848, ,CFS
SHA,H,76,INFLOW,20110511,1600,8216, ,CFS
SHA,H,76,INFLOW,20110511,1700,18842, ,CFS
SHA,H,76,INFLOW,20110511,1800,11219, ,CFS
SHA,H,76,INFLOW,20110511,1900,11402, ,CFS
SHA,H,76,INFLOW,20110511,2000,16563, ,CFS
SHA,H,76,INFLOW,20110511,2100,13325, ,CFS
SHA,H,76,INFLOW,20110511,2200,14060, ,CFS
SHA,H,76,INFLOW,20110511,2300,16071, ,CFS
SHA,H,76,INFLOW,20110512,0000,15320, ,CFS
SHA,H,76,INFLOW,20110512,0100,9745, ,CFS
SHA,H,76,INFLOW,20110512,0200,12538, ,CFS
SHA,H,76,INFLOW,20110512,0300,5364, ,CFS
SHA,H,76,INFLOW,20110512,0400,8901, ,CFS
SHA,H,76,INFLOW,20110512,0500,9139, ,CFS
SHA,H,76,INFLOW,20110512,0600,3105, ,CFS
SHA,H,76,INFLOW,20110512,0700,11519, ,CFS
SHA,H,76,INFLOW,20110512,0800,13515, ,CFS
SHA,H,76,INFLOW,20110512,0900,10660, ,CFS
SHA,H,76,INFLOW,20110512,1000,15033, ,CFS
SHA,H,76,INFLOW,20110512,1100,10359, ,CFS
SHA,H,76,INFLOW,20110512,1200,15067, ,CFS
SHA,H,76,INFLOW,20110512,1300,11118, ,CFS
SHA,H,76,INFLOW,20110512,1400,15098, ,CFS
SHA,H,76,INFLOW,20110512,1500,9300, ,CFS
SHA,H,76,INFLOW,20110512,1600,16350, ,CFS
SHA,H,76,INFLOW,20110512,1700,9288, ,CFS
SHA,H,76,INFLOW,20110512,1800,12178, ,CFS
SHA,H,76,INFLOW,20110512,1900,14887, ,CFS
SHA,H,76,INFLOW,20110512,2000,12193, ,CFS
SHA,H,76,INFLOW,20110512,2100,16106, ,CFS
SHA,H,76,INFLOW,20110512,2200,11428, ,CFS
SHA,H,76,INFLOW,20110512,2300,13293, ,CFS
SHA,H,76,INFLOW,20110513,0000,13631, ,CFS
SHA,H,76,INFLOW,20110513,0100,9783, ,CFS
SHA,H,76,INFLOW,20110513,0200,9425, ,CFS
SHA,H,76,INFLOW,20110513,0300,9229, ,CFS
SHA,H,76,INFLOW,20110513,0400,5759, ,CFS
SHA,H,76,INFLOW,20110513,0500,9367, ,CFS
SHA,H,76,INFLOW,20110513,0600,9835, ,CFS
SHA,H,76,INFLOW,20110513,0700,9030, ,CFS
SHA,H,76,INFLOW,20110513,0800,10810, ,CFS
SHA,H,76,INFLOW,20110513,0900,15387, ,CFS
SHA,H,76,INFLOW,20110513,1000,6612, ,CFS
SHA,H,76,INFLOW,20110513,1100,14594, ,CFS
SHA,H,76,INFLOW,20110513,1200,10643, ,CFS
SHA,H,76,INFLOW,20110513,1300,13523, ,CFS
SHA,H,76,INFLOW,20110513,1400,13610, ,CFS
SHA,H,76,INFLOW,20110513,1500,10085, ,CFS
SHA,H,76,INFLOW,20110513,1600,9953, ,CFS
SHA,H,76,INFLOW,20110513,1700,13136, ,CFS
SHA,H,76,INFLOW,20110513,1800,13018, ,CFS
SHA,H,76,INFLOW,20110513,1900,14980, ,CFS
SHA,H,76,INFLOW,20110513,2000,12215, ,CFS
SHA,H,76,INFLOW,20110513,2100,14179, ,CFS
SHA,H,76,INFLOW,20110513,2200,11099, ,CFS
SHA,H,76,INFLOW,20110513,2300,16996, ,CFS
SHA,H,76,INFLOW,20110514,0000,8503, ,CFS
SHA,H,76,INFLOW,20110514,0100,9388, ,CFS
SHA,H,76,INFLOW,20110514,0200,9317, ,CFS
SHA,H,76,INFLOW,20110514,0300,8998, ,CFS
SHA,H,76,INFLOW,20110514,0400,12455, ,CFS
SHA,H,76,INFLOW,20110514,0500,5410, ,CFS
SHA,H,76,INFLOW,20110514,0600,8981, ,CFS
SHA,H,76,INFLOW,20110514,0700,2871, ,CFS
SHA,H,76,INFLOW,20110514,0800,26006, ,CFS
SHA,H,76,INFLOW,20110514,0900,10561, ,CFS
SHA,H,76,INFLOW,20110514,1000,29743, ,CFS
SHA,H,76,INFLOW,20110514,1100,16987, ,CFS
SHA,H,76,INFLOW,20110514,1200,10157, ,CFS
SHA,H,76,INFLOW,20110514,1300,13951, ,CFS
SHA,H,76,INFLOW,20110514,1400,13550, ,CFS
SHA,H,76,INFLOW,20110514,1500,6360, ,CFS
SHA,H,76,INFLOW,20110514,1600,13333, ,CFS
SHA,H,76,INFLOW,20110514,1700,13433, ,CFS
SHA,H,76,INFLOW,20110514,1800,12251, ,CFS
SHA,H,76,INFLOW,20110514,1900,13276, ,CFS
SHA,H,76,INFLOW,20110514,2000,12817, ,CFS
SHA,H,76,INFLOW,20110514,2100,13935, ,CFS
SHA,H,76,INFLOW,20110514,2200,14195, ,CFS
SHA,H,76,INFLOW,20110514,2300,8991, ,CFS
SHA,H,76,INFLOW,20110515,0000,15104, ,CFS
SHA,H,76,INFLOW,20110515,0100,6941, ,CFS
SHA,H,76,INFLOW,20110515,0200,6194, ,CFS
SHA,H,76,INFLOW,20110515,0300,1933, ,CFS
SHA,H,76,INFLOW,20110515,0400,5531, ,CFS
SHA,H,76,INFLOW,20110515,0500,8960, ,CFS
SHA,H,76,INFLOW,20110515,0600,5722, ,CFS
SHA,H,76,INFLOW,20110515,0700,13675, ,CFS
SHA,H,76,INFLOW,20110515,0800,7962, ,CFS
SHA,H,76,INFLOW,20110515,0900,20566, ,CFS
SHA,H,76,INFLOW,20110515,1000,14476, ,CFS
SHA,H,76,INFLOW,20110515,1100,24942, ,CFS
SHA,H,76,INFLOW,20110515,1200,14536, ,CFS
SHA,H,76,INFLOW,20110515,1300,7152, ,CFS
SHA,H,76,INFLOW,20110515,1400,22272, ,CFS
SHA,H,76,INFLOW,20110515,1500,13996, ,CFS
SHA,H,76,INFLOW,20110515,1600,10663, ,CFS
SHA,H,76,INFLOW,20110515,1700,12884, ,CFS
SHA,H,76,INFLOW,20110515,1800,19956, ,CFS
SHA,H,76,INFLOW,20110515,1900,14618, ,CFS
SHA,H,76,INFLOW,20110515,2000,20170, ,CFS
SHA,H,76,INFLOW,20110515,2100,6341, ,CFS
SHA,H,76,INFLOW,20110515,2200,16722, ,CFS
SHA,H,76,INFLOW,20110515,2300,24577, ,CFS
SHA,H,76,INFLOW,20110516,0000,13728, ,CFS
SHA,H,76,INFLOW,20110516,0100,6512, ,CFS
SHA,H,76,INFLOW,20110516,0200,12735, ,CFS
SHA,H,76,INFLOW,20110516,0300,5433, ,CFS
SHA,H,76,INFLOW,20110516,0400,5295, ,CFS
SHA,H,76,INFLOW,20110516,0500,8748, ,CFS
SHA,H,76,INFLOW,20110516,0600,6204, ,CFS
SHA,H,76,INFLOW,20110516,0700,13571, ,CFS
SHA,H,76,INFLOW,20110516,0800,10500, ,CFS
SHA,H,76,INFLOW,20110516,0900,2506, ,CFS
SHA,H,76,INFLOW,20110516,1000,20632, ,CFS
SHA,H,76,INFLOW,20110516,1100,11960, ,CFS
SHA,H,76,INFLOW,20110516,1200,11977, ,CFS
SHA,H,76,INFLOW,20110516,1300,18318, ,CFS
SHA,H,76,INFLOW,20110516,1400,6698, ,CFS
SHA,H,76,INFLOW,20110516,1500,17149, ,CFS
SHA,H,76,INFLOW,20110516,1600,6641, ,CFS
SHA,H,76,INFLOW,20110516,1700,10055, ,CFS
SHA,H,76,INFLOW,20110516,1800,16336, ,CFS
SHA,H,76,INFLOW,20110516,1900,4630, ,CFS
SHA,H,76,INFLOW,20110516,2000,19650, ,CFS
SHA,H,76,INFLOW,20110516,2100,11460, ,CFS
SHA,H,76,INFLOW,20110516,2200,14475, ,CFS
SHA,H,76,INFLOW,20110516,2300,17023, ,CFS
SHA,H,76,INFLOW,20110517,0000,9454, ,CFS
SHA,H,76,INFLOW,20110517,0100,5090, ,CFS
SHA,H,76,INFLOW,20110517,0200,15739, ,CFS
SHA,H,76,INFLOW,20110517,0300,1457, ,CFS
SHA,H,76,INFLOW,20110517,0400,12102, ,CFS
SHA,H,76,INFLOW,20110517,0500,12419, ,CFS
SHA,H,76,INFLOW,20110517,0600,6410, ,CFS
SHA,H,76,INFLOW,20110517,0700,13117, ,CFS
SHA,H,76,INFLOW,20110517,0800,16383, ,CFS
SHA,H,76,INFLOW,20110517,0900,12203, ,CFS
SHA,H,76,INFLOW,20110517,1000,21772, ,CFS
SHA,H,76,INFLOW,20110517,1100,15711, ,CFS
SHA,H,76,INFLOW,20110517,1200,19375, ,CFS
SHA,H,76,INFLOW,20110517,1300,17987, ,CFS
SHA,H,76,INFLOW,20110517,1400,17453, ,CFS
SHA,H,76,INFLOW,20110517,1500,24420, ,CFS
SHA,H,76,INFLOW,20110517,1600,17121, ,CFS
SHA,H,76,INFLOW,20110517,1700,10615, ,CFS
SHA,H,76,INFLOW,20110517,1800,14237, ,CFS
SHA,H,76,INFLOW,20110517,1900,14060, ,CFS
SHA,H,76,INFLOW,20110517,2000,15108, ,CFS
SHA,H,76,INFLOW,20110517,2100,15474, ,CFS
SHA,H,76,INFLOW,20110517,2200,15082, ,CFS
SHA,H,76,INFLOW,20110517,2300,9465, ,CFS
SHA,H,76,INFLOW,20110518,0000,13292, ,CFS
SHA,H,76,INFLOW,20110518,0100,10869, ,CFS
SHA,H,76,INFLOW,20110518,0200,9301, ,CFS
SHA,H,76,INFLOW,20110518,0300,9229, ,CFS
SHA,H,76,INFLOW,20110518,0400,5740, ,CFS
SHA,H,76,INFLOW,20110518,0500,9365, ,CFS
SHA,H,76,INFLOW,20110518,0600,5154, ,CFS
SHA,H,76,INFLOW,20110518,0700,12956, ,CFS
SHA,H,76,INFLOW,20110518,0800,7882, ,CFS
SHA,H,76,INFLOW,20110518,0900,8192, ,CFS
SHA,H,76,INFLOW,20110518,1000,12062, ,CFS
SHA,H,76,INFLOW,20110518,1100,8562, ,CFS
SHA,H,76,INFLOW,20110518,1200,8756, ,CFS
SHA,H,76,INFLOW,20110518,1300,10797, ,CFS
SHA,H,76,INFLOW,20110518,1400,11146, ,CFS
SHA,H,76,INFLOW,20110518,1500,11050, ,CFS
SHA,H,76,INFLOW,20110518,1600,8719, ,CFS
SHA,H,76,INFLOW,20110518,1700,8584, ,CFS
SHA,H,76,INFLOW,20110518,1800,15565, ,CFS
SHA,H,76,INFLOW,20110518,1900,3929, ,CFS
SHA,H,76,INFLOW,20110518,2000,14154, ,CFS
SHA,H,76,INFLOW,20110518,2100,9646, ,CFS
SHA,H,76,INFLOW,20110518,2200,9611, ,CFS
SHA,H,76,INFLOW,20110518,2300,14600, ,CFS
SHA,H,76,INFLOW,20110519,0000,9558, ,CFS
SHA,H,76,INFLOW,20110519,0100,1900, ,CFS
SHA,H,76,INFLOW,20110519,0200,15634, ,CFS
SHA,H,76,INFLOW,20110519,0300,12030, ,CFS
SHA,H,76,INFLOW,20110519,0400,8701, ,CFS
SHA,H,76,INFLOW,20110519,0500,12277, ,CFS
SHA,H,76,INFLOW,20110519,0600,12806, ,CFS
SHA,H,76,INFLOW,20110519,0700,5383, ,CFS
SHA,H,76,INFLOW,20110519,0800,10415, ,CFS
SHA,H,76,INFLOW,20110519,0900,14222, ,CFS
SHA,H,76,INFLOW,20110519,1000,14004, ,CFS
SHA,H,76,INFLOW,20110519,1100,6697, ,CFS
SHA,H,76,INFLOW,20110519,1200,16641, ,CFS
SHA,H,76,INFLOW,20110519,1300,15793, ,CFS
SHA,H,76,INFLOW,20110519,1400,12530, ,CFS
SHA,H,76,INFLOW,20110519,1500,15049, ,CFS
SHA,H,76,INFLOW,20110519,1600,10238, ,CFS
SHA,H,76,INFLOW,20110519,1700,14423, ,CFS
SHA,H,76,INFLOW,20110519,1800,15922, ,CFS
SHA,H,76,INFLOW,20110519,1900,9546, ,CFS
SHA,H,76,INFLOW,20110519,2000,12688, ,CFS
SHA,H,76,INFLOW,20110519,2100,18035, ,CFS
SHA,H,76,INFLOW,20110519,2200,10339, ,CFS
SHA,H,76,INFLOW,20110519,2300,14598, ,CFS
SHA,H,76,INFLOW,20110520,0000,5934, ,CFS
SHA,H,76,INFLOW,20110520,0100,9616, ,CFS
SHA,H,76,INFLOW,20110520,0200,9433, ,CFS
SHA,H,76,INFLOW,20110520,0300,5891, ,CFS
SHA,H,76,INFLOW,20110520,0400,5894, ,CFS
SHA,H,76,INFLOW,20110520,0500,-1216, ,CFS
SHA,H,76,INFLOW,20110520,0600,6263, ,CFS
SHA,H,76,INFLOW,20110520,0700,8963, ,CFS
SHA,H,76,INFLOW,20110520,0800,10383, ,CFS
SHA,H,76,INFLOW,20110520,0900,7212, ,CFS
SHA,H,76,INFLOW,20110520,1000,8738, ,CFS
SHA,H,76,INFLOW,20110520,1100,12702, ,CFS
SHA,H,76,INFLOW,20110520,1200,37902, ,CFS
SHA,H,76,INFLOW,20110520,1300,12671, ,CFS
SHA,H,76,INFLOW,20110520,1400,9279, ,CFS
SHA,H,76,INFLOW,20110520,1500,12521, ,CFS
SHA,H,76,INFLOW,20110520,1600,12977, ,CFS
SHA,H,76,INFLOW,20110520,1700,12469, ,CFS
SHA,H,76,INFLOW,20110520,1800,10436, ,CFS
SHA,H,76,INFLOW,20110520,1900,10027, ,CFS
SHA,H,76,INFLOW,20110520,2000,5128, ,CFS
SHA,H,76,INFLOW,20110520,2100,18231, ,CFS
SHA,H,76,INFLOW,20110520,2200,9059, ,CFS
SHA,H,76,INFLOW,20110520,2300,12644, ,CFS
SHA,H,76,INFLOW,20110521,0000,8293, ,CFS
SHA,H,76,INFLOW,20110521,0100,6554, ,CFS
SHA,H,76,INFLOW,20110521,0200,5518, ,CFS
SHA,H,76,INFLOW,20110521,0300,12623, ,CFS
SHA,H,76,INFLOW,20110521,0400,9001, ,CFS
SHA,H,76,INFLOW,20110521,0500,9046, ,CFS
SHA,H,76,INFLOW,20110521,0600,19845, ,CFS
SHA,H,76,INFLOW,20110521,0700,8238, ,CFS
SHA,H,76,INFLOW,20110521,0800,12053, ,CFS
SHA,H,76,INFLOW,20110521,0900,13580, ,CFS
SHA,H,76,INFLOW,20110521,1000,6300, ,CFS
SHA,H,76,INFLOW,20110521,1100,3513, ,CFS
SHA,H,76,INFLOW,20110521,1200,18227, ,CFS
SHA,H,76,INFLOW,20110521,1300,10191, ,CFS
SHA,H,76,INFLOW,20110521,1400,6308, ,CFS
SHA,H,76,INFLOW,20110521,1500,10348, ,CFS
SHA,H,76,INFLOW,20110521,1600,9627, ,CFS
SHA,H,76,INFLOW,20110521,1700,8756, ,CFS
SHA,H,76,INFLOW,20110521,1800,8648, ,CFS
SHA,H,76,INFLOW,20110521,1900,8452, ,CFS
SHA,H,76,INFLOW,20110521,2000,11857, ,CFS
SHA,H,76,INFLOW,20110521,2100,10270, ,CFS
SHA,H,76,INFLOW,20110521,2200,19601, ,CFS
SHA,H,76,INFLOW,20110521,2300,14409, ,CFS
SHA,H,76,INFLOW,20110522,0000,12936, ,CFS
SHA,H,76,INFLOW,20110522,0100,11929, ,CFS
SHA,H,76,INFLOW,20110522,0200,16929, ,CFS
SHA,H,76,INFLOW,20110522,0300,9574, ,CFS
SHA,H,76,INFLOW,20110522,0400,2406, ,CFS
SHA,H,76,INFLOW,20110522,0500,9531, ,CFS
SHA,H,76,INFLOW,20110522,0600,5982, ,CFS
SHA,H,76,INFLOW,20110522,0700,6061, ,CFS
SHA,H,76,INFLOW,20110522,0800,8126, ,CFS
SHA,H,76,INFLOW,20110522,0900,9030, ,CFS
SHA,H,76,INFLOW,20110522,1000,13288, ,CFS
SHA,H,76,INFLOW,20110522,1100,12450, ,CFS
SHA,H,76,INFLOW,20110522,1200,6113, ,CFS
SHA,H,76,INFLOW,20110522,1300,9904, ,CFS
SHA,H,76,INFLOW,20110522,1400,13435, ,CFS
SHA,H,76,INFLOW,20110522,1500,16922, ,CFS
SHA,H,76,INFLOW,20110522,1600,14219, ,CFS
SHA,H,76,INFLOW,20110522,1700,10342, ,CFS
SHA,H,76,INFLOW,20110522,1800,11005, ,CFS
SHA,H,76,INFLOW,20110522,1900,11995, ,CFS
SHA,H,76,INFLOW,20110522,2000,11995, ,CFS
SHA,H,76,INFLOW,20110522,2100,7430, ,CFS
SHA,H,76,INFLOW,20110522,2200,14692, ,CFS
SHA,H,76,INFLOW,20110522,2300,13679, ,CFS
SHA,H,76,INFLOW,20110523,0000,11122, ,CFS
SHA,H,76,INFLOW,20110523,0100,10571, ,CFS
SHA,H,76,INFLOW,20110523,0200,9334, ,CFS
SHA,H,76,INFLOW,20110523,0300,5464, ,CFS
SHA,H,76,INFLOW,20110523,0400,12641, ,CFS
SHA,H,76,INFLOW,20110523,0500,12873, ,CFS
SHA,H,76,INFLOW,20110523,0600,6893, ,CFS
SHA,H,76,INFLOW,20110523,0700,12744, ,CFS
SHA,H,76,INFLOW,20110523,0800,9933, ,CFS
SHA,H,76,INFLOW,20110523,0900,9321, ,CFS
SHA,H,76,INFLOW,20110523,1000,18352, ,CFS
SHA,H,76,INFLOW,20110523,1100,6141, ,CFS
SHA,H,76,INFLOW,20110523,1200,20456, ,CFS
SHA,H,76,INFLOW,20110523,1300,13776, ,CFS
SHA,H,76,INFLOW,20110523,1400,13322, ,CFS
SHA,H,76,INFLOW,20110523,1500,17876, ,CFS
SHA,H,76,INFLOW,20110523,1600,14426, ,CFS
SHA,H,76,INFLOW,20110523,1700,10258, ,CFS
SHA,H,76,INFLOW,20110523,1800,21184, ,CFS
SHA,H,76,INFLOW,20110523,1900,17694, ,CFS
SHA,H,76,INFLOW,20110523,2000,13278, ,CFS
SHA,H,76,INFLOW,20110523,2100,7281, ,CFS
SHA,H,76,INFLOW,20110523,2200,13188, ,CFS
SHA,H,76,INFLOW,20110523,2300,13219, ,CFS
SHA,H,76,INFLOW,20110524,0000,9488, ,CFS
SHA,H,76,INFLOW,20110524,0100,9765, ,CFS
SHA,H,76,INFLOW,20110524,0200,1966, ,CFS
SHA,H,76,INFLOW,20110524,0300,5425, ,CFS
SHA,H,76,INFLOW,20110524,0400,8938, ,CFS
SHA,H,76,INFLOW,20110524,0500,1977, ,CFS
SHA,H,76,INFLOW,20110524,0600,9319, ,CFS
SHA,H,76,INFLOW,20110524,0700,4828, ,CFS
SHA,H,76,INFLOW,20110524,0800,16596, ,CFS
SHA,H,76,INFLOW,20110524,0900,1077, ,CFS
SHA,H,76,INFLOW,20110524,1000,13358, ,CFS
SHA,H,76,INFLOW,20110524,1100,14058, ,CFS
SHA,H,76,INFLOW,20110524,1200,1986, ,CFS
SHA,H,76,INFLOW,20110524,1300,16648, ,CFS
SHA,H,76,INFLOW,20110524,1400,9781, ,CFS
SHA,H,76,INFLOW,20110524,1500,9373, ,CFS
SHA,H,76,INFLOW,20110524,1600,16521, ,CFS
SHA,H,76,INFLOW,20110524,1700,10222, ,CFS
SHA,H,76,INFLOW,20110524,1800,12574, ,CFS
SHA,H,76,INFLOW,20110524,1900,11089, ,CFS
SHA,H,76,INFLOW,20110524,2000,9812, ,CFS
SHA,H,76,INFLOW,20110524,2100,16092, ,CFS
SHA,H,76,INFLOW,20110524,2200,4132, ,CFS
SHA,H,76,INFLOW,20110524,2300,14784, ,CFS
SHA,H,76,INFLOW,20110525,0000,6746, ,CFS
SHA,H,76,INFLOW,20110525,0100,13081, ,CFS
SHA,H,76,INFLOW,20110525,0200,-1425, ,CFS
SHA,H,76,INFLOW,20110525,0300,16133, ,CFS
SHA,H,76,INFLOW,20110525,0400,5539, ,CFS
SHA,H,76,INFLOW,20110525,0500,2150, ,CFS
SHA,H,76,INFLOW,20110525,0600,-1262, ,CFS
SHA,H,76,INFLOW,20110525,0700,16190, ,CFS
SHA,H,76,INFLOW,20110525,0800,9889, ,CFS
SHA,H,76,INFLOW,20110525,0900,9981, ,CFS
SHA,H,76,INFLOW,20110525,1000,23408, ,CFS
SHA,H,76,INFLOW,20110525,1100,16002, ,CFS
SHA,H,76,INFLOW,20110525,1200,12206, ,CFS
SHA,H,76,INFLOW,20110525,1300,15560, ,CFS
SHA,H,76,INFLOW,20110525,1400,11963, ,CFS
SHA,H,76,INFLOW,20110525,1500,12033, ,CFS
SHA,H,76,INFLOW,20110525,1600,26039, ,CFS
SHA,H,76,INFLOW,20110525,1700,8133, ,CFS
SHA,H,76,INFLOW,20110525,1800,20027, ,CFS
SHA,H,76,INFLOW,20110525,1900,4162, ,CFS
SHA,H,76,INFLOW,20110525,2000,15294, ,CFS
SHA,H,76,INFLOW,20110525,2100,16077, ,CFS
SHA,H,76,INFLOW,20110525,2200,8182, ,CFS
SHA,H,76,INFLOW,20110525,2300,15232, ,CFS
SHA,H,76,INFLOW,20110526,0000,5591, ,CFS
SHA,H,76,INFLOW,20110526,0100,16769, ,CFS
SHA,H,76,INFLOW,20110526,0200,12846, ,CFS
SHA,H,76,INFLOW,20110526,0300,5585, ,CFS
SHA,H,76,INFLOW,20110526,0400,8728, ,CFS
SHA,H,76,INFLOW,20110526,0500,9070, ,CFS
SHA,H,76,INFLOW,20110526,0600,9236, ,CFS
SHA,H,76,INFLOW,20110526,0700,1912, ,CFS
SHA,H,76,INFLOW,20110526,0800,16014, ,CFS
SHA,H,76,INFLOW,20110526,0900,5008, ,CFS
SHA,H,76,INFLOW,20110526,1000,17065, ,CFS
SHA,H,76,INFLOW,20110526,1100,8552, ,CFS
SHA,H,76,INFLOW,20110526,1200,15736, ,CFS
SHA,H,76,INFLOW,20110526,1300,8412, ,CFS
SHA,H,76,INFLOW,20110526,1400,15840, ,CFS
SHA,H,76,INFLOW,20110526,1500,8480, ,CFS
SHA,H,76,INFLOW,20110526,1600,12050, ,CFS
SHA,H,76,INFLOW,20110526,1700,16290, ,CFS
SHA,H,76,INFLOW,20110526,1800,12031, ,CFS
SHA,H,76,INFLOW,20110526,1900,7132, ,CFS
SHA,H,76,INFLOW,20110526,2000,13198, ,CFS
SHA,H,76,INFLOW,20110526,2100,14394, ,CFS
SHA,H,76,INFLOW,20110526,2200,6321, ,CFS
SHA,H,76,INFLOW,20110526,2300,14088, ,CFS
SHA,H,76,INFLOW,20110527,0000,9565, ,CFS
SHA,H,76,INFLOW,20110527,0100,11407, ,CFS
SHA,H,76,INFLOW,20110527,0200,14708, ,CFS
SHA,H,76,INFLOW,20110527,0300,-3123, ,CFS
SHA,H,76,INFLOW,20110527,0400,499, ,CFS
SHA,H,76,INFLOW,20110527,0500,15674, ,CFS
SHA,H,76,INFLOW,20110527,0600,-944, ,CFS
SHA,H,76,INFLOW,20110527,0700,14522, ,CFS
SHA,H,76,INFLOW,20110527,0800,15269, ,CFS
SHA,H,76,INFLOW,20110527,0900,9597, ,CFS
SHA,H,76,INFLOW,20110527,1000,13678, ,CFS
SHA,H,76,INFLOW,20110527,1100,9816, ,CFS
SHA,H,76,INFLOW,20110527,1200,9607, ,CFS
SHA,H,76,INFLOW,20110527,1300,16824, ,CFS
SHA,H,76,INFLOW,20110527,1400,13305, ,CFS
SHA,H,76,INFLOW,20110527,1500,6014, ,CFS
SHA,H,76,INFLOW,20110527,1600,8963, ,CFS
SHA,H,76,INFLOW,20110527,1700,11645, ,CFS
SHA,H,76,INFLOW,20110527,1800,16287, ,CFS
SHA,H,76,INFLOW,20110527,1900,7005, ,CFS
SHA,H,76,INFLOW,20110527,2000,10818, ,CFS
SHA,H,76,INFLOW,20110527,2100,12356, ,CFS
SHA,H,76,INFLOW,20110527,2200,5847, ,CFS
SHA,H,76,INFLOW,20110527,2300,17048, ,CFS
SHA,H,76,INFLOW,20110528,0000,4006, ,CFS
SHA,H,76,INFLOW,20110528,0100,12049, ,CFS
SHA,H,76,INFLOW,20110528,0200,9690, ,CFS
SHA,H,76,INFLOW,20110528,0300,1956, ,CFS
SHA,H,76,INFLOW,20110528,0400,5462, ,CFS
SHA,H,76,INFLOW,20110528,0500,12608, ,CFS
SHA,H,76,INFLOW,20110528,0600,9098, ,CFS
SHA,H,76,INFLOW,20110528,0700,10396, ,CFS
SHA,H,76,INFLOW,20110528,0800,12643, ,CFS
SHA,H,76,INFLOW,20110528,0900,-5257, ,CFS
SHA,H,76,INFLOW,20110528,1000,13814, ,CFS
SHA,H,76,INFLOW,20110528,1100,11344, ,CFS
SHA,H,76,INFLOW,20110528,1200,4627, ,CFS
SHA,H,76,INFLOW,20110528,1300,15621, ,CFS
SHA,H,76,INFLOW,20110528,1400,11031, ,CFS
SHA,H,76,INFLOW,20110528,1500,14320, ,CFS
SHA,H,76,INFLOW,20110528,1600,23808, ,CFS
SHA,H,76,INFLOW,20110528,1700,6596, ,CFS
SHA,H,76,INFLOW,20110528,1800,4572, ,CFS
SHA,H,76,INFLOW,20110528,1900,18966, ,CFS
SHA,H,76,INFLOW,20110528,2000,15583, ,CFS
SHA,H,76,INFLOW,20110528,2100,16185, ,CFS
SHA,H,76,INFLOW,20110528,2200,5652, ,CFS
SHA,H,76,INFLOW,20110528,2300,16102, ,CFS
SHA,H,76,INFLOW,20110529,0000,14537, ,CFS
SHA,H,76,INFLOW,20110529,0100,1607, ,CFS
SHA,H,76,INFLOW,20110529,0200,12982, ,CFS
SHA,H,76,INFLOW,20110529,0300,12612, ,CFS
SHA,H,76,INFLOW,20110529,0400,-1972, ,CFS
SHA,H,76,INFLOW,20110529,0500,23200, ,CFS
SHA,H,76,INFLOW,20110529,0600,-5179, ,CFS
SHA,H,76,INFLOW,20110529,0700,13281, ,CFS
SHA,H,76,INFLOW,20110529,0800,8499, ,CFS
SHA,H,76,INFLOW,20110529,0900,2285, ,CFS
SHA,H,76,INFLOW,20110529,1000,21104, ,CFS
SHA,H,76,INFLOW,20110529,1100,4580, ,CFS
SHA,H,76,INFLOW,20110529,1200,13133, ,CFS
SHA,H,76,INFLOW,20110529,1300,6735, ,CFS
SHA,H,76,INFLOW,20110529,1400,10351, ,CFS
SHA,H,76,INFLOW,20110529,1500,12980, ,CFS
SHA,H,76,INFLOW,20110529,1600,9203, ,CFS
SHA,H,76,INFLOW,20110529,1700,2350, ,CFS
SHA,H,76,INFLOW,20110529,1800,9538, ,CFS
SHA,H,76,INFLOW,20110529,1900,9250, ,CFS
SHA,H,76,INFLOW,20110529,2000,4446, ,CFS
SHA,H,76,INFLOW,20110529,2100,12130, ,CFS
SHA,H,76,INFLOW,20110529,2200,12388, ,CFS
SHA,H,76,INFLOW,20110529,2300,9832, ,CFS
SHA,H,76,INFLOW,20110530,0000,13364, ,CFS
SHA,H,76,INFLOW,20110530,0100,11098, ,CFS
SHA,H,76,INFLOW,20110530,0200,9246, ,CFS
SHA,H,76,INFLOW,20110530,0300,9169, ,CFS
SHA,H,76,INFLOW,20110530,0400,9173, ,CFS
SHA,H,76,INFLOW,20110530,0500,12167, ,CFS
SHA,H,76,INFLOW,20110530,0600,15657, ,CFS
SHA,H,76,INFLOW,20110530,0700,6780, ,CFS
SHA,H,76,INFLOW,20110530,0800,18822, ,CFS
SHA,H,76,INFLOW,20110530,0900,9676, ,CFS
SHA,H,76,INFLOW,20110530,1000,10121, ,CFS
SHA,H,76,INFLOW,20110530,1100,16052, ,CFS
SHA,H,76,INFLOW,20110530,1200,10482, ,CFS
SHA,H,76,INFLOW,20110530,1300,14910, ,CFS
SHA,H,76,INFLOW,20110530,1400,11217, ,CFS
SHA,H,76,INFLOW,20110530,1500,14298, ,CFS
SHA,H,76,INFLOW,20110530,1600,11024, ,CFS
SHA,H,76,INFLOW,20110530,1700,10212, ,CFS
SHA,H,76,INFLOW,20110530,1800,10038, ,CFS
SHA,H,76,INFLOW,20110530,1900,17115, ,CFS
SHA,H,76,INFLOW,20110530,2000,9265, ,CFS
SHA,H,76,INFLOW,20110530,2100,12869, ,CFS
SHA,H,76,INFLOW,20110530,2200,12652, ,CFS
SHA,H,76,INFLOW,20110530,2300,5814, ,CFS
SHA,H,76,INFLOW,20110531,0000,15971, ,CFS
SHA,H,76,INFLOW,20110531,0100,-442, ,CFS
SHA,H,76,INFLOW,20110531,0200,12744, ,CFS
SHA,H,76,INFLOW,20110531,0300,12709, ,CFS
SHA,H,76,INFLOW,20110531,0400,2014, ,CFS
SHA,H,76,INFLOW,20110531,0500,9307, ,CFS
SHA,H,76,INFLOW,20110531,0600,5705, ,CFS
SHA,H,76,INFLOW,20110531,0700,12958, ,CFS
SHA,H,76,INFLOW,20110531,0800,18515, ,CFS
SHA,H,76,INFLOW,20110531,0900,4569, ,CFS
SHA,H,76,INFLOW,20110531,1000,20817, ,CFS
SHA,H,76,INFLOW,20110531,1100,16350, ,CFS
SHA,H,76,INFLOW,20110531,1200,13418, ,CFS
SHA,H,76,INFLOW,20110531,1300,15708, ,CFS
SHA,H,76,INFLOW,20110531,1400,17839, ,CFS
SHA,H,76,INFLOW,20110531,1500,10651, ,CFS
SHA,H,76,INFLOW,20110531,1600,20613, ,CFS
SHA,H,76,INFLOW,20110531,1700,9422, ,CFS
SHA,H,76,INFLOW,20110531,1800,14167, ,CFS
SHA,H,76,INFLOW,20110531,1900,22958, ,CFS
SHA,H,76,INFLOW,20110531,2000,6212, ,CFS
SHA,H,76,INFLOW,20110531,2100,28001, ,CFS
SHA,H,76,INFLOW,20110531,2200,14596, ,CFS
SHA,H,76,INFLOW,20110531,2300,13529, ,CFS
SHA,H,76,INFLOW,20110601,0000,12524, ,CFS
SHA,H,76,INFLOW,20110601,0100,16745, ,CFS
SHA,H,76,INFLOW,20110601,0200,1890, ,CFS
SHA,H,76,INFLOW,20110601,0300,16147, ,CFS
SHA,H,76,INFLOW,20110601,0400,-5253, ,CFS
SHA,H,76,INFLOW,20110601,0500,12157, ,CFS
SHA,H,76,INFLOW,20110601,0600,7620, ,CFS
SHA,H,76,INFLOW,20110601,0700,-225, ,CFS
SHA,H,76,INFLOW,20110601,0800,19103, ,CFS
SHA,H,76,INFLOW,20110601,0900,4674, ,CFS
SHA,H,76,INFLOW,20110601,1000,17550, ,CFS
SHA,H,76,INFLOW,20110601,1100,18639, ,CFS
SHA,H,76,INFLOW,20110601,1200,12649, ,CFS
SHA,H,76,INFLOW,20110601,1300,15958, ,CFS
SHA,H,76,INFLOW,20110601,1400,8755, ,CFS
SHA,H,76,INFLOW,20110601,1500,19285, ,CFS
SHA,H,76,INFLOW,20110601,1600,8430, ,CFS
SHA,H,76,INFLOW,20110601,1700,21947, ,CFS
SHA,H,76,INFLOW,20110601,1800,6090, ,CFS
SHA,H,76,INFLOW,20110601,1900,12022, ,CFS
SHA,H,76,INFLOW,20110601,2000,11750, ,CFS
SHA,H,76,INFLOW,20110601,2100,17617, ,CFS
SHA,H,76,INFLOW,20110601,2200,10746, ,CFS
SHA,H,76,INFLOW,20110601,2300,13252, ,CFS
SHA,H,76,INFLOW,20110602,0000,11809, ,CFS
SHA,H,76,INFLOW,20110602,0100,15658, ,CFS
SHA,H,76,INFLOW,20110602,0200,11162, ,CFS
SHA,H,76,INFLOW,20110602,0300,11126, ,CFS
SHA,H,76,INFLOW,20110602,0400,380, ,CFS
SHA,H,76,INFLOW,20110602,0500,4134, ,CFS
SHA,H,76,INFLOW,20110602,0600,6261, ,CFS
SHA,H,76,INFLOW,20110602,0700,14114, ,CFS
SHA,H,76,INFLOW,20110602,0800,15491, ,CFS
SHA,H,76,INFLOW,20110602,0900,9286, ,CFS
SHA,H,76,INFLOW,20110602,1000,1640, ,CFS
SHA,H,76,INFLOW,20110602,1100,23896, ,CFS
SHA,H,76,INFLOW,20110602,1200,5875, ,CFS
SHA,H,76,INFLOW,20110602,1300,16734, ,CFS
SHA,H,76,INFLOW,20110602,1400,8656, ,CFS
SHA,H,76,INFLOW,20110602,1500,5243, ,CFS
SHA,H,76,INFLOW,20110602,1600,9878, ,CFS
SHA,H,76,INFLOW,20110602,1700,12954, ,CFS
SHA,H,76,INFLOW,20110602,1800,9315, ,CFS
SHA,H,76,INFLOW,20110602,1900,12800, ,CFS
SHA,H,76,INFLOW,20110602,2000,7285, ,CFS
SHA,H,76,INFLOW,20110602,2100,18790, ,CFS
SHA,H,76,INFLOW,20110602,2200,14929, ,CFS
SHA,H,76,INFLOW,20110602,2300,16082, ,CFS
SHA,H,76,INFLOW,20110603,0000,15893, ,CFS
SHA,H,76,INFLOW,20110603,0100,8580, ,CFS
SHA,H,76,INFLOW,20110603,0200,6460, ,CFS
SHA,H,76,INFLOW,20110603,0300,9673, ,CFS
SHA,H,76,INFLOW,20110603,0400,9682, ,CFS
SHA,H,76,INFLOW,20110603,0500,13625, ,CFS
SHA,H,76,INFLOW,20110603,0600,5913, ,CFS
SHA,H,76,INFLOW,20110603,0700,17745, ,CFS
SHA,H,76,INFLOW,20110603,0800,8895, ,CFS
SHA,H,76,INFLOW,20110603,0900,9934, ,CFS
SHA,H,76,INFLOW,20110603,1000,10271, ,CFS
SHA,H,76,INFLOW,20110603,1100,7309, ,CFS
SHA,H,76,INFLOW,20110603,1200,11470, ,CFS
SHA,H,76,INFLOW,20110603,1300,15094, ,CFS
SHA,H,76,INFLOW,20110603,1400,14937, ,CFS
SHA,H,76,INFLOW,20110603,1500,11340, ,CFS
SHA,H,76,INFLOW,20110603,1600,10952, ,CFS
SHA,H,76,INFLOW,20110603,1700,10003, ,CFS
SHA,H,76,INFLOW,20110603,1800,15646, ,CFS
SHA,H,76,INFLOW,20110603,1900,8290, ,CFS
SHA,H,76,INFLOW,20110603,2000,19081, ,CFS
SHA,H,76,INFLOW,20110603,2100,9897, ,CFS
SHA,H,76,INFLOW,20110603,2200,9879, ,CFS
SHA,H,76,INFLOW,20110603,2300,10726, ,CFS
SHA,H,76,INFLOW,20110604,0000,13663, ,CFS
SHA,H,76,INFLOW,20110604,0100,14767, ,CFS
SHA,H,76,INFLOW,20110604,0200,3900, ,CFS
SHA,H,76,INFLOW,20110604,0300,10531, ,CFS
SHA,H,76,INFLOW,20110604,0400,4232, ,CFS
SHA,H,76,INFLOW,20110604,0500,8021, ,CFS
SHA,H,76,INFLOW,20110604,0600,9779, ,CFS
SHA,H,76,INFLOW,20110604,0700,8680, ,CFS
SHA,H,76,INFLOW,20110604,0800,18954, ,CFS
SHA,H,76,INFLOW,20110604,0900,2834, ,CFS
SHA,H,76,INFLOW,20110604,1000,11122, ,CFS
SHA,H,76,INFLOW,20110604,1100,15003, ,CFS
SHA,H,76,INFLOW,20110604,1200,7881, ,CFS
SHA,H,76,INFLOW,20110604,1300,4277, ,CFS
SHA,H,76,INFLOW,20110604,1400,15010, ,CFS
SHA,H,76,INFLOW,20110604,1500,4409, ,CFS
SHA,H,76,INFLOW,20110604,1600,7878, ,CFS
SHA,H,76,INFLOW,20110604,1700,18536, ,CFS
SHA,H,76,INFLOW,20110604,1800,11476, ,CFS
SHA,H,76,INFLOW,20110604,1900,7870, ,CFS
SHA,H,76,INFLOW,20110604,2000,4282, ,CFS
SHA,H,76,INFLOW,20110604,2100,18621, ,CFS
SHA,H,76,INFLOW,20110604,2200,4080, ,CFS
SHA,H,76,INFLOW,20110604,2300,17163, ,CFS
SHA,H,76,INFLOW,20110605,0000,12130, ,CFS
SHA,H,76,INFLOW,20110605,0100,6871, ,CFS
SHA,H,76,INFLOW,20110605,0200,13976, ,CFS
SHA,H,76,INFLOW,20110605,0300,7840, ,CFS
SHA,H,76,INFLOW,20110605,0400,6616, ,CFS
SHA,H,76,INFLOW,20110605,0500,14986, ,CFS
SHA,H,76,INFLOW,20110605,0600,7794, ,CFS
SHA,H,76,INFLOW,20110605,0700,2495, ,CFS
SHA,H,76,INFLOW,20110605,0800,14754, ,CFS
SHA,H,76,INFLOW,20110605,0900,11672, ,CFS
SHA,H,76,INFLOW,20110605,1000,11415, ,CFS
SHA,H,76,INFLOW,20110605,1100,11520, ,CFS
SHA,H,76,INFLOW,20110605,1200,7921, ,CFS
SHA,H,76,INFLOW,20110605,1300,14983, ,CFS
SHA,H,76,INFLOW,20110605,1400,15040, ,CFS
SHA,H,76,INFLOW,20110605,1500,11468, ,CFS
SHA,H,76,INFLOW,20110605,1600,11504, ,CFS
SHA,H,76,INFLOW,20110605,1700,11464, ,CFS
SHA,H,76,INFLOW,20110605,1800,11393, ,CFS
SHA,H,76,INFLOW,20110605,1900,11543, ,CFS
SHA,H,76,INFLOW,20110605,2000,11604, ,CFS
SHA,H,76,INFLOW,20110605,2100,8012, ,CFS
SHA,H,76,INFLOW,20110605,2200,14989, ,CFS
SHA,H,76,INFLOW,20110605,2300,9653, ,CFS
SHA,H,76,INFLOW,20110606,0000,11089, ,CFS
SHA,H,76,INFLOW,20110606,0100,12591, ,CFS
SHA,H,76,INFLOW,20110606,0200,5276, ,CFS
SHA,H,76,INFLOW,20110606,0300,4918, ,CFS
SHA,H,76,INFLOW,20110606,0400,4994, ,CFS
SHA,H,76,INFLOW,20110606,0500,-3471, ,CFS
SHA,H,76,INFLOW,20110606,0600,18010, ,CFS
SHA,H,76,INFLOW,20110606,0700,-2567, ,CFS
SHA,H,76,INFLOW,20110606,0800,18682, ,CFS
SHA,H,76,INFLOW,20110606,0900,4453, ,CFS
SHA,H,76,INFLOW,20110606,1000,9798, ,CFS
SHA,H,76,INFLOW,20110606,1100,22366, ,CFS
SHA,H,76,INFLOW,20110606,1200,15202, ,CFS
SHA,H,76,INFLOW,20110606,1300,8058, ,CFS
SHA,H,76,INFLOW,20110606,1400,15158, ,CFS
SHA,H,76,INFLOW,20110606,1500,15197, ,CFS
SHA,H,76,INFLOW,20110606,1600,11647, ,CFS
SHA,H,76,INFLOW,20110606,1700,11529, ,CFS
SHA,H,76,INFLOW,20110606,1800,11508, ,CFS
SHA,H,76,INFLOW,20110606,1900,15059, ,CFS
SHA,H,76,INFLOW,20110606,2000,11600, ,CFS
SHA,H,76,INFLOW,20110606,2100,7965, ,CFS
SHA,H,76,INFLOW,20110606,2200,11571, ,CFS
SHA,H,76,INFLOW,20110606,2300,11660, ,CFS
SHA,H,76,INFLOW,20110607,0000,11469, ,CFS
SHA,H,76,INFLOW,20110607,0100,9987, ,CFS
SHA,H,76,INFLOW,20110607,0200,13507, ,CFS
SHA,H,76,INFLOW,20110607,0300,6377, ,CFS
SHA,H,76,INFLOW,20110607,0400,2722, ,CFS
SHA,H,76,INFLOW,20110607,0500,4415, ,CFS
SHA,H,76,INFLOW,20110607,0600,4250, ,CFS
SHA,H,76,INFLOW,20110607,0700,4425, ,CFS
SHA,H,76,INFLOW,20110607,0800,10822, ,CFS
SHA,H,76,INFLOW,20110607,0900,10919, ,CFS
SHA,H,76,INFLOW,20110607,1000,9715, ,CFS
SHA,H,76,INFLOW,20110607,1100,18485, ,CFS
SHA,H,76,INFLOW,20110607,1200,7929, ,CFS
SHA,H,76,INFLOW,20110607,1300,11337, ,CFS
SHA,H,76,INFLOW,20110607,1400,11496, ,CFS
SHA,H,76,INFLOW,20110607,1500,11321, ,CFS
SHA,H,76,INFLOW,20110607,1600,13887, ,CFS
SHA,H,76,INFLOW,20110607,1700,11437, ,CFS
SHA,H,76,INFLOW,20110607,1800,7913, ,CFS
SHA,H,76,INFLOW,20110607,1900,4469, ,CFS
SHA,H,76,INFLOW,20110607,2000,15299, ,CFS
SHA,H,76,INFLOW,20110607,2100,15089, ,CFS
SHA,H,76,INFLOW,20110607,2200,11339, ,CFS
SHA,H,76,INFLOW,20110607,2300,11759, ,CFS
SHA,H,76,INFLOW,20110608,0000,14589, ,CFS
SHA,H,76,INFLOW,20110608,0100,4210, ,CFS
SHA,H,76,INFLOW,20110608,0200,10770, ,CFS
SHA,H,76,INFLOW,20110608,0300,3665, ,CFS
SHA,H,76,INFLOW,20110608,0400,7181, ,CFS
SHA,H,76,INFLOW,20110608,0500,3827, ,CFS
SHA,H,76,INFLOW,20110608,0600,4051, ,CFS
SHA,H,76,INFLOW,20110608,0700,9184, ,CFS
SHA,H,76,INFLOW,20110608,0800,3418, ,CFS
SHA,H,76,INFLOW,20110608,0900,17736, ,CFS
SHA,H,76,INFLOW,20110608,1000,4288, ,CFS
SHA,H,76,INFLOW,20110608,1100,10787, ,CFS
SHA,H,76,INFLOW,20110608,1200,7537, ,CFS
SHA,H,76,INFLOW,20110608,1300,7775, ,CFS
SHA,H,76,INFLOW,20110608,1400,18436, ,CFS
SHA,H,76,INFLOW,20110608,1500,7878, ,CFS
SHA,H,76,INFLOW,20110608,1600,12813, ,CFS
SHA,H,76,INFLOW,20110608,1700,11115, ,CFS
SHA,H,76,INFLOW,20110608,1800,7388, ,CFS
SHA,H,76,INFLOW,20110608,1900,7244, ,CFS
SHA,H,76,INFLOW,20110608,2000,14612, ,CFS
SHA,H,76,INFLOW,20110608,2100,7442, ,CFS
SHA,H,76,INFLOW,20110608,2200,11172, ,CFS
SHA,H,76,INFLOW,20110608,2300,15822, ,CFS
SHA,H,76,INFLOW,20110609,0000,1994, ,CFS
SHA,H,76,INFLOW,20110609,0100,5084, ,CFS
SHA,H,76,INFLOW,20110609,0200,7470, ,CFS
SHA,H,76,INFLOW,20110609,0300,3797, ,CFS
SHA,H,76,INFLOW,20110609,0400,14544, ,CFS
SHA,H,76,INFLOW,20110609,0500,7575, ,CFS
SHA,H,76,INFLOW,20110609,0600,14787, ,CFS
SHA,H,76,INFLOW,20110609,0700,13205, ,CFS
SHA,H,76,INFLOW,20110609,0800,10461, ,CFS
SHA,H,76,INFLOW,20110609,0900,12894, ,CFS
SHA,H,76,INFLOW,20110609,1000,6465, ,CFS
SHA,H,76,INFLOW,20110609,1100,13697, ,CFS
SHA,H,76,INFLOW,20110609,1200,9125, ,CFS
SHA,H,76,INFLOW,20110609,1300,10873, ,CFS
SHA,H,76,INFLOW,20110609,1400,17043, ,CFS
SHA,H,76,INFLOW,20110609,1500,9767, ,CFS
SHA,H,76,INFLOW,20110609,1600,13872, ,CFS
SHA,H,76,INFLOW,20110609,1700,11172, ,CFS
SHA,H,76,INFLOW,20110609,1800,5782, ,CFS
SHA,H,76,INFLOW,20110609,1900,12973, ,CFS
SHA,H,76,INFLOW,20110609,2000,12533, ,CFS
SHA,H,76,INFLOW,20110609,2100,9143, ,CFS
SHA,H,76,INFLOW,20110609,2200,13209, ,CFS
SHA,H,76,INFLOW,20110609,2300,12248, ,CFS
SHA,H,76,INFLOW,20110610,0000,8745, ,CFS
SHA,H,76,INFLOW,20110610,0100,13401, ,CFS
SHA,H,76,INFLOW,20110610,0200,9192, ,CFS
SHA,H,76,INFLOW,20110610,0300,9302, ,CFS
SHA,H,76,INFLOW,20110610,0400,12826, ,CFS
SHA,H,76,INFLOW,20110610,0500,12833, ,CFS
SHA,H,76,INFLOW,20110610,0600,16010, ,CFS
SHA,H,76,INFLOW,20110610,0700,9827, ,CFS
SHA,H,76,INFLOW,20110610,0800,17485, ,CFS
SHA,H,76,INFLOW,20110610,0900,11891, ,CFS
SHA,H,76,INFLOW,20110610,1000,9895, ,CFS
SHA,H,76,INFLOW,20110610,1100,12173, ,CFS
SHA,H,76,INFLOW,20110610,1200,14739, ,CFS
SHA,H,76,INFLOW,20110610,1300,11550, ,CFS
SHA,H,76,INFLOW,20110610,1400,15229, ,CFS
SHA,H,76,INFLOW,20110610,1500,8282, ,CFS
SHA,H,76,INFLOW,20110610,1600,11432, ,CFS
SHA,H,76,INFLOW,20110610,1700,8323, ,CFS
SHA,H,76,INFLOW,20110610,1800,11986, ,CFS
SHA,H,76,INFLOW,20110610,1900,8083, ,CFS
SHA,H,76,INFLOW,20110610,2000,14561, ,CFS
SHA,H,76,INFLOW,20110610,2100,8447, ,CFS
SHA,H,76,INFLOW,20110610,2200,15446, ,CFS
SHA,H,76,INFLOW,20110610,2300,14195, ,CFS
SHA,H,76,INFLOW,20110611,0000,-3967, ,CFS
SHA,H,76,INFLOW,20110611,0100,22998, ,CFS
SHA,H,76,INFLOW,20110611,0200,5311, ,CFS
SHA,H,76,INFLOW,20110611,0300,5290, ,CFS
SHA,H,76,INFLOW,20110611,0400,8799, ,CFS
SHA,H,76,INFLOW,20110611,0500,4996, ,CFS
SHA,H,76,INFLOW,20110611,0600,12115, ,CFS
SHA,H,76,INFLOW,20110611,0700,9037, ,CFS
SHA,H,76,INFLOW,20110611,0800,-1050, ,CFS
SHA,H,76,INFLOW,20110611,0900,10698, ,CFS
SHA,H,76,INFLOW,20110611,1000,10754, ,CFS
SHA,H,76,INFLOW,20110611,1100,9891, ,CFS
SHA,H,76,INFLOW,20110611,1200,16325, ,CFS
SHA,H,76,INFLOW,20110611,1300,11262, ,CFS
SHA,H,76,INFLOW,20110611,1400,11277, ,CFS
SHA,H,76,INFLOW,20110611,1500,14946, ,CFS
SHA,H,76,INFLOW,20110611,1600,11342, ,CFS
SHA,H,76,INFLOW,20110611,1700,3686, ,CFS
SHA,H,76,INFLOW,20110611,1800,13383, ,CFS
SHA,H,76,INFLOW,20110611,1900,12806, ,CFS
SHA,H,76,INFLOW,20110611,2000,12746, ,CFS
SHA,H,76,INFLOW,20110611,2100,13319, ,CFS
SHA,H,76,INFLOW,20110611,2200,9545, ,CFS
SHA,H,76,INFLOW,20110611,2300,8660, ,CFS
SHA,H,76,INFLOW,20110612,0000,8613, ,CFS
SHA,H,76,INFLOW,20110612,0100,8651, ,CFS
SHA,H,76,INFLOW,20110612,0200,12288, ,CFS
SHA,H,76,INFLOW,20110612,0300,1629, ,CFS
SHA,H,76,INFLOW,20110612,0400,8700, ,CFS
SHA,H,76,INFLOW,20110612,0500,8705, ,CFS
SHA,H,76,INFLOW,20110612,0600,1477, ,CFS
SHA,H,76,INFLOW,20110612,0700,8098, ,CFS
SHA,H,76,INFLOW,20110612,0800,9327, ,CFS
SHA,H,76,INFLOW,20110612,0900,8788, ,CFS
SHA,H,76,INFLOW,20110612,1000,22300, ,CFS
SHA,H,76,INFLOW,20110612,1100,15353, ,CFS
SHA,H,76,INFLOW,20110612,1200,15342, ,CFS
SHA,H,76,INFLOW,20110612,1300,22626, ,CFS
SHA,H,76,INFLOW,20110612,1400,12120, ,CFS
SHA,H,76,INFLOW,20110612,1500,16217, ,CFS
SHA,H,76,INFLOW,20110612,1600,15359, ,CFS
SHA,H,76,INFLOW,20110612,1700,12253, ,CFS
SHA,H,76,INFLOW,20110612,1800,15622, ,CFS
SHA,H,76,INFLOW,20110612,1900,8304, ,CFS
SHA,H,76,INFLOW,20110612,2000,15132, ,CFS
SHA,H,76,INFLOW,20110612,2100,11099, ,CFS
SHA,H,76,INFLOW,20110612,2200,17747, ,CFS
SHA,H,76,INFLOW,20110612,2300,9056, ,CFS
SHA,H,76,INFLOW,20110613,0000,12214, ,CFS
SHA,H,76,INFLOW,20110613,0100,3158, ,CFS
SHA,H,76,INFLOW,20110613,0200,5038, ,CFS
SHA,H,76,INFLOW,20110613,0300,4855, ,CFS
SHA,H,76,INFLOW,20110613,0400,4813, ,CFS
SHA,H,76,INFLOW,20110613,0500,5186, ,CFS
SHA,H,76,INFLOW,20110613,0600,4863, ,CFS
SHA,H,76,INFLOW,20110613,0700,9600, ,CFS
SHA,H,76,INFLOW,20110613,0800,5079, ,CFS
SHA,H,76,INFLOW,20110613,0900,10195, ,CFS
SHA,H,76,INFLOW,20110613,1000,12223, ,CFS
SHA,H,76,INFLOW,20110613,1100,13352, ,CFS
SHA,H,76,INFLOW,20110613,1200,10487, ,CFS
SHA,H,76,INFLOW,20110613,1300,15767, ,CFS
SHA,H,76,INFLOW,20110613,1400,12098, ,CFS
SHA,H,76,INFLOW,20110613,1500,13445, ,CFS
SHA,H,76,INFLOW,20110613,1600,11499, ,CFS
SHA,H,76,INFLOW,20110613,1700,12758, ,CFS
SHA,H,76,INFLOW,20110613,1800,9986, ,CFS
SHA,H,76,INFLOW,20110613,1900,8680, ,CFS
SHA,H,76,INFLOW,20110613,2000,15339, ,CFS
SHA,H,76,INFLOW,20110613,2100,14143, ,CFS
SHA,H,76,INFLOW,20110613,2200,14031, ,CFS
SHA,H,76,INFLOW,20110613,2300,11617, ,CFS
SHA,H,76,INFLOW,20110614,0000,8750, ,CFS
SHA,H,76,INFLOW,20110614,0100,13780, ,CFS
SHA,H,76,INFLOW,20110614,0200,1916, ,CFS
SHA,H,76,INFLOW,20110614,0300,5355, ,CFS
SHA,H,76,INFLOW,20110614,0400,5430, ,CFS
SHA,H,76,INFLOW,20110614,0500,5596, ,CFS
SHA,H,76,INFLOW,20110614,0600,6346, ,CFS
SHA,H,76,INFLOW,20110614,0700,5905, ,CFS
SHA,H,76,INFLOW,20110614,0800,8571, ,CFS
SHA,H,76,INFLOW,20110614,0900,11716, ,CFS
SHA,H,76,INFLOW,20110614,1000,13365, ,CFS
SHA,H,76,INFLOW,20110614,1100,6598, ,CFS
SHA,H,76,INFLOW,20110614,1200,15286, ,CFS
SHA,H,76,INFLOW,20110614,1300,11594, ,CFS
SHA,H,76,INFLOW,20110614,1400,12204, ,CFS
SHA,H,76,INFLOW,20110614,1500,15296, ,CFS
SHA,H,76,INFLOW,20110614,1600,11687, ,CFS
SHA,H,76,INFLOW,20110614,1700,7879, ,CFS
SHA,H,76,INFLOW,20110614,1800,15921, ,CFS
SHA,H,76,INFLOW,20110614,1900,13964, ,CFS
SHA,H,76,INFLOW,20110614,2000,12620, ,CFS
SHA,H,76,INFLOW,20110614,2100,14217, ,CFS
SHA,H,76,INFLOW,20110614,2200,10643, ,CFS
SHA,H,76,INFLOW,20110614,2300,18738, ,CFS
SHA,H,76,INFLOW,20110615,0000,7972, ,CFS
SHA,H,76,INFLOW,20110615,0100,11967, ,CFS
SHA,H,76,INFLOW,20110615,0200,7860, ,CFS
SHA,H,76,INFLOW,20110615,0300,-2805, ,CFS
SHA,H,76,INFLOW,20110615,0400,7849, ,CFS
SHA,H,76,INFLOW,20110615,0500,4303, ,CFS
SHA,H,76,INFLOW,20110615,0600,4385, ,CFS
SHA,H,76,INFLOW,20110615,0700,5853, ,CFS
SHA,H,76,INFLOW,20110615,0800,9407, ,CFS
SHA,H,76,INFLOW,20110615,0900,9494, ,CFS
SHA,H,76,INFLOW,20110615,1000,12124, ,CFS
SHA,H,76,INFLOW,20110615,1100,3946, ,CFS
SHA,H,76,INFLOW,20110615,1200,21434, ,CFS
SHA,H,76,INFLOW,20110615,1300,402, ,CFS
SHA,H,76,INFLOW,20110615,1400,11166, ,CFS
SHA,H,76,INFLOW,20110615,1500,16499, ,CFS
SHA,H,76,INFLOW,20110615,1600,9464, ,CFS
SHA,H,76,INFLOW,20110615,1700,13434, ,CFS
SHA,H,76,INFLOW,20110615,1800,13311, ,CFS
SHA,H,76,INFLOW,20110615,1900,12387, ,CFS
SHA,H,76,INFLOW,20110615,2000,10641, ,CFS
SHA,H,76,INFLOW,20110615,2100,12710, ,CFS
SHA,H,76,INFLOW,20110615,2200,19239, ,CFS
SHA,H,76,INFLOW,20110615,2300,8063, ,CFS
SHA,H,76,INFLOW,20110616,0000,11683, ,CFS
SHA,H,76,INFLOW,20110616,0100,12549, ,CFS
SHA,H,76,INFLOW,20110616,0200,5287, ,CFS
SHA,H,76,INFLOW,20110616,0300,1539, ,CFS
SHA,H,76,INFLOW,20110616,0400,1554, ,CFS
SHA,H,76,INFLOW,20110616,0500,5330, ,CFS
SHA,H,76,INFLOW,20110616,0600,5181, ,CFS
SHA,H,76,INFLOW,20110616,0700,2140, ,CFS
SHA,H,76,INFLOW,20110616,0800,23318, ,CFS
SHA,H,76,INFLOW,20110616,0900,-3242, ,CFS
SHA,H,76,INFLOW,20110616,1000,15067, ,CFS
SHA,H,76,INFLOW,20110616,1100,11554, ,CFS
SHA,H,76,INFLOW,20110616,1200,10346, ,CFS
SHA,H,76,INFLOW,20110616,1300,14316, ,CFS
SHA,H,76,INFLOW,20110616,1400,10767, ,CFS
SHA,H,76,INFLOW,20110616,1500,8858, ,CFS
SHA,H,76,INFLOW,20110616,1600,19291, ,CFS
SHA,H,76,INFLOW,20110616,1700,4403, ,CFS
SHA,H,76,INFLOW,20110616,1800,17501, ,CFS
SHA,H,76,INFLOW,20110616,1900,7134, ,CFS
SHA,H,76,INFLOW,20110616,2000,10854, ,CFS
SHA,H,76,INFLOW,20110616,2100,13607, ,CFS
SHA,H,76,INFLOW,20110616,2200,14655, ,CFS
SHA,H,76,INFLOW,20110616,2300,14319, ,CFS
SHA,H,76,INFLOW,20110617,0000,12197, ,CFS
SHA,H,76,INFLOW,20110617,0100,8074, ,CFS
SHA,H,76,INFLOW,20110617,0200,8905, ,CFS
SHA,H,76,INFLOW,20110617,0300,1588, ,CFS
SHA,H,76,INFLOW,20110617,0400,2199, ,CFS
SHA,H,76,INFLOW,20110617,0500,5924, ,CFS
SHA,H,76,INFLOW,20110617,0600,3177, ,CFS
SHA,H,76,INFLOW,20110617,0700,7043, ,CFS
SHA,H,76,INFLOW,20110617,0800,9455, ,CFS
SHA,H,76,INFLOW,20110617,0900,6562, ,CFS
SHA,H,76,INFLOW,20110617,1000,12874, ,CFS
SHA,H,76,INFLOW,20110617,1100,11661, ,CFS
SHA,H,76,INFLOW,20110617,1200,12375, ,CFS
SHA,H,76,INFLOW,20110617,1300,11973, ,CFS
SHA,H,76,INFLOW,20110617,1400,8858, ,CFS
SHA,H,76,INFLOW,20110617,1500,15443, ,CFS
SHA,H,76,INFLOW,20110617,1600,12012, ,CFS
SHA,H,76,INFLOW,20110617,1700,11683, ,CFS
SHA,H,76,INFLOW,20110617,1800,14970, ,CFS
SHA,H,76,INFLOW,20110617,1900,10807, ,CFS
SHA,H,76,INFLOW,20110617,2000,10629, ,CFS
SHA,H,76,INFLOW,20110617,2100,15416, ,CFS
SHA,H,76,INFLOW,20110617,2200,12485, ,CFS
SHA,H,76,INFLOW,20110617,2300,15788, ,CFS
SHA,H,76,INFLOW,20110618,0000,6174, ,CFS
SHA,H,76,INFLOW,20110618,0100,8920, ,CFS
SHA,H,76,INFLOW,20110618,0200,6419, ,CFS
SHA,H,76,INFLOW,20110618,0300,-4584, ,CFS
SHA,H,76,INFLOW,20110618,0400,13169, ,CFS
SHA,H,76,INFLOW,20110618,0500,-1016, ,CFS
SHA,H,76,INFLOW,20110618,0600,6170, ,CFS
SHA,H,76,INFLOW,20110618,0700,6224, ,CFS
SHA,H,76,INFLOW,20110618,0800,-3840, ,CFS
SHA,H,76,INFLOW,20110618,0900,5570, ,CFS
SHA,H,76,INFLOW,20110618,1000,17420, ,CFS
SHA,H,76,INFLOW,20110618,1100,5271, ,CFS
SHA,H,76,INFLOW,20110618,1200,16288, ,CFS
SHA,H,76,INFLOW,20110618,1300,13195, ,CFS
SHA,H,76,INFLOW,20110618,1400,11941, ,CFS
SHA,H,76,INFLOW,20110618,1500,14957, ,CFS
SHA,H,76,INFLOW,20110618,1600,7848, ,CFS
SHA,H,76,INFLOW,20110618,1700,11675, ,CFS
SHA,H,76,INFLOW,20110618,1800,14721, ,CFS
SHA,H,76,INFLOW,20110618,1900,10829, ,CFS
SHA,H,76,INFLOW,20110618,2000,11422, ,CFS
SHA,H,76,INFLOW,20110618,2100,11841, ,CFS
SHA,H,76,INFLOW,20110618,2200,11928, ,CFS
SHA,H,76,INFLOW,20110618,2300,10607, ,CFS
SHA,H,76,INFLOW,20110619,0000,12291, ,CFS
SHA,H,76,INFLOW,20110619,0100,14726, ,CFS
SHA,H,76,INFLOW,20110619,0200,5665, ,CFS
SHA,H,76,INFLOW,20110619,0300,-5199, ,CFS
SHA,H,76,INFLOW,20110619,0400,5525, ,CFS
SHA,H,76,INFLOW,20110619,0500,-1778, ,CFS
SHA,H,76,INFLOW,20110619,0600,5260, ,CFS
SHA,H,76,INFLOW,20110619,0700,8741, ,CFS
SHA,H,76,INFLOW,20110619,0800,-4355, ,CFS
SHA,H,76,INFLOW,20110619,0900,16714, ,CFS
SHA,H,76,INFLOW,20110619,1000,2209, ,CFS
SHA,H,76,INFLOW,20110619,1100,5574, ,CFS
SHA,H,76,INFLOW,20110619,1200,13945, ,CFS
SHA,H,76,INFLOW,20110619,1300,4615, ,CFS
SHA,H,76,INFLOW,20110619,1400,12217, ,CFS
SHA,H,76,INFLOW,20110619,1500,8897, ,CFS
SHA,H,76,INFLOW,20110619,1600,1745, ,CFS
SHA,H,76,INFLOW,20110619,1700,22854, ,CFS
SHA,H,76,INFLOW,20110619,1800,7005, ,CFS
SHA,H,76,INFLOW,20110619,1900,10254, ,CFS
SHA,H,76,INFLOW,20110619,2000,13750, ,CFS
SHA,H,76,INFLOW,20110619,2100,6796, ,CFS
SHA,H,76,INFLOW,20110619,2200,16624, ,CFS
SHA,H,76,INFLOW,20110619,2300,14443, ,CFS
SHA,H,76,INFLOW,20110620,0000,8025, ,CFS
SHA,H,76,INFLOW,20110620,0100,11774, ,CFS
SHA,H,76,INFLOW,20110620,0200,6117, ,CFS
SHA,H,76,INFLOW,20110620,0300,-1149, ,CFS
SHA,H,76,INFLOW,20110620,0400,9511, ,CFS
SHA,H,76,INFLOW,20110620,0500,-958, ,CFS
SHA,H,76,INFLOW,20110620,0600,3659, ,CFS
SHA,H,76,INFLOW,20110620,0700,9997, ,CFS
SHA,H,76,INFLOW,20110620,0800,-96, ,CFS
SHA,H,76,INFLOW,20110620,0900,15043, ,CFS
SHA,H,76,INFLOW,20110620,1000,6875, ,CFS
SHA,H,76,INFLOW,20110620,1100,12791, ,CFS
SHA,H,76,INFLOW,20110620,1200,13761, ,CFS
SHA,H,76,INFLOW,20110620,1300,9977, ,CFS
SHA,H,76,INFLOW,20110620,1400,13393, ,CFS
SHA,H,76,INFLOW,20110620,1500,11574, ,CFS
SHA,H,76,INFLOW,20110620,1600,11034, ,CFS
SHA,H,76,INFLOW,20110620,1700,11270, ,CFS
SHA,H,76,INFLOW,20110620,1800,9677, ,CFS
SHA,H,76,INFLOW,20110620,1900,16257, ,CFS
SHA,H,76,INFLOW,20110620,2000,12332, ,CFS
SHA,H,76,INFLOW,20110620,2100,11360, ,CFS
SHA,H,76,INFLOW,20110620,2200,6778, ,CFS
SHA,H,76,INFLOW,20110620,2300,14634, ,CFS
SHA,H,76,INFLOW,20110621,0000,13153, ,CFS
SHA,H,76,INFLOW,20110621,0100,11225, ,CFS
SHA,H,76,INFLOW,20110621,0200,1235, ,CFS
SHA,H,76,INFLOW,20110621,0300,1018, ,CFS
SHA,H,76,INFLOW,20110621,0400,8082, ,CFS
SHA,H,76,INFLOW,20110621,0500,4511, ,CFS
SHA,H,76,INFLOW,20110621,0600,4536, ,CFS
SHA,H,76,INFLOW,20110621,0700,5239, ,CFS
SHA,H,76,INFLOW,20110621,0800,10712, ,CFS
SHA,H,76,INFLOW,20110621,0900,653, ,CFS
SHA,H,76,INFLOW,20110621,1000,10532, ,CFS
SHA,H,76,INFLOW,20110621,1100,5982, ,CFS
SHA,H,76,INFLOW,20110621,1200,10079, ,CFS
SHA,H,76,INFLOW,20110621,1300,6847, ,CFS
SHA,H,76,INFLOW,20110621,1400,14144, ,CFS
SHA,H,76,INFLOW,20110621,1500,9268, ,CFS
SHA,H,76,INFLOW,20110621,1600,9185, ,CFS
SHA,H,76,INFLOW,20110621,1700,8942, ,CFS
SHA,H,76,INFLOW,20110621,1800,10497, ,CFS
SHA,H,76,INFLOW,20110621,1900,10593, ,CFS
SHA,H,76,INFLOW,20110621,2000,10029, ,CFS
SHA,H,76,INFLOW,20110621,2100,8974, ,CFS
SHA,H,76,INFLOW,20110621,2200,9857, ,CFS
SHA,H,76,INFLOW,20110621,2300,7622, ,CFS
SHA,H,76,INFLOW,20110622,0000,11864, ,CFS
SHA,H,76,INFLOW,20110622,0100,3468, ,CFS
SHA,H,76,INFLOW,20110622,0200,4804, ,CFS
SHA,H,76,INFLOW,20110622,0300,8310, ,CFS
SHA,H,76,INFLOW,20110622,0400,1210, ,CFS
SHA,H,76,INFLOW,20110622,0500,6351, ,CFS
SHA,H,76,INFLOW,20110622,0600,2056, ,CFS
SHA,H,76,INFLOW,20110622,0700,5297, ,CFS
SHA,H,76,INFLOW,20110622,0800,309, ,CFS
SHA,H,76,INFLOW,20110622,0900,15216, ,CFS
SHA,H,76,INFLOW,20110622,1000,-3207, ,CFS
SHA,H,76,INFLOW,20110622,1100,16172, ,CFS
SHA,H,76,INFLOW,20110622,1200,5401, ,CFS
SHA,H,76,INFLOW,20110622,1300,14594, ,CFS
SHA,H,76,INFLOW,20110622,1400,11161, ,CFS
SHA,H,76,INFLOW,20110622,1500,13937, ,CFS
SHA,H,76,INFLOW,20110622,1600,10437, ,CFS
SHA,H,76,INFLOW,20110622,1700,10438, ,CFS
SHA,H,76,INFLOW,20110622,1800,13983, ,CFS
SHA,H,76,INFLOW,20110622,1900,10396, ,CFS
SHA,H,76,INFLOW,20110622,2000,13587, ,CFS
SHA,H,76,INFLOW,20110622,2100,9711, ,CFS
SHA,H,76,INFLOW,20110622,2200,13303, ,CFS
SHA,H,76,INFLOW,20110622,2300,6143, ,CFS
SHA,H,76,INFLOW,20110623,0000,5322, ,CFS
SHA,H,76,INFLOW,20110623,0100,4508, ,CFS
SHA,H,76,INFLOW,20110623,0200,8214, ,CFS
SHA,H,76,INFLOW,20110623,0300,970, ,CFS
SHA,H,76,INFLOW,20110623,0400,4502, ,CFS
SHA,H,76,INFLOW,20110623,0500,4503, ,CFS
SHA,H,76,INFLOW,20110623,0600,1057, ,CFS
SHA,H,76,INFLOW,20110623,0700,6797, ,CFS
SHA,H,76,INFLOW,20110623,0800,698, ,CFS
SHA,H,76,INFLOW,20110623,0900,8947, ,CFS
SHA,H,76,INFLOW,20110623,1000,2346, ,CFS
SHA,H,76,INFLOW,20110623,1100,4491, ,CFS
SHA,H,76,INFLOW,20110623,1200,9478, ,CFS
SHA,H,76,INFLOW,20110623,1300,14147, ,CFS
SHA,H,76,INFLOW,20110623,1400,7758, ,CFS
SHA,H,76,INFLOW,20110623,1500,11347, ,CFS
SHA,H,76,INFLOW,20110623,1600,11422, ,CFS
SHA,H,76,INFLOW,20110623,1700,11424, ,CFS
SHA,H,76,INFLOW,20110623,1800,11443, ,CFS
SHA,H,76,INFLOW,20110623,1900,11450, ,CFS
SHA,H,76,INFLOW,20110623,2000,7772, ,CFS
SHA,H,76,INFLOW,20110623,2100,12501, ,CFS
SHA,H,76,INFLOW,20110623,2200,8255, ,CFS
SHA,H,76,INFLOW,20110623,2300,11484, ,CFS
SHA,H,76,INFLOW,20110624,0000,7156, ,CFS
SHA,H,76,INFLOW,20110624,0100,-2272, ,CFS
SHA,H,76,INFLOW,20110624,0200,4447, ,CFS
SHA,H,76,INFLOW,20110624,0300,7777, ,CFS
SHA,H,76,INFLOW,20110624,0400,713, ,CFS
SHA,H,76,INFLOW,20110624,0500,4252, ,CFS
SHA,H,76,INFLOW,20110624,0600,4252, ,CFS
SHA,H,76,INFLOW,20110624,0700,4698, ,CFS
SHA,H,76,INFLOW,20110624,0800,11949, ,CFS
SHA,H,76,INFLOW,20110624,0900,-1517, ,CFS
SHA,H,76,INFLOW,20110624,1000,7720, ,CFS
SHA,H,76,INFLOW,20110624,1100,7974, ,CFS
SHA,H,76,INFLOW,20110624,1200,4588, ,CFS
SHA,H,76,INFLOW,20110624,1300,15133, ,CFS
SHA,H,76,INFLOW,20110624,1400,5709, ,CFS
SHA,H,76,INFLOW,20110624,1500,12597, ,CFS
SHA,H,76,INFLOW,20110624,1600,16270, ,CFS
SHA,H,76,INFLOW,20110624,1700,8161, ,CFS
SHA,H,76,INFLOW,20110624,1800,13033, ,CFS
SHA,H,76,INFLOW,20110624,1900,12936, ,CFS
SHA,H,76,INFLOW,20110624,2000,8324, ,CFS
SHA,H,76,INFLOW,20110624,2100,14625, ,CFS
SHA,H,76,INFLOW,20110624,2200,12028, ,CFS
SHA,H,76,INFLOW,20110624,2300,9619, ,CFS
SHA,H,76,INFLOW,20110625,0000,6478, ,CFS
SHA,H,76,INFLOW,20110625,0100,6834, ,CFS
SHA,H,76,INFLOW,20110625,0200,4355, ,CFS
SHA,H,76,INFLOW,20110625,0300,4226, ,CFS
SHA,H,76,INFLOW,20110625,0400,692, ,CFS
SHA,H,76,INFLOW,20110625,0500,7760, ,CFS
SHA,H,76,INFLOW,20110625,0600,798, ,CFS
SHA,H,76,INFLOW,20110625,0700,3112, ,CFS
SHA,H,76,INFLOW,20110625,0800,4211, ,CFS
SHA,H,76,INFLOW,20110625,0900,2672, ,CFS
SHA,H,76,INFLOW,20110625,1000,9964, ,CFS
SHA,H,76,INFLOW,20110625,1100,7654, ,CFS
SHA,H,76,INFLOW,20110625,1200,7478, ,CFS
SHA,H,76,INFLOW,20110625,1300,10877, ,CFS
SHA,H,76,INFLOW,20110625,1400,7820, ,CFS
SHA,H,76,INFLOW,20110625,1500,14908, ,CFS
SHA,H,76,INFLOW,20110625,1600,7887, ,CFS
SHA,H,76,INFLOW,20110625,1700,11395, ,CFS
SHA,H,76,INFLOW,20110625,1800,11468, ,CFS
SHA,H,76,INFLOW,20110625,1900,10925, ,CFS
SHA,H,76,INFLOW,20110625,2000,7260, ,CFS
SHA,H,76,INFLOW,20110625,2100,10261, ,CFS
SHA,H,76,INFLOW,20110625,2200,9883, ,CFS
SHA,H,76,INFLOW,20110625,2300,7311, ,CFS
SHA,H,76,INFLOW,20110626,0000,9549, ,CFS
SHA,H,76,INFLOW,20110626,0100,3606, ,CFS
SHA,H,76,INFLOW,20110626,0200,4666, ,CFS
SHA,H,76,INFLOW,20110626,0300,1058, ,CFS
SHA,H,76,INFLOW,20110626,0400,4519, ,CFS
SHA,H,76,INFLOW,20110626,0500,8032, ,CFS
SHA,H,76,INFLOW,20110626,0600,-2475, ,CFS
SHA,H,76,INFLOW,20110626,0700,3441, ,CFS
SHA,H,76,INFLOW,20110626,0800,6144, ,CFS
SHA,H,76,INFLOW,20110626,0900,3948, ,CFS
SHA,H,76,INFLOW,20110626,1000,-1651, ,CFS
SHA,H,76,INFLOW,20110626,1100,10527, ,CFS
SHA,H,76,INFLOW,20110626,1200,11410, ,CFS
SHA,H,76,INFLOW,20110626,1300,7899, ,CFS
SHA,H,76,INFLOW,20110626,1400,10691, ,CFS
SHA,H,76,INFLOW,20110626,1500,10008, ,CFS
SHA,H,76,INFLOW,20110626,1600,9918, ,CFS
SHA,H,76,INFLOW,20110626,1700,13452, ,CFS
SHA,H,76,INFLOW,20110626,1800,9986, ,CFS
SHA,H,76,INFLOW,20110626,1900,12377, ,CFS
SHA,H,76,INFLOW,20110626,2000,12557, ,CFS
SHA,H,76,INFLOW,20110626,2100,9203, ,CFS
SHA,H,76,INFLOW,20110626,2200,12593, ,CFS
SHA,H,76,INFLOW,20110626,2300,9884, ,CFS
SHA,H,76,INFLOW,20110627,0000,14476, ,CFS
SHA,H,76,INFLOW,20110627,0100,4346, ,CFS
SHA,H,76,INFLOW,20110627,0200,7987, ,CFS
SHA,H,76,INFLOW,20110627,0300,715, ,CFS
SHA,H,76,INFLOW,20110627,0400,714, ,CFS
SHA,H,76,INFLOW,20110627,0500,4251, ,CFS
SHA,H,76,INFLOW,20110627,0600,720, ,CFS
SHA,H,76,INFLOW,20110627,0700,4844, ,CFS
SHA,H,76,INFLOW,20110627,0800,8911, ,CFS
SHA,H,76,INFLOW,20110627,0900,-44, ,CFS
SHA,H,76,INFLOW,20110627,1000,8869, ,CFS
SHA,H,76,INFLOW,20110627,1100,7866, ,CFS
SHA,H,76,INFLOW,20110627,1200,7828, ,CFS
SHA,H,76,INFLOW,20110627,1300,11508, ,CFS
SHA,H,76,INFLOW,20110627,1400,3945, ,CFS
SHA,H,76,INFLOW,20110627,1500,13449, ,CFS
SHA,H,76,INFLOW,20110627,1600,13167, ,CFS
SHA,H,76,INFLOW,20110627,1700,5069, ,CFS
SHA,H,76,INFLOW,20110627,1800,12081, ,CFS
SHA,H,76,INFLOW,20110627,1900,11176, ,CFS
SHA,H,76,INFLOW,20110627,2000,4239, ,CFS
SHA,H,76,INFLOW,20110627,2100,11096, ,CFS
SHA,H,76,INFLOW,20110627,2200,5104, ,CFS
SHA,H,76,INFLOW,20110627,2300,8107, ,CFS
SHA,H,76,INFLOW,20110628,0000,11162, ,CFS
SHA,H,76,INFLOW,20110628,0100,785, ,CFS
SHA,H,76,INFLOW,20110628,0200,8154, ,CFS
SHA,H,76,INFLOW,20110628,0300,-2464, ,CFS
SHA,H,76,INFLOW,20110628,0400,4139, ,CFS
SHA,H,76,INFLOW,20110628,0500,625, ,CFS
SHA,H,76,INFLOW,20110628,0600,4313, ,CFS
SHA,H,76,INFLOW,20110628,0700,12906, ,CFS
SHA,H,76,INFLOW,20110628,0800,13910, ,CFS
SHA,H,76,INFLOW,20110628,0900,-5444, ,CFS
SHA,H,76,INFLOW,20110628,1000,22808, ,CFS
SHA,H,76,INFLOW,20110628,1100,14353, ,CFS
SHA,H,76,INFLOW,20110628,1200,9134, ,CFS
SHA,H,76,INFLOW,20110628,1300,16197, ,CFS
SHA,H,76,INFLOW,20110628,1400,13854, ,CFS
SHA,H,76,INFLOW,20110628,1500,9099, ,CFS
SHA,H,76,INFLOW,20110628,1600,16151, ,CFS
SHA,H,76,INFLOW,20110628,1700,4664, ,CFS
SHA,H,76,INFLOW,20110628,1800,22163, ,CFS
SHA,H,76,INFLOW,20110628,1900,8779, ,CFS
SHA,H,76,INFLOW,20110628,2000,16036, ,CFS
SHA,H,76,INFLOW,20110628,2100,16056, ,CFS
SHA,H,76,INFLOW,20110628,2200,4534, ,CFS
SHA,H,76,INFLOW,20110628,2300,17729, ,CFS
SHA,H,76,INFLOW,20110629,0000,1442, ,CFS
SHA,H,76,INFLOW,20110629,0100,9292, ,CFS
SHA,H,76,INFLOW,20110629,0200,7539, ,CFS
SHA,H,76,INFLOW,20110629,0300,10975, ,CFS
SHA,H,76,INFLOW,20110629,0400,374, ,CFS
SHA,H,76,INFLOW,20110629,0500,10976, ,CFS
SHA,H,76,INFLOW,20110629,0600,403, ,CFS
SHA,H,76,INFLOW,20110629,0700,4202, ,CFS
SHA,H,76,INFLOW,20110629,0800,4298, ,CFS
SHA,H,76,INFLOW,20110629,0900,6102, ,CFS
SHA,H,76,INFLOW,20110629,1000,2456, ,CFS
SHA,H,76,INFLOW,20110629,1100,17193, ,CFS
SHA,H,76,INFLOW,20110629,1200,3064, ,CFS
SHA,H,76,INFLOW,20110629,1300,9898, ,CFS
SHA,H,76,INFLOW,20110629,1400,6728, ,CFS
SHA,H,76,INFLOW,20110629,1500,9521, ,CFS
SHA,H,76,INFLOW,20110629,1600,9145, ,CFS
SHA,H,76,INFLOW,20110629,1700,12754, ,CFS
SHA,H,76,INFLOW,20110629,1800,8423, ,CFS
SHA,H,76,INFLOW,20110629,1900,9616, ,CFS
SHA,H,76,INFLOW,20110629,2000,5509, ,CFS
SHA,H,76,INFLOW,20110629,2100,10472, ,CFS
SHA,H,76,INFLOW,20110629,2200,11020, ,CFS
SHA,H,76,INFLOW,20110629,2300,6895, ,CFS
SHA,H,76,INFLOW,20110630,0000,10141, ,CFS
SHA,H,76,INFLOW,20110630,0100,1675, ,CFS
SHA,H,76,INFLOW,20110630,0200,8686, ,CFS
SHA,H,76,INFLOW,20110630,0300,-1633, ,CFS
SHA,H,76,INFLOW,20110630,0400,5465, ,CFS
SHA,H,76,INFLOW,20110630,0500,2326, ,CFS
SHA,H,76,INFLOW,20110630,0600,1774, ,CFS
SHA,H,76,INFLOW,20110630,0700,4464, ,CFS
SHA,H,76,INFLOW,20110630,0800,2009, ,CFS
SHA,H,76,INFLOW,20110630,0900,8074, ,CFS
SHA,H,76,INFLOW,20110630,1000,7434, ,CFS
SHA,H,76,INFLOW,20110630,1100,7520, ,CFS
SHA,H,76,INFLOW,20110630,1200,10750, ,CFS
SHA,H,76,INFLOW,20110630,1300,7314, ,CFS
SHA,H,76,INFLOW,20110630,1400,12931, ,CFS
SHA,H,76,INFLOW,20110630,1500,7398, ,CFS
SHA,H,76,INFLOW,20110630,1600,11833, ,CFS
SHA,H,76,INFLOW,20110630,1700,7063, ,CFS
SHA,H,76,INFLOW,20110630,1800,11675, ,CFS
SHA,H,76,INFLOW,20110630,1900,3013, ,CFS
SHA,H,76,INFLOW,20110630,2000,7384, ,CFS
SHA,H,76,INFLOW,20110630,2100,11578, ,CFS
SHA,H,76,INFLOW,20110630,2200,8163, ,CFS
SHA,H,76,INFLOW,20110630,2300,7942, ,CFS
SHA,H,76,INFLOW,20110701,0000,9340, ,CFS
SHA,H,76,INFLOW,20110701,0100,3846, ,CFS
SHA,H,76,INFLOW,20110701,0200,5365, ,CFS
SHA,H,76,INFLOW,20110701,0300,1131, ,CFS
SHA,H,76,INFLOW,20110701,0400,4665, ,CFS
SHA,H,76,INFLOW,20110701,0500,1354, ,CFS
SHA,H,76,INFLOW,20110701,0600,4951, ,CFS
SHA,H,76,INFLOW,20110701,0700,4438, ,CFS
SHA,H,76,INFLOW,20110701,0800,2771, ,CFS
SHA,H,76,INFLOW,20110701,0900,8207, ,CFS
SHA,H,76,INFLOW,20110701,1000,5333, ,CFS
SHA,H,76,INFLOW,20110701,1100,7131, ,CFS
SHA,H,76,INFLOW,20110701,1200,9154, ,CFS
SHA,H,76,INFLOW,20110701,1300,6470, ,CFS
SHA,H,76,INFLOW,20110701,1400,9730, ,CFS
SHA,H,76,INFLOW,20110701,1500,9814, ,CFS
SHA,H,76,INFLOW,20110701,1600,9816, ,CFS
SHA,H,76,INFLOW,20110701,1700,12932, ,CFS
SHA,H,76,INFLOW,20110701,1800,9271, ,CFS
SHA,H,76,INFLOW,20110701,1900,9324, ,CFS
SHA,H,76,INFLOW,20110701,2000,5572, ,CFS
SHA,H,76,INFLOW,20110701,2100,12570, ,CFS
SHA,H,76,INFLOW,20110701,2200,5495, ,CFS
SHA,H,76,INFLOW,20110701,2300,13566, ,CFS
SHA,H,76,INFLOW,20110702,0000,7487, ,CFS
SHA,H,76,INFLOW,20110702,0100,4769, ,CFS
SHA,H,76,INFLOW,20110702,0200,3147, ,CFS
SHA,H,76,INFLOW,20110702,0300,3044, ,CFS
SHA,H,76,INFLOW,20110702,0400,3035, ,CFS
SHA,H,76,INFLOW,20110702,0500,3021, ,CFS
SHA,H,76,INFLOW,20110702,0600,3033, ,CFS
SHA,H,76,INFLOW,20110702,0700,2656, ,CFS
SHA,H,76,INFLOW,20110702,0800,3822, ,CFS
SHA,H,76,INFLOW,20110702,0900,4063, ,CFS
SHA,H,76,INFLOW,20110702,1000,12076, ,CFS
SHA,H,76,INFLOW,20110702,1100,4309, ,CFS
SHA,H,76,INFLOW,20110702,1200,15515, ,CFS
SHA,H,76,INFLOW,20110702,1300,10051, ,CFS
SHA,H,76,INFLOW,20110702,1400,9145, ,CFS
SHA,H,76,INFLOW,20110702,1500,12811, ,CFS
SHA,H,76,INFLOW,20110702,1600,9536, ,CFS
SHA,H,76,INFLOW,20110702,1700,9574, ,CFS
SHA,H,76,INFLOW,20110702,1800,9350, ,CFS
SHA,H,76,INFLOW,20110702,1900,6864, ,CFS
SHA,H,76,INFLOW,20110702,2000,13646, ,CFS
SHA,H,76,INFLOW,20110702,2100,7023, ,CFS
SHA,H,76,INFLOW,20110702,2200,10298, ,CFS
SHA,H,76,INFLOW,20110702,2300,10217, ,CFS
SHA,H,76,INFLOW,20110703,0000,3889, ,CFS
SHA,H,76,INFLOW,20110703,0100,9504, ,CFS
SHA,H,76,INFLOW,20110703,0200,2454, ,CFS
SHA,H,76,INFLOW,20110703,0300,-5082, ,CFS
SHA,H,76,INFLOW,20110703,0400,9239, ,CFS
SHA,H,76,INFLOW,20110703,0500,-1497, ,CFS
SHA,H,76,INFLOW,20110703,0600,1953, ,CFS
SHA,H,76,INFLOW,20110703,0700,1432, ,CFS
SHA,H,76,INFLOW,20110703,0800,964, ,CFS
SHA,H,76,INFLOW,20110703,0900,8353, ,CFS
SHA,H,76,INFLOW,20110703,1000,3078, ,CFS
SHA,H,76,INFLOW,20110703,1100,8040, ,CFS
SHA,H,76,INFLOW,20110703,1200,8909, ,CFS
SHA,H,76,INFLOW,20110703,1300,8171, ,CFS
SHA,H,76,INFLOW,20110703,1400,8317, ,CFS
SHA,H,76,INFLOW,20110703,1500,8846, ,CFS
SHA,H,76,INFLOW,20110703,1600,12406, ,CFS
SHA,H,76,INFLOW,20110703,1700,8693, ,CFS
SHA,H,76,INFLOW,20110703,1800,12022, ,CFS
SHA,H,76,INFLOW,20110703,1900,9314, ,CFS
SHA,H,76,INFLOW,20110703,2000,8783, ,CFS
SHA,H,76,INFLOW,20110703,2100,12214, ,CFS
SHA,H,76,INFLOW,20110703,2200,1556, ,CFS
SHA,H,76,INFLOW,20110703,2300,11978, ,CFS
SHA,H,76,INFLOW,20110704,0000,17547, ,CFS
SHA,H,76,INFLOW,20110704,0100,-1690, ,CFS
SHA,H,76,INFLOW,20110704,0200,6671, ,CFS
SHA,H,76,INFLOW,20110704,0300,-634, ,CFS
SHA,H,76,INFLOW,20110704,0400,6382, ,CFS
SHA,H,76,INFLOW,20110704,0500,-664, ,CFS
SHA,H,76,INFLOW,20110704,0600,-664, ,CFS
SHA,H,76,INFLOW,20110704,0700,9402, ,CFS
SHA,H,76,INFLOW,20110704,0800,-3812, ,CFS
SHA,H,76,INFLOW,20110704,0900,7982, ,CFS
SHA,H,76,INFLOW,20110704,1000,2612, ,CFS
SHA,H,76,INFLOW,20110704,1100,12149, ,CFS
SHA,H,76,INFLOW,20110704,1200,10274, ,CFS
SHA,H,76,INFLOW,20110704,1300,10087, ,CFS
SHA,H,76,INFLOW,20110704,1400,10424, ,CFS
SHA,H,76,INFLOW,20110704,1500,10081, ,CFS
SHA,H,76,INFLOW,20110704,1600,10705, ,CFS
SHA,H,76,INFLOW,20110704,1700,9628, ,CFS
SHA,H,76,INFLOW,20110704,1800,9359, ,CFS
SHA,H,76,INFLOW,20110704,1900,13675, ,CFS
SHA,H,76,INFLOW,20110704,2000,6548, ,CFS
SHA,H,76,INFLOW,20110704,2100,6621, ,CFS
SHA,H,76,INFLOW,20110704,2200,12379, ,CFS
SHA,H,76,INFLOW,20110704,2300,7023, ,CFS
SHA,H,76,INFLOW,20110705,0000,8108, ,CFS
SHA,H,76,INFLOW,20110705,0100,2063, ,CFS
SHA,H,76,INFLOW,20110705,0200,2836, ,CFS
SHA,H,76,INFLOW,20110705,0300,-1034, ,CFS
SHA,H,76,INFLOW,20110705,0400,2431, ,CFS
SHA,H,76,INFLOW,20110705,0500,2447, ,CFS
SHA,H,76,INFLOW,20110705,0600,-1041, ,CFS
SHA,H,76,INFLOW,20110705,0700,2101, ,CFS
SHA,H,76,INFLOW,20110705,0800,2744, ,CFS
SHA,H,76,INFLOW,20110705,0900,577, ,CFS
SHA,H,76,INFLOW,20110705,1000,7114, ,CFS
SHA,H,76,INFLOW,20110705,1100,6335, ,CFS
SHA,H,76,INFLOW,20110705,1200,5518, ,CFS
SHA,H,76,INFLOW,20110705,1300,8906, ,CFS
SHA,H,76,INFLOW,20110705,1400,6376, ,CFS
SHA,H,76,INFLOW,20110705,1500,12556, ,CFS
SHA,H,76,INFLOW,20110705,1600,9445, ,CFS
SHA,H,76,INFLOW,20110705,1700,12408, ,CFS
SHA,H,76,INFLOW,20110705,1800,8321, ,CFS
SHA,H,76,INFLOW,20110705,1900,5803, ,CFS
SHA,H,76,INFLOW,20110705,2000,8773, ,CFS
SHA,H,76,INFLOW,20110705,2100,15283, ,CFS
SHA,H,76,INFLOW,20110705,2200,5329, ,CFS
SHA,H,76,INFLOW,20110705,2300,10706, ,CFS
SHA,H,76,INFLOW,20110706,0000,5522, ,CFS
SHA,H,76,INFLOW,20110706,0100,-2605, ,CFS
SHA,H,76,INFLOW,20110706,0200,9849, ,CFS
SHA,H,76,INFLOW,20110706,0300,-4296, ,CFS
SHA,H,76,INFLOW,20110706,0400,6180, ,CFS
SHA,H,76,INFLOW,20110706,0500,-775, ,CFS
SHA,H,76,INFLOW,20110706,0600,2388, ,CFS
SHA,H,76,INFLOW,20110706,0700,2611, ,CFS
SHA,H,76,INFLOW,20110706,0800,1886, ,CFS
SHA,H,76,INFLOW,20110706,0900,2482, ,CFS
SHA,H,76,INFLOW,20110706,1000,4708, ,CFS
SHA,H,76,INFLOW,20110706,1100,3801, ,CFS
SHA,H,76,INFLOW,20110706,1200,5139, ,CFS
SHA,H,76,INFLOW,20110706,1300,9769, ,CFS
SHA,H,76,INFLOW,20110706,1400,11012, ,CFS
SHA,H,76,INFLOW,20110706,1500,5415, ,CFS
SHA,H,76,INFLOW,20110706,1600,14516, ,CFS
SHA,H,76,INFLOW,20110706,1700,6307, ,CFS
SHA,H,76,INFLOW,20110706,1800,6369, ,CFS
SHA,H,76,INFLOW,20110706,1900,13708, ,CFS
SHA,H,76,INFLOW,20110706,2000,9749, ,CFS
SHA,H,76,INFLOW,20110706,2100,5809, ,CFS
SHA,H,76,INFLOW,20110706,2200,9110, ,CFS
SHA,H,76,INFLOW,20110706,2300,7588, ,CFS
SHA,H,76,INFLOW,20110707,0000,-640, ,CFS
SHA,H,76,INFLOW,20110707,0100,10966, ,CFS
SHA,H,76,INFLOW,20110707,0200,-3688, ,CFS
SHA,H,76,INFLOW,20110707,0300,3118, ,CFS
SHA,H,76,INFLOW,20110707,0400,3082, ,CFS
SHA,H,76,INFLOW,20110707,0500,-415, ,CFS
SHA,H,76,INFLOW,20110707,0600,3078, ,CFS
SHA,H,76,INFLOW,20110707,0700,-127, ,CFS
SHA,H,76,INFLOW,20110707,0800,-294, ,CFS
SHA,H,76,INFLOW,20110707,0900,2961, ,CFS
SHA,H,76,INFLOW,20110707,1000,2481, ,CFS
SHA,H,76,INFLOW,20110707,1100,3357, ,CFS
SHA,H,76,INFLOW,20110707,1200,9007, ,CFS
SHA,H,76,INFLOW,20110707,1300,4817, ,CFS
SHA,H,76,INFLOW,20110707,1400,9719, ,CFS
SHA,H,76,INFLOW,20110707,1500,9552, ,CFS
SHA,H,76,INFLOW,20110707,1600,11919, ,CFS
SHA,H,76,INFLOW,20110707,1700,8284, ,CFS
SHA,H,76,INFLOW,20110707,1800,11691, ,CFS
SHA,H,76,INFLOW,20110707,1900,8254, ,CFS
SHA,H,76,INFLOW,20110707,2000,7334, ,CFS
SHA,H,76,INFLOW,20110707,2100,10005, ,CFS
SHA,H,76,INFLOW,20110707,2200,6606, ,CFS
SHA,H,76,INFLOW,20110707,2300,6708, ,CFS
SHA,H,76,INFLOW,20110708,0000,6015, ,CFS
SHA,H,76,INFLOW,20110708,0100,5170, ,CFS
SHA,H,76,INFLOW,20110708,0200,906, ,CFS
SHA,H,76,INFLOW,20110708,0300,45, ,CFS
SHA,H,76,INFLOW,20110708,0400,6783, ,CFS
SHA,H,76,INFLOW,20110708,0500,23, ,CFS
SHA,H,76,INFLOW,20110708,0600,3530, ,CFS
SHA,H,76,INFLOW,20110708,0700,-22, ,CFS
SHA,H,76,INFLOW,20110708,0800,-1239, ,CFS
SHA,H,76,INFLOW,20110708,0900,5978, ,CFS
SHA,H,76,INFLOW,20110708,1000,335, ,CFS
SHA,H,76,INFLOW,20110708,1100,938, ,CFS
SHA,H,76,INFLOW,20110708,1200,8473, ,CFS
SHA,H,76,INFLOW,20110708,1300,3309, ,CFS
SHA,H,76,INFLOW,20110708,1400,10770, ,CFS
SHA,H,76,INFLOW,20110708,1500,8823, ,CFS
SHA,H,76,INFLOW,20110708,1600,8881, ,CFS
SHA,H,76,INFLOW,20110708,1700,12222, ,CFS
SHA,H,76,INFLOW,20110708,1800,9942, ,CFS
SHA,H,76,INFLOW,20110708,1900,12958, ,CFS
SHA,H,76,INFLOW,20110708,2000,5444, ,CFS
SHA,H,76,INFLOW,20110708,2100,5785, ,CFS
SHA,H,76,INFLOW,20110708,2200,10812, ,CFS
SHA,H,76,INFLOW,20110708,2300,1771, ,CFS
SHA,H,76,INFLOW,20110709,0000,7664, ,CFS
SHA,H,76,INFLOW,20110709,0100,4034, ,CFS
SHA,H,76,INFLOW,20110709,0200,432, ,CFS
SHA,H,76,INFLOW,20110709,0300,2842, ,CFS
SHA,H,76,INFLOW,20110709,0400,2469, ,CFS
SHA,H,76,INFLOW,20110709,0500,2560, ,CFS
SHA,H,76,INFLOW,20110709,0600,-1014, ,CFS
SHA,H,76,INFLOW,20110709,0700,6151, ,CFS
SHA,H,76,INFLOW,20110709,0800,-4262, ,CFS
SHA,H,76,INFLOW,20110709,0900,3566, ,CFS
SHA,H,76,INFLOW,20110709,1000,1588, ,CFS
SHA,H,76,INFLOW,20110709,1100,6205, ,CFS
SHA,H,76,INFLOW,20110709,1200,7059, ,CFS
SHA,H,76,INFLOW,20110709,1300,4751, ,CFS
SHA,H,76,INFLOW,20110709,1400,12067, ,CFS
SHA,H,76,INFLOW,20110709,1500,8582, ,CFS
SHA,H,76,INFLOW,20110709,1600,8579, ,CFS
SHA,H,76,INFLOW,20110709,1700,12212, ,CFS
SHA,H,76,INFLOW,20110709,1800,4913, ,CFS
SHA,H,76,INFLOW,20110709,1900,11740, ,CFS
SHA,H,76,INFLOW,20110709,2000,11238, ,CFS
SHA,H,76,INFLOW,20110709,2100,9616, ,CFS
SHA,H,76,INFLOW,20110709,2200,6072, ,CFS
SHA,H,76,INFLOW,20110709,2300,-586, ,CFS
SHA,H,76,INFLOW,20110710,0000,9932, ,CFS
SHA,H,76,INFLOW,20110710,0100,1987, ,CFS
SHA,H,76,INFLOW,20110710,0200,137, ,CFS
SHA,H,76,INFLOW,20110710,0300,3207, ,CFS
SHA,H,76,INFLOW,20110710,0400,-330, ,CFS
SHA,H,76,INFLOW,20110710,0500,3318, ,CFS
SHA,H,76,INFLOW,20110710,0600,3062, ,CFS
SHA,H,76,INFLOW,20110710,0700,2965, ,CFS
SHA,H,76,INFLOW,20110710,0800,1833, ,CFS
SHA,H,76,INFLOW,20110710,0900,-1867, ,CFS
SHA,H,76,INFLOW,20110710,1000,-970, ,CFS
SHA,H,76,INFLOW,20110710,1100,10233, ,CFS
SHA,H,76,INFLOW,20110710,1200,3102, ,CFS
SHA,H,76,INFLOW,20110710,1300,9182, ,CFS
SHA,H,76,INFLOW,20110710,1400,5926, ,CFS
SHA,H,76,INFLOW,20110710,1500,12904, ,CFS
SHA,H,76,INFLOW,20110710,1600,12832, ,CFS
SHA,H,76,INFLOW,20110710,1700,5673, ,CFS
SHA,H,76,INFLOW,20110710,1800,12298, ,CFS
SHA,H,76,INFLOW,20110710,1900,9005, ,CFS
SHA,H,76,INFLOW,20110710,2000,8799, ,CFS
SHA,H,76,INFLOW,20110710,2100,8630, ,CFS
SHA,H,76,INFLOW,20110710,2200,8168, ,CFS
SHA,H,76,INFLOW,20110710,2300,4501, ,CFS
SHA,H,76,INFLOW,20110711,0000,2920, ,CFS
SHA,H,76,INFLOW,20110711,0100,-354, ,CFS
SHA,H,76,INFLOW,20110711,0200,3479, ,CFS
SHA,H,76,INFLOW,20110711,0300,-51, ,CFS
SHA,H,76,INFLOW,20110711,0400,-102, ,CFS
SHA,H,76,INFLOW,20110711,0500,3790, ,CFS
SHA,H,76,INFLOW,20110711,0600,483, ,CFS
SHA,H,76,INFLOW,20110711,0700,1994, ,CFS
SHA,H,76,INFLOW,20110711,0800,-39, ,CFS
SHA,H,76,INFLOW,20110711,0900,3372, ,CFS
SHA,H,76,INFLOW,20110711,1000,2912, ,CFS
SHA,H,76,INFLOW,20110711,1100,6946, ,CFS
SHA,H,76,INFLOW,20110711,1200,3001, ,CFS
SHA,H,76,INFLOW,20110711,1300,10148, ,CFS
SHA,H,76,INFLOW,20110711,1400,4940, ,CFS
SHA,H,76,INFLOW,20110711,1500,9471, ,CFS
SHA,H,76,INFLOW,20110711,1600,12753, ,CFS
SHA,H,76,INFLOW,20110711,1700,5994, ,CFS
SHA,H,76,INFLOW,20110711,1800,12970, ,CFS
SHA,H,76,INFLOW,20110711,1900,9066, ,CFS
SHA,H,76,INFLOW,20110711,2000,2339, ,CFS
SHA,H,76,INFLOW,20110711,2100,8714, ,CFS
SHA,H,76,INFLOW,20110711,2200,1382, ,CFS
SHA,H,76,INFLOW,20110711,2300,3600, ,CFS
SHA,H,76,INFLOW,20110712,0000,4346, ,CFS
SHA,H,76,INFLOW,20110712,0100,2510, ,CFS
SHA,H,76,INFLOW,20110712,0200,-1109, ,CFS
SHA,H,76,INFLOW,20110712,0300,2234, ,CFS
SHA,H,76,INFLOW,20110712,0400,2155, ,CFS
SHA,H,76,INFLOW,20110712,0500,-1023, ,CFS
SHA,H,76,INFLOW,20110712,0600,2442, ,CFS
SHA,H,76,INFLOW,20110712,0700,-998, ,CFS
SHA,H,76,INFLOW,20110712,0800,988, ,CFS
SHA,H,76,INFLOW,20110712,0900,710, ,CFS
SHA,H,76,INFLOW,20110712,1000,7528, ,CFS
SHA,H,76,INFLOW,20110712,1100,3675, ,CFS
SHA,H,76,INFLOW,20110712,1200,6036, ,CFS
SHA,H,76,INFLOW,20110712,1300,6000, ,CFS
SHA,H,76,INFLOW,20110712,1400,4403, ,CFS
SHA,H,76,INFLOW,20110712,1500,8601, ,CFS
SHA,H,76,INFLOW,20110712,1600,12415, ,CFS
SHA,H,76,INFLOW,20110712,1700,5105, ,CFS
SHA,H,76,INFLOW,20110712,1800,12161, ,CFS
SHA,H,76,INFLOW,20110712,1900,8678, ,CFS
SHA,H,76,INFLOW,20110712,2000,8329, ,CFS
SHA,H,76,INFLOW,20110712,2100,5696, ,CFS
SHA,H,76,INFLOW,20110712,2200,5473, ,CFS
SHA,H,76,INFLOW,20110712,2300,6817, ,CFS
SHA,H,76,INFLOW,20110713,0000,7853, ,CFS
SHA,H,76,INFLOW,20110713,0100,1724, ,CFS
SHA,H,76,INFLOW,20110713,0200,-1019, ,CFS
SHA,H,76,INFLOW,20110713,0300,2131, ,CFS
SHA,H,76,INFLOW,20110713,0400,2215, ,CFS
SHA,H,76,INFLOW,20110713,0500,-1049, ,CFS
SHA,H,76,INFLOW,20110713,0600,-956, ,CFS
SHA,H,76,INFLOW,20110713,0700,3632, ,CFS
SHA,H,76,INFLOW,20110713,0800,-938, ,CFS
SHA,H,76,INFLOW,20110713,0900,2631, ,CFS
SHA,H,76,INFLOW,20110713,1000,1066, ,CFS
SHA,H,76,INFLOW,20110713,1100,8527, ,CFS
SHA,H,76,INFLOW,20110713,1200,9695, ,CFS
SHA,H,76,INFLOW,20110713,1300,1606, ,CFS
SHA,H,76,INFLOW,20110713,1400,11425, ,CFS
SHA,H,76,INFLOW,20110713,1500,4979, ,CFS
SHA,H,76,INFLOW,20110713,1600,12244, ,CFS
SHA,H,76,INFLOW,20110713,1700,8833, ,CFS
SHA,H,76,INFLOW,20110713,1800,8904, ,CFS
SHA,H,76,INFLOW,20110713,1900,12385, ,CFS
SHA,H,76,INFLOW,20110713,2000,5852, ,CFS
SHA,H,76,INFLOW,20110713,2100,5090, ,CFS
SHA,H,76,INFLOW,20110713,2200,5612, ,CFS
SHA,H,76,INFLOW,20110713,2300,8916, ,CFS
SHA,H,76,INFLOW,20110714,0000,65, ,CFS
SHA,H,76,INFLOW,20110714,0100,6703, ,CFS
SHA,H,76,INFLOW,20110714,0200,-805, ,CFS
SHA,H,76,INFLOW,20110714,0300,2515, ,CFS
SHA,H,76,INFLOW,20110714,0400,2409, ,CFS
SHA,H,76,INFLOW,20110714,0500,-944, ,CFS
SHA,H,76,INFLOW,20110714,0600,6232, ,CFS
SHA,H,76,INFLOW,20110714,0700,-3596, ,CFS
SHA,H,76,INFLOW,20110714,0800,-132, ,CFS
SHA,H,76,INFLOW,20110714,0900,4029, ,CFS
SHA,H,76,INFLOW,20110714,1000,3176, ,CFS
SHA,H,76,INFLOW,20110714,1100,9668, ,CFS
SHA,H,76,INFLOW,20110714,1200,3018, ,CFS
SHA,H,76,INFLOW,20110714,1300,3197, ,CFS
SHA,H,76,INFLOW,20110714,1400,9018, ,CFS
SHA,H,76,INFLOW,20110714,1500,3280, ,CFS
SHA,H,76,INFLOW,20110714,1600,10547, ,CFS
SHA,H,76,INFLOW,20110714,1700,9037, ,CFS
SHA,H,76,INFLOW,20110714,1800,1711, ,CFS
SHA,H,76,INFLOW,20110714,1900,12087, ,CFS
SHA,H,76,INFLOW,20110714,2000,7441, ,CFS
SHA,H,76,INFLOW,20110714,2100,2241, ,CFS
SHA,H,76,INFLOW,20110714,2200,11392, ,CFS
SHA,H,76,INFLOW,20110714,2300,4593, ,CFS
SHA,H,76,INFLOW,20110715,0000,302, ,CFS
SHA,H,76,INFLOW,20110715,0100,7244, ,CFS
SHA,H,76,INFLOW,20110715,0200,283, ,CFS
SHA,H,76,INFLOW,20110715,0300,3736, ,CFS
SHA,H,76,INFLOW,20110715,0400,255, ,CFS
SHA,H,76,INFLOW,20110715,0500,241, ,CFS
SHA,H,76,INFLOW,20110715,0600,343, ,CFS
SHA,H,76,INFLOW,20110715,0700,2100, ,CFS
SHA,H,76,INFLOW,20110715,0800,1123, ,CFS
SHA,H,76,INFLOW,20110715,0900,1411, ,CFS
SHA,H,76,INFLOW,20110715,1000,1199, ,CFS
SHA,H,76,INFLOW,20110715,1100,4602, ,CFS
SHA,H,76,INFLOW,20110715,1200,7472, ,CFS
SHA,H,76,INFLOW,20110715,1300,5675, ,CFS
SHA,H,76,INFLOW,20110715,1400,5519, ,CFS
SHA,H,76,INFLOW,20110715,1500,12879, ,CFS
SHA,H,76,INFLOW,20110715,1600,6627, ,CFS
SHA,H,76,INFLOW,20110715,1700,9479, ,CFS
SHA,H,76,INFLOW,20110715,1800,9529, ,CFS
SHA,H,76,INFLOW,20110715,1900,5905, ,CFS
SHA,H,76,INFLOW,20110715,2000,6434, ,CFS
SHA,H,76,INFLOW,20110715,2100,2610, ,CFS
SHA,H,76,INFLOW,20110715,2200,9068, ,CFS
SHA,H,76,INFLOW,20110715,2300,3551, ,CFS
SHA,H,76,INFLOW,20110716,0000,3875, ,CFS
SHA,H,76,INFLOW,20110716,0100,2562, ,CFS
SHA,H,76,INFLOW,20110716,0200,3, ,CFS
SHA,H,76,INFLOW,20110716,0300,-377, ,CFS
SHA,H,76,INFLOW,20110716,0400,3047, ,CFS
SHA,H,76,INFLOW,20110716,0500,-400, ,CFS
SHA,H,76,INFLOW,20110716,0600,3041, ,CFS
SHA,H,76,INFLOW,20110716,0700,-3395, ,CFS
SHA,H,76,INFLOW,20110716,0800,-419, ,CFS
SHA,H,76,INFLOW,20110716,0900,2433, ,CFS
SHA,H,76,INFLOW,20110716,1000,2376, ,CFS
SHA,H,76,INFLOW,20110716,1100,2304, ,CFS
SHA,H,76,INFLOW,20110716,1200,6475, ,CFS
SHA,H,76,INFLOW,20110716,1300,5950, ,CFS
SHA,H,76,INFLOW,20110716,1400,4759, ,CFS
SHA,H,76,INFLOW,20110716,1500,11524, ,CFS
SHA,H,76,INFLOW,20110716,1600,8435, ,CFS
SHA,H,76,INFLOW,20110716,1700,8269, ,CFS
SHA,H,76,INFLOW,20110716,1800,11885, ,CFS
SHA,H,76,INFLOW,20110716,1900,4934, ,CFS
SHA,H,76,INFLOW,20110716,2000,8603, ,CFS
SHA,H,76,INFLOW,20110716,2100,6638, ,CFS
SHA,H,76,INFLOW,20110716,2200,4737, ,CFS
SHA,H,76,INFLOW,20110716,2300,6380, ,CFS
SHA,H,76,INFLOW,20110717,0000,5733, ,CFS
SHA,H,76,INFLOW,20110717,0100,3395, ,CFS
SHA,H,76,INFLOW,20110717,0200,4038, ,CFS
SHA,H,76,INFLOW,20110717,0300,141, ,CFS
SHA,H,76,INFLOW,20110717,0400,3297, ,CFS
SHA,H,76,INFLOW,20110717,0500,-3748, ,CFS
SHA,H,76,INFLOW,20110717,0600,3125, ,CFS
SHA,H,76,INFLOW,20110717,0700,956, ,CFS
SHA,H,76,INFLOW,20110717,0800,-3385, ,CFS
SHA,H,76,INFLOW,20110717,0900,2354, ,CFS
SHA,H,76,INFLOW,20110717,1000,2790, ,CFS
SHA,H,76,INFLOW,20110717,1100,247, ,CFS
SHA,H,76,INFLOW,20110717,1200,8442, ,CFS
SHA,H,76,INFLOW,20110717,1300,2996, ,CFS
SHA,H,76,INFLOW,20110717,1400,10048, ,CFS
SHA,H,76,INFLOW,20110717,1500,8830, ,CFS
SHA,H,76,INFLOW,20110717,1600,8688, ,CFS
SHA,H,76,INFLOW,20110717,1700,8608, ,CFS
SHA,H,76,INFLOW,20110717,1800,12031, ,CFS
SHA,H,76,INFLOW,20110717,1900,8192, ,CFS
SHA,H,76,INFLOW,20110717,2000,5767, ,CFS
SHA,H,76,INFLOW,20110717,2100,5976, ,CFS
SHA,H,76,INFLOW,20110717,2200,5634, ,CFS
SHA,H,76,INFLOW,20110717,2300,4825, ,CFS
SHA,H,76,INFLOW,20110718,0000,4949, ,CFS
SHA,H,76,INFLOW,20110718,0100,2579, ,CFS
SHA,H,76,INFLOW,20110718,0200,-698, ,CFS
SHA,H,76,INFLOW,20110718,0300,-939, ,CFS
SHA,H,76,INFLOW,20110718,0400,2556, ,CFS
SHA,H,76,INFLOW,20110718,0500,-610, ,CFS
SHA,H,76,INFLOW,20110718,0600,2977, ,CFS
SHA,H,76,INFLOW,20110718,0700,-454, ,CFS
SHA,H,76,INFLOW,20110718,0800,1391, ,CFS
SHA,H,76,INFLOW,20110718,0900,-1508, ,CFS
SHA,H,76,INFLOW,20110718,1000,1365, ,CFS
SHA,H,76,INFLOW,20110718,1100,2236, ,CFS
SHA,H,76,INFLOW,20110718,1200,-1290, ,CFS
SHA,H,76,INFLOW,20110718,1300,2929, ,CFS
SHA,H,76,INFLOW,20110718,1400,7083, ,CFS
SHA,H,76,INFLOW,20110718,1500,13451, ,CFS
SHA,H,76,INFLOW,20110718,1600,10138, ,CFS
SHA,H,76,INFLOW,20110718,1700,9517, ,CFS
SHA,H,76,INFLOW,20110718,1800,9469, ,CFS
SHA,H,76,INFLOW,20110718,1900,5998, ,CFS
SHA,H,76,INFLOW,20110718,2000,6718, ,CFS
SHA,H,76,INFLOW,20110718,2100,2848, ,CFS
SHA,H,76,INFLOW,20110718,2200,10170, ,CFS
SHA,H,76,INFLOW,20110718,2300,7142, ,CFS
SHA,H,76,INFLOW,20110719,0000,7425, ,CFS
SHA,H,76,INFLOW,20110719,0100,2399, ,CFS
SHA,H,76,INFLOW,20110719,0200,3358, ,CFS
SHA,H,76,INFLOW,20110719,0300,-504, ,CFS
SHA,H,76,INFLOW,20110719,0400,2811, ,CFS
SHA,H,76,INFLOW,20110719,0500,-300, ,CFS
SHA,H,76,INFLOW,20110719,0600,3445, ,CFS
SHA,H,76,INFLOW,20110719,0700,1663, ,CFS
SHA,H,76,INFLOW,20110719,0800,3428, ,CFS
SHA,H,76,INFLOW,20110719,0900,5535, ,CFS
SHA,H,76,INFLOW,20110719,1000,-1142, ,CFS
SHA,H,76,INFLOW,20110719,1100,2403, ,CFS
SHA,H,76,INFLOW,20110719,1200,7954, ,CFS
SHA,H,76,INFLOW,20110719,1300,-439, ,CFS
SHA,H,76,INFLOW,20110719,1400,11696, ,CFS
SHA,H,76,INFLOW,20110719,1500,3381, ,CFS
SHA,H,76,INFLOW,20110719,1600,14262, ,CFS
SHA,H,76,INFLOW,20110719,1700,6774, ,CFS
SHA,H,76,INFLOW,20110719,1800,10370, ,CFS
SHA,H,76,INFLOW,20110719,1900,10003, ,CFS
SHA,H,76,INFLOW,20110719,2000,6239, ,CFS
SHA,H,76,INFLOW,20110719,2100,2794, ,CFS
SHA,H,76,INFLOW,20110719,2200,11173, ,CFS
SHA,H,76,INFLOW,20110719,2300,-670, ,CFS
SHA,H,76,INFLOW,20110720,0000,4073, ,CFS
SHA,H,76,INFLOW,20110720,0100,6161, ,CFS
SHA,H,76,INFLOW,20110720,0200,-1863, ,CFS
SHA,H,76,INFLOW,20110720,0300,5331, ,CFS
SHA,H,76,INFLOW,20110720,0400,-188, ,CFS
SHA,H,76,INFLOW,20110720,0500,3208, ,CFS
SHA,H,76,INFLOW,20110720,0600,3426, ,CFS
SHA,H,76,INFLOW,20110720,0700,-2559, ,CFS
SHA,H,76,INFLOW,20110720,0800,-909, ,CFS
SHA,H,76,INFLOW,20110720,0900,878, ,CFS
SHA,H,76,INFLOW,20110720,1000,-692, ,CFS
SHA,H,76,INFLOW,20110720,1100,3675, ,CFS
SHA,H,76,INFLOW,20110720,1200,4267, ,CFS
SHA,H,76,INFLOW,20110720,1300,1697, ,CFS
SHA,H,76,INFLOW,20110720,1400,3733, ,CFS
SHA,H,76,INFLOW,20110720,1500,10284, ,CFS
SHA,H,76,INFLOW,20110720,1600,10823, ,CFS
SHA,H,76,INFLOW,20110720,1700,6687, ,CFS
SHA,H,76,INFLOW,20110720,1800,11246, ,CFS
SHA,H,76,INFLOW,20110720,1900,7043, ,CFS
SHA,H,76,INFLOW,20110720,2000,3695, ,CFS
SHA,H,76,INFLOW,20110720,2100,6579, ,CFS
SHA,H,76,INFLOW,20110720,2200,6254, ,CFS
SHA,H,76,INFLOW,20110720,2300,668, ,CFS
SHA,H,76,INFLOW,20110721,0000,2736, ,CFS
SHA,H,76,INFLOW,20110721,0100,7218, ,CFS
SHA,H,76,INFLOW,20110721,0200,-1088, ,CFS
SHA,H,76,INFLOW,20110721,0300,2287, ,CFS
SHA,H,76,INFLOW,20110721,0400,-527, ,CFS
SHA,H,76,INFLOW,20110721,0500,2934, ,CFS
SHA,H,76,INFLOW,20110721,0600,3047, ,CFS
SHA,H,76,INFLOW,20110721,0700,1179, ,CFS
SHA,H,76,INFLOW,20110721,0800,-2373, ,CFS
SHA,H,76,INFLOW,20110721,0900,5286, ,CFS
SHA,H,76,INFLOW,20110721,1000,-194, ,CFS
SHA,H,76,INFLOW,20110721,1100,490, ,CFS
SHA,H,76,INFLOW,20110721,1200,2894, ,CFS
SHA,H,76,INFLOW,20110721,1300,-732, ,CFS
SHA,H,76,INFLOW,20110721,1400,7419, ,CFS
SHA,H,76,INFLOW,20110721,1500,10092, ,CFS
SHA,H,76,INFLOW,20110721,1600,10298, ,CFS
SHA,H,76,INFLOW,20110721,1700,5823, ,CFS
SHA,H,76,INFLOW,20110721,1800,8716, ,CFS
SHA,H,76,INFLOW,20110721,1900,8288, ,CFS
SHA,H,76,INFLOW,20110721,2000,5618, ,CFS
SHA,H,76,INFLOW,20110721,2100,3712, ,CFS
SHA,H,76,INFLOW,20110721,2200,4047, ,CFS
SHA,H,76,INFLOW,20110721,2300,7794, ,CFS
SHA,H,76,INFLOW,20110722,0000,-501, ,CFS
SHA,H,76,INFLOW,20110722,0100,7142, ,CFS
SHA,H,76,INFLOW,20110722,0200,-2227, ,CFS
SHA,H,76,INFLOW,20110722,0300,2886, ,CFS
SHA,H,76,INFLOW,20110722,0400,-1057, ,CFS
SHA,H,76,INFLOW,20110722,0500,2463, ,CFS
SHA,H,76,INFLOW,20110722,0600,3187, ,CFS
SHA,H,76,INFLOW,20110722,0700,2360, ,CFS
SHA,H,76,INFLOW,20110722,0800,527, ,CFS
SHA,H,76,INFLOW,20110722,0900,2974, ,CFS
SHA,H,76,INFLOW,20110722,1000,2057, ,CFS
SHA,H,76,INFLOW,20110722,1100,-3230, ,CFS
SHA,H,76,INFLOW,20110722,1200,5267, ,CFS
SHA,H,76,INFLOW,20110722,1300,6196, ,CFS
SHA,H,76,INFLOW,20110722,1400,5327, ,CFS
SHA,H,76,INFLOW,20110722,1500,7108, ,CFS
SHA,H,76,INFLOW,20110722,1600,7385, ,CFS
SHA,H,76,INFLOW,20110722,1700,7322, ,CFS
SHA,H,76,INFLOW,20110722,1800,10556, ,CFS
SHA,H,76,INFLOW,20110722,1900,2899, ,CFS
SHA,H,76,INFLOW,20110722,2000,5862, ,CFS
SHA,H,76,INFLOW,20110722,2100,4264, ,CFS
SHA,H,76,INFLOW,20110722,2200,7015, ,CFS
SHA,H,76,INFLOW,20110722,2300,-3257, ,CFS
SHA,H,76,INFLOW,20110723,0000,4842, ,CFS
SHA,H,76,INFLOW,20110723,0100,5927, ,CFS
SHA,H,76,INFLOW,20110723,0200,522, ,CFS
SHA,H,76,INFLOW,20110723,0300,2558, ,CFS
SHA,H,76,INFLOW,20110723,0400,-663, ,CFS
SHA,H,76,INFLOW,20110723,0500,6092, ,CFS
SHA,H,76,INFLOW,20110723,0600,-788, ,CFS
SHA,H,76,INFLOW,20110723,0700,3186, ,CFS
SHA,H,76,INFLOW,20110723,0800,504, ,CFS
SHA,H,76,INFLOW,20110723,0900,-2707, ,CFS
SHA,H,76,INFLOW,20110723,1000,1736, ,CFS
SHA,H,76,INFLOW,20110723,1100,3731, ,CFS
SHA,H,76,INFLOW,20110723,1200,-260, ,CFS
SHA,H,76,INFLOW,20110723,1300,8900, ,CFS
SHA,H,76,INFLOW,20110723,1400,2362, ,CFS
SHA,H,76,INFLOW,20110723,1500,6287, ,CFS
SHA,H,76,INFLOW,20110723,1600,13082, ,CFS
SHA,H,76,INFLOW,20110723,1700,5845, ,CFS
SHA,H,76,INFLOW,20110723,1800,9366, ,CFS
SHA,H,76,INFLOW,20110723,1900,5904, ,CFS
SHA,H,76,INFLOW,20110723,2000,5754, ,CFS
SHA,H,76,INFLOW,20110723,2100,4184, ,CFS
SHA,H,76,INFLOW,20110723,2200,3573, ,CFS
SHA,H,76,INFLOW,20110723,2300,3043, ,CFS
SHA,H,76,INFLOW,20110724,0000,3538, ,CFS
SHA,H,76,INFLOW,20110724,0100,787, ,CFS
SHA,H,76,INFLOW,20110724,0200,5571, ,CFS
SHA,H,76,INFLOW,20110724,0300,249, ,CFS
SHA,H,76,INFLOW,20110724,0400,161, ,CFS
SHA,H,76,INFLOW,20110724,0500,3542, ,CFS
SHA,H,76,INFLOW,20110724,0600,110, ,CFS
SHA,H,76,INFLOW,20110724,0700,2206, ,CFS
SHA,H,76,INFLOW,20110724,0800,2682, ,CFS
SHA,H,76,INFLOW,20110724,0900,-3635, ,CFS
SHA,H,76,INFLOW,20110724,1000,2013, ,CFS
SHA,H,76,INFLOW,20110724,1100,5217, ,CFS
SHA,H,76,INFLOW,20110724,1200,-1993, ,CFS
SHA,H,76,INFLOW,20110724,1300,6027, ,CFS
SHA,H,76,INFLOW,20110724,1400,3095, ,CFS
SHA,H,76,INFLOW,20110724,1500,10607, ,CFS
SHA,H,76,INFLOW,20110724,1600,10785, ,CFS
SHA,H,76,INFLOW,20110724,1700,7204, ,CFS
SHA,H,76,INFLOW,20110724,1800,4968, ,CFS
SHA,H,76,INFLOW,20110724,1900,8629, ,CFS
SHA,H,76,INFLOW,20110724,2000,1499, ,CFS
SHA,H,76,INFLOW,20110724,2100,9202, ,CFS
SHA,H,76,INFLOW,20110724,2200,4239, ,CFS
SHA,H,76,INFLOW,20110724,2300,3268, ,CFS
SHA,H,76,INFLOW,20110725,0000,2208, ,CFS
SHA,H,76,INFLOW,20110725,0100,2883, ,CFS
SHA,H,76,INFLOW,20110725,0200,-430, ,CFS
SHA,H,76,INFLOW,20110725,0300,3073, ,CFS
SHA,H,76,INFLOW,20110725,0400,-296, ,CFS
SHA,H,76,INFLOW,20110725,0500,3151, ,CFS
SHA,H,76,INFLOW,20110725,0600,259, ,CFS
SHA,H,76,INFLOW,20110725,0700,1545, ,CFS
SHA,H,76,INFLOW,20110725,0800,3222, ,CFS
SHA,H,76,INFLOW,20110725,0900,593, ,CFS
SHA,H,76,INFLOW,20110725,1000,-3242, ,CFS
SHA,H,76,INFLOW,20110725,1100,4124, ,CFS
SHA,H,76,INFLOW,20110725,1200,9194, ,CFS
SHA,H,76,INFLOW,20110725,1300,1132, ,CFS
SHA,H,76,INFLOW,20110725,1400,6994, ,CFS
SHA,H,76,INFLOW,20110725,1500,7010, ,CFS
SHA,H,76,INFLOW,20110725,1600,7103, ,CFS
SHA,H,76,INFLOW,20110725,1700,3353, ,CFS
SHA,H,76,INFLOW,20110725,1800,7642, ,CFS
SHA,H,76,INFLOW,20110725,1900,9426, ,CFS
SHA,H,76,INFLOW,20110725,2000,3463, ,CFS
SHA,H,76,INFLOW,20110725,2100,4332, ,CFS
SHA,H,76,INFLOW,20110725,2200,7427, ,CFS
SHA,H,76,INFLOW,20110725,2300,3809, ,CFS
SHA,H,76,INFLOW,20110726,0000,4702, ,CFS
SHA,H,76,INFLOW,20110726,0100,3508, ,CFS
SHA,H,76,INFLOW,20110726,0200,3383, ,CFS
SHA,H,76,INFLOW,20110726,0300,-301, ,CFS
SHA,H,76,INFLOW,20110726,0400,-306, ,CFS
SHA,H,76,INFLOW,20110726,0500,3057, ,CFS
SHA,H,76,INFLOW,20110726,0600,-65, ,CFS
SHA,H,76,INFLOW,20110726,0700,3644, ,CFS
SHA,H,76,INFLOW,20110726,0800,3491, ,CFS
SHA,H,76,INFLOW,20110726,0900,-366, ,CFS
SHA,H,76,INFLOW,20110726,1000,-1783, ,CFS
SHA,H,76,INFLOW,20110726,1100,1422, ,CFS
SHA,H,76,INFLOW,20110726,1200,5563, ,CFS
SHA,H,76,INFLOW,20110726,1300,4776, ,CFS
SHA,H,76,INFLOW,20110726,1400,5416, ,CFS
SHA,H,76,INFLOW,20110726,1500,5374, ,CFS
SHA,H,76,INFLOW,20110726,1600,8388, ,CFS
SHA,H,76,INFLOW,20110726,1700,5976, ,CFS
SHA,H,76,INFLOW,20110726,1800,9281, ,CFS
SHA,H,76,INFLOW,20110726,1900,5082, ,CFS
SHA,H,76,INFLOW,20110726,2000,4685, ,CFS
SHA,H,76,INFLOW,20110726,2100,4251, ,CFS
SHA,H,76,INFLOW,20110726,2200,4954, ,CFS
SHA,H,76,INFLOW,20110726,2300,3113, ,CFS
SHA,H,76,INFLOW,20110727,0000,6064, ,CFS
SHA,H,76,INFLOW,20110727,0100,442, ,CFS
SHA,H,76,INFLOW,20110727,0200,-373, ,CFS
SHA,H,76,INFLOW,20110727,0300,3018, ,CFS
SHA,H,76,INFLOW,20110727,0400,-370, ,CFS
SHA,H,76,INFLOW,20110727,0500,3010, ,CFS
SHA,H,76,INFLOW,20110727,0600,-336, ,CFS
SHA,H,76,INFLOW,20110727,0700,623, ,CFS
SHA,H,76,INFLOW,20110727,0800,4210, ,CFS
SHA,H,76,INFLOW,20110727,0900,-2785, ,CFS
SHA,H,76,INFLOW,20110727,1000,1626, ,CFS
SHA,H,76,INFLOW,20110727,1100,1997, ,CFS
SHA,H,76,INFLOW,20110727,1200,4276, ,CFS
SHA,H,76,INFLOW,20110727,1300,2940, ,CFS
SHA,H,76,INFLOW,20110727,1400,7004, ,CFS
SHA,H,76,INFLOW,20110727,1500,6267, ,CFS
SHA,H,76,INFLOW,20110727,1600,6131, ,CFS
SHA,H,76,INFLOW,20110727,1700,9378, ,CFS
SHA,H,76,INFLOW,20110727,1800,5333, ,CFS
SHA,H,76,INFLOW,20110727,1900,9001, ,CFS
SHA,H,76,INFLOW,20110727,2000,5482, ,CFS
SHA,H,76,INFLOW,20110727,2100,5193, ,CFS
SHA,H,76,INFLOW,20110727,2200,7404, ,CFS
SHA,H,76,INFLOW,20110727,2300,6728, ,CFS
SHA,H,76,INFLOW,20110728,0000,590, ,CFS
SHA,H,76,INFLOW,20110728,0100,8730, ,CFS
SHA,H,76,INFLOW,20110728,0200,-836, ,CFS
SHA,H,76,INFLOW,20110728,0300,2416, ,CFS
SHA,H,76,INFLOW,20110728,0400,-694, ,CFS
SHA,H,76,INFLOW,20110728,0500,2916, ,CFS
SHA,H,76,INFLOW,20110728,0600,3219, ,CFS
SHA,H,76,INFLOW,20110728,0700,-2025, ,CFS
SHA,H,76,INFLOW,20110728,0800,4426, ,CFS
SHA,H,76,INFLOW,20110728,0900,1405, ,CFS
SHA,H,76,INFLOW,20110728,1000,629, ,CFS
SHA,H,76,INFLOW,20110728,1100,4636, ,CFS
SHA,H,76,INFLOW,20110728,1200,6833, ,CFS
SHA,H,76,INFLOW,20110728,1300,4045, ,CFS
SHA,H,76,INFLOW,20110728,1400,5992, ,CFS
SHA,H,76,INFLOW,20110728,1500,5670, ,CFS
SHA,H,76,INFLOW,20110728,1600,8711, ,CFS
SHA,H,76,INFLOW,20110728,1700,8284, ,CFS
SHA,H,76,INFLOW,20110728,1800,5700, ,CFS
SHA,H,76,INFLOW,20110728,1900,12738, ,CFS
SHA,H,76,INFLOW,20110728,2000,4342, ,CFS
SHA,H,76,INFLOW,20110728,2100,6828, ,CFS
SHA,H,76,INFLOW,20110728,2200,4853, ,CFS
SHA,H,76,INFLOW,20110728,2300,3910, ,CFS
SHA,H,76,INFLOW,20110729,0000,6787, ,CFS
SHA,H,76,INFLOW,20110729,0100,-656, ,CFS
SHA,H,76,INFLOW,20110729,0200,3073, ,CFS
SHA,H,76,INFLOW,20110729,0300,-377, ,CFS
SHA,H,76,INFLOW,20110729,0400,3041, ,CFS
SHA,H,76,INFLOW,20110729,0500,-336, ,CFS
SHA,H,76,INFLOW,20110729,0600,3086, ,CFS
SHA,H,76,INFLOW,20110729,0700,1023, ,CFS
SHA,H,76,INFLOW,20110729,0800,-1740, ,CFS
SHA,H,76,INFLOW,20110729,0900,2335, ,CFS
SHA,H,76,INFLOW,20110729,1000,-1427, ,CFS
SHA,H,76,INFLOW,20110729,1100,3243, ,CFS
SHA,H,76,INFLOW,20110729,1200,4186, ,CFS
SHA,H,76,INFLOW,20110729,1300,6560, ,CFS
SHA,H,76,INFLOW,20110729,1400,3150, ,CFS
SHA,H,76,INFLOW,20110729,1500,4144, ,CFS
SHA,H,76,INFLOW,20110729,1600,7664, ,CFS
SHA,H,76,INFLOW,20110729,1700,7719, ,CFS
SHA,H,76,INFLOW,20110729,1800,9564, ,CFS
SHA,H,76,INFLOW,20110729,1900,6946, ,CFS
SHA,H,76,INFLOW,20110729,2000,3452, ,CFS
SHA,H,76,INFLOW,20110729,2100,2651, ,CFS
SHA,H,76,INFLOW,20110729,2200,6242, ,CFS
SHA,H,76,INFLOW,20110729,2300,5257, ,CFS
SHA,H,76,INFLOW,20110730,0000,3893, ,CFS
SHA,H,76,INFLOW,20110730,0100,1859, ,CFS
SHA,H,76,INFLOW,20110730,0200,-384, ,CFS
SHA,H,76,INFLOW,20110730,0300,5752, ,CFS
SHA,H,76,INFLOW,20110730,0400,-972, ,CFS
SHA,H,76,INFLOW,20110730,0500,-965, ,CFS
SHA,H,76,INFLOW,20110730,0600,2424, ,CFS
SHA,H,76,INFLOW,20110730,0700,222, ,CFS
SHA,H,76,INFLOW,20110730,0800,-3619, ,CFS
SHA,H,76,INFLOW,20110730,0900,5521, ,CFS
SHA,H,76,INFLOW,20110730,1000,-3897, ,CFS
SHA,H,76,INFLOW,20110730,1100,6464, ,CFS
SHA,H,76,INFLOW,20110730,1200,-1176, ,CFS
SHA,H,76,INFLOW,20110730,1300,2275, ,CFS
SHA,H,76,INFLOW,20110730,1400,7855, ,CFS
SHA,H,76,INFLOW,20110730,1500,1927, ,CFS
SHA,H,76,INFLOW,20110730,1600,9980, ,CFS
SHA,H,76,INFLOW,20110730,1700,10110, ,CFS
SHA,H,76,INFLOW,20110730,1800,3084, ,CFS
SHA,H,76,INFLOW,20110730,1900,9829, ,CFS
SHA,H,76,INFLOW,20110730,2000,4079, ,CFS
SHA,H,76,INFLOW,20110730,2100,4324, ,CFS
SHA,H,76,INFLOW,20110730,2200,8747, ,CFS
SHA,H,76,INFLOW,20110730,2300,6977, ,CFS
SHA,H,76,INFLOW,20110731,0000,3627, ,CFS
SHA,H,76,INFLOW,20110731,0100,5481, ,CFS
SHA,H,76,INFLOW,20110731,0200,-217, ,CFS
SHA,H,76,INFLOW,20110731,0300,-304, ,CFS
SHA,H,76,INFLOW,20110731,0400,3034, ,CFS
SHA,H,76,INFLOW,20110731,0500,-154, ,CFS
SHA,H,76,INFLOW,20110731,0600,207, ,CFS
SHA,H,76,INFLOW,20110731,0700,2742, ,CFS
SHA,H,76,INFLOW,20110731,0800,-3930, ,CFS
SHA,H,76,INFLOW,20110731,0900,6772, ,CFS
SHA,H,76,INFLOW,20110731,1000,-5027, ,CFS
SHA,H,76,INFLOW,20110731,1100,6559, ,CFS
SHA,H,76,INFLOW,20110731,1200,-92, ,CFS
SHA,H,76,INFLOW,20110731,1300,2502, ,CFS
SHA,H,76,INFLOW,20110731,1400,5795, ,CFS
SHA,H,76,INFLOW,20110731,1500,6806, ,CFS
SHA,H,76,INFLOW,20110731,1600,8390, ,CFS
SHA,H,76,INFLOW,20110731,1700,5139, ,CFS
SHA,H,76,INFLOW,20110731,1800,11343, ,CFS
SHA,H,76,INFLOW,20110731,1900,3748, ,CFS
SHA,H,76,INFLOW,20110731,2000,6862, ,CFS
SHA,H,76,INFLOW,20110731,2100,5107, ,CFS
SHA,H,76,INFLOW,20110731,2200,2461, ,CFS
SHA,H,76,INFLOW,20110731,2300,7030, ,CFS
SHA,H,76,INFLOW,20110801,0000,5030, ,CFS
SHA,H,76,INFLOW,20110801,0100,-123, ,CFS
SHA,H,76,INFLOW,20110801,0200,5968, ,CFS
SHA,H,76,INFLOW,20110801,0300,-876, ,CFS
SHA,H,76,INFLOW,20110801,0400,2414, ,CFS
SHA,H,76,INFLOW,20110801,0500,2659, ,CFS
SHA,H,76,INFLOW,20110801,0600,-236, ,CFS
SHA,H,76,INFLOW,20110801,0700,885, ,CFS
SHA,H,76,INFLOW,20110801,0800,-781, ,CFS
SHA,H,76,INFLOW,20110801,0900,-278, ,CFS
SHA,H,76,INFLOW,20110801,1000,1660, ,CFS
SHA,H,76,INFLOW,20110801,1100,2229, ,CFS
SHA,H,76,INFLOW,20110801,1200,4263, ,CFS
SHA,H,76,INFLOW,20110801,1300,2176, ,CFS
SHA,H,76,INFLOW,20110801,1400,7155, ,CFS
SHA,H,76,INFLOW,20110801,1500,5728, ,CFS
SHA,H,76,INFLOW,20110801,1600,9034, ,CFS
SHA,H,76,INFLOW,20110801,1700,7564, ,CFS
SHA,H,76,INFLOW,20110801,1800,3687, ,CFS
SHA,H,76,INFLOW,20110801,1900,9979, ,CFS
SHA,H,76,INFLOW,20110801,2000,7339, ,CFS
SHA,H,76,INFLOW,20110801,2100,3641, ,CFS
SHA,H,76,INFLOW,20110801,2200,6077, ,CFS
SHA,H,76,INFLOW,20110801,2300,2729, ,CFS
SHA,H,76,INFLOW,20110802,0000,5661, ,CFS
SHA,H,76,INFLOW,20110802,0100,3661, ,CFS
SHA,H,76,INFLOW,20110802,0200,2972, ,CFS
SHA,H,76,INFLOW,20110802,0300,6363, ,CFS
SHA,H,76,INFLOW,20110802,0400,-274, ,CFS
SHA,H,76,INFLOW,20110802,0500,3095, ,CFS
SHA,H,76,INFLOW,20110802,0600,3279, ,CFS
SHA,H,76,INFLOW,20110802,0700,-109, ,CFS
SHA,H,76,INFLOW,20110802,0800,-1189, ,CFS
SHA,H,76,INFLOW,20110802,0900,206, ,CFS
SHA,H,76,INFLOW,20110802,1000,-4294, ,CFS
SHA,H,76,INFLOW,20110802,1100,3809, ,CFS
SHA,H,76,INFLOW,20110802,1200,1307, ,CFS
SHA,H,76,INFLOW,20110802,1300,2482, ,CFS
SHA,H,76,INFLOW,20110802,1400,11026, ,CFS
SHA,H,76,INFLOW,20110802,1500,5962, ,CFS
SHA,H,76,INFLOW,20110802,1600,9730, ,CFS
SHA,H,76,INFLOW,20110802,1700,15847, ,CFS
SHA,H,76,INFLOW,20110802,1800,8541, ,CFS
SHA,H,76,INFLOW,20110802,1900,10507, ,CFS
SHA,H,76,INFLOW,20110802,2000,12299, ,CFS
SHA,H,76,INFLOW,20110802,2100,9367, ,CFS
SHA,H,76,INFLOW,20110802,2200,16505, ,CFS
SHA,H,76,INFLOW,20110802,2300,4408, ,CFS
SHA,H,76,INFLOW,20110803,0000,11345, ,CFS
SHA,H,76,INFLOW,20110803,0100,10718, ,CFS
SHA,H,76,INFLOW,20110803,0200,7409, ,CFS
SHA,H,76,INFLOW,20110803,0300,7340, ,CFS
SHA,H,76,INFLOW,20110803,0400,7210, ,CFS
SHA,H,76,INFLOW,20110803,0500,4113, ,CFS
SHA,H,76,INFLOW,20110803,0600,4267, ,CFS
SHA,H,76,INFLOW,20110803,0700,10050, ,CFS
SHA,H,76,INFLOW,20110803,0800,1300, ,CFS
SHA,H,76,INFLOW,20110803,0900,8286, ,CFS
SHA,H,76,INFLOW,20110803,1000,869, ,CFS
SHA,H,76,INFLOW,20110803,1100,3195, ,CFS
SHA,H,76,INFLOW,20110803,1200,6536, ,CFS
SHA,H,76,INFLOW,20110803,1300,9106, ,CFS
SHA,H,76,INFLOW,20110803,1400,11119, ,CFS
SHA,H,76,INFLOW,20110803,1500,8421, ,CFS
SHA,H,76,INFLOW,20110803,1600,8703, ,CFS
SHA,H,76,INFLOW,20110803,1700,15154, ,CFS
SHA,H,76,INFLOW,20110803,1800,14548, ,CFS
SHA,H,76,INFLOW,20110803,1900,8111, ,CFS
SHA,H,76,INFLOW,20110803,2000,10884, ,CFS
SHA,H,76,INFLOW,20110803,2100,8440, ,CFS
SHA,H,76,INFLOW,20110803,2200,15163, ,CFS
SHA,H,76,INFLOW,20110803,2300,11090, ,CFS
SHA,H,76,INFLOW,20110804,0000,3808, ,CFS
SHA,H,76,INFLOW,20110804,0100,14223, ,CFS
SHA,H,76,INFLOW,20110804,0200,3883, ,CFS
SHA,H,76,INFLOW,20110804,0300,3954, ,CFS
SHA,H,76,INFLOW,20110804,0400,10910, ,CFS
SHA,H,76,INFLOW,20110804,0500,4321, ,CFS
SHA,H,76,INFLOW,20110804,0600,7720, ,CFS
SHA,H,76,INFLOW,20110804,0700,4494, ,CFS
SHA,H,76,INFLOW,20110804,0800,5081, ,CFS
SHA,H,76,INFLOW,20110804,0900,7287, ,CFS
SHA,H,76,INFLOW,20110804,1000,6771, ,CFS
SHA,H,76,INFLOW,20110804,1100,6401, ,CFS
SHA,H,76,INFLOW,20110804,1200,10603, ,CFS
SHA,H,76,INFLOW,20110804,1300,7476, ,CFS
SHA,H,76,INFLOW,20110804,1400,8672, ,CFS
SHA,H,76,INFLOW,20110804,1500,8172, ,CFS
SHA,H,76,INFLOW,20110804,1600,15359, ,CFS
SHA,H,76,INFLOW,20110804,1700,11495, ,CFS
SHA,H,76,INFLOW,20110804,1800,11166, ,CFS
SHA,H,76,INFLOW,20110804,1900,10264, ,CFS
SHA,H,76,INFLOW,20110804,2000,8796, ,CFS
SHA,H,76,INFLOW,20110804,2100,10782, ,CFS
SHA,H,76,INFLOW,20110804,2200,10437, ,CFS
SHA,H,76,INFLOW,20110804,2300,14291, ,CFS
SHA,H,76,INFLOW,20110805,0000,9016, ,CFS
SHA,H,76,INFLOW,20110805,0100,7948, ,CFS
SHA,H,76,INFLOW,20110805,0200,7187, ,CFS
SHA,H,76,INFLOW,20110805,0300,3916, ,CFS
SHA,H,76,INFLOW,20110805,0400,10657, ,CFS
SHA,H,76,INFLOW,20110805,0500,4687, ,CFS
SHA,H,76,INFLOW,20110805,0600,4885, ,CFS
SHA,H,76,INFLOW,20110805,0700,7776, ,CFS
SHA,H,76,INFLOW,20110805,0800,670, ,CFS
SHA,H,76,INFLOW,20110805,0900,3603, ,CFS
SHA,H,76,INFLOW,20110805,1000,5924, ,CFS
SHA,H,76,INFLOW,20110805,1100,3765, ,CFS
SHA,H,76,INFLOW,20110805,1200,4837, ,CFS
SHA,H,76,INFLOW,20110805,1300,6059, ,CFS
SHA,H,76,INFLOW,20110805,1400,11516, ,CFS
SHA,H,76,INFLOW,20110805,1500,13281, ,CFS
SHA,H,76,INFLOW,20110805,1600,7193, ,CFS
SHA,H,76,INFLOW,20110805,1700,15855, ,CFS
SHA,H,76,INFLOW,20110805,1800,8606, ,CFS
SHA,H,76,INFLOW,20110805,1900,11988, ,CFS
SHA,H,76,INFLOW,20110805,2000,11436, ,CFS
SHA,H,76,INFLOW,20110805,2100,4383, ,CFS
SHA,H,76,INFLOW,20110805,2200,14946, ,CFS
SHA,H,76,INFLOW,20110805,2300,9320, ,CFS
SHA,H,76,INFLOW,20110806,0000,4617, ,CFS
SHA,H,76,INFLOW,20110806,0100,13028, ,CFS
SHA,H,76,INFLOW,20110806,0200,1423, ,CFS
SHA,H,76,INFLOW,20110806,0300,7646, ,CFS
SHA,H,76,INFLOW,20110806,0400,7542, ,CFS
SHA,H,76,INFLOW,20110806,0500,4143, ,CFS
SHA,H,76,INFLOW,20110806,0600,7566, ,CFS
SHA,H,76,INFLOW,20110806,0700,3620, ,CFS
SHA,H,76,INFLOW,20110806,0800,3893, ,CFS
SHA,H,76,INFLOW,20110806,0900,8070, ,CFS
SHA,H,76,INFLOW,20110806,1000,5680, ,CFS
SHA,H,76,INFLOW,20110806,1100,751, ,CFS
SHA,H,76,INFLOW,20110806,1200,7631, ,CFS
SHA,H,76,INFLOW,20110806,1300,5018, ,CFS
SHA,H,76,INFLOW,20110806,1400,10371, ,CFS
SHA,H,76,INFLOW,20110806,1500,11160, ,CFS
SHA,H,76,INFLOW,20110806,1600,7932, ,CFS
SHA,H,76,INFLOW,20110806,1700,17760, ,CFS
SHA,H,76,INFLOW,20110806,1800,10867, ,CFS
SHA,H,76,INFLOW,20110806,1900,10406, ,CFS
SHA,H,76,INFLOW,20110806,2000,10452, ,CFS
SHA,H,76,INFLOW,20110806,2100,7337, ,CFS
SHA,H,76,INFLOW,20110806,2200,9853, ,CFS
SHA,H,76,INFLOW,20110806,2300,7034, ,CFS
SHA,H,76,INFLOW,20110807,0000,9439, ,CFS
SHA,H,76,INFLOW,20110807,0100,9309, ,CFS
SHA,H,76,INFLOW,20110807,0200,4224, ,CFS
SHA,H,76,INFLOW,20110807,0300,7491, ,CFS
SHA,H,76,INFLOW,20110807,0400,7854, ,CFS
SHA,H,76,INFLOW,20110807,0500,4571, ,CFS
SHA,H,76,INFLOW,20110807,0600,7736, ,CFS
SHA,H,76,INFLOW,20110807,0700,3819, ,CFS
SHA,H,76,INFLOW,20110807,0800,7991, ,CFS
SHA,H,76,INFLOW,20110807,0900,1555, ,CFS
SHA,H,76,INFLOW,20110807,1000,6547, ,CFS
SHA,H,76,INFLOW,20110807,1100,2765, ,CFS
SHA,H,76,INFLOW,20110807,1200,8191, ,CFS
SHA,H,76,INFLOW,20110807,1300,5394, ,CFS
SHA,H,76,INFLOW,20110807,1400,9484, ,CFS
SHA,H,76,INFLOW,20110807,1500,9454, ,CFS
SHA,H,76,INFLOW,20110807,1600,9621, ,CFS
SHA,H,76,INFLOW,20110807,1700,12878, ,CFS
SHA,H,76,INFLOW,20110807,1800,12581, ,CFS
SHA,H,76,INFLOW,20110807,1900,9778, ,CFS
SHA,H,76,INFLOW,20110807,2000,13372, ,CFS
SHA,H,76,INFLOW,20110807,2100,8801, ,CFS
SHA,H,76,INFLOW,20110807,2200,7829, ,CFS
SHA,H,76,INFLOW,20110807,2300,8095, ,CFS
SHA,H,76,INFLOW,20110808,0000,9747, ,CFS
SHA,H,76,INFLOW,20110808,0100,8410, ,CFS
SHA,H,76,INFLOW,20110808,0200,4102, ,CFS
SHA,H,76,INFLOW,20110808,0300,4238, ,CFS
SHA,H,76,INFLOW,20110808,0400,10810, ,CFS
SHA,H,76,INFLOW,20110808,0500,4474, ,CFS
SHA,H,76,INFLOW,20110808,0600,7524, ,CFS
SHA,H,76,INFLOW,20110808,0700,5306, ,CFS
SHA,H,76,INFLOW,20110808,0800,8077, ,CFS
SHA,H,76,INFLOW,20110808,0900,-360, ,CFS
SHA,H,76,INFLOW,20110808,1000,6800, ,CFS
SHA,H,76,INFLOW,20110808,1100,7586, ,CFS
SHA,H,76,INFLOW,20110808,1200,6060, ,CFS
SHA,H,76,INFLOW,20110808,1300,8636, ,CFS
SHA,H,76,INFLOW,20110808,1400,7222, ,CFS
SHA,H,76,INFLOW,20110808,1500,13793, ,CFS
SHA,H,76,INFLOW,20110808,1600,7757, ,CFS
SHA,H,76,INFLOW,20110808,1700,13677, ,CFS
SHA,H,76,INFLOW,20110808,1800,13528, ,CFS
SHA,H,76,INFLOW,20110808,1900,9972, ,CFS
SHA,H,76,INFLOW,20110808,2000,7206, ,CFS
SHA,H,76,INFLOW,20110808,2100,10395, ,CFS
SHA,H,76,INFLOW,20110808,2200,7936, ,CFS
SHA,H,76,INFLOW,20110808,2300,12045, ,CFS
SHA,H,76,INFLOW,20110809,0000,7467, ,CFS
SHA,H,76,INFLOW,20110809,0100,8003, ,CFS
SHA,H,76,INFLOW,20110809,0200,10753, ,CFS
SHA,H,76,INFLOW,20110809,0300,4313, ,CFS
SHA,H,76,INFLOW,20110809,0400,7479, ,CFS
SHA,H,76,INFLOW,20110809,0500,4324, ,CFS
SHA,H,76,INFLOW,20110809,0600,4573, ,CFS
SHA,H,76,INFLOW,20110809,0700,7804, ,CFS
SHA,H,76,INFLOW,20110809,0800,2788, ,CFS
SHA,H,76,INFLOW,20110809,0900,11598, ,CFS
SHA,H,76,INFLOW,20110809,1000,5199, ,CFS
SHA,H,76,INFLOW,20110809,1100,2960, ,CFS
SHA,H,76,INFLOW,20110809,1200,7085, ,CFS
SHA,H,76,INFLOW,20110809,1300,4484, ,CFS
SHA,H,76,INFLOW,20110809,1400,9632, ,CFS
SHA,H,76,INFLOW,20110809,1500,6974, ,CFS
SHA,H,76,INFLOW,20110809,1600,3855, ,CFS
SHA,H,76,INFLOW,20110809,1700,10343, ,CFS
SHA,H,76,INFLOW,20110809,1800,6670, ,CFS
SHA,H,76,INFLOW,20110809,1900,7897, ,CFS
SHA,H,76,INFLOW,20110809,2000,2231, ,CFS
SHA,H,76,INFLOW,20110809,2100,5213, ,CFS
SHA,H,76,INFLOW,20110809,2200,7221, ,CFS
SHA,H,76,INFLOW,20110809,2300,1401, ,CFS
SHA,H,76,INFLOW,20110810,0000,3072, ,CFS
SHA,H,76,INFLOW,20110810,0100,3158, ,CFS
SHA,H,76,INFLOW,20110810,0200,-444, ,CFS
SHA,H,76,INFLOW,20110810,0300,2687, ,CFS
SHA,H,76,INFLOW,20110810,0400,2853, ,CFS
SHA,H,76,INFLOW,20110810,0500,-260, ,CFS
SHA,H,76,INFLOW,20110810,0600,3196, ,CFS
SHA,H,76,INFLOW,20110810,0700,478, ,CFS
SHA,H,76,INFLOW,20110810,0800,-1526, ,CFS
SHA,H,76,INFLOW,20110810,0900,2554, ,CFS
SHA,H,76,INFLOW,20110810,1000,1769, ,CFS
SHA,H,76,INFLOW,20110810,1100,3428, ,CFS
SHA,H,76,INFLOW,20110810,1200,4902, ,CFS
SHA,H,76,INFLOW,20110810,1300,3984, ,CFS
SHA,H,76,INFLOW,20110810,1400,7565, ,CFS
SHA,H,76,INFLOW,20110810,1500,6526, ,CFS
SHA,H,76,INFLOW,20110810,1600,4156, ,CFS
SHA,H,76,INFLOW,20110810,1700,12921, ,CFS
SHA,H,76,INFLOW,20110810,1800,2692, ,CFS
SHA,H,76,INFLOW,20110810,1900,5990, ,CFS
SHA,H,76,INFLOW,20110810,2000,9266, ,CFS
SHA,H,76,INFLOW,20110810,2100,3143, ,CFS
SHA,H,76,INFLOW,20110810,2200,9433, ,CFS
SHA,H,76,INFLOW,20110810,2300,4104, ,CFS
SHA,H,76,INFLOW,20110811,0000,5758, ,CFS
SHA,H,76,INFLOW,20110811,0100,5650, ,CFS
SHA,H,76,INFLOW,20110811,0200,1806, ,CFS
SHA,H,76,INFLOW,20110811,0300,-1147, ,CFS
SHA,H,76,INFLOW,20110811,0400,5654, ,CFS
SHA,H,76,INFLOW,20110811,0500,-3816, ,CFS
SHA,H,76,INFLOW,20110811,0600,3047, ,CFS
SHA,H,76,INFLOW,20110811,0700,3128, ,CFS
SHA,H,76,INFLOW,20110811,0800,823, ,CFS
SHA,H,76,INFLOW,20110811,0900,1963, ,CFS
SHA,H,76,INFLOW,20110811,1000,1276, ,CFS
SHA,H,76,INFLOW,20110811,1100,5673, ,CFS
SHA,H,76,INFLOW,20110811,1200,2850, ,CFS
SHA,H,76,INFLOW,20110811,1300,5922, ,CFS
SHA,H,76,INFLOW,20110811,1400,6723, ,CFS
SHA,H,76,INFLOW,20110811,1500,7001, ,CFS
SHA,H,76,INFLOW,20110811,1600,4326, ,CFS
SHA,H,76,INFLOW,20110811,1700,10828, ,CFS
SHA,H,76,INFLOW,20110811,1800,7061, ,CFS
SHA,H,76,INFLOW,20110811,1900,6918, ,CFS
SHA,H,76,INFLOW,20110811,2000,5157, ,CFS
SHA,H,76,INFLOW,20110811,2100,5091, ,CFS
SHA,H,76,INFLOW,20110811,2200,4440, ,CFS
SHA,H,76,INFLOW,20110811,2300,8305, ,CFS
SHA,H,76,INFLOW,20110812,0000,-2042, ,CFS
SHA,H,76,INFLOW,20110812,0100,6444, ,CFS
SHA,H,76,INFLOW,20110812,0200,-660, ,CFS
SHA,H,76,INFLOW,20110812,0300,2644, ,CFS
SHA,H,76,INFLOW,20110812,0400,2325, ,CFS
SHA,H,76,INFLOW,20110812,0500,-753, ,CFS
SHA,H,76,INFLOW,20110812,0600,2859, ,CFS
SHA,H,76,INFLOW,20110812,0700,110, ,CFS
SHA,H,76,INFLOW,20110812,0800,-1885, ,CFS
SHA,H,76,INFLOW,20110812,0900,2710, ,CFS
SHA,H,76,INFLOW,20110812,1000,-757, ,CFS
SHA,H,76,INFLOW,20110812,1100,949, ,CFS
SHA,H,76,INFLOW,20110812,1200,5544, ,CFS
SHA,H,76,INFLOW,20110812,1300,3875, ,CFS
SHA,H,76,INFLOW,20110812,1400,5241, ,CFS
SHA,H,76,INFLOW,20110812,1500,5173, ,CFS
SHA,H,76,INFLOW,20110812,1600,9396, ,CFS
SHA,H,76,INFLOW,20110812,1700,6188, ,CFS
SHA,H,76,INFLOW,20110812,1800,9545, ,CFS
SHA,H,76,INFLOW,20110812,1900,6386, ,CFS
SHA,H,76,INFLOW,20110812,2000,3360, ,CFS
SHA,H,76,INFLOW,20110812,2100,6777, ,CFS
SHA,H,76,INFLOW,20110812,2200,5901, ,CFS
SHA,H,76,INFLOW,20110812,2300,3623, ,CFS
SHA,H,76,INFLOW,20110813,0000,1093, ,CFS
SHA,H,76,INFLOW,20110813,0100,8634, ,CFS
SHA,H,76,INFLOW,20110813,0200,-1176, ,CFS
SHA,H,76,INFLOW,20110813,0300,1589, ,CFS
SHA,H,76,INFLOW,20110813,0400,1399, ,CFS
SHA,H,76,INFLOW,20110813,0500,1327, ,CFS
SHA,H,76,INFLOW,20110813,0600,1421, ,CFS
SHA,H,76,INFLOW,20110813,0700,-1479, ,CFS
SHA,H,76,INFLOW,20110813,0800,1938, ,CFS
SHA,H,76,INFLOW,20110813,0900,-440, ,CFS
SHA,H,76,INFLOW,20110813,1000,371, ,CFS
SHA,H,76,INFLOW,20110813,1100,3416, ,CFS
SHA,H,76,INFLOW,20110813,1200,120, ,CFS
SHA,H,76,INFLOW,20110813,1300,5534, ,CFS
SHA,H,76,INFLOW,20110813,1400,9580, ,CFS
SHA,H,76,INFLOW,20110813,1500,6151, ,CFS
SHA,H,76,INFLOW,20110813,1600,7206, ,CFS
SHA,H,76,INFLOW,20110813,1700,7118, ,CFS
SHA,H,76,INFLOW,20110813,1800,5044, ,CFS
SHA,H,76,INFLOW,20110813,1900,11539, ,CFS
SHA,H,76,INFLOW,20110813,2000,3156, ,CFS
SHA,H,76,INFLOW,20110813,2100,5875, ,CFS
SHA,H,76,INFLOW,20110813,2200,8537, ,CFS
SHA,H,76,INFLOW,20110813,2300,5149, ,CFS
SHA,H,76,INFLOW,20110814,0000,1660, ,CFS
SHA,H,76,INFLOW,20110814,0100,6877, ,CFS
SHA,H,76,INFLOW,20110814,0200,-705, ,CFS
SHA,H,76,INFLOW,20110814,0300,-740, ,CFS
SHA,H,76,INFLOW,20110814,0400,5724, ,CFS
SHA,H,76,INFLOW,20110814,0500,-745, ,CFS
SHA,H,76,INFLOW,20110814,0600,-751, ,CFS
SHA,H,76,INFLOW,20110814,0700,2486, ,CFS
SHA,H,76,INFLOW,20110814,0800,-397, ,CFS
SHA,H,76,INFLOW,20110814,0900,-787, ,CFS
SHA,H,76,INFLOW,20110814,1000,-1923, ,CFS
SHA,H,76,INFLOW,20110814,1100,2534, ,CFS
SHA,H,76,INFLOW,20110814,1200,4669, ,CFS
SHA,H,76,INFLOW,20110814,1300,4944, ,CFS
SHA,H,76,INFLOW,20110814,1400,4613, ,CFS
SHA,H,76,INFLOW,20110814,1500,3486, ,CFS
SHA,H,76,INFLOW,20110814,1600,4408, ,CFS
SHA,H,76,INFLOW,20110814,1700,10664, ,CFS
SHA,H,76,INFLOW,20110814,1800,7457, ,CFS
SHA,H,76,INFLOW,20110814,1900,3739, ,CFS
SHA,H,76,INFLOW,20110814,2000,6221, ,CFS
SHA,H,76,INFLOW,20110814,2100,2620, ,CFS
SHA,H,76,INFLOW,20110814,2200,4814, ,CFS
SHA,H,76,INFLOW,20110814,2300,5998, ,CFS
SHA,H,76,INFLOW,20110815,0000,4074, ,CFS
SHA,H,76,INFLOW,20110815,0100,1396, ,CFS
SHA,H,76,INFLOW,20110815,0200,-96, ,CFS
SHA,H,76,INFLOW,20110815,0300,3048, ,CFS
SHA,H,76,INFLOW,20110815,0400,-190, ,CFS
SHA,H,76,INFLOW,20110815,0500,2996, ,CFS
SHA,H,76,INFLOW,20110815,0600,1007, ,CFS
SHA,H,76,INFLOW,20110815,0700,-1320, ,CFS
SHA,H,76,INFLOW,20110815,0800,-3367, ,CFS
SHA,H,76,INFLOW,20110815,0900,3001, ,CFS
SHA,H,76,INFLOW,20110815,1000,291, ,CFS
SHA,H,76,INFLOW,20110815,1100,-662, ,CFS
SHA,H,76,INFLOW,20110815,1200,5448, ,CFS
SHA,H,76,INFLOW,20110815,1300,5184, ,CFS
SHA,H,76,INFLOW,20110815,1400,5832, ,CFS
SHA,H,76,INFLOW,20110815,1500,3188, ,CFS
SHA,H,76,INFLOW,20110815,1600,6650, ,CFS
SHA,H,76,INFLOW,20110815,1700,9578, ,CFS
SHA,H,76,INFLOW,20110815,1800,6292, ,CFS
SHA,H,76,INFLOW,20110815,1900,6317, ,CFS
SHA,H,76,INFLOW,20110815,2000,2759, ,CFS
SHA,H,76,INFLOW,20110815,2100,6580, ,CFS
SHA,H,76,INFLOW,20110815,2200,7017, ,CFS
SHA,H,76,INFLOW,20110815,2300,5375, ,CFS
SHA,H,76,INFLOW,20110816,0000,4767, ,CFS
SHA,H,76,INFLOW,20110816,0100,8608, ,CFS
SHA,H,76,INFLOW,20110816,0200,1859, ,CFS
SHA,H,76,INFLOW,20110816,0300,1908, ,CFS
SHA,H,76,INFLOW,20110816,0400,2908, ,CFS
SHA,H,76,INFLOW,20110816,0500,-206, ,CFS
SHA,H,76,INFLOW,20110816,0600,3096, ,CFS
SHA,H,76,INFLOW,20110816,0700,-667, ,CFS
SHA,H,76,INFLOW,20110816,0800,-2721, ,CFS
SHA,H,76,INFLOW,20110816,0900,1750, ,CFS
SHA,H,76,INFLOW,20110816,1000,-2157, ,CFS
SHA,H,76,INFLOW,20110816,1100,1877, ,CFS
SHA,H,76,INFLOW,20110816,1200,2878, ,CFS
SHA,H,76,INFLOW,20110816,1300,4689, ,CFS
SHA,H,76,INFLOW,20110816,1400,6903, ,CFS
SHA,H,76,INFLOW,20110816,1500,5665, ,CFS
SHA,H,76,INFLOW,20110816,1600,3663, ,CFS
SHA,H,76,INFLOW,20110816,1700,9699, ,CFS
SHA,H,76,INFLOW,20110816,1800,6139, ,CFS
SHA,H,76,INFLOW,20110816,1900,6703, ,CFS
SHA,H,76,INFLOW,20110816,2000,6710, ,CFS
SHA,H,76,INFLOW,20110816,2100,8141, ,CFS
SHA,H,76,INFLOW,20110816,2200,3978, ,CFS
SHA,H,76,INFLOW,20110816,2300,8444, ,CFS
SHA,H,76,INFLOW,20110817,0000,2759, ,CFS
SHA,H,76,INFLOW,20110817,0100,3271, ,CFS
SHA,H,76,INFLOW,20110817,0200,8978, ,CFS
SHA,H,76,INFLOW,20110817,0300,-840, ,CFS
SHA,H,76,INFLOW,20110817,0400,2311, ,CFS
SHA,H,76,INFLOW,20110817,0500,-719, ,CFS
SHA,H,76,INFLOW,20110817,0600,2766, ,CFS
SHA,H,76,INFLOW,20110817,0700,648, ,CFS
SHA,H,76,INFLOW,20110817,0800,651, ,CFS
SHA,H,76,INFLOW,20110817,0900,-2692, ,CFS
SHA,H,76,INFLOW,20110817,1000,1458, ,CFS
SHA,H,76,INFLOW,20110817,1100,933, ,CFS
SHA,H,76,INFLOW,20110817,1200,3070, ,CFS
SHA,H,76,INFLOW,20110817,1300,3434, ,CFS
SHA,H,76,INFLOW,20110817,1400,6297, ,CFS
SHA,H,76,INFLOW,20110817,1500,3216, ,CFS
SHA,H,76,INFLOW,20110817,1600,5349, ,CFS
SHA,H,76,INFLOW,20110817,1700,8398, ,CFS
SHA,H,76,INFLOW,20110817,1800,8494, ,CFS
SHA,H,76,INFLOW,20110817,1900,8027, ,CFS
SHA,H,76,INFLOW,20110817,2000,1975, ,CFS
SHA,H,76,INFLOW,20110817,2100,4746, ,CFS
SHA,H,76,INFLOW,20110817,2200,5303, ,CFS
SHA,H,76,INFLOW,20110817,2300,-84, ,CFS
SHA,H,76,INFLOW,20110818,0000,5911, ,CFS
SHA,H,76,INFLOW,20110818,0100,3222, ,CFS
SHA,H,76,INFLOW,20110818,0200,2759, ,CFS
SHA,H,76,INFLOW,20110818,0300,2822, ,CFS
SHA,H,76,INFLOW,20110818,0400,-444, ,CFS
SHA,H,76,INFLOW,20110818,0500,3035, ,CFS
SHA,H,76,INFLOW,20110818,0600,-37, ,CFS
SHA,H,76,INFLOW,20110818,0700,1664, ,CFS
SHA,H,76,INFLOW,20110818,0800,1658, ,CFS
SHA,H,76,INFLOW,20110818,0900,-1658, ,CFS
SHA,H,76,INFLOW,20110818,1000,1866, ,CFS
SHA,H,76,INFLOW,20110818,1100,-632, ,CFS
SHA,H,76,INFLOW,20110818,1200,5427, ,CFS
SHA,H,76,INFLOW,20110818,1300,1698, ,CFS
SHA,H,76,INFLOW,20110818,1400,5882, ,CFS
SHA,H,76,INFLOW,20110818,1500,6303, ,CFS
SHA,H,76,INFLOW,20110818,1600,6277, ,CFS
SHA,H,76,INFLOW,20110818,1700,9129, ,CFS
SHA,H,76,INFLOW,20110818,1800,5845, ,CFS
SHA,H,76,INFLOW,20110818,1900,5319, ,CFS
SHA,H,76,INFLOW,20110818,2000,9501, ,CFS
SHA,H,76,INFLOW,20110818,2100,2783, ,CFS
SHA,H,76,INFLOW,20110818,2200,3877, ,CFS
SHA,H,76,INFLOW,20110818,2300,4968, ,CFS
SHA,H,76,INFLOW,20110819,0000,1628, ,CFS
SHA,H,76,INFLOW,20110819,0100,2462, ,CFS
SHA,H,76,INFLOW,20110819,0200,5198, ,CFS
SHA,H,76,INFLOW,20110819,0300,-994, ,CFS
SHA,H,76,INFLOW,20110819,0400,5561, ,CFS
SHA,H,76,INFLOW,20110819,0500,-979, ,CFS
SHA,H,76,INFLOW,20110819,0600,2380, ,CFS
SHA,H,76,INFLOW,20110819,0700,2280, ,CFS
SHA,H,76,INFLOW,20110819,0800,-1292, ,CFS
SHA,H,76,INFLOW,20110819,0900,788, ,CFS
SHA,H,76,INFLOW,20110819,1000,-4972, ,CFS
SHA,H,76,INFLOW,20110819,1100,5352, ,CFS
SHA,H,76,INFLOW,20110819,1200,2764, ,CFS
SHA,H,76,INFLOW,20110819,1300,3437, ,CFS
SHA,H,76,INFLOW,20110819,1400,6860, ,CFS
SHA,H,76,INFLOW,20110819,1500,4324, ,CFS
SHA,H,76,INFLOW,20110819,1600,7770, ,CFS
SHA,H,76,INFLOW,20110819,1700,10841, ,CFS
SHA,H,76,INFLOW,20110819,1800,4538, ,CFS
SHA,H,76,INFLOW,20110819,1900,7711, ,CFS
SHA,H,76,INFLOW,20110819,2000,8158, ,CFS
SHA,H,76,INFLOW,20110819,2100,4856, ,CFS
SHA,H,76,INFLOW,20110819,2200,5641, ,CFS
SHA,H,76,INFLOW,20110819,2300,3492, ,CFS
SHA,H,76,INFLOW,20110820,0000,3595, ,CFS
SHA,H,76,INFLOW,20110820,0100,2812, ,CFS
SHA,H,76,INFLOW,20110820,0200,2868, ,CFS
SHA,H,76,INFLOW,20110820,0300,-239, ,CFS
SHA,H,76,INFLOW,20110820,0400,3251, ,CFS
SHA,H,76,INFLOW,20110820,0500,46, ,CFS
SHA,H,76,INFLOW,20110820,0600,222, ,CFS
SHA,H,76,INFLOW,20110820,0700,2323, ,CFS
SHA,H,76,INFLOW,20110820,0800,-140, ,CFS
SHA,H,76,INFLOW,20110820,0900,213, ,CFS
SHA,H,76,INFLOW,20110820,1000,-2775, ,CFS
SHA,H,76,INFLOW,20110820,1100,6478, ,CFS
SHA,H,76,INFLOW,20110820,1200,6737, ,CFS
SHA,H,76,INFLOW,20110820,1300,4531, ,CFS
SHA,H,76,INFLOW,20110820,1400,4607, ,CFS
SHA,H,76,INFLOW,20110820,1500,7802, ,CFS
SHA,H,76,INFLOW,20110820,1600,1362, ,CFS
SHA,H,76,INFLOW,20110820,1700,11043, ,CFS
SHA,H,76,INFLOW,20110820,1800,5137, ,CFS
SHA,H,76,INFLOW,20110820,1900,7785, ,CFS
SHA,H,76,INFLOW,20110820,2000,3280, ,CFS
SHA,H,76,INFLOW,20110820,2100,3998, ,CFS
SHA,H,76,INFLOW,20110820,2200,4592, ,CFS
SHA,H,76,INFLOW,20110820,2300,4415, ,CFS
SHA,H,76,INFLOW,20110821,0000,1967, ,CFS
SHA,H,76,INFLOW,20110821,0100,5188, ,CFS
SHA,H,76,INFLOW,20110821,0200,492, ,CFS
SHA,H,76,INFLOW,20110821,0300,2631, ,CFS
SHA,H,76,INFLOW,20110821,0400,3056, ,CFS
SHA,H,76,INFLOW,20110821,0500,-162, ,CFS
SHA,H,76,INFLOW,20110821,0600,3201, ,CFS
SHA,H,76,INFLOW,20110821,0700,1554, ,CFS
SHA,H,76,INFLOW,20110821,0800,2004, ,CFS
SHA,H,76,INFLOW,20110821,0900,-1796, ,CFS
SHA,H,76,INFLOW,20110821,1000,-3056, ,CFS
SHA,H,76,INFLOW,20110821,1100,2314, ,CFS
SHA,H,76,INFLOW,20110821,1200,3001, ,CFS
SHA,H,76,INFLOW,20110821,1300,2681, ,CFS
SHA,H,76,INFLOW,20110821,1400,6650, ,CFS
SHA,H,76,INFLOW,20110821,1500,4572, ,CFS
SHA,H,76,INFLOW,20110821,1600,4693, ,CFS
SHA,H,76,INFLOW,20110821,1700,7933, ,CFS
SHA,H,76,INFLOW,20110821,1800,7858, ,CFS
SHA,H,76,INFLOW,20110821,1900,7469, ,CFS
SHA,H,76,INFLOW,20110821,2000,4781, ,CFS
SHA,H,76,INFLOW,20110821,2100,3352, ,CFS
SHA,H,76,INFLOW,20110821,2200,6078, ,CFS
SHA,H,76,INFLOW,20110821,2300,10603, ,CFS
SHA,H,76,INFLOW,20110822,0000,-2703, ,CFS
SHA,H,76,INFLOW,20110822,0100,9420, ,CFS
SHA,H,76,INFLOW,20110822,0200,-281, ,CFS
SHA,H,76,INFLOW,20110822,0300,-436, ,CFS
SHA,H,76,INFLOW,20110822,0400,5066, ,CFS
SHA,H,76,INFLOW,20110822,0500,-170, ,CFS
SHA,H,76,INFLOW,20110822,0600,133, ,CFS
SHA,H,76,INFLOW,20110822,0700,2909, ,CFS
SHA,H,76,INFLOW,20110822,0800,-402, ,CFS
SHA,H,76,INFLOW,20110822,0900,1338, ,CFS
SHA,H,76,INFLOW,20110822,1000,-281, ,CFS
SHA,H,76,INFLOW,20110822,1100,-1292, ,CFS
SHA,H,76,INFLOW,20110822,1200,3798, ,CFS
SHA,H,76,INFLOW,20110822,1300,5110, ,CFS
SHA,H,76,INFLOW,20110822,1400,3631, ,CFS
SHA,H,76,INFLOW,20110822,1500,4172, ,CFS
SHA,H,76,INFLOW,20110822,1600,3958, ,CFS
SHA,H,76,INFLOW,20110822,1700,10546, ,CFS
SHA,H,76,INFLOW,20110822,1800,7070, ,CFS
SHA,H,76,INFLOW,20110822,1900,6801, ,CFS
SHA,H,76,INFLOW,20110822,2000,7965, ,CFS
SHA,H,76,INFLOW,20110822,2100,3674, ,CFS
SHA,H,76,INFLOW,20110822,2200,5031, ,CFS
SHA,H,76,INFLOW,20110822,2300,2851, ,CFS
SHA,H,76,INFLOW,20110823,0000,4495, ,CFS
SHA,H,76,INFLOW,20110823,0100,2791, ,CFS
SHA,H,76,INFLOW,20110823,0200,2315, ,CFS
SHA,H,76,INFLOW,20110823,0300,-837, ,CFS
SHA,H,76,INFLOW,20110823,0400,5497, ,CFS
SHA,H,76,INFLOW,20110823,0500,-765, ,CFS
SHA,H,76,INFLOW,20110823,0600,2637, ,CFS
SHA,H,76,INFLOW,20110823,0700,925, ,CFS
SHA,H,76,INFLOW,20110823,0800,888, ,CFS
SHA,H,76,INFLOW,20110823,0900,-2584, ,CFS
SHA,H,76,INFLOW,20110823,1000,22, ,CFS
SHA,H,76,INFLOW,20110823,1100,2039, ,CFS
SHA,H,76,INFLOW,20110823,1200,4334, ,CFS
SHA,H,76,INFLOW,20110823,1300,4558, ,CFS
SHA,H,76,INFLOW,20110823,1400,7085, ,CFS
SHA,H,76,INFLOW,20110823,1500,4291, ,CFS
SHA,H,76,INFLOW,20110823,1600,8506, ,CFS
SHA,H,76,INFLOW,20110823,1700,7639, ,CFS
SHA,H,76,INFLOW,20110823,1800,7788, ,CFS
SHA,H,76,INFLOW,20110823,1900,11216, ,CFS
SHA,H,76,INFLOW,20110823,2000,10736, ,CFS
SHA,H,76,INFLOW,20110823,2100,447, ,CFS
SHA,H,76,INFLOW,20110823,2200,8480, ,CFS
SHA,H,76,INFLOW,20110823,2300,1768, ,CFS
SHA,H,76,INFLOW,20110824,0000,5949, ,CFS
SHA,H,76,INFLOW,20110824,0100,6662, ,CFS
SHA,H,76,INFLOW,20110824,0200,3003, ,CFS
SHA,H,76,INFLOW,20110824,0300,-3300, ,CFS
SHA,H,76,INFLOW,20110824,0400,6236, ,CFS
SHA,H,76,INFLOW,20110824,0500,-120, ,CFS
SHA,H,76,INFLOW,20110824,0600,-31, ,CFS
SHA,H,76,INFLOW,20110824,0700,4577, ,CFS
SHA,H,76,INFLOW,20110824,0800,-5716, ,CFS
SHA,H,76,INFLOW,20110824,0900,-1050, ,CFS
SHA,H,76,INFLOW,20110824,1000,2166, ,CFS
SHA,H,76,INFLOW,20110824,1100,6793, ,CFS
SHA,H,76,INFLOW,20110824,1200,7787, ,CFS
SHA,H,76,INFLOW,20110824,1300,1255, ,CFS
SHA,H,76,INFLOW,20110824,1400,3896, ,CFS
SHA,H,76,INFLOW,20110824,1500,6010, ,CFS
SHA,H,76,INFLOW,20110824,1600,3498, ,CFS
SHA,H,76,INFLOW,20110824,1700,10387, ,CFS
SHA,H,76,INFLOW,20110824,1800,6297, ,CFS
SHA,H,76,INFLOW,20110824,1900,6519, ,CFS
SHA,H,76,INFLOW,20110824,2000,7729, ,CFS
SHA,H,76,INFLOW,20110824,2100,4655, ,CFS
SHA,H,76,INFLOW,20110824,2200,6754, ,CFS
SHA,H,76,INFLOW,20110824,2300,379, ,CFS
SHA,H,76,INFLOW,20110825,0000,4803, ,CFS
SHA,H,76,INFLOW,20110825,0100,3127, ,CFS
SHA,H,76,INFLOW,20110825,0200,2521, ,CFS
SHA,H,76,INFLOW,20110825,0300,-376, ,CFS
SHA,H,76,INFLOW,20110825,0400,2731, ,CFS
SHA,H,76,INFLOW,20110825,0500,276, ,CFS
SHA,H,76,INFLOW,20110825,0600,405, ,CFS
SHA,H,76,INFLOW,20110825,0700,4489, ,CFS
SHA,H,76,INFLOW,20110825,0800,-1093, ,CFS
SHA,H,76,INFLOW,20110825,0900,-1317, ,CFS
SHA,H,76,INFLOW,20110825,1000,18, ,CFS
SHA,H,76,INFLOW,20110825,1100,-1206, ,CFS
SHA,H,76,INFLOW,20110825,1200,7676, ,CFS
SHA,H,76,INFLOW,20110825,1300,1724, ,CFS
SHA,H,76,INFLOW,20110825,1400,3748, ,CFS
SHA,H,76,INFLOW,20110825,1500,9440, ,CFS
SHA,H,76,INFLOW,20110825,1600,1067, ,CFS
SHA,H,76,INFLOW,20110825,1700,14123, ,CFS
SHA,H,76,INFLOW,20110825,1800,6669, ,CFS
SHA,H,76,INFLOW,20110825,1900,6637, ,CFS
SHA,H,76,INFLOW,20110825,2000,7366, ,CFS
SHA,H,76,INFLOW,20110825,2100,5393, ,CFS
SHA,H,76,INFLOW,20110825,2200,7352, ,CFS
SHA,H,76,INFLOW,20110825,2300,3437, ,CFS
SHA,H,76,INFLOW,20110826,0000,554, ,CFS
SHA,H,76,INFLOW,20110826,0100,4682, ,CFS
SHA,H,76,INFLOW,20110826,0200,817, ,CFS
SHA,H,76,INFLOW,20110826,0300,3219, ,CFS
SHA,H,76,INFLOW,20110826,0400,28, ,CFS
SHA,H,76,INFLOW,20110826,0500,117, ,CFS
SHA,H,76,INFLOW,20110826,0600,3518, ,CFS
SHA,H,76,INFLOW,20110826,0700,913, ,CFS
SHA,H,76,INFLOW,20110826,0800,336, ,CFS
SHA,H,76,INFLOW,20110826,0900,743, ,CFS
SHA,H,76,INFLOW,20110826,1000,-4726, ,CFS
SHA,H,76,INFLOW,20110826,1100,7663, ,CFS
SHA,H,76,INFLOW,20110826,1200,3635, ,CFS
SHA,H,76,INFLOW,20110826,1300,5057, ,CFS
SHA,H,76,INFLOW,20110826,1400,8469, ,CFS
SHA,H,76,INFLOW,20110826,1500,3190, ,CFS
SHA,H,76,INFLOW,20110826,1600,8692, ,CFS
SHA,H,76,INFLOW,20110826,1700,7161, ,CFS
SHA,H,76,INFLOW,20110826,1800,6592, ,CFS
SHA,H,76,INFLOW,20110826,1900,9610, ,CFS
SHA,H,76,INFLOW,20110826,2000,221, ,CFS
SHA,H,76,INFLOW,20110826,2100,7188, ,CFS
SHA,H,76,INFLOW,20110826,2200,6494, ,CFS
SHA,H,76,INFLOW,20110826,2300,2914, ,CFS
SHA,H,76,INFLOW,20110827,0000,3651, ,CFS
SHA,H,76,INFLOW,20110827,0100,8050, ,CFS
SHA,H,76,INFLOW,20110827,0200,-2343, ,CFS
SHA,H,76,INFLOW,20110827,0300,3757, ,CFS
SHA,H,76,INFLOW,20110827,0400,-2923, ,CFS
SHA,H,76,INFLOW,20110827,0500,-73, ,CFS
SHA,H,76,INFLOW,20110827,0600,3170, ,CFS
SHA,H,76,INFLOW,20110827,0700,-2681, ,CFS
SHA,H,76,INFLOW,20110827,0800,4197, ,CFS
SHA,H,76,INFLOW,20110827,0900,-2445, ,CFS
SHA,H,76,INFLOW,20110827,1000,-974, ,CFS
SHA,H,76,INFLOW,20110827,1100,-771, ,CFS
SHA,H,76,INFLOW,20110827,1200,3500, ,CFS
SHA,H,76,INFLOW,20110827,1300,3000, ,CFS
SHA,H,76,INFLOW,20110827,1400,6241, ,CFS
SHA,H,76,INFLOW,20110827,1500,4150, ,CFS
SHA,H,76,INFLOW,20110827,1600,4216, ,CFS
SHA,H,76,INFLOW,20110827,1700,10314, ,CFS
SHA,H,76,INFLOW,20110827,1800,6534, ,CFS
SHA,H,76,INFLOW,20110827,1900,10003, ,CFS
SHA,H,76,INFLOW,20110827,2000,2868, ,CFS
SHA,H,76,INFLOW,20110827,2100,10201, ,CFS
SHA,H,76,INFLOW,20110827,2200,898, ,CFS
SHA,H,76,INFLOW,20110827,2300,7364, ,CFS
SHA,H,76,INFLOW,20110828,0000,2653, ,CFS
SHA,H,76,INFLOW,20110828,0100,2108, ,CFS
SHA,H,76,INFLOW,20110828,0200,-2309, ,CFS
SHA,H,76,INFLOW,20110828,0300,3158, ,CFS
SHA,H,76,INFLOW,20110828,0400,-138, ,CFS
SHA,H,76,INFLOW,20110828,0500,-146, ,CFS
SHA,H,76,INFLOW,20110828,0600,2950, ,CFS
SHA,H,76,INFLOW,20110828,0700,706, ,CFS
SHA,H,76,INFLOW,20110828,0800,-56, ,CFS
SHA,H,76,INFLOW,20110828,0900,-1026, ,CFS
SHA,H,76,INFLOW,20110828,1000,-2073, ,CFS
SHA,H,76,INFLOW,20110828,1100,-737, ,CFS
SHA,H,76,INFLOW,20110828,1200,2542, ,CFS
SHA,H,76,INFLOW,20110828,1300,2935, ,CFS
SHA,H,76,INFLOW,20110828,1400,6423, ,CFS
SHA,H,76,INFLOW,20110828,1500,6013, ,CFS
SHA,H,76,INFLOW,20110828,1600,3410, ,CFS
SHA,H,76,INFLOW,20110828,1700,6881, ,CFS
SHA,H,76,INFLOW,20110828,1800,6832, ,CFS
SHA,H,76,INFLOW,20110828,1900,10051, ,CFS
SHA,H,76,INFLOW,20110828,2000,6803, ,CFS
SHA,H,76,INFLOW,20110828,2100,3675, ,CFS
SHA,H,76,INFLOW,20110828,2200,7551, ,CFS
SHA,H,76,INFLOW,20110828,2300,1145, ,CFS
SHA,H,76,INFLOW,20110829,0000,3940, ,CFS
SHA,H,76,INFLOW,20110829,0100,798, ,CFS
SHA,H,76,INFLOW,20110829,0200,-298, ,CFS
SHA,H,76,INFLOW,20110829,0300,2551, ,CFS
SHA,H,76,INFLOW,20110829,0400,-675, ,CFS
SHA,H,76,INFLOW,20110829,0500,-669, ,CFS
SHA,H,76,INFLOW,20110829,0600,2473, ,CFS
SHA,H,76,INFLOW,20110829,0700,-285, ,CFS
SHA,H,76,INFLOW,20110829,0800,2436, ,CFS
SHA,H,76,INFLOW,20110829,0900,-2531, ,CFS
SHA,H,76,INFLOW,20110829,1000,640, ,CFS
SHA,H,76,INFLOW,20110829,1100,170, ,CFS
SHA,H,76,INFLOW,20110829,1200,5977, ,CFS
SHA,H,76,INFLOW,20110829,1300,7552, ,CFS
SHA,H,76,INFLOW,20110829,1400,2254, ,CFS
SHA,H,76,INFLOW,20110829,1500,4819, ,CFS
SHA,H,76,INFLOW,20110829,1600,5546, ,CFS
SHA,H,76,INFLOW,20110829,1700,7199, ,CFS
SHA,H,76,INFLOW,20110829,1800,11267, ,CFS
SHA,H,76,INFLOW,20110829,1900,6587, ,CFS
SHA,H,76,INFLOW,20110829,2000,7603, ,CFS
SHA,H,76,INFLOW,20110829,2100,4965, ,CFS
SHA,H,76,INFLOW,20110829,2200,4921, ,CFS
SHA,H,76,INFLOW,20110829,2300,3927, ,CFS
SHA,H,76,INFLOW,20110830,0000,2077, ,CFS
SHA,H,76,INFLOW,20110830,0100,3630, ,CFS
SHA,H,76,INFLOW,20110830,0200,6188, ,CFS
SHA,H,76,INFLOW,20110830,0300,-3222, ,CFS
SHA,H,76,INFLOW,20110830,0400,3038, ,CFS
SHA,H,76,INFLOW,20110830,0500,-394, ,CFS
SHA,H,76,INFLOW,20110830,0600,-158, ,CFS
SHA,H,76,INFLOW,20110830,0700,910, ,CFS
SHA,H,76,INFLOW,20110830,0800,69, ,CFS
SHA,H,76,INFLOW,20110830,0900,-2482, ,CFS
SHA,H,76,INFLOW,20110830,1000,638, ,CFS
SHA,H,76,INFLOW,20110830,1100,346, ,CFS
SHA,H,76,INFLOW,20110830,1200,6445, ,CFS
SHA,H,76,INFLOW,20110830,1300,5613, ,CFS
SHA,H,76,INFLOW,20110830,1400,5513, ,CFS
SHA,H,76,INFLOW,20110830,1500,8181, ,CFS
SHA,H,76,INFLOW,20110830,1600,1744, ,CFS
SHA,H,76,INFLOW,20110830,1700,8632, ,CFS
SHA,H,76,INFLOW,20110830,1800,8065, ,CFS
SHA,H,76,INFLOW,20110830,1900,6235, ,CFS
SHA,H,76,INFLOW,20110830,2000,8792, ,CFS
SHA,H,76,INFLOW,20110830,2100,6199, ,CFS
SHA,H,76,INFLOW,20110830,2200,3260, ,CFS
SHA,H,76,INFLOW,20110830,2300,3041, ,CFS
SHA,H,76,INFLOW,20110831,0000,1171, ,CFS
SHA,H,76,INFLOW,20110831,0100,3215, ,CFS
SHA,H,76,INFLOW,20110831,0200,3119, ,CFS
SHA,H,76,INFLOW,20110831,0300,5, ,CFS
SHA,H,76,INFLOW,20110831,0400,-5, ,CFS
SHA,H,76,INFLOW,20110831,0500,3097, ,CFS
SHA,H,76,INFLOW,20110831,0600,47, ,CFS
SHA,H,76,INFLOW,20110831,0700,1007, ,CFS
SHA,H,76,INFLOW,20110831,0800,-647, ,CFS
SHA,H,76,INFLOW,20110831,0900,-770, ,CFS
SHA,H,76,INFLOW,20110831,1000,-5825, ,CFS
SHA,H,76,INFLOW,20110831,1100,7582, ,CFS
SHA,H,76,INFLOW,20110831,1200,4836, ,CFS
SHA,H,76,INFLOW,20110831,1300,4788, ,CFS
SHA,H,76,INFLOW,20110831,1400,4126, ,CFS
SHA,H,76,INFLOW,20110831,1500,5034, ,CFS
SHA,H,76,INFLOW,20110831,1600,5393, ,CFS
SHA,H,76,INFLOW,20110831,1700,8147, ,CFS
SHA,H,76,INFLOW,20110831,1800,7347, ,CFS
SHA,H,76,INFLOW,20110831,1900,6480, ,CFS
SHA,H,76,INFLOW,20110831,2000,7842, ,CFS
SHA,H,76,INFLOW,20110831,2100,7079, ,CFS
SHA,H,76,INFLOW,20110831,2200,5073, ,CFS
SHA,H,76,INFLOW,20110831,2300,5066, ,CFS
SHA,H,76,INFLOW,20110901,0000,-2828, ,CFS
SHA,H,76,INFLOW,20110901,0100,4904, ,CFS
SHA,H,76,INFLOW,20110901,0200,1344, ,CFS
SHA,H,76,INFLOW,20110901,0300,3121, ,CFS
SHA,H,76,INFLOW,20110901,0400,-2, ,CFS
SHA,H,76,INFLOW,20110901,0500,3115, ,CFS
SHA,H,76,INFLOW,20110901,0600,3291, ,CFS
SHA,H,76,INFLOW,20110901,0700,-3565, ,CFS
SHA,H,76,INFLOW,20110901,0800,3088, ,CFS
SHA,H,76,INFLOW,20110901,0900,-2805, ,CFS
SHA,H,76,INFLOW,20110901,1000,52, ,CFS
SHA,H,76,INFLOW,20110901,1100,2553, ,CFS
SHA,H,76,INFLOW,20110901,1200,-963, ,CFS
SHA,H,76,INFLOW,20110901,1300,8297, ,CFS
SHA,H,76,INFLOW,20110901,1400,1863, ,CFS
SHA,H,76,INFLOW,20110901,1500,2824, ,CFS
SHA,H,76,INFLOW,20110901,1600,6004, ,CFS
SHA,H,76,INFLOW,20110901,1700,9106, ,CFS
SHA,H,76,INFLOW,20110901,1800,8179, ,CFS
SHA,H,76,INFLOW,20110901,1900,3557, ,CFS
SHA,H,76,INFLOW,20110901,2000,11070, ,CFS
SHA,H,76,INFLOW,20110901,2100,10744, ,CFS
SHA,H,76,INFLOW,20110901,2200,-2233, ,CFS
SHA,H,76,INFLOW,20110901,2300,7692, ,CFS
SHA,H,76,INFLOW,20110902,0000,4375, ,CFS
SHA,H,76,INFLOW,20110902,0100,3667, ,CFS
SHA,H,76,INFLOW,20110902,0200,2570, ,CFS
SHA,H,76,INFLOW,20110902,0300,-834, ,CFS
SHA,H,76,INFLOW,20110902,0400,-3969, ,CFS
SHA,H,76,INFLOW,20110902,0500,5224, ,CFS
SHA,H,76,INFLOW,20110902,0600,1664, ,CFS
SHA,H,76,INFLOW,20110902,0700,-2280, ,CFS
SHA,H,76,INFLOW,20110902,0800,6163, ,CFS
SHA,H,76,INFLOW,20110902,0900,-3420, ,CFS
SHA,H,76,INFLOW,20110902,1000,-3150, ,CFS
SHA,H,76,INFLOW,20110902,1100,2313, ,CFS
SHA,H,76,INFLOW,20110902,1200,2386, ,CFS
SHA,H,76,INFLOW,20110902,1300,5332, ,CFS
SHA,H,76,INFLOW,20110902,1400,5904, ,CFS
SHA,H,76,INFLOW,20110902,1500,8611, ,CFS
SHA,H,76,INFLOW,20110902,1600,-892, ,CFS
SHA,H,76,INFLOW,20110902,1700,8242, ,CFS
SHA,H,76,INFLOW,20110902,1800,6899, ,CFS
SHA,H,76,INFLOW,20110902,1900,6520, ,CFS
SHA,H,76,INFLOW,20110902,2000,9789, ,CFS
SHA,H,76,INFLOW,20110902,2100,6563, ,CFS
SHA,H,76,INFLOW,20110902,2200,3566, ,CFS
SHA,H,76,INFLOW,20110902,2300,2698, ,CFS
SHA,H,76,INFLOW,20110903,0000,3085, ,CFS
SHA,H,76,INFLOW,20110903,0100,6781, ,CFS
SHA,H,76,INFLOW,20110903,0200,2445, ,CFS
SHA,H,76,INFLOW,20110903,0300,-792, ,CFS
SHA,H,76,INFLOW,20110903,0400,-954, ,CFS
SHA,H,76,INFLOW,20110903,0500,5832, ,CFS
SHA,H,76,INFLOW,20110903,0600,-894, ,CFS
SHA,H,76,INFLOW,20110903,0700,2084, ,CFS
SHA,H,76,INFLOW,20110903,0800,2059, ,CFS
SHA,H,76,INFLOW,20110903,0900,-952, ,CFS
SHA,H,76,INFLOW,20110903,1000,-2967, ,CFS
SHA,H,76,INFLOW,20110903,1100,2254, ,CFS
SHA,H,76,INFLOW,20110903,1200,-4439, ,CFS
SHA,H,76,INFLOW,20110903,1300,2610, ,CFS
SHA,H,76,INFLOW,20110903,1400,-1391, ,CFS
SHA,H,76,INFLOW,20110903,1500,6269, ,CFS
SHA,H,76,INFLOW,20110903,1600,-1026, ,CFS
SHA,H,76,INFLOW,20110903,1700,4690, ,CFS
SHA,H,76,INFLOW,20110903,1800,1295, ,CFS
SHA,H,76,INFLOW,20110903,1900,5718, ,CFS
SHA,H,76,INFLOW,20110903,2000,4123, ,CFS
SHA,H,76,INFLOW,20110903,2100,8328, ,CFS
SHA,H,76,INFLOW,20110903,2200,4788, ,CFS
SHA,H,76,INFLOW,20110903,2300,785, ,CFS
SHA,H,76,INFLOW,20110904,0000,6817, ,CFS
SHA,H,76,INFLOW,20110904,0100,3530, ,CFS
SHA,H,76,INFLOW,20110904,0200,648, ,CFS
SHA,H,76,INFLOW,20110904,0300,3249, ,CFS
SHA,H,76,INFLOW,20110904,0400,-465, ,CFS
SHA,H,76,INFLOW,20110904,0500,2600, ,CFS
SHA,H,76,INFLOW,20110904,0600,2585, ,CFS
SHA,H,76,INFLOW,20110904,0700,-532, ,CFS
SHA,H,76,INFLOW,20110904,0800,2823, ,CFS
SHA,H,76,INFLOW,20110904,0900,-92, ,CFS
SHA,H,76,INFLOW,20110904,1000,-2477, ,CFS
SHA,H,76,INFLOW,20110904,1100,3128, ,CFS
SHA,H,76,INFLOW,20110904,1200,-3193, ,CFS
SHA,H,76,INFLOW,20110904,1300,3378, ,CFS
SHA,H,76,INFLOW,20110904,1400,4848, ,CFS
SHA,H,76,INFLOW,20110904,1500,5290, ,CFS
SHA,H,76,INFLOW,20110904,1600,2388, ,CFS
SHA,H,76,INFLOW,20110904,1700,11666, ,CFS
SHA,H,76,INFLOW,20110904,1800,8671, ,CFS
SHA,H,76,INFLOW,20110904,1900,5486, ,CFS
SHA,H,76,INFLOW,20110904,2000,4869, ,CFS
SHA,H,76,INFLOW,20110904,2100,4376, ,CFS
SHA,H,76,INFLOW,20110904,2200,4350, ,CFS
SHA,H,76,INFLOW,20110904,2300,8457, ,CFS
SHA,H,76,INFLOW,20110905,0000,-3208, ,CFS
SHA,H,76,INFLOW,20110905,0100,9564, ,CFS
SHA,H,76,INFLOW,20110905,0200,858, ,CFS
SHA,H,76,INFLOW,20110905,0300,1052, ,CFS
SHA,H,76,INFLOW,20110905,0400,3954, ,CFS
SHA,H,76,INFLOW,20110905,0500,790, ,CFS
SHA,H,76,INFLOW,20110905,0600,-440, ,CFS
SHA,H,76,INFLOW,20110905,0700,2228, ,CFS
SHA,H,76,INFLOW,20110905,0800,-144, ,CFS
SHA,H,76,INFLOW,20110905,0900,2711, ,CFS
SHA,H,76,INFLOW,20110905,1000,-3011, ,CFS
SHA,H,76,INFLOW,20110905,1100,43, ,CFS
SHA,H,76,INFLOW,20110905,1200,4828, ,CFS
SHA,H,76,INFLOW,20110905,1300,340, ,CFS
SHA,H,76,INFLOW,20110905,1400,5321, ,CFS
SHA,H,76,INFLOW,20110905,1500,4846, ,CFS
SHA,H,76,INFLOW,20110905,1600,5852, ,CFS
SHA,H,76,INFLOW,20110905,1700,9170, ,CFS
SHA,H,76,INFLOW,20110905,1800,5708, ,CFS
SHA,H,76,INFLOW,20110905,1900,8796, ,CFS
SHA,H,76,INFLOW,20110905,2000,8458, ,CFS
SHA,H,76,INFLOW,20110905,2100,1139, ,CFS
SHA,H,76,INFLOW,20110905,2200,4541, ,CFS
SHA,H,76,INFLOW,20110905,2300,8305, ,CFS
SHA,H,76,INFLOW,20110906,0000,2976, ,CFS
SHA,H,76,INFLOW,20110906,0100,4552, ,CFS
SHA,H,76,INFLOW,20110906,0200,703, ,CFS
SHA,H,76,INFLOW,20110906,0300,2119, ,CFS
SHA,H,76,INFLOW,20110906,0400,1598, ,CFS
SHA,H,76,INFLOW,20110906,0500,-867, ,CFS
SHA,H,76,INFLOW,20110906,0600,2582, ,CFS
SHA,H,76,INFLOW,20110906,0700,2228, ,CFS
SHA,H,76,INFLOW,20110906,0800,-8, ,CFS
SHA,H,76,INFLOW,20110906,0900,2228, ,CFS
SHA,H,76,INFLOW,20110906,1000,-6494, ,CFS
SHA,H,76,INFLOW,20110906,1100,3666, ,CFS
SHA,H,76,INFLOW,20110906,1200,4151, ,CFS
SHA,H,76,INFLOW,20110906,1300,3996, ,CFS
SHA,H,76,INFLOW,20110906,1400,4442, ,CFS
SHA,H,76,INFLOW,20110906,1500,4543, ,CFS
SHA,H,76,INFLOW,20110906,1600,4821, ,CFS
SHA,H,76,INFLOW,20110906,1700,10891, ,CFS
SHA,H,76,INFLOW,20110906,1800,6940, ,CFS
SHA,H,76,INFLOW,20110906,1900,10141, ,CFS
SHA,H,76,INFLOW,20110906,2000,4333, ,CFS
SHA,H,76,INFLOW,20110906,2100,7657, ,CFS
SHA,H,76,INFLOW,20110906,2200,1406, ,CFS
SHA,H,76,INFLOW,20110906,2300,8796, ,CFS
SHA,H,76,INFLOW,20110907,0000,556, ,CFS
SHA,H,76,INFLOW,20110907,0100,6930, ,CFS
SHA,H,76,INFLOW,20110907,0200,-58, ,CFS
SHA,H,76,INFLOW,20110907,0300,2694, ,CFS
SHA,H,76,INFLOW,20110907,0400,2460, ,CFS
SHA,H,76,INFLOW,20110907,0500,-379, ,CFS
SHA,H,76,INFLOW,20110907,0600,2762, ,CFS
SHA,H,76,INFLOW,20110907,0700,2855, ,CFS
SHA,H,76,INFLOW,20110907,0800,-157, ,CFS
SHA,H,76,INFLOW,20110907,0900,-153, ,CFS
SHA,H,76,INFLOW,20110907,1000,-1196, ,CFS
SHA,H,76,INFLOW,20110907,1100,1498, ,CFS
SHA,H,76,INFLOW,20110907,1200,6456, ,CFS
SHA,H,76,INFLOW,20110907,1300,-1169, ,CFS
SHA,H,76,INFLOW,20110907,1400,6471, ,CFS
SHA,H,76,INFLOW,20110907,1500,5851, ,CFS
SHA,H,76,INFLOW,20110907,1600,2765, ,CFS
SHA,H,76,INFLOW,20110907,1700,11932, ,CFS
SHA,H,76,INFLOW,20110907,1800,5350, ,CFS
SHA,H,76,INFLOW,20110907,1900,7146, ,CFS
SHA,H,76,INFLOW,20110907,2000,8042, ,CFS
SHA,H,76,INFLOW,20110907,2100,7730, ,CFS
SHA,H,76,INFLOW,20110907,2200,5140, ,CFS
SHA,H,76,INFLOW,20110907,2300,-336, ,CFS
SHA,H,76,INFLOW,20110908,0000,11675, ,CFS
SHA,H,76,INFLOW,20110908,0100,819, ,CFS
SHA,H,76,INFLOW,20110908,0200,2103, ,CFS
SHA,H,76,INFLOW,20110908,0300,-1145, ,CFS
SHA,H,76,INFLOW,20110908,0400,1985, ,CFS
SHA,H,76,INFLOW,20110908,0500,2048, ,CFS
SHA,H,76,INFLOW,20110908,0600,2900, ,CFS
SHA,H,76,INFLOW,20110908,0700,912, ,CFS
SHA,H,76,INFLOW,20110908,0800,4104, ,CFS
SHA,H,76,INFLOW,20110908,0900,-1488, ,CFS
SHA,H,76,INFLOW,20110908,1000,1020, ,CFS
SHA,H,76,INFLOW,20110908,1100,-1708, ,CFS
SHA,H,76,INFLOW,20110908,1200,1794, ,CFS
SHA,H,76,INFLOW,20110908,1300,5862, ,CFS
SHA,H,76,INFLOW,20110908,1400,4821, ,CFS
SHA,H,76,INFLOW,20110908,1500,4670, ,CFS
SHA,H,76,INFLOW,20110908,1600,1327, ,CFS
SHA,H,76,INFLOW,20110908,1700,13386, ,CFS
SHA,H,76,INFLOW,20110908,1800,3507, ,CFS
SHA,H,76,INFLOW,20110908,1900,2849, ,CFS
SHA,H,76,INFLOW,20110908,2000,10403, ,CFS
SHA,H,76,INFLOW,20110908,2100,7291, ,CFS
SHA,H,76,INFLOW,20110908,2200,3939, ,CFS
SHA,H,76,INFLOW,20110908,2300,733, ,CFS
SHA,H,76,INFLOW,20110909,0000,10653, ,CFS
SHA,H,76,INFLOW,20110909,0100,3779, ,CFS
SHA,H,76,INFLOW,20110909,0200,2709, ,CFS
SHA,H,76,INFLOW,20110909,0300,2488, ,CFS
SHA,H,76,INFLOW,20110909,0400,-3557, ,CFS
SHA,H,76,INFLOW,20110909,0500,5829, ,CFS
SHA,H,76,INFLOW,20110909,0600,30, ,CFS
SHA,H,76,INFLOW,20110909,0700,-1429, ,CFS
SHA,H,76,INFLOW,20110909,0800,5524, ,CFS
SHA,H,76,INFLOW,20110909,0900,-333, ,CFS
SHA,H,76,INFLOW,20110909,1000,-2444, ,CFS
SHA,H,76,INFLOW,20110909,1100,2048, ,CFS
SHA,H,76,INFLOW,20110909,1200,-1425, ,CFS
SHA,H,76,INFLOW,20110909,1300,8022, ,CFS
SHA,H,76,INFLOW,20110909,1400,-2266, ,CFS
SHA,H,76,INFLOW,20110909,1500,4705, ,CFS
SHA,H,76,INFLOW,20110909,1600,7583, ,CFS
SHA,H,76,INFLOW,20110909,1700,13760, ,CFS
SHA,H,76,INFLOW,20110909,1800,845, ,CFS
SHA,H,76,INFLOW,20110909,1900,9966, ,CFS
SHA,H,76,INFLOW,20110909,2000,5850, ,CFS
SHA,H,76,INFLOW,20110909,2100,8718, ,CFS
SHA,H,76,INFLOW,20110909,2200,4618, ,CFS
SHA,H,76,INFLOW,20110909,2300,1101, ,CFS
SHA,H,76,INFLOW,20110910,0000,8255, ,CFS
SHA,H,76,INFLOW,20110910,0100,683, ,CFS
SHA,H,76,INFLOW,20110910,0200,3583, ,CFS
SHA,H,76,INFLOW,20110910,0300,19, ,CFS
SHA,H,76,INFLOW,20110910,0400,3096, ,CFS
SHA,H,76,INFLOW,20110910,0500,3105, ,CFS
SHA,H,76,INFLOW,20110910,0600,10, ,CFS
SHA,H,76,INFLOW,20110910,0700,3120, ,CFS
SHA,H,76,INFLOW,20110910,0800,3365, ,CFS
SHA,H,76,INFLOW,20110910,0900,2283, ,CFS
SHA,H,76,INFLOW,20110910,1000,-2290, ,CFS
SHA,H,76,INFLOW,20110910,1100,2277, ,CFS
SHA,H,76,INFLOW,20110910,1200,-1960, ,CFS
SHA,H,76,INFLOW,20110910,1300,-1525, ,CFS
SHA,H,76,INFLOW,20110910,1400,3005, ,CFS
SHA,H,76,INFLOW,20110910,1500,1224, ,CFS
SHA,H,76,INFLOW,20110910,1600,7569, ,CFS
SHA,H,76,INFLOW,20110910,1700,11037, ,CFS
SHA,H,76,INFLOW,20110910,1800,7299, ,CFS
SHA,H,76,INFLOW,20110910,1900,7235, ,CFS
SHA,H,76,INFLOW,20110910,2000,9602, ,CFS
SHA,H,76,INFLOW,20110910,2100,5719, ,CFS
SHA,H,76,INFLOW,20110910,2200,2454, ,CFS
SHA,H,76,INFLOW,20110910,2300,5277, ,CFS
SHA,H,76,INFLOW,20110911,0000,5387, ,CFS
SHA,H,76,INFLOW,20110911,0100,5763, ,CFS
SHA,H,76,INFLOW,20110911,0200,3251, ,CFS
SHA,H,76,INFLOW,20110911,0300,3084, ,CFS
SHA,H,76,INFLOW,20110911,0400,47, ,CFS
SHA,H,76,INFLOW,20110911,0500,33, ,CFS
SHA,H,76,INFLOW,20110911,0600,3116, ,CFS
SHA,H,76,INFLOW,20110911,0700,1256, ,CFS
SHA,H,76,INFLOW,20110911,0800,-895, ,CFS
SHA,H,76,INFLOW,20110911,0900,3043, ,CFS
SHA,H,76,INFLOW,20110911,1000,-922, ,CFS
SHA,H,76,INFLOW,20110911,1100,4337, ,CFS
SHA,H,76,INFLOW,20110911,1200,-1403, ,CFS
SHA,H,76,INFLOW,20110911,1300,2904, ,CFS
SHA,H,76,INFLOW,20110911,1400,3536, ,CFS
SHA,H,76,INFLOW,20110911,1500,3553, ,CFS
SHA,H,76,INFLOW,20110911,1600,6749, ,CFS
SHA,H,76,INFLOW,20110911,1700,4062, ,CFS
SHA,H,76,INFLOW,20110911,1800,7129, ,CFS
SHA,H,76,INFLOW,20110911,1900,9989, ,CFS
SHA,H,76,INFLOW,20110911,2000,10187, ,CFS
SHA,H,76,INFLOW,20110911,2100,812, ,CFS
SHA,H,76,INFLOW,20110911,2200,15383, ,CFS
SHA,H,76,INFLOW,20110911,2300,-8633, ,CFS
SHA,H,76,INFLOW,20110912,0000,10505, ,CFS
SHA,H,76,INFLOW,20110912,0100,-5395, ,CFS
SHA,H,76,INFLOW,20110912,0200,8947, ,CFS
SHA,H,76,INFLOW,20110912,0300,6080, ,CFS
SHA,H,76,INFLOW,20110912,0400,-3005, ,CFS
SHA,H,76,INFLOW,20110912,0500,6117, ,CFS
SHA,H,76,INFLOW,20110912,0600,363, ,CFS
SHA,H,76,INFLOW,20110912,0700,406, ,CFS
SHA,H,76,INFLOW,20110912,0800,6741, ,CFS
SHA,H,76,INFLOW,20110912,0900,-4280, ,CFS
SHA,H,76,INFLOW,20110912,1000,-350, ,CFS
SHA,H,76,INFLOW,20110912,1100,3227, ,CFS
SHA,H,76,INFLOW,20110912,1200,593, ,CFS
SHA,H,76,INFLOW,20110912,1300,7338, ,CFS
SHA,H,76,INFLOW,20110912,1400,2697, ,CFS
SHA,H,76,INFLOW,20110912,1500,4852, ,CFS
SHA,H,76,INFLOW,20110912,1600,6761, ,CFS
SHA,H,76,INFLOW,20110912,1700,6852, ,CFS
SHA,H,76,INFLOW,20110912,1800,6511, ,CFS
SHA,H,76,INFLOW,20110912,1900,6450, ,CFS
SHA,H,76,INFLOW,20110912,2000,15573, ,CFS
SHA,H,76,INFLOW,20110912,2100,13071, ,CFS
SHA,H,76,INFLOW,20110912,2200,2627, ,CFS
SHA,H,76,INFLOW,20110912,2300,82, ,CFS
SHA,H,76,INFLOW,20110913,0000,6726, ,CFS
SHA,H,76,INFLOW,20110913,0100,-2505, ,CFS
SHA,H,76,INFLOW,20110913,0200,3766, ,CFS
SHA,H,76,INFLOW,20110913,0300,4042, ,CFS
SHA,H,76,INFLOW,20110913,0400,-2024, ,CFS
SHA,H,76,INFLOW,20110913,0500,7329, ,CFS
SHA,H,76,INFLOW,20110913,0600,-1349, ,CFS
SHA,H,76,INFLOW,20110913,0700,2108, ,CFS
SHA,H,76,INFLOW,20110913,0800,2828, ,CFS
SHA,H,76,INFLOW,20110913,0900,-2856, ,CFS
SHA,H,76,INFLOW,20110913,1000,2908, ,CFS
SHA,H,76,INFLOW,20110913,1100,-3715, ,CFS
SHA,H,76,INFLOW,20110913,1200,4786, ,CFS
SHA,H,76,INFLOW,20110913,1300,6143, ,CFS
SHA,H,76,INFLOW,20110913,1400,3006, ,CFS
SHA,H,76,INFLOW,20110913,1500,5002, ,CFS
SHA,H,76,INFLOW,20110913,1600,4368, ,CFS
SHA,H,76,INFLOW,20110913,1700,4534, ,CFS
SHA,H,76,INFLOW,20110913,1800,7417, ,CFS
SHA,H,76,INFLOW,20110913,1900,8606, ,CFS
SHA,H,76,INFLOW,20110913,2000,7766, ,CFS
SHA,H,76,INFLOW,20110913,2100,6953, ,CFS
SHA,H,76,INFLOW,20110913,2200,6079, ,CFS
SHA,H,76,INFLOW,20110913,2300,64, ,CFS
SHA,H,76,INFLOW,20110914,0000,7360, ,CFS
SHA,H,76,INFLOW,20110914,0100,1640, ,CFS
SHA,H,76,INFLOW,20110914,0200,1532, ,CFS
SHA,H,76,INFLOW,20110914,0300,1832, ,CFS
SHA,H,76,INFLOW,20110914,0400,1941, ,CFS
SHA,H,76,INFLOW,20110914,0500,-1071, ,CFS
SHA,H,76,INFLOW,20110914,0600,4932, ,CFS
SHA,H,76,INFLOW,20110914,0700,-3497, ,CFS
SHA,H,76,INFLOW,20110914,0800,2866, ,CFS
SHA,H,76,INFLOW,20110914,0900,-2923, ,CFS
SHA,H,76,INFLOW,20110914,1000,472, ,CFS
SHA,H,76,INFLOW,20110914,1100,1082, ,CFS
SHA,H,76,INFLOW,20110914,1200,705, ,CFS
SHA,H,76,INFLOW,20110914,1300,2381, ,CFS
SHA,H,76,INFLOW,20110914,1400,7838, ,CFS
SHA,H,76,INFLOW,20110914,1500,11638, ,CFS
SHA,H,76,INFLOW,20110914,1600,8604, ,CFS
SHA,H,76,INFLOW,20110914,1700,10960, ,CFS
SHA,H,76,INFLOW,20110914,1800,10884, ,CFS
SHA,H,76,INFLOW,20110914,1900,11967, ,CFS
SHA,H,76,INFLOW,20110914,2000,11268, ,CFS
SHA,H,76,INFLOW,20110914,2100,9937, ,CFS
SHA,H,76,INFLOW,20110914,2200,5452, ,CFS
SHA,H,76,INFLOW,20110914,2300,11724, ,CFS
SHA,H,76,INFLOW,20110915,0000,6669, ,CFS
SHA,H,76,INFLOW,20110915,0100,6094, ,CFS
SHA,H,76,INFLOW,20110915,0200,8848, ,CFS
SHA,H,76,INFLOW,20110915,0300,5990, ,CFS
SHA,H,76,INFLOW,20110915,0400,3069, ,CFS
SHA,H,76,INFLOW,20110915,0500,9133, ,CFS
SHA,H,76,INFLOW,20110915,0600,3402, ,CFS
SHA,H,76,INFLOW,20110915,0700,5107, ,CFS
SHA,H,76,INFLOW,20110915,0800,7823, ,CFS
SHA,H,76,INFLOW,20110915,0900,236, ,CFS
SHA,H,76,INFLOW,20110915,1000,2176, ,CFS
SHA,H,76,INFLOW,20110915,1100,-1532, ,CFS
SHA,H,76,INFLOW,20110915,1200,3685, ,CFS
SHA,H,76,INFLOW,20110915,1300,5809, ,CFS
SHA,H,76,INFLOW,20110915,1400,1466, ,CFS
SHA,H,76,INFLOW,20110915,1500,4971, ,CFS
SHA,H,76,INFLOW,20110915,1600,1660, ,CFS
SHA,H,76,INFLOW,20110915,1700,6699, ,CFS
SHA,H,76,INFLOW,20110915,1800,5113, ,CFS
SHA,H,76,INFLOW,20110915,1900,7137, ,CFS
SHA,H,76,INFLOW,20110915,2000,7620, ,CFS
SHA,H,76,INFLOW,20110915,2100,6434, ,CFS
SHA,H,76,INFLOW,20110915,2200,8683, ,CFS
SHA,H,76,INFLOW,20110915,2300,1144, ,CFS
SHA,H,76,INFLOW,20110916,0000,7379, ,CFS
SHA,H,76,INFLOW,20110916,0100,1202, ,CFS
SHA,H,76,INFLOW,20110916,0200,5539, ,CFS
SHA,H,76,INFLOW,20110916,0300,-643, ,CFS
SHA,H,76,INFLOW,20110916,0400,2185, ,CFS
SHA,H,76,INFLOW,20110916,0500,2329, ,CFS
SHA,H,76,INFLOW,20110916,0600,2480, ,CFS
SHA,H,76,INFLOW,20110916,0700,477, ,CFS
SHA,H,76,INFLOW,20110916,0800,386, ,CFS
SHA,H,76,INFLOW,20110916,0900,1153, ,CFS
SHA,H,76,INFLOW,20110916,1000,1668, ,CFS
SHA,H,76,INFLOW,20110916,1100,822, ,CFS
SHA,H,76,INFLOW,20110916,1200,1612, ,CFS
SHA,H,76,INFLOW,20110916,1300,4105, ,CFS
SHA,H,76,INFLOW,20110916,1400,5573, ,CFS
SHA,H,76,INFLOW,20110916,1500,3983, ,CFS
SHA,H,76,INFLOW,20110916,1600,4194, ,CFS
SHA,H,76,INFLOW,20110916,1700,10157, ,CFS
SHA,H,76,INFLOW,20110916,1800,3617, ,CFS
SHA,H,76,INFLOW,20110916,1900,3603, ,CFS
SHA,H,76,INFLOW,20110916,2000,12225, ,CFS
SHA,H,76,INFLOW,20110916,2100,5961, ,CFS
SHA,H,76,INFLOW,20110916,2200,2961, ,CFS
SHA,H,76,INFLOW,20110916,2300,2233, ,CFS
SHA,H,76,INFLOW,20110917,0000,6653, ,CFS
SHA,H,76,INFLOW,20110917,0100,2848, ,CFS
SHA,H,76,INFLOW,20110917,0200,3615, ,CFS
SHA,H,76,INFLOW,20110917,0300,560, ,CFS
SHA,H,76,INFLOW,20110917,0400,505, ,CFS
SHA,H,76,INFLOW,20110917,0500,3504, ,CFS
SHA,H,76,INFLOW,20110917,0600,565, ,CFS
SHA,H,76,INFLOW,20110917,0700,1954, ,CFS
SHA,H,76,INFLOW,20110917,0800,2189, ,CFS
SHA,H,76,INFLOW,20110917,0900,848, ,CFS
SHA,H,76,INFLOW,20110917,1000,-637, ,CFS
SHA,H,76,INFLOW,20110917,1100,-2107, ,CFS
SHA,H,76,INFLOW,20110917,1200,626, ,CFS
SHA,H,76,INFLOW,20110917,1300,1631, ,CFS
SHA,H,76,INFLOW,20110917,1400,2438, ,CFS
SHA,H,76,INFLOW,20110917,1500,6056, ,CFS
SHA,H,76,INFLOW,20110917,1600,3501, ,CFS
SHA,H,76,INFLOW,20110917,1700,12522, ,CFS
SHA,H,76,INFLOW,20110917,1800,6199, ,CFS
SHA,H,76,INFLOW,20110917,1900,8813, ,CFS
SHA,H,76,INFLOW,20110917,2000,8818, ,CFS
SHA,H,76,INFLOW,20110917,2100,6804, ,CFS
SHA,H,76,INFLOW,20110917,2200,3382, ,CFS
SHA,H,76,INFLOW,20110917,2300,5939, ,CFS
SHA,H,76,INFLOW,20110918,0000,2880, ,CFS
SHA,H,76,INFLOW,20110918,0100,4219, ,CFS
SHA,H,76,INFLOW,20110918,0200,-2202, ,CFS
SHA,H,76,INFLOW,20110918,0300,6616, ,CFS
SHA,H,76,INFLOW,20110918,0400,-2393, ,CFS
SHA,H,76,INFLOW,20110918,0500,3772, ,CFS
SHA,H,76,INFLOW,20110918,0600,793, ,CFS
SHA,H,76,INFLOW,20110918,0700,-580, ,CFS
SHA,H,76,INFLOW,20110918,0800,2794, ,CFS
SHA,H,76,INFLOW,20110918,0900,1142, ,CFS
SHA,H,76,INFLOW,20110918,1000,-2015, ,CFS
SHA,H,76,INFLOW,20110918,1100,1026, ,CFS
SHA,H,76,INFLOW,20110918,1200,-2377, ,CFS
SHA,H,76,INFLOW,20110918,1300,723, ,CFS
SHA,H,76,INFLOW,20110918,1400,1261, ,CFS
SHA,H,76,INFLOW,20110918,1500,-2428, ,CFS
SHA,H,76,INFLOW,20110918,1600,5502, ,CFS
SHA,H,76,INFLOW,20110918,1700,5764, ,CFS
SHA,H,76,INFLOW,20110918,1800,8807, ,CFS
SHA,H,76,INFLOW,20110918,1900,4075, ,CFS
SHA,H,76,INFLOW,20110918,2000,10577, ,CFS
SHA,H,76,INFLOW,20110918,2100,6781, ,CFS
SHA,H,76,INFLOW,20110918,2200,4752, ,CFS
SHA,H,76,INFLOW,20110918,2300,4073, ,CFS
SHA,H,76,INFLOW,20110919,0000,2088, ,CFS
SHA,H,76,INFLOW,20110919,0100,887, ,CFS
SHA,H,76,INFLOW,20110919,0200,540, ,CFS
SHA,H,76,INFLOW,20110919,0300,3512, ,CFS
SHA,H,76,INFLOW,20110919,0400,523, ,CFS
SHA,H,76,INFLOW,20110919,0500,3514, ,CFS
SHA,H,76,INFLOW,20110919,0600,704, ,CFS
SHA,H,76,INFLOW,20110919,0700,976, ,CFS
SHA,H,76,INFLOW,20110919,0800,3760, ,CFS
SHA,H,76,INFLOW,20110919,0900,-2586, ,CFS
SHA,H,76,INFLOW,20110919,1000,2013, ,CFS
SHA,H,76,INFLOW,20110919,1100,1779, ,CFS
SHA,H,76,INFLOW,20110919,1200,1413, ,CFS
SHA,H,76,INFLOW,20110919,1300,5977, ,CFS
SHA,H,76,INFLOW,20110919,1400,6337, ,CFS
SHA,H,76,INFLOW,20110919,1500,3641, ,CFS
SHA,H,76,INFLOW,20110919,1600,6300, ,CFS
SHA,H,76,INFLOW,20110919,1700,9255, ,CFS
SHA,H,76,INFLOW,20110919,1800,5919, ,CFS
SHA,H,76,INFLOW,20110919,1900,4895, ,CFS
SHA,H,76,INFLOW,20110919,2000,11114, ,CFS
SHA,H,76,INFLOW,20110919,2100,4820, ,CFS
SHA,H,76,INFLOW,20110919,2200,2085, ,CFS
SHA,H,76,INFLOW,20110919,2300,7274, ,CFS
SHA,H,76,INFLOW,20110920,0000,2377, ,CFS
SHA,H,76,INFLOW,20110920,0100,2822, ,CFS
SHA,H,76,INFLOW,20110920,0200,725, ,CFS
SHA,H,76,INFLOW,20110920,0300,3586, ,CFS
SHA,H,76,INFLOW,20110920,0400,595, ,CFS
SHA,H,76,INFLOW,20110920,0500,3585, ,CFS
SHA,H,76,INFLOW,20110920,0600,596, ,CFS
SHA,H,76,INFLOW,20110920,0700,735, ,CFS
SHA,H,76,INFLOW,20110920,0800,2713, ,CFS
SHA,H,76,INFLOW,20110920,0900,-1525, ,CFS
SHA,H,76,INFLOW,20110920,1000,526, ,CFS
SHA,H,76,INFLOW,20110920,1100,2880, ,CFS
SHA,H,76,INFLOW,20110920,1200,3047, ,CFS
SHA,H,76,INFLOW,20110920,1300,6030, ,CFS
SHA,H,76,INFLOW,20110920,1400,5296, ,CFS
SHA,H,76,INFLOW,20110920,1500,4379, ,CFS
SHA,H,76,INFLOW,20110920,1600,9944, ,CFS
SHA,H,76,INFLOW,20110920,1700,6906, ,CFS
SHA,H,76,INFLOW,20110920,1800,6442, ,CFS
SHA,H,76,INFLOW,20110920,1900,8326, ,CFS
SHA,H,76,INFLOW,20110920,2000,6009, ,CFS
SHA,H,76,INFLOW,20110920,2100,9411, ,CFS
SHA,H,76,INFLOW,20110920,2200,2979, ,CFS
SHA,H,76,INFLOW,20110920,2300,4866, ,CFS
SHA,H,76,INFLOW,20110921,0000,4210, ,CFS
SHA,H,76,INFLOW,20110921,0100,2443, ,CFS
SHA,H,76,INFLOW,20110921,0200,649, ,CFS
SHA,H,76,INFLOW,20110921,0300,3589, ,CFS
SHA,H,76,INFLOW,20110921,0400,595, ,CFS
SHA,H,76,INFLOW,20110921,0500,3581, ,CFS
SHA,H,76,INFLOW,20110921,0600,804, ,CFS
SHA,H,76,INFLOW,20110921,0700,2, ,CFS
SHA,H,76,INFLOW,20110921,0800,5837, ,CFS
SHA,H,76,INFLOW,20110921,0900,1129, ,CFS
SHA,H,76,INFLOW,20110921,1000,4662, ,CFS
SHA,H,76,INFLOW,20110921,1100,2695, ,CFS
SHA,H,76,INFLOW,20110921,1200,1168, ,CFS
SHA,H,76,INFLOW,20110921,1300,4303, ,CFS
SHA,H,76,INFLOW,20110921,1400,2651, ,CFS
SHA,H,76,INFLOW,20110921,1500,7058, ,CFS
SHA,H,76,INFLOW,20110921,1600,6773, ,CFS
SHA,H,76,INFLOW,20110921,1700,6648, ,CFS
SHA,H,76,INFLOW,20110921,1800,6099, ,CFS
SHA,H,76,INFLOW,20110921,1900,8887, ,CFS
SHA,H,76,INFLOW,20110921,2000,4523, ,CFS
SHA,H,76,INFLOW,20110921,2100,8589, ,CFS
SHA,H,76,INFLOW,20110921,2200,5205, ,CFS
SHA,H,76,INFLOW,20110921,2300,940, ,CFS
SHA,H,76,INFLOW,20110922,0000,6303, ,CFS
SHA,H,76,INFLOW,20110922,0100,3380, ,CFS
SHA,H,76,INFLOW,20110922,0200,1035, ,CFS
SHA,H,76,INFLOW,20110922,0300,3710, ,CFS
SHA,H,76,INFLOW,20110922,0400,346, ,CFS
SHA,H,76,INFLOW,20110922,0500,701, ,CFS
SHA,H,76,INFLOW,20110922,0600,747, ,CFS
SHA,H,76,INFLOW,20110922,0700,176, ,CFS
SHA,H,76,INFLOW,20110922,0800,3728, ,CFS
SHA,H,76,INFLOW,20110922,0900,1913, ,CFS
SHA,H,76,INFLOW,20110922,1000,-3790, ,CFS
SHA,H,76,INFLOW,20110922,1100,2590, ,CFS
SHA,H,76,INFLOW,20110922,1200,5151, ,CFS
SHA,H,76,INFLOW,20110922,1300,11482, ,CFS
SHA,H,76,INFLOW,20110922,1400,7147, ,CFS
SHA,H,76,INFLOW,20110922,1500,17134, ,CFS
SHA,H,76,INFLOW,20110922,1600,9768, ,CFS
SHA,H,76,INFLOW,20110922,1700,6314, ,CFS
SHA,H,76,INFLOW,20110922,1800,11332, ,CFS
SHA,H,76,INFLOW,20110922,1900,7443, ,CFS
SHA,H,76,INFLOW,20110922,2000,6568, ,CFS
SHA,H,76,INFLOW,20110922,2100,8874, ,CFS
SHA,H,76,INFLOW,20110922,2200,5036, ,CFS
SHA,H,76,INFLOW,20110922,2300,1806, ,CFS
SHA,H,76,INFLOW,20110923,0000,7781, ,CFS
SHA,H,76,INFLOW,20110923,0100,1796, ,CFS
SHA,H,76,INFLOW,20110923,0200,325, ,CFS
SHA,H,76,INFLOW,20110923,0300,3232, ,CFS
SHA,H,76,INFLOW,20110923,0400,261, ,CFS
SHA,H,76,INFLOW,20110923,0500,260, ,CFS
SHA,H,76,INFLOW,20110923,0600,334, ,CFS
SHA,H,76,INFLOW,20110923,0700,1665, ,CFS
SHA,H,76,INFLOW,20110923,0800,1813, ,CFS
SHA,H,76,INFLOW,20110923,0900,-7, ,CFS
SHA,H,76,INFLOW,20110923,1000,-428, ,CFS
SHA,H,76,INFLOW,20110923,1100,5586, ,CFS
SHA,H,76,INFLOW,20110923,1200,-798, ,CFS
SHA,H,76,INFLOW,20110923,1300,5691, ,CFS
SHA,H,76,INFLOW,20110923,1400,6044, ,CFS
SHA,H,76,INFLOW,20110923,1500,3246, ,CFS
SHA,H,76,INFLOW,20110923,1600,8574, ,CFS
SHA,H,76,INFLOW,20110923,1700,7746, ,CFS
SHA,H,76,INFLOW,20110923,1800,4433, ,CFS
SHA,H,76,INFLOW,20110923,1900,9973, ,CFS
SHA,H,76,INFLOW,20110923,2000,3229, ,CFS
SHA,H,76,INFLOW,20110923,2100,9445, ,CFS
SHA,H,76,INFLOW,20110923,2200,5743, ,CFS
SHA,H,76,INFLOW,20110923,2300,4779, ,CFS
SHA,H,76,INFLOW,20110924,0000,5145, ,CFS
SHA,H,76,INFLOW,20110924,0100,4111, ,CFS
SHA,H,76,INFLOW,20110924,0200,-833, ,CFS
SHA,H,76,INFLOW,20110924,0300,5136, ,CFS
SHA,H,76,INFLOW,20110924,0400,-3748, ,CFS
SHA,H,76,INFLOW,20110924,0500,5282, ,CFS
SHA,H,76,INFLOW,20110924,0600,2079, ,CFS
SHA,H,76,INFLOW,20110924,0700,173, ,CFS
SHA,H,76,INFLOW,20110924,0800,331, ,CFS
SHA,H,76,INFLOW,20110924,0900,506, ,CFS
SHA,H,76,INFLOW,20110924,1000,-3705, ,CFS
SHA,H,76,INFLOW,20110924,1100,4429, ,CFS
SHA,H,76,INFLOW,20110924,1200,2476, ,CFS
SHA,H,76,INFLOW,20110924,1300,3144, ,CFS
SHA,H,76,INFLOW,20110924,1400,3601, ,CFS
SHA,H,76,INFLOW,20110924,1500,7847, ,CFS
SHA,H,76,INFLOW,20110924,1600,5096, ,CFS
SHA,H,76,INFLOW,20110924,1700,5100, ,CFS
SHA,H,76,INFLOW,20110924,1800,7975, ,CFS
SHA,H,76,INFLOW,20110924,1900,10451, ,CFS
SHA,H,76,INFLOW,20110924,2000,4197, ,CFS
SHA,H,76,INFLOW,20110924,2100,10102, ,CFS
SHA,H,76,INFLOW,20110924,2200,-2910, ,CFS
SHA,H,76,INFLOW,20110924,2300,4123, ,CFS
SHA,H,76,INFLOW,20110925,0000,-1040, ,CFS
SHA,H,76,INFLOW,20110925,0100,6921, ,CFS
SHA,H,76,INFLOW,20110925,0200,-6922, ,CFS
SHA,H,76,INFLOW,20110925,0300,3332, ,CFS
SHA,H,76,INFLOW,20110925,0400,276, ,CFS
SHA,H,76,INFLOW,20110925,0500,3374, ,CFS
SHA,H,76,INFLOW,20110925,0600,397, ,CFS
SHA,H,76,INFLOW,20110925,0700,5731, ,CFS
SHA,H,76,INFLOW,20110925,0800,-12417, ,CFS
SHA,H,76,INFLOW,20110925,0900,3724, ,CFS
SHA,H,76,INFLOW,20110925,1000,7266, ,CFS
SHA,H,76,INFLOW,20110925,1100,4623, ,CFS
SHA,H,76,INFLOW,20110925,1200,-2937, ,CFS
SHA,H,76,INFLOW,20110925,1300,2698, ,CFS
SHA,H,76,INFLOW,20110925,1400,51, ,CFS
SHA,H,76,INFLOW,20110925,1500,6446, ,CFS
SHA,H,76,INFLOW,20110925,1600,1056, ,CFS
SHA,H,76,INFLOW,20110925,1700,7066, ,CFS
SHA,H,76,INFLOW,20110925,1800,4167, ,CFS
SHA,H,76,INFLOW,20110925,1900,10035, ,CFS
SHA,H,76,INFLOW,20110925,2000,9499, ,CFS
SHA,H,76,INFLOW,20110925,2100,6613, ,CFS
SHA,H,76,INFLOW,20110925,2200,2665, ,CFS
SHA,H,76,INFLOW,20110925,2300,2086, ,CFS
SHA,H,76,INFLOW,20110926,0000,5291, ,CFS
SHA,H,76,INFLOW,20110926,0100,-958, ,CFS
SHA,H,76,INFLOW,20110926,0200,3217, ,CFS
SHA,H,76,INFLOW,20110926,0300,3131, ,CFS
SHA,H,76,INFLOW,20110926,0400,-2759, ,CFS
SHA,H,76,INFLOW,20110926,0500,3412, ,CFS
SHA,H,76,INFLOW,20110926,0600,-781, ,CFS
SHA,H,76,INFLOW,20110926,0700,4609, ,CFS
SHA,H,76,INFLOW,20110926,0800,-163, ,CFS
SHA,H,76,INFLOW,20110926,0900,-2425, ,CFS
SHA,H,76,INFLOW,20110926,1000,2974, ,CFS
SHA,H,76,INFLOW,20110926,1100,1442, ,CFS
SHA,H,76,INFLOW,20110926,1200,1734, ,CFS
SHA,H,76,INFLOW,20110926,1300,1870, ,CFS
SHA,H,76,INFLOW,20110926,1400,6588, ,CFS
SHA,H,76,INFLOW,20110926,1500,4472, ,CFS
SHA,H,76,INFLOW,20110926,1600,4382, ,CFS
SHA,H,76,INFLOW,20110926,1700,7019, ,CFS
SHA,H,76,INFLOW,20110926,1800,6550, ,CFS
SHA,H,76,INFLOW,20110926,1900,3684, ,CFS
SHA,H,76,INFLOW,20110926,2000,11865, ,CFS
SHA,H,76,INFLOW,20110926,2100,5607, ,CFS
SHA,H,76,INFLOW,20110926,2200,5870, ,CFS
SHA,H,76,INFLOW,20110926,2300,3496, ,CFS
SHA,H,76,INFLOW,20110927,0000,7517, ,CFS
SHA,H,76,INFLOW,20110927,0100,-257, ,CFS
SHA,H,76,INFLOW,20110927,0200,2033, ,CFS
SHA,H,76,INFLOW,20110927,0300,1664, ,CFS
SHA,H,76,INFLOW,20110927,0400,1640, ,CFS
SHA,H,76,INFLOW,20110927,0500,-1297, ,CFS
SHA,H,76,INFLOW,20110927,0600,2233, ,CFS
SHA,H,76,INFLOW,20110927,0700,-824, ,CFS
SHA,H,76,INFLOW,20110927,0800,1479, ,CFS
SHA,H,76,INFLOW,20110927,0900,4683, ,CFS
SHA,H,76,INFLOW,20110927,1000,362, ,CFS
SHA,H,76,INFLOW,20110927,1100,5923, ,CFS
SHA,H,76,INFLOW,20110927,1200,-11, ,CFS
SHA,H,76,INFLOW,20110927,1300,6593, ,CFS
SHA,H,76,INFLOW,20110927,1400,5228, ,CFS
SHA,H,76,INFLOW,20110927,1500,6538, ,CFS
SHA,H,76,INFLOW,20110927,1600,11221, ,CFS
SHA,H,76,INFLOW,20110927,1700,5335, ,CFS
SHA,H,76,INFLOW,20110927,1800,6074, ,CFS
SHA,H,76,INFLOW,20110927,1900,5269, ,CFS
SHA,H,76,INFLOW,20110927,2000,11058, ,CFS
SHA,H,76,INFLOW,20110927,2100,7349, ,CFS
SHA,H,76,INFLOW,20110927,2200,4847, ,CFS
SHA,H,76,INFLOW,20110927,2300,3232, ,CFS
SHA,H,76,INFLOW,20110928,0000,4865, ,CFS
SHA,H,76,INFLOW,20110928,0100,6156, ,CFS
SHA,H,76,INFLOW,20110928,0200,137, ,CFS
SHA,H,76,INFLOW,20110928,0300,138, ,CFS
SHA,H,76,INFLOW,20110928,0400,3098, ,CFS
SHA,H,76,INFLOW,20110928,0500,142, ,CFS
SHA,H,76,INFLOW,20110928,0600,3372, ,CFS
SHA,H,76,INFLOW,20110928,0700,432, ,CFS
SHA,H,76,INFLOW,20110928,0800,-2140, ,CFS
SHA,H,76,INFLOW,20110928,0900,597, ,CFS
SHA,H,76,INFLOW,20110928,1000,725, ,CFS
SHA,H,76,INFLOW,20110928,1100,-2147, ,CFS
SHA,H,76,INFLOW,20110928,1200,5052, ,CFS
SHA,H,76,INFLOW,20110928,1300,2718, ,CFS
SHA,H,76,INFLOW,20110928,1400,5335, ,CFS
SHA,H,76,INFLOW,20110928,1500,10035, ,CFS
SHA,H,76,INFLOW,20110928,1600,4199, ,CFS
SHA,H,76,INFLOW,20110928,1700,4124, ,CFS
SHA,H,76,INFLOW,20110928,1800,6485, ,CFS
SHA,H,76,INFLOW,20110928,1900,2833, ,CFS
SHA,H,76,INFLOW,20110928,2000,9768, ,CFS
SHA,H,76,INFLOW,20110928,2100,7225, ,CFS
SHA,H,76,INFLOW,20110928,2200,2359, ,CFS
SHA,H,76,INFLOW,20110928,2300,6838, ,CFS
SHA,H,76,INFLOW,20110929,0000,4725, ,CFS
SHA,H,76,INFLOW,20110929,0100,7634, ,CFS
SHA,H,76,INFLOW,20110929,0200,1597, ,CFS
SHA,H,76,INFLOW,20110929,0300,-1347, ,CFS
SHA,H,76,INFLOW,20110929,0400,4533, ,CFS
SHA,H,76,INFLOW,20110929,0500,-1347, ,CFS
SHA,H,76,INFLOW,20110929,0600,1640, ,CFS
SHA,H,76,INFLOW,20110929,0700,2660, ,CFS
SHA,H,76,INFLOW,20110929,0800,-265, ,CFS
SHA,H,76,INFLOW,20110929,0900,-193, ,CFS
SHA,H,76,INFLOW,20110929,1000,1615, ,CFS
SHA,H,76,INFLOW,20110929,1100,3735, ,CFS
SHA,H,76,INFLOW,20110929,1200,3209, ,CFS
SHA,H,76,INFLOW,20110929,1300,4291, ,CFS
SHA,H,76,INFLOW,20110929,1400,3375, ,CFS
SHA,H,76,INFLOW,20110929,1500,12494, ,CFS
SHA,H,76,INFLOW,20110929,1600,7890, ,CFS
SHA,H,76,INFLOW,20110929,1700,4281, ,CFS
SHA,H,76,INFLOW,20110929,1800,9793, ,CFS
SHA,H,76,INFLOW,20110929,1900,3301, ,CFS
SHA,H,76,INFLOW,20110929,2000,8635, ,CFS
SHA,H,76,INFLOW,20110929,2100,8035, ,CFS
SHA,H,76,INFLOW,20110929,2200,8643, ,CFS
SHA,H,76,INFLOW,20110929,2300,746, ,CFS
SHA,H,76,INFLOW,20110930,0000,4885, ,CFS
SHA,H,76,INFLOW,20110930,0100,5437, ,CFS
SHA,H,76,INFLOW,20110930,0200,487, ,CFS
SHA,H,76,INFLOW,20110930,0300,3132, ,CFS
SHA,H,76,INFLOW,20110930,0400,177, ,CFS
SHA,H,76,INFLOW,20110930,0500,654, ,CFS
SHA,H,76,INFLOW,20110930,0600,676, ,CFS
SHA,H,76,INFLOW,20110930,0700,1892, ,CFS
SHA,H,76,INFLOW,20110930,0800,858, ,CFS
SHA,H,76,INFLOW,20110930,0900,3504, ,CFS
SHA,H,76,INFLOW,20110930,1000,-3233, ,CFS
SHA,H,76,INFLOW,20110930,1100,2067, ,CFS
SHA,H,76,INFLOW,20110930,1200,2676, ,CFS
SHA,H,76,INFLOW,20110930,1300,3257, ,CFS
SHA,H,76,INFLOW,20110930,1400,5285, ,CFS
SHA,H,76,INFLOW,20110930,1500,6504, ,CFS
SHA,H,76,INFLOW,20110930,1600,6881, ,CFS
SHA,H,76,INFLOW,20110930,1700,6447, ,CFS
SHA,H,76,INFLOW,20110930,1800,5609, ,CFS
SHA,H,76,INFLOW,20110930,1900,5413, ,CFS
SHA,H,76,INFLOW,20110930,2000,8483, ,CFS
SHA,H,76,INFLOW,20110930,2100,2467, ,CFS
SHA,H,76,INFLOW,20110930,2200,5535, ,CFS
SHA,H,76,INFLOW,20110930,2300,1268, ,CFS
SHA,H,76,INFLOW,20111001,0000,3806, ,CFS
SHA,H,76,INFLOW,20111001,0100,4917, ,CFS
SHA,H,76,INFLOW,20111001,0200,-1111, ,CFS
SHA,H,76,INFLOW,20111001,0300,4541, ,CFS
SHA,H,76,INFLOW,20111001,0400,1742, ,CFS
SHA,H,76,INFLOW,20111001,0500,-1134, ,CFS
SHA,H,76,INFLOW,20111001,0600,4988, ,CFS
SHA,H,76,INFLOW,20111001,0700,641, ,CFS
SHA,H,76,INFLOW,20111001,0800,-1042, ,CFS
SHA,H,76,INFLOW,20111001,0900,2807, ,CFS
SHA,H,76,INFLOW,20111001,1000,-2202, ,CFS
SHA,H,76,INFLOW,20111001,1100,1843, ,CFS
SHA,H,76,INFLOW,20111001,1200,7338, ,CFS
SHA,H,76,INFLOW,20111001,1300,-1774, ,CFS
SHA,H,76,INFLOW,20111001,1400,7433, ,CFS
SHA,H,76,INFLOW,20111001,1500,1362, ,CFS
SHA,H,76,INFLOW,20111001,1600,7870, ,CFS
SHA,H,76,INFLOW,20111001,1700,7792, ,CFS
SHA,H,76,INFLOW,20111001,1800,4452, ,CFS
SHA,H,76,INFLOW,20111001,1900,7220, ,CFS
SHA,H,76,INFLOW,20111001,2000,10330, ,CFS
SHA,H,76,INFLOW,20111001,2100,-134, ,CFS
SHA,H,76,INFLOW,20111001,2200,10106, ,CFS
SHA,H,76,INFLOW,20111001,2300,925, ,CFS
SHA,H,76,INFLOW,20111002,0000,5762, ,CFS
SHA,H,76,INFLOW,20111002,0100,5484, ,CFS
SHA,H,76,INFLOW,20111002,0200,671, ,CFS
SHA,H,76,INFLOW,20111002,0300,3124, ,CFS
SHA,H,76,INFLOW,20111002,0400,530, ,CFS
SHA,H,76,INFLOW,20111002,0500,388, ,CFS
SHA,H,76,INFLOW,20111002,0600,578, ,CFS
SHA,H,76,INFLOW,20111002,0700,4442, ,CFS
SHA,H,76,INFLOW,20111002,0800,-1753, ,CFS
SHA,H,76,INFLOW,20111002,0900,22, ,CFS
SHA,H,76,INFLOW,20111002,1000,1497, ,CFS
SHA,H,76,INFLOW,20111002,1100,-2249, ,CFS
SHA,H,76,INFLOW,20111002,1200,3328, ,CFS
SHA,H,76,INFLOW,20111002,1300,14, ,CFS
SHA,H,76,INFLOW,20111002,1400,1779, ,CFS
SHA,H,76,INFLOW,20111002,1500,1838, ,CFS
SHA,H,76,INFLOW,20111002,1600,7767, ,CFS
SHA,H,76,INFLOW,20111002,1700,4743, ,CFS
SHA,H,76,INFLOW,20111002,1800,7506, ,CFS
SHA,H,76,INFLOW,20111002,1900,6948, ,CFS
SHA,H,76,INFLOW,20111002,2000,6925, ,CFS
SHA,H,76,INFLOW,20111002,2100,7071, ,CFS
SHA,H,76,INFLOW,20111002,2200,5193, ,CFS
SHA,H,76,INFLOW,20111002,2300,-1672, ,CFS
SHA,H,76,INFLOW,20111003,0000,8847, ,CFS
SHA,H,76,INFLOW,20111003,0100,699, ,CFS
SHA,H,76,INFLOW,20111003,0200,268, ,CFS
SHA,H,76,INFLOW,20111003,0300,3077, ,CFS
SHA,H,76,INFLOW,20111003,0400,220, ,CFS
SHA,H,76,INFLOW,20111003,0500,564, ,CFS
SHA,H,76,INFLOW,20111003,0600,3875, ,CFS
SHA,H,76,INFLOW,20111003,0700,6, ,CFS
SHA,H,76,INFLOW,20111003,0800,750, ,CFS
SHA,H,76,INFLOW,20111003,0900,3699, ,CFS
SHA,H,76,INFLOW,20111003,1000,-141, ,CFS
SHA,H,76,INFLOW,20111003,1100,-952, ,CFS
SHA,H,76,INFLOW,20111003,1200,3408, ,CFS
SHA,H,76,INFLOW,20111003,1300,4562, ,CFS
SHA,H,76,INFLOW,20111003,1400,5025, ,CFS
SHA,H,76,INFLOW,20111003,1500,2990, ,CFS
SHA,H,76,INFLOW,20111003,1600,12425, ,CFS
SHA,H,76,INFLOW,20111003,1700,6351, ,CFS
SHA,H,76,INFLOW,20111003,1800,8800, ,CFS
SHA,H,76,INFLOW,20111003,1900,5916, ,CFS
SHA,H,76,INFLOW,20111003,2000,5734, ,CFS
SHA,H,76,INFLOW,20111003,2100,7634, ,CFS
SHA,H,76,INFLOW,20111003,2200,2138, ,CFS
SHA,H,76,INFLOW,20111003,2300,3541, ,CFS
SHA,H,76,INFLOW,20111004,0000,3255, ,CFS
SHA,H,76,INFLOW,20111004,0100,5985, ,CFS
SHA,H,76,INFLOW,20111004,0200,287, ,CFS
SHA,H,76,INFLOW,20111004,0300,3066, ,CFS
SHA,H,76,INFLOW,20111004,0400,152, ,CFS
SHA,H,76,INFLOW,20111004,0500,145, ,CFS
SHA,H,76,INFLOW,20111004,0600,422, ,CFS
SHA,H,76,INFLOW,20111004,0700,2306, ,CFS
SHA,H,76,INFLOW,20111004,0800,1449, ,CFS
SHA,H,76,INFLOW,20111004,0900,2928, ,CFS
SHA,H,76,INFLOW,20111004,1000,-4287, ,CFS
SHA,H,76,INFLOW,20111004,1100,9176, ,CFS
SHA,H,76,INFLOW,20111004,1200,2646, ,CFS
SHA,H,76,INFLOW,20111004,1300,2092, ,CFS
SHA,H,76,INFLOW,20111004,1400,5022, ,CFS
SHA,H,76,INFLOW,20111004,1500,4736, ,CFS
SHA,H,76,INFLOW,20111004,1600,10909, ,CFS
SHA,H,76,INFLOW,20111004,1700,8132, ,CFS
SHA,H,76,INFLOW,20111004,1800,15419, ,CFS
SHA,H,76,INFLOW,20111004,1900,9864, ,CFS
SHA,H,76,INFLOW,20111004,2000,12752, ,CFS
SHA,H,76,INFLOW,20111004,2100,-27, ,CFS
SHA,H,76,INFLOW,20111004,2200,14876, ,CFS
SHA,H,76,INFLOW,20111004,2300,17873, ,CFS
SHA,H,76,INFLOW,20111005,0000,4488, ,CFS
SHA,H,76,INFLOW,20111005,0100,6361, ,CFS
SHA,H,76,INFLOW,20111005,0200,8919, ,CFS
SHA,H,76,INFLOW,20111005,0300,9004, ,CFS
SHA,H,76,INFLOW,20111005,0400,43, ,CFS
SHA,H,76,INFLOW,20111005,0500,8828, ,CFS
SHA,H,76,INFLOW,20111005,0600,-2590, ,CFS
SHA,H,76,INFLOW,20111005,0700,3218, ,CFS
SHA,H,76,INFLOW,20111005,0800,3712, ,CFS
SHA,H,76,INFLOW,20111005,0900,516, ,CFS
SHA,H,76,INFLOW,20111005,1000,3885, ,CFS
SHA,H,76,INFLOW,20111005,1100,-702, ,CFS
SHA,H,76,INFLOW,20111005,1200,4720, ,CFS
SHA,H,76,INFLOW,20111005,1300,45, ,CFS
SHA,H,76,INFLOW,20111005,1400,8327, ,CFS
SHA,H,76,INFLOW,20111005,1500,2120, ,CFS
SHA,H,76,INFLOW,20111005,1600,15168, ,CFS
SHA,H,76,INFLOW,20111005,1700,3192, ,CFS
SHA,H,76,INFLOW,20111005,1800,13129, ,CFS
SHA,H,76,INFLOW,20111005,1900,982, ,CFS
SHA,H,76,INFLOW,20111005,2000,8013, ,CFS
SHA,H,76,INFLOW,20111005,2100,10668, ,CFS
SHA,H,76,INFLOW,20111005,2200,1389, ,CFS
SHA,H,76,INFLOW,20111005,2300,3574, ,CFS
SHA,H,76,INFLOW,20111006,0000,6151, ,CFS
SHA,H,76,INFLOW,20111006,0100,287, ,CFS
SHA,H,76,INFLOW,20111006,0200,3219, ,CFS
SHA,H,76,INFLOW,20111006,0300,3225, ,CFS
SHA,H,76,INFLOW,20111006,0400,3218, ,CFS
SHA,H,76,INFLOW,20111006,0500,3220, ,CFS
SHA,H,76,INFLOW,20111006,0600,602, ,CFS
SHA,H,76,INFLOW,20111006,0700,671, ,CFS
SHA,H,76,INFLOW,20111006,0800,3236, ,CFS
SHA,H,76,INFLOW,20111006,0900,3535, ,CFS
SHA,H,76,INFLOW,20111006,1000,4136, ,CFS
SHA,H,76,INFLOW,20111006,1100,2348, ,CFS
SHA,H,76,INFLOW,20111006,1200,4667, ,CFS
SHA,H,76,INFLOW,20111006,1300,2304, ,CFS
SHA,H,76,INFLOW,20111006,1400,5268, ,CFS
SHA,H,76,INFLOW,20111006,1500,2092, ,CFS
SHA,H,76,INFLOW,20111006,1600,4347, ,CFS
SHA,H,76,INFLOW,20111006,1700,5415, ,CFS
SHA,H,76,INFLOW,20111006,1800,4330, ,CFS
SHA,H,76,INFLOW,20111006,1900,6936, ,CFS
SHA,H,76,INFLOW,20111006,2000,10251, ,CFS
SHA,H,76,INFLOW,20111006,2100,6417, ,CFS
SHA,H,76,INFLOW,20111006,2200,6553, ,CFS
SHA,H,76,INFLOW,20111006,2300,2605, ,CFS
SHA,H,76,INFLOW,20111007,0000,3237, ,CFS
SHA,H,76,INFLOW,20111007,0100,3119, ,CFS
SHA,H,76,INFLOW,20111007,0200,203, ,CFS
SHA,H,76,INFLOW,20111007,0300,502, ,CFS
SHA,H,76,INFLOW,20111007,0400,3790, ,CFS
SHA,H,76,INFLOW,20111007,0500,1157, ,CFS
SHA,H,76,INFLOW,20111007,0600,-2051, ,CFS
SHA,H,76,INFLOW,20111007,0700,2262, ,CFS
SHA,H,76,INFLOW,20111007,0800,3878, ,CFS
SHA,H,76,INFLOW,20111007,0900,41, ,CFS
SHA,H,76,INFLOW,20111007,1000,2566, ,CFS
SHA,H,76,INFLOW,20111007,1100,2548, ,CFS
SHA,H,76,INFLOW,20111007,1200,-1493, ,CFS
SHA,H,76,INFLOW,20111007,1300,1341, ,CFS
SHA,H,76,INFLOW,20111007,1400,3215, ,CFS
SHA,H,76,INFLOW,20111007,1500,4576, ,CFS
SHA,H,76,INFLOW,20111007,1600,2117, ,CFS
SHA,H,76,INFLOW,20111007,1700,8106, ,CFS
SHA,H,76,INFLOW,20111007,1800,-249, ,CFS
SHA,H,76,INFLOW,20111007,1900,13355, ,CFS
SHA,H,76,INFLOW,20111007,2000,5508, ,CFS
SHA,H,76,INFLOW,20111007,2100,6996, ,CFS
SHA,H,76,INFLOW,20111007,2200,11650, ,CFS
SHA,H,76,INFLOW,20111007,2300,-749, ,CFS
SHA,H,76,INFLOW,20111008,0000,8321, ,CFS
SHA,H,76,INFLOW,20111008,0100,354, ,CFS
SHA,H,76,INFLOW,20111008,0200,93, ,CFS
SHA,H,76,INFLOW,20111008,0300,3009, ,CFS
SHA,H,76,INFLOW,20111008,0400,93, ,CFS
SHA,H,76,INFLOW,20111008,0500,93, ,CFS
SHA,H,76,INFLOW,20111008,0600,237, ,CFS
SHA,H,76,INFLOW,20111008,0700,5615, ,CFS
SHA,H,76,INFLOW,20111008,0800,-3003, ,CFS
SHA,H,76,INFLOW,20111008,0900,4610, ,CFS
SHA,H,76,INFLOW,20111008,1000,-2231, ,CFS
SHA,H,76,INFLOW,20111008,1100,2760, ,CFS
SHA,H,76,INFLOW,20111008,1200,5143, ,CFS
SHA,H,76,INFLOW,20111008,1300,10569, ,CFS
SHA,H,76,INFLOW,20111008,1400,2186, ,CFS
SHA,H,76,INFLOW,20111008,1500,5011, ,CFS
SHA,H,76,INFLOW,20111008,1600,8967, ,CFS
SHA,H,76,INFLOW,20111008,1700,6598, ,CFS
SHA,H,76,INFLOW,20111008,1800,388, ,CFS
SHA,H,76,INFLOW,20111008,1900,7256, ,CFS
SHA,H,76,INFLOW,20111008,2000,7458, ,CFS
SHA,H,76,INFLOW,20111008,2100,6109, ,CFS
SHA,H,76,INFLOW,20111008,2200,8496, ,CFS
SHA,H,76,INFLOW,20111008,2300,950, ,CFS
SHA,H,76,INFLOW,20111009,0000,5750, ,CFS
SHA,H,76,INFLOW,20111009,0100,2013, ,CFS
SHA,H,76,INFLOW,20111009,0200,3152, ,CFS
SHA,H,76,INFLOW,20111009,0300,138, ,CFS
SHA,H,76,INFLOW,20111009,0400,3061, ,CFS
SHA,H,76,INFLOW,20111009,0500,-2769, ,CFS
SHA,H,76,INFLOW,20111009,0600,3074, ,CFS
SHA,H,76,INFLOW,20111009,0700,-2767, ,CFS
SHA,H,76,INFLOW,20111009,0800,3178, ,CFS
SHA,H,76,INFLOW,20111009,0900,2296, ,CFS
SHA,H,76,INFLOW,20111009,1000,-3653, ,CFS
SHA,H,76,INFLOW,20111009,1100,7453, ,CFS
SHA,H,76,INFLOW,20111009,1200,752, ,CFS
SHA,H,76,INFLOW,20111009,1300,3825, ,CFS
SHA,H,76,INFLOW,20111009,1400,7185, ,CFS
SHA,H,76,INFLOW,20111009,1500,-856, ,CFS
SHA,H,76,INFLOW,20111009,1600,5578, ,CFS
SHA,H,76,INFLOW,20111009,1700,214, ,CFS
SHA,H,76,INFLOW,20111009,1800,3712, ,CFS
SHA,H,76,INFLOW,20111009,1900,5003, ,CFS
SHA,H,76,INFLOW,20111009,2000,11021, ,CFS
SHA,H,76,INFLOW,20111009,2100,6191, ,CFS
SHA,H,76,INFLOW,20111009,2200,5947, ,CFS
SHA,H,76,INFLOW,20111009,2300,5463, ,CFS
SHA,H,76,INFLOW,20111010,0000,3203, ,CFS
SHA,H,76,INFLOW,20111010,0100,251, ,CFS
SHA,H,76,INFLOW,20111010,0200,3093, ,CFS
SHA,H,76,INFLOW,20111010,0300,177, ,CFS
SHA,H,76,INFLOW,20111010,0400,213, ,CFS
SHA,H,76,INFLOW,20111010,0500,467, ,CFS
SHA,H,76,INFLOW,20111010,0600,858, ,CFS
SHA,H,76,INFLOW,20111010,0700,10188, ,CFS
SHA,H,76,INFLOW,20111010,0800,2462, ,CFS
SHA,H,76,INFLOW,20111010,0900,7538, ,CFS
SHA,H,76,INFLOW,20111010,1000,7567, ,CFS
SHA,H,76,INFLOW,20111010,1100,568, ,CFS
SHA,H,76,INFLOW,20111010,1200,13968, ,CFS
SHA,H,76,INFLOW,20111010,1300,-34, ,CFS
SHA,H,76,INFLOW,20111010,1400,6178, ,CFS
SHA,H,76,INFLOW,20111010,1500,6620, ,CFS
SHA,H,76,INFLOW,20111010,1600,-2049, ,CFS
SHA,H,76,INFLOW,20111010,1700,9136, ,CFS
SHA,H,76,INFLOW,20111010,1800,633, ,CFS
SHA,H,76,INFLOW,20111010,1900,2939, ,CFS
SHA,H,76,INFLOW,20111010,2000,10516, ,CFS
SHA,H,76,INFLOW,20111010,2100,5870, ,CFS
SHA,H,76,INFLOW,20111010,2200,11434, ,CFS
SHA,H,76,INFLOW,20111010,2300,9089, ,CFS
SHA,H,76,INFLOW,20111011,0000,8794, ,CFS
SHA,H,76,INFLOW,20111011,0100,2969, ,CFS
SHA,H,76,INFLOW,20111011,0200,2962, ,CFS
SHA,H,76,INFLOW,20111011,0300,2963, ,CFS
SHA,H,76,INFLOW,20111011,0400,46, ,CFS
SHA,H,76,INFLOW,20111011,0500,44, ,CFS
SHA,H,76,INFLOW,20111011,0600,3111, ,CFS
SHA,H,76,INFLOW,20111011,0700,-2771, ,CFS
SHA,H,76,INFLOW,20111011,0800,3346, ,CFS
SHA,H,76,INFLOW,20111011,0900,-126, ,CFS
SHA,H,76,INFLOW,20111011,1000,6715, ,CFS
SHA,H,76,INFLOW,20111011,1100,5477, ,CFS
SHA,H,76,INFLOW,20111011,1200,4175, ,CFS
SHA,H,76,INFLOW,20111011,1300,5692, ,CFS
SHA,H,76,INFLOW,20111011,1400,7020, ,CFS
SHA,H,76,INFLOW,20111011,1500,-1212, ,CFS
SHA,H,76,INFLOW,20111011,1600,6985, ,CFS
SHA,H,76,INFLOW,20111011,1700,-1494, ,CFS
SHA,H,76,INFLOW,20111011,1800,6965, ,CFS
SHA,H,76,INFLOW,20111011,1900,5523, ,CFS
SHA,H,76,INFLOW,20111011,2000,399, ,CFS
SHA,H,76,INFLOW,20111011,2100,13980, ,CFS
SHA,H,76,INFLOW,20111011,2200,3351, ,CFS
SHA,H,76,INFLOW,20111011,2300,4553, ,CFS
SHA,H,76,INFLOW,20111012,0000,9083, ,CFS
SHA,H,76,INFLOW,20111012,0100,47, ,CFS
SHA,H,76,INFLOW,20111012,0200,2970, ,CFS
SHA,H,76,INFLOW,20111012,0300,43, ,CFS
SHA,H,76,INFLOW,20111012,0400,44, ,CFS
SHA,H,76,INFLOW,20111012,0500,2959, ,CFS
SHA,H,76,INFLOW,20111012,0600,163, ,CFS
SHA,H,76,INFLOW,20111012,0700,1817, ,CFS
SHA,H,76,INFLOW,20111012,0800,2470, ,CFS
SHA,H,76,INFLOW,20111012,0900,-1361, ,CFS
SHA,H,76,INFLOW,20111012,1000,4491, ,CFS
SHA,H,76,INFLOW,20111012,1100,3144, ,CFS
SHA,H,76,INFLOW,20111012,1200,3798, ,CFS
SHA,H,76,INFLOW,20111012,1300,6807, ,CFS
SHA,H,76,INFLOW,20111012,1400,6507, ,CFS
SHA,H,76,INFLOW,20111012,1500,7065, ,CFS
SHA,H,76,INFLOW,20111012,1600,4473, ,CFS
SHA,H,76,INFLOW,20111012,1700,4501, ,CFS
SHA,H,76,INFLOW,20111012,1800,8285, ,CFS
SHA,H,76,INFLOW,20111012,1900,6507, ,CFS
SHA,H,76,INFLOW,20111012,2000,9782, ,CFS
SHA,H,76,INFLOW,20111012,2100,5804, ,CFS
SHA,H,76,INFLOW,20111012,2200,8731, ,CFS
SHA,H,76,INFLOW,20111012,2300,4284, ,CFS
SHA,H,76,INFLOW,20111013,0000,1371, ,CFS
SHA,H,76,INFLOW,20111013,0100,4444, ,CFS
SHA,H,76,INFLOW,20111013,0200,7239, ,CFS
SHA,H,76,INFLOW,20111013,0300,-1569, ,CFS
SHA,H,76,INFLOW,20111013,0400,4182, ,CFS
SHA,H,76,INFLOW,20111013,0500,1409, ,CFS
SHA,H,76,INFLOW,20111013,0600,-360, ,CFS
SHA,H,76,INFLOW,20111013,0700,3874, ,CFS
SHA,H,76,INFLOW,20111013,0800,80, ,CFS
SHA,H,76,INFLOW,20111013,0900,2914, ,CFS
SHA,H,76,INFLOW,20111013,1000,7514, ,CFS
SHA,H,76,INFLOW,20111013,1100,2622, ,CFS
SHA,H,76,INFLOW,20111013,1200,2809, ,CFS
SHA,H,76,INFLOW,20111013,1300,6938, ,CFS
SHA,H,76,INFLOW,20111013,1400,7469, ,CFS
SHA,H,76,INFLOW,20111013,1500,7870, ,CFS
SHA,H,76,INFLOW,20111013,1600,8700, ,CFS
SHA,H,76,INFLOW,20111013,1700,7887, ,CFS
SHA,H,76,INFLOW,20111013,1800,7836, ,CFS
SHA,H,76,INFLOW,20111013,1900,7665, ,CFS
SHA,H,76,INFLOW,20111013,2000,4843, ,CFS
SHA,H,76,INFLOW,20111013,2100,12050, ,CFS
SHA,H,76,INFLOW,20111013,2200,1563, ,CFS
SHA,H,76,INFLOW,20111013,2300,10136, ,CFS
SHA,H,76,INFLOW,20111014,0000,2512, ,CFS
SHA,H,76,INFLOW,20111014,0100,5683, ,CFS
SHA,H,76,INFLOW,20111014,0200,2875, ,CFS
SHA,H,76,INFLOW,20111014,0300,-954, ,CFS
SHA,H,76,INFLOW,20111014,0400,3732, ,CFS
SHA,H,76,INFLOW,20111014,0500,862, ,CFS
SHA,H,76,INFLOW,20111014,0600,1081, ,CFS
SHA,H,76,INFLOW,20111014,0700,-522, ,CFS
SHA,H,76,INFLOW,20111014,0800,1090, ,CFS
SHA,H,76,INFLOW,20111014,0900,1630, ,CFS
SHA,H,76,INFLOW,20111014,1000,-2704, ,CFS
SHA,H,76,INFLOW,20111014,1100,-32230, ,CFS
SHA,H,76,INFLOW,20111014,1200,6072, ,CFS
SHA,H,76,INFLOW,20111014,1300,7146, ,CFS
SHA,H,76,INFLOW,20111014,1400,7449, ,CFS
SHA,H,76,INFLOW,20111014,1500,6429, ,CFS
SHA,H,76,INFLOW,20111014,1600,6857, ,CFS
SHA,H,76,INFLOW,20111014,1700,9776, ,CFS
SHA,H,76,INFLOW,20111014,1800,8500, ,CFS
SHA,H,76,INFLOW,20111014,1900,6474, ,CFS
SHA,H,76,INFLOW,20111014,2000,7296, ,CFS
SHA,H,76,INFLOW,20111014,2100,9434, ,CFS
SHA,H,76,INFLOW,20111014,2200,8268, ,CFS
SHA,H,76,INFLOW,20111014,2300,7787, ,CFS
SHA,H,76,INFLOW,20111015,0000,241, ,CFS
SHA,H,76,INFLOW,20111015,0100,7696, ,CFS
SHA,H,76,INFLOW,20111015,0200,1904, ,CFS
SHA,H,76,INFLOW,20111015,0300,1638, ,CFS
SHA,H,76,INFLOW,20111015,0400,1803, ,CFS
SHA,H,76,INFLOW,20111015,0500,1992, ,CFS
SHA,H,76,INFLOW,20111015,0600,-1042, ,CFS
SHA,H,76,INFLOW,20111015,0700,2617, ,CFS
SHA,H,76,INFLOW,20111015,0800,-162, ,CFS
SHA,H,76,INFLOW,20111015,0900,1945, ,CFS
SHA,H,76,INFLOW,20111015,1000,-2740, ,CFS
SHA,H,76,INFLOW,20111015,1100,2071, ,CFS
SHA,H,76,INFLOW,20111015,1200,171, ,CFS
SHA,H,76,INFLOW,20111015,1300,-1654, ,CFS
SHA,H,76,INFLOW,20111015,1400,2486, ,CFS
SHA,H,76,INFLOW,20111015,1500,177, ,CFS
SHA,H,76,INFLOW,20111015,1600,7038, ,CFS
SHA,H,76,INFLOW,20111015,1700,7491, ,CFS
SHA,H,76,INFLOW,20111015,1800,7430, ,CFS
SHA,H,76,INFLOW,20111015,1900,7608, ,CFS
SHA,H,76,INFLOW,20111015,2000,6035, ,CFS
SHA,H,76,INFLOW,20111015,2100,7998, ,CFS
SHA,H,76,INFLOW,20111015,2200,3691, ,CFS
SHA,H,76,INFLOW,20111015,2300,1605, ,CFS
SHA,H,76,INFLOW,20111016,0000,3484, ,CFS
SHA,H,76,INFLOW,20111016,0100,1746, ,CFS
SHA,H,76,INFLOW,20111016,0200,1733, ,CFS
SHA,H,76,INFLOW,20111016,0300,1513, ,CFS
SHA,H,76,INFLOW,20111016,0400,1484, ,CFS
SHA,H,76,INFLOW,20111016,0500,1627, ,CFS
SHA,H,76,INFLOW,20111016,0600,1846, ,CFS
SHA,H,76,INFLOW,20111016,0700,-1689, ,CFS
SHA,H,76,INFLOW,20111016,0800,3060, ,CFS
SHA,H,76,INFLOW,20111016,0900,135, ,CFS
SHA,H,76,INFLOW,20111016,1000,-2762, ,CFS
SHA,H,76,INFLOW,20111016,1100,4315, ,CFS
SHA,H,76,INFLOW,20111016,1200,22, ,CFS
SHA,H,76,INFLOW,20111016,1300,106, ,CFS
SHA,H,76,INFLOW,20111016,1400,7656, ,CFS
SHA,H,76,INFLOW,20111016,1500,-3377, ,CFS
SHA,H,76,INFLOW,20111016,1600,6458, ,CFS
SHA,H,76,INFLOW,20111016,1700,9478, ,CFS
SHA,H,76,INFLOW,20111016,1800,3906, ,CFS
SHA,H,76,INFLOW,20111016,1900,8336, ,CFS
SHA,H,76,INFLOW,20111016,2000,7881, ,CFS
SHA,H,76,INFLOW,20111016,2100,3637, ,CFS
SHA,H,76,INFLOW,20111016,2200,6529, ,CFS
SHA,H,76,INFLOW,20111016,2300,5413, ,CFS
SHA,H,76,INFLOW,20111017,0000,295, ,CFS
SHA,H,76,INFLOW,20111017,0100,4435, ,CFS
SHA,H,76,INFLOW,20111017,0200,1542, ,CFS
SHA,H,76,INFLOW,20111017,0300,4430, ,CFS
SHA,H,76,INFLOW,20111017,0400,1591, ,CFS
SHA,H,76,INFLOW,20111017,0500,1694, ,CFS
SHA,H,76,INFLOW,20111017,0600,1829, ,CFS
SHA,H,76,INFLOW,20111017,0700,2255, ,CFS
SHA,H,76,INFLOW,20111017,0800,1679, ,CFS
SHA,H,76,INFLOW,20111017,0900,1479, ,CFS
SHA,H,76,INFLOW,20111017,1000,1689, ,CFS
SHA,H,76,INFLOW,20111017,1100,652, ,CFS
SHA,H,76,INFLOW,20111017,1200,-538, ,CFS
SHA,H,76,INFLOW,20111017,1300,4267, ,CFS
SHA,H,76,INFLOW,20111017,1400,2485, ,CFS
SHA,H,76,INFLOW,20111017,1500,6823, ,CFS
SHA,H,76,INFLOW,20111017,1600,3333, ,CFS
SHA,H,76,INFLOW,20111017,1700,6044, ,CFS
SHA,H,76,INFLOW,20111017,1800,6641, ,CFS
SHA,H,76,INFLOW,20111017,1900,3700, ,CFS
SHA,H,76,INFLOW,20111017,2000,9483, ,CFS
SHA,H,76,INFLOW,20111017,2100,4801, ,CFS
SHA,H,76,INFLOW,20111017,2200,7289, ,CFS
SHA,H,76,INFLOW,20111017,2300,8210, ,CFS
SHA,H,76,INFLOW,20111018,0000,3795, ,CFS
SHA,H,76,INFLOW,20111018,0100,6605, ,CFS
SHA,H,76,INFLOW,20111018,0200,3706, ,CFS
SHA,H,76,INFLOW,20111018,0300,3704, ,CFS
SHA,H,76,INFLOW,20111018,0400,3694, ,CFS
SHA,H,76,INFLOW,20111018,0500,809, ,CFS
SHA,H,76,INFLOW,20111018,0600,3713, ,CFS
SHA,H,76,INFLOW,20111018,0700,3911, ,CFS
SHA,H,76,INFLOW,20111018,0800,838, ,CFS
SHA,H,76,INFLOW,20111018,0900,3785, ,CFS
SHA,H,76,INFLOW,20111018,1000,2078, ,CFS
SHA,H,76,INFLOW,20111018,1100,-2154, ,CFS
SHA,H,76,INFLOW,20111018,1200,6221, ,CFS
SHA,H,76,INFLOW,20111018,1300,2725, ,CFS
SHA,H,76,INFLOW,20111018,1400,3459, ,CFS
SHA,H,76,INFLOW,20111018,1500,5434, ,CFS
SHA,H,76,INFLOW,20111018,1600,4856, ,CFS
SHA,H,76,INFLOW,20111018,1700,4835, ,CFS
SHA,H,76,INFLOW,20111018,1800,3008, ,CFS
SHA,H,76,INFLOW,20111018,1900,3014, ,CFS
SHA,H,76,INFLOW,20111018,2000,6018, ,CFS
SHA,H,76,INFLOW,20111018,2100,10520, ,CFS
SHA,H,76,INFLOW,20111018,2200,2571, ,CFS
SHA,H,76,INFLOW,20111018,2300,4126, ,CFS
SHA,H,76,INFLOW,20111019,0000,3006, ,CFS
SHA,H,76,INFLOW,20111019,0100,5853, ,CFS
SHA,H,76,INFLOW,20111019,0200,57, ,CFS
SHA,H,76,INFLOW,20111019,0300,2955, ,CFS
SHA,H,76,INFLOW,20111019,0400,2963, ,CFS
SHA,H,76,INFLOW,20111019,0500,69, ,CFS
SHA,H,76,INFLOW,20111019,0600,2965, ,CFS
SHA,H,76,INFLOW,20111019,0700,65, ,CFS
SHA,H,76,INFLOW,20111019,0800,58, ,CFS
SHA,H,76,INFLOW,20111019,0900,5672, ,CFS
SHA,H,76,INFLOW,20111019,1000,-2732, ,CFS
SHA,H,76,INFLOW,20111019,1100,2407, ,CFS
SHA,H,76,INFLOW,20111019,1200,3424, ,CFS
SHA,H,76,INFLOW,20111019,1300,1855, ,CFS
SHA,H,76,INFLOW,20111019,1400,4916, ,CFS
SHA,H,76,INFLOW,20111019,1500,2835, ,CFS
SHA,H,76,INFLOW,20111019,1600,5980, ,CFS
SHA,H,76,INFLOW,20111019,1700,3012, ,CFS
SHA,H,76,INFLOW,20111019,1800,5105, ,CFS
SHA,H,76,INFLOW,20111019,1900,7337, ,CFS
SHA,H,76,INFLOW,20111019,2000,6922, ,CFS
SHA,H,76,INFLOW,20111019,2100,5350, ,CFS
SHA,H,76,INFLOW,20111019,2200,8208, ,CFS
SHA,H,76,INFLOW,20111019,2300,2817, ,CFS
SHA,H,76,INFLOW,20111020,0000,3626, ,CFS
SHA,H,76,INFLOW,20111020,0100,5863, ,CFS
SHA,H,76,INFLOW,20111020,0200,45, ,CFS
SHA,H,76,INFLOW,20111020,0300,2940, ,CFS
SHA,H,76,INFLOW,20111020,0400,2940, ,CFS
SHA,H,76,INFLOW,20111020,0500,2946, ,CFS
SHA,H,76,INFLOW,20111020,0600,2943, ,CFS
SHA,H,76,INFLOW,20111020,0700,81, ,CFS
SHA,H,76,INFLOW,20111020,0800,47, ,CFS
SHA,H,76,INFLOW,20111020,0900,131, ,CFS
SHA,H,76,INFLOW,20111020,1000,-1023, ,CFS
SHA,H,76,INFLOW,20111020,1100,2557, ,CFS
SHA,H,76,INFLOW,20111020,1200,2407, ,CFS
SHA,H,76,INFLOW,20111020,1300,3234, ,CFS
SHA,H,76,INFLOW,20111020,1400,4665, ,CFS
SHA,H,76,INFLOW,20111020,1500,4311, ,CFS
SHA,H,76,INFLOW,20111020,1600,5973, ,CFS
SHA,H,76,INFLOW,20111020,1700,5920, ,CFS
SHA,H,76,INFLOW,20111020,1800,8809, ,CFS
SHA,H,76,INFLOW,20111020,1900,2840, ,CFS
SHA,H,76,INFLOW,20111020,2000,10374, ,CFS
SHA,H,76,INFLOW,20111020,2100,4384, ,CFS
SHA,H,76,INFLOW,20111020,2200,10896, ,CFS
SHA,H,76,INFLOW,20111020,2300,-65, ,CFS
SHA,H,76,INFLOW,20111021,0000,9578, ,CFS
SHA,H,76,INFLOW,20111021,0100,3616, ,CFS
SHA,H,76,INFLOW,20111021,0200,3620, ,CFS
SHA,H,76,INFLOW,20111021,0300,3629, ,CFS
SHA,H,76,INFLOW,20111021,0400,3628, ,CFS
SHA,H,76,INFLOW,20111021,0500,718, ,CFS
SHA,H,76,INFLOW,20111021,0600,6633, ,CFS
SHA,H,76,INFLOW,20111021,0700,555, ,CFS
SHA,H,76,INFLOW,20111021,0800,4758, ,CFS
SHA,H,76,INFLOW,20111021,0900,14, ,CFS
SHA,H,76,INFLOW,20111021,1000,910, ,CFS
SHA,H,76,INFLOW,20111021,1100,-99, ,CFS
SHA,H,76,INFLOW,20111021,1200,7009, ,CFS
SHA,H,76,INFLOW,20111021,1300,3561, ,CFS
SHA,H,76,INFLOW,20111021,1400,4266, ,CFS
SHA,H,76,INFLOW,20111021,1500,1234, ,CFS
SHA,H,76,INFLOW,20111021,1600,3860, ,CFS
SHA,H,76,INFLOW,20111021,1700,6607, ,CFS
SHA,H,76,INFLOW,20111021,1800,2025, ,CFS
SHA,H,76,INFLOW,20111021,1900,7992, ,CFS
SHA,H,76,INFLOW,20111021,2000,5252, ,CFS
SHA,H,76,INFLOW,20111021,2100,9057, ,CFS
SHA,H,76,INFLOW,20111021,2200,7968, ,CFS
SHA,H,76,INFLOW,20111021,2300,4782, ,CFS
SHA,H,76,INFLOW,20111022,0000,3745, ,CFS
SHA,H,76,INFLOW,20111022,0100,3424, ,CFS
SHA,H,76,INFLOW,20111022,0200,728, ,CFS
SHA,H,76,INFLOW,20111022,0300,3735, ,CFS
SHA,H,76,INFLOW,20111022,0400,547, ,CFS
SHA,H,76,INFLOW,20111022,0500,3441, ,CFS
SHA,H,76,INFLOW,20111022,0600,647, ,CFS
SHA,H,76,INFLOW,20111022,0700,5416, ,CFS
SHA,H,76,INFLOW,20111022,0800,2411, ,CFS
SHA,H,76,INFLOW,20111022,0900,2462, ,CFS
SHA,H,76,INFLOW,20111022,1000,-2029, ,CFS
SHA,H,76,INFLOW,20111022,1100,3418, ,CFS
SHA,H,76,INFLOW,20111022,1200,5970, ,CFS
SHA,H,76,INFLOW,20111022,1300,4738, ,CFS
SHA,H,76,INFLOW,20111022,1400,6044, ,CFS
SHA,H,76,INFLOW,20111022,1500,462, ,CFS
SHA,H,76,INFLOW,20111022,1600,6403, ,CFS
SHA,H,76,INFLOW,20111022,1700,5757, ,CFS
SHA,H,76,INFLOW,20111022,1800,4850, ,CFS
SHA,H,76,INFLOW,20111022,1900,8016, ,CFS
SHA,H,76,INFLOW,20111022,2000,5153, ,CFS
SHA,H,76,INFLOW,20111022,2100,4490, ,CFS
SHA,H,76,INFLOW,20111022,2200,10787, ,CFS
SHA,H,76,INFLOW,20111022,2300,4338, ,CFS
SHA,H,76,INFLOW,20111023,0000,3732, ,CFS
SHA,H,76,INFLOW,20111023,0100,9178, ,CFS
SHA,H,76,INFLOW,20111023,0200,-5180, ,CFS
SHA,H,76,INFLOW,20111023,0300,6248, ,CFS
SHA,H,76,INFLOW,20111023,0400,522, ,CFS
SHA,H,76,INFLOW,20111023,0500,-2626, ,CFS
SHA,H,76,INFLOW,20111023,0600,3101, ,CFS
SHA,H,76,INFLOW,20111023,0700,1932, ,CFS
SHA,H,76,INFLOW,20111023,0800,2657, ,CFS
SHA,H,76,INFLOW,20111023,0900,2831, ,CFS
SHA,H,76,INFLOW,20111023,1000,-1854, ,CFS
SHA,H,76,INFLOW,20111023,1100,5641, ,CFS
SHA,H,76,INFLOW,20111023,1200,585, ,CFS
SHA,H,76,INFLOW,20111023,1300,3810, ,CFS
SHA,H,76,INFLOW,20111023,1400,3992, ,CFS
SHA,H,76,INFLOW,20111023,1500,1415, ,CFS
SHA,H,76,INFLOW,20111023,1600,7577, ,CFS
SHA,H,76,INFLOW,20111023,1700,6624, ,CFS
SHA,H,76,INFLOW,20111023,1800,4102, ,CFS
SHA,H,76,INFLOW,20111023,1900,10040, ,CFS
SHA,H,76,INFLOW,20111023,2000,8971, ,CFS
SHA,H,76,INFLOW,20111023,2100,5733, ,CFS
SHA,H,76,INFLOW,20111023,2200,8353, ,CFS
SHA,H,76,INFLOW,20111023,2300,2711, ,CFS
SHA,H,76,INFLOW,20111024,0000,5245, ,CFS
SHA,H,76,INFLOW,20111024,0100,3406, ,CFS
SHA,H,76,INFLOW,20111024,0200,257, ,CFS
SHA,H,76,INFLOW,20111024,0300,3062, ,CFS
SHA,H,76,INFLOW,20111024,0400,3067, ,CFS
SHA,H,76,INFLOW,20111024,0500,284, ,CFS
SHA,H,76,INFLOW,20111024,0600,687, ,CFS
SHA,H,76,INFLOW,20111024,0700,2183, ,CFS
SHA,H,76,INFLOW,20111024,0800,4158, ,CFS
SHA,H,76,INFLOW,20111024,0900,1598, ,CFS
SHA,H,76,INFLOW,20111024,1000,277, ,CFS
SHA,H,76,INFLOW,20111024,1100,7053, ,CFS
SHA,H,76,INFLOW,20111024,1200,1322, ,CFS
SHA,H,76,INFLOW,20111024,1300,4875, ,CFS
SHA,H,76,INFLOW,20111024,1400,3763, ,CFS
SHA,H,76,INFLOW,20111024,1500,5388, ,CFS
SHA,H,76,INFLOW,20111024,1600,5861, ,CFS
SHA,H,76,INFLOW,20111024,1700,5030, ,CFS
SHA,H,76,INFLOW,20111024,1800,2262, ,CFS
SHA,H,76,INFLOW,20111024,1900,8320, ,CFS
SHA,H,76,INFLOW,20111024,2000,8272, ,CFS
SHA,H,76,INFLOW,20111024,2100,8211, ,CFS
SHA,H,76,INFLOW,20111024,2200,2384, ,CFS
SHA,H,76,INFLOW,20111024,2300,7448, ,CFS
SHA,H,76,INFLOW,20111025,0000,9059, ,CFS
SHA,H,76,INFLOW,20111025,0100,2998, ,CFS
SHA,H,76,INFLOW,20111025,0200,5900, ,CFS
SHA,H,76,INFLOW,20111025,0300,108, ,CFS
SHA,H,76,INFLOW,20111025,0400,5906, ,CFS
SHA,H,76,INFLOW,20111025,0500,106, ,CFS
SHA,H,76,INFLOW,20111025,0600,3115, ,CFS
SHA,H,76,INFLOW,20111025,0700,-903, ,CFS
SHA,H,76,INFLOW,20111025,0800,3412, ,CFS
SHA,H,76,INFLOW,20111025,0900,1320, ,CFS
SHA,H,76,INFLOW,20111025,1000,4348, ,CFS
SHA,H,76,INFLOW,20111025,1100,1470, ,CFS
SHA,H,76,INFLOW,20111025,1200,2058, ,CFS
SHA,H,76,INFLOW,20111025,1300,-420, ,CFS
SHA,H,76,INFLOW,20111025,1400,3500, ,CFS
SHA,H,76,INFLOW,20111025,1500,701, ,CFS
SHA,H,76,INFLOW,20111025,1600,6485, ,CFS
SHA,H,76,INFLOW,20111025,1700,3955, ,CFS
SHA,H,76,INFLOW,20111025,1800,4006, ,CFS
SHA,H,76,INFLOW,20111025,1900,1455, ,CFS
SHA,H,76,INFLOW,20111025,2000,6163, ,CFS
SHA,H,76,INFLOW,20111025,2100,8579, ,CFS
SHA,H,76,INFLOW,20111025,2200,5566, ,CFS
SHA,H,76,INFLOW,20111025,2300,4812, ,CFS
SHA,H,76,INFLOW,20111026,0000,4270, ,CFS
SHA,H,76,INFLOW,20111026,0100,3053, ,CFS
SHA,H,76,INFLOW,20111026,0200,101, ,CFS
SHA,H,76,INFLOW,20111026,0300,2990, ,CFS
SHA,H,76,INFLOW,20111026,0400,5886, ,CFS
SHA,H,76,INFLOW,20111026,0500,-2804, ,CFS
SHA,H,76,INFLOW,20111026,0600,114, ,CFS
SHA,H,76,INFLOW,20111026,0700,197, ,CFS
SHA,H,76,INFLOW,20111026,0800,7612, ,CFS
SHA,H,76,INFLOW,20111026,0900,-1339, ,CFS
SHA,H,76,INFLOW,20111026,1000,2234, ,CFS
SHA,H,76,INFLOW,20111026,1100,1770, ,CFS
SHA,H,76,INFLOW,20111026,1200,7715, ,CFS
SHA,H,76,INFLOW,20111026,1300,1053, ,CFS
SHA,H,76,INFLOW,20111026,1400,-637, ,CFS
SHA,H,76,INFLOW,20111026,1500,11199, ,CFS
SHA,H,76,INFLOW,20111026,1600,1564, ,CFS
SHA,H,76,INFLOW,20111026,1700,5022, ,CFS
SHA,H,76,INFLOW,20111026,1800,5799, ,CFS
SHA,H,76,INFLOW,20111026,1900,6669, ,CFS
SHA,H,76,INFLOW,20111026,2000,10228, ,CFS
SHA,H,76,INFLOW,20111026,2100,7078, ,CFS
SHA,H,76,INFLOW,20111026,2200,4500, ,CFS
SHA,H,76,INFLOW,20111026,2300,6349, ,CFS
SHA,H,76,INFLOW,20111027,0000,2008, ,CFS
SHA,H,76,INFLOW,20111027,0100,8948, ,CFS
SHA,H,76,INFLOW,20111027,0200,-2746, ,CFS
SHA,H,76,INFLOW,20111027,0300,3045, ,CFS
SHA,H,76,INFLOW,20111027,0400,150, ,CFS
SHA,H,76,INFLOW,20111027,0500,149, ,CFS
SHA,H,76,INFLOW,20111027,0600,6014, ,CFS
SHA,H,76,INFLOW,20111027,0700,-1500, ,CFS
SHA,H,76,INFLOW,20111027,0800,740, ,CFS
SHA,H,76,INFLOW,20111027,0900,3852, ,CFS
SHA,H,76,INFLOW,20111027,1000,349, ,CFS
SHA,H,76,INFLOW,20111027,1100,1766, ,CFS
SHA,H,76,INFLOW,20111027,1200,2150, ,CFS
SHA,H,76,INFLOW,20111027,1300,5054, ,CFS
SHA,H,76,INFLOW,20111027,1400,4975, ,CFS
SHA,H,76,INFLOW,20111027,1500,5099, ,CFS
SHA,H,76,INFLOW,20111027,1600,5090, ,CFS
SHA,H,76,INFLOW,20111027,1700,6935, ,CFS
SHA,H,76,INFLOW,20111027,1800,2970, ,CFS
SHA,H,76,INFLOW,20111027,1900,9710, ,CFS
SHA,H,76,INFLOW,20111027,2000,5392, ,CFS
SHA,H,76,INFLOW,20111027,2100,11296, ,CFS
SHA,H,76,INFLOW,20111027,2200,2887, ,CFS
SHA,H,76,INFLOW,20111027,2300,5162, ,CFS
SHA,H,76,INFLOW,20111028,0000,5434, ,CFS
SHA,H,76,INFLOW,20111028,0100,3150, ,CFS
SHA,H,76,INFLOW,20111028,0200,3038, ,CFS
SHA,H,76,INFLOW,20111028,0300,3038, ,CFS
SHA,H,76,INFLOW,20111028,0400,3038, ,CFS
SHA,H,76,INFLOW,20111028,0500,144, ,CFS
SHA,H,76,INFLOW,20111028,0600,506, ,CFS
SHA,H,76,INFLOW,20111028,0700,2500, ,CFS
SHA,H,76,INFLOW,20111028,0800,1452, ,CFS
SHA,H,76,INFLOW,20111028,0900,972, ,CFS
SHA,H,76,INFLOW,20111028,1000,453, ,CFS
SHA,H,76,INFLOW,20111028,1100,1636, ,CFS
SHA,H,76,INFLOW,20111028,1200,2510, ,CFS
SHA,H,76,INFLOW,20111028,1300,5825, ,CFS
SHA,H,76,INFLOW,20111028,1400,6899, ,CFS
SHA,H,76,INFLOW,20111028,1500,5026, ,CFS
SHA,H,76,INFLOW,20111028,1600,5369, ,CFS
SHA,H,76,INFLOW,20111028,1700,5193, ,CFS
SHA,H,76,INFLOW,20111028,1800,1376, ,CFS
SHA,H,76,INFLOW,20111028,1900,7290, ,CFS
SHA,H,76,INFLOW,20111028,2000,6731, ,CFS
SHA,H,76,INFLOW,20111028,2100,10677, ,CFS
SHA,H,76,INFLOW,20111028,2200,5818, ,CFS
SHA,H,76,INFLOW,20111028,2300,3321, ,CFS
SHA,H,76,INFLOW,20111029,0000,5932, ,CFS
SHA,H,76,INFLOW,20111029,0100,3091, ,CFS
SHA,H,76,INFLOW,20111029,0200,3115, ,CFS
SHA,H,76,INFLOW,20111029,0300,3061, ,CFS
SHA,H,76,INFLOW,20111029,0400,184, ,CFS
SHA,H,76,INFLOW,20111029,0500,3065, ,CFS
SHA,H,76,INFLOW,20111029,0600,337, ,CFS
SHA,H,76,INFLOW,20111029,0700,2719, ,CFS
SHA,H,76,INFLOW,20111029,0800,1893, ,CFS
SHA,H,76,INFLOW,20111029,0900,-723, ,CFS
SHA,H,76,INFLOW,20111029,1000,4801, ,CFS
SHA,H,76,INFLOW,20111029,1100,-1360, ,CFS
SHA,H,76,INFLOW,20111029,1200,4529, ,CFS
SHA,H,76,INFLOW,20111029,1300,-1136, ,CFS
SHA,H,76,INFLOW,20111029,1400,6240, ,CFS
SHA,H,76,INFLOW,20111029,1500,4621, ,CFS
SHA,H,76,INFLOW,20111029,1600,1954, ,CFS
SHA,H,76,INFLOW,20111029,1700,4984, ,CFS
SHA,H,76,INFLOW,20111029,1800,6581, ,CFS
SHA,H,76,INFLOW,20111029,1900,2308, ,CFS
SHA,H,76,INFLOW,20111029,2000,11257, ,CFS
SHA,H,76,INFLOW,20111029,2100,6732, ,CFS
SHA,H,76,INFLOW,20111029,2200,7424, ,CFS
SHA,H,76,INFLOW,20111029,2300,2763, ,CFS
SHA,H,76,INFLOW,20111030,0000,2411, ,CFS
SHA,H,76,INFLOW,20111030,0100,3399, ,CFS
SHA,H,76,INFLOW,20111030,0200,5901, ,CFS
SHA,H,76,INFLOW,20111030,0300,2992, ,CFS
SHA,H,76,INFLOW,20111030,0400,2989, ,CFS
SHA,H,76,INFLOW,20111030,0500,106, ,CFS
SHA,H,76,INFLOW,20111030,0600,-2466, ,CFS
SHA,H,76,INFLOW,20111030,0700,1916, ,CFS
SHA,H,76,INFLOW,20111030,0800,2425, ,CFS
SHA,H,76,INFLOW,20111030,0900,2466, ,CFS
SHA,H,76,INFLOW,20111030,1000,-1713, ,CFS
SHA,H,76,INFLOW,20111030,1100,-668, ,CFS
SHA,H,76,INFLOW,20111030,1200,2997, ,CFS
SHA,H,76,INFLOW,20111030,1300,2696, ,CFS
SHA,H,76,INFLOW,20111030,1400,4439, ,CFS
SHA,H,76,INFLOW,20111030,1500,7527, ,CFS
SHA,H,76,INFLOW,20111030,1600,5209, ,CFS
SHA,H,76,INFLOW,20111030,1700,6332, ,CFS
SHA,H,76,INFLOW,20111030,1800,4898, ,CFS
SHA,H,76,INFLOW,20111030,1900,6858, ,CFS
SHA,H,76,INFLOW,20111030,2000,7326, ,CFS
SHA,H,76,INFLOW,20111030,2100,6589, ,CFS
SHA,H,76,INFLOW,20111030,2200,3812, ,CFS
SHA,H,76,INFLOW,20111030,2300,7928, ,CFS
SHA,H,76,INFLOW,20111031,0000,3480, ,CFS
SHA,H,76,INFLOW,20111031,0100,3265, ,CFS
SHA,H,76,INFLOW,20111031,0200,3024, ,CFS
SHA,H,76,INFLOW,20111031,0300,120, ,CFS
SHA,H,76,INFLOW,20111031,0400,3035, ,CFS
SHA,H,76,INFLOW,20111031,0500,389, ,CFS
SHA,H,76,INFLOW,20111031,0600,2762, ,CFS
SHA,H,76,INFLOW,20111031,0700,3174, ,CFS
SHA,H,76,INFLOW,20111031,0800,1730, ,CFS
SHA,H,76,INFLOW,20111031,0900,4472, ,CFS
SHA,H,76,INFLOW,20111031,1000,5858, ,CFS
SHA,H,76,INFLOW,20111031,1100,1344, ,CFS
SHA,H,76,INFLOW,20111031,1200,6116, ,CFS
SHA,H,76,INFLOW,20111031,1300,5392, ,CFS
SHA,H,76,INFLOW,20111031,1400,3195, ,CFS
SHA,H,76,INFLOW,20111031,1500,4486, ,CFS
SHA,H,76,INFLOW,20111031,1600,7406, ,CFS
SHA,H,76,INFLOW,20111031,1700,3596, ,CFS
SHA,H,76,INFLOW,20111031,1800,4551, ,CFS
SHA,H,76,INFLOW,20111031,1900,7128, ,CFS
SHA,H,76,INFLOW,20111031,2000,7780, ,CFS
SHA,H,76,INFLOW,20111031,2100,5792, ,CFS
SHA,H,76,INFLOW,20111031,2200,3615, ,CFS
SHA,H,76,INFLOW,20111031,2300,-208, ,CFS
SHA,H,76,INFLOW,20111101,0000,6456, ,CFS
SHA,H,76,INFLOW,20111101,0100,465, ,CFS
SHA,H,76,INFLOW,20111101,0200,8794, ,CFS
SHA,H,76,INFLOW,20111101,0300,125, ,CFS
SHA,H,76,INFLOW,20111101,0400,-2763, ,CFS
SHA,H,76,INFLOW,20111101,0500,6257, ,CFS
SHA,H,76,INFLOW,20111101,0600,-2117, ,CFS
SHA,H,76,INFLOW,20111101,0700,5697, ,CFS
SHA,H,76,INFLOW,20111101,0800,1189, ,CFS
SHA,H,76,INFLOW,20111101,0900,8237, ,CFS
SHA,H,76,INFLOW,20111101,1000,5181, ,CFS
SHA,H,76,INFLOW,20111101,1100,683, ,CFS
SHA,H,76,INFLOW,20111101,1200,3194, ,CFS
SHA,H,76,INFLOW,20111101,1300,324, ,CFS
SHA,H,76,INFLOW,20111101,1400,6846, ,CFS
SHA,H,76,INFLOW,20111101,1500,5726, ,CFS
SHA,H,76,INFLOW,20111101,1600,5750, ,CFS
SHA,H,76,INFLOW,20111101,1700,4944, ,CFS
SHA,H,76,INFLOW,20111101,1800,7732, ,CFS
SHA,H,76,INFLOW,20111101,1900,3773, ,CFS
SHA,H,76,INFLOW,20111101,2000,7846, ,CFS
SHA,H,76,INFLOW,20111101,2100,8006, ,CFS
SHA,H,76,INFLOW,20111101,2200,-125, ,CFS
SHA,H,76,INFLOW,20111101,2300,14149, ,CFS
SHA,H,76,INFLOW,20111102,0000,4189, ,CFS
SHA,H,76,INFLOW,20111102,0100,3539, ,CFS
SHA,H,76,INFLOW,20111102,0200,3044, ,CFS
SHA,H,76,INFLOW,20111102,0300,150, ,CFS
SHA,H,76,INFLOW,20111102,0400,5956, ,CFS
SHA,H,76,INFLOW,20111102,0500,3402, ,CFS
SHA,H,76,INFLOW,20111102,0600,3381, ,CFS
SHA,H,76,INFLOW,20111102,0700,9330, ,CFS
SHA,H,76,INFLOW,20111102,0800,-1081, ,CFS
SHA,H,76,INFLOW,20111102,0900,6634, ,CFS
SHA,H,76,INFLOW,20111102,1000,3953, ,CFS
SHA,H,76,INFLOW,20111102,1100,2214, ,CFS
SHA,H,76,INFLOW,20111102,1200,6580, ,CFS
SHA,H,76,INFLOW,20111102,1300,4684, ,CFS
SHA,H,76,INFLOW,20111102,1400,3693, ,CFS
SHA,H,76,INFLOW,20111102,1500,6960, ,CFS
SHA,H,76,INFLOW,20111102,1600,10133, ,CFS
SHA,H,76,INFLOW,20111102,1700,3245, ,CFS
SHA,H,76,INFLOW,20111102,1800,3570, ,CFS
SHA,H,76,INFLOW,20111102,1900,7754, ,CFS
SHA,H,76,INFLOW,20111102,2000,7549, ,CFS
SHA,H,76,INFLOW,20111102,2100,9791, ,CFS
SHA,H,76,INFLOW,20111102,2200,214, ,CFS
SHA,H,76,INFLOW,20111102,2300,7847, ,CFS
SHA,H,76,INFLOW,20111103,0000,3202, ,CFS
SHA,H,76,INFLOW,20111103,0100,6673, ,CFS
SHA,H,76,INFLOW,20111103,0200,3615, ,CFS
SHA,H,76,INFLOW,20111103,0300,4169, ,CFS
SHA,H,76,INFLOW,20111103,0400,3116, ,CFS
SHA,H,76,INFLOW,20111103,0500,3049, ,CFS
SHA,H,76,INFLOW,20111103,0600,3419, ,CFS
SHA,H,76,INFLOW,20111103,0700,3821, ,CFS
SHA,H,76,INFLOW,20111103,0800,851, ,CFS
SHA,H,76,INFLOW,20111103,0900,6455, ,CFS
SHA,H,76,INFLOW,20111103,1000,10304, ,CFS
SHA,H,76,INFLOW,20111103,1100,-895, ,CFS
SHA,H,76,INFLOW,20111103,1200,11356, ,CFS
SHA,H,76,INFLOW,20111103,1300,-374, ,CFS
SHA,H,76,INFLOW,20111103,1400,10079, ,CFS
SHA,H,76,INFLOW,20111103,1500,1456, ,CFS
SHA,H,76,INFLOW,20111103,1600,5108, ,CFS
SHA,H,76,INFLOW,20111103,1700,5865, ,CFS
SHA,H,76,INFLOW,20111103,1800,-1285, ,CFS
SHA,H,76,INFLOW,20111103,1900,9220, ,CFS
SHA,H,76,INFLOW,20111103,2000,9150, ,CFS
SHA,H,76,INFLOW,20111103,2100,8529, ,CFS
SHA,H,76,INFLOW,20111103,2200,4555, ,CFS
SHA,H,76,INFLOW,20111103,2300,6797, ,CFS
SHA,H,76,INFLOW,20111104,0000,-2983, ,CFS
SHA,H,76,INFLOW,20111104,0100,3159, ,CFS
SHA,H,76,INFLOW,20111104,0200,3070, ,CFS
SHA,H,76,INFLOW,20111104,0300,188, ,CFS
SHA,H,76,INFLOW,20111104,0400,3069, ,CFS
SHA,H,76,INFLOW,20111104,0500,368, ,CFS
SHA,H,76,INFLOW,20111104,0600,2141, ,CFS
SHA,H,76,INFLOW,20111104,0700,4528, ,CFS
SHA,H,76,INFLOW,20111104,0800,9074, ,CFS
SHA,H,76,INFLOW,20111104,0900,3809, ,CFS
SHA,H,76,INFLOW,20111104,1000,12154, ,CFS
SHA,H,76,INFLOW,20111104,1100,-4389, ,CFS
SHA,H,76,INFLOW,20111104,1200,6584, ,CFS
SHA,H,76,INFLOW,20111104,1300,4198, ,CFS
SHA,H,76,INFLOW,20111104,1400,-1026, ,CFS
SHA,H,76,INFLOW,20111104,1500,7335, ,CFS
SHA,H,76,INFLOW,20111104,1600,352, ,CFS
SHA,H,76,INFLOW,20111104,1700,4027, ,CFS
SHA,H,76,INFLOW,20111104,1800,5776, ,CFS
SHA,H,76,INFLOW,20111104,1900,6115, ,CFS
SHA,H,76,INFLOW,20111104,2000,12591, ,CFS
SHA,H,76,INFLOW,20111104,2100,5382, ,CFS
SHA,H,76,INFLOW,20111104,2200,6827, ,CFS
SHA,H,76,INFLOW,20111104,2300,3985, ,CFS
SHA,H,76,INFLOW,20111105,0000,135, ,CFS
SHA,H,76,INFLOW,20111105,0100,5147, ,CFS
SHA,H,76,INFLOW,20111105,0200,1997, ,CFS
SHA,H,76,INFLOW,20111105,0300,3334, ,CFS
SHA,H,76,INFLOW,20111105,0400,3009, ,CFS
SHA,H,76,INFLOW,20111105,0500,247, ,CFS
SHA,H,76,INFLOW,20111105,0600,3572, ,CFS
SHA,H,76,INFLOW,20111105,0700,4828, ,CFS
SHA,H,76,INFLOW,20111105,0800,1005, ,CFS
SHA,H,76,INFLOW,20111105,0900,5083, ,CFS
SHA,H,76,INFLOW,20111105,1000,5579, ,CFS
SHA,H,76,INFLOW,20111105,1100,984, ,CFS
SHA,H,76,INFLOW,20111105,1200,8220, ,CFS
SHA,H,76,INFLOW,20111105,1300,-427, ,CFS
SHA,H,76,INFLOW,20111105,1400,5165, ,CFS
SHA,H,76,INFLOW,20111105,1500,6072, ,CFS
SHA,H,76,INFLOW,20111105,1600,80, ,CFS
SHA,H,76,INFLOW,20111105,1700,8581, ,CFS
SHA,H,76,INFLOW,20111105,1800,2908, ,CFS
SHA,H,76,INFLOW,20111105,1900,9881, ,CFS
SHA,H,76,INFLOW,20111105,2000,14980, ,CFS
SHA,H,76,INFLOW,20111105,2100,8711, ,CFS
SHA,H,76,INFLOW,20111105,2200,6922, ,CFS
SHA,H,76,INFLOW,20111105,2300,7545, ,CFS
SHA,H,76,INFLOW,20111106,0000,3358, ,CFS
SHA,H,76,INFLOW,20111106,0100,5040, ,CFS
SHA,H,76,INFLOW,20111106,0200,2823, ,CFS
SHA,H,76,INFLOW,20111106,0300,5430, ,CFS
SHA,H,76,INFLOW,20111106,0400,-3163, ,CFS
SHA,H,76,INFLOW,20111106,0500,5568, ,CFS
SHA,H,76,INFLOW,20111106,0600,3073, ,CFS
SHA,H,76,INFLOW,20111106,0700,-4, ,CFS
SHA,H,76,INFLOW,20111106,0800,4776, ,CFS
SHA,H,76,INFLOW,20111106,0900,3822, ,CFS
SHA,H,76,INFLOW,20111106,1000,4112, ,CFS
SHA,H,76,INFLOW,20111106,1100,3859, ,CFS
SHA,H,76,INFLOW,20111106,1200,7175, ,CFS
SHA,H,76,INFLOW,20111106,1300,1400, ,CFS
SHA,H,76,INFLOW,20111106,1400,6790, ,CFS
SHA,H,76,INFLOW,20111106,1500,2074, ,CFS
SHA,H,76,INFLOW,20111106,1600,5750, ,CFS
SHA,H,76,INFLOW,20111106,1700,6494, ,CFS
SHA,H,76,INFLOW,20111106,1800,2034, ,CFS
SHA,H,76,INFLOW,20111106,1900,10500, ,CFS
SHA,H,76,INFLOW,20111106,2000,7266, ,CFS
SHA,H,76,INFLOW,20111106,2100,6756, ,CFS
SHA,H,76,INFLOW,20111106,2200,10047, ,CFS
SHA,H,76,INFLOW,20111106,2300,851, ,CFS
SHA,H,76,INFLOW,20111107,0000,4655, ,CFS
SHA,H,76,INFLOW,20111107,0100,2547, ,CFS
SHA,H,76,INFLOW,20111107,0200,560, ,CFS
SHA,H,76,INFLOW,20111107,0300,6133, ,CFS
SHA,H,76,INFLOW,20111107,0400,3022, ,CFS
SHA,H,76,INFLOW,20111107,0500,-2189, ,CFS
SHA,H,76,INFLOW,20111107,0600,5721, ,CFS
SHA,H,76,INFLOW,20111107,0700,357, ,CFS
SHA,H,76,INFLOW,20111107,0800,6730, ,CFS
SHA,H,76,INFLOW,20111107,0900,7143, ,CFS
SHA,H,76,INFLOW,20111107,1000,3682, ,CFS
SHA,H,76,INFLOW,20111107,1100,3310, ,CFS
SHA,H,76,INFLOW,20111107,1200,4975, ,CFS
SHA,H,76,INFLOW,20111107,1300,4676, ,CFS
SHA,H,76,INFLOW,20111107,1400,185, ,CFS
SHA,H,76,INFLOW,20111107,1500,5851, ,CFS
SHA,H,76,INFLOW,20111107,1600,5593, ,CFS
SHA,H,76,INFLOW,20111107,1700,-949, ,CFS
SHA,H,76,INFLOW,20111107,1800,5916, ,CFS
SHA,H,76,INFLOW,20111107,1900,9178, ,CFS
SHA,H,76,INFLOW,20111107,2000,9982, ,CFS
SHA,H,76,INFLOW,20111107,2100,8635, ,CFS
SHA,H,76,INFLOW,20111107,2200,1531, ,CFS
SHA,H,76,INFLOW,20111107,2300,3838, ,CFS
SHA,H,76,INFLOW,20111108,0000,4940, ,CFS
SHA,H,76,INFLOW,20111108,0100,3649, ,CFS
SHA,H,76,INFLOW,20111108,0200,73, ,CFS
SHA,H,76,INFLOW,20111108,0300,62, ,CFS
SHA,H,76,INFLOW,20111108,0400,3168, ,CFS
SHA,H,76,INFLOW,20111108,0500,709, ,CFS
SHA,H,76,INFLOW,20111108,0600,2185, ,CFS
SHA,H,76,INFLOW,20111108,0700,-2237, ,CFS
SHA,H,76,INFLOW,20111108,0800,10886, ,CFS
SHA,H,76,INFLOW,20111108,0900,1328, ,CFS
SHA,H,76,INFLOW,20111108,1000,3599, ,CFS
SHA,H,76,INFLOW,20111108,1100,4629, ,CFS
SHA,H,76,INFLOW,20111108,1200,2554, ,CFS
SHA,H,76,INFLOW,20111108,1300,8246, ,CFS
SHA,H,76,INFLOW,20111108,1400,-196, ,CFS
SHA,H,76,INFLOW,20111108,1500,5219, ,CFS
SHA,H,76,INFLOW,20111108,1600,4900, ,CFS
SHA,H,76,INFLOW,20111108,1700,1157, ,CFS
SHA,H,76,INFLOW,20111108,1800,5880, ,CFS
SHA,H,76,INFLOW,20111108,1900,9338, ,CFS
SHA,H,76,INFLOW,20111108,2000,9260, ,CFS
SHA,H,76,INFLOW,20111108,2100,3729, ,CFS
SHA,H,76,INFLOW,20111108,2200,7335, ,CFS
SHA,H,76,INFLOW,20111108,2300,1663, ,CFS
SHA,H,76,INFLOW,20111109,0000,7248, ,CFS
SHA,H,76,INFLOW,20111109,0100,297, ,CFS
SHA,H,76,INFLOW,20111109,0200,54, ,CFS
SHA,H,76,INFLOW,20111109,0300,2927, ,CFS
SHA,H,76,INFLOW,20111109,0400,380, ,CFS
SHA,H,76,INFLOW,20111109,0500,447, ,CFS
SHA,H,76,INFLOW,20111109,0600,2237, ,CFS
SHA,H,76,INFLOW,20111109,0700,-1599, ,CFS
SHA,H,76,INFLOW,20111109,0800,8162, ,CFS
SHA,H,76,INFLOW,20111109,0900,1062, ,CFS
SHA,H,76,INFLOW,20111109,1000,5964, ,CFS
SHA,H,76,INFLOW,20111109,1100,3872, ,CFS
SHA,H,76,INFLOW,20111109,1200,3630, ,CFS
SHA,H,76,INFLOW,20111109,1300,1666, ,CFS
SHA,H,76,INFLOW,20111109,1400,4178, ,CFS
SHA,H,76,INFLOW,20111109,1500,3095, ,CFS
SHA,H,76,INFLOW,20111109,1600,3055, ,CFS
SHA,H,76,INFLOW,20111109,1700,2560, ,CFS
SHA,H,76,INFLOW,20111109,1800,4236, ,CFS
SHA,H,76,INFLOW,20111109,1900,10813, ,CFS
SHA,H,76,INFLOW,20111109,2000,5501, ,CFS
SHA,H,76,INFLOW,20111109,2100,5570, ,CFS
SHA,H,76,INFLOW,20111109,2200,7385, ,CFS
SHA,H,76,INFLOW,20111109,2300,1289, ,CFS
SHA,H,76,INFLOW,20111110,0000,4168, ,CFS
SHA,H,76,INFLOW,20111110,0100,463, ,CFS
SHA,H,76,INFLOW,20111110,0200,348, ,CFS
SHA,H,76,INFLOW,20111110,0300,3266, ,CFS
SHA,H,76,INFLOW,20111110,0400,474, ,CFS
SHA,H,76,INFLOW,20111110,0500,481, ,CFS
SHA,H,76,INFLOW,20111110,0600,899, ,CFS
SHA,H,76,INFLOW,20111110,0700,3421, ,CFS
SHA,H,76,INFLOW,20111110,0800,4078, ,CFS
SHA,H,76,INFLOW,20111110,0900,4420, ,CFS
SHA,H,76,INFLOW,20111110,1000,6555, ,CFS
SHA,H,76,INFLOW,20111110,1100,-3675, ,CFS
SHA,H,76,INFLOW,20111110,1200,3216, ,CFS
SHA,H,76,INFLOW,20111110,1300,3786, ,CFS
SHA,H,76,INFLOW,20111110,1400,432, ,CFS
SHA,H,76,INFLOW,20111110,1500,88, ,CFS
SHA,H,76,INFLOW,20111110,1600,5840, ,CFS
SHA,H,76,INFLOW,20111110,1700,3782, ,CFS
SHA,H,76,INFLOW,20111110,1800,3757, ,CFS
SHA,H,76,INFLOW,20111110,1900,13299, ,CFS
SHA,H,76,INFLOW,20111110,2000,4375, ,CFS
SHA,H,76,INFLOW,20111110,2100,10682, ,CFS
SHA,H,76,INFLOW,20111110,2200,3938, ,CFS
SHA,H,76,INFLOW,20111110,2300,7089, ,CFS
SHA,H,76,INFLOW,20111111,0000,4483, ,CFS
SHA,H,76,INFLOW,20111111,0100,372, ,CFS
SHA,H,76,INFLOW,20111111,0200,3137, ,CFS
SHA,H,76,INFLOW,20111111,0300,70, ,CFS
SHA,H,76,INFLOW,20111111,0400,5784, ,CFS
SHA,H,76,INFLOW,20111111,0500,2929, ,CFS
SHA,H,76,INFLOW,20111111,0600,-2259, ,CFS
SHA,H,76,INFLOW,20111111,0700,1493, ,CFS
SHA,H,76,INFLOW,20111111,0800,3041, ,CFS
SHA,H,76,INFLOW,20111111,0900,5942, ,CFS
SHA,H,76,INFLOW,20111111,1000,1060, ,CFS
SHA,H,76,INFLOW,20111111,1100,6283, ,CFS
SHA,H,76,INFLOW,20111111,1200,999, ,CFS
SHA,H,76,INFLOW,20111111,1300,3046, ,CFS
SHA,H,76,INFLOW,20111111,1400,5417, ,CFS
SHA,H,76,INFLOW,20111111,1500,-684, ,CFS
SHA,H,76,INFLOW,20111111,1600,7827, ,CFS
SHA,H,76,INFLOW,20111111,1700,2423, ,CFS
SHA,H,76,INFLOW,20111111,1800,6569, ,CFS
SHA,H,76,INFLOW,20111111,1900,6917, ,CFS
SHA,H,76,INFLOW,20111111,2000,9778, ,CFS
SHA,H,76,INFLOW,20111111,2100,3005, ,CFS
SHA,H,76,INFLOW,20111111,2200,7304, ,CFS
SHA,H,76,INFLOW,20111111,2300,4696, ,CFS
SHA,H,76,INFLOW,20111112,0000,5881, ,CFS
SHA,H,76,INFLOW,20111112,0100,2937, ,CFS
SHA,H,76,INFLOW,20111112,0200,2942, ,CFS
SHA,H,76,INFLOW,20111112,0300,2938, ,CFS
SHA,H,76,INFLOW,20111112,0400,2928, ,CFS
SHA,H,76,INFLOW,20111112,0500,57, ,CFS
SHA,H,76,INFLOW,20111112,0600,3197, ,CFS
SHA,H,76,INFLOW,20111112,0700,2199, ,CFS
SHA,H,76,INFLOW,20111112,0800,2706, ,CFS
SHA,H,76,INFLOW,20111112,0900,-1431, ,CFS
SHA,H,76,INFLOW,20111112,1000,5147, ,CFS
SHA,H,76,INFLOW,20111112,1100,2246, ,CFS
SHA,H,76,INFLOW,20111112,1200,3708, ,CFS
SHA,H,76,INFLOW,20111112,1300,3479, ,CFS
SHA,H,76,INFLOW,20111112,1400,2895, ,CFS
SHA,H,76,INFLOW,20111112,1500,6352, ,CFS
SHA,H,76,INFLOW,20111112,1600,3350, ,CFS
SHA,H,76,INFLOW,20111112,1700,3776, ,CFS
SHA,H,76,INFLOW,20111112,1800,3320, ,CFS
SHA,H,76,INFLOW,20111112,1900,9465, ,CFS
SHA,H,76,INFLOW,20111112,2000,9086, ,CFS
SHA,H,76,INFLOW,20111112,2100,6194, ,CFS
SHA,H,76,INFLOW,20111112,2200,1875, ,CFS
SHA,H,76,INFLOW,20111112,2300,8882, ,CFS
SHA,H,76,INFLOW,20111113,0000,266, ,CFS
SHA,H,76,INFLOW,20111113,0100,2989, ,CFS
SHA,H,76,INFLOW,20111113,0200,2959, ,CFS
SHA,H,76,INFLOW,20111113,0300,5826, ,CFS
SHA,H,76,INFLOW,20111113,0400,-5640, ,CFS
SHA,H,76,INFLOW,20111113,0500,6152, ,CFS
SHA,H,76,INFLOW,20111113,0600,599, ,CFS
SHA,H,76,INFLOW,20111113,0700,3551, ,CFS
SHA,H,76,INFLOW,20111113,0800,-2947, ,CFS
SHA,H,76,INFLOW,20111113,0900,889, ,CFS
SHA,H,76,INFLOW,20111113,1000,2616, ,CFS
SHA,H,76,INFLOW,20111113,1100,3757, ,CFS
SHA,H,76,INFLOW,20111113,1200,6402, ,CFS
SHA,H,76,INFLOW,20111113,1300,-1373, ,CFS
SHA,H,76,INFLOW,20111113,1400,3526, ,CFS
SHA,H,76,INFLOW,20111113,1500,6148, ,CFS
SHA,H,76,INFLOW,20111113,1600,-95, ,CFS
SHA,H,76,INFLOW,20111113,1700,6821, ,CFS
SHA,H,76,INFLOW,20111113,1800,2788, ,CFS
SHA,H,76,INFLOW,20111113,1900,11480, ,CFS
SHA,H,76,INFLOW,20111113,2000,7545, ,CFS
SHA,H,76,INFLOW,20111113,2100,5290, ,CFS
SHA,H,76,INFLOW,20111113,2200,12819, ,CFS
SHA,H,76,INFLOW,20111113,2300,-88, ,CFS
SHA,H,76,INFLOW,20111114,0000,3090, ,CFS
SHA,H,76,INFLOW,20111114,0100,2944, ,CFS
SHA,H,76,INFLOW,20111114,0200,2938, ,CFS
SHA,H,76,INFLOW,20111114,0300,-2797, ,CFS
SHA,H,76,INFLOW,20111114,0400,5805, ,CFS
SHA,H,76,INFLOW,20111114,0500,73, ,CFS
SHA,H,76,INFLOW,20111114,0600,444, ,CFS
SHA,H,76,INFLOW,20111114,0700,1718, ,CFS
SHA,H,76,INFLOW,20111114,0800,-1435, ,CFS
SHA,H,76,INFLOW,20111114,0900,5647, ,CFS
SHA,H,76,INFLOW,20111114,1000,-2646, ,CFS
SHA,H,76,INFLOW,20111114,1100,5719, ,CFS
SHA,H,76,INFLOW,20111114,1200,2841, ,CFS
SHA,H,76,INFLOW,20111114,1300,5874, ,CFS
SHA,H,76,INFLOW,20111114,1400,1637, ,CFS
SHA,H,76,INFLOW,20111114,1500,3999, ,CFS
SHA,H,76,INFLOW,20111114,1600,4032, ,CFS
SHA,H,76,INFLOW,20111114,1700,4977, ,CFS
SHA,H,76,INFLOW,20111114,1800,5498, ,CFS
SHA,H,76,INFLOW,20111114,1900,9716, ,CFS
SHA,H,76,INFLOW,20111114,2000,5208, ,CFS
SHA,H,76,INFLOW,20111114,2100,5860, ,CFS
SHA,H,76,INFLOW,20111114,2200,5188, ,CFS
SHA,H,76,INFLOW,20111114,2300,3810, ,CFS
SHA,H,76,INFLOW,20111115,0000,3108, ,CFS
SHA,H,76,INFLOW,20111115,0100,3116, ,CFS
SHA,H,76,INFLOW,20111115,0200,5799, ,CFS
SHA,H,76,INFLOW,20111115,0300,-5611, ,CFS
SHA,H,76,INFLOW,20111115,0400,2947, ,CFS
SHA,H,76,INFLOW,20111115,0500,3094, ,CFS
SHA,H,76,INFLOW,20111115,0600,6063, ,CFS
SHA,H,76,INFLOW,20111115,0700,-5410, ,CFS
SHA,H,76,INFLOW,20111115,0800,3909, ,CFS
SHA,H,76,INFLOW,20111115,0900,4787, ,CFS
SHA,H,76,INFLOW,20111115,1000,2864, ,CFS
SHA,H,76,INFLOW,20111115,1100,5316, ,CFS
SHA,H,76,INFLOW,20111115,1200,4593, ,CFS
SHA,H,76,INFLOW,20111115,1300,-785, ,CFS
SHA,H,76,INFLOW,20111115,1400,6239, ,CFS
SHA,H,76,INFLOW,20111115,1500,6172, ,CFS
SHA,H,76,INFLOW,20111115,1600,3172, ,CFS
SHA,H,76,INFLOW,20111115,1700,1291, ,CFS
SHA,H,76,INFLOW,20111115,1800,6924, ,CFS
SHA,H,76,INFLOW,20111115,1900,6972, ,CFS
SHA,H,76,INFLOW,20111115,2000,15306, ,CFS
SHA,H,76,INFLOW,20111115,2100,3400, ,CFS
SHA,H,76,INFLOW,20111115,2200,3815, ,CFS
SHA,H,76,INFLOW,20111115,2300,3478, ,CFS
SHA,H,76,INFLOW,20111116,0000,2023, ,CFS
SHA,H,76,INFLOW,20111116,0100,3013, ,CFS
SHA,H,76,INFLOW,20111116,0200,2882, ,CFS
SHA,H,76,INFLOW,20111116,0300,29, ,CFS
SHA,H,76,INFLOW,20111116,0400,5736, ,CFS
SHA,H,76,INFLOW,20111116,0500,29, ,CFS
SHA,H,76,INFLOW,20111116,0600,449, ,CFS
SHA,H,76,INFLOW,20111116,0700,3523, ,CFS
SHA,H,76,INFLOW,20111116,0800,1219, ,CFS
SHA,H,76,INFLOW,20111116,0900,4083, ,CFS
SHA,H,76,INFLOW,20111116,1000,4283, ,CFS
SHA,H,76,INFLOW,20111116,1100,1245, ,CFS
SHA,H,76,INFLOW,20111116,1200,7276, ,CFS
SHA,H,76,INFLOW,20111116,1300,3265, ,CFS
SHA,H,76,INFLOW,20111116,1400,3064, ,CFS
SHA,H,76,INFLOW,20111116,1500,7120, ,CFS
SHA,H,76,INFLOW,20111116,1600,4470, ,CFS
SHA,H,76,INFLOW,20111116,1700,1894, ,CFS
SHA,H,76,INFLOW,20111116,1800,4898, ,CFS
SHA,H,76,INFLOW,20111116,1900,11583, ,CFS
SHA,H,76,INFLOW,20111116,2000,7832, ,CFS
SHA,H,76,INFLOW,20111116,2100,6702, ,CFS
SHA,H,76,INFLOW,20111116,2200,3412, ,CFS
SHA,H,76,INFLOW,20111116,2300,4985, ,CFS
SHA,H,76,INFLOW,20111117,0000,3040, ,CFS
SHA,H,76,INFLOW,20111117,0100,77, ,CFS
SHA,H,76,INFLOW,20111117,0200,2932, ,CFS
SHA,H,76,INFLOW,20111117,0300,83, ,CFS
SHA,H,76,INFLOW,20111117,0400,2936, ,CFS
SHA,H,76,INFLOW,20111117,0500,283, ,CFS
SHA,H,76,INFLOW,20111117,0600,3182, ,CFS
SHA,H,76,INFLOW,20111117,0700,2175, ,CFS
SHA,H,76,INFLOW,20111117,0800,2969, ,CFS
SHA,H,76,INFLOW,20111117,0900,8317, ,CFS
SHA,H,76,INFLOW,20111117,1000,2868, ,CFS
SHA,H,76,INFLOW,20111117,1100,15540, ,CFS
SHA,H,76,INFLOW,20111117,1200,7944, ,CFS
SHA,H,76,INFLOW,20111117,1300,-553, ,CFS
SHA,H,76,INFLOW,20111117,1400,4939, ,CFS
SHA,H,76,INFLOW,20111117,1500,-1025, ,CFS
SHA,H,76,INFLOW,20111117,1600,4394, ,CFS
SHA,H,76,INFLOW,20111117,1700,5754, ,CFS
SHA,H,76,INFLOW,20111117,1800,-1303, ,CFS
SHA,H,76,INFLOW,20111117,1900,12228, ,CFS
SHA,H,76,INFLOW,20111117,2000,-1854, ,CFS
SHA,H,76,INFLOW,20111117,2100,1022, ,CFS
SHA,H,76,INFLOW,20111117,2200,14211, ,CFS
SHA,H,76,INFLOW,20111117,2300,-5651, ,CFS
SHA,H,76,INFLOW,20111118,0000,364, ,CFS
SHA,H,76,INFLOW,20111118,0100,5782, ,CFS
SHA,H,76,INFLOW,20111118,0200,2914, ,CFS
SHA,H,76,INFLOW,20111118,0300,2928, ,CFS
SHA,H,76,INFLOW,20111118,0400,102, ,CFS
SHA,H,76,INFLOW,20111118,0500,5971, ,CFS
SHA,H,76,INFLOW,20111118,0600,818, ,CFS
SHA,H,76,INFLOW,20111118,0700,-848, ,CFS
SHA,H,76,INFLOW,20111118,0800,3579, ,CFS
SHA,H,76,INFLOW,20111118,0900,-4588, ,CFS
SHA,H,76,INFLOW,20111118,1000,4230, ,CFS
SHA,H,76,INFLOW,20111118,1100,4043, ,CFS
SHA,H,76,INFLOW,20111118,1200,4329, ,CFS
SHA,H,76,INFLOW,20111118,1300,7651, ,CFS
SHA,H,76,INFLOW,20111118,1400,4366, ,CFS
SHA,H,76,INFLOW,20111118,1500,11089, ,CFS
SHA,H,76,INFLOW,20111118,1600,-10105, ,CFS
SHA,H,76,INFLOW,20111118,1700,7297, ,CFS
SHA,H,76,INFLOW,20111118,1800,6890, ,CFS
SHA,H,76,INFLOW,20111118,1900,7395, ,CFS
SHA,H,76,INFLOW,20111118,2000,9169, ,CFS
SHA,H,76,INFLOW,20111118,2100,13724, ,CFS
SHA,H,76,INFLOW,20111118,2200,-4794, ,CFS
SHA,H,76,INFLOW,20111118,2300,10973, ,CFS
SHA,H,76,INFLOW,20111119,0000,-2294, ,CFS
SHA,H,76,INFLOW,20111119,0100,70, ,CFS
SHA,H,76,INFLOW,20111119,0200,2925, ,CFS
SHA,H,76,INFLOW,20111119,0300,-2369, ,CFS
SHA,H,76,INFLOW,20111119,0400,6200, ,CFS
SHA,H,76,INFLOW,20111119,0500,835, ,CFS
SHA,H,76,INFLOW,20111119,0600,909, ,CFS
SHA,H,76,INFLOW,20111119,0700,585, ,CFS
SHA,H,76,INFLOW,20111119,0800,2883, ,CFS
SHA,H,76,INFLOW,20111119,0900,2208, ,CFS
SHA,H,76,INFLOW,20111119,1000,3655, ,CFS
SHA,H,76,INFLOW,20111119,1100,4007, ,CFS
SHA,H,76,INFLOW,20111119,1200,4705, ,CFS
SHA,H,76,INFLOW,20111119,1300,6881, ,CFS
SHA,H,76,INFLOW,20111119,1400,1828, ,CFS
SHA,H,76,INFLOW,20111119,1500,9809, ,CFS
SHA,H,76,INFLOW,20111119,1600,4292, ,CFS
SHA,H,76,INFLOW,20111119,1700,6955, ,CFS
SHA,H,76,INFLOW,20111119,1800,7100, ,CFS
SHA,H,76,INFLOW,20111119,1900,10899, ,CFS
SHA,H,76,INFLOW,20111119,2000,13552, ,CFS
SHA,H,76,INFLOW,20111119,2100,3601, ,CFS
SHA,H,76,INFLOW,20111119,2200,10312, ,CFS
SHA,H,76,INFLOW,20111119,2300,6398, ,CFS
SHA,H,76,INFLOW,20111120,0000,-122, ,CFS
SHA,H,76,INFLOW,20111120,0100,2406, ,CFS
SHA,H,76,INFLOW,20111120,0200,1688, ,CFS
SHA,H,76,INFLOW,20111120,0300,-1217, ,CFS
SHA,H,76,INFLOW,20111120,0400,7349, ,CFS
SHA,H,76,INFLOW,20111120,0500,-1145, ,CFS
SHA,H,76,INFLOW,20111120,0600,3321, ,CFS
SHA,H,76,INFLOW,20111120,0700,62, ,CFS
SHA,H,76,INFLOW,20111120,0800,2912, ,CFS
SHA,H,76,INFLOW,20111120,0900,298, ,CFS
SHA,H,76,INFLOW,20111120,1000,-1114, ,CFS
SHA,H,76,INFLOW,20111120,1100,11196, ,CFS
SHA,H,76,INFLOW,20111120,1200,527, ,CFS
SHA,H,76,INFLOW,20111120,1300,9627, ,CFS
SHA,H,76,INFLOW,20111120,1400,2904, ,CFS
SHA,H,76,INFLOW,20111120,1500,5011, ,CFS
SHA,H,76,INFLOW,20111120,1600,6981, ,CFS
SHA,H,76,INFLOW,20111120,1700,2582, ,CFS
SHA,H,76,INFLOW,20111120,1800,7199, ,CFS
SHA,H,76,INFLOW,20111120,1900,10286, ,CFS
SHA,H,76,INFLOW,20111120,2000,4582, ,CFS
SHA,H,76,INFLOW,20111120,2100,9665, ,CFS
SHA,H,76,INFLOW,20111120,2200,6377, ,CFS
SHA,H,76,INFLOW,20111120,2300,4635, ,CFS
SHA,H,76,INFLOW,20111121,0000,1443, ,CFS
SHA,H,76,INFLOW,20111121,0100,7088, ,CFS
SHA,H,76,INFLOW,20111121,0200,-1297, ,CFS
SHA,H,76,INFLOW,20111121,0300,1485, ,CFS
SHA,H,76,INFLOW,20111121,0400,1444, ,CFS
SHA,H,76,INFLOW,20111121,0500,-1277, ,CFS
SHA,H,76,INFLOW,20111121,0600,1779, ,CFS
SHA,H,76,INFLOW,20111121,0700,2298, ,CFS
SHA,H,76,INFLOW,20111121,0800,1864, ,CFS
SHA,H,76,INFLOW,20111121,0900,9898, ,CFS
SHA,H,76,INFLOW,20111121,1000,3504, ,CFS
SHA,H,76,INFLOW,20111121,1100,3743, ,CFS
SHA,H,76,INFLOW,20111121,1200,8165, ,CFS
SHA,H,76,INFLOW,20111121,1300,2283, ,CFS
SHA,H,76,INFLOW,20111121,1400,1803, ,CFS
SHA,H,76,INFLOW,20111121,1500,829, ,CFS
SHA,H,76,INFLOW,20111121,1600,1668, ,CFS
SHA,H,76,INFLOW,20111121,1700,-477, ,CFS
SHA,H,76,INFLOW,20111121,1800,5327, ,CFS
SHA,H,76,INFLOW,20111121,1900,8117, ,CFS
SHA,H,76,INFLOW,20111121,2000,7749, ,CFS
SHA,H,76,INFLOW,20111121,2100,8173, ,CFS
SHA,H,76,INFLOW,20111121,2200,5710, ,CFS
SHA,H,76,INFLOW,20111121,2300,1545, ,CFS
SHA,H,76,INFLOW,20111122,0000,4165, ,CFS
SHA,H,76,INFLOW,20111122,0100,3691, ,CFS
SHA,H,76,INFLOW,20111122,0200,3248, ,CFS
SHA,H,76,INFLOW,20111122,0300,2896, ,CFS
SHA,H,76,INFLOW,20111122,0400,8562, ,CFS
SHA,H,76,INFLOW,20111122,0500,2883, ,CFS
SHA,H,76,INFLOW,20111122,0600,-2505, ,CFS
SHA,H,76,INFLOW,20111122,0700,8181, ,CFS
SHA,H,76,INFLOW,20111122,0800,3712, ,CFS
SHA,H,76,INFLOW,20111122,0900,9195, ,CFS
SHA,H,76,INFLOW,20111122,1000,8606, ,CFS
SHA,H,76,INFLOW,20111122,1100,5336, ,CFS
SHA,H,76,INFLOW,20111122,1200,6641, ,CFS
SHA,H,76,INFLOW,20111122,1300,3015, ,CFS
SHA,H,76,INFLOW,20111122,1400,4853, ,CFS
SHA,H,76,INFLOW,20111122,1500,873, ,CFS
SHA,H,76,INFLOW,20111122,1600,3536, ,CFS
SHA,H,76,INFLOW,20111122,1700,673, ,CFS
SHA,H,76,INFLOW,20111122,1800,4902, ,CFS
SHA,H,76,INFLOW,20111122,1900,8118, ,CFS
SHA,H,76,INFLOW,20111122,2000,6390, ,CFS
SHA,H,76,INFLOW,20111122,2100,9771, ,CFS
SHA,H,76,INFLOW,20111122,2200,4890, ,CFS
SHA,H,76,INFLOW,20111122,2300,5534, ,CFS
SHA,H,76,INFLOW,20111123,0000,3211, ,CFS
SHA,H,76,INFLOW,20111123,0100,2882, ,CFS
SHA,H,76,INFLOW,20111123,0200,2881, ,CFS
SHA,H,76,INFLOW,20111123,0300,43, ,CFS
SHA,H,76,INFLOW,20111123,0400,89, ,CFS
SHA,H,76,INFLOW,20111123,0500,499, ,CFS
SHA,H,76,INFLOW,20111123,0600,3003, ,CFS
SHA,H,76,INFLOW,20111123,0700,-141, ,CFS
SHA,H,76,INFLOW,20111123,0800,11143, ,CFS
SHA,H,76,INFLOW,20111123,0900,2578, ,CFS
SHA,H,76,INFLOW,20111123,1000,7850, ,CFS
SHA,H,76,INFLOW,20111123,1100,4528, ,CFS
SHA,H,76,INFLOW,20111123,1200,8261, ,CFS
SHA,H,76,INFLOW,20111123,1300,4970, ,CFS
SHA,H,76,INFLOW,20111123,1400,1272, ,CFS
SHA,H,76,INFLOW,20111123,1500,631, ,CFS
SHA,H,76,INFLOW,20111123,1600,1094, ,CFS
SHA,H,76,INFLOW,20111123,1700,3426, ,CFS
SHA,H,76,INFLOW,20111123,1800,5518, ,CFS
SHA,H,76,INFLOW,20111123,1900,13116, ,CFS
SHA,H,76,INFLOW,20111123,2000,10029, ,CFS
SHA,H,76,INFLOW,20111123,2100,15388, ,CFS
SHA,H,76,INFLOW,20111123,2200,11818, ,CFS
SHA,H,76,INFLOW,20111123,2300,9016, ,CFS
SHA,H,76,INFLOW,20111124,0000,9239, ,CFS
SHA,H,76,INFLOW,20111124,0100,4146, ,CFS
SHA,H,76,INFLOW,20111124,0200,9687, ,CFS
SHA,H,76,INFLOW,20111124,0300,4044, ,CFS
SHA,H,76,INFLOW,20111124,0400,6976, ,CFS
SHA,H,76,INFLOW,20111124,0500,3347, ,CFS
SHA,H,76,INFLOW,20111124,0600,3359, ,CFS
SHA,H,76,INFLOW,20111124,0700,2546, ,CFS
SHA,H,76,INFLOW,20111124,0800,3239, ,CFS
SHA,H,76,INFLOW,20111124,0900,10092, ,CFS
SHA,H,76,INFLOW,20111124,1000,3761, ,CFS
SHA,H,76,INFLOW,20111124,1100,7831, ,CFS
SHA,H,76,INFLOW,20111124,1200,8529, ,CFS
SHA,H,76,INFLOW,20111124,1300,1712, ,CFS
SHA,H,76,INFLOW,20111124,1400,6088, ,CFS
SHA,H,76,INFLOW,20111124,1500,1044, ,CFS
SHA,H,76,INFLOW,20111124,1600,3298, ,CFS
SHA,H,76,INFLOW,20111124,1700,6681, ,CFS
SHA,H,76,INFLOW,20111124,1800,4122, ,CFS
SHA,H,76,INFLOW,20111124,1900,14825, ,CFS
SHA,H,76,INFLOW,20111124,2000,1430, ,CFS
SHA,H,76,INFLOW,20111124,2100,14148, ,CFS
SHA,H,76,INFLOW,20111124,2200,1513, ,CFS
SHA,H,76,INFLOW,20111124,2300,6470, ,CFS
SHA,H,76,INFLOW,20111125,0000,8885, ,CFS
SHA,H,76,INFLOW,20111125,0100,585, ,CFS
SHA,H,76,INFLOW,20111125,0200,8981, ,CFS
SHA,H,76,INFLOW,20111125,0300,451, ,CFS
SHA,H,76,INFLOW,20111125,0400,448, ,CFS
SHA,H,76,INFLOW,20111125,0500,3287, ,CFS
SHA,H,76,INFLOW,20111125,0600,779, ,CFS
SHA,H,76,INFLOW,20111125,0700,5026, ,CFS
SHA,H,76,INFLOW,20111125,0800,2849, ,CFS
SHA,H,76,INFLOW,20111125,0900,5057, ,CFS
SHA,H,76,INFLOW,20111125,1000,7987, ,CFS
SHA,H,76,INFLOW,20111125,1100,2431, ,CFS
SHA,H,76,INFLOW,20111125,1200,8263, ,CFS
SHA,H,76,INFLOW,20111125,1300,4445, ,CFS
SHA,H,76,INFLOW,20111125,1400,1363, ,CFS
SHA,H,76,INFLOW,20111125,1500,3987, ,CFS
SHA,H,76,INFLOW,20111125,1600,-577, ,CFS
SHA,H,76,INFLOW,20111125,1700,1420, ,CFS
SHA,H,76,INFLOW,20111125,1800,6094, ,CFS
SHA,H,76,INFLOW,20111125,1900,11396, ,CFS
SHA,H,76,INFLOW,20111125,2000,6832, ,CFS
SHA,H,76,INFLOW,20111125,2100,11657, ,CFS
SHA,H,76,INFLOW,20111125,2200,4923, ,CFS
SHA,H,76,INFLOW,20111125,2300,2451, ,CFS
SHA,H,76,INFLOW,20111126,0000,6341, ,CFS
SHA,H,76,INFLOW,20111126,0100,562, ,CFS
SHA,H,76,INFLOW,20111126,0200,3397, ,CFS
SHA,H,76,INFLOW,20111126,0300,3399, ,CFS
SHA,H,76,INFLOW,20111126,0400,565, ,CFS
SHA,H,76,INFLOW,20111126,0500,3407, ,CFS
SHA,H,76,INFLOW,20111126,0600,3481, ,CFS
SHA,H,76,INFLOW,20111126,0700,2114, ,CFS
SHA,H,76,INFLOW,20111126,0800,4793, ,CFS
SHA,H,76,INFLOW,20111126,0900,4249, ,CFS
SHA,H,76,INFLOW,20111126,1000,5554, ,CFS
SHA,H,76,INFLOW,20111126,1100,5743, ,CFS
SHA,H,76,INFLOW,20111126,1200,3021, ,CFS
SHA,H,76,INFLOW,20111126,1300,5136, ,CFS
SHA,H,76,INFLOW,20111126,1400,4743, ,CFS
SHA,H,76,INFLOW,20111126,1500,4897, ,CFS
SHA,H,76,INFLOW,20111126,1600,4839, ,CFS
SHA,H,76,INFLOW,20111126,1700,1852, ,CFS
SHA,H,76,INFLOW,20111126,1800,7792, ,CFS
SHA,H,76,INFLOW,20111126,1900,11611, ,CFS
SHA,H,76,INFLOW,20111126,2000,5983, ,CFS
SHA,H,76,INFLOW,20111126,2100,11556, ,CFS
SHA,H,76,INFLOW,20111126,2200,6146, ,CFS
SHA,H,76,INFLOW,20111126,2300,7991, ,CFS
SHA,H,76,INFLOW,20111127,0000,671, ,CFS
SHA,H,76,INFLOW,20111127,0100,6244, ,CFS
SHA,H,76,INFLOW,20111127,0200,570, ,CFS
SHA,H,76,INFLOW,20111127,0300,3406, ,CFS
SHA,H,76,INFLOW,20111127,0400,3410, ,CFS
SHA,H,76,INFLOW,20111127,0500,3408, ,CFS
SHA,H,76,INFLOW,20111127,0600,-1838, ,CFS
SHA,H,76,INFLOW,20111127,0700,4075, ,CFS
SHA,H,76,INFLOW,20111127,0800,1576, ,CFS
SHA,H,76,INFLOW,20111127,0900,3636, ,CFS
SHA,H,76,INFLOW,20111127,1000,-2671, ,CFS
SHA,H,76,INFLOW,20111127,1100,5849, ,CFS
SHA,H,76,INFLOW,20111127,1200,3008, ,CFS
SHA,H,76,INFLOW,20111127,1300,6029, ,CFS
SHA,H,76,INFLOW,20111127,1400,5662, ,CFS
SHA,H,76,INFLOW,20111127,1500,2780, ,CFS
SHA,H,76,INFLOW,20111127,1600,7887, ,CFS
SHA,H,76,INFLOW,20111127,1700,2034, ,CFS
SHA,H,76,INFLOW,20111127,1800,8771, ,CFS
SHA,H,76,INFLOW,20111127,1900,8338, ,CFS
SHA,H,76,INFLOW,20111127,2000,8614, ,CFS
SHA,H,76,INFLOW,20111127,2100,5699, ,CFS
SHA,H,76,INFLOW,20111127,2200,6617, ,CFS
SHA,H,76,INFLOW,20111127,2300,5244, ,CFS
SHA,H,76,INFLOW,20111128,0000,698, ,CFS
SHA,H,76,INFLOW,20111128,0100,3562, ,CFS
SHA,H,76,INFLOW,20111128,0200,1113, ,CFS
SHA,H,76,INFLOW,20111128,0300,3466, ,CFS
SHA,H,76,INFLOW,20111128,0400,3284, ,CFS
SHA,H,76,INFLOW,20111128,0500,581, ,CFS
SHA,H,76,INFLOW,20111128,0600,-2811, ,CFS
SHA,H,76,INFLOW,20111128,0700,8831, ,CFS
SHA,H,76,INFLOW,20111128,0800,-2573, ,CFS
SHA,H,76,INFLOW,20111128,0900,9357, ,CFS
SHA,H,76,INFLOW,20111128,1000,3942, ,CFS
SHA,H,76,INFLOW,20111128,1100,5513, ,CFS
SHA,H,76,INFLOW,20111128,1200,9124, ,CFS
SHA,H,76,INFLOW,20111128,1300,2298, ,CFS
SHA,H,76,INFLOW,20111128,1400,2223, ,CFS
SHA,H,76,INFLOW,20111128,1500,803, ,CFS
SHA,H,76,INFLOW,20111128,1600,3360, ,CFS
SHA,H,76,INFLOW,20111128,1700,1802, ,CFS
SHA,H,76,INFLOW,20111128,1800,2569, ,CFS
SHA,H,76,INFLOW,20111128,1900,10910, ,CFS
SHA,H,76,INFLOW,20111128,2000,8088, ,CFS
SHA,H,76,INFLOW,20111128,2100,8542, ,CFS
SHA,H,76,INFLOW,20111128,2200,5264, ,CFS
SHA,H,76,INFLOW,20111128,2300,669, ,CFS
SHA,H,76,INFLOW,20111129,0000,6207, ,CFS
SHA,H,76,INFLOW,20111129,0100,3764, ,CFS
SHA,H,76,INFLOW,20111129,0200,3306, ,CFS
SHA,H,76,INFLOW,20111129,0300,3302, ,CFS
SHA,H,76,INFLOW,20111129,0400,3302, ,CFS
SHA,H,76,INFLOW,20111129,0500,600, ,CFS
SHA,H,76,INFLOW,20111129,0600,5930, ,CFS
SHA,H,76,INFLOW,20111129,0700,4117, ,CFS
SHA,H,76,INFLOW,20111129,0800,7190, ,CFS
SHA,H,76,INFLOW,20111129,0900,5865, ,CFS
SHA,H,76,INFLOW,20111129,1000,4431, ,CFS
SHA,H,76,INFLOW,20111129,1100,4452, ,CFS
SHA,H,76,INFLOW,20111129,1200,2710, ,CFS
SHA,H,76,INFLOW,20111129,1300,6076, ,CFS
SHA,H,76,INFLOW,20111129,1400,2916, ,CFS
SHA,H,76,INFLOW,20111129,1500,-3576, ,CFS
SHA,H,76,INFLOW,20111129,1600,5320, ,CFS
SHA,H,76,INFLOW,20111129,1700,-1803, ,CFS
SHA,H,76,INFLOW,20111129,1800,11687, ,CFS
SHA,H,76,INFLOW,20111129,1900,6506, ,CFS
SHA,H,76,INFLOW,20111129,2000,3495, ,CFS
SHA,H,76,INFLOW,20111129,2100,12303, ,CFS
SHA,H,76,INFLOW,20111129,2200,2962, ,CFS
SHA,H,76,INFLOW,20111129,2300,2335, ,CFS
SHA,H,76,INFLOW,20111130,0000,241, ,CFS
SHA,H,76,INFLOW,20111130,0100,5863, ,CFS
SHA,H,76,INFLOW,20111130,0200,-2222, ,CFS
SHA,H,76,INFLOW,20111130,0300,2945, ,CFS
SHA,H,76,INFLOW,20111130,0400,2908, ,CFS
SHA,H,76,INFLOW,20111130,0500,-2673, ,CFS
SHA,H,76,INFLOW,20111130,0600,5762, ,CFS
SHA,H,76,INFLOW,20111130,0700,-8254, ,CFS
SHA,H,76,INFLOW,20111130,0800,7528, ,CFS
SHA,H,76,INFLOW,20111130,0900,-200, ,CFS
SHA,H,76,INFLOW,20111130,1000,13739, ,CFS
SHA,H,76,INFLOW,20111130,1100,2198, ,CFS
SHA,H,76,INFLOW,20111130,1200,10378, ,CFS
SHA,H,76,INFLOW,20111130,1300,-238, ,CFS
SHA,H,76,INFLOW,20111130,1400,6670, ,CFS
SHA,H,76,INFLOW,20111130,1500,-6700, ,CFS
SHA,H,76,INFLOW,20111130,1600,4825, ,CFS
SHA,H,76,INFLOW,20111130,1700,-679, ,CFS
SHA,H,76,INFLOW,20111130,1800,-487, ,CFS
SHA,H,76,INFLOW,20111130,1900,15646, ,CFS
SHA,H,76,INFLOW,20111130,2000,7013, ,CFS
SHA,H,76,INFLOW,20111130,2100,12438, ,CFS
SHA,H,76,INFLOW,20111130,2200,-2238, ,CFS
SHA,H,76,INFLOW,20111130,2300,3282, ,CFS
SHA,H,76,INFLOW,20111201,0000,-2720, ,CFS
SHA,H,76,INFLOW,20111201,0100,3224, ,CFS
SHA,H,76,INFLOW,20111201,0200,92, ,CFS
SHA,H,76,INFLOW,20111201,0300,2942, ,CFS
SHA,H,76,INFLOW,20111201,0400,-2738, ,CFS
SHA,H,76,INFLOW,20111201,0500,2944, ,CFS
SHA,H,76,INFLOW,20111201,0600,6024, ,CFS
SHA,H,76,INFLOW,20111201,0700,1093, ,CFS
SHA,H,76,INFLOW,20111201,0800,2800, ,CFS
SHA,H,76,INFLOW,20111201,0900,9541, ,CFS
SHA,H,76,INFLOW,20111201,1000,6802, ,CFS
SHA,H,76,INFLOW,20111201,1100,6195, ,CFS
SHA,H,76,INFLOW,20111201,1200,-2064, ,CFS
SHA,H,76,INFLOW,20111201,1300,8092, ,CFS
SHA,H,76,INFLOW,20111201,1400,-4031, ,CFS
SHA,H,76,INFLOW,20111201,1500,4246, ,CFS
SHA,H,76,INFLOW,20111201,1600,4545, ,CFS
SHA,H,76,INFLOW,20111201,1700,-306, ,CFS
SHA,H,76,INFLOW,20111201,1800,3167, ,CFS
SHA,H,76,INFLOW,20111201,1900,3391, ,CFS
SHA,H,76,INFLOW,20111201,2000,16659, ,CFS
SHA,H,76,INFLOW,20111201,2100,3860, ,CFS
SHA,H,76,INFLOW,20111201,2200,4086, ,CFS
SHA,H,76,INFLOW,20111201,2300,7926, ,CFS
SHA,H,76,INFLOW,20111202,0000,9654, ,CFS
SHA,H,76,INFLOW,20111202,0100,5939, ,CFS
SHA,H,76,INFLOW,20111202,0200,5802, ,CFS
SHA,H,76,INFLOW,20111202,0300,2971, ,CFS
SHA,H,76,INFLOW,20111202,0400,5818, ,CFS
SHA,H,76,INFLOW,20111202,0500,3093, ,CFS
SHA,H,76,INFLOW,20111202,0600,-3498, ,CFS
SHA,H,76,INFLOW,20111202,0700,2093, ,CFS
SHA,H,76,INFLOW,20111202,0800,11599, ,CFS
SHA,H,76,INFLOW,20111202,0900,6033, ,CFS
SHA,H,76,INFLOW,20111202,1000,9403, ,CFS
SHA,H,76,INFLOW,20111202,1100,6413, ,CFS
SHA,H,76,INFLOW,20111202,1200,7587, ,CFS
SHA,H,76,INFLOW,20111202,1300,7600, ,CFS
SHA,H,76,INFLOW,20111202,1400,4584, ,CFS
SHA,H,76,INFLOW,20111202,1500,737, ,CFS
SHA,H,76,INFLOW,20111202,1600,4681, ,CFS
SHA,H,76,INFLOW,20111202,1700,-1739, ,CFS
SHA,H,76,INFLOW,20111202,1800,9196, ,CFS
SHA,H,76,INFLOW,20111202,1900,11473, ,CFS
SHA,H,76,INFLOW,20111202,2000,5664, ,CFS
SHA,H,76,INFLOW,20111202,2100,12187, ,CFS
SHA,H,76,INFLOW,20111202,2200,-2597, ,CFS
SHA,H,76,INFLOW,20111202,2300,3301, ,CFS
SHA,H,76,INFLOW,20111203,0000,8614, ,CFS
SHA,H,76,INFLOW,20111203,0100,98, ,CFS
SHA,H,76,INFLOW,20111203,0200,2937, ,CFS
SHA,H,76,INFLOW,20111203,0300,98, ,CFS
SHA,H,76,INFLOW,20111203,0400,2936, ,CFS
SHA,H,76,INFLOW,20111203,0500,104, ,CFS
SHA,H,76,INFLOW,20111203,0600,2939, ,CFS
SHA,H,76,INFLOW,20111203,0700,108, ,CFS
SHA,H,76,INFLOW,20111203,0800,114, ,CFS
SHA,H,76,INFLOW,20111203,0900,5857, ,CFS
SHA,H,76,INFLOW,20111203,1000,1871, ,CFS
SHA,H,76,INFLOW,20111203,1100,5837, ,CFS
SHA,H,76,INFLOW,20111203,1200,3532, ,CFS
SHA,H,76,INFLOW,20111203,1300,6559, ,CFS
SHA,H,76,INFLOW,20111203,1400,2902, ,CFS
SHA,H,76,INFLOW,20111203,1500,4241, ,CFS
SHA,H,76,INFLOW,20111203,1600,3040, ,CFS
SHA,H,76,INFLOW,20111203,1700,7529, ,CFS
SHA,H,76,INFLOW,20111203,1800,7788, ,CFS
SHA,H,76,INFLOW,20111203,1900,8279, ,CFS
SHA,H,76,INFLOW,20111203,2000,13787, ,CFS
SHA,H,76,INFLOW,20111203,2100,7173, ,CFS
SHA,H,76,INFLOW,20111203,2200,9726, ,CFS
SHA,H,76,INFLOW,20111203,2300,-1652, ,CFS
SHA,H,76,INFLOW,20111204,0000,9734, ,CFS
SHA,H,76,INFLOW,20111204,0100,166, ,CFS
SHA,H,76,INFLOW,20111204,0200,2933, ,CFS
SHA,H,76,INFLOW,20111204,0300,2934, ,CFS
SHA,H,76,INFLOW,20111204,0400,-2747, ,CFS
SHA,H,76,INFLOW,20111204,0500,3076, ,CFS
SHA,H,76,INFLOW,20111204,0600,2244, ,CFS
SHA,H,76,INFLOW,20111204,0700,2930, ,CFS
SHA,H,76,INFLOW,20111204,0800,3662, ,CFS
SHA,H,76,INFLOW,20111204,0900,-4248, ,CFS
SHA,H,76,INFLOW,20111204,1000,4156, ,CFS
SHA,H,76,INFLOW,20111204,1100,4320, ,CFS
SHA,H,76,INFLOW,20111204,1200,-717, ,CFS
SHA,H,76,INFLOW,20111204,1300,7660, ,CFS
SHA,H,76,INFLOW,20111204,1400,1834, ,CFS
SHA,H,76,INFLOW,20111204,1500,6296, ,CFS
SHA,H,76,INFLOW,20111204,1600,6470, ,CFS
SHA,H,76,INFLOW,20111204,1700,1494, ,CFS
SHA,H,76,INFLOW,20111204,1800,6581, ,CFS
SHA,H,76,INFLOW,20111204,1900,4310, ,CFS
SHA,H,76,INFLOW,20111204,2000,12406, ,CFS
SHA,H,76,INFLOW,20111204,2100,7227, ,CFS
SHA,H,76,INFLOW,20111204,2200,7418, ,CFS
SHA,H,76,INFLOW,20111204,2300,4656, ,CFS
SHA,H,76,INFLOW,20111205,0000,3632, ,CFS
SHA,H,76,INFLOW,20111205,0100,5916, ,CFS
SHA,H,76,INFLOW,20111205,0200,-2753, ,CFS
SHA,H,76,INFLOW,20111205,0300,2927, ,CFS
SHA,H,76,INFLOW,20111205,0400,3430, ,CFS
SHA,H,76,INFLOW,20111205,0500,-2532, ,CFS
SHA,H,76,INFLOW,20111205,0600,6161, ,CFS
SHA,H,76,INFLOW,20111205,0700,-4143, ,CFS
SHA,H,76,INFLOW,20111205,0800,9606, ,CFS
SHA,H,76,INFLOW,20111205,0900,4032, ,CFS
SHA,H,76,INFLOW,20111205,1000,8761, ,CFS
SHA,H,76,INFLOW,20111205,1100,2008, ,CFS
SHA,H,76,INFLOW,20111205,1200,6031, ,CFS
SHA,H,76,INFLOW,20111205,1300,5047, ,CFS
SHA,H,76,INFLOW,20111205,1400,4824, ,CFS
SHA,H,76,INFLOW,20111205,1500,801, ,CFS
SHA,H,76,INFLOW,20111205,1600,-1553, ,CFS
SHA,H,76,INFLOW,20111205,1700,3517, ,CFS
SHA,H,76,INFLOW,20111205,1800,4384, ,CFS
SHA,H,76,INFLOW,20111205,1900,10326, ,CFS
SHA,H,76,INFLOW,20111205,2000,6364, ,CFS
SHA,H,76,INFLOW,20111205,2100,6572, ,CFS
SHA,H,76,INFLOW,20111205,2200,7946, ,CFS
SHA,H,76,INFLOW,20111205,2300,530, ,CFS
SHA,H,76,INFLOW,20111206,0000,4040, ,CFS
SHA,H,76,INFLOW,20111206,0100,3671, ,CFS
SHA,H,76,INFLOW,20111206,0200,-4985, ,CFS
SHA,H,76,INFLOW,20111206,0300,3479, ,CFS
SHA,H,76,INFLOW,20111206,0400,3428, ,CFS
SHA,H,76,INFLOW,20111206,0500,-1914, ,CFS
SHA,H,76,INFLOW,20111206,0600,2014, ,CFS
SHA,H,76,INFLOW,20111206,0700,541, ,CFS
SHA,H,76,INFLOW,20111206,0800,8459, ,CFS
SHA,H,76,INFLOW,20111206,0900,6573, ,CFS
SHA,H,76,INFLOW,20111206,1000,521, ,CFS
SHA,H,76,INFLOW,20111206,1100,10835, ,CFS
SHA,H,76,INFLOW,20111206,1200,4084, ,CFS
SHA,H,76,INFLOW,20111206,1300,6370, ,CFS
SHA,H,76,INFLOW,20111206,1400,694, ,CFS
SHA,H,76,INFLOW,20111206,1500,-183, ,CFS
SHA,H,76,INFLOW,20111206,1600,2685, ,CFS
SHA,H,76,INFLOW,20111206,1700,-517, ,CFS
SHA,H,76,INFLOW,20111206,1800,5308, ,CFS
SHA,H,76,INFLOW,20111206,1900,11267, ,CFS
SHA,H,76,INFLOW,20111206,2000,5984, ,CFS
SHA,H,76,INFLOW,20111206,2100,7332, ,CFS
SHA,H,76,INFLOW,20111206,2200,2351, ,CFS
SHA,H,76,INFLOW,20111206,2300,6408, ,CFS
SHA,H,76,INFLOW,20111207,0000,1576, ,CFS
SHA,H,76,INFLOW,20111207,0100,210, ,CFS
SHA,H,76,INFLOW,20111207,0200,2978, ,CFS
SHA,H,76,INFLOW,20111207,0300,2977, ,CFS
SHA,H,76,INFLOW,20111207,0400,335, ,CFS
SHA,H,76,INFLOW,20111207,0500,275, ,CFS
SHA,H,76,INFLOW,20111207,0600,1129, ,CFS
SHA,H,76,INFLOW,20111207,0700,3992, ,CFS
SHA,H,76,INFLOW,20111207,0800,3266, ,CFS
SHA,H,76,INFLOW,20111207,0900,4262, ,CFS
SHA,H,76,INFLOW,20111207,1000,3232, ,CFS
SHA,H,76,INFLOW,20111207,1100,5236, ,CFS
SHA,H,76,INFLOW,20111207,1200,3258, ,CFS
SHA,H,76,INFLOW,20111207,1300,1772, ,CFS
SHA,H,76,INFLOW,20111207,1400,1260, ,CFS
SHA,H,76,INFLOW,20111207,1500,3109, ,CFS
SHA,H,76,INFLOW,20111207,1600,-35, ,CFS
SHA,H,76,INFLOW,20111207,1700,-2253, ,CFS
SHA,H,76,INFLOW,20111207,1800,5268, ,CFS
SHA,H,76,INFLOW,20111207,1900,10540, ,CFS
SHA,H,76,INFLOW,20111207,2000,9102, ,CFS
SHA,H,76,INFLOW,20111207,2100,7673, ,CFS
SHA,H,76,INFLOW,20111207,2200,5432, ,CFS
SHA,H,76,INFLOW,20111207,2300,5240, ,CFS
SHA,H,76,INFLOW,20111208,0000,4819, ,CFS
SHA,H,76,INFLOW,20111208,0100,-2617, ,CFS
SHA,H,76,INFLOW,20111208,0200,98, ,CFS
SHA,H,76,INFLOW,20111208,0300,2940, ,CFS
SHA,H,76,INFLOW,20111208,0400,99, ,CFS
SHA,H,76,INFLOW,20111208,0500,3255, ,CFS
SHA,H,76,INFLOW,20111208,0600,838, ,CFS
SHA,H,76,INFLOW,20111208,0700,-575, ,CFS
SHA,H,76,INFLOW,20111208,0800,9270, ,CFS
SHA,H,76,INFLOW,20111208,0900,7297, ,CFS
SHA,H,76,INFLOW,20111208,1000,6586, ,CFS
SHA,H,76,INFLOW,20111208,1100,5916, ,CFS
SHA,H,76,INFLOW,20111208,1200,7358, ,CFS
SHA,H,76,INFLOW,20111208,1300,4132, ,CFS
SHA,H,76,INFLOW,20111208,1400,458, ,CFS
SHA,H,76,INFLOW,20111208,1500,1928, ,CFS
SHA,H,76,INFLOW,20111208,1600,371, ,CFS
SHA,H,76,INFLOW,20111208,1700,-1794, ,CFS
SHA,H,76,INFLOW,20111208,1800,6659, ,CFS
SHA,H,76,INFLOW,20111208,1900,10853, ,CFS
SHA,H,76,INFLOW,20111208,2000,7572, ,CFS
SHA,H,76,INFLOW,20111208,2100,6365, ,CFS
SHA,H,76,INFLOW,20111208,2200,6371, ,CFS
SHA,H,76,INFLOW,20111208,2300,-2705, ,CFS
SHA,H,76,INFLOW,20111209,0000,5749, ,CFS
SHA,H,76,INFLOW,20111209,0100,2875, ,CFS
SHA,H,76,INFLOW,20111209,0200,38, ,CFS
SHA,H,76,INFLOW,20111209,0300,406, ,CFS
SHA,H,76,INFLOW,20111209,0400,823, ,CFS
SHA,H,76,INFLOW,20111209,0500,666, ,CFS
SHA,H,76,INFLOW,20111209,0600,847, ,CFS
SHA,H,76,INFLOW,20111209,0700,2496, ,CFS
SHA,H,76,INFLOW,20111209,0800,3991, ,CFS
SHA,H,76,INFLOW,20111209,0900,6254, ,CFS
SHA,H,76,INFLOW,20111209,1000,6094, ,CFS
SHA,H,76,INFLOW,20111209,1100,3057, ,CFS
SHA,H,76,INFLOW,20111209,1200,2871, ,CFS
SHA,H,76,INFLOW,20111209,1300,5641, ,CFS
SHA,H,76,INFLOW,20111209,1400,-2848, ,CFS
SHA,H,76,INFLOW,20111209,1500,2820, ,CFS
SHA,H,76,INFLOW,20111209,1600,105, ,CFS
SHA,H,76,INFLOW,20111209,1700,1419, ,CFS
SHA,H,76,INFLOW,20111209,1800,4923, ,CFS
SHA,H,76,INFLOW,20111209,1900,9103, ,CFS
SHA,H,76,INFLOW,20111209,2000,6059, ,CFS
SHA,H,76,INFLOW,20111209,2100,13705, ,CFS
SHA,H,76,INFLOW,20111209,2200,2955, ,CFS
SHA,H,76,INFLOW,20111209,2300,3363, ,CFS
SHA,H,76,INFLOW,20111210,0000,3247, ,CFS
SHA,H,76,INFLOW,20111210,0100,3107, ,CFS
SHA,H,76,INFLOW,20111210,0200,141, ,CFS
SHA,H,76,INFLOW,20111210,0300,158, ,CFS
SHA,H,76,INFLOW,20111210,0400,2992, ,CFS
SHA,H,76,INFLOW,20111210,0500,270, ,CFS
SHA,H,76,INFLOW,20111210,0600,724, ,CFS
SHA,H,76,INFLOW,20111210,0700,-470, ,CFS
SHA,H,76,INFLOW,20111210,0800,159, ,CFS
SHA,H,76,INFLOW,20111210,0900,6942, ,CFS
SHA,H,76,INFLOW,20111210,1000,1421, ,CFS
SHA,H,76,INFLOW,20111210,1100,3791, ,CFS
SHA,H,76,INFLOW,20111210,1200,3903, ,CFS
SHA,H,76,INFLOW,20111210,1300,2791, ,CFS
SHA,H,76,INFLOW,20111210,1400,2705, ,CFS
SHA,H,76,INFLOW,20111210,1500,2463, ,CFS
SHA,H,76,INFLOW,20111210,1600,5553, ,CFS
SHA,H,76,INFLOW,20111210,1700,-2759, ,CFS
SHA,H,76,INFLOW,20111210,1800,9619, ,CFS
SHA,H,76,INFLOW,20111210,1900,13146, ,CFS
SHA,H,76,INFLOW,20111210,2000,2561, ,CFS
SHA,H,76,INFLOW,20111210,2100,12872, ,CFS
SHA,H,76,INFLOW,20111210,2200,6174, ,CFS
SHA,H,76,INFLOW,20111210,2300,2164, ,CFS
SHA,H,76,INFLOW,20111211,0000,8916, ,CFS
SHA,H,76,INFLOW,20111211,0100,-2287, ,CFS
SHA,H,76,INFLOW,20111211,0200,2912, ,CFS
SHA,H,76,INFLOW,20111211,0300,2904, ,CFS
SHA,H,76,INFLOW,20111211,0400,-2774, ,CFS
SHA,H,76,INFLOW,20111211,0500,2895, ,CFS
SHA,H,76,INFLOW,20111211,0600,379, ,CFS
SHA,H,76,INFLOW,20111211,0700,183, ,CFS
SHA,H,76,INFLOW,20111211,0800,3414, ,CFS
SHA,H,76,INFLOW,20111211,0900,-1100, ,CFS
SHA,H,76,INFLOW,20111211,1000,2838, ,CFS
SHA,H,76,INFLOW,20111211,1100,5431, ,CFS
SHA,H,76,INFLOW,20111211,1200,4499, ,CFS
SHA,H,76,INFLOW,20111211,1300,1251, ,CFS
SHA,H,76,INFLOW,20111211,1400,7104, ,CFS
SHA,H,76,INFLOW,20111211,1500,1562, ,CFS
SHA,H,76,INFLOW,20111211,1600,4531, ,CFS
SHA,H,76,INFLOW,20111211,1700,2748, ,CFS
SHA,H,76,INFLOW,20111211,1800,4963, ,CFS
SHA,H,76,INFLOW,20111211,1900,11221, ,CFS
SHA,H,76,INFLOW,20111211,2000,8608, ,CFS
SHA,H,76,INFLOW,20111211,2100,8869, ,CFS
SHA,H,76,INFLOW,20111211,2200,4232, ,CFS
SHA,H,76,INFLOW,20111211,2300,6066, ,CFS
SHA,H,76,INFLOW,20111212,0000,3056, ,CFS
SHA,H,76,INFLOW,20111212,0100,5762, ,CFS
SHA,H,76,INFLOW,20111212,0200,-2778, ,CFS
SHA,H,76,INFLOW,20111212,0300,2914, ,CFS
SHA,H,76,INFLOW,20111212,0400,2874, ,CFS
SHA,H,76,INFLOW,20111212,0500,-2766, ,CFS
SHA,H,76,INFLOW,20111212,0600,3545, ,CFS
SHA,H,76,INFLOW,20111212,0700,5845, ,CFS
SHA,H,76,INFLOW,20111212,0800,9440, ,CFS
SHA,H,76,INFLOW,20111212,0900,6559, ,CFS
SHA,H,76,INFLOW,20111212,1000,6516, ,CFS
SHA,H,76,INFLOW,20111212,1100,7634, ,CFS
SHA,H,76,INFLOW,20111212,1200,5387, ,CFS
SHA,H,76,INFLOW,20111212,1300,-3246, ,CFS
SHA,H,76,INFLOW,20111212,1400,4578, ,CFS
SHA,H,76,INFLOW,20111212,1500,-272, ,CFS
SHA,H,76,INFLOW,20111212,1600,2390, ,CFS
SHA,H,76,INFLOW,20111212,1700,724, ,CFS
SHA,H,76,INFLOW,20111212,1800,3291, ,CFS
SHA,H,76,INFLOW,20111212,1900,10258, ,CFS
SHA,H,76,INFLOW,20111212,2000,4516, ,CFS
SHA,H,76,INFLOW,20111212,2100,9074, ,CFS
SHA,H,76,INFLOW,20111212,2200,8740, ,CFS
SHA,H,76,INFLOW,20111212,2300,5718, ,CFS
SHA,H,76,INFLOW,20111213,0000,3174, ,CFS
SHA,H,76,INFLOW,20111213,0100,5852, ,CFS
SHA,H,76,INFLOW,20111213,0200,-2753, ,CFS
SHA,H,76,INFLOW,20111213,0300,5749, ,CFS
SHA,H,76,INFLOW,20111213,0400,-2760, ,CFS
SHA,H,76,INFLOW,20111213,0500,3059, ,CFS
SHA,H,76,INFLOW,20111213,0600,423, ,CFS
SHA,H,76,INFLOW,20111213,0700,-2263, ,CFS
SHA,H,76,INFLOW,20111213,0800,7621, ,CFS
SHA,H,76,INFLOW,20111213,0900,4741, ,CFS
SHA,H,76,INFLOW,20111213,1000,4229, ,CFS
SHA,H,76,INFLOW,20111213,1100,4775, ,CFS
SHA,H,76,INFLOW,20111213,1200,2099, ,CFS
SHA,H,76,INFLOW,20111213,1300,1768, ,CFS
SHA,H,76,INFLOW,20111213,1400,4578, ,CFS
SHA,H,76,INFLOW,20111213,1500,-1133, ,CFS
SHA,H,76,INFLOW,20111213,1600,2772, ,CFS
SHA,H,76,INFLOW,20111213,1700,-1188, ,CFS
SHA,H,76,INFLOW,20111213,1800,7409, ,CFS
SHA,H,76,INFLOW,20111213,1900,10668, ,CFS
SHA,H,76,INFLOW,20111213,2000,2284, ,CFS
SHA,H,76,INFLOW,20111213,2100,9326, ,CFS
SHA,H,76,INFLOW,20111213,2200,7234, ,CFS
SHA,H,76,INFLOW,20111213,2300,1744, ,CFS
SHA,H,76,INFLOW,20111214,0000,6808, ,CFS
SHA,H,76,INFLOW,20111214,0100,689, ,CFS
SHA,H,76,INFLOW,20111214,0200,3217, ,CFS
SHA,H,76,INFLOW,20111214,0300,3067, ,CFS
SHA,H,76,INFLOW,20111214,0400,189, ,CFS
SHA,H,76,INFLOW,20111214,0500,748, ,CFS
SHA,H,76,INFLOW,20111214,0600,783, ,CFS
SHA,H,76,INFLOW,20111214,0700,-1967, ,CFS
SHA,H,76,INFLOW,20111214,0800,5907, ,CFS
SHA,H,76,INFLOW,20111214,0900,2276, ,CFS
SHA,H,76,INFLOW,20111214,1000,1338, ,CFS
SHA,H,76,INFLOW,20111214,1100,5060, ,CFS
SHA,H,76,INFLOW,20111214,1200,4430, ,CFS
SHA,H,76,INFLOW,20111214,1300,-626, ,CFS
SHA,H,76,INFLOW,20111214,1400,5280, ,CFS
SHA,H,76,INFLOW,20111214,1500,-726, ,CFS
SHA,H,76,INFLOW,20111214,1600,1909, ,CFS
SHA,H,76,INFLOW,20111214,1700,-1602, ,CFS
SHA,H,76,INFLOW,20111214,1800,1958, ,CFS
SHA,H,76,INFLOW,20111214,1900,3978, ,CFS
SHA,H,76,INFLOW,20111214,2000,2221, ,CFS
SHA,H,76,INFLOW,20111214,2100,15377, ,CFS
SHA,H,76,INFLOW,20111214,2200,4411, ,CFS
SHA,H,76,INFLOW,20111214,2300,4216, ,CFS
SHA,H,76,INFLOW,20111215,0000,14245, ,CFS
SHA,H,76,INFLOW,20111215,0100,-4733, ,CFS
SHA,H,76,INFLOW,20111215,0200,8658, ,CFS
SHA,H,76,INFLOW,20111215,0300,5720, ,CFS
SHA,H,76,INFLOW,20111215,0400,-2747, ,CFS
SHA,H,76,INFLOW,20111215,0500,2957, ,CFS
SHA,H,76,INFLOW,20111215,0600,1317, ,CFS
SHA,H,76,INFLOW,20111215,0700,-1049, ,CFS
SHA,H,76,INFLOW,20111215,0800,3603, ,CFS
SHA,H,76,INFLOW,20111215,0900,2964, ,CFS
SHA,H,76,INFLOW,20111215,1000,2046, ,CFS
SHA,H,76,INFLOW,20111215,1100,2241, ,CFS
SHA,H,76,INFLOW,20111215,1200,4178, ,CFS
SHA,H,76,INFLOW,20111215,1300,-828, ,CFS
SHA,H,76,INFLOW,20111215,1400,2025, ,CFS
SHA,H,76,INFLOW,20111215,1500,1895, ,CFS
SHA,H,76,INFLOW,20111215,1600,398, ,CFS
SHA,H,76,INFLOW,20111215,1700,2344, ,CFS
SHA,H,76,INFLOW,20111215,1800,-1118, ,CFS
SHA,H,76,INFLOW,20111215,1900,9807, ,CFS
SHA,H,76,INFLOW,20111215,2000,9748, ,CFS
SHA,H,76,INFLOW,20111215,2100,5002, ,CFS
SHA,H,76,INFLOW,20111215,2200,9681, ,CFS
SHA,H,76,INFLOW,20111215,2300,9709, ,CFS
SHA,H,76,INFLOW,20111216,0000,5498, ,CFS
SHA,H,76,INFLOW,20111216,0100,-5374, ,CFS
SHA,H,76,INFLOW,20111216,0200,2889, ,CFS
SHA,H,76,INFLOW,20111216,0300,2889, ,CFS
SHA,H,76,INFLOW,20111216,0400,-2758, ,CFS
SHA,H,76,INFLOW,20111216,0500,-2441, ,CFS
SHA,H,76,INFLOW,20111216,0600,1639, ,CFS
SHA,H,76,INFLOW,20111216,0700,5967, ,CFS
SHA,H,76,INFLOW,20111216,0800,4826, ,CFS
SHA,H,76,INFLOW,20111216,0900,4602, ,CFS
SHA,H,76,INFLOW,20111216,1000,1238, ,CFS
SHA,H,76,INFLOW,20111216,1100,4128, ,CFS
SHA,H,76,INFLOW,20111216,1200,6527, ,CFS
SHA,H,76,INFLOW,20111216,1300,-5096, ,CFS
SHA,H,76,INFLOW,20111216,1400,6027, ,CFS
SHA,H,76,INFLOW,20111216,1500,6020, ,CFS
SHA,H,76,INFLOW,20111216,1600,-4019, ,CFS
SHA,H,76,INFLOW,20111216,1700,2798, ,CFS
SHA,H,76,INFLOW,20111216,1800,-273, ,CFS
SHA,H,76,INFLOW,20111216,1900,10365, ,CFS
SHA,H,76,INFLOW,20111216,2000,6941, ,CFS
SHA,H,76,INFLOW,20111216,2100,18477, ,CFS
SHA,H,76,INFLOW,20111216,2200,-149, ,CFS
SHA,H,76,INFLOW,20111216,2300,2480, ,CFS
SHA,H,76,INFLOW,20111217,0000,1563, ,CFS
SHA,H,76,INFLOW,20111217,0100,8953, ,CFS
SHA,H,76,INFLOW,20111217,0200,-5515, ,CFS
SHA,H,76,INFLOW,20111217,0300,-2737, ,CFS
SHA,H,76,INFLOW,20111217,0400,87, ,CFS
SHA,H,76,INFLOW,20111217,0500,5779, ,CFS
SHA,H,76,INFLOW,20111217,0600,-2610, ,CFS
SHA,H,76,INFLOW,20111217,0700,11195, ,CFS
SHA,H,76,INFLOW,20111217,0800,-8356, ,CFS
SHA,H,76,INFLOW,20111217,0900,3212, ,CFS
SHA,H,76,INFLOW,20111217,1000,5963, ,CFS
SHA,H,76,INFLOW,20111217,1100,-218, ,CFS
SHA,H,76,INFLOW,20111217,1200,4985, ,CFS
SHA,H,76,INFLOW,20111217,1300,-3595, ,CFS
SHA,H,76,INFLOW,20111217,1400,2047, ,CFS
SHA,H,76,INFLOW,20111217,1500,2094, ,CFS
SHA,H,76,INFLOW,20111217,1600,2930, ,CFS
SHA,H,76,INFLOW,20111217,1700,-429, ,CFS
SHA,H,76,INFLOW,20111217,1800,5129, ,CFS
SHA,H,76,INFLOW,20111217,1900,11878, ,CFS
SHA,H,76,INFLOW,20111217,2000,5689, ,CFS
SHA,H,76,INFLOW,20111217,2100,4835, ,CFS
SHA,H,76,INFLOW,20111217,2200,9842, ,CFS
SHA,H,76,INFLOW,20111217,2300,-743, ,CFS
SHA,H,76,INFLOW,20111218,0000,4950, ,CFS
SHA,H,76,INFLOW,20111218,0100,5111, ,CFS
SHA,H,76,INFLOW,20111218,0200,-796, ,CFS
SHA,H,76,INFLOW,20111218,0300,4624, ,CFS
SHA,H,76,INFLOW,20111218,0400,-1077, ,CFS
SHA,H,76,INFLOW,20111218,0500,2006, ,CFS
SHA,H,76,INFLOW,20111218,0600,2572, ,CFS
SHA,H,76,INFLOW,20111218,0700,-493, ,CFS
SHA,H,76,INFLOW,20111218,0800,2552, ,CFS
SHA,H,76,INFLOW,20111218,0900,-392, ,CFS
SHA,H,76,INFLOW,20111218,1000,-465, ,CFS
SHA,H,76,INFLOW,20111218,1100,2499, ,CFS
SHA,H,76,INFLOW,20111218,1200,-601, ,CFS
SHA,H,76,INFLOW,20111218,1300,5008, ,CFS
SHA,H,76,INFLOW,20111218,1400,1973, ,CFS
SHA,H,76,INFLOW,20111218,1500,1827, ,CFS
SHA,H,76,INFLOW,20111218,1600,4221, ,CFS
SHA,H,76,INFLOW,20111218,1700,1811, ,CFS
SHA,H,76,INFLOW,20111218,1800,2727, ,CFS
SHA,H,76,INFLOW,20111218,1900,8376, ,CFS
SHA,H,76,INFLOW,20111218,2000,8889, ,CFS
SHA,H,76,INFLOW,20111218,2100,5737, ,CFS
SHA,H,76,INFLOW,20111218,2200,8097, ,CFS
SHA,H,76,INFLOW,20111218,2300,8742, ,CFS
SHA,H,76,INFLOW,20111219,0000,574, ,CFS
SHA,H,76,INFLOW,20111219,0100,2217, ,CFS
SHA,H,76,INFLOW,20111219,0200,1907, ,CFS
SHA,H,76,INFLOW,20111219,0300,1922, ,CFS
SHA,H,76,INFLOW,20111219,0400,2078, ,CFS
SHA,H,76,INFLOW,20111219,0500,-363, ,CFS
SHA,H,76,INFLOW,20111219,0600,3170, ,CFS
SHA,H,76,INFLOW,20111219,0700,4981, ,CFS
SHA,H,76,INFLOW,20111219,0800,3042, ,CFS
SHA,H,76,INFLOW,20111219,0900,5933, ,CFS
SHA,H,76,INFLOW,20111219,1000,6064, ,CFS
SHA,H,76,INFLOW,20111219,1100,2976, ,CFS
SHA,H,76,INFLOW,20111219,1200,-40, ,CFS
SHA,H,76,INFLOW,20111219,1300,5167, ,CFS
SHA,H,76,INFLOW,20111219,1400,2385, ,CFS
SHA,H,76,INFLOW,20111219,1500,2191, ,CFS
SHA,H,76,INFLOW,20111219,1600,3831, ,CFS
SHA,H,76,INFLOW,20111219,1700,2133, ,CFS
SHA,H,76,INFLOW,20111219,1800,-876, ,CFS
SHA,H,76,INFLOW,20111219,1900,14057, ,CFS
SHA,H,76,INFLOW,20111219,2000,3553, ,CFS
SHA,H,76,INFLOW,20111219,2100,8526, ,CFS
SHA,H,76,INFLOW,20111219,2200,1497, ,CFS
SHA,H,76,INFLOW,20111219,2300,3566, ,CFS
SHA,H,76,INFLOW,20111220,0000,2226, ,CFS
SHA,H,76,INFLOW,20111220,0100,2603, ,CFS
SHA,H,76,INFLOW,20111220,0200,-3350, ,CFS
SHA,H,76,INFLOW,20111220,0300,5118, ,CFS
SHA,H,76,INFLOW,20111220,0400,-467, ,CFS
SHA,H,76,INFLOW,20111220,0500,2642, ,CFS
SHA,H,76,INFLOW,20111220,0600,138, ,CFS
SHA,H,76,INFLOW,20111220,0700,3344, ,CFS
SHA,H,76,INFLOW,20111220,0800,9789, ,CFS
SHA,H,76,INFLOW,20111220,0900,1050, ,CFS
SHA,H,76,INFLOW,20111220,1000,9503, ,CFS
SHA,H,76,INFLOW,20111220,1100,6222, ,CFS
SHA,H,76,INFLOW,20111220,1200,6118, ,CFS
SHA,H,76,INFLOW,20111220,1300,5817, ,CFS
SHA,H,76,INFLOW,20111220,1400,8766, ,CFS
SHA,H,76,INFLOW,20111220,1500,5827, ,CFS
SHA,H,76,INFLOW,20111220,1600,8700, ,CFS
SHA,H,76,INFLOW,20111220,1700,6459, ,CFS
SHA,H,76,INFLOW,20111220,1800,9007, ,CFS
SHA,H,76,INFLOW,20111220,1900,8093, ,CFS
SHA,H,76,INFLOW,20111220,2000,11819, ,CFS
SHA,H,76,INFLOW,20111220,2100,8870, ,CFS
SHA,H,76,INFLOW,20111220,2200,8260, ,CFS
SHA,H,76,INFLOW,20111220,2300,5497, ,CFS
SHA,H,76,INFLOW,20111221,0000,14719, ,CFS
SHA,H,76,INFLOW,20111221,0100,8584, ,CFS
SHA,H,76,INFLOW,20111221,0200,1810, ,CFS
SHA,H,76,INFLOW,20111221,0300,4927, ,CFS
SHA,H,76,INFLOW,20111221,0400,7794, ,CFS
SHA,H,76,INFLOW,20111221,0500,2387, ,CFS
SHA,H,76,INFLOW,20111221,0600,10032, ,CFS
SHA,H,76,INFLOW,20111221,0700,3294, ,CFS
SHA,H,76,INFLOW,20111221,0800,6373, ,CFS
SHA,H,76,INFLOW,20111221,0900,5881, ,CFS
SHA,H,76,INFLOW,20111221,1000,5911, ,CFS
SHA,H,76,INFLOW,20111221,1100,11305, ,CFS
SHA,H,76,INFLOW,20111221,1200,5302, ,CFS
SHA,H,76,INFLOW,20111221,1300,2120, ,CFS
SHA,H,76,INFLOW,20111221,1400,10705, ,CFS
SHA,H,76,INFLOW,20111221,1500,4860, ,CFS
SHA,H,76,INFLOW,20111221,1600,4735, ,CFS
SHA,H,76,INFLOW,20111221,1700,8483, ,CFS
SHA,H,76,INFLOW,20111221,1800,6092, ,CFS
SHA,H,76,INFLOW,20111221,1900,8177, ,CFS
SHA,H,76,INFLOW,20111221,2000,5568, ,CFS
SHA,H,76,INFLOW,20111221,2100,8951, ,CFS
SHA,H,76,INFLOW,20111221,2200,5702, ,CFS
SHA,H,76,INFLOW,20111221,2300,10924, ,CFS
SHA,H,76,INFLOW,20111222,0000,3575, ,CFS
SHA,H,76,INFLOW,20111222,0100,10902, ,CFS
SHA,H,76,INFLOW,20111222,0200,-3637, ,CFS
SHA,H,76,INFLOW,20111222,0300,10374, ,CFS
SHA,H,76,INFLOW,20111222,0400,4749, ,CFS
SHA,H,76,INFLOW,20111222,0500,-435, ,CFS
SHA,H,76,INFLOW,20111222,0600,9761, ,CFS
SHA,H,76,INFLOW,20111222,0700,1829, ,CFS
SHA,H,76,INFLOW,20111222,0800,5782, ,CFS
SHA,H,76,INFLOW,20111222,0900,-2830, ,CFS
SHA,H,76,INFLOW,20111222,1000,162, ,CFS
SHA,H,76,INFLOW,20111222,1100,-2819, ,CFS
SHA,H,76,INFLOW,20111222,1200,2804, ,CFS
SHA,H,76,INFLOW,20111222,1300,-423, ,CFS
SHA,H,76,INFLOW,20111222,1400,-559, ,CFS
SHA,H,76,INFLOW,20111222,1500,2293, ,CFS
SHA,H,76,INFLOW,20111222,1600,2334, ,CFS
SHA,H,76,INFLOW,20111222,1700,-236, ,CFS
SHA,H,76,INFLOW,20111222,1800,2512, ,CFS
SHA,H,76,INFLOW,20111222,1900,1531, ,CFS
SHA,H,76,INFLOW,20111222,2000,-294, ,CFS
SHA,H,76,INFLOW,20111222,2100,3839, ,CFS
SHA,H,76,INFLOW,20111222,2200,-2277, ,CFS
SHA,H,76,INFLOW,20111222,2300,1324, ,CFS
SHA,H,76,INFLOW,20111223,0000,-213, ,CFS
SHA,H,76,INFLOW,20111223,0100,2186, ,CFS
SHA,H,76,INFLOW,20111223,0200,2136, ,CFS
SHA,H,76,INFLOW,20111223,0300,2148, ,CFS
SHA,H,76,INFLOW,20111223,0400,-822, ,CFS
SHA,H,76,INFLOW,20111223,0500,2041, ,CFS
SHA,H,76,INFLOW,20111223,0600,2478, ,CFS
SHA,H,76,INFLOW,20111223,0700,-3008, ,CFS
SHA,H,76,INFLOW,20111223,0800,6078, ,CFS
SHA,H,76,INFLOW,20111223,0900,508, ,CFS
SHA,H,76,INFLOW,20111223,1000,565, ,CFS
SHA,H,76,INFLOW,20111223,1100,3278, ,CFS
SHA,H,76,INFLOW,20111223,1200,-2603, ,CFS
SHA,H,76,INFLOW,20111223,1300,3088, ,CFS
SHA,H,76,INFLOW,20111223,1400,3003, ,CFS
SHA,H,76,INFLOW,20111223,1500,111, ,CFS
SHA,H,76,INFLOW,20111223,1600,5824, ,CFS
SHA,H,76,INFLOW,20111223,1700,488, ,CFS
SHA,H,76,INFLOW,20111223,1800,148, ,CFS
SHA,H,76,INFLOW,20111223,1900,5376, ,CFS
SHA,H,76,INFLOW,20111223,2000,2572, ,CFS
SHA,H,76,INFLOW,20111223,2100,5247, ,CFS
SHA,H,76,INFLOW,20111223,2200,4722, ,CFS
SHA,H,76,INFLOW,20111223,2300,6135, ,CFS
SHA,H,76,INFLOW,20111224,0000,2948, ,CFS
SHA,H,76,INFLOW,20111224,0100,2772, ,CFS
SHA,H,76,INFLOW,20111224,0200,-3265, ,CFS
SHA,H,76,INFLOW,20111224,0300,2116, ,CFS
SHA,H,76,INFLOW,20111224,0400,1656, ,CFS
SHA,H,76,INFLOW,20111224,0500,1681, ,CFS
SHA,H,76,INFLOW,20111224,0600,-739, ,CFS
SHA,H,76,INFLOW,20111224,0700,-174, ,CFS
SHA,H,76,INFLOW,20111224,0800,3151, ,CFS
SHA,H,76,INFLOW,20111224,0900,2803, ,CFS
SHA,H,76,INFLOW,20111224,1000,-2718, ,CFS
SHA,H,76,INFLOW,20111224,1100,642, ,CFS
SHA,H,76,INFLOW,20111224,1200,3269, ,CFS
SHA,H,76,INFLOW,20111224,1300,350, ,CFS
SHA,H,76,INFLOW,20111224,1400,5749, ,CFS
SHA,H,76,INFLOW,20111224,1500,-2792, ,CFS
SHA,H,76,INFLOW,20111224,1600,222, ,CFS
SHA,H,76,INFLOW,20111224,1700,258, ,CFS
SHA,H,76,INFLOW,20111224,1800,1008, ,CFS
SHA,H,76,INFLOW,20111224,1900,9245, ,CFS
SHA,H,76,INFLOW,20111224,2000,6326, ,CFS
SHA,H,76,INFLOW,20111224,2100,9317, ,CFS
SHA,H,76,INFLOW,20111224,2200,6446, ,CFS
SHA,H,76,INFLOW,20111224,2300,8937, ,CFS
SHA,H,76,INFLOW,20111225,0000,3145, ,CFS
SHA,H,76,INFLOW,20111225,0100,-3073, ,CFS
SHA,H,76,INFLOW,20111225,0200,4980, ,CFS
SHA,H,76,INFLOW,20111225,0300,-883, ,CFS
SHA,H,76,INFLOW,20111225,0400,2074, ,CFS
SHA,H,76,INFLOW,20111225,0500,2147, ,CFS
SHA,H,76,INFLOW,20111225,0600,-312, ,CFS
SHA,H,76,INFLOW,20111225,0700,368, ,CFS
SHA,H,76,INFLOW,20111225,0800,3345, ,CFS
SHA,H,76,INFLOW,20111225,0900,476, ,CFS
SHA,H,76,INFLOW,20111225,1000,-2505, ,CFS
SHA,H,76,INFLOW,20111225,1100,2978, ,CFS
SHA,H,76,INFLOW,20111225,1200,209, ,CFS
SHA,H,76,INFLOW,20111225,1300,5969, ,CFS
SHA,H,76,INFLOW,20111225,1400,1122, ,CFS
SHA,H,76,INFLOW,20111225,1500,1135, ,CFS
SHA,H,76,INFLOW,20111225,1600,3831, ,CFS
SHA,H,76,INFLOW,20111225,1700,644, ,CFS
SHA,H,76,INFLOW,20111225,1800,3630, ,CFS
SHA,H,76,INFLOW,20111225,1900,9682, ,CFS
SHA,H,76,INFLOW,20111225,2000,6778, ,CFS
SHA,H,76,INFLOW,20111225,2100,9958, ,CFS
SHA,H,76,INFLOW,20111225,2200,8156, ,CFS
SHA,H,76,INFLOW,20111225,2300,6390, ,CFS
SHA,H,76,INFLOW,20111226,0000,11859, ,CFS
SHA,H,76,INFLOW,20111226,0100,-3053, ,CFS
SHA,H,76,INFLOW,20111226,0200,2180, ,CFS
SHA,H,76,INFLOW,20111226,0300,2143, ,CFS
SHA,H,76,INFLOW,20111226,0400,-451, ,CFS
SHA,H,76,INFLOW,20111226,0500,2564, ,CFS
SHA,H,76,INFLOW,20111226,0600,150, ,CFS
SHA,H,76,INFLOW,20111226,0700,-1395, ,CFS
SHA,H,76,INFLOW,20111226,0800,1400, ,CFS
SHA,H,76,INFLOW,20111226,0900,1709, ,CFS
SHA,H,76,INFLOW,20111226,1000,1672, ,CFS
SHA,H,76,INFLOW,20111226,1100,7362, ,CFS
SHA,H,76,INFLOW,20111226,1200,1797, ,CFS
SHA,H,76,INFLOW,20111226,1300,3497, ,CFS
SHA,H,76,INFLOW,20111226,1400,1787, ,CFS
SHA,H,76,INFLOW,20111226,1500,4350, ,CFS
SHA,H,76,INFLOW,20111226,1600,-885, ,CFS
SHA,H,76,INFLOW,20111226,1700,4836, ,CFS
SHA,H,76,INFLOW,20111226,1800,1644, ,CFS
SHA,H,76,INFLOW,20111226,1900,13114, ,CFS
SHA,H,76,INFLOW,20111226,2000,1840, ,CFS
SHA,H,76,INFLOW,20111226,2100,7347, ,CFS
SHA,H,76,INFLOW,20111226,2200,8654, ,CFS
SHA,H,76,INFLOW,20111226,2300,6471, ,CFS
SHA,H,76,INFLOW,20111227,0000,14656, ,CFS
SHA,H,76,INFLOW,20111227,0100,5399, ,CFS
SHA,H,76,INFLOW,20111227,0200,-3727, ,CFS
SHA,H,76,INFLOW,20111227,0300,9969, ,CFS
SHA,H,76,INFLOW,20111227,0400,-3944, ,CFS
SHA,H,76,INFLOW,20111227,0500,1589, ,CFS
SHA,H,76,INFLOW,20111227,0600,4932, ,CFS
SHA,H,76,INFLOW,20111227,0700,-670, ,CFS
SHA,H,76,INFLOW,20111227,0800,2801, ,CFS
SHA,H,76,INFLOW,20111227,0900,8703, ,CFS
SHA,H,76,INFLOW,20111227,1000,8545, ,CFS
SHA,H,76,INFLOW,20111227,1100,2164, ,CFS
SHA,H,76,INFLOW,20111227,1200,7632, ,CFS
SHA,H,76,INFLOW,20111227,1300,2017, ,CFS
SHA,H,76,INFLOW,20111227,1400,4568, ,CFS
SHA,H,76,INFLOW,20111227,1500,7478, ,CFS
SHA,H,76,INFLOW,20111227,1600,2584, ,CFS
SHA,H,76,INFLOW,20111227,1700,3111, ,CFS
SHA,H,76,INFLOW,20111227,1800,3610, ,CFS
SHA,H,76,INFLOW,20111227,1900,9917, ,CFS
SHA,H,76,INFLOW,20111227,2000,5908, ,CFS
SHA,H,76,INFLOW,20111227,2100,5501, ,CFS
SHA,H,76,INFLOW,20111227,2200,10275, ,CFS
SHA,H,76,INFLOW,20111227,2300,7602, ,CFS
SHA,H,76,INFLOW,20111228,0000,7602, ,CFS
SHA,H,76,INFLOW,20111228,0100,-596, ,CFS
SHA,H,76,INFLOW,20111228,0200,7591, ,CFS
SHA,H,76,INFLOW,20111228,0300,4730, ,CFS
SHA,H,76,INFLOW,20111228,0400,-802, ,CFS
SHA,H,76,INFLOW,20111228,0500,7724, ,CFS
SHA,H,76,INFLOW,20111228,0600,2334, ,CFS
SHA,H,76,INFLOW,20111228,0700,4371, ,CFS
SHA,H,76,INFLOW,20111228,0800,2745, ,CFS
SHA,H,76,INFLOW,20111228,0900,8515, ,CFS
SHA,H,76,INFLOW,20111228,1000,8466, ,CFS
SHA,H,76,INFLOW,20111228,1100,5477, ,CFS
SHA,H,76,INFLOW,20111228,1200,11020, ,CFS
SHA,H,76,INFLOW,20111228,1300,-3080, ,CFS
SHA,H,76,INFLOW,20111228,1400,7704, ,CFS
SHA,H,76,INFLOW,20111228,1500,-1177, ,CFS
SHA,H,76,INFLOW,20111228,1600,-3963, ,CFS
SHA,H,76,INFLOW,20111228,1700,5403, ,CFS
SHA,H,76,INFLOW,20111228,1800,-2969, ,CFS
SHA,H,76,INFLOW,20111228,1900,8687, ,CFS
SHA,H,76,INFLOW,20111228,2000,4844, ,CFS
SHA,H,76,INFLOW,20111228,2100,9125, ,CFS
SHA,H,76,INFLOW,20111228,2200,2592, ,CFS
SHA,H,76,INFLOW,20111228,2300,12040, ,CFS
SHA,H,76,INFLOW,20111229,0000,4194, ,CFS
SHA,H,76,INFLOW,20111229,0100,6061, ,CFS
SHA,H,76,INFLOW,20111229,0200,-2745, ,CFS
SHA,H,76,INFLOW,20111229,0300,2872, ,CFS
SHA,H,76,INFLOW,20111229,0400,69, ,CFS
SHA,H,76,INFLOW,20111229,0500,261, ,CFS
SHA,H,76,INFLOW,20111229,0600,935, ,CFS
SHA,H,76,INFLOW,20111229,0700,1049, ,CFS
SHA,H,76,INFLOW,20111229,0800,1649, ,CFS
SHA,H,76,INFLOW,20111229,0900,7276, ,CFS
SHA,H,76,INFLOW,20111229,1000,-4016, ,CFS
SHA,H,76,INFLOW,20111229,1100,6777, ,CFS
SHA,H,76,INFLOW,20111229,1200,577, ,CFS
SHA,H,76,INFLOW,20111229,1300,3399, ,CFS
SHA,H,76,INFLOW,20111229,1400,3577, ,CFS
SHA,H,76,INFLOW,20111229,1500,656, ,CFS
SHA,H,76,INFLOW,20111229,1600,-2690, ,CFS
SHA,H,76,INFLOW,20111229,1700,7665, ,CFS
SHA,H,76,INFLOW,20111229,1800,-3069, ,CFS
SHA,H,76,INFLOW,20111229,1900,5472, ,CFS
SHA,H,76,INFLOW,20111229,2000,5636, ,CFS
SHA,H,76,INFLOW,20111229,2100,8273, ,CFS
SHA,H,76,INFLOW,20111229,2200,1085, ,CFS
SHA,H,76,INFLOW,20111229,2300,3442, ,CFS
SHA,H,76,INFLOW,20111230,0000,329, ,CFS
SHA,H,76,INFLOW,20111230,0100,1255, ,CFS
SHA,H,76,INFLOW,20111230,0200,6569, ,CFS
SHA,H,76,INFLOW,20111230,0300,-4727, ,CFS
SHA,H,76,INFLOW,20111230,0400,3962, ,CFS
SHA,H,76,INFLOW,20111230,0500,1419, ,CFS
SHA,H,76,INFLOW,20111230,0600,2224, ,CFS
SHA,H,76,INFLOW,20111230,0700,5867, ,CFS
SHA,H,76,INFLOW,20111230,0800,3724, ,CFS
SHA,H,76,INFLOW,20111230,0900,2574, ,CFS
SHA,H,76,INFLOW,20111230,1000,16756, ,CFS
SHA,H,76,INFLOW,20111230,1100,-209, ,CFS
SHA,H,76,INFLOW,20111230,1200,2274, ,CFS
SHA,H,76,INFLOW,20111230,1300,-3547, ,CFS
SHA,H,76,INFLOW,20111230,1400,16079, ,CFS
SHA,H,76,INFLOW,20111230,1500,1665, ,CFS
SHA,H,76,INFLOW,20111230,1600,-15285, ,CFS
SHA,H,76,INFLOW,20111230,1700,11364, ,CFS
SHA,H,76,INFLOW,20111230,1800,2720, ,CFS
SHA,H,76,INFLOW,20111230,1900,6434, ,CFS
SHA,H,76,INFLOW,20111230,2000,12366, ,CFS
SHA,H,76,INFLOW,20111230,2100,5826, ,CFS
SHA,H,76,INFLOW,20111230,2200,1146, ,CFS
SHA,H,76,INFLOW,20111230,2300,12902, ,CFS
SHA,H,76,INFLOW,20111231,0000,-2499, ,CFS
SHA,H,76,INFLOW,20111231,0100,5052, ,CFS
SHA,H,76,INFLOW,20111231,0200,2142, ,CFS
SHA,H,76,INFLOW,20111231,0300,2033, ,CFS
SHA,H,76,INFLOW,20111231,0400,2103, ,CFS
SHA,H,76,INFLOW,20111231,0500,2040, ,CFS
SHA,H,76,INFLOW,20111231,0600,2174, ,CFS
SHA,H,76,INFLOW,20111231,0700,-903, ,CFS
SHA,H,76,INFLOW,20111231,0800,749, ,CFS
SHA,H,76,INFLOW,20111231,0900,1246, ,CFS
SHA,H,76,INFLOW,20111231,1000,2110, ,CFS
SHA,H,76,INFLOW,20111231,1100,-835, ,CFS
SHA,H,76,INFLOW,20111231,1200,4732, ,CFS
SHA,H,76,INFLOW,20111231,1300,-3881, ,CFS
SHA,H,76,INFLOW,20111231,1400,1417, ,CFS
SHA,H,76,INFLOW,20111231,1500,-1972, ,CFS
SHA,H,76,INFLOW,20111231,1600,3600, ,CFS
SHA,H,76,INFLOW,20111231,1700,-3994, ,CFS
SHA,H,76,INFLOW,20111231,1800,4146, ,CFS
SHA,H,76,INFLOW,20111231,1900,7701, ,CFS
SHA,H,76,INFLOW,20111231,2000,6770, ,CFS
SHA,H,76,INFLOW,20111231,2100,4552, ,CFS
SHA,H,76,INFLOW,20111231,2200,3764, ,CFS
SHA,H,76,INFLOW,20111231,2300,3152, ,CFS
SHA,H,76,INFLOW,20120101,0000,2697, ,CFS
SHA,H,76,INFLOW,20120101,0100,4799, ,CFS
SHA,H,76,INFLOW,20120101,0200,1940, ,CFS
SHA,H,76,INFLOW,20120101,0300,-884, ,CFS
SHA,H,76,INFLOW,20120101,0400,1795, ,CFS
SHA,H,76,INFLOW,20120101,0500,1774, ,CFS
SHA,H,76,INFLOW,20120101,0600,-769, ,CFS
SHA,H,76,INFLOW,20120101,0700,895, ,CFS
SHA,H,76,INFLOW,20120101,0800,998, ,CFS
SHA,H,76,INFLOW,20120101,0900,1978, ,CFS
SHA,H,76,INFLOW,20120101,1000,2006, ,CFS
SHA,H,76,INFLOW,20120101,1100,2067, ,CFS
SHA,H,76,INFLOW,20120101,1200,-6379, ,CFS
SHA,H,76,INFLOW,20120101,1300,4415, ,CFS
SHA,H,76,INFLOW,20120101,1400,-1170, ,CFS
SHA,H,76,INFLOW,20120101,1500,1498, ,CFS
SHA,H,76,INFLOW,20120101,1600,1471, ,CFS
SHA,H,76,INFLOW,20120101,1700,4817, ,CFS
SHA,H,76,INFLOW,20120101,1800,-351, ,CFS
SHA,H,76,INFLOW,20120101,1900,6266, ,CFS
SHA,H,76,INFLOW,20120101,2000,3243, ,CFS
SHA,H,76,INFLOW,20120101,2100,10764, ,CFS
SHA,H,76,INFLOW,20120101,2200,558, ,CFS
SHA,H,76,INFLOW,20120101,2300,10957, ,CFS
SHA,H,76,INFLOW,20120102,0000,2485, ,CFS
SHA,H,76,INFLOW,20120102,0100,1946, ,CFS
SHA,H,76,INFLOW,20120102,0200,1971, ,CFS
SHA,H,76,INFLOW,20120102,0300,1959, ,CFS
SHA,H,76,INFLOW,20120102,0400,1944, ,CFS
SHA,H,76,INFLOW,20120102,0500,-795, ,CFS
SHA,H,76,INFLOW,20120102,0600,-564, ,CFS
SHA,H,76,INFLOW,20120102,0700,3739, ,CFS
SHA,H,76,INFLOW,20120102,0800,4137, ,CFS
SHA,H,76,INFLOW,20120102,0900,-1420, ,CFS
SHA,H,76,INFLOW,20120102,1000,4260, ,CFS
SHA,H,76,INFLOW,20120102,1100,1574, ,CFS
SHA,H,76,INFLOW,20120102,1200,7175, ,CFS
SHA,H,76,INFLOW,20120102,1300,4236, ,CFS
SHA,H,76,INFLOW,20120102,1400,-1557, ,CFS
SHA,H,76,INFLOW,20120102,1500,4099, ,CFS
SHA,H,76,INFLOW,20120102,1600,-1828, ,CFS
SHA,H,76,INFLOW,20120102,1700,-1210, ,CFS
SHA,H,76,INFLOW,20120102,1800,12055, ,CFS
SHA,H,76,INFLOW,20120102,1900,-1025, ,CFS
SHA,H,76,INFLOW,20120102,2000,6886, ,CFS
SHA,H,76,INFLOW,20120102,2100,6114, ,CFS
SHA,H,76,INFLOW,20120102,2200,6034, ,CFS
SHA,H,76,INFLOW,20120102,2300,5593, ,CFS
SHA,H,76,INFLOW,20120103,0000,7935, ,CFS
SHA,H,76,INFLOW,20120103,0100,4650, ,CFS
SHA,H,76,INFLOW,20120103,0200,-4181, ,CFS
SHA,H,76,INFLOW,20120103,0300,7054, ,CFS
SHA,H,76,INFLOW,20120103,0400,-4122, ,CFS
SHA,H,76,INFLOW,20120103,0500,-925, ,CFS
SHA,H,76,INFLOW,20120103,0600,2326, ,CFS
SHA,H,76,INFLOW,20120103,0700,2183, ,CFS
SHA,H,76,INFLOW,20120103,0800,2909, ,CFS
SHA,H,76,INFLOW,20120103,0900,2104, ,CFS
SHA,H,76,INFLOW,20120103,1000,1039, ,CFS
SHA,H,76,INFLOW,20120103,1100,252, ,CFS
SHA,H,76,INFLOW,20120103,1200,-335, ,CFS
SHA,H,76,INFLOW,20120103,1300,-820, ,CFS
SHA,H,76,INFLOW,20120103,1400,1779, ,CFS
SHA,H,76,INFLOW,20120103,1500,1391, ,CFS
SHA,H,76,INFLOW,20120103,1600,-1622, ,CFS
SHA,H,76,INFLOW,20120103,1700,3100, ,CFS
SHA,H,76,INFLOW,20120103,1800,3441, ,CFS
SHA,H,76,INFLOW,20120103,1900,4156, ,CFS
SHA,H,76,INFLOW,20120103,2000,1116, ,CFS
SHA,H,76,INFLOW,20120103,2100,1408, ,CFS
SHA,H,76,INFLOW,20120103,2200,5442, ,CFS
SHA,H,76,INFLOW,20120103,2300,2914, ,CFS
SHA,H,76,INFLOW,20120104,0000,3140, ,CFS
SHA,H,76,INFLOW,20120104,0100,2573, ,CFS
SHA,H,76,INFLOW,20120104,0200,1948, ,CFS
SHA,H,76,INFLOW,20120104,0300,1675, ,CFS
SHA,H,76,INFLOW,20120104,0400,1160, ,CFS
SHA,H,76,INFLOW,20120104,0500,73, ,CFS
SHA,H,76,INFLOW,20120104,0600,2518, ,CFS
SHA,H,76,INFLOW,20120104,0700,2168, ,CFS
SHA,H,76,INFLOW,20120104,0800,1557, ,CFS
SHA,H,76,INFLOW,20120104,0900,1876, ,CFS
SHA,H,76,INFLOW,20120104,1000,5968, ,CFS
SHA,H,76,INFLOW,20120104,1100,1703, ,CFS
SHA,H,76,INFLOW,20120104,1200,5338, ,CFS
SHA,H,76,INFLOW,20120104,1300,3945, ,CFS
SHA,H,76,INFLOW,20120104,1400,965, ,CFS
SHA,H,76,INFLOW,20120104,1500,6957, ,CFS
SHA,H,76,INFLOW,20120104,1600,3278, ,CFS
SHA,H,76,INFLOW,20120104,1700,3437, ,CFS
SHA,H,76,INFLOW,20120104,1800,6979, ,CFS
SHA,H,76,INFLOW,20120104,1900,5494, ,CFS
SHA,H,76,INFLOW,20120104,2000,7664, ,CFS
SHA,H,76,INFLOW,20120104,2100,3615, ,CFS
SHA,H,76,INFLOW,20120104,2200,4412, ,CFS
SHA,H,76,INFLOW,20120104,2300,5740, ,CFS
SHA,H,76,INFLOW,20120105,0000,2224, ,CFS
SHA,H,76,INFLOW,20120105,0100,4955, ,CFS
SHA,H,76,INFLOW,20120105,0200,3745, ,CFS
SHA,H,76,INFLOW,20120105,0300,-1627, ,CFS
SHA,H,76,INFLOW,20120105,0400,4257, ,CFS
SHA,H,76,INFLOW,20120105,0500,1968, ,CFS
SHA,H,76,INFLOW,20120105,0600,-1497, ,CFS
SHA,H,76,INFLOW,20120105,0700,2327, ,CFS
SHA,H,76,INFLOW,20120105,0800,4768, ,CFS
SHA,H,76,INFLOW,20120105,0900,-1403, ,CFS
SHA,H,76,INFLOW,20120105,1000,10139, ,CFS
SHA,H,76,INFLOW,20120105,1100,-2910, ,CFS
SHA,H,76,INFLOW,20120105,1200,5510, ,CFS
SHA,H,76,INFLOW,20120105,1300,3278, ,CFS
SHA,H,76,INFLOW,20120105,1400,3644, ,CFS
SHA,H,76,INFLOW,20120105,1500,6526, ,CFS
SHA,H,76,INFLOW,20120105,1600,654, ,CFS
SHA,H,76,INFLOW,20120105,1700,3123, ,CFS
SHA,H,76,INFLOW,20120105,1800,7358, ,CFS
SHA,H,76,INFLOW,20120105,1900,2840, ,CFS
SHA,H,76,INFLOW,20120105,2000,10727, ,CFS
SHA,H,76,INFLOW,20120105,2100,-352, ,CFS
SHA,H,76,INFLOW,20120105,2200,5277, ,CFS
SHA,H,76,INFLOW,20120105,2300,6124, ,CFS
SHA,H,76,INFLOW,20120106,0000,1391, ,CFS
SHA,H,76,INFLOW,20120106,0100,4643, ,CFS
SHA,H,76,INFLOW,20120106,0200,6983, ,CFS
SHA,H,76,INFLOW,20120106,0300,-1200, ,CFS
SHA,H,76,INFLOW,20120106,0400,4194, ,CFS
SHA,H,76,INFLOW,20120106,0500,-1177, ,CFS
SHA,H,76,INFLOW,20120106,0600,1745, ,CFS
SHA,H,76,INFLOW,20120106,0700,2870, ,CFS
SHA,H,76,INFLOW,20120106,0800,26, ,CFS
SHA,H,76,INFLOW,20120106,0900,2904, ,CFS
SHA,H,76,INFLOW,20120106,1000,8235, ,CFS
SHA,H,76,INFLOW,20120106,1100,4919, ,CFS
SHA,H,76,INFLOW,20120106,1200,2561, ,CFS
SHA,H,76,INFLOW,20120106,1300,4268, ,CFS
SHA,H,76,INFLOW,20120106,1400,-1536, ,CFS
SHA,H,76,INFLOW,20120106,1500,9223, ,CFS
SHA,H,76,INFLOW,20120106,1600,826, ,CFS
SHA,H,76,INFLOW,20120106,1700,4076, ,CFS
SHA,H,76,INFLOW,20120106,1800,7682, ,CFS
SHA,H,76,INFLOW,20120106,1900,5099, ,CFS
SHA,H,76,INFLOW,20120106,2000,4619, ,CFS
SHA,H,76,INFLOW,20120106,2100,4509, ,CFS
SHA,H,76,INFLOW,20120106,2200,2353, ,CFS
SHA,H,76,INFLOW,20120106,2300,7839, ,CFS
SHA,H,76,INFLOW,20120107,0000,-3412, ,CFS
SHA,H,76,INFLOW,20120107,0100,7086, ,CFS
SHA,H,76,INFLOW,20120107,0200,7196, ,CFS
SHA,H,76,INFLOW,20120107,0300,1245, ,CFS
SHA,H,76,INFLOW,20120107,0400,4108, ,CFS
SHA,H,76,INFLOW,20120107,0500,-1224, ,CFS
SHA,H,76,INFLOW,20120107,0600,-950, ,CFS
SHA,H,76,INFLOW,20120107,0700,5861, ,CFS
SHA,H,76,INFLOW,20120107,0800,-1849, ,CFS
SHA,H,76,INFLOW,20120107,0900,1161, ,CFS
SHA,H,76,INFLOW,20120107,1000,5022, ,CFS
SHA,H,76,INFLOW,20120107,1100,-614, ,CFS
SHA,H,76,INFLOW,20120107,1200,4483, ,CFS
SHA,H,76,INFLOW,20120107,1300,170, ,CFS
SHA,H,76,INFLOW,20120107,1400,133, ,CFS
SHA,H,76,INFLOW,20120107,1500,2986, ,CFS
SHA,H,76,INFLOW,20120107,1600,213, ,CFS
SHA,H,76,INFLOW,20120107,1700,734, ,CFS
SHA,H,76,INFLOW,20120107,1800,5995, ,CFS
SHA,H,76,INFLOW,20120107,1900,1701, ,CFS
SHA,H,76,INFLOW,20120107,2000,4229, ,CFS
SHA,H,76,INFLOW,20120107,2100,12160, ,CFS
SHA,H,76,INFLOW,20120107,2200,4045, ,CFS
SHA,H,76,INFLOW,20120107,2300,7019, ,CFS
SHA,H,76,INFLOW,20120108,0000,8190, ,CFS
SHA,H,76,INFLOW,20120108,0100,13117, ,CFS
SHA,H,76,INFLOW,20120108,0200,-1546, ,CFS
SHA,H,76,INFLOW,20120108,0300,-1382, ,CFS
SHA,H,76,INFLOW,20120108,0400,4126, ,CFS
SHA,H,76,INFLOW,20120108,0500,-745, ,CFS
SHA,H,76,INFLOW,20120108,0600,2167, ,CFS
SHA,H,76,INFLOW,20120108,0700,-2246, ,CFS
SHA,H,76,INFLOW,20120108,0800,3584, ,CFS
SHA,H,76,INFLOW,20120108,0900,2839, ,CFS
SHA,H,76,INFLOW,20120108,1000,292, ,CFS
SHA,H,76,INFLOW,20120108,1100,3207, ,CFS
SHA,H,76,INFLOW,20120108,1200,3406, ,CFS
SHA,H,76,INFLOW,20120108,1300,3450, ,CFS
SHA,H,76,INFLOW,20120108,1400,3118, ,CFS
SHA,H,76,INFLOW,20120108,1500,5837, ,CFS
SHA,H,76,INFLOW,20120108,1600,3153, ,CFS
SHA,H,76,INFLOW,20120108,1700,4597, ,CFS
SHA,H,76,INFLOW,20120108,1800,4162, ,CFS
SHA,H,76,INFLOW,20120108,1900,8871, ,CFS
SHA,H,76,INFLOW,20120108,2000,8883, ,CFS
SHA,H,76,INFLOW,20120108,2100,8128, ,CFS
SHA,H,76,INFLOW,20120108,2200,5835, ,CFS
SHA,H,76,INFLOW,20120108,2300,7836, ,CFS
SHA,H,76,INFLOW,20120109,0000,5361, ,CFS
SHA,H,76,INFLOW,20120109,0100,10373, ,CFS
SHA,H,76,INFLOW,20120109,0200,4444, ,CFS
SHA,H,76,INFLOW,20120109,0300,7132, ,CFS
SHA,H,76,INFLOW,20120109,0400,4604, ,CFS
SHA,H,76,INFLOW,20120109,0500,-680, ,CFS
SHA,H,76,INFLOW,20120109,0600,4218, ,CFS
SHA,H,76,INFLOW,20120109,0700,3683, ,CFS
SHA,H,76,INFLOW,20120109,0800,820, ,CFS
SHA,H,76,INFLOW,20120109,0900,5226, ,CFS
SHA,H,76,INFLOW,20120109,1000,537, ,CFS
SHA,H,76,INFLOW,20120109,1100,2173, ,CFS
SHA,H,76,INFLOW,20120109,1200,1724, ,CFS
SHA,H,76,INFLOW,20120109,1300,-15154, ,CFS
SHA,H,76,INFLOW,20120109,1400,1567, ,CFS
SHA,H,76,INFLOW,20120109,1500,1591, ,CFS
SHA,H,76,INFLOW,20120109,1600,1618, ,CFS
SHA,H,76,INFLOW,20120109,1700,2103, ,CFS
SHA,H,76,INFLOW,20120109,1800,2863, ,CFS
SHA,H,76,INFLOW,20120109,1900,3335, ,CFS
SHA,H,76,INFLOW,20120109,2000,5619, ,CFS
SHA,H,76,INFLOW,20120109,2100,4174, ,CFS
SHA,H,76,INFLOW,20120109,2200,6666, ,CFS
SHA,H,76,INFLOW,20120109,2300,5820, ,CFS
SHA,H,76,INFLOW,20120110,0000,6497, ,CFS
SHA,H,76,INFLOW,20120110,0100,1783, ,CFS
SHA,H,76,INFLOW,20120110,0200,4462, ,CFS
SHA,H,76,INFLOW,20120110,0300,4613, ,CFS
SHA,H,76,INFLOW,20120110,0400,-1190, ,CFS
SHA,H,76,INFLOW,20120110,0500,4535, ,CFS
SHA,H,76,INFLOW,20120110,0600,-2922, ,CFS
SHA,H,76,INFLOW,20120110,0700,3643, ,CFS
SHA,H,76,INFLOW,20120110,0800,6757, ,CFS
SHA,H,76,INFLOW,20120110,0900,5069, ,CFS
SHA,H,76,INFLOW,20120110,1000,6257, ,CFS
SHA,H,76,INFLOW,20120110,1100,3414, ,CFS
SHA,H,76,INFLOW,20120110,1200,1982, ,CFS
SHA,H,76,INFLOW,20120110,1300,4168, ,CFS
SHA,H,76,INFLOW,20120110,1400,1429, ,CFS
SHA,H,76,INFLOW,20120110,1500,6727, ,CFS
SHA,H,76,INFLOW,20120110,1600,-1932, ,CFS
SHA,H,76,INFLOW,20120110,1700,4348, ,CFS
SHA,H,76,INFLOW,20120110,1800,5523, ,CFS
SHA,H,76,INFLOW,20120110,1900,5067, ,CFS
SHA,H,76,INFLOW,20120110,2000,7498, ,CFS
SHA,H,76,INFLOW,20120110,2100,6698, ,CFS
SHA,H,76,INFLOW,20120110,2200,1217, ,CFS
SHA,H,76,INFLOW,20120110,2300,4709, ,CFS
SHA,H,76,INFLOW,20120111,0000,4677, ,CFS
SHA,H,76,INFLOW,20120111,0100,1524, ,CFS
SHA,H,76,INFLOW,20120111,0200,1285, ,CFS
SHA,H,76,INFLOW,20120111,0300,4021, ,CFS
SHA,H,76,INFLOW,20120111,0400,-1386, ,CFS
SHA,H,76,INFLOW,20120111,0500,4731, ,CFS
SHA,H,76,INFLOW,20120111,0600,-2090, ,CFS
SHA,H,76,INFLOW,20120111,0700,224, ,CFS
SHA,H,76,INFLOW,20120111,0800,6865, ,CFS
SHA,H,76,INFLOW,20120111,0900,6948, ,CFS
SHA,H,76,INFLOW,20120111,1000,-2255, ,CFS
SHA,H,76,INFLOW,20120111,1100,9210, ,CFS
SHA,H,76,INFLOW,20120111,1200,78, ,CFS
SHA,H,76,INFLOW,20120111,1300,4805, ,CFS
SHA,H,76,INFLOW,20120111,1400,2102, ,CFS
SHA,H,76,INFLOW,20120111,1500,1761, ,CFS
SHA,H,76,INFLOW,20120111,1600,-1624, ,CFS
SHA,H,76,INFLOW,20120111,1700,2097, ,CFS
SHA,H,76,INFLOW,20120111,1800,4126, ,CFS
SHA,H,76,INFLOW,20120111,1900,6638, ,CFS
SHA,H,76,INFLOW,20120111,2000,5607, ,CFS
SHA,H,76,INFLOW,20120111,2100,4870, ,CFS
SHA,H,76,INFLOW,20120111,2200,-1288, ,CFS
SHA,H,76,INFLOW,20120111,2300,11564, ,CFS
SHA,H,76,INFLOW,20120112,0000,5559, ,CFS
SHA,H,76,INFLOW,20120112,0100,-1066, ,CFS
SHA,H,76,INFLOW,20120112,0200,1527, ,CFS
SHA,H,76,INFLOW,20120112,0300,1576, ,CFS
SHA,H,76,INFLOW,20120112,0400,1644, ,CFS
SHA,H,76,INFLOW,20120112,0500,-576, ,CFS
SHA,H,76,INFLOW,20120112,0600,-678, ,CFS
SHA,H,76,INFLOW,20120112,0700,3603, ,CFS
SHA,H,76,INFLOW,20120112,0800,4594, ,CFS
SHA,H,76,INFLOW,20120112,0900,4344, ,CFS
SHA,H,76,INFLOW,20120112,1000,6148, ,CFS
SHA,H,76,INFLOW,20120112,1100,1149, ,CFS
SHA,H,76,INFLOW,20120112,1200,2213, ,CFS
SHA,H,76,INFLOW,20120112,1300,6114, ,CFS
SHA,H,76,INFLOW,20120112,1400,3191, ,CFS
SHA,H,76,INFLOW,20120112,1500,3395, ,CFS
SHA,H,76,INFLOW,20120112,1600,6177, ,CFS
SHA,H,76,INFLOW,20120112,1700,3714, ,CFS
SHA,H,76,INFLOW,20120112,1800,6574, ,CFS
SHA,H,76,INFLOW,20120112,1900,5099, ,CFS
SHA,H,76,INFLOW,20120112,2000,4918, ,CFS
SHA,H,76,INFLOW,20120112,2100,5261, ,CFS
SHA,H,76,INFLOW,20120112,2200,2586, ,CFS
SHA,H,76,INFLOW,20120112,2300,7669, ,CFS
SHA,H,76,INFLOW,20120113,0000,5580, ,CFS
SHA,H,76,INFLOW,20120113,0100,4685, ,CFS
SHA,H,76,INFLOW,20120113,0200,-911, ,CFS
SHA,H,76,INFLOW,20120113,0300,1847, ,CFS
SHA,H,76,INFLOW,20120113,0400,1267, ,CFS
SHA,H,76,INFLOW,20120113,0500,-1267, ,CFS
SHA,H,76,INFLOW,20120113,0600,3708, ,CFS
SHA,H,76,INFLOW,20120113,0700,811, ,CFS
SHA,H,76,INFLOW,20120113,0800,3252, ,CFS
SHA,H,76,INFLOW,20120113,0900,8632, ,CFS
SHA,H,76,INFLOW,20120113,1000,-436, ,CFS
SHA,H,76,INFLOW,20120113,1100,4712, ,CFS
SHA,H,76,INFLOW,20120113,1200,2649, ,CFS
SHA,H,76,INFLOW,20120113,1300,4873, ,CFS
SHA,H,76,INFLOW,20120113,1400,1818, ,CFS
SHA,H,76,INFLOW,20120113,1500,3841, ,CFS
SHA,H,76,INFLOW,20120113,1600,3569, ,CFS
SHA,H,76,INFLOW,20120113,1700,1045, ,CFS
SHA,H,76,INFLOW,20120113,1800,5307, ,CFS
SHA,H,76,INFLOW,20120113,1900,6080, ,CFS
SHA,H,76,INFLOW,20120113,2000,9995, ,CFS
SHA,H,76,INFLOW,20120113,2100,6912, ,CFS
SHA,H,76,INFLOW,20120113,2200,7482, ,CFS
SHA,H,76,INFLOW,20120113,2300,10414, ,CFS
SHA,H,76,INFLOW,20120114,0000,2995, ,CFS
SHA,H,76,INFLOW,20120114,0100,7131, ,CFS
SHA,H,76,INFLOW,20120114,0200,1180, ,CFS
SHA,H,76,INFLOW,20120114,0300,1241, ,CFS
SHA,H,76,INFLOW,20120114,0400,4148, ,CFS
SHA,H,76,INFLOW,20120114,0500,-1052, ,CFS
SHA,H,76,INFLOW,20120114,0600,2138, ,CFS
SHA,H,76,INFLOW,20120114,0700,1274, ,CFS
SHA,H,76,INFLOW,20120114,0800,615, ,CFS
SHA,H,76,INFLOW,20120114,0900,3082, ,CFS
SHA,H,76,INFLOW,20120114,1000,3480, ,CFS
SHA,H,76,INFLOW,20120114,1100,2572, ,CFS
SHA,H,76,INFLOW,20120114,1200,1177, ,CFS
SHA,H,76,INFLOW,20120114,1300,5993, ,CFS
SHA,H,76,INFLOW,20120114,1400,3361, ,CFS
SHA,H,76,INFLOW,20120114,1500,3303, ,CFS
SHA,H,76,INFLOW,20120114,1600,3386, ,CFS
SHA,H,76,INFLOW,20120114,1700,1130, ,CFS
SHA,H,76,INFLOW,20120114,1800,2858, ,CFS
SHA,H,76,INFLOW,20120114,1900,11963, ,CFS
SHA,H,76,INFLOW,20120114,2000,6589, ,CFS
SHA,H,76,INFLOW,20120114,2100,9288, ,CFS
SHA,H,76,INFLOW,20120114,2200,7852, ,CFS
SHA,H,76,INFLOW,20120114,2300,6008, ,CFS
SHA,H,76,INFLOW,20120115,0000,2419, ,CFS
SHA,H,76,INFLOW,20120115,0100,4284, ,CFS
SHA,H,76,INFLOW,20120115,0200,-1282, ,CFS
SHA,H,76,INFLOW,20120115,0300,4280, ,CFS
SHA,H,76,INFLOW,20120115,0400,-1394, ,CFS
SHA,H,76,INFLOW,20120115,0500,1459, ,CFS
SHA,H,76,INFLOW,20120115,0600,1883, ,CFS
SHA,H,76,INFLOW,20120115,0700,851, ,CFS
SHA,H,76,INFLOW,20120115,0800,1277, ,CFS
SHA,H,76,INFLOW,20120115,0900,4474, ,CFS
SHA,H,76,INFLOW,20120115,1000,-118, ,CFS
SHA,H,76,INFLOW,20120115,1100,5191, ,CFS
SHA,H,76,INFLOW,20120115,1200,3613, ,CFS
SHA,H,76,INFLOW,20120115,1300,660, ,CFS
SHA,H,76,INFLOW,20120115,1400,5526, ,CFS
SHA,H,76,INFLOW,20120115,1500,3135, ,CFS
SHA,H,76,INFLOW,20120115,1600,533, ,CFS
SHA,H,76,INFLOW,20120115,1700,3989, ,CFS
SHA,H,76,INFLOW,20120115,1800,849, ,CFS
SHA,H,76,INFLOW,20120115,1900,12288, ,CFS
SHA,H,76,INFLOW,20120115,2000,5355, ,CFS
SHA,H,76,INFLOW,20120115,2100,8468, ,CFS
SHA,H,76,INFLOW,20120115,2200,8332, ,CFS
SHA,H,76,INFLOW,20120115,2300,9098, ,CFS
SHA,H,76,INFLOW,20120116,0000,2835, ,CFS
SHA,H,76,INFLOW,20120116,0100,1355, ,CFS
SHA,H,76,INFLOW,20120116,0200,1135, ,CFS
SHA,H,76,INFLOW,20120116,0300,1062, ,CFS
SHA,H,76,INFLOW,20120116,0400,1459, ,CFS
SHA,H,76,INFLOW,20120116,0500,4460, ,CFS
SHA,H,76,INFLOW,20120116,0600,590, ,CFS
SHA,H,76,INFLOW,20120116,0700,-1117, ,CFS
SHA,H,76,INFLOW,20120116,0800,4884, ,CFS
SHA,H,76,INFLOW,20120116,0900,-740, ,CFS
SHA,H,76,INFLOW,20120116,1000,997, ,CFS
SHA,H,76,INFLOW,20120116,1100,454, ,CFS
SHA,H,76,INFLOW,20120116,1200,5345, ,CFS
SHA,H,76,INFLOW,20120116,1300,2090, ,CFS
SHA,H,76,INFLOW,20120116,1400,4698, ,CFS
SHA,H,76,INFLOW,20120116,1500,3354, ,CFS
SHA,H,76,INFLOW,20120116,1600,3469, ,CFS
SHA,H,76,INFLOW,20120116,1700,1753, ,CFS
SHA,H,76,INFLOW,20120116,1800,7779, ,CFS
SHA,H,76,INFLOW,20120116,1900,8497, ,CFS
SHA,H,76,INFLOW,20120116,2000,8497, ,CFS
SHA,H,76,INFLOW,20120116,2100,8215, ,CFS
SHA,H,76,INFLOW,20120116,2200,7980, ,CFS
SHA,H,76,INFLOW,20120116,2300,4916, ,CFS
SHA,H,76,INFLOW,20120117,0000,2870, ,CFS
SHA,H,76,INFLOW,20120117,0100,1680, ,CFS
SHA,H,76,INFLOW,20120117,0200,1751, ,CFS
SHA,H,76,INFLOW,20120117,0300,-1038, ,CFS
SHA,H,76,INFLOW,20120117,0400,1844, ,CFS
SHA,H,76,INFLOW,20120117,0500,-235, ,CFS
SHA,H,76,INFLOW,20120117,0600,3148, ,CFS
SHA,H,76,INFLOW,20120117,0700,-2685, ,CFS
SHA,H,76,INFLOW,20120117,0800,2745, ,CFS
SHA,H,76,INFLOW,20120117,0900,8856, ,CFS
SHA,H,76,INFLOW,20120117,1000,-3573, ,CFS
SHA,H,76,INFLOW,20120117,1100,8607, ,CFS
SHA,H,76,INFLOW,20120117,1200,2543, ,CFS
SHA,H,76,INFLOW,20120117,1300,3196, ,CFS
SHA,H,76,INFLOW,20120117,1400,3107, ,CFS
SHA,H,76,INFLOW,20120117,1500,2852, ,CFS
SHA,H,76,INFLOW,20120117,1600,592, ,CFS
SHA,H,76,INFLOW,20120117,1700,3925, ,CFS
SHA,H,76,INFLOW,20120117,1800,4701, ,CFS
SHA,H,76,INFLOW,20120117,1900,7259, ,CFS
SHA,H,76,INFLOW,20120117,2000,8242, ,CFS
SHA,H,76,INFLOW,20120117,2100,4133, ,CFS
SHA,H,76,INFLOW,20120117,2200,9865, ,CFS
SHA,H,76,INFLOW,20120117,2300,6861, ,CFS
SHA,H,76,INFLOW,20120118,0000,2745, ,CFS
SHA,H,76,INFLOW,20120118,0100,1277, ,CFS
SHA,H,76,INFLOW,20120118,0200,1068, ,CFS
SHA,H,76,INFLOW,20120118,0300,3724, ,CFS
SHA,H,76,INFLOW,20120118,0400,-4519, ,CFS
SHA,H,76,INFLOW,20120118,0500,3967, ,CFS
SHA,H,76,INFLOW,20120118,0600,-1959, ,CFS
SHA,H,76,INFLOW,20120118,0700,6845, ,CFS
SHA,H,76,INFLOW,20120118,0800,2386, ,CFS
SHA,H,76,INFLOW,20120118,0900,3647, ,CFS
SHA,H,76,INFLOW,20120118,1000,9564, ,CFS
SHA,H,76,INFLOW,20120118,1100,5354, ,CFS
SHA,H,76,INFLOW,20120118,1200,4199, ,CFS
SHA,H,76,INFLOW,20120118,1300,3193, ,CFS
SHA,H,76,INFLOW,20120118,1400,2950, ,CFS
SHA,H,76,INFLOW,20120118,1500,522, ,CFS
SHA,H,76,INFLOW,20120118,1600,6096, ,CFS
SHA,H,76,INFLOW,20120118,1700,3737, ,CFS
SHA,H,76,INFLOW,20120118,1800,1417, ,CFS
SHA,H,76,INFLOW,20120118,1900,12202, ,CFS
SHA,H,76,INFLOW,20120118,2000,4993, ,CFS
SHA,H,76,INFLOW,20120118,2100,10721, ,CFS
SHA,H,76,INFLOW,20120118,2200,6157, ,CFS
SHA,H,76,INFLOW,20120118,2300,6006, ,CFS
SHA,H,76,INFLOW,20120119,0000,11818, ,CFS
SHA,H,76,INFLOW,20120119,0100,-1174, ,CFS
SHA,H,76,INFLOW,20120119,0200,4034, ,CFS
SHA,H,76,INFLOW,20120119,0300,1196, ,CFS
SHA,H,76,INFLOW,20120119,0400,974, ,CFS
SHA,H,76,INFLOW,20120119,0500,4115, ,CFS
SHA,H,76,INFLOW,20120119,0600,2154, ,CFS
SHA,H,76,INFLOW,20120119,0700,4275, ,CFS
SHA,H,76,INFLOW,20120119,0800,7866, ,CFS
SHA,H,76,INFLOW,20120119,0900,6474, ,CFS
SHA,H,76,INFLOW,20120119,1000,15668, ,CFS
SHA,H,76,INFLOW,20120119,1100,4346, ,CFS
SHA,H,76,INFLOW,20120119,1200,5984, ,CFS
SHA,H,76,INFLOW,20120119,1300,6187, ,CFS
SHA,H,76,INFLOW,20120119,1400,6356, ,CFS
SHA,H,76,INFLOW,20120119,1500,5570, ,CFS
SHA,H,76,INFLOW,20120119,1600,3151, ,CFS
SHA,H,76,INFLOW,20120119,1700,3335, ,CFS
SHA,H,76,INFLOW,20120119,1800,11381, ,CFS
SHA,H,76,INFLOW,20120119,1900,12885, ,CFS
SHA,H,76,INFLOW,20120119,2000,10828, ,CFS
SHA,H,76,INFLOW,20120119,2100,11200, ,CFS
SHA,H,76,INFLOW,20120119,2200,8431, ,CFS
SHA,H,76,INFLOW,20120119,2300,6037, ,CFS
SHA,H,76,INFLOW,20120120,0000,13260, ,CFS
SHA,H,76,INFLOW,20120120,0100,6679, ,CFS
SHA,H,76,INFLOW,20120120,0200,-1825, ,CFS
SHA,H,76,INFLOW,20120120,0300,3605, ,CFS
SHA,H,76,INFLOW,20120120,0400,3650, ,CFS
SHA,H,76,INFLOW,20120120,0500,-1815, ,CFS
SHA,H,76,INFLOW,20120120,0600,7134, ,CFS
SHA,H,76,INFLOW,20120120,0700,-4132, ,CFS
SHA,H,76,INFLOW,20120120,0800,14934, ,CFS
SHA,H,76,INFLOW,20120120,0900,5111, ,CFS
SHA,H,76,INFLOW,20120120,1000,13874, ,CFS
SHA,H,76,INFLOW,20120120,1100,8042, ,CFS
SHA,H,76,INFLOW,20120120,1200,8305, ,CFS
SHA,H,76,INFLOW,20120120,1300,5405, ,CFS
SHA,H,76,INFLOW,20120120,1400,10777, ,CFS
SHA,H,76,INFLOW,20120120,1500,5423, ,CFS
SHA,H,76,INFLOW,20120120,1600,16253, ,CFS
SHA,H,76,INFLOW,20120120,1700,6086, ,CFS
SHA,H,76,INFLOW,20120120,1800,10369, ,CFS
SHA,H,76,INFLOW,20120120,1900,21745, ,CFS
SHA,H,76,INFLOW,20120120,2000,32750, ,CFS
SHA,H,76,INFLOW,20120120,2100,6819, ,CFS
SHA,H,76,INFLOW,20120120,2200,13912, ,CFS
SHA,H,76,INFLOW,20120120,2300,16376, ,CFS
SHA,H,76,INFLOW,20120121,0000,10218, ,CFS
SHA,H,76,INFLOW,20120121,0100,23945, ,CFS
SHA,H,76,INFLOW,20120121,0200,-1336, ,CFS
SHA,H,76,INFLOW,20120121,0300,1156, ,CFS
SHA,H,76,INFLOW,20120121,0400,12068, ,CFS
SHA,H,76,INFLOW,20120121,0500,9166, ,CFS
SHA,H,76,INFLOW,20120121,0600,4196, ,CFS
SHA,H,76,INFLOW,20120121,0700,-500, ,CFS
SHA,H,76,INFLOW,20120121,0800,806, ,CFS
SHA,H,76,INFLOW,20120121,0900,11611, ,CFS
SHA,H,76,INFLOW,20120121,1000,9064, ,CFS
SHA,H,76,INFLOW,20120121,1100,11943, ,CFS
SHA,H,76,INFLOW,20120121,1200,3419, ,CFS
SHA,H,76,INFLOW,20120121,1300,349, ,CFS
SHA,H,76,INFLOW,20120121,1400,7985, ,CFS
SHA,H,76,INFLOW,20120121,1500,7811, ,CFS
SHA,H,76,INFLOW,20120121,1600,5179, ,CFS
SHA,H,76,INFLOW,20120121,1700,5488, ,CFS
SHA,H,76,INFLOW,20120121,1800,5871, ,CFS
SHA,H,76,INFLOW,20120121,1900,16807, ,CFS
SHA,H,76,INFLOW,20120121,2000,7438, ,CFS
SHA,H,76,INFLOW,20120121,2100,7785, ,CFS
SHA,H,76,INFLOW,20120121,2200,12311, ,CFS
SHA,H,76,INFLOW,20120121,2300,6798, ,CFS
SHA,H,76,INFLOW,20120122,0000,8536, ,CFS
SHA,H,76,INFLOW,20120122,0100,10149, ,CFS
SHA,H,76,INFLOW,20120122,0200,-1364, ,CFS
SHA,H,76,INFLOW,20120122,0300,1218, ,CFS
SHA,H,76,INFLOW,20120122,0400,6851, ,CFS
SHA,H,76,INFLOW,20120122,0500,-1355, ,CFS
SHA,H,76,INFLOW,20120122,0600,4614, ,CFS
SHA,H,76,INFLOW,20120122,0700,3587, ,CFS
SHA,H,76,INFLOW,20120122,0800,-827, ,CFS
SHA,H,76,INFLOW,20120122,0900,12648, ,CFS
SHA,H,76,INFLOW,20120122,1000,3806, ,CFS
SHA,H,76,INFLOW,20120122,1100,9339, ,CFS
SHA,H,76,INFLOW,20120122,1200,12128, ,CFS
SHA,H,76,INFLOW,20120122,1300,14893, ,CFS
SHA,H,76,INFLOW,20120122,1400,12106, ,CFS
SHA,H,76,INFLOW,20120122,1500,6271, ,CFS
SHA,H,76,INFLOW,20120122,1600,11710, ,CFS
SHA,H,76,INFLOW,20120122,1700,11411, ,CFS
SHA,H,76,INFLOW,20120122,1800,11479, ,CFS
SHA,H,76,INFLOW,20120122,1900,12026, ,CFS
SHA,H,76,INFLOW,20120122,2000,9659, ,CFS
SHA,H,76,INFLOW,20120122,2100,9247, ,CFS
SHA,H,76,INFLOW,20120122,2200,16089, ,CFS
SHA,H,76,INFLOW,20120122,2300,11980, ,CFS
SHA,H,76,INFLOW,20120123,0000,10421, ,CFS
SHA,H,76,INFLOW,20120123,0100,10363, ,CFS
SHA,H,76,INFLOW,20120123,0200,15340, ,CFS
SHA,H,76,INFLOW,20120123,0300,9486, ,CFS
SHA,H,76,INFLOW,20120123,0400,12205, ,CFS
SHA,H,76,INFLOW,20120123,0500,6498, ,CFS
SHA,H,76,INFLOW,20120123,0600,6849, ,CFS
SHA,H,76,INFLOW,20120123,0700,12421, ,CFS
SHA,H,76,INFLOW,20120123,0800,8319, ,CFS
SHA,H,76,INFLOW,20120123,0900,10144, ,CFS
SHA,H,76,INFLOW,20120123,1000,1576, ,CFS
SHA,H,76,INFLOW,20120123,1100,1571, ,CFS
SHA,H,76,INFLOW,20120123,1200,9949, ,CFS
SHA,H,76,INFLOW,20120123,1300,6879, ,CFS
SHA,H,76,INFLOW,20120123,1400,6823, ,CFS
SHA,H,76,INFLOW,20120123,1500,12045, ,CFS
SHA,H,76,INFLOW,20120123,1600,8821, ,CFS
SHA,H,76,INFLOW,20120123,1700,5855, ,CFS
SHA,H,76,INFLOW,20120123,1800,13497, ,CFS
SHA,H,76,INFLOW,20120123,1900,6592, ,CFS
SHA,H,76,INFLOW,20120123,2000,7815, ,CFS
SHA,H,76,INFLOW,20120123,2100,9501, ,CFS
SHA,H,76,INFLOW,20120123,2200,5972, ,CFS
SHA,H,76,INFLOW,20120123,2300,11078, ,CFS
SHA,H,76,INFLOW,20120124,0000,11531, ,CFS
SHA,H,76,INFLOW,20120124,0100,6643, ,CFS
SHA,H,76,INFLOW,20120124,0200,5978, ,CFS
SHA,H,76,INFLOW,20120124,0300,11492, ,CFS
SHA,H,76,INFLOW,20120124,0400,6537, ,CFS
SHA,H,76,INFLOW,20120124,0500,6995, ,CFS
SHA,H,76,INFLOW,20120124,0600,10647, ,CFS
SHA,H,76,INFLOW,20120124,0700,9928, ,CFS
SHA,H,76,INFLOW,20120124,0800,9250, ,CFS
SHA,H,76,INFLOW,20120124,0900,7424, ,CFS
SHA,H,76,INFLOW,20120124,1000,1723, ,CFS
SHA,H,76,INFLOW,20120124,1100,6652, ,CFS
SHA,H,76,INFLOW,20120124,1200,3780, ,CFS
SHA,H,76,INFLOW,20120124,1300,6513, ,CFS
SHA,H,76,INFLOW,20120124,1400,6380, ,CFS
SHA,H,76,INFLOW,20120124,1500,652, ,CFS
SHA,H,76,INFLOW,20120124,1600,4571, ,CFS
SHA,H,76,INFLOW,20120124,1700,4773, ,CFS
SHA,H,76,INFLOW,20120124,1800,6981, ,CFS
SHA,H,76,INFLOW,20120124,1900,6717, ,CFS
SHA,H,76,INFLOW,20120124,2000,5460, ,CFS
SHA,H,76,INFLOW,20120124,2100,7380, ,CFS
SHA,H,76,INFLOW,20120124,2200,5963, ,CFS
SHA,H,76,INFLOW,20120124,2300,11273, ,CFS
SHA,H,76,INFLOW,20120125,0000,8362, ,CFS
SHA,H,76,INFLOW,20120125,0100,1392, ,CFS
SHA,H,76,INFLOW,20120125,0200,1329, ,CFS
SHA,H,76,INFLOW,20120125,0300,6802, ,CFS
SHA,H,76,INFLOW,20120125,0400,6803, ,CFS
SHA,H,76,INFLOW,20120125,0500,-6867, ,CFS
SHA,H,76,INFLOW,20120125,0600,7508, ,CFS
SHA,H,76,INFLOW,20120125,0700,6470, ,CFS
SHA,H,76,INFLOW,20120125,0800,6955, ,CFS
SHA,H,76,INFLOW,20120125,0900,3739, ,CFS
SHA,H,76,INFLOW,20120125,1000,9209, ,CFS
SHA,H,76,INFLOW,20120125,1100,6065, ,CFS
SHA,H,76,INFLOW,20120125,1200,3221, ,CFS
SHA,H,76,INFLOW,20120125,1300,3337, ,CFS
SHA,H,76,INFLOW,20120125,1400,6092, ,CFS
SHA,H,76,INFLOW,20120125,1500,287, ,CFS
SHA,H,76,INFLOW,20120125,1600,3084, ,CFS
SHA,H,76,INFLOW,20120125,1700,3251, ,CFS
SHA,H,76,INFLOW,20120125,1800,6953, ,CFS
SHA,H,76,INFLOW,20120125,1900,10448, ,CFS
SHA,H,76,INFLOW,20120125,2000,4847, ,CFS
SHA,H,76,INFLOW,20120125,2100,10944, ,CFS
SHA,H,76,INFLOW,20120125,2200,1212, ,CFS
SHA,H,76,INFLOW,20120125,2300,9546, ,CFS
SHA,H,76,INFLOW,20120126,0000,6475, ,CFS
SHA,H,76,INFLOW,20120126,0100,3831, ,CFS
SHA,H,76,INFLOW,20120126,0200,925, ,CFS
SHA,H,76,INFLOW,20120126,0300,4191, ,CFS
SHA,H,76,INFLOW,20120126,0400,4450, ,CFS
SHA,H,76,INFLOW,20120126,0500,4664, ,CFS
SHA,H,76,INFLOW,20120126,0600,2443, ,CFS
SHA,H,76,INFLOW,20120126,0700,3031, ,CFS
SHA,H,76,INFLOW,20120126,0800,9389, ,CFS
SHA,H,76,INFLOW,20120126,0900,6609, ,CFS
SHA,H,76,INFLOW,20120126,1000,6607, ,CFS
SHA,H,76,INFLOW,20120126,1100,6729, ,CFS
SHA,H,76,INFLOW,20120126,1200,12748, ,CFS
SHA,H,76,INFLOW,20120126,1300,7211, ,CFS
SHA,H,76,INFLOW,20120126,1400,1422, ,CFS
SHA,H,76,INFLOW,20120126,1500,6788, ,CFS
SHA,H,76,INFLOW,20120126,1600,1130, ,CFS
SHA,H,76,INFLOW,20120126,1700,1647, ,CFS
SHA,H,76,INFLOW,20120126,1800,5358, ,CFS
SHA,H,76,INFLOW,20120126,1900,16293, ,CFS
SHA,H,76,INFLOW,20120126,2000,4045, ,CFS
SHA,H,76,INFLOW,20120126,2100,10096, ,CFS
SHA,H,76,INFLOW,20120126,2200,10685, ,CFS
SHA,H,76,INFLOW,20120126,2300,4168, ,CFS
SHA,H,76,INFLOW,20120127,0000,11436, ,CFS
SHA,H,76,INFLOW,20120127,0100,4410, ,CFS
SHA,H,76,INFLOW,20120127,0200,1248, ,CFS
SHA,H,76,INFLOW,20120127,0300,6562, ,CFS
SHA,H,76,INFLOW,20120127,0400,828, ,CFS
SHA,H,76,INFLOW,20120127,0500,6760, ,CFS
SHA,H,76,INFLOW,20120127,0600,1754, ,CFS
SHA,H,76,INFLOW,20120127,0700,630, ,CFS
SHA,H,76,INFLOW,20120127,0800,7770, ,CFS
SHA,H,76,INFLOW,20120127,0900,6665, ,CFS
SHA,H,76,INFLOW,20120127,1000,4256, ,CFS
SHA,H,76,INFLOW,20120127,1100,6717, ,CFS
SHA,H,76,INFLOW,20120127,1200,9342, ,CFS
SHA,H,76,INFLOW,20120127,1300,6250, ,CFS
SHA,H,76,INFLOW,20120127,1400,-2286, ,CFS
SHA,H,76,INFLOW,20120127,1500,3563, ,CFS
SHA,H,76,INFLOW,20120127,1600,6226, ,CFS
SHA,H,76,INFLOW,20120127,1700,1043, ,CFS
SHA,H,76,INFLOW,20120127,1800,5978, ,CFS
SHA,H,76,INFLOW,20120127,1900,11168, ,CFS
SHA,H,76,INFLOW,20120127,2000,3211, ,CFS
SHA,H,76,INFLOW,20120127,2100,13992, ,CFS
SHA,H,76,INFLOW,20120127,2200,3429, ,CFS
SHA,H,76,INFLOW,20120127,2300,8651, ,CFS
SHA,H,76,INFLOW,20120128,0000,13557, ,CFS
SHA,H,76,INFLOW,20120128,0100,-1367, ,CFS
SHA,H,76,INFLOW,20120128,0200,1207, ,CFS
SHA,H,76,INFLOW,20120128,0300,9492, ,CFS
SHA,H,76,INFLOW,20120128,0400,-1878, ,CFS
SHA,H,76,INFLOW,20120128,0500,1228, ,CFS
SHA,H,76,INFLOW,20120128,0600,4487, ,CFS
SHA,H,76,INFLOW,20120128,0700,3123, ,CFS
SHA,H,76,INFLOW,20120128,0800,4189, ,CFS
SHA,H,76,INFLOW,20120128,0900,-1675, ,CFS
SHA,H,76,INFLOW,20120128,1000,1847, ,CFS
SHA,H,76,INFLOW,20120128,1100,7338, ,CFS
SHA,H,76,INFLOW,20120128,1200,7252, ,CFS
SHA,H,76,INFLOW,20120128,1300,4152, ,CFS
SHA,H,76,INFLOW,20120128,1400,3685, ,CFS
SHA,H,76,INFLOW,20120128,1500,1102, ,CFS
SHA,H,76,INFLOW,20120128,1600,6430, ,CFS
SHA,H,76,INFLOW,20120128,1700,1339, ,CFS
SHA,H,76,INFLOW,20120128,1800,2166, ,CFS
SHA,H,76,INFLOW,20120128,1900,4234, ,CFS
SHA,H,76,INFLOW,20120128,2000,6401, ,CFS
SHA,H,76,INFLOW,20120128,2100,7504, ,CFS
SHA,H,76,INFLOW,20120128,2200,4908, ,CFS
SHA,H,76,INFLOW,20120128,2300,3114, ,CFS
SHA,H,76,INFLOW,20120129,0000,9124, ,CFS
SHA,H,76,INFLOW,20120129,0100,4807, ,CFS
SHA,H,76,INFLOW,20120129,0200,1753, ,CFS
SHA,H,76,INFLOW,20120129,0300,3611, ,CFS
SHA,H,76,INFLOW,20120129,0400,3758, ,CFS
SHA,H,76,INFLOW,20120129,0500,1309, ,CFS
SHA,H,76,INFLOW,20120129,0600,1606, ,CFS
SHA,H,76,INFLOW,20120129,0700,1701, ,CFS
SHA,H,76,INFLOW,20120129,0800,2282, ,CFS
SHA,H,76,INFLOW,20120129,0900,1659, ,CFS
SHA,H,76,INFLOW,20120129,1000,1712, ,CFS
SHA,H,76,INFLOW,20120129,1100,1774, ,CFS
SHA,H,76,INFLOW,20120129,1200,1704, ,CFS
SHA,H,76,INFLOW,20120129,1300,4560, ,CFS
SHA,H,76,INFLOW,20120129,1400,4458, ,CFS
SHA,H,76,INFLOW,20120129,1500,6979, ,CFS
SHA,H,76,INFLOW,20120129,1600,3837, ,CFS
SHA,H,76,INFLOW,20120129,1700,7078, ,CFS
SHA,H,76,INFLOW,20120129,1800,4650, ,CFS
SHA,H,76,INFLOW,20120129,1900,11931, ,CFS
SHA,H,76,INFLOW,20120129,2000,8429, ,CFS
SHA,H,76,INFLOW,20120129,2100,4206, ,CFS
SHA,H,76,INFLOW,20120129,2200,9636, ,CFS
SHA,H,76,INFLOW,20120129,2300,8408, ,CFS
SHA,H,76,INFLOW,20120130,0000,5400, ,CFS
SHA,H,76,INFLOW,20120130,0100,-676, ,CFS
SHA,H,76,INFLOW,20120130,0200,1931, ,CFS
SHA,H,76,INFLOW,20120130,0300,4774, ,CFS
SHA,H,76,INFLOW,20120130,0400,2360, ,CFS
SHA,H,76,INFLOW,20120130,0500,2328, ,CFS
SHA,H,76,INFLOW,20120130,0600,2385, ,CFS
SHA,H,76,INFLOW,20120130,0700,1544, ,CFS
SHA,H,76,INFLOW,20120130,0800,5439, ,CFS
SHA,H,76,INFLOW,20120130,0900,3755, ,CFS
SHA,H,76,INFLOW,20120130,1000,4753, ,CFS
SHA,H,76,INFLOW,20120130,1100,7562, ,CFS
SHA,H,76,INFLOW,20120130,1200,1450, ,CFS
SHA,H,76,INFLOW,20120130,1300,1141, ,CFS
SHA,H,76,INFLOW,20120130,1400,3883, ,CFS
SHA,H,76,INFLOW,20120130,1500,932, ,CFS
SHA,H,76,INFLOW,20120130,1600,3900, ,CFS
SHA,H,76,INFLOW,20120130,1700,4082, ,CFS
SHA,H,76,INFLOW,20120130,1800,5095, ,CFS
SHA,H,76,INFLOW,20120130,1900,11493, ,CFS
SHA,H,76,INFLOW,20120130,2000,6505, ,CFS
SHA,H,76,INFLOW,20120130,2100,5034, ,CFS
SHA,H,76,INFLOW,20120130,2200,10156, ,CFS
SHA,H,76,INFLOW,20120130,2300,4169, ,CFS
SHA,H,76,INFLOW,20120131,0000,7336, ,CFS
SHA,H,76,INFLOW,20120131,0100,-1324, ,CFS
SHA,H,76,INFLOW,20120131,0200,7163, ,CFS
SHA,H,76,INFLOW,20120131,0300,4358, ,CFS
SHA,H,76,INFLOW,20120131,0400,-1258, ,CFS
SHA,H,76,INFLOW,20120131,0500,1653, ,CFS
SHA,H,76,INFLOW,20120131,0600,2138, ,CFS
SHA,H,76,INFLOW,20120131,0700,1497, ,CFS
SHA,H,76,INFLOW,20120131,0800,2693, ,CFS
SHA,H,76,INFLOW,20120131,0900,5286, ,CFS
SHA,H,76,INFLOW,20120131,1000,5294, ,CFS
SHA,H,76,INFLOW,20120131,1100,4943, ,CFS
SHA,H,76,INFLOW,20120131,1200,3638, ,CFS
SHA,H,76,INFLOW,20120131,1300,3379, ,CFS
SHA,H,76,INFLOW,20120131,1400,396, ,CFS
SHA,H,76,INFLOW,20120131,1500,6029, ,CFS
SHA,H,76,INFLOW,20120131,1600,3004, ,CFS
SHA,H,76,INFLOW,20120131,1700,3179, ,CFS
SHA,H,76,INFLOW,20120131,1800,3719, ,CFS
SHA,H,76,INFLOW,20120131,1900,13898, ,CFS
SHA,H,76,INFLOW,20120131,2000,1508, ,CFS
SHA,H,76,INFLOW,20120131,2100,9151, ,CFS
SHA,H,76,INFLOW,20120131,2200,9019, ,CFS
SHA,H,76,INFLOW,20120131,2300,5468, ,CFS
SHA,H,76,INFLOW,20120201,0000,14066, ,CFS
SHA,H,76,INFLOW,20120201,0100,4383, ,CFS
SHA,H,76,INFLOW,20120201,0200,1336, ,CFS
SHA,H,76,INFLOW,20120201,0300,9454, ,CFS
SHA,H,76,INFLOW,20120201,0400,1069, ,CFS
SHA,H,76,INFLOW,20120201,0500,12795, ,CFS
SHA,H,76,INFLOW,20120201,0600,-840, ,CFS
SHA,H,76,INFLOW,20120201,0700,-967, ,CFS
SHA,H,76,INFLOW,20120201,0800,3776, ,CFS
SHA,H,76,INFLOW,20120201,0900,-130, ,CFS
SHA,H,76,INFLOW,20120201,1000,-629, ,CFS
SHA,H,76,INFLOW,20120201,1100,13597, ,CFS
SHA,H,76,INFLOW,20120201,1200,699, ,CFS
SHA,H,76,INFLOW,20120201,1300,6226, ,CFS
SHA,H,76,INFLOW,20120201,1400,3007, ,CFS
SHA,H,76,INFLOW,20120201,1500,161, ,CFS
SHA,H,76,INFLOW,20120201,1600,8439, ,CFS
SHA,H,76,INFLOW,20120201,1700,679, ,CFS
SHA,H,76,INFLOW,20120201,1800,3586, ,CFS
SHA,H,76,INFLOW,20120201,1900,11260, ,CFS
SHA,H,76,INFLOW,20120201,2000,3766, ,CFS
SHA,H,76,INFLOW,20120201,2100,7846, ,CFS
SHA,H,76,INFLOW,20120201,2200,7475, ,CFS
SHA,H,76,INFLOW,20120201,2300,4138, ,CFS
SHA,H,76,INFLOW,20120202,0000,4515, ,CFS
SHA,H,76,INFLOW,20120202,0100,4225, ,CFS
SHA,H,76,INFLOW,20120202,0200,1261, ,CFS
SHA,H,76,INFLOW,20120202,0300,1070, ,CFS
SHA,H,76,INFLOW,20120202,0400,1021, ,CFS
SHA,H,76,INFLOW,20120202,0500,1393, ,CFS
SHA,H,76,INFLOW,20120202,0600,7846, ,CFS
SHA,H,76,INFLOW,20120202,0700,-1213, ,CFS
SHA,H,76,INFLOW,20120202,0800,1481, ,CFS
SHA,H,76,INFLOW,20120202,0900,5836, ,CFS
SHA,H,76,INFLOW,20120202,1000,2019, ,CFS
SHA,H,76,INFLOW,20120202,1100,9190, ,CFS
SHA,H,76,INFLOW,20120202,1200,3069, ,CFS
SHA,H,76,INFLOW,20120202,1300,5547, ,CFS
SHA,H,76,INFLOW,20120202,1400,2645, ,CFS
SHA,H,76,INFLOW,20120202,1500,3145, ,CFS
SHA,H,76,INFLOW,20120202,1600,5838, ,CFS
SHA,H,76,INFLOW,20120202,1700,403, ,CFS
SHA,H,76,INFLOW,20120202,1800,3910, ,CFS
SHA,H,76,INFLOW,20120202,1900,6886, ,CFS
SHA,H,76,INFLOW,20120202,2000,8560, ,CFS
SHA,H,76,INFLOW,20120202,2100,11983, ,CFS
SHA,H,76,INFLOW,20120202,2200,5612, ,CFS
SHA,H,76,INFLOW,20120202,2300,4726, ,CFS
SHA,H,76,INFLOW,20120203,0000,10555, ,CFS
SHA,H,76,INFLOW,20120203,0100,-1750, ,CFS
SHA,H,76,INFLOW,20120203,0200,3989, ,CFS
SHA,H,76,INFLOW,20120203,0300,1437, ,CFS
SHA,H,76,INFLOW,20120203,0400,1481, ,CFS
SHA,H,76,INFLOW,20120203,0500,4794, ,CFS
SHA,H,76,INFLOW,20120203,0600,-573, ,CFS
SHA,H,76,INFLOW,20120203,0700,-1750, ,CFS
SHA,H,76,INFLOW,20120203,0800,6854, ,CFS
SHA,H,76,INFLOW,20120203,0900,6347, ,CFS
SHA,H,76,INFLOW,20120203,1000,5923, ,CFS
SHA,H,76,INFLOW,20120203,1100,2559, ,CFS
SHA,H,76,INFLOW,20120203,1200,4214, ,CFS
SHA,H,76,INFLOW,20120203,1300,3036, ,CFS
SHA,H,76,INFLOW,20120203,1400,2518, ,CFS
SHA,H,76,INFLOW,20120203,1500,2536, ,CFS
SHA,H,76,INFLOW,20120203,1600,111, ,CFS
SHA,H,76,INFLOW,20120203,1700,5758, ,CFS
SHA,H,76,INFLOW,20120203,1800,106, ,CFS
SHA,H,76,INFLOW,20120203,1900,15603, ,CFS
SHA,H,76,INFLOW,20120203,2000,7177, ,CFS
SHA,H,76,INFLOW,20120203,2100,6856, ,CFS
SHA,H,76,INFLOW,20120203,2200,12051, ,CFS
SHA,H,76,INFLOW,20120203,2300,5815, ,CFS
SHA,H,76,INFLOW,20120204,0000,10136, ,CFS
SHA,H,76,INFLOW,20120204,0100,1661, ,CFS
SHA,H,76,INFLOW,20120204,0200,1478, ,CFS
SHA,H,76,INFLOW,20120204,0300,4240, ,CFS
SHA,H,76,INFLOW,20120204,0400,-1442, ,CFS
SHA,H,76,INFLOW,20120204,0500,4379, ,CFS
SHA,H,76,INFLOW,20120204,0600,-648, ,CFS
SHA,H,76,INFLOW,20120204,0700,3755, ,CFS
SHA,H,76,INFLOW,20120204,0800,1140, ,CFS
SHA,H,76,INFLOW,20120204,0900,3511, ,CFS
SHA,H,76,INFLOW,20120204,1000,2747, ,CFS
SHA,H,76,INFLOW,20120204,1100,4258, ,CFS
SHA,H,76,INFLOW,20120204,1200,250, ,CFS
SHA,H,76,INFLOW,20120204,1300,2569, ,CFS
SHA,H,76,INFLOW,20120204,1400,2209, ,CFS
SHA,H,76,INFLOW,20120204,1500,1797, ,CFS
SHA,H,76,INFLOW,20120204,1600,2257, ,CFS
SHA,H,76,INFLOW,20120204,1700,5282, ,CFS
SHA,H,76,INFLOW,20120204,1800,90, ,CFS
SHA,H,76,INFLOW,20120204,1900,13735, ,CFS
SHA,H,76,INFLOW,20120204,2000,2561, ,CFS
SHA,H,76,INFLOW,20120204,2100,12768, ,CFS
SHA,H,76,INFLOW,20120204,2200,5091, ,CFS
SHA,H,76,INFLOW,20120204,2300,7837, ,CFS
SHA,H,76,INFLOW,20120205,0000,11026, ,CFS
SHA,H,76,INFLOW,20120205,0100,-1629, ,CFS
SHA,H,76,INFLOW,20120205,0200,4263, ,CFS
SHA,H,76,INFLOW,20120205,0300,4356, ,CFS
SHA,H,76,INFLOW,20120205,0400,-1072, ,CFS
SHA,H,76,INFLOW,20120205,0500,1775, ,CFS
SHA,H,76,INFLOW,20120205,0600,5223, ,CFS
SHA,H,76,INFLOW,20120205,0700,456, ,CFS
SHA,H,76,INFLOW,20120205,0800,904, ,CFS
SHA,H,76,INFLOW,20120205,0900,746, ,CFS
SHA,H,76,INFLOW,20120205,1000,3432, ,CFS
SHA,H,76,INFLOW,20120205,1100,3555, ,CFS
SHA,H,76,INFLOW,20120205,1200,1641, ,CFS
SHA,H,76,INFLOW,20120205,1300,4055, ,CFS
SHA,H,76,INFLOW,20120205,1400,6140, ,CFS
SHA,H,76,INFLOW,20120205,1500,3088, ,CFS
SHA,H,76,INFLOW,20120205,1600,5443, ,CFS
SHA,H,76,INFLOW,20120205,1700,4899, ,CFS
SHA,H,76,INFLOW,20120205,1800,2487, ,CFS
SHA,H,76,INFLOW,20120205,1900,10137, ,CFS
SHA,H,76,INFLOW,20120205,2000,5691, ,CFS
SHA,H,76,INFLOW,20120205,2100,6722, ,CFS
SHA,H,76,INFLOW,20120205,2200,10441, ,CFS
SHA,H,76,INFLOW,20120205,2300,4364, ,CFS
SHA,H,76,INFLOW,20120206,0000,10457, ,CFS
SHA,H,76,INFLOW,20120206,0100,1020, ,CFS
SHA,H,76,INFLOW,20120206,0200,1095, ,CFS
SHA,H,76,INFLOW,20120206,0300,7504, ,CFS
SHA,H,76,INFLOW,20120206,0400,-3481, ,CFS
SHA,H,76,INFLOW,20120206,0500,4728, ,CFS
SHA,H,76,INFLOW,20120206,0600,-628, ,CFS
SHA,H,76,INFLOW,20120206,0700,2642, ,CFS
SHA,H,76,INFLOW,20120206,0800,-2506, ,CFS
SHA,H,76,INFLOW,20120206,0900,9252, ,CFS
SHA,H,76,INFLOW,20120206,1000,2874, ,CFS
SHA,H,76,INFLOW,20120206,1100,8799, ,CFS
SHA,H,76,INFLOW,20120206,1200,3225, ,CFS
SHA,H,76,INFLOW,20120206,1300,227, ,CFS
SHA,H,76,INFLOW,20120206,1400,6235, ,CFS
SHA,H,76,INFLOW,20120206,1500,437, ,CFS
SHA,H,76,INFLOW,20120206,1600,3538, ,CFS
SHA,H,76,INFLOW,20120206,1700,419, ,CFS
SHA,H,76,INFLOW,20120206,1800,5007, ,CFS
SHA,H,76,INFLOW,20120206,1900,8906, ,CFS
SHA,H,76,INFLOW,20120206,2000,8250, ,CFS
SHA,H,76,INFLOW,20120206,2100,6965, ,CFS
SHA,H,76,INFLOW,20120206,2200,8210, ,CFS
SHA,H,76,INFLOW,20120206,2300,7485, ,CFS
SHA,H,76,INFLOW,20120207,0000,9610, ,CFS
SHA,H,76,INFLOW,20120207,0100,-1598, ,CFS
SHA,H,76,INFLOW,20120207,0200,1531, ,CFS
SHA,H,76,INFLOW,20120207,0300,4352, ,CFS
SHA,H,76,INFLOW,20120207,0400,-1177, ,CFS
SHA,H,76,INFLOW,20120207,0500,-888, ,CFS
SHA,H,76,INFLOW,20120207,0600,4960, ,CFS
SHA,H,76,INFLOW,20120207,0700,-1835, ,CFS
SHA,H,76,INFLOW,20120207,0800,7968, ,CFS
SHA,H,76,INFLOW,20120207,0900,4450, ,CFS
SHA,H,76,INFLOW,20120207,1000,5015, ,CFS
SHA,H,76,INFLOW,20120207,1100,6116, ,CFS
SHA,H,76,INFLOW,20120207,1200,7034, ,CFS
SHA,H,76,INFLOW,20120207,1300,7523, ,CFS
SHA,H,76,INFLOW,20120207,1400,3671, ,CFS
SHA,H,76,INFLOW,20120207,1500,-2095, ,CFS
SHA,H,76,INFLOW,20120207,1600,10187, ,CFS
SHA,H,76,INFLOW,20120207,1700,1836, ,CFS
SHA,H,76,INFLOW,20120207,1800,3046, ,CFS
SHA,H,76,INFLOW,20120207,1900,5866, ,CFS
SHA,H,76,INFLOW,20120207,2000,5895, ,CFS
SHA,H,76,INFLOW,20120207,2100,5448, ,CFS
SHA,H,76,INFLOW,20120207,2200,10149, ,CFS
SHA,H,76,INFLOW,20120207,2300,6521, ,CFS
SHA,H,76,INFLOW,20120208,0000,6490, ,CFS
SHA,H,76,INFLOW,20120208,0100,2926, ,CFS
SHA,H,76,INFLOW,20120208,0200,2852, ,CFS
SHA,H,76,INFLOW,20120208,0300,2852, ,CFS
SHA,H,76,INFLOW,20120208,0400,2853, ,CFS
SHA,H,76,INFLOW,20120208,0500,2961, ,CFS
SHA,H,76,INFLOW,20120208,0600,-891, ,CFS
SHA,H,76,INFLOW,20120208,0700,6109, ,CFS
SHA,H,76,INFLOW,20120208,0800,801, ,CFS
SHA,H,76,INFLOW,20120208,0900,2918, ,CFS
SHA,H,76,INFLOW,20120208,1000,8011, ,CFS
SHA,H,76,INFLOW,20120208,1100,6992, ,CFS
SHA,H,76,INFLOW,20120208,1200,3671, ,CFS
SHA,H,76,INFLOW,20120208,1300,5816, ,CFS
SHA,H,76,INFLOW,20120208,1400,3072, ,CFS
SHA,H,76,INFLOW,20120208,1500,1510, ,CFS
SHA,H,76,INFLOW,20120208,1600,1490, ,CFS
SHA,H,76,INFLOW,20120208,1700,7570, ,CFS
SHA,H,76,INFLOW,20120208,1800,-968, ,CFS
SHA,H,76,INFLOW,20120208,1900,12949, ,CFS
SHA,H,76,INFLOW,20120208,2000,4300, ,CFS
SHA,H,76,INFLOW,20120208,2100,10668, ,CFS
SHA,H,76,INFLOW,20120208,2200,11201, ,CFS
SHA,H,76,INFLOW,20120208,2300,4958, ,CFS
SHA,H,76,INFLOW,20120209,0000,10062, ,CFS
SHA,H,76,INFLOW,20120209,0100,1466, ,CFS
SHA,H,76,INFLOW,20120209,0200,-1430, ,CFS
SHA,H,76,INFLOW,20120209,0300,7071, ,CFS
SHA,H,76,INFLOW,20120209,0400,-1434, ,CFS
SHA,H,76,INFLOW,20120209,0500,1406, ,CFS
SHA,H,76,INFLOW,20120209,0600,4882, ,CFS
SHA,H,76,INFLOW,20120209,0700,-144, ,CFS
SHA,H,76,INFLOW,20120209,0800,4353, ,CFS
SHA,H,76,INFLOW,20120209,0900,3567, ,CFS
SHA,H,76,INFLOW,20120209,1000,5598, ,CFS
SHA,H,76,INFLOW,20120209,1100,7428, ,CFS
SHA,H,76,INFLOW,20120209,1200,4503, ,CFS
SHA,H,76,INFLOW,20120209,1300,2961, ,CFS
SHA,H,76,INFLOW,20120209,1400,6327, ,CFS
SHA,H,76,INFLOW,20120209,1500,-181, ,CFS
SHA,H,76,INFLOW,20120209,1600,5284, ,CFS
SHA,H,76,INFLOW,20120209,1700,2664, ,CFS
SHA,H,76,INFLOW,20120209,1800,2170, ,CFS
SHA,H,76,INFLOW,20120209,1900,12968, ,CFS
SHA,H,76,INFLOW,20120209,2000,1596, ,CFS
SHA,H,76,INFLOW,20120209,2100,12268, ,CFS
SHA,H,76,INFLOW,20120209,2200,10281, ,CFS
SHA,H,76,INFLOW,20120209,2300,3862, ,CFS
SHA,H,76,INFLOW,20120210,0000,13278, ,CFS
SHA,H,76,INFLOW,20120210,0100,-1054, ,CFS
SHA,H,76,INFLOW,20120210,0200,-1054, ,CFS
SHA,H,76,INFLOW,20120210,0300,10127, ,CFS
SHA,H,76,INFLOW,20120210,0400,-1350, ,CFS
SHA,H,76,INFLOW,20120210,0500,4290, ,CFS
SHA,H,76,INFLOW,20120210,0600,2742, ,CFS
SHA,H,76,INFLOW,20120210,0700,471, ,CFS
SHA,H,76,INFLOW,20120210,0800,4901, ,CFS
SHA,H,76,INFLOW,20120210,0900,-290, ,CFS
SHA,H,76,INFLOW,20120210,1000,6077, ,CFS
SHA,H,76,INFLOW,20120210,1100,7700, ,CFS
SHA,H,76,INFLOW,20120210,1200,4679, ,CFS
SHA,H,76,INFLOW,20120210,1300,4233, ,CFS
SHA,H,76,INFLOW,20120210,1400,5055, ,CFS
SHA,H,76,INFLOW,20120210,1500,-94, ,CFS
SHA,H,76,INFLOW,20120210,1600,5087, ,CFS
SHA,H,76,INFLOW,20120210,1700,365, ,CFS
SHA,H,76,INFLOW,20120210,1800,22, ,CFS
SHA,H,76,INFLOW,20120210,1900,12499, ,CFS
SHA,H,76,INFLOW,20120210,2000,9396, ,CFS
SHA,H,76,INFLOW,20120210,2100,7308, ,CFS
SHA,H,76,INFLOW,20120210,2200,10942, ,CFS
SHA,H,76,INFLOW,20120210,2300,7161, ,CFS
SHA,H,76,INFLOW,20120211,0000,9462, ,CFS
SHA,H,76,INFLOW,20120211,0100,4152, ,CFS
SHA,H,76,INFLOW,20120211,0200,1301, ,CFS
SHA,H,76,INFLOW,20120211,0300,6980, ,CFS
SHA,H,76,INFLOW,20120211,0400,-1732, ,CFS
SHA,H,76,INFLOW,20120211,0500,3874, ,CFS
SHA,H,76,INFLOW,20120211,0600,7137, ,CFS
SHA,H,76,INFLOW,20120211,0700,-3213, ,CFS
SHA,H,76,INFLOW,20120211,0800,5280, ,CFS
SHA,H,76,INFLOW,20120211,0900,-101, ,CFS
SHA,H,76,INFLOW,20120211,1000,5474, ,CFS
SHA,H,76,INFLOW,20120211,1100,5833, ,CFS
SHA,H,76,INFLOW,20120211,1200,5260, ,CFS
SHA,H,76,INFLOW,20120211,1300,7207, ,CFS
SHA,H,76,INFLOW,20120211,1400,6532, ,CFS
SHA,H,76,INFLOW,20120211,1500,5831, ,CFS
SHA,H,76,INFLOW,20120211,1600,3028, ,CFS
SHA,H,76,INFLOW,20120211,1700,3028, ,CFS
SHA,H,76,INFLOW,20120211,1800,3593, ,CFS
SHA,H,76,INFLOW,20120211,1900,11137, ,CFS
SHA,H,76,INFLOW,20120211,2000,6373, ,CFS
SHA,H,76,INFLOW,20120211,2100,11693, ,CFS
SHA,H,76,INFLOW,20120211,2200,7683, ,CFS
SHA,H,76,INFLOW,20120211,2300,5716, ,CFS
SHA,H,76,INFLOW,20120212,0000,9940, ,CFS
SHA,H,76,INFLOW,20120212,0100,4440, ,CFS
SHA,H,76,INFLOW,20120212,0200,1642, ,CFS
SHA,H,76,INFLOW,20120212,0300,4513, ,CFS
SHA,H,76,INFLOW,20120212,0400,-1062, ,CFS
SHA,H,76,INFLOW,20120212,0500,4627, ,CFS
SHA,H,76,INFLOW,20120212,0600,4892, ,CFS
SHA,H,76,INFLOW,20120212,0700,-3859, ,CFS
SHA,H,76,INFLOW,20120212,0800,3470, ,CFS
SHA,H,76,INFLOW,20120212,0900,2337, ,CFS
SHA,H,76,INFLOW,20120212,1000,2926, ,CFS
SHA,H,76,INFLOW,20120212,1100,4859, ,CFS
SHA,H,76,INFLOW,20120212,1200,4906, ,CFS
SHA,H,76,INFLOW,20120212,1300,2822, ,CFS
SHA,H,76,INFLOW,20120212,1400,5549, ,CFS
SHA,H,76,INFLOW,20120212,1500,3375, ,CFS
SHA,H,76,INFLOW,20120212,1600,8894, ,CFS
SHA,H,76,INFLOW,20120212,1700,7177, ,CFS
SHA,H,76,INFLOW,20120212,1800,5806, ,CFS
SHA,H,76,INFLOW,20120212,1900,15198, ,CFS
SHA,H,76,INFLOW,20120212,2000,6978, ,CFS
SHA,H,76,INFLOW,20120212,2100,10618, ,CFS
SHA,H,76,INFLOW,20120212,2200,12954, ,CFS
SHA,H,76,INFLOW,20120212,2300,3613, ,CFS
SHA,H,76,INFLOW,20120213,0000,12032, ,CFS
SHA,H,76,INFLOW,20120213,0100,4896, ,CFS
SHA,H,76,INFLOW,20120213,0200,1955, ,CFS
SHA,H,76,INFLOW,20120213,0300,4101, ,CFS
SHA,H,76,INFLOW,20120213,0400,1366, ,CFS
SHA,H,76,INFLOW,20120213,0500,1644, ,CFS
SHA,H,76,INFLOW,20120213,0600,4714, ,CFS
SHA,H,76,INFLOW,20120213,0700,-702, ,CFS
SHA,H,76,INFLOW,20120213,0800,7485, ,CFS
SHA,H,76,INFLOW,20120213,0900,5127, ,CFS
SHA,H,76,INFLOW,20120213,1000,3602, ,CFS
SHA,H,76,INFLOW,20120213,1100,10332, ,CFS
SHA,H,76,INFLOW,20120213,1200,2240, ,CFS
SHA,H,76,INFLOW,20120213,1300,11108, ,CFS
SHA,H,76,INFLOW,20120213,1400,-115, ,CFS
SHA,H,76,INFLOW,20120213,1500,1903, ,CFS
SHA,H,76,INFLOW,20120213,1600,7216, ,CFS
SHA,H,76,INFLOW,20120213,1700,2351, ,CFS
SHA,H,76,INFLOW,20120213,1800,4241, ,CFS
SHA,H,76,INFLOW,20120213,1900,13899, ,CFS
SHA,H,76,INFLOW,20120213,2000,4705, ,CFS
SHA,H,76,INFLOW,20120213,2100,10602, ,CFS
SHA,H,76,INFLOW,20120213,2200,6951, ,CFS
SHA,H,76,INFLOW,20120213,2300,10207, ,CFS
SHA,H,76,INFLOW,20120214,0000,12428, ,CFS
SHA,H,76,INFLOW,20120214,0100,-3765, ,CFS
SHA,H,76,INFLOW,20120214,0200,4505, ,CFS
SHA,H,76,INFLOW,20120214,0300,4364, ,CFS
SHA,H,76,INFLOW,20120214,0400,1416, ,CFS
SHA,H,76,INFLOW,20120214,0500,4404, ,CFS
SHA,H,76,INFLOW,20120214,0600,3103, ,CFS
SHA,H,76,INFLOW,20120214,0700,-3653, ,CFS
SHA,H,76,INFLOW,20120214,0800,5441, ,CFS
SHA,H,76,INFLOW,20120214,0900,2464, ,CFS
SHA,H,76,INFLOW,20120214,1000,5464, ,CFS
SHA,H,76,INFLOW,20120214,1100,6031, ,CFS
SHA,H,76,INFLOW,20120214,1200,2800, ,CFS
SHA,H,76,INFLOW,20120214,1300,7304, ,CFS
SHA,H,76,INFLOW,20120214,1400,5161, ,CFS
SHA,H,76,INFLOW,20120214,1500,150, ,CFS
SHA,H,76,INFLOW,20120214,1600,5685, ,CFS
SHA,H,76,INFLOW,20120214,1700,390, ,CFS
SHA,H,76,INFLOW,20120214,1800,-744, ,CFS
SHA,H,76,INFLOW,20120214,1900,18255, ,CFS
SHA,H,76,INFLOW,20120214,2000,4108, ,CFS
SHA,H,76,INFLOW,20120214,2100,9612, ,CFS
SHA,H,76,INFLOW,20120214,2200,3508, ,CFS
SHA,H,76,INFLOW,20120214,2300,9861, ,CFS
SHA,H,76,INFLOW,20120215,0000,11932, ,CFS
SHA,H,76,INFLOW,20120215,0100,-3600, ,CFS
SHA,H,76,INFLOW,20120215,0200,7445, ,CFS
SHA,H,76,INFLOW,20120215,0300,1942, ,CFS
SHA,H,76,INFLOW,20120215,0400,1933, ,CFS
SHA,H,76,INFLOW,20120215,0500,-712, ,CFS
SHA,H,76,INFLOW,20120215,0600,-1203, ,CFS
SHA,H,76,INFLOW,20120215,0700,4330, ,CFS
SHA,H,76,INFLOW,20120215,0800,3747, ,CFS
SHA,H,76,INFLOW,20120215,0900,4100, ,CFS
SHA,H,76,INFLOW,20120215,1000,5327, ,CFS
SHA,H,76,INFLOW,20120215,1100,6092, ,CFS
SHA,H,76,INFLOW,20120215,1200,3006, ,CFS
SHA,H,76,INFLOW,20120215,1300,7257, ,CFS
SHA,H,76,INFLOW,20120215,1400,1993, ,CFS
SHA,H,76,INFLOW,20120215,1500,2002, ,CFS
SHA,H,76,INFLOW,20120215,1600,5383, ,CFS
SHA,H,76,INFLOW,20120215,1700,3224, ,CFS
SHA,H,76,INFLOW,20120215,1800,2647, ,CFS
SHA,H,76,INFLOW,20120215,1900,11089, ,CFS
SHA,H,76,INFLOW,20120215,2000,7784, ,CFS
SHA,H,76,INFLOW,20120215,2100,9838, ,CFS
SHA,H,76,INFLOW,20120215,2200,11135, ,CFS
SHA,H,76,INFLOW,20120215,2300,7021, ,CFS
SHA,H,76,INFLOW,20120216,0000,5032, ,CFS
SHA,H,76,INFLOW,20120216,0100,1460, ,CFS
SHA,H,76,INFLOW,20120216,0200,1425, ,CFS
SHA,H,76,INFLOW,20120216,0300,6955, ,CFS
SHA,H,76,INFLOW,20120216,0400,-1481, ,CFS
SHA,H,76,INFLOW,20120216,0500,1537, ,CFS
SHA,H,76,INFLOW,20120216,0600,2255, ,CFS
SHA,H,76,INFLOW,20120216,0700,-2875, ,CFS
SHA,H,76,INFLOW,20120216,0800,8883, ,CFS
SHA,H,76,INFLOW,20120216,0900,5226, ,CFS
SHA,H,76,INFLOW,20120216,1000,6496, ,CFS
SHA,H,76,INFLOW,20120216,1100,2052, ,CFS
SHA,H,76,INFLOW,20120216,1200,4328, ,CFS
SHA,H,76,INFLOW,20120216,1300,4595, ,CFS
SHA,H,76,INFLOW,20120216,1400,1580, ,CFS
SHA,H,76,INFLOW,20120216,1500,1413, ,CFS
SHA,H,76,INFLOW,20120216,1600,4238, ,CFS
SHA,H,76,INFLOW,20120216,1700,4117, ,CFS
SHA,H,76,INFLOW,20120216,1800,-139, ,CFS
SHA,H,76,INFLOW,20120216,1900,10382, ,CFS
SHA,H,76,INFLOW,20120216,2000,10338, ,CFS
SHA,H,76,INFLOW,20120216,2100,8062, ,CFS
SHA,H,76,INFLOW,20120216,2200,9442, ,CFS
SHA,H,76,INFLOW,20120216,2300,5793, ,CFS
SHA,H,76,INFLOW,20120217,0000,8683, ,CFS
SHA,H,76,INFLOW,20120217,0100,1686, ,CFS
SHA,H,76,INFLOW,20120217,0200,1805, ,CFS
SHA,H,76,INFLOW,20120217,0300,4881, ,CFS
SHA,H,76,INFLOW,20120217,0400,2144, ,CFS
SHA,H,76,INFLOW,20120217,0500,-1263, ,CFS
SHA,H,76,INFLOW,20120217,0600,4848, ,CFS
SHA,H,76,INFLOW,20120217,0700,-4114, ,CFS
SHA,H,76,INFLOW,20120217,0800,9162, ,CFS
SHA,H,76,INFLOW,20120217,0900,2419, ,CFS
SHA,H,76,INFLOW,20120217,1000,3420, ,CFS
SHA,H,76,INFLOW,20120217,1100,5942, ,CFS
SHA,H,76,INFLOW,20120217,1200,2930, ,CFS
SHA,H,76,INFLOW,20120217,1300,5767, ,CFS
SHA,H,76,INFLOW,20120217,1400,2929, ,CFS
SHA,H,76,INFLOW,20120217,1500,2929, ,CFS
SHA,H,76,INFLOW,20120217,1600,2929, ,CFS
SHA,H,76,INFLOW,20120217,1700,3280, ,CFS
SHA,H,76,INFLOW,20120217,1800,-3193, ,CFS
SHA,H,76,INFLOW,20120217,1900,18745, ,CFS
SHA,H,76,INFLOW,20120217,2000,4121, ,CFS
SHA,H,76,INFLOW,20120217,2100,7274, ,CFS
SHA,H,76,INFLOW,20120217,2200,12999, ,CFS
SHA,H,76,INFLOW,20120217,2300,3250, ,CFS
SHA,H,76,INFLOW,20120218,0000,8914, ,CFS
SHA,H,76,INFLOW,20120218,0100,4784, ,CFS
SHA,H,76,INFLOW,20120218,0200,-959, ,CFS
SHA,H,76,INFLOW,20120218,0300,4502, ,CFS
SHA,H,76,INFLOW,20120218,0400,-1692, ,CFS
SHA,H,76,INFLOW,20120218,0500,4155, ,CFS
SHA,H,76,INFLOW,20120218,0600,1502, ,CFS
SHA,H,76,INFLOW,20120218,0700,1818, ,CFS
SHA,H,76,INFLOW,20120218,0800,4471, ,CFS
SHA,H,76,INFLOW,20120218,0900,2131, ,CFS
SHA,H,76,INFLOW,20120218,1000,3200, ,CFS
SHA,H,76,INFLOW,20120218,1100,6613, ,CFS
SHA,H,76,INFLOW,20120218,1200,3445, ,CFS
SHA,H,76,INFLOW,20120218,1300,5928, ,CFS
SHA,H,76,INFLOW,20120218,1400,5082, ,CFS
SHA,H,76,INFLOW,20120218,1500,3216, ,CFS
SHA,H,76,INFLOW,20120218,1600,3093, ,CFS
SHA,H,76,INFLOW,20120218,1700,5936, ,CFS
SHA,H,76,INFLOW,20120218,1800,628, ,CFS
SHA,H,76,INFLOW,20120218,1900,13111, ,CFS
SHA,H,76,INFLOW,20120218,2000,4664, ,CFS
SHA,H,76,INFLOW,20120218,2100,9058, ,CFS
SHA,H,76,INFLOW,20120218,2200,7961, ,CFS
SHA,H,76,INFLOW,20120218,2300,5923, ,CFS
SHA,H,76,INFLOW,20120219,0000,5822, ,CFS
SHA,H,76,INFLOW,20120219,0100,1931, ,CFS
SHA,H,76,INFLOW,20120219,0200,1916, ,CFS
SHA,H,76,INFLOW,20120219,0300,1964, ,CFS
SHA,H,76,INFLOW,20120219,0400,1571, ,CFS
SHA,H,76,INFLOW,20120219,0500,1317, ,CFS
SHA,H,76,INFLOW,20120219,0600,1939, ,CFS
SHA,H,76,INFLOW,20120219,0700,3454, ,CFS
SHA,H,76,INFLOW,20120219,0800,180, ,CFS
SHA,H,76,INFLOW,20120219,0900,3540, ,CFS
SHA,H,76,INFLOW,20120219,1000,1486, ,CFS
SHA,H,76,INFLOW,20120219,1100,4102, ,CFS
SHA,H,76,INFLOW,20120219,1200,3777, ,CFS
SHA,H,76,INFLOW,20120219,1300,5833, ,CFS
SHA,H,76,INFLOW,20120219,1400,5769, ,CFS
SHA,H,76,INFLOW,20120219,1500,5769, ,CFS
SHA,H,76,INFLOW,20120219,1600,2937, ,CFS
SHA,H,76,INFLOW,20120219,1700,5964, ,CFS
SHA,H,76,INFLOW,20120219,1800,6349, ,CFS
SHA,H,76,INFLOW,20120219,1900,5520, ,CFS
SHA,H,76,INFLOW,20120219,2000,9141, ,CFS
SHA,H,76,INFLOW,20120219,2100,7470, ,CFS
SHA,H,76,INFLOW,20120219,2200,2914, ,CFS
SHA,H,76,INFLOW,20120219,2300,10750, ,CFS
SHA,H,76,INFLOW,20120220,0000,4104, ,CFS
SHA,H,76,INFLOW,20120220,0100,7602, ,CFS
SHA,H,76,INFLOW,20120220,0200,-4120, ,CFS
SHA,H,76,INFLOW,20120220,0300,7108, ,CFS
SHA,H,76,INFLOW,20120220,0400,-1160, ,CFS
SHA,H,76,INFLOW,20120220,0500,1723, ,CFS
SHA,H,76,INFLOW,20120220,0600,2115, ,CFS
SHA,H,76,INFLOW,20120220,0700,4564, ,CFS
SHA,H,76,INFLOW,20120220,0800,4476, ,CFS
SHA,H,76,INFLOW,20120220,0900,464, ,CFS
SHA,H,76,INFLOW,20120220,1000,8736, ,CFS
SHA,H,76,INFLOW,20120220,1100,5885, ,CFS
SHA,H,76,INFLOW,20120220,1200,4069, ,CFS
SHA,H,76,INFLOW,20120220,1300,3897, ,CFS
SHA,H,76,INFLOW,20120220,1400,5828, ,CFS
SHA,H,76,INFLOW,20120220,1500,2936, ,CFS
SHA,H,76,INFLOW,20120220,1600,2931, ,CFS
SHA,H,76,INFLOW,20120220,1700,610, ,CFS
SHA,H,76,INFLOW,20120220,1800,4649, ,CFS
SHA,H,76,INFLOW,20120220,1900,10324, ,CFS
SHA,H,76,INFLOW,20120220,2000,7673, ,CFS
SHA,H,76,INFLOW,20120220,2100,7346, ,CFS
SHA,H,76,INFLOW,20120220,2200,9876, ,CFS
SHA,H,76,INFLOW,20120220,2300,9592, ,CFS
SHA,H,76,INFLOW,20120221,0000,4104, ,CFS
SHA,H,76,INFLOW,20120221,0100,1699, ,CFS
SHA,H,76,INFLOW,20120221,0200,1386, ,CFS
SHA,H,76,INFLOW,20120221,0300,4311, ,CFS
SHA,H,76,INFLOW,20120221,0400,1520, ,CFS
SHA,H,76,INFLOW,20120221,0500,1930, ,CFS
SHA,H,76,INFLOW,20120221,0600,2687, ,CFS
SHA,H,76,INFLOW,20120221,0700,-282, ,CFS
SHA,H,76,INFLOW,20120221,0800,-3436, ,CFS
SHA,H,76,INFLOW,20120221,0900,5249, ,CFS
SHA,H,76,INFLOW,20120221,1000,2798, ,CFS
SHA,H,76,INFLOW,20120221,1100,9304, ,CFS
SHA,H,76,INFLOW,20120221,1200,2167, ,CFS
SHA,H,76,INFLOW,20120221,1300,5855, ,CFS
SHA,H,76,INFLOW,20120221,1400,2895, ,CFS
SHA,H,76,INFLOW,20120221,1500,2887, ,CFS
SHA,H,76,INFLOW,20120221,1600,2884, ,CFS
SHA,H,76,INFLOW,20120221,1700,541, ,CFS
SHA,H,76,INFLOW,20120221,1800,4865, ,CFS
SHA,H,76,INFLOW,20120221,1900,7942, ,CFS
SHA,H,76,INFLOW,20120221,2000,10752, ,CFS
SHA,H,76,INFLOW,20120221,2100,6457, ,CFS
SHA,H,76,INFLOW,20120221,2200,5603, ,CFS
SHA,H,76,INFLOW,20120221,2300,7573, ,CFS
SHA,H,76,INFLOW,20120222,0000,6004, ,CFS
SHA,H,76,INFLOW,20120222,0100,4304, ,CFS
SHA,H,76,INFLOW,20120222,0200,3923, ,CFS
SHA,H,76,INFLOW,20120222,0300,3760, ,CFS
SHA,H,76,INFLOW,20120222,0400,-1812, ,CFS
SHA,H,76,INFLOW,20120222,0500,1599, ,CFS
SHA,H,76,INFLOW,20120222,0600,-545, ,CFS
SHA,H,76,INFLOW,20120222,0700,2290, ,CFS
SHA,H,76,INFLOW,20120222,0800,1656, ,CFS
SHA,H,76,INFLOW,20120222,0900,2086, ,CFS
SHA,H,76,INFLOW,20120222,1000,3756, ,CFS
SHA,H,76,INFLOW,20120222,1100,-1213, ,CFS
SHA,H,76,INFLOW,20120222,1200,2661, ,CFS
SHA,H,76,INFLOW,20120222,1300,3076, ,CFS
SHA,H,76,INFLOW,20120222,1400,5811, ,CFS
SHA,H,76,INFLOW,20120222,1500,2696, ,CFS
SHA,H,76,INFLOW,20120222,1600,2696, ,CFS
SHA,H,76,INFLOW,20120222,1700,560, ,CFS
SHA,H,76,INFLOW,20120222,1800,977, ,CFS
SHA,H,76,INFLOW,20120222,1900,13150, ,CFS
SHA,H,76,INFLOW,20120222,2000,7327, ,CFS
SHA,H,76,INFLOW,20120222,2100,8163, ,CFS
SHA,H,76,INFLOW,20120222,2200,8646, ,CFS
SHA,H,76,INFLOW,20120222,2300,5996, ,CFS
SHA,H,76,INFLOW,20120223,0000,8649, ,CFS
SHA,H,76,INFLOW,20120223,0100,1377, ,CFS
SHA,H,76,INFLOW,20120223,0200,1298, ,CFS
SHA,H,76,INFLOW,20120223,0300,4322, ,CFS
SHA,H,76,INFLOW,20120223,0400,-1575, ,CFS
SHA,H,76,INFLOW,20120223,0500,-1351, ,CFS
SHA,H,76,INFLOW,20120223,0600,6127, ,CFS
SHA,H,76,INFLOW,20120223,0700,-1685, ,CFS
SHA,H,76,INFLOW,20120223,0800,1230, ,CFS
SHA,H,76,INFLOW,20120223,0900,7497, ,CFS
SHA,H,76,INFLOW,20120223,1000,1795, ,CFS
SHA,H,76,INFLOW,20120223,1100,10158, ,CFS
SHA,H,76,INFLOW,20120223,1200,600, ,CFS
SHA,H,76,INFLOW,20120223,1300,5239, ,CFS
SHA,H,76,INFLOW,20120223,1400,2245, ,CFS
SHA,H,76,INFLOW,20120223,1500,1627, ,CFS
SHA,H,76,INFLOW,20120223,1600,6811, ,CFS
SHA,H,76,INFLOW,20120223,1700,5088, ,CFS
SHA,H,76,INFLOW,20120223,1800,127, ,CFS
SHA,H,76,INFLOW,20120223,1900,10760, ,CFS
SHA,H,76,INFLOW,20120223,2000,10411, ,CFS
SHA,H,76,INFLOW,20120223,2100,3235, ,CFS
SHA,H,76,INFLOW,20120223,2200,11176, ,CFS
SHA,H,76,INFLOW,20120223,2300,3287, ,CFS
SHA,H,76,INFLOW,20120224,0000,5884, ,CFS
SHA,H,76,INFLOW,20120224,0100,1133, ,CFS
SHA,H,76,INFLOW,20120224,0200,1123, ,CFS
SHA,H,76,INFLOW,20120224,0300,6803, ,CFS
SHA,H,76,INFLOW,20120224,0400,-1652, ,CFS
SHA,H,76,INFLOW,20120224,0500,7575, ,CFS
SHA,H,76,INFLOW,20120224,0600,-244, ,CFS
SHA,H,76,INFLOW,20120224,0700,4162, ,CFS
SHA,H,76,INFLOW,20120224,0800,-773, ,CFS
SHA,H,76,INFLOW,20120224,0900,4219, ,CFS
SHA,H,76,INFLOW,20120224,1000,2573, ,CFS
SHA,H,76,INFLOW,20120224,1100,2106, ,CFS
SHA,H,76,INFLOW,20120224,1200,2431, ,CFS
SHA,H,76,INFLOW,20120224,1300,4675, ,CFS
SHA,H,76,INFLOW,20120224,1400,5065, ,CFS
SHA,H,76,INFLOW,20120224,1500,1844, ,CFS
SHA,H,76,INFLOW,20120224,1600,6166, ,CFS
SHA,H,76,INFLOW,20120224,1700,3355, ,CFS
SHA,H,76,INFLOW,20120224,1800,3320, ,CFS
SHA,H,76,INFLOW,20120224,1900,10704, ,CFS
SHA,H,76,INFLOW,20120224,2000,5172, ,CFS
SHA,H,76,INFLOW,20120224,2100,5538, ,CFS
SHA,H,76,INFLOW,20120224,2200,6447, ,CFS
SHA,H,76,INFLOW,20120224,2300,24569, ,CFS
SHA,H,76,INFLOW,20120225,0000,965, ,CFS
SHA,H,76,INFLOW,20120225,0100,7227, ,CFS
SHA,H,76,INFLOW,20120225,0200,-7059, ,CFS
SHA,H,76,INFLOW,20120225,0300,4270, ,CFS
SHA,H,76,INFLOW,20120225,0400,7075, ,CFS
SHA,H,76,INFLOW,20120225,0500,-9582, ,CFS
SHA,H,76,INFLOW,20120225,0600,9136, ,CFS
SHA,H,76,INFLOW,20120225,0700,-5293, ,CFS
SHA,H,76,INFLOW,20120225,0800,983, ,CFS
SHA,H,76,INFLOW,20120225,0900,6887, ,CFS
SHA,H,76,INFLOW,20120225,1000,-786, ,CFS
SHA,H,76,INFLOW,20120225,1100,6979, ,CFS
SHA,H,76,INFLOW,20120225,1200,6046, ,CFS
SHA,H,76,INFLOW,20120225,1300,1776, ,CFS
SHA,H,76,INFLOW,20120225,1400,9783, ,CFS
SHA,H,76,INFLOW,20120225,1500,2996, ,CFS
SHA,H,76,INFLOW,20120225,1600,91, ,CFS
SHA,H,76,INFLOW,20120225,1700,3614, ,CFS
SHA,H,76,INFLOW,20120225,1800,3042, ,CFS
SHA,H,76,INFLOW,20120225,1900,11804, ,CFS
SHA,H,76,INFLOW,20120225,2000,5582, ,CFS
SHA,H,76,INFLOW,20120225,2100,9712, ,CFS
SHA,H,76,INFLOW,20120225,2200,3480, ,CFS
SHA,H,76,INFLOW,20120225,2300,4100, ,CFS
SHA,H,76,INFLOW,20120226,0000,6183, ,CFS
SHA,H,76,INFLOW,20120226,0100,3354, ,CFS
SHA,H,76,INFLOW,20120226,0200,3282, ,CFS
SHA,H,76,INFLOW,20120226,0300,458, ,CFS
SHA,H,76,INFLOW,20120226,0400,3291, ,CFS
SHA,H,76,INFLOW,20120226,0500,444, ,CFS
SHA,H,76,INFLOW,20120226,0600,524, ,CFS
SHA,H,76,INFLOW,20120226,0700,2435, ,CFS
SHA,H,76,INFLOW,20120226,0800,3354, ,CFS
SHA,H,76,INFLOW,20120226,0900,751, ,CFS
SHA,H,76,INFLOW,20120226,1000,2599, ,CFS
SHA,H,76,INFLOW,20120226,1100,2213, ,CFS
SHA,H,76,INFLOW,20120226,1200,4988, ,CFS
SHA,H,76,INFLOW,20120226,1300,6213, ,CFS
SHA,H,76,INFLOW,20120226,1400,224, ,CFS
SHA,H,76,INFLOW,20120226,1500,3083, ,CFS
SHA,H,76,INFLOW,20120226,1600,3057, ,CFS
SHA,H,76,INFLOW,20120226,1700,9124, ,CFS
SHA,H,76,INFLOW,20120226,1800,921, ,CFS
SHA,H,76,INFLOW,20120226,1900,7935, ,CFS
SHA,H,76,INFLOW,20120226,2000,8088, ,CFS
SHA,H,76,INFLOW,20120226,2100,9503, ,CFS
SHA,H,76,INFLOW,20120226,2200,8122, ,CFS
SHA,H,76,INFLOW,20120226,2300,8248, ,CFS
SHA,H,76,INFLOW,20120227,0000,5787, ,CFS
SHA,H,76,INFLOW,20120227,0100,265, ,CFS
SHA,H,76,INFLOW,20120227,0200,160, ,CFS
SHA,H,76,INFLOW,20120227,0300,5827, ,CFS
SHA,H,76,INFLOW,20120227,0400,-2546, ,CFS
SHA,H,76,INFLOW,20120227,0500,3276, ,CFS
SHA,H,76,INFLOW,20120227,0600,2139, ,CFS
SHA,H,76,INFLOW,20120227,0700,-2430, ,CFS
SHA,H,76,INFLOW,20120227,0800,2479, ,CFS
SHA,H,76,INFLOW,20120227,0900,11066, ,CFS
SHA,H,76,INFLOW,20120227,1000,-947, ,CFS
SHA,H,76,INFLOW,20120227,1100,9741, ,CFS
SHA,H,76,INFLOW,20120227,1200,4289, ,CFS
SHA,H,76,INFLOW,20120227,1300,-2426, ,CFS
SHA,H,76,INFLOW,20120227,1400,6906, ,CFS
SHA,H,76,INFLOW,20120227,1500,358, ,CFS
SHA,H,76,INFLOW,20120227,1600,8883, ,CFS
SHA,H,76,INFLOW,20120227,1700,9091, ,CFS
SHA,H,76,INFLOW,20120227,1800,-968, ,CFS
SHA,H,76,INFLOW,20120227,1900,13188, ,CFS
SHA,H,76,INFLOW,20120227,2000,7206, ,CFS
SHA,H,76,INFLOW,20120227,2100,8235, ,CFS
SHA,H,76,INFLOW,20120227,2200,10174, ,CFS
SHA,H,76,INFLOW,20120227,2300,365, ,CFS
SHA,H,76,INFLOW,20120228,0000,8795, ,CFS
SHA,H,76,INFLOW,20120228,0100,7170, ,CFS
SHA,H,76,INFLOW,20120228,0200,-4105, ,CFS
SHA,H,76,INFLOW,20120228,0300,10168, ,CFS
SHA,H,76,INFLOW,20120228,0400,-4209, ,CFS
SHA,H,76,INFLOW,20120228,0500,-1410, ,CFS
SHA,H,76,INFLOW,20120228,0600,7743, ,CFS
SHA,H,76,INFLOW,20120228,0700,-4471, ,CFS
SHA,H,76,INFLOW,20120228,0800,2578, ,CFS
SHA,H,76,INFLOW,20120228,0900,8074, ,CFS
SHA,H,76,INFLOW,20120228,1000,-1275, ,CFS
SHA,H,76,INFLOW,20120228,1100,5689, ,CFS
SHA,H,76,INFLOW,20120228,1200,3341, ,CFS
SHA,H,76,INFLOW,20120228,1300,581, ,CFS
SHA,H,76,INFLOW,20120228,1400,3436, ,CFS
SHA,H,76,INFLOW,20120228,1500,6100, ,CFS
SHA,H,76,INFLOW,20120228,1600,368, ,CFS
SHA,H,76,INFLOW,20120228,1700,8982, ,CFS
SHA,H,76,INFLOW,20120228,1800,4133, ,CFS
SHA,H,76,INFLOW,20120228,1900,8951, ,CFS
SHA,H,76,INFLOW,20120228,2000,23298, ,CFS
SHA,H,76,INFLOW,20120228,2100,7776, ,CFS
SHA,H,76,INFLOW,20120228,2200,6481, ,CFS
SHA,H,76,INFLOW,20120228,2300,6481, ,CFS
SHA,H,76,INFLOW,20120229,0000,5763, ,CFS
SHA,H,76,INFLOW,20120229,0100,5763, ,CFS
SHA,H,76,INFLOW,20120229,0200,8610, ,CFS
SHA,H,76,INFLOW,20120229,0300,8614, ,CFS
SHA,H,76,INFLOW,20120229,0400,-5588, ,CFS
SHA,H,76,INFLOW,20120229,0500,5765, ,CFS
SHA,H,76,INFLOW,20120229,0600,348, ,CFS
SHA,H,76,INFLOW,20120229,0700,1732, ,CFS
SHA,H,76,INFLOW,20120229,0800,9225, ,CFS
SHA,H,76,INFLOW,20120229,0900,4510, ,CFS
SHA,H,76,INFLOW,20120229,1000,7365, ,CFS
SHA,H,76,INFLOW,20120229,1100,3459, ,CFS
SHA,H,76,INFLOW,20120229,1200,-848, ,CFS
SHA,H,76,INFLOW,20120229,1300,10516, ,CFS
SHA,H,76,INFLOW,20120229,1400,8780, ,CFS
SHA,H,76,INFLOW,20120229,1500,-2709, ,CFS
SHA,H,76,INFLOW,20120229,1600,2911, ,CFS
SHA,H,76,INFLOW,20120229,1700,-5319, ,CFS
SHA,H,76,INFLOW,20120229,1800,6104, ,CFS
SHA,H,76,INFLOW,20120229,1900,13129, ,CFS
SHA,H,76,INFLOW,20120229,2000,3373, ,CFS
SHA,H,76,INFLOW,20120229,2100,14948, ,CFS
SHA,H,76,INFLOW,20120229,2200,6435, ,CFS
SHA,H,76,INFLOW,20120229,2300,8845, ,CFS
SHA,H,76,INFLOW,20120301,0000,6080, ,CFS
SHA,H,76,INFLOW,20120301,0100,-966, ,CFS
SHA,H,76,INFLOW,20120301,0200,4956, ,CFS
SHA,H,76,INFLOW,20120301,0300,-807, ,CFS
SHA,H,76,INFLOW,20120301,0400,4687, ,CFS
SHA,H,76,INFLOW,20120301,0500,1866, ,CFS
SHA,H,76,INFLOW,20120301,0600,16494, ,CFS
SHA,H,76,INFLOW,20120301,0700,-8835, ,CFS
SHA,H,76,INFLOW,20120301,0800,9179, ,CFS
SHA,H,76,INFLOW,20120301,0900,91, ,CFS
SHA,H,76,INFLOW,20120301,1000,7924, ,CFS
SHA,H,76,INFLOW,20120301,1100,849, ,CFS
SHA,H,76,INFLOW,20120301,1200,294, ,CFS
SHA,H,76,INFLOW,20120301,1300,89, ,CFS
SHA,H,76,INFLOW,20120301,1400,5739, ,CFS
SHA,H,76,INFLOW,20120301,1500,5739, ,CFS
SHA,H,76,INFLOW,20120301,1600,40, ,CFS
SHA,H,76,INFLOW,20120301,1700,-2369, ,CFS
SHA,H,76,INFLOW,20120301,1800,3715, ,CFS
SHA,H,76,INFLOW,20120301,1900,13970, ,CFS
SHA,H,76,INFLOW,20120301,2000,4527, ,CFS
SHA,H,76,INFLOW,20120301,2100,12054, ,CFS
SHA,H,76,INFLOW,20120301,2200,8156, ,CFS
SHA,H,76,INFLOW,20120301,2300,6638, ,CFS
SHA,H,76,INFLOW,20120302,0000,9013, ,CFS
SHA,H,76,INFLOW,20120302,0100,2778, ,CFS
SHA,H,76,INFLOW,20120302,0200,-125, ,CFS
SHA,H,76,INFLOW,20120302,0300,2720, ,CFS
SHA,H,76,INFLOW,20120302,0400,-135, ,CFS
SHA,H,76,INFLOW,20120302,0500,2748, ,CFS
SHA,H,76,INFLOW,20120302,0600,365, ,CFS
SHA,H,76,INFLOW,20120302,0700,3861, ,CFS
SHA,H,76,INFLOW,20120302,0800,13864, ,CFS
SHA,H,76,INFLOW,20120302,0900,-489, ,CFS
SHA,H,76,INFLOW,20120302,1000,5084, ,CFS
SHA,H,76,INFLOW,20120302,1100,-891, ,CFS
SHA,H,76,INFLOW,20120302,1200,187, ,CFS
SHA,H,76,INFLOW,20120302,1300,2968, ,CFS
SHA,H,76,INFLOW,20120302,1400,93, ,CFS
SHA,H,76,INFLOW,20120302,1500,2983, ,CFS
SHA,H,76,INFLOW,20120302,1600,186, ,CFS
SHA,H,76,INFLOW,20120302,1700,312, ,CFS
SHA,H,76,INFLOW,20120302,1800,3132, ,CFS
SHA,H,76,INFLOW,20120302,1900,7624, ,CFS
SHA,H,76,INFLOW,20120302,2000,8687, ,CFS
SHA,H,76,INFLOW,20120302,2100,6108, ,CFS
SHA,H,76,INFLOW,20120302,2200,9279, ,CFS
SHA,H,76,INFLOW,20120302,2300,10809, ,CFS
SHA,H,76,INFLOW,20120303,0000,3162, ,CFS
SHA,H,76,INFLOW,20120303,0100,1656, ,CFS
SHA,H,76,INFLOW,20120303,0200,4485, ,CFS
SHA,H,76,INFLOW,20120303,0300,4617, ,CFS
SHA,H,76,INFLOW,20120303,0400,1755, ,CFS
SHA,H,76,INFLOW,20120303,0500,1760, ,CFS
SHA,H,76,INFLOW,20120303,0600,4644, ,CFS
SHA,H,76,INFLOW,20120303,0700,-548, ,CFS
SHA,H,76,INFLOW,20120303,0800,3286, ,CFS
SHA,H,76,INFLOW,20120303,0900,4480, ,CFS
SHA,H,76,INFLOW,20120303,1000,686, ,CFS
SHA,H,76,INFLOW,20120303,1100,4941, ,CFS
SHA,H,76,INFLOW,20120303,1200,190, ,CFS
SHA,H,76,INFLOW,20120303,1300,5794, ,CFS
SHA,H,76,INFLOW,20120303,1400,87, ,CFS
SHA,H,76,INFLOW,20120303,1500,2940, ,CFS
SHA,H,76,INFLOW,20120303,1600,2940, ,CFS
SHA,H,76,INFLOW,20120303,1700,5959, ,CFS
SHA,H,76,INFLOW,20120303,1800,3333, ,CFS
SHA,H,76,INFLOW,20120303,1900,11212, ,CFS
SHA,H,76,INFLOW,20120303,2000,8889, ,CFS
SHA,H,76,INFLOW,20120303,2100,8825, ,CFS
SHA,H,76,INFLOW,20120303,2200,9906, ,CFS
SHA,H,76,INFLOW,20120303,2300,4282, ,CFS
SHA,H,76,INFLOW,20120304,0000,10313, ,CFS
SHA,H,76,INFLOW,20120304,0100,-1233, ,CFS
SHA,H,76,INFLOW,20120304,0200,1602, ,CFS
SHA,H,76,INFLOW,20120304,0300,4372, ,CFS
SHA,H,76,INFLOW,20120304,0400,-1447, ,CFS
SHA,H,76,INFLOW,20120304,0500,4404, ,CFS
SHA,H,76,INFLOW,20120304,0600,1770, ,CFS
SHA,H,76,INFLOW,20120304,0700,182, ,CFS
SHA,H,76,INFLOW,20120304,0800,2958, ,CFS
SHA,H,76,INFLOW,20120304,0900,152, ,CFS
SHA,H,76,INFLOW,20120304,1000,2978, ,CFS
SHA,H,76,INFLOW,20120304,1100,2968, ,CFS
SHA,H,76,INFLOW,20120304,1200,5822, ,CFS
SHA,H,76,INFLOW,20120304,1300,121, ,CFS
SHA,H,76,INFLOW,20120304,1400,5824, ,CFS
SHA,H,76,INFLOW,20120304,1500,5822, ,CFS
SHA,H,76,INFLOW,20120304,1600,3083, ,CFS
SHA,H,76,INFLOW,20120304,1700,4786, ,CFS
SHA,H,76,INFLOW,20120304,1800,3084, ,CFS
SHA,H,76,INFLOW,20120304,1900,16299, ,CFS
SHA,H,76,INFLOW,20120304,2000,4915, ,CFS
SHA,H,76,INFLOW,20120304,2100,12084, ,CFS
SHA,H,76,INFLOW,20120304,2200,9420, ,CFS
SHA,H,76,INFLOW,20120304,2300,3307, ,CFS
SHA,H,76,INFLOW,20120305,0000,5890, ,CFS
SHA,H,76,INFLOW,20120305,0100,1241, ,CFS
SHA,H,76,INFLOW,20120305,0200,1034, ,CFS
SHA,H,76,INFLOW,20120305,0300,4058, ,CFS
SHA,H,76,INFLOW,20120305,0400,1286, ,CFS
SHA,H,76,INFLOW,20120305,0500,1580, ,CFS
SHA,H,76,INFLOW,20120305,0600,4648, ,CFS
SHA,H,76,INFLOW,20120305,0700,-748, ,CFS
SHA,H,76,INFLOW,20120305,0800,1465, ,CFS
SHA,H,76,INFLOW,20120305,0900,3930, ,CFS
SHA,H,76,INFLOW,20120305,1000,226, ,CFS
SHA,H,76,INFLOW,20120305,1100,5404, ,CFS
SHA,H,76,INFLOW,20120305,1200,4063, ,CFS
SHA,H,76,INFLOW,20120305,1300,3546, ,CFS
SHA,H,76,INFLOW,20120305,1400,5950, ,CFS
SHA,H,76,INFLOW,20120305,1500,3014, ,CFS
SHA,H,76,INFLOW,20120305,1600,473, ,CFS
SHA,H,76,INFLOW,20120305,1700,3013, ,CFS
SHA,H,76,INFLOW,20120305,1800,1496, ,CFS
SHA,H,76,INFLOW,20120305,1900,12428, ,CFS
SHA,H,76,INFLOW,20120305,2000,9707, ,CFS
SHA,H,76,INFLOW,20120305,2100,8699, ,CFS
SHA,H,76,INFLOW,20120305,2200,5672, ,CFS
SHA,H,76,INFLOW,20120305,2300,7262, ,CFS
SHA,H,76,INFLOW,20120306,0000,7712, ,CFS
SHA,H,76,INFLOW,20120306,0100,-1304, ,CFS
SHA,H,76,INFLOW,20120306,0200,4656, ,CFS
SHA,H,76,INFLOW,20120306,0300,1623, ,CFS
SHA,H,76,INFLOW,20120306,0400,1523, ,CFS
SHA,H,76,INFLOW,20120306,0500,-1236, ,CFS
SHA,H,76,INFLOW,20120306,0600,4862, ,CFS
SHA,H,76,INFLOW,20120306,0700,-114, ,CFS
SHA,H,76,INFLOW,20120306,0800,6404, ,CFS
SHA,H,76,INFLOW,20120306,0900,408, ,CFS
SHA,H,76,INFLOW,20120306,1000,15727, ,CFS
SHA,H,76,INFLOW,20120306,1100,9402, ,CFS
SHA,H,76,INFLOW,20120306,1200,-3452, ,CFS
SHA,H,76,INFLOW,20120306,1300,7339, ,CFS
SHA,H,76,INFLOW,20120306,1400,6044, ,CFS
SHA,H,76,INFLOW,20120306,1500,137, ,CFS
SHA,H,76,INFLOW,20120306,1600,2992, ,CFS
SHA,H,76,INFLOW,20120306,1700,429, ,CFS
SHA,H,76,INFLOW,20120306,1800,2522, ,CFS
SHA,H,76,INFLOW,20120306,1900,14337, ,CFS
SHA,H,76,INFLOW,20120306,2000,3455, ,CFS
SHA,H,76,INFLOW,20120306,2100,9242, ,CFS
SHA,H,76,INFLOW,20120306,2200,4440, ,CFS
SHA,H,76,INFLOW,20120306,2300,9580, ,CFS
SHA,H,76,INFLOW,20120307,0000,3263, ,CFS
SHA,H,76,INFLOW,20120307,0100,-1088, ,CFS
SHA,H,76,INFLOW,20120307,0200,4314, ,CFS
SHA,H,76,INFLOW,20120307,0300,1751, ,CFS
SHA,H,76,INFLOW,20120307,0400,1842, ,CFS
SHA,H,76,INFLOW,20120307,0500,1821, ,CFS
SHA,H,76,INFLOW,20120307,0600,-893, ,CFS
SHA,H,76,INFLOW,20120307,0700,3366, ,CFS
SHA,H,76,INFLOW,20120307,0800,3542, ,CFS
SHA,H,76,INFLOW,20120307,0900,2611, ,CFS
SHA,H,76,INFLOW,20120307,1000,6020, ,CFS
SHA,H,76,INFLOW,20120307,1100,-1335, ,CFS
SHA,H,76,INFLOW,20120307,1200,5388, ,CFS
SHA,H,76,INFLOW,20120307,1300,1683, ,CFS
SHA,H,76,INFLOW,20120307,1400,4775, ,CFS
SHA,H,76,INFLOW,20120307,1500,990, ,CFS
SHA,H,76,INFLOW,20120307,1600,6628, ,CFS
SHA,H,76,INFLOW,20120307,1700,1488, ,CFS
SHA,H,76,INFLOW,20120307,1800,199, ,CFS
SHA,H,76,INFLOW,20120307,1900,15307, ,CFS
SHA,H,76,INFLOW,20120307,2000,4015, ,CFS
SHA,H,76,INFLOW,20120307,2100,11270, ,CFS
SHA,H,76,INFLOW,20120307,2200,5433, ,CFS
SHA,H,76,INFLOW,20120307,2300,8820, ,CFS
SHA,H,76,INFLOW,20120308,0000,8813, ,CFS
SHA,H,76,INFLOW,20120308,0100,-6798, ,CFS
SHA,H,76,INFLOW,20120308,0200,4660, ,CFS
SHA,H,76,INFLOW,20120308,0300,1582, ,CFS
SHA,H,76,INFLOW,20120308,0400,1612, ,CFS
SHA,H,76,INFLOW,20120308,0500,1715, ,CFS
SHA,H,76,INFLOW,20120308,0600,195, ,CFS
SHA,H,76,INFLOW,20120308,0700,2930, ,CFS
SHA,H,76,INFLOW,20120308,0800,2687, ,CFS
SHA,H,76,INFLOW,20120308,0900,2548, ,CFS
SHA,H,76,INFLOW,20120308,1000,2443, ,CFS
SHA,H,76,INFLOW,20120308,1100,6989, ,CFS
SHA,H,76,INFLOW,20120308,1200,617, ,CFS
SHA,H,76,INFLOW,20120308,1300,9120, ,CFS
SHA,H,76,INFLOW,20120308,1400,---, ,CFS
SHA,H,76,INFLOW,20120308,1500,---, ,CFS
SHA,H,76,INFLOW,20120308,1600,6077, ,CFS
SHA,H,76,INFLOW,20120308,1700,972, ,CFS
SHA,H,76,INFLOW,20120308,1800,2842, ,CFS
SHA,H,76,INFLOW,20120308,1900,9965, ,CFS
SHA,H,76,INFLOW,20120308,2000,7694, ,CFS
SHA,H,76,INFLOW,20120308,2100,7752, ,CFS
SHA,H,76,INFLOW,20120308,2200,9511, ,CFS
SHA,H,76,INFLOW,20120308,2300,5977, ,CFS
SHA,H,76,INFLOW,20120309,0000,5913, ,CFS
SHA,H,76,INFLOW,20120309,0100,1492, ,CFS
SHA,H,76,INFLOW,20120309,0200,1808, ,CFS
SHA,H,76,INFLOW,20120309,0300,1507, ,CFS
SHA,H,76,INFLOW,20120309,0400,1696, ,CFS
SHA,H,76,INFLOW,20120309,0500,1935, ,CFS
SHA,H,76,INFLOW,20120309,0600,-140, ,CFS
SHA,H,76,INFLOW,20120309,0700,1848, ,CFS
SHA,H,76,INFLOW,20120309,0800,2310, ,CFS
SHA,H,76,INFLOW,20120309,0900,792, ,CFS
SHA,H,76,INFLOW,20120309,1000,6035, ,CFS
SHA,H,76,INFLOW,20120309,1100,1479, ,CFS
SHA,H,76,INFLOW,20120309,1200,3521, ,CFS
SHA,H,76,INFLOW,20120309,1300,3659, ,CFS
SHA,H,76,INFLOW,20120309,1400,6154, ,CFS
SHA,H,76,INFLOW,20120309,1500,3640, ,CFS
SHA,H,76,INFLOW,20120309,1600,531, ,CFS
SHA,H,76,INFLOW,20120309,1700,411, ,CFS
SHA,H,76,INFLOW,20120309,1800,1974, ,CFS
SHA,H,76,INFLOW,20120309,1900,9890, ,CFS
SHA,H,76,INFLOW,20120309,2000,-3852, ,CFS
SHA,H,76,INFLOW,20120309,2100,7069, ,CFS
SHA,H,76,INFLOW,20120309,2200,3330, ,CFS
SHA,H,76,INFLOW,20120309,2300,8684, ,CFS
SHA,H,76,INFLOW,20120310,0000,5831, ,CFS
SHA,H,76,INFLOW,20120310,0100,2977, ,CFS
SHA,H,76,INFLOW,20120310,0200,124, ,CFS
SHA,H,76,INFLOW,20120310,0300,124, ,CFS
SHA,H,76,INFLOW,20120310,0400,2977, ,CFS
SHA,H,76,INFLOW,20120310,0500,-2729, ,CFS
SHA,H,76,INFLOW,20120310,0600,124, ,CFS
SHA,H,76,INFLOW,20120310,0700,1060, ,CFS
SHA,H,76,INFLOW,20120310,0800,-676, ,CFS
SHA,H,76,INFLOW,20120310,0900,2834, ,CFS
SHA,H,76,INFLOW,20120310,1000,2668, ,CFS
SHA,H,76,INFLOW,20120310,1100,1804, ,CFS
SHA,H,76,INFLOW,20120310,1200,4292, ,CFS
SHA,H,76,INFLOW,20120310,1300,3051, ,CFS
SHA,H,76,INFLOW,20120310,1400,2960, ,CFS
SHA,H,76,INFLOW,20120310,1500,5820, ,CFS
SHA,H,76,INFLOW,20120310,1600,98, ,CFS
SHA,H,76,INFLOW,20120310,1700,3223, ,CFS
SHA,H,76,INFLOW,20120310,1800,4064, ,CFS
SHA,H,76,INFLOW,20120310,1900,9003, ,CFS
SHA,H,76,INFLOW,20120310,2000,4526, ,CFS
SHA,H,76,INFLOW,20120310,2100,11673, ,CFS
SHA,H,76,INFLOW,20120310,2200,4778, ,CFS
SHA,H,76,INFLOW,20120310,2300,12507, ,CFS
SHA,H,76,INFLOW,20120311,0000,-5462, ,CFS
SHA,H,76,INFLOW,20120311,0100,---, ,CFS
SHA,H,76,INFLOW,20120311,0300,---, ,CFS
SHA,H,76,INFLOW,20120311,0400,3248, ,CFS
SHA,H,76,INFLOW,20120311,0500,653, ,CFS
SHA,H,76,INFLOW,20120311,0600,3584, ,CFS
SHA,H,76,INFLOW,20120311,0700,2660, ,CFS
SHA,H,76,INFLOW,20120311,0800,-88, ,CFS
SHA,H,76,INFLOW,20120311,0900,3799, ,CFS
SHA,H,76,INFLOW,20120311,1000,272, ,CFS
SHA,H,76,INFLOW,20120311,1100,8663, ,CFS
SHA,H,76,INFLOW,20120311,1200,98, ,CFS
SHA,H,76,INFLOW,20120311,1300,2944, ,CFS
SHA,H,76,INFLOW,20120311,1400,11521, ,CFS
SHA,H,76,INFLOW,20120311,1500,3091, ,CFS
SHA,H,76,INFLOW,20120311,1600,4418, ,CFS
SHA,H,76,INFLOW,20120311,1700,1463, ,CFS
SHA,H,76,INFLOW,20120311,1800,8, ,CFS
SHA,H,76,INFLOW,20120311,1900,14594, ,CFS
SHA,H,76,INFLOW,20120311,2000,9128, ,CFS
SHA,H,76,INFLOW,20120311,2100,7237, ,CFS
SHA,H,76,INFLOW,20120311,2200,6906, ,CFS
SHA,H,76,INFLOW,20120311,2300,11740, ,CFS
SHA,H,76,INFLOW,20120312,0000,-3165, ,CFS
SHA,H,76,INFLOW,20120312,0100,7303, ,CFS
SHA,H,76,INFLOW,20120312,0200,4239, ,CFS
SHA,H,76,INFLOW,20120312,0300,-1353, ,CFS
SHA,H,76,INFLOW,20120312,0400,7170, ,CFS
SHA,H,76,INFLOW,20120312,0500,-866, ,CFS
SHA,H,76,INFLOW,20120312,0600,2834, ,CFS
SHA,H,76,INFLOW,20120312,0700,4041, ,CFS
SHA,H,76,INFLOW,20120312,0800,1801, ,CFS
SHA,H,76,INFLOW,20120312,0900,6598, ,CFS
SHA,H,76,INFLOW,20120312,1000,3177, ,CFS
SHA,H,76,INFLOW,20120312,1100,3192, ,CFS
SHA,H,76,INFLOW,20120312,1200,5868, ,CFS
SHA,H,76,INFLOW,20120312,1300,8693, ,CFS
SHA,H,76,INFLOW,20120312,1400,2972, ,CFS
SHA,H,76,INFLOW,20120312,1500,92, ,CFS
SHA,H,76,INFLOW,20120312,1600,5957, ,CFS
SHA,H,76,INFLOW,20120312,1700,745, ,CFS
SHA,H,76,INFLOW,20120312,1800,4447, ,CFS
SHA,H,76,INFLOW,20120312,1900,1779, ,CFS
SHA,H,76,INFLOW,20120312,2000,5099, ,CFS
SHA,H,76,INFLOW,20120312,2100,19122, ,CFS
SHA,H,76,INFLOW,20120312,2200,9192, ,CFS
SHA,H,76,INFLOW,20120312,2300,-6, ,CFS
SHA,H,76,INFLOW,20120313,0000,6272, ,CFS
SHA,H,76,INFLOW,20120313,0100,1314, ,CFS
SHA,H,76,INFLOW,20120313,0200,3886, ,CFS
SHA,H,76,INFLOW,20120313,0300,-1993, ,CFS
SHA,H,76,INFLOW,20120313,0400,9677, ,CFS
SHA,H,76,INFLOW,20120313,0500,1362, ,CFS
SHA,H,76,INFLOW,20120313,0600,19191, ,CFS
SHA,H,76,INFLOW,20120313,0700,-594, ,CFS
SHA,H,76,INFLOW,20120313,0800,11699, ,CFS
SHA,H,76,INFLOW,20120313,0900,17262, ,CFS
SHA,H,76,INFLOW,20120313,1000,-448, ,CFS
SHA,H,76,INFLOW,20120313,1100,19794, ,CFS
SHA,H,76,INFLOW,20120313,1200,8595, ,CFS
SHA,H,76,INFLOW,20120313,1300,---, ,CFS
SHA,H,76,INFLOW,20120313,1400,---, ,CFS
SHA,H,76,INFLOW,20120313,1500,---, ,CFS
SHA,H,76,INFLOW,20120313,1600,14380, ,CFS
SHA,H,76,INFLOW,20120313,1700,14467, ,CFS
SHA,H,76,INFLOW,20120313,1800,10503, ,CFS
SHA,H,76,INFLOW,20120313,1900,13645, ,CFS
SHA,H,76,INFLOW,20120313,2000,9740, ,CFS
SHA,H,76,INFLOW,20120313,2100,12532, ,CFS
SHA,H,76,INFLOW,20120313,2200,6496, ,CFS
SHA,H,76,INFLOW,20120313,2300,22974, ,CFS
SHA,H,76,INFLOW,20120314,0000,11519, ,CFS
SHA,H,76,INFLOW,20120314,0100,11517, ,CFS
SHA,H,76,INFLOW,20120314,0200,17251, ,CFS
SHA,H,76,INFLOW,20120314,0300,14384, ,CFS
SHA,H,76,INFLOW,20120314,0400,14384, ,CFS
SHA,H,76,INFLOW,20120314,0500,11563, ,CFS
SHA,H,76,INFLOW,20120314,0600,17343, ,CFS
SHA,H,76,INFLOW,20120314,0700,8808, ,CFS
SHA,H,76,INFLOW,20120314,0800,16375, ,CFS
SHA,H,76,INFLOW,20120314,0900,15634, ,CFS
SHA,H,76,INFLOW,20120314,1000,13969, ,CFS
SHA,H,76,INFLOW,20120314,1100,22819, ,CFS
SHA,H,76,INFLOW,20120314,1200,13510, ,CFS
SHA,H,76,INFLOW,20120314,1300,12896, ,CFS
SHA,H,76,INFLOW,20120314,1400,18668, ,CFS
SHA,H,76,INFLOW,20120314,1500,11803, ,CFS
SHA,H,76,INFLOW,20120314,1600,23113, ,CFS
SHA,H,76,INFLOW,20120314,1700,14552, ,CFS
SHA,H,76,INFLOW,20120314,1800,18901, ,CFS
SHA,H,76,INFLOW,20120314,1900,22555, ,CFS
SHA,H,76,INFLOW,20120314,2000,24972, ,CFS
SHA,H,76,INFLOW,20120314,2100,21921, ,CFS
SHA,H,76,INFLOW,20120314,2200,18091, ,CFS
SHA,H,76,INFLOW,20120314,2300,17641, ,CFS
SHA,H,76,INFLOW,20120315,0000,22699, ,CFS
SHA,H,76,INFLOW,20120315,0100,16016, ,CFS
SHA,H,76,INFLOW,20120315,0200,27673, ,CFS
SHA,H,76,INFLOW,20120315,0300,24793, ,CFS
SHA,H,76,INFLOW,20120315,0400,24683, ,CFS
SHA,H,76,INFLOW,20120315,0500,27503, ,CFS
SHA,H,76,INFLOW,20120315,0600,25287, ,CFS
SHA,H,76,INFLOW,20120315,0700,26191, ,CFS
SHA,H,76,INFLOW,20120315,0800,22845, ,CFS
SHA,H,76,INFLOW,20120315,0900,23215, ,CFS
SHA,H,76,INFLOW,20120315,1000,27803, ,CFS
SHA,H,76,INFLOW,20120315,1100,27552, ,CFS
SHA,H,76,INFLOW,20120315,1200,30904, ,CFS
SHA,H,76,INFLOW,20120315,1300,25263, ,CFS
SHA,H,76,INFLOW,20120315,1400,27673, ,CFS
SHA,H,76,INFLOW,20120315,1500,26487, ,CFS
SHA,H,76,INFLOW,20120315,1600,32072, ,CFS
SHA,H,76,INFLOW,20120315,1700,26423, ,CFS
SHA,H,76,INFLOW,20120315,1800,34830, ,CFS
SHA,H,76,INFLOW,20120315,1900,23209, ,CFS
SHA,H,76,INFLOW,20120315,2000,46601, ,CFS
SHA,H,76,INFLOW,20120315,2100,43804, ,CFS
SHA,H,76,INFLOW,20120315,2200,44065, ,CFS
SHA,H,76,INFLOW,20120315,2300,40793, ,CFS
SHA,H,76,INFLOW,20120316,0000,38853, ,CFS
SHA,H,76,INFLOW,20120316,0100,44873, ,CFS
SHA,H,76,INFLOW,20120316,0200,47892, ,CFS
SHA,H,76,INFLOW,20120316,0300,41869, ,CFS
SHA,H,76,INFLOW,20120316,0400,47397, ,CFS
SHA,H,76,INFLOW,20120316,0500,33043, ,CFS
SHA,H,76,INFLOW,20120316,0600,39367, ,CFS
SHA,H,76,INFLOW,20120316,0700,35283, ,CFS
SHA,H,76,INFLOW,20120316,0800,38152, ,CFS
SHA,H,76,INFLOW,20120316,0900,41082, ,CFS
SHA,H,76,INFLOW,20120316,1000,38151, ,CFS
SHA,H,76,INFLOW,20120316,1100,44015, ,CFS
SHA,H,76,INFLOW,20120316,1200,35218, ,CFS
SHA,H,76,INFLOW,20120316,1300,35212, ,CFS
SHA,H,76,INFLOW,20120316,1400,32399, ,CFS
SHA,H,76,INFLOW,20120316,1500,38332, ,CFS
SHA,H,76,INFLOW,20120316,1600,41336, ,CFS
SHA,H,76,INFLOW,20120316,1700,32499, ,CFS
SHA,H,76,INFLOW,20120316,1800,47227, ,CFS
SHA,H,76,INFLOW,20120316,1900,38522, ,CFS
SHA,H,76,INFLOW,20120316,2000,38055, ,CFS
SHA,H,76,INFLOW,20120316,2100,35962, ,CFS
SHA,H,76,INFLOW,20120316,2200,51418, ,CFS
SHA,H,76,INFLOW,20120316,2300,33446, ,CFS
SHA,H,76,INFLOW,20120317,0000,38960, ,CFS
SHA,H,76,INFLOW,20120317,0100,40151, ,CFS
SHA,H,76,INFLOW,20120317,0200,33957, ,CFS
SHA,H,76,INFLOW,20120317,0300,42630, ,CFS
SHA,H,76,INFLOW,20120317,0400,33739, ,CFS
SHA,H,76,INFLOW,20120317,0500,30809, ,CFS
SHA,H,76,INFLOW,20120317,0600,34618, ,CFS
SHA,H,76,INFLOW,20120317,0700,32953, ,CFS
SHA,H,76,INFLOW,20120317,0800,39057, ,CFS
SHA,H,76,INFLOW,20120317,0900,20880, ,CFS
SHA,H,76,INFLOW,20120317,1000,35774, ,CFS
SHA,H,76,INFLOW,20120317,1100,20958, ,CFS
SHA,H,76,INFLOW,20120317,1200,29806, ,CFS
SHA,H,76,INFLOW,20120317,1300,26829, ,CFS
SHA,H,76,INFLOW,20120317,1400,26829, ,CFS
SHA,H,76,INFLOW,20120317,1500,23853, ,CFS
SHA,H,76,INFLOW,20120317,1600,23898, ,CFS
SHA,H,76,INFLOW,20120317,1700,23972, ,CFS
SHA,H,76,INFLOW,20120317,1800,24169, ,CFS
SHA,H,76,INFLOW,20120317,1900,27307, ,CFS
SHA,H,76,INFLOW,20120317,2000,24748, ,CFS
SHA,H,76,INFLOW,20120317,2100,23347, ,CFS
SHA,H,76,INFLOW,20120317,2200,25101, ,CFS
SHA,H,76,INFLOW,20120317,2300,21310, ,CFS
SHA,H,76,INFLOW,20120318,0000,18009, ,CFS
SHA,H,76,INFLOW,20120318,0100,21030, ,CFS
SHA,H,76,INFLOW,20120318,0200,20984, ,CFS
SHA,H,76,INFLOW,20120318,0300,20982, ,CFS
SHA,H,76,INFLOW,20120318,0400,17991, ,CFS
SHA,H,76,INFLOW,20120318,0500,17996, ,CFS
SHA,H,76,INFLOW,20120318,0600,18165, ,CFS
SHA,H,76,INFLOW,20120318,0700,18244, ,CFS
SHA,H,76,INFLOW,20120318,0800,18300, ,CFS
SHA,H,76,INFLOW,20120318,0900,19746, ,CFS
SHA,H,76,INFLOW,20120318,1000,19795, ,CFS
SHA,H,76,INFLOW,20120318,1100,16714, ,CFS
SHA,H,76,INFLOW,20120318,1200,19721, ,CFS
SHA,H,76,INFLOW,20120318,1300,13889, ,CFS
SHA,H,76,INFLOW,20120318,1400,13729, ,CFS
SHA,H,76,INFLOW,20120318,1500,22412, ,CFS
SHA,H,76,INFLOW,20120318,1600,13495, ,CFS
SHA,H,76,INFLOW,20120318,1700,26279, ,CFS
SHA,H,76,INFLOW,20120318,1800,8578, ,CFS
SHA,H,76,INFLOW,20120318,1900,18368, ,CFS
SHA,H,76,INFLOW,20120318,2000,14928, ,CFS
SHA,H,76,INFLOW,20120318,2100,14691, ,CFS
SHA,H,76,INFLOW,20120318,2200,19978, ,CFS
SHA,H,76,INFLOW,20120318,2300,15580, ,CFS
SHA,H,76,INFLOW,20120319,0000,15728, ,CFS
SHA,H,76,INFLOW,20120319,0100,13762, ,CFS
SHA,H,76,INFLOW,20120319,0200,14110, ,CFS
SHA,H,76,INFLOW,20120319,0300,16081, ,CFS
SHA,H,76,INFLOW,20120319,0400,9973, ,CFS
SHA,H,76,INFLOW,20120319,0500,13243, ,CFS
SHA,H,76,INFLOW,20120319,0600,14016, ,CFS
SHA,H,76,INFLOW,20120319,0700,14279, ,CFS
SHA,H,76,INFLOW,20120319,0800,11985, ,CFS
SHA,H,76,INFLOW,20120319,0900,14762, ,CFS
SHA,H,76,INFLOW,20120319,1000,14426, ,CFS
SHA,H,76,INFLOW,20120319,1100,14224, ,CFS
SHA,H,76,INFLOW,20120319,1200,13915, ,CFS
SHA,H,76,INFLOW,20120319,1300,11004, ,CFS
SHA,H,76,INFLOW,20120319,1400,11160, ,CFS
SHA,H,76,INFLOW,20120319,1500,12286, ,CFS
SHA,H,76,INFLOW,20120319,1600,12197, ,CFS
SHA,H,76,INFLOW,20120319,1700,15233, ,CFS
SHA,H,76,INFLOW,20120319,1800,12214, ,CFS
SHA,H,76,INFLOW,20120319,1900,6693, ,CFS
SHA,H,76,INFLOW,20120319,2000,17602, ,CFS
SHA,H,76,INFLOW,20120319,2100,11331, ,CFS
SHA,H,76,INFLOW,20120319,2200,11343, ,CFS
SHA,H,76,INFLOW,20120319,2300,13374, ,CFS
SHA,H,76,INFLOW,20120320,0000,14101, ,CFS
SHA,H,76,INFLOW,20120320,0100,13867, ,CFS
SHA,H,76,INFLOW,20120320,0200,1733, ,CFS
SHA,H,76,INFLOW,20120320,0300,7966, ,CFS
SHA,H,76,INFLOW,20120320,0400,10952, ,CFS
SHA,H,76,INFLOW,20120320,0500,1923, ,CFS
SHA,H,76,INFLOW,20120320,0600,8538, ,CFS
SHA,H,76,INFLOW,20120320,0700,8478, ,CFS
SHA,H,76,INFLOW,20120320,0800,15128, ,CFS
SHA,H,76,INFLOW,20120320,0900,7906, ,CFS
SHA,H,76,INFLOW,20120320,1000,13917, ,CFS
SHA,H,76,INFLOW,20120320,1100,9298, ,CFS
SHA,H,76,INFLOW,20120320,1200,9236, ,CFS
SHA,H,76,INFLOW,20120320,1300,12266, ,CFS
SHA,H,76,INFLOW,20120320,1400,12273, ,CFS
SHA,H,76,INFLOW,20120320,1500,9356, ,CFS
SHA,H,76,INFLOW,20120320,1600,12325, ,CFS
SHA,H,76,INFLOW,20120320,1700,9236, ,CFS
SHA,H,76,INFLOW,20120320,1800,9349, ,CFS
SHA,H,76,INFLOW,20120320,1900,4936, ,CFS
SHA,H,76,INFLOW,20120320,2000,21657, ,CFS
SHA,H,76,INFLOW,20120320,2100,9402, ,CFS
SHA,H,76,INFLOW,20120320,2200,8866, ,CFS
SHA,H,76,INFLOW,20120320,2300,12575, ,CFS
SHA,H,76,INFLOW,20120321,0000,4595, ,CFS
SHA,H,76,INFLOW,20120321,0100,11370, ,CFS
SHA,H,76,INFLOW,20120321,0200,4733, ,CFS
SHA,H,76,INFLOW,20120321,0300,4500, ,CFS
SHA,H,76,INFLOW,20120321,0400,10488, ,CFS
SHA,H,76,INFLOW,20120321,0500,10889, ,CFS
SHA,H,76,INFLOW,20120321,0600,2030, ,CFS
SHA,H,76,INFLOW,20120321,0700,5294, ,CFS
SHA,H,76,INFLOW,20120321,0800,18877, ,CFS
SHA,H,76,INFLOW,20120321,0900,6182, ,CFS
SHA,H,76,INFLOW,20120321,1000,6217, ,CFS
SHA,H,76,INFLOW,20120321,1100,12221, ,CFS
SHA,H,76,INFLOW,20120321,1200,9355, ,CFS
SHA,H,76,INFLOW,20120321,1300,12307, ,CFS
SHA,H,76,INFLOW,20120321,1400,10235, ,CFS
SHA,H,76,INFLOW,20120321,1500,7396, ,CFS
SHA,H,76,INFLOW,20120321,1600,11920, ,CFS
SHA,H,76,INFLOW,20120321,1700,8973, ,CFS
SHA,H,76,INFLOW,20120321,1800,8913, ,CFS
SHA,H,76,INFLOW,20120321,1900,3888, ,CFS
SHA,H,76,INFLOW,20120321,2000,15557, ,CFS
SHA,H,76,INFLOW,20120321,2100,10897, ,CFS
SHA,H,76,INFLOW,20120321,2200,11444, ,CFS
SHA,H,76,INFLOW,20120321,2300,6548, ,CFS
SHA,H,76,INFLOW,20120322,0000,9297, ,CFS
SHA,H,76,INFLOW,20120322,0100,7195, ,CFS
SHA,H,76,INFLOW,20120322,0200,10058, ,CFS
SHA,H,76,INFLOW,20120322,0300,7079, ,CFS
SHA,H,76,INFLOW,20120322,0400,6985, ,CFS
SHA,H,76,INFLOW,20120322,0500,10334, ,CFS
SHA,H,76,INFLOW,20120322,0600,8308, ,CFS
SHA,H,76,INFLOW,20120322,0700,7110, ,CFS
SHA,H,76,INFLOW,20120322,0800,17007, ,CFS
SHA,H,76,INFLOW,20120322,0900,7723, ,CFS
SHA,H,76,INFLOW,20120322,1000,7341, ,CFS
SHA,H,76,INFLOW,20120322,1100,12584, ,CFS
SHA,H,76,INFLOW,20120322,1200,10822, ,CFS
SHA,H,76,INFLOW,20120322,1300,13767, ,CFS
SHA,H,76,INFLOW,20120322,1400,10860, ,CFS
SHA,H,76,INFLOW,20120322,1500,7936, ,CFS
SHA,H,76,INFLOW,20120322,1600,16759, ,CFS
SHA,H,76,INFLOW,20120322,1700,10638, ,CFS
SHA,H,76,INFLOW,20120322,1800,10395, ,CFS
SHA,H,76,INFLOW,20120322,1900,4814, ,CFS
SHA,H,76,INFLOW,20120322,2000,14770, ,CFS
SHA,H,76,INFLOW,20120322,2100,9567, ,CFS
SHA,H,76,INFLOW,20120322,2200,9787, ,CFS
SHA,H,76,INFLOW,20120322,2300,15365, ,CFS
SHA,H,76,INFLOW,20120323,0000,6284, ,CFS
SHA,H,76,INFLOW,20120323,0100,11055, ,CFS
SHA,H,76,INFLOW,20120323,0200,7323, ,CFS
SHA,H,76,INFLOW,20120323,0300,10169, ,CFS
SHA,H,76,INFLOW,20120323,0400,13121, ,CFS
SHA,H,76,INFLOW,20120323,0500,10171, ,CFS
SHA,H,76,INFLOW,20120323,0600,8306, ,CFS
SHA,H,76,INFLOW,20120323,0700,15064, ,CFS
SHA,H,76,INFLOW,20120323,0800,11646, ,CFS
SHA,H,76,INFLOW,20120323,0900,10222, ,CFS
SHA,H,76,INFLOW,20120323,1000,17694, ,CFS
SHA,H,76,INFLOW,20120323,1100,5825, ,CFS
SHA,H,76,INFLOW,20120323,1200,15381, ,CFS
SHA,H,76,INFLOW,20120323,1300,9194, ,CFS
SHA,H,76,INFLOW,20120323,1400,9614, ,CFS
SHA,H,76,INFLOW,20120323,1500,9528, ,CFS
SHA,H,76,INFLOW,20120323,1600,12610, ,CFS
SHA,H,76,INFLOW,20120323,1700,9111, ,CFS
SHA,H,76,INFLOW,20120323,1800,6589, ,CFS
SHA,H,76,INFLOW,20120323,1900,12819, ,CFS
SHA,H,76,INFLOW,20120323,2000,10629, ,CFS
SHA,H,76,INFLOW,20120323,2100,12053, ,CFS
SHA,H,76,INFLOW,20120323,2200,19056, ,CFS
SHA,H,76,INFLOW,20120323,2300,547, ,CFS
SHA,H,76,INFLOW,20120324,0000,9472, ,CFS
SHA,H,76,INFLOW,20120324,0100,11184, ,CFS
SHA,H,76,INFLOW,20120324,0200,1935, ,CFS
SHA,H,76,INFLOW,20120324,0300,7984, ,CFS
SHA,H,76,INFLOW,20120324,0400,14063, ,CFS
SHA,H,76,INFLOW,20120324,0500,1015, ,CFS
SHA,H,76,INFLOW,20120324,0600,7938, ,CFS
SHA,H,76,INFLOW,20120324,0700,5341, ,CFS
SHA,H,76,INFLOW,20120324,0800,1430, ,CFS
SHA,H,76,INFLOW,20120324,0900,16585, ,CFS
SHA,H,76,INFLOW,20120324,1000,7532, ,CFS
SHA,H,76,INFLOW,20120324,1100,14379, ,CFS
SHA,H,76,INFLOW,20120324,1200,17199, ,CFS
SHA,H,76,INFLOW,20120324,1300,14246, ,CFS
SHA,H,76,INFLOW,20120324,1400,8385, ,CFS
SHA,H,76,INFLOW,20120324,1500,11177, ,CFS
SHA,H,76,INFLOW,20120324,1600,14100, ,CFS
SHA,H,76,INFLOW,20120324,1700,4840, ,CFS
SHA,H,76,INFLOW,20120324,1800,8000, ,CFS
SHA,H,76,INFLOW,20120324,1900,17329, ,CFS
SHA,H,76,INFLOW,20120324,2000,8529, ,CFS
SHA,H,76,INFLOW,20120324,2100,9633, ,CFS
SHA,H,76,INFLOW,20120324,2200,15721, ,CFS
SHA,H,76,INFLOW,20120324,2300,-9129, ,CFS
SHA,H,76,INFLOW,20120325,0000,12201, ,CFS
SHA,H,76,INFLOW,20120325,0100,11056, ,CFS
SHA,H,76,INFLOW,20120325,0200,17104, ,CFS
SHA,H,76,INFLOW,20120325,0300,10685, ,CFS
SHA,H,76,INFLOW,20120325,0400,10451, ,CFS
SHA,H,76,INFLOW,20120325,0500,1010, ,CFS
SHA,H,76,INFLOW,20120325,0600,7918, ,CFS
SHA,H,76,INFLOW,20120325,0700,5599, ,CFS
SHA,H,76,INFLOW,20120325,0800,12358, ,CFS
SHA,H,76,INFLOW,20120325,0900,15177, ,CFS
SHA,H,76,INFLOW,20120325,1000,11583, ,CFS
SHA,H,76,INFLOW,20120325,1100,14802, ,CFS
SHA,H,76,INFLOW,20120325,1200,11766, ,CFS
SHA,H,76,INFLOW,20120325,1300,8767, ,CFS
SHA,H,76,INFLOW,20120325,1400,8682, ,CFS
SHA,H,76,INFLOW,20120325,1500,12509, ,CFS
SHA,H,76,INFLOW,20120325,1600,12387, ,CFS
SHA,H,76,INFLOW,20120325,1700,12387, ,CFS
SHA,H,76,INFLOW,20120325,1800,9306, ,CFS
SHA,H,76,INFLOW,20120325,1900,9622, ,CFS
SHA,H,76,INFLOW,20120325,2000,11511, ,CFS
SHA,H,76,INFLOW,20120325,2100,9204, ,CFS
SHA,H,76,INFLOW,20120325,2200,11988, ,CFS
SHA,H,76,INFLOW,20120325,2300,10359, ,CFS
SHA,H,76,INFLOW,20120326,0000,11080, ,CFS
SHA,H,76,INFLOW,20120326,0100,11056, ,CFS
SHA,H,76,INFLOW,20120326,0200,1546, ,CFS
SHA,H,76,INFLOW,20120326,0300,3772, ,CFS
SHA,H,76,INFLOW,20120326,0400,6873, ,CFS
SHA,H,76,INFLOW,20120326,0500,4139, ,CFS
SHA,H,76,INFLOW,20120326,0600,7980, ,CFS
SHA,H,76,INFLOW,20120326,0700,4503, ,CFS
SHA,H,76,INFLOW,20120326,0800,12010, ,CFS
SHA,H,76,INFLOW,20120326,0900,5957, ,CFS
SHA,H,76,INFLOW,20120326,1000,12848, ,CFS
SHA,H,76,INFLOW,20120326,1100,9837, ,CFS
SHA,H,76,INFLOW,20120326,1200,9879, ,CFS
SHA,H,76,INFLOW,20120326,1300,12597, ,CFS
SHA,H,76,INFLOW,20120326,1400,6094, ,CFS
SHA,H,76,INFLOW,20120326,1500,4897, ,CFS
SHA,H,76,INFLOW,20120326,1600,10648, ,CFS
SHA,H,76,INFLOW,20120326,1700,4318, ,CFS
SHA,H,76,INFLOW,20120326,1800,10994, ,CFS
SHA,H,76,INFLOW,20120326,1900,9770, ,CFS
SHA,H,76,INFLOW,20120326,2000,11646, ,CFS
SHA,H,76,INFLOW,20120326,2100,7168, ,CFS
SHA,H,76,INFLOW,20120326,2200,11423, ,CFS
SHA,H,76,INFLOW,20120326,2300,9423, ,CFS
SHA,H,76,INFLOW,20120327,0000,18705, ,CFS
SHA,H,76,INFLOW,20120327,0100,17318, ,CFS
SHA,H,76,INFLOW,20120327,0200,7909, ,CFS
SHA,H,76,INFLOW,20120327,0300,10309, ,CFS
SHA,H,76,INFLOW,20120327,0400,7039, ,CFS
SHA,H,76,INFLOW,20120327,0500,10445, ,CFS
SHA,H,76,INFLOW,20120327,0600,4694, ,CFS
SHA,H,76,INFLOW,20120327,0700,17285, ,CFS
SHA,H,76,INFLOW,20120327,0800,6380, ,CFS
SHA,H,76,INFLOW,20120327,0900,11836, ,CFS
SHA,H,76,INFLOW,20120327,1000,23356, ,CFS
SHA,H,76,INFLOW,20120327,1100,20802, ,CFS
SHA,H,76,INFLOW,20120327,1200,20928, ,CFS
SHA,H,76,INFLOW,20120327,1300,30198, ,CFS
SHA,H,76,INFLOW,20120327,1400,26311, ,CFS
SHA,H,76,INFLOW,20120327,1500,24906, ,CFS
SHA,H,76,INFLOW,20120327,1600,15577, ,CFS
SHA,H,76,INFLOW,20120327,1700,34114, ,CFS
SHA,H,76,INFLOW,20120327,1800,31042, ,CFS
SHA,H,76,INFLOW,20120327,1900,40863, ,CFS
SHA,H,76,INFLOW,20120327,2000,25441, ,CFS
SHA,H,76,INFLOW,20120327,2100,41432, ,CFS
SHA,H,76,INFLOW,20120327,2200,32185, ,CFS
SHA,H,76,INFLOW,20120327,2300,28243, ,CFS
SHA,H,76,INFLOW,20120328,0000,40548, ,CFS
SHA,H,76,INFLOW,20120328,0100,50639, ,CFS
SHA,H,76,INFLOW,20120328,0200,38387, ,CFS
SHA,H,76,INFLOW,20120328,0300,50170, ,CFS
SHA,H,76,INFLOW,20120328,0400,25089, ,CFS
SHA,H,76,INFLOW,20120328,0500,40543, ,CFS
SHA,H,76,INFLOW,20120328,0600,32315, ,CFS
SHA,H,76,INFLOW,20120328,0700,26157, ,CFS
SHA,H,76,INFLOW,20120328,0800,44755, ,CFS
SHA,H,76,INFLOW,20120328,0900,37808, ,CFS
SHA,H,76,INFLOW,20120328,1000,25069, ,CFS
SHA,H,76,INFLOW,20120328,1100,37579, ,CFS
SHA,H,76,INFLOW,20120328,1200,37576, ,CFS
SHA,H,76,INFLOW,20120328,1300,21940, ,CFS
SHA,H,76,INFLOW,20120328,1400,25067, ,CFS
SHA,H,76,INFLOW,20120328,1500,31322, ,CFS
SHA,H,76,INFLOW,20120328,1600,25190, ,CFS
SHA,H,76,INFLOW,20120328,1700,22062, ,CFS
SHA,H,76,INFLOW,20120328,1800,28348, ,CFS
SHA,H,76,INFLOW,20120328,1900,25575, ,CFS
SHA,H,76,INFLOW,20120328,2000,26056, ,CFS
SHA,H,76,INFLOW,20120328,2100,22913, ,CFS
SHA,H,76,INFLOW,20120328,2200,22422, ,CFS
SHA,H,76,INFLOW,20120328,2300,22067, ,CFS
SHA,H,76,INFLOW,20120329,0000,18950, ,CFS
SHA,H,76,INFLOW,20120329,0100,22182, ,CFS
SHA,H,76,INFLOW,20120329,0200,25222, ,CFS
SHA,H,76,INFLOW,20120329,0300,12666, ,CFS
SHA,H,76,INFLOW,20120329,0400,19164, ,CFS
SHA,H,76,INFLOW,20120329,0500,19680, ,CFS
SHA,H,76,INFLOW,20120329,0600,16516, ,CFS
SHA,H,76,INFLOW,20120329,0700,17405, ,CFS
SHA,H,76,INFLOW,20120329,0800,21006, ,CFS
SHA,H,76,INFLOW,20120329,0900,20376, ,CFS
SHA,H,76,INFLOW,20120329,1000,21072, ,CFS
SHA,H,76,INFLOW,20120329,1100,21349, ,CFS
SHA,H,76,INFLOW,20120329,1200,19090, ,CFS
SHA,H,76,INFLOW,20120329,1300,25300, ,CFS
SHA,H,76,INFLOW,20120329,1400,22141, ,CFS
SHA,H,76,INFLOW,20120329,1500,22141, ,CFS
SHA,H,76,INFLOW,20120329,1600,18983, ,CFS
SHA,H,76,INFLOW,20120329,1700,25300, ,CFS
SHA,H,76,INFLOW,20120329,1800,22141, ,CFS
SHA,H,76,INFLOW,20120329,1900,25643, ,CFS
SHA,H,76,INFLOW,20120329,2000,24497, ,CFS
SHA,H,76,INFLOW,20120329,2100,23808, ,CFS
SHA,H,76,INFLOW,20120329,2200,21607, ,CFS
SHA,H,76,INFLOW,20120329,2300,22067, ,CFS
SHA,H,76,INFLOW,20120330,0000,29617, ,CFS
SHA,H,76,INFLOW,20120330,0100,25860, ,CFS
SHA,H,76,INFLOW,20120330,0200,28661, ,CFS
SHA,H,76,INFLOW,20120330,0300,28603, ,CFS
SHA,H,76,INFLOW,20120330,0400,28669, ,CFS
SHA,H,76,INFLOW,20120330,0500,25861, ,CFS
SHA,H,76,INFLOW,20120330,0600,31809, ,CFS
SHA,H,76,INFLOW,20120330,0700,38232, ,CFS
SHA,H,76,INFLOW,20120330,0800,31800, ,CFS
SHA,H,76,INFLOW,20120330,0900,31799, ,CFS
SHA,H,76,INFLOW,20120330,1000,25618, ,CFS
SHA,H,76,INFLOW,20120330,1100,38323, ,CFS
SHA,H,76,INFLOW,20120330,1200,35180, ,CFS
SHA,H,76,INFLOW,20120330,1300,32070, ,CFS
SHA,H,76,INFLOW,20120330,1400,32158, ,CFS
SHA,H,76,INFLOW,20120330,1500,35128, ,CFS
SHA,H,76,INFLOW,20120330,1600,31925, ,CFS
SHA,H,76,INFLOW,20120330,1700,38362, ,CFS
SHA,H,76,INFLOW,20120330,1800,38330, ,CFS
SHA,H,76,INFLOW,20120330,1900,29093, ,CFS
SHA,H,76,INFLOW,20120330,2000,39434, ,CFS
SHA,H,76,INFLOW,20120330,2100,33145, ,CFS
SHA,H,76,INFLOW,20120330,2200,30871, ,CFS
SHA,H,76,INFLOW,20120330,2300,33738, ,CFS
SHA,H,76,INFLOW,20120331,0000,29924, ,CFS
SHA,H,76,INFLOW,20120331,0100,35364, ,CFS
SHA,H,76,INFLOW,20120331,0200,32439, ,CFS
SHA,H,76,INFLOW,20120331,0300,29151, ,CFS
SHA,H,76,INFLOW,20120331,0400,35357, ,CFS
SHA,H,76,INFLOW,20120331,0500,22874, ,CFS
SHA,H,76,INFLOW,20120331,0600,48498, ,CFS
SHA,H,76,INFLOW,20120331,0700,26498, ,CFS
SHA,H,76,INFLOW,20120331,0800,38477, ,CFS
SHA,H,76,INFLOW,20120331,0900,22464, ,CFS
SHA,H,76,INFLOW,20120331,1000,58355, ,CFS
SHA,H,76,INFLOW,20120331,1100,48385, ,CFS
SHA,H,76,INFLOW,20120331,1200,35676, ,CFS
SHA,H,76,INFLOW,20120331,1300,51380, ,CFS
SHA,H,76,INFLOW,20120331,1400,22580, ,CFS
SHA,H,76,INFLOW,20120331,1500,48325, ,CFS
SHA,H,76,INFLOW,20120331,1600,45106, ,CFS
SHA,H,76,INFLOW,20120331,1700,29012, ,CFS
SHA,H,76,INFLOW,20120331,1800,38668, ,CFS
SHA,H,76,INFLOW,20120331,1900,38669, ,CFS
SHA,H,76,INFLOW,20120331,2000,32231, ,CFS
SHA,H,76,INFLOW,20120331,2100,45106, ,CFS
SHA,H,76,INFLOW,20120331,2200,32351, ,CFS
SHA,H,76,INFLOW,20120331,2300,32384, ,CFS
SHA,H,76,INFLOW,20120401,0000,35625, ,CFS
SHA,H,76,INFLOW,20120401,0100,35631, ,CFS
SHA,H,76,INFLOW,20120401,0200,32381, ,CFS
SHA,H,76,INFLOW,20120401,0300,38849, ,CFS
SHA,H,76,INFLOW,20120401,0400,25913, ,CFS
SHA,H,76,INFLOW,20120401,0500,32381, ,CFS
SHA,H,76,INFLOW,20120401,0600,29147, ,CFS
SHA,H,76,INFLOW,20120401,0700,29147, ,CFS
SHA,H,76,INFLOW,20120401,0800,32507, ,CFS
SHA,H,76,INFLOW,20120401,0900,26087, ,CFS
SHA,H,76,INFLOW,20120401,1000,26092, ,CFS
SHA,H,76,INFLOW,20120401,1100,29342, ,CFS
SHA,H,76,INFLOW,20120401,1200,29342, ,CFS
SHA,H,76,INFLOW,20120401,1300,22843, ,CFS
SHA,H,76,INFLOW,20120401,1400,26093, ,CFS
SHA,H,76,INFLOW,20120401,1500,26092, ,CFS
SHA,H,76,INFLOW,20120401,1600,22866, ,CFS
SHA,H,76,INFLOW,20120401,1700,26090, ,CFS
SHA,H,76,INFLOW,20120401,1800,26097, ,CFS
SHA,H,76,INFLOW,20120401,1900,26345, ,CFS
SHA,H,76,INFLOW,20120401,2000,26630, ,CFS
SHA,H,76,INFLOW,20120401,2100,30950, ,CFS
SHA,H,76,INFLOW,20120401,2200,23838, ,CFS
SHA,H,76,INFLOW,20120401,2300,26487, ,CFS
SHA,H,76,INFLOW,20120402,0000,20680, ,CFS
SHA,H,76,INFLOW,20120402,0100,23996, ,CFS
SHA,H,76,INFLOW,20120402,0200,26599, ,CFS
SHA,H,76,INFLOW,20120402,0300,23739, ,CFS
SHA,H,76,INFLOW,20120402,0400,23784, ,CFS
SHA,H,76,INFLOW,20120402,0500,24217, ,CFS
SHA,H,76,INFLOW,20120402,0600,21216, ,CFS
SHA,H,76,INFLOW,20120402,0700,20715, ,CFS
SHA,H,76,INFLOW,20120402,0800,18806, ,CFS
SHA,H,76,INFLOW,20120402,0900,25419, ,CFS
SHA,H,76,INFLOW,20120402,1000,21722, ,CFS
SHA,H,76,INFLOW,20120402,1100,17753, ,CFS
SHA,H,76,INFLOW,20120402,1200,19900, ,CFS
SHA,H,76,INFLOW,20120402,1300,19830, ,CFS
SHA,H,76,INFLOW,20120402,1400,16563, ,CFS
SHA,H,76,INFLOW,20120402,1500,19958, ,CFS
SHA,H,76,INFLOW,20120402,1600,21822, ,CFS
SHA,H,76,INFLOW,20120402,1700,17861, ,CFS
SHA,H,76,INFLOW,20120402,1800,20999, ,CFS
SHA,H,76,INFLOW,20120402,1900,14826, ,CFS
SHA,H,76,INFLOW,20120402,2000,25136, ,CFS
SHA,H,76,INFLOW,20120402,2100,23223, ,CFS
SHA,H,76,INFLOW,20120402,2200,14607, ,CFS
SHA,H,76,INFLOW,20120402,2300,20603, ,CFS
SHA,H,76,INFLOW,20120403,0000,19894, ,CFS
SHA,H,76,INFLOW,20120403,0100,16550, ,CFS
SHA,H,76,INFLOW,20120403,0200,16550, ,CFS
SHA,H,76,INFLOW,20120403,0300,13269, ,CFS
SHA,H,76,INFLOW,20120403,0400,19830, ,CFS
SHA,H,76,INFLOW,20120403,0500,9988, ,CFS
SHA,H,76,INFLOW,20120403,0600,16550, ,CFS
SHA,H,76,INFLOW,20120403,0700,16661, ,CFS
SHA,H,76,INFLOW,20120403,0800,20735, ,CFS
SHA,H,76,INFLOW,20120403,0900,17894, ,CFS
SHA,H,76,INFLOW,20120403,1000,17432, ,CFS
SHA,H,76,INFLOW,20120403,1100,19656, ,CFS
SHA,H,76,INFLOW,20120403,1200,10199, ,CFS
SHA,H,76,INFLOW,20120403,1300,20489, ,CFS
SHA,H,76,INFLOW,20120403,1400,17302, ,CFS
SHA,H,76,INFLOW,20120403,1500,17384, ,CFS
SHA,H,76,INFLOW,20120403,1600,13477, ,CFS
SHA,H,76,INFLOW,20120403,1700,17196, ,CFS
SHA,H,76,INFLOW,20120403,1800,16703, ,CFS
SHA,H,76,INFLOW,20120403,1900,13934, ,CFS
SHA,H,76,INFLOW,20120403,2000,21307, ,CFS
SHA,H,76,INFLOW,20120403,2100,11881, ,CFS
SHA,H,76,INFLOW,20120403,2200,26959, ,CFS
SHA,H,76,INFLOW,20120403,2300,23208, ,CFS
SHA,H,76,INFLOW,20120404,0000,10067, ,CFS
SHA,H,76,INFLOW,20120404,0100,7744, ,CFS
SHA,H,76,INFLOW,20120404,0200,17547, ,CFS
SHA,H,76,INFLOW,20120404,0300,7617, ,CFS
SHA,H,76,INFLOW,20120404,0400,14492, ,CFS
SHA,H,76,INFLOW,20120404,0500,14880, ,CFS
SHA,H,76,INFLOW,20120404,0600,11387, ,CFS
SHA,H,76,INFLOW,20120404,0700,14244, ,CFS
SHA,H,76,INFLOW,20120404,0800,16677, ,CFS
SHA,H,76,INFLOW,20120404,0900,16802, ,CFS
SHA,H,76,INFLOW,20120404,1000,12067, ,CFS
SHA,H,76,INFLOW,20120404,1100,19526, ,CFS
SHA,H,76,INFLOW,20120404,1200,15162, ,CFS
SHA,H,76,INFLOW,20120404,1300,16793, ,CFS
SHA,H,76,INFLOW,20120404,1400,10044, ,CFS
SHA,H,76,INFLOW,20120404,1500,13357, ,CFS
SHA,H,76,INFLOW,20120404,1600,10111, ,CFS
SHA,H,76,INFLOW,20120404,1700,3848, ,CFS
SHA,H,76,INFLOW,20120404,1800,19927, ,CFS
SHA,H,76,INFLOW,20120404,1900,10095, ,CFS
SHA,H,76,INFLOW,20120404,2000,17708, ,CFS
SHA,H,76,INFLOW,20120404,2100,15220, ,CFS
SHA,H,76,INFLOW,20120404,2200,16742, ,CFS
SHA,H,76,INFLOW,20120404,2300,16643, ,CFS
SHA,H,76,INFLOW,20120405,0000,13366, ,CFS
SHA,H,76,INFLOW,20120405,0100,11265, ,CFS
SHA,H,76,INFLOW,20120405,0200,10842, ,CFS
SHA,H,76,INFLOW,20120405,0300,4213, ,CFS
SHA,H,76,INFLOW,20120405,0400,10901, ,CFS
SHA,H,76,INFLOW,20120405,0500,4798, ,CFS
SHA,H,76,INFLOW,20120405,0600,10486, ,CFS
SHA,H,76,INFLOW,20120405,0700,8047, ,CFS
SHA,H,76,INFLOW,20120405,0800,17553, ,CFS
SHA,H,76,INFLOW,20120405,0900,11044, ,CFS
SHA,H,76,INFLOW,20120405,1000,13060, ,CFS
SHA,H,76,INFLOW,20120405,1100,16644, ,CFS
SHA,H,76,INFLOW,20120405,1200,13539, ,CFS
SHA,H,76,INFLOW,20120405,1300,16056, ,CFS
SHA,H,76,INFLOW,20120405,1400,11718, ,CFS
SHA,H,76,INFLOW,20120405,1500,13440, ,CFS
SHA,H,76,INFLOW,20120405,1600,13361, ,CFS
SHA,H,76,INFLOW,20120405,1700,13391, ,CFS
SHA,H,76,INFLOW,20120405,1800,10092, ,CFS
SHA,H,76,INFLOW,20120405,1900,13410, ,CFS
SHA,H,76,INFLOW,20120405,2000,16759, ,CFS
SHA,H,76,INFLOW,20120405,2100,13410, ,CFS
SHA,H,76,INFLOW,20120405,2200,13410, ,CFS
SHA,H,76,INFLOW,20120405,2300,16739, ,CFS
SHA,H,76,INFLOW,20120406,0000,13497, ,CFS
SHA,H,76,INFLOW,20120406,0100,14622, ,CFS
SHA,H,76,INFLOW,20120406,0200,11012, ,CFS
SHA,H,76,INFLOW,20120406,0300,8147, ,CFS
SHA,H,76,INFLOW,20120406,0400,8055, ,CFS
SHA,H,76,INFLOW,20120406,0500,8769, ,CFS
SHA,H,76,INFLOW,20120406,0600,8380, ,CFS
SHA,H,76,INFLOW,20120406,0700,14899, ,CFS
SHA,H,76,INFLOW,20120406,0800,11550, ,CFS
SHA,H,76,INFLOW,20120406,0900,11570, ,CFS
SHA,H,76,INFLOW,20120406,1000,13340, ,CFS
SHA,H,76,INFLOW,20120406,1100,11918, ,CFS
SHA,H,76,INFLOW,20120406,1200,16240, ,CFS
SHA,H,76,INFLOW,20120406,1300,12841, ,CFS
SHA,H,76,INFLOW,20120406,1400,13577, ,CFS
SHA,H,76,INFLOW,20120406,1500,13442, ,CFS
SHA,H,76,INFLOW,20120406,1600,13430, ,CFS
SHA,H,76,INFLOW,20120406,1700,13491, ,CFS
SHA,H,76,INFLOW,20120406,1800,10272, ,CFS
SHA,H,76,INFLOW,20120406,1900,12463, ,CFS
SHA,H,76,INFLOW,20120406,2000,12493, ,CFS
SHA,H,76,INFLOW,20120406,2100,19008, ,CFS
SHA,H,76,INFLOW,20120406,2200,12423, ,CFS
SHA,H,76,INFLOW,20120406,2300,12176, ,CFS
SHA,H,76,INFLOW,20120407,0000,18684, ,CFS
SHA,H,76,INFLOW,20120407,0100,8435, ,CFS
SHA,H,76,INFLOW,20120407,0200,8070, ,CFS
SHA,H,76,INFLOW,20120407,0300,8596, ,CFS
SHA,H,76,INFLOW,20120407,0400,5370, ,CFS
SHA,H,76,INFLOW,20120407,0500,8965, ,CFS
SHA,H,76,INFLOW,20120407,0600,8834, ,CFS
SHA,H,76,INFLOW,20120407,0700,4808, ,CFS
SHA,H,76,INFLOW,20120407,0800,12941, ,CFS
SHA,H,76,INFLOW,20120407,0900,14398, ,CFS
SHA,H,76,INFLOW,20120407,1000,9908, ,CFS
SHA,H,76,INFLOW,20120407,1100,7348, ,CFS
SHA,H,76,INFLOW,20120407,1200,13792, ,CFS
SHA,H,76,INFLOW,20120407,1300,12504, ,CFS
SHA,H,76,INFLOW,20120407,1400,9425, ,CFS
SHA,H,76,INFLOW,20120407,1500,15955, ,CFS
SHA,H,76,INFLOW,20120407,1600,9174, ,CFS
SHA,H,76,INFLOW,20120407,1700,5724, ,CFS
SHA,H,76,INFLOW,20120407,1800,9241, ,CFS
SHA,H,76,INFLOW,20120407,1900,15712, ,CFS
SHA,H,76,INFLOW,20120407,2000,5599, ,CFS
SHA,H,76,INFLOW,20120407,2100,7606, ,CFS
SHA,H,76,INFLOW,20120407,2200,18371, ,CFS
SHA,H,76,INFLOW,20120407,2300,13010, ,CFS
SHA,H,76,INFLOW,20120408,0000,12656, ,CFS
SHA,H,76,INFLOW,20120408,0100,8329, ,CFS
SHA,H,76,INFLOW,20120408,0200,14529, ,CFS
SHA,H,76,INFLOW,20120408,0300,4641, ,CFS
SHA,H,76,INFLOW,20120408,0400,1316, ,CFS
SHA,H,76,INFLOW,20120408,0500,8099, ,CFS
SHA,H,76,INFLOW,20120408,0600,11802, ,CFS
SHA,H,76,INFLOW,20120408,0700,2295, ,CFS
SHA,H,76,INFLOW,20120408,0800,4742, ,CFS
SHA,H,76,INFLOW,20120408,0900,18028, ,CFS
SHA,H,76,INFLOW,20120408,1000,3743, ,CFS
SHA,H,76,INFLOW,20120408,1100,10201, ,CFS
SHA,H,76,INFLOW,20120408,1200,13549, ,CFS
SHA,H,76,INFLOW,20120408,1300,10193, ,CFS
SHA,H,76,INFLOW,20120408,1400,10190, ,CFS
SHA,H,76,INFLOW,20120408,1500,13547, ,CFS
SHA,H,76,INFLOW,20120408,1600,13546, ,CFS
SHA,H,76,INFLOW,20120408,1700,6826, ,CFS
SHA,H,76,INFLOW,20120408,1800,13546, ,CFS
SHA,H,76,INFLOW,20120408,1900,7112, ,CFS
SHA,H,76,INFLOW,20120408,2000,15712, ,CFS
SHA,H,76,INFLOW,20120408,2100,10786, ,CFS
SHA,H,76,INFLOW,20120408,2200,13699, ,CFS
SHA,H,76,INFLOW,20120408,2300,13228, ,CFS
SHA,H,76,INFLOW,20120409,0000,11929, ,CFS
SHA,H,76,INFLOW,20120409,0100,5434, ,CFS
SHA,H,76,INFLOW,20120409,0200,11758, ,CFS
SHA,H,76,INFLOW,20120409,0300,4919, ,CFS
SHA,H,76,INFLOW,20120409,0400,8253, ,CFS
SHA,H,76,INFLOW,20120409,0500,4782, ,CFS
SHA,H,76,INFLOW,20120409,0600,1365, ,CFS
SHA,H,76,INFLOW,20120409,0700,11908, ,CFS
SHA,H,76,INFLOW,20120409,0800,14157, ,CFS
SHA,H,76,INFLOW,20120409,0900,3413, ,CFS
SHA,H,76,INFLOW,20120409,1000,9817, ,CFS
SHA,H,76,INFLOW,20120409,1100,12186, ,CFS
SHA,H,76,INFLOW,20120409,1200,66427, ,CFS
SHA,H,76,INFLOW,20120409,1300,8762, ,CFS
SHA,H,76,INFLOW,20120409,1400,15605, ,CFS
SHA,H,76,INFLOW,20120409,1500,13203, ,CFS
SHA,H,76,INFLOW,20120409,1600,7074, ,CFS
SHA,H,76,INFLOW,20120409,1700,10241, ,CFS
SHA,H,76,INFLOW,20120409,1800,10239, ,CFS
SHA,H,76,INFLOW,20120409,1900,3739, ,CFS
SHA,H,76,INFLOW,20120409,2000,10994, ,CFS
SHA,H,76,INFLOW,20120409,2100,15713, ,CFS
SHA,H,76,INFLOW,20120409,2200,14810, ,CFS
SHA,H,76,INFLOW,20120409,2300,7338, ,CFS
SHA,H,76,INFLOW,20120410,0000,14035, ,CFS
SHA,H,76,INFLOW,20120410,0100,11878, ,CFS
SHA,H,76,INFLOW,20120410,0200,4637, ,CFS
SHA,H,76,INFLOW,20120410,0300,1115, ,CFS
SHA,H,76,INFLOW,20120410,0400,14631, ,CFS
SHA,H,76,INFLOW,20120410,0500,1232, ,CFS
SHA,H,76,INFLOW,20120410,0600,1659, ,CFS
SHA,H,76,INFLOW,20120410,0700,10931, ,CFS
SHA,H,76,INFLOW,20120410,0800,19096, ,CFS
SHA,H,76,INFLOW,20120410,0900,7942, ,CFS
SHA,H,76,INFLOW,20120410,1000,5323, ,CFS
SHA,H,76,INFLOW,20120410,1100,11270, ,CFS
SHA,H,76,INFLOW,20120410,1200,16867, ,CFS
SHA,H,76,INFLOW,20120410,1300,14898, ,CFS
SHA,H,76,INFLOW,20120410,1400,13789, ,CFS
SHA,H,76,INFLOW,20120410,1500,6810, ,CFS
SHA,H,76,INFLOW,20120410,1600,16938, ,CFS
SHA,H,76,INFLOW,20120410,1700,13569, ,CFS
SHA,H,76,INFLOW,20120410,1800,10189, ,CFS
SHA,H,76,INFLOW,20120410,1900,13693, ,CFS
SHA,H,76,INFLOW,20120410,2000,9127, ,CFS
SHA,H,76,INFLOW,20120410,2100,13710, ,CFS
SHA,H,76,INFLOW,20120410,2200,8396, ,CFS
SHA,H,76,INFLOW,20120410,2300,13795, ,CFS
SHA,H,76,INFLOW,20120411,0000,13643, ,CFS
SHA,H,76,INFLOW,20120411,0100,8513, ,CFS
SHA,H,76,INFLOW,20120411,0200,14697, ,CFS
SHA,H,76,INFLOW,20120411,0300,8004, ,CFS
SHA,H,76,INFLOW,20120411,0400,7965, ,CFS
SHA,H,76,INFLOW,20120411,0500,18669, ,CFS
SHA,H,76,INFLOW,20120411,0600,11437, ,CFS
SHA,H,76,INFLOW,20120411,0700,1906, ,CFS
SHA,H,76,INFLOW,20120411,0800,18676, ,CFS
SHA,H,76,INFLOW,20120411,0900,11863, ,CFS
SHA,H,76,INFLOW,20120411,1000,9330, ,CFS
SHA,H,76,INFLOW,20120411,1100,9637, ,CFS
SHA,H,76,INFLOW,20120411,1200,22341, ,CFS
SHA,H,76,INFLOW,20120411,1300,5261, ,CFS
SHA,H,76,INFLOW,20120411,1400,15356, ,CFS
SHA,H,76,INFLOW,20120411,1500,21411, ,CFS
SHA,H,76,INFLOW,20120411,1600,3524, ,CFS
SHA,H,76,INFLOW,20120411,1700,17079, ,CFS
SHA,H,76,INFLOW,20120411,1800,11418, ,CFS
SHA,H,76,INFLOW,20120411,1900,19030, ,CFS
SHA,H,76,INFLOW,20120411,2000,11372, ,CFS
SHA,H,76,INFLOW,20120411,2100,15276, ,CFS
SHA,H,76,INFLOW,20120411,2200,9106, ,CFS
SHA,H,76,INFLOW,20120411,2300,15568, ,CFS
SHA,H,76,INFLOW,20120412,0000,17202, ,CFS
SHA,H,76,INFLOW,20120412,0100,1510, ,CFS
SHA,H,76,INFLOW,20120412,0200,14802, ,CFS
SHA,H,76,INFLOW,20120412,0300,32108, ,CFS
SHA,H,76,INFLOW,20120412,0400,22065, ,CFS
SHA,H,76,INFLOW,20120412,0500,8656, ,CFS
SHA,H,76,INFLOW,20120412,0600,11642, ,CFS
SHA,H,76,INFLOW,20120412,0700,32423, ,CFS
SHA,H,76,INFLOW,20120412,0800,-714, ,CFS
SHA,H,76,INFLOW,20120412,0900,22098, ,CFS
SHA,H,76,INFLOW,20120412,1000,16094, ,CFS
SHA,H,76,INFLOW,20120412,1100,9971, ,CFS
SHA,H,76,INFLOW,20120412,1200,12843, ,CFS
SHA,H,76,INFLOW,20120412,1300,15878, ,CFS
SHA,H,76,INFLOW,20120412,1400,12261, ,CFS
SHA,H,76,INFLOW,20120412,1500,8878, ,CFS
SHA,H,76,INFLOW,20120412,1600,15914, ,CFS
SHA,H,76,INFLOW,20120412,1700,5654, ,CFS
SHA,H,76,INFLOW,20120412,1800,4571, ,CFS
SHA,H,76,INFLOW,20120412,1900,22358, ,CFS
SHA,H,76,INFLOW,20120412,2000,17370, ,CFS
SHA,H,76,INFLOW,20120412,2100,12686, ,CFS
SHA,H,76,INFLOW,20120412,2200,10810, ,CFS
SHA,H,76,INFLOW,20120412,2300,26551, ,CFS
SHA,H,76,INFLOW,20120413,0000,4748, ,CFS
SHA,H,76,INFLOW,20120413,0100,22455, ,CFS
SHA,H,76,INFLOW,20120413,0200,15536, ,CFS
SHA,H,76,INFLOW,20120413,0300,21725, ,CFS
SHA,H,76,INFLOW,20120413,0400,18287, ,CFS
SHA,H,76,INFLOW,20120413,0500,18786, ,CFS
SHA,H,76,INFLOW,20120413,0600,15524, ,CFS
SHA,H,76,INFLOW,20120413,0700,16701, ,CFS
SHA,H,76,INFLOW,20120413,0800,22336, ,CFS
SHA,H,76,INFLOW,20120413,0900,19599, ,CFS
SHA,H,76,INFLOW,20120413,1000,22402, ,CFS
SHA,H,76,INFLOW,20120413,1100,20406, ,CFS
SHA,H,76,INFLOW,20120413,1200,19210, ,CFS
SHA,H,76,INFLOW,20120413,1300,24252, ,CFS
SHA,H,76,INFLOW,20120413,1400,27425, ,CFS
SHA,H,76,INFLOW,20120413,1500,24077, ,CFS
SHA,H,76,INFLOW,20120413,1600,13839, ,CFS
SHA,H,76,INFLOW,20120413,1700,27534, ,CFS
SHA,H,76,INFLOW,20120413,1800,17264, ,CFS
SHA,H,76,INFLOW,20120413,1900,17365, ,CFS
SHA,H,76,INFLOW,20120413,2000,19618, ,CFS
SHA,H,76,INFLOW,20120413,2100,23367, ,CFS
SHA,H,76,INFLOW,20120413,2200,17654, ,CFS
SHA,H,76,INFLOW,20120413,2300,21808, ,CFS
SHA,H,76,INFLOW,20120414,0000,18836, ,CFS
SHA,H,76,INFLOW,20120414,0100,18011, ,CFS
SHA,H,76,INFLOW,20120414,0200,15215, ,CFS
SHA,H,76,INFLOW,20120414,0300,11980, ,CFS
SHA,H,76,INFLOW,20120414,0400,11884, ,CFS
SHA,H,76,INFLOW,20120414,0500,18864, ,CFS
SHA,H,76,INFLOW,20120414,0600,15661, ,CFS
SHA,H,76,INFLOW,20120414,0700,20006, ,CFS
SHA,H,76,INFLOW,20120414,0800,19645, ,CFS
SHA,H,76,INFLOW,20120414,0900,13319, ,CFS
SHA,H,76,INFLOW,20120414,1000,18426, ,CFS
SHA,H,76,INFLOW,20120414,1100,12621, ,CFS
SHA,H,76,INFLOW,20120414,1200,21973, ,CFS
SHA,H,76,INFLOW,20120414,1300,18732, ,CFS
SHA,H,76,INFLOW,20120414,1400,13917, ,CFS
SHA,H,76,INFLOW,20120414,1500,20681, ,CFS
SHA,H,76,INFLOW,20120414,1600,17240, ,CFS
SHA,H,76,INFLOW,20120414,1700,13804, ,CFS
SHA,H,76,INFLOW,20120414,1800,20682, ,CFS
SHA,H,76,INFLOW,20120414,1900,17495, ,CFS
SHA,H,76,INFLOW,20120414,2000,15152, ,CFS
SHA,H,76,INFLOW,20120414,2100,24168, ,CFS
SHA,H,76,INFLOW,20120414,2200,12362, ,CFS
SHA,H,76,INFLOW,20120414,2300,20640, ,CFS
SHA,H,76,INFLOW,20120415,0000,15192, ,CFS
SHA,H,76,INFLOW,20120415,0100,15156, ,CFS
SHA,H,76,INFLOW,20120415,0200,18079, ,CFS
SHA,H,76,INFLOW,20120415,0300,7643, ,CFS
SHA,H,76,INFLOW,20120415,0400,11395, ,CFS
SHA,H,76,INFLOW,20120415,0500,18661, ,CFS
SHA,H,76,INFLOW,20120415,0600,8545, ,CFS
SHA,H,76,INFLOW,20120415,0700,16188, ,CFS
SHA,H,76,INFLOW,20120415,0800,17354, ,CFS
SHA,H,76,INFLOW,20120415,0900,10517, ,CFS
SHA,H,76,INFLOW,20120415,1000,13957, ,CFS
SHA,H,76,INFLOW,20120415,1100,17397, ,CFS
SHA,H,76,INFLOW,20120415,1200,10563, ,CFS
SHA,H,76,INFLOW,20120415,1300,17473, ,CFS
SHA,H,76,INFLOW,20120415,1400,14018, ,CFS
SHA,H,76,INFLOW,20120415,1500,10563, ,CFS
SHA,H,76,INFLOW,20120415,1600,17473, ,CFS
SHA,H,76,INFLOW,20120415,1700,14018, ,CFS
SHA,H,76,INFLOW,20120415,1800,14018, ,CFS
SHA,H,76,INFLOW,20120415,1900,10983, ,CFS
SHA,H,76,INFLOW,20120415,2000,17570, ,CFS
SHA,H,76,INFLOW,20120415,2100,19964, ,CFS
SHA,H,76,INFLOW,20120415,2200,15385, ,CFS
SHA,H,76,INFLOW,20120415,2300,15346, ,CFS
SHA,H,76,INFLOW,20120416,0000,14166, ,CFS
SHA,H,76,INFLOW,20120416,0100,8340, ,CFS
SHA,H,76,INFLOW,20120416,0200,8187, ,CFS
SHA,H,76,INFLOW,20120416,0300,11727, ,CFS
SHA,H,76,INFLOW,20120416,0400,8675, ,CFS
SHA,H,76,INFLOW,20120416,0500,8985, ,CFS
SHA,H,76,INFLOW,20120416,0600,8896, ,CFS
SHA,H,76,INFLOW,20120416,0700,9874, ,CFS
SHA,H,76,INFLOW,20120416,0800,9700, ,CFS
SHA,H,76,INFLOW,20120416,0900,20185, ,CFS
SHA,H,76,INFLOW,20120416,1000,6977, ,CFS
SHA,H,76,INFLOW,20120416,1100,16724, ,CFS
SHA,H,76,INFLOW,20120416,1200,20238, ,CFS
SHA,H,76,INFLOW,20120416,1300,12315, ,CFS
SHA,H,76,INFLOW,20120416,1400,8774, ,CFS
SHA,H,76,INFLOW,20120416,1500,15467, ,CFS
SHA,H,76,INFLOW,20120416,1600,10604, ,CFS
SHA,H,76,INFLOW,20120416,1700,10538, ,CFS
SHA,H,76,INFLOW,20120416,1800,14193, ,CFS
SHA,H,76,INFLOW,20120416,1900,6400, ,CFS
SHA,H,76,INFLOW,20120416,2000,13567, ,CFS
SHA,H,76,INFLOW,20120416,2100,21425, ,CFS
SHA,H,76,INFLOW,20120416,2200,10227, ,CFS
SHA,H,76,INFLOW,20120416,2300,14204, ,CFS
SHA,H,76,INFLOW,20120417,0000,17615, ,CFS
SHA,H,76,INFLOW,20120417,0100,8507, ,CFS
SHA,H,76,INFLOW,20120417,0200,4983, ,CFS
SHA,H,76,INFLOW,20120417,0300,8235, ,CFS
SHA,H,76,INFLOW,20120417,0400,8527, ,CFS
SHA,H,76,INFLOW,20120417,0500,9093, ,CFS
SHA,H,76,INFLOW,20120417,0600,5661, ,CFS
SHA,H,76,INFLOW,20120417,0700,9497, ,CFS
SHA,H,76,INFLOW,20120417,0800,15219, ,CFS
SHA,H,76,INFLOW,20120417,0900,15773, ,CFS
SHA,H,76,INFLOW,20120417,1000,12925, ,CFS
SHA,H,76,INFLOW,20120417,1100,13304, ,CFS
SHA,H,76,INFLOW,20120417,1200,13603, ,CFS
SHA,H,76,INFLOW,20120417,1300,13850, ,CFS
SHA,H,76,INFLOW,20120417,1400,12767, ,CFS
SHA,H,76,INFLOW,20120417,1500,15699, ,CFS
SHA,H,76,INFLOW,20120417,1600,8516, ,CFS
SHA,H,76,INFLOW,20120417,1700,15301, ,CFS
SHA,H,76,INFLOW,20120417,1800,14086, ,CFS
SHA,H,76,INFLOW,20120417,1900,7491, ,CFS
SHA,H,76,INFLOW,20120417,2000,16181, ,CFS
SHA,H,76,INFLOW,20120417,2100,10522, ,CFS
SHA,H,76,INFLOW,20120417,2200,15456, ,CFS
SHA,H,76,INFLOW,20120417,2300,9303, ,CFS
SHA,H,76,INFLOW,20120418,0000,14569, ,CFS
SHA,H,76,INFLOW,20120418,0100,11927, ,CFS
SHA,H,76,INFLOW,20120418,0200,8319, ,CFS
SHA,H,76,INFLOW,20120418,0300,5095, ,CFS
SHA,H,76,INFLOW,20120418,0400,5103, ,CFS
SHA,H,76,INFLOW,20120418,0500,5551, ,CFS
SHA,H,76,INFLOW,20120418,0600,5892, ,CFS
SHA,H,76,INFLOW,20120418,0700,7104, ,CFS
SHA,H,76,INFLOW,20120418,0800,15330, ,CFS
SHA,H,76,INFLOW,20120418,0900,13765, ,CFS
SHA,H,76,INFLOW,20120418,1000,9960, ,CFS
SHA,H,76,INFLOW,20120418,1100,13565, ,CFS
SHA,H,76,INFLOW,20120418,1200,10256, ,CFS
SHA,H,76,INFLOW,20120418,1300,12796, ,CFS
SHA,H,76,INFLOW,20120418,1400,12064, ,CFS
SHA,H,76,INFLOW,20120418,1500,10838, ,CFS
SHA,H,76,INFLOW,20120418,1600,15502, ,CFS
SHA,H,76,INFLOW,20120418,1700,7429, ,CFS
SHA,H,76,INFLOW,20120418,1800,10612, ,CFS
SHA,H,76,INFLOW,20120418,1900,10850, ,CFS
SHA,H,76,INFLOW,20120418,2000,11998, ,CFS
SHA,H,76,INFLOW,20120418,2100,13887, ,CFS
SHA,H,76,INFLOW,20120418,2200,11975, ,CFS
SHA,H,76,INFLOW,20120418,2300,13570, ,CFS
SHA,H,76,INFLOW,20120419,0000,12487, ,CFS
SHA,H,76,INFLOW,20120419,0100,8260, ,CFS
SHA,H,76,INFLOW,20120419,0200,3673, ,CFS
SHA,H,76,INFLOW,20120419,0300,3629, ,CFS
SHA,H,76,INFLOW,20120419,0400,10603, ,CFS
SHA,H,76,INFLOW,20120419,0500,3638, ,CFS
SHA,H,76,INFLOW,20120419,0600,3976, ,CFS
SHA,H,76,INFLOW,20120419,0700,7995, ,CFS
SHA,H,76,INFLOW,20120419,0800,12557, ,CFS
SHA,H,76,INFLOW,20120419,0900,15541, ,CFS
SHA,H,76,INFLOW,20120419,1000,12514, ,CFS
SHA,H,76,INFLOW,20120419,1100,10629, ,CFS
SHA,H,76,INFLOW,20120419,1200,10026, ,CFS
SHA,H,76,INFLOW,20120419,1300,8094, ,CFS
SHA,H,76,INFLOW,20120419,1400,12209, ,CFS
SHA,H,76,INFLOW,20120419,1500,16500, ,CFS
SHA,H,76,INFLOW,20120419,1600,12932, ,CFS
SHA,H,76,INFLOW,20120419,1700,9430, ,CFS
SHA,H,76,INFLOW,20120419,1800,8059, ,CFS
SHA,H,76,INFLOW,20120419,1900,4670, ,CFS
SHA,H,76,INFLOW,20120419,2000,12537, ,CFS
SHA,H,76,INFLOW,20120419,2100,19558, ,CFS
SHA,H,76,INFLOW,20120419,2200,11814, ,CFS
SHA,H,76,INFLOW,20120419,2300,11443, ,CFS
SHA,H,76,INFLOW,20120420,0000,7808, ,CFS
SHA,H,76,INFLOW,20120420,0100,16116, ,CFS
SHA,H,76,INFLOW,20120420,0200,1359, ,CFS
SHA,H,76,INFLOW,20120420,0300,4771, ,CFS
SHA,H,76,INFLOW,20120420,0400,7389, ,CFS
SHA,H,76,INFLOW,20120420,0500,7689, ,CFS
SHA,H,76,INFLOW,20120420,0600,4680, ,CFS
SHA,H,76,INFLOW,20120420,0700,10277, ,CFS
SHA,H,76,INFLOW,20120420,0800,9580, ,CFS
SHA,H,76,INFLOW,20120420,0900,13050, ,CFS
SHA,H,76,INFLOW,20120420,1000,10391, ,CFS
SHA,H,76,INFLOW,20120420,1100,8533, ,CFS
SHA,H,76,INFLOW,20120420,1200,13065, ,CFS
SHA,H,76,INFLOW,20120420,1300,16268, ,CFS
SHA,H,76,INFLOW,20120420,1400,7609, ,CFS
SHA,H,76,INFLOW,20120420,1500,14009, ,CFS
SHA,H,76,INFLOW,20120420,1600,15863, ,CFS
SHA,H,76,INFLOW,20120420,1700,9785, ,CFS
SHA,H,76,INFLOW,20120420,1800,11062, ,CFS
SHA,H,76,INFLOW,20120420,1900,11066, ,CFS
SHA,H,76,INFLOW,20120420,2000,12321, ,CFS
SHA,H,76,INFLOW,20120420,2100,16711, ,CFS
SHA,H,76,INFLOW,20120420,2200,16060, ,CFS
SHA,H,76,INFLOW,20120420,2300,11359, ,CFS
SHA,H,76,INFLOW,20120421,0000,10813, ,CFS
SHA,H,76,INFLOW,20120421,0100,12663, ,CFS
SHA,H,76,INFLOW,20120421,0200,12016, ,CFS
SHA,H,76,INFLOW,20120421,0300,12250, ,CFS
SHA,H,76,INFLOW,20120421,0400,5112, ,CFS
SHA,H,76,INFLOW,20120421,0500,1719, ,CFS
SHA,H,76,INFLOW,20120421,0600,8765, ,CFS
SHA,H,76,INFLOW,20120421,0700,4849, ,CFS
SHA,H,76,INFLOW,20120421,0800,8826, ,CFS
SHA,H,76,INFLOW,20120421,0900,10937, ,CFS
SHA,H,76,INFLOW,20120421,1000,10129, ,CFS
SHA,H,76,INFLOW,20120421,1100,6026, ,CFS
SHA,H,76,INFLOW,20120421,1200,17616, ,CFS
SHA,H,76,INFLOW,20120421,1300,10143, ,CFS
SHA,H,76,INFLOW,20120421,1400,12952, ,CFS
SHA,H,76,INFLOW,20120421,1500,12943, ,CFS
SHA,H,76,INFLOW,20120421,1600,10346, ,CFS
SHA,H,76,INFLOW,20120421,1700,13458, ,CFS
SHA,H,76,INFLOW,20120421,1800,10806, ,CFS
SHA,H,76,INFLOW,20120421,1900,7594, ,CFS
SHA,H,76,INFLOW,20120421,2000,12499, ,CFS
SHA,H,76,INFLOW,20120421,2100,13874, ,CFS
SHA,H,76,INFLOW,20120421,2200,16576, ,CFS
SHA,H,76,INFLOW,20120421,2300,14040, ,CFS
SHA,H,76,INFLOW,20120422,0000,8863, ,CFS
SHA,H,76,INFLOW,20120422,0100,9429, ,CFS
SHA,H,76,INFLOW,20120422,0200,5347, ,CFS
SHA,H,76,INFLOW,20120422,0300,5107, ,CFS
SHA,H,76,INFLOW,20120422,0400,8567, ,CFS
SHA,H,76,INFLOW,20120422,0500,8514, ,CFS
SHA,H,76,INFLOW,20120422,0600,8368, ,CFS
SHA,H,76,INFLOW,20120422,0700,9692, ,CFS
SHA,H,76,INFLOW,20120422,0800,9531, ,CFS
SHA,H,76,INFLOW,20120422,0900,8525, ,CFS
SHA,H,76,INFLOW,20120422,1000,15669, ,CFS
SHA,H,76,INFLOW,20120422,1100,6366, ,CFS
SHA,H,76,INFLOW,20120422,1200,15915, ,CFS
SHA,H,76,INFLOW,20120422,1300,9653, ,CFS
SHA,H,76,INFLOW,20120422,1400,13105, ,CFS
SHA,H,76,INFLOW,20120422,1500,12255, ,CFS
SHA,H,76,INFLOW,20120422,1600,13079, ,CFS
SHA,H,76,INFLOW,20120422,1700,9296, ,CFS
SHA,H,76,INFLOW,20120422,1800,11031, ,CFS
SHA,H,76,INFLOW,20120422,1900,14422, ,CFS
SHA,H,76,INFLOW,20120422,2000,9510, ,CFS
SHA,H,76,INFLOW,20120422,2100,15950, ,CFS
SHA,H,76,INFLOW,20120422,2200,15087, ,CFS
SHA,H,76,INFLOW,20120422,2300,14218, ,CFS
SHA,H,76,INFLOW,20120423,0000,6316, ,CFS
SHA,H,76,INFLOW,20120423,0100,9856, ,CFS
SHA,H,76,INFLOW,20120423,0200,12591, ,CFS
SHA,H,76,INFLOW,20120423,0300,12568, ,CFS
SHA,H,76,INFLOW,20120423,0400,9016, ,CFS
SHA,H,76,INFLOW,20120423,0500,12601, ,CFS
SHA,H,76,INFLOW,20120423,0600,9617, ,CFS
SHA,H,76,INFLOW,20120423,0700,9181, ,CFS
SHA,H,76,INFLOW,20120423,0800,13125, ,CFS
SHA,H,76,INFLOW,20120423,0900,10254, ,CFS
SHA,H,76,INFLOW,20120423,1000,10400, ,CFS
SHA,H,76,INFLOW,20120423,1100,14679, ,CFS
SHA,H,76,INFLOW,20120423,1200,8232, ,CFS
SHA,H,76,INFLOW,20120423,1300,17865, ,CFS
SHA,H,76,INFLOW,20120423,1400,10008, ,CFS
SHA,H,76,INFLOW,20120423,1500,11711, ,CFS
SHA,H,76,INFLOW,20120423,1600,10933, ,CFS
SHA,H,76,INFLOW,20120423,1700,11173, ,CFS
SHA,H,76,INFLOW,20120423,1800,4277, ,CFS
SHA,H,76,INFLOW,20120423,1900,10361, ,CFS
SHA,H,76,INFLOW,20120423,2000,10248, ,CFS
SHA,H,76,INFLOW,20120423,2100,16940, ,CFS
SHA,H,76,INFLOW,20120423,2200,16137, ,CFS
SHA,H,76,INFLOW,20120423,2300,11367, ,CFS
SHA,H,76,INFLOW,20120424,0000,10988, ,CFS
SHA,H,76,INFLOW,20120424,0100,9342, ,CFS
SHA,H,76,INFLOW,20120424,0200,9079, ,CFS
SHA,H,76,INFLOW,20120424,0300,5591, ,CFS
SHA,H,76,INFLOW,20120424,0400,9006, ,CFS
SHA,H,76,INFLOW,20120424,0500,8998, ,CFS
SHA,H,76,INFLOW,20120424,0600,8953, ,CFS
SHA,H,76,INFLOW,20120424,0700,9737, ,CFS
SHA,H,76,INFLOW,20120424,0800,8047, ,CFS
SHA,H,76,INFLOW,20120424,0900,19048, ,CFS
SHA,H,76,INFLOW,20120424,1000,11553, ,CFS
SHA,H,76,INFLOW,20120424,1100,11673, ,CFS
SHA,H,76,INFLOW,20120424,1200,11867, ,CFS
SHA,H,76,INFLOW,20120424,1300,8744, ,CFS
SHA,H,76,INFLOW,20120424,1400,17974, ,CFS
SHA,H,76,INFLOW,20120424,1500,4832, ,CFS
SHA,H,76,INFLOW,20120424,1600,15716, ,CFS
SHA,H,76,INFLOW,20120424,1700,10174, ,CFS
SHA,H,76,INFLOW,20120424,1800,6565, ,CFS
SHA,H,76,INFLOW,20120424,1900,8952, ,CFS
SHA,H,76,INFLOW,20120424,2000,10862, ,CFS
SHA,H,76,INFLOW,20120424,2100,11492, ,CFS
SHA,H,76,INFLOW,20120424,2200,13828, ,CFS
SHA,H,76,INFLOW,20120424,2300,13768, ,CFS
SHA,H,76,INFLOW,20120425,0000,10230, ,CFS
SHA,H,76,INFLOW,20120425,0100,7573, ,CFS
SHA,H,76,INFLOW,20120425,0200,10793, ,CFS
SHA,H,76,INFLOW,20120425,0300,3791, ,CFS
SHA,H,76,INFLOW,20120425,0400,10792, ,CFS
SHA,H,76,INFLOW,20120425,0500,7290, ,CFS
SHA,H,76,INFLOW,20120425,0600,3789, ,CFS
SHA,H,76,INFLOW,20120425,0700,10976, ,CFS
SHA,H,76,INFLOW,20120425,0800,7557, ,CFS
SHA,H,76,INFLOW,20120425,0900,11120, ,CFS
SHA,H,76,INFLOW,20120425,1000,12587, ,CFS
SHA,H,76,INFLOW,20120425,1100,9824, ,CFS
SHA,H,76,INFLOW,20120425,1200,11202, ,CFS
SHA,H,76,INFLOW,20120425,1300,14716, ,CFS
SHA,H,76,INFLOW,20120425,1400,14730, ,CFS
SHA,H,76,INFLOW,20120425,1500,6593, ,CFS
SHA,H,76,INFLOW,20120425,1600,19137, ,CFS
SHA,H,76,INFLOW,20120425,1700,11520, ,CFS
SHA,H,76,INFLOW,20120425,1800,8928, ,CFS
SHA,H,76,INFLOW,20120425,1900,17150, ,CFS
SHA,H,76,INFLOW,20120425,2000,13388, ,CFS
SHA,H,76,INFLOW,20120425,2100,20082, ,CFS
SHA,H,76,INFLOW,20120425,2200,14618, ,CFS
SHA,H,76,INFLOW,20120425,2300,16252, ,CFS
SHA,H,76,INFLOW,20120426,0000,11483, ,CFS
SHA,H,76,INFLOW,20120426,0100,10747, ,CFS
SHA,H,76,INFLOW,20120426,0200,10712, ,CFS
SHA,H,76,INFLOW,20120426,0300,14229, ,CFS
SHA,H,76,INFLOW,20120426,0400,10711, ,CFS
SHA,H,76,INFLOW,20120426,0500,10711, ,CFS
SHA,H,76,INFLOW,20120426,0600,10877, ,CFS
SHA,H,76,INFLOW,20120426,0700,8336, ,CFS
SHA,H,76,INFLOW,20120426,0800,13509, ,CFS
SHA,H,76,INFLOW,20120426,0900,9015, ,CFS
SHA,H,76,INFLOW,20120426,1000,23680, ,CFS
SHA,H,76,INFLOW,20120426,1100,5963, ,CFS
SHA,H,76,INFLOW,20120426,1200,5797, ,CFS
SHA,H,76,INFLOW,20120426,1300,16264, ,CFS
SHA,H,76,INFLOW,20120426,1400,10122, ,CFS
SHA,H,76,INFLOW,20120426,1500,16126, ,CFS
SHA,H,76,INFLOW,20120426,1600,5722, ,CFS
SHA,H,76,INFLOW,20120426,1700,12332, ,CFS
SHA,H,76,INFLOW,20120426,1800,12352, ,CFS
SHA,H,76,INFLOW,20120426,1900,3190, ,CFS
SHA,H,76,INFLOW,20120426,2000,15530, ,CFS
SHA,H,76,INFLOW,20120426,2100,15781, ,CFS
SHA,H,76,INFLOW,20120426,2200,13862, ,CFS
SHA,H,76,INFLOW,20120426,2300,7542, ,CFS
SHA,H,76,INFLOW,20120427,0000,10934, ,CFS
SHA,H,76,INFLOW,20120427,0100,10935, ,CFS
SHA,H,76,INFLOW,20120427,0200,3900, ,CFS
SHA,H,76,INFLOW,20120427,0300,7418, ,CFS
SHA,H,76,INFLOW,20120427,0400,10935, ,CFS
SHA,H,76,INFLOW,20120427,0500,7418, ,CFS
SHA,H,76,INFLOW,20120427,0600,3949, ,CFS
SHA,H,76,INFLOW,20120427,0700,9034, ,CFS
SHA,H,76,INFLOW,20120427,0800,8676, ,CFS
SHA,H,76,INFLOW,20120427,0900,11683, ,CFS
SHA,H,76,INFLOW,20120427,1000,10943, ,CFS
SHA,H,76,INFLOW,20120427,1100,5397, ,CFS
SHA,H,76,INFLOW,20120427,1200,13004, ,CFS
SHA,H,76,INFLOW,20120427,1300,13687, ,CFS
SHA,H,76,INFLOW,20120427,1400,10522, ,CFS
SHA,H,76,INFLOW,20120427,1500,13997, ,CFS
SHA,H,76,INFLOW,20120427,1600,7052, ,CFS
SHA,H,76,INFLOW,20120427,1700,10137, ,CFS
SHA,H,76,INFLOW,20120427,1800,3595, ,CFS
SHA,H,76,INFLOW,20120427,1900,11937, ,CFS
SHA,H,76,INFLOW,20120427,2000,11960, ,CFS
SHA,H,76,INFLOW,20120427,2100,12711, ,CFS
SHA,H,76,INFLOW,20120427,2200,18151, ,CFS
SHA,H,76,INFLOW,20120427,2300,5562, ,CFS
SHA,H,76,INFLOW,20120428,0000,14856, ,CFS
SHA,H,76,INFLOW,20120428,0100,7607, ,CFS
SHA,H,76,INFLOW,20120428,0200,11105, ,CFS
SHA,H,76,INFLOW,20120428,0300,7570, ,CFS
SHA,H,76,INFLOW,20120428,0400,7571, ,CFS
SHA,H,76,INFLOW,20120428,0500,7897, ,CFS
SHA,H,76,INFLOW,20120428,0600,11564, ,CFS
SHA,H,76,INFLOW,20120428,0700,8821, ,CFS
SHA,H,76,INFLOW,20120428,0800,12278, ,CFS
SHA,H,76,INFLOW,20120428,0900,8971, ,CFS
SHA,H,76,INFLOW,20120428,1000,12185, ,CFS
SHA,H,76,INFLOW,20120428,1100,4985, ,CFS
SHA,H,76,INFLOW,20120428,1200,11563, ,CFS
SHA,H,76,INFLOW,20120428,1300,11364, ,CFS
SHA,H,76,INFLOW,20120428,1400,8519, ,CFS
SHA,H,76,INFLOW,20120428,1500,13918, ,CFS
SHA,H,76,INFLOW,20120428,1600,7996, ,CFS
SHA,H,76,INFLOW,20120428,1700,11831, ,CFS
SHA,H,76,INFLOW,20120428,1800,10092, ,CFS
SHA,H,76,INFLOW,20120428,1900,11048, ,CFS
SHA,H,76,INFLOW,20120428,2000,9341, ,CFS
SHA,H,76,INFLOW,20120428,2100,13004, ,CFS
SHA,H,76,INFLOW,20120428,2200,12654, ,CFS
SHA,H,76,INFLOW,20120428,2300,12604, ,CFS
SHA,H,76,INFLOW,20120429,0000,10893, ,CFS
SHA,H,76,INFLOW,20120429,0100,7929, ,CFS
SHA,H,76,INFLOW,20120429,0200,11135, ,CFS
SHA,H,76,INFLOW,20120429,0300,14879, ,CFS
SHA,H,76,INFLOW,20120429,0400,7629, ,CFS
SHA,H,76,INFLOW,20120429,0500,11346, ,CFS
SHA,H,76,INFLOW,20120429,0600,7703, ,CFS
SHA,H,76,INFLOW,20120429,0700,3748, ,CFS
SHA,H,76,INFLOW,20120429,0800,14357, ,CFS
SHA,H,76,INFLOW,20120429,0900,3676, ,CFS
SHA,H,76,INFLOW,20120429,1000,7212, ,CFS
SHA,H,76,INFLOW,20120429,1100,7699, ,CFS
SHA,H,76,INFLOW,20120429,1200,9706, ,CFS
SHA,H,76,INFLOW,20120429,1300,10157, ,CFS
SHA,H,76,INFLOW,20120429,1400,6874, ,CFS
SHA,H,76,INFLOW,20120429,1500,15563, ,CFS
SHA,H,76,INFLOW,20120429,1600,8745, ,CFS
SHA,H,76,INFLOW,20120429,1700,12743, ,CFS
SHA,H,76,INFLOW,20120429,1800,12535, ,CFS
SHA,H,76,INFLOW,20120429,1900,8739, ,CFS
SHA,H,76,INFLOW,20120429,2000,12779, ,CFS
SHA,H,76,INFLOW,20120429,2100,17170, ,CFS
SHA,H,76,INFLOW,20120429,2200,12836, ,CFS
SHA,H,76,INFLOW,20120429,2300,13136, ,CFS
SHA,H,76,INFLOW,20120430,0000,3986, ,CFS
SHA,H,76,INFLOW,20120430,0100,11424, ,CFS
SHA,H,76,INFLOW,20120430,0200,7840, ,CFS
SHA,H,76,INFLOW,20120430,0300,4119, ,CFS
SHA,H,76,INFLOW,20120430,0400,3947, ,CFS
SHA,H,76,INFLOW,20120430,0500,7588, ,CFS
SHA,H,76,INFLOW,20120430,0600,7525, ,CFS
SHA,H,76,INFLOW,20120430,0700,11105, ,CFS
SHA,H,76,INFLOW,20120430,0800,4860, ,CFS
SHA,H,76,INFLOW,20120430,0900,12755, ,CFS
SHA,H,76,INFLOW,20120430,1000,6324, ,CFS
SHA,H,76,INFLOW,20120430,1100,13242, ,CFS
SHA,H,76,INFLOW,20120430,1200,10340, ,CFS
SHA,H,76,INFLOW,20120430,1300,7123, ,CFS
SHA,H,76,INFLOW,20120430,1400,11126, ,CFS
SHA,H,76,INFLOW,20120430,1500,3889, ,CFS
SHA,H,76,INFLOW,20120430,1600,3205, ,CFS
SHA,H,76,INFLOW,20120430,1700,12823, ,CFS
SHA,H,76,INFLOW,20120430,1800,5976, ,CFS
SHA,H,76,INFLOW,20120430,1900,15508, ,CFS
SHA,H,76,INFLOW,20120430,2000,8208, ,CFS
SHA,H,76,INFLOW,20120430,2100,11309, ,CFS
SHA,H,76,INFLOW,20120430,2200,11550, ,CFS
SHA,H,76,INFLOW,20120430,2300,10964, ,CFS
SHA,H,76,INFLOW,20120501,0000,3862, ,CFS
SHA,H,76,INFLOW,20120501,0100,7502, ,CFS
SHA,H,76,INFLOW,20120501,0200,3910, ,CFS
SHA,H,76,INFLOW,20120501,0300,3989, ,CFS
SHA,H,76,INFLOW,20120501,0400,7466, ,CFS
SHA,H,76,INFLOW,20120501,0500,4184, ,CFS
SHA,H,76,INFLOW,20120501,0600,11635, ,CFS
SHA,H,76,INFLOW,20120501,0700,3956, ,CFS
SHA,H,76,INFLOW,20120501,0800,9349, ,CFS
SHA,H,76,INFLOW,20120501,0900,6143, ,CFS
SHA,H,76,INFLOW,20120501,1000,10962, ,CFS
SHA,H,76,INFLOW,20120501,1100,9147, ,CFS
SHA,H,76,INFLOW,20120501,1200,8709, ,CFS
SHA,H,76,INFLOW,20120501,1300,14055, ,CFS
SHA,H,76,INFLOW,20120501,1400,9914, ,CFS
SHA,H,76,INFLOW,20120501,1500,13436, ,CFS
SHA,H,76,INFLOW,20120501,1600,5760, ,CFS
SHA,H,76,INFLOW,20120501,1700,8194, ,CFS
SHA,H,76,INFLOW,20120501,1800,11671, ,CFS
SHA,H,76,INFLOW,20120501,1900,7225, ,CFS
SHA,H,76,INFLOW,20120501,2000,9789, ,CFS
SHA,H,76,INFLOW,20120501,2100,16088, ,CFS
SHA,H,76,INFLOW,20120501,2200,7118, ,CFS
SHA,H,76,INFLOW,20120501,2300,12559, ,CFS
SHA,H,76,INFLOW,20120502,0000,7460, ,CFS
SHA,H,76,INFLOW,20120502,0100,3956, ,CFS
SHA,H,76,INFLOW,20120502,0200,11269, ,CFS
SHA,H,76,INFLOW,20120502,0300,10943, ,CFS
SHA,H,76,INFLOW,20120502,0400,7375, ,CFS
SHA,H,76,INFLOW,20120502,0500,3876, ,CFS
SHA,H,76,INFLOW,20120502,0600,7593, ,CFS
SHA,H,76,INFLOW,20120502,0700,7367, ,CFS
SHA,H,76,INFLOW,20120502,0800,7365, ,CFS
SHA,H,76,INFLOW,20120502,0900,7423, ,CFS
SHA,H,76,INFLOW,20120502,1000,9012, ,CFS
SHA,H,76,INFLOW,20120502,1100,8261, ,CFS
SHA,H,76,INFLOW,20120502,1200,12971, ,CFS
SHA,H,76,INFLOW,20120502,1300,11845, ,CFS
SHA,H,76,INFLOW,20120502,1400,12412, ,CFS
SHA,H,76,INFLOW,20120502,1500,12924, ,CFS
SHA,H,76,INFLOW,20120502,1600,1121, ,CFS
SHA,H,76,INFLOW,20120502,1700,10710, ,CFS
SHA,H,76,INFLOW,20120502,1800,6707, ,CFS
SHA,H,76,INFLOW,20120502,1900,6922, ,CFS
SHA,H,76,INFLOW,20120502,2000,13404, ,CFS
SHA,H,76,INFLOW,20120502,2100,8109, ,CFS
SHA,H,76,INFLOW,20120502,2200,9767, ,CFS
SHA,H,76,INFLOW,20120502,2300,15403, ,CFS
SHA,H,76,INFLOW,20120503,0000,-3909, ,CFS
SHA,H,76,INFLOW,20120503,0100,15072, ,CFS
SHA,H,76,INFLOW,20120503,0200,811, ,CFS
SHA,H,76,INFLOW,20120503,0300,11256, ,CFS
SHA,H,76,INFLOW,20120503,0400,673, ,CFS
SHA,H,76,INFLOW,20120503,0500,7985, ,CFS
SHA,H,76,INFLOW,20120503,0600,7947, ,CFS
SHA,H,76,INFLOW,20120503,0700,7690, ,CFS
SHA,H,76,INFLOW,20120503,0800,11229, ,CFS
SHA,H,76,INFLOW,20120503,0900,696, ,CFS
SHA,H,76,INFLOW,20120503,1000,10406, ,CFS
SHA,H,76,INFLOW,20120503,1100,16869, ,CFS
SHA,H,76,INFLOW,20120503,1200,6534, ,CFS
SHA,H,76,INFLOW,20120503,1300,11265, ,CFS
SHA,H,76,INFLOW,20120503,1400,15158, ,CFS
SHA,H,76,INFLOW,20120503,1500,9692, ,CFS
SHA,H,76,INFLOW,20120503,1600,12508, ,CFS
SHA,H,76,INFLOW,20120503,1700,5311, ,CFS
SHA,H,76,INFLOW,20120503,1800,8572, ,CFS
SHA,H,76,INFLOW,20120503,1900,11509, ,CFS
SHA,H,76,INFLOW,20120503,2000,8375, ,CFS
SHA,H,76,INFLOW,20120503,2100,18629, ,CFS
SHA,H,76,INFLOW,20120503,2200,10473, ,CFS
SHA,H,76,INFLOW,20120503,2300,6491, ,CFS
SHA,H,76,INFLOW,20120504,0000,8054, ,CFS
SHA,H,76,INFLOW,20120504,0100,7255, ,CFS
SHA,H,76,INFLOW,20120504,0200,103, ,CFS
SHA,H,76,INFLOW,20120504,0300,10839, ,CFS
SHA,H,76,INFLOW,20120504,0400,3686, ,CFS
SHA,H,76,INFLOW,20120504,0500,7266, ,CFS
SHA,H,76,INFLOW,20120504,0600,4071, ,CFS
SHA,H,76,INFLOW,20120504,0700,7511, ,CFS
SHA,H,76,INFLOW,20120504,0800,6770, ,CFS
SHA,H,76,INFLOW,20120504,0900,7232, ,CFS
SHA,H,76,INFLOW,20120504,1000,5783, ,CFS
SHA,H,76,INFLOW,20120504,1100,7908, ,CFS
SHA,H,76,INFLOW,20120504,1200,11652, ,CFS
SHA,H,76,INFLOW,20120504,1300,5211, ,CFS
SHA,H,76,INFLOW,20120504,1400,9218, ,CFS
SHA,H,76,INFLOW,20120504,1500,8353, ,CFS
SHA,H,76,INFLOW,20120504,1600,13173, ,CFS
SHA,H,76,INFLOW,20120504,1700,9789, ,CFS
SHA,H,76,INFLOW,20120504,1800,9602, ,CFS
SHA,H,76,INFLOW,20120504,1900,7357, ,CFS
SHA,H,76,INFLOW,20120504,2000,8352, ,CFS
SHA,H,76,INFLOW,20120504,2100,9416, ,CFS
SHA,H,76,INFLOW,20120504,2200,15921, ,CFS
SHA,H,76,INFLOW,20120504,2300,4205, ,CFS
SHA,H,76,INFLOW,20120505,0000,3605, ,CFS
SHA,H,76,INFLOW,20120505,0100,7175, ,CFS
SHA,H,76,INFLOW,20120505,0200,3654, ,CFS
SHA,H,76,INFLOW,20120505,0300,10762, ,CFS
SHA,H,76,INFLOW,20120505,0400,3623, ,CFS
SHA,H,76,INFLOW,20120505,0500,3812, ,CFS
SHA,H,76,INFLOW,20120505,0600,11023, ,CFS
SHA,H,76,INFLOW,20120505,0700,209, ,CFS
SHA,H,76,INFLOW,20120505,0800,11299, ,CFS
SHA,H,76,INFLOW,20120505,0900,888, ,CFS
SHA,H,76,INFLOW,20120505,1000,9137, ,CFS
SHA,H,76,INFLOW,20120505,1100,8858, ,CFS
SHA,H,76,INFLOW,20120505,1200,9584, ,CFS
SHA,H,76,INFLOW,20120505,1300,13432, ,CFS
SHA,H,76,INFLOW,20120505,1400,13195, ,CFS
SHA,H,76,INFLOW,20120505,1500,11583, ,CFS
SHA,H,76,INFLOW,20120505,1600,10124, ,CFS
SHA,H,76,INFLOW,20120505,1700,10239, ,CFS
SHA,H,76,INFLOW,20120505,1800,10269, ,CFS
SHA,H,76,INFLOW,20120505,1900,10406, ,CFS
SHA,H,76,INFLOW,20120505,2000,12357, ,CFS
SHA,H,76,INFLOW,20120505,2100,12808, ,CFS
SHA,H,76,INFLOW,20120505,2200,13328, ,CFS
SHA,H,76,INFLOW,20120505,2300,5692, ,CFS
SHA,H,76,INFLOW,20120506,0000,14550, ,CFS
SHA,H,76,INFLOW,20120506,0100,528, ,CFS
SHA,H,76,INFLOW,20120506,0200,3849, ,CFS
SHA,H,76,INFLOW,20120506,0300,10980, ,CFS
SHA,H,76,INFLOW,20120506,0400,7444, ,CFS
SHA,H,76,INFLOW,20120506,0500,3883, ,CFS
SHA,H,76,INFLOW,20120506,0600,7675, ,CFS
SHA,H,76,INFLOW,20120506,0700,10988, ,CFS
SHA,H,76,INFLOW,20120506,0800,7483, ,CFS
SHA,H,76,INFLOW,20120506,0900,10997, ,CFS
SHA,H,76,INFLOW,20120506,1000,6442, ,CFS
SHA,H,76,INFLOW,20120506,1100,10892, ,CFS
SHA,H,76,INFLOW,20120506,1200,10282, ,CFS
SHA,H,76,INFLOW,20120506,1300,6921, ,CFS
SHA,H,76,INFLOW,20120506,1400,11059, ,CFS
SHA,H,76,INFLOW,20120506,1500,11114, ,CFS
SHA,H,76,INFLOW,20120506,1600,10731, ,CFS
SHA,H,76,INFLOW,20120506,1700,7428, ,CFS
SHA,H,76,INFLOW,20120506,1800,11300, ,CFS
SHA,H,76,INFLOW,20120506,1900,11064, ,CFS
SHA,H,76,INFLOW,20120506,2000,11307, ,CFS
SHA,H,76,INFLOW,20120506,2100,14771, ,CFS
SHA,H,76,INFLOW,20120506,2200,16024, ,CFS
SHA,H,76,INFLOW,20120506,2300,6617, ,CFS
SHA,H,76,INFLOW,20120507,0000,14556, ,CFS
SHA,H,76,INFLOW,20120507,0100,3745, ,CFS
SHA,H,76,INFLOW,20120507,0200,7310, ,CFS
SHA,H,76,INFLOW,20120507,0300,7310, ,CFS
SHA,H,76,INFLOW,20120507,0400,7311, ,CFS
SHA,H,76,INFLOW,20120507,0500,7312, ,CFS
SHA,H,76,INFLOW,20120507,0600,7311, ,CFS
SHA,H,76,INFLOW,20120507,0700,3751, ,CFS
SHA,H,76,INFLOW,20120507,0800,178, ,CFS
SHA,H,76,INFLOW,20120507,0900,856, ,CFS
SHA,H,76,INFLOW,20120507,1000,44922, ,CFS
SHA,H,76,INFLOW,20120507,1100,8662, ,CFS
SHA,H,76,INFLOW,20120507,1200,6930, ,CFS
SHA,H,76,INFLOW,20120507,1300,9125, ,CFS
SHA,H,76,INFLOW,20120507,1400,2706, ,CFS
SHA,H,76,INFLOW,20120507,1500,11288, ,CFS
SHA,H,76,INFLOW,20120507,1600,15527, ,CFS
SHA,H,76,INFLOW,20120507,1700,4854, ,CFS
SHA,H,76,INFLOW,20120507,1800,5004, ,CFS
SHA,H,76,INFLOW,20120507,1900,13248, ,CFS
SHA,H,76,INFLOW,20120507,2000,5531, ,CFS
SHA,H,76,INFLOW,20120507,2100,12955, ,CFS
SHA,H,76,INFLOW,20120507,2200,14662, ,CFS
SHA,H,76,INFLOW,20120507,2300,8908, ,CFS
SHA,H,76,INFLOW,20120508,0000,11246, ,CFS
SHA,H,76,INFLOW,20120508,0100,11022, ,CFS
SHA,H,76,INFLOW,20120508,0200,7464, ,CFS
SHA,H,76,INFLOW,20120508,0300,3892, ,CFS
SHA,H,76,INFLOW,20120508,0400,7588, ,CFS
SHA,H,76,INFLOW,20120508,0500,4015, ,CFS
SHA,H,76,INFLOW,20120508,0600,7455, ,CFS
SHA,H,76,INFLOW,20120508,0700,4069, ,CFS
SHA,H,76,INFLOW,20120508,0800,3600, ,CFS
SHA,H,76,INFLOW,20120508,0900,292, ,CFS
SHA,H,76,INFLOW,20120508,1000,-871, ,CFS
SHA,H,76,INFLOW,20120508,1100,4680, ,CFS
SHA,H,76,INFLOW,20120508,1200,2891, ,CFS
SHA,H,76,INFLOW,20120508,1300,5506, ,CFS
SHA,H,76,INFLOW,20120508,1400,2663, ,CFS
SHA,H,76,INFLOW,20120508,1500,630, ,CFS
SHA,H,76,INFLOW,20120508,1600,7986, ,CFS
SHA,H,76,INFLOW,20120508,1700,1579, ,CFS
SHA,H,76,INFLOW,20120508,1800,8585, ,CFS
SHA,H,76,INFLOW,20120508,1900,6380, ,CFS
SHA,H,76,INFLOW,20120508,2000,15440, ,CFS
SHA,H,76,INFLOW,20120508,2100,11973, ,CFS
SHA,H,76,INFLOW,20120508,2200,11612, ,CFS
SHA,H,76,INFLOW,20120508,2300,12952, ,CFS
SHA,H,76,INFLOW,20120509,0000,2747, ,CFS
SHA,H,76,INFLOW,20120509,0100,8319, ,CFS
SHA,H,76,INFLOW,20120509,0200,7702, ,CFS
SHA,H,76,INFLOW,20120509,0300,4135, ,CFS
SHA,H,76,INFLOW,20120509,0400,8161, ,CFS
SHA,H,76,INFLOW,20120509,0500,8045, ,CFS
SHA,H,76,INFLOW,20120509,0600,4692, ,CFS
SHA,H,76,INFLOW,20120509,0700,7093, ,CFS
SHA,H,76,INFLOW,20120509,0800,722, ,CFS
SHA,H,76,INFLOW,20120509,0900,1020, ,CFS
SHA,H,76,INFLOW,20120509,1000,-987, ,CFS
SHA,H,76,INFLOW,20120509,1100,576, ,CFS
SHA,H,76,INFLOW,20120509,1200,6129, ,CFS
SHA,H,76,INFLOW,20120509,1300,2010, ,CFS
SHA,H,76,INFLOW,20120509,1400,8101, ,CFS
SHA,H,76,INFLOW,20120509,1500,2580, ,CFS
SHA,H,76,INFLOW,20120509,1600,3272, ,CFS
SHA,H,76,INFLOW,20120509,1700,2927, ,CFS
SHA,H,76,INFLOW,20120509,1800,10014, ,CFS
SHA,H,76,INFLOW,20120509,1900,8217, ,CFS
SHA,H,76,INFLOW,20120509,2000,7081, ,CFS
SHA,H,76,INFLOW,20120509,2100,11989, ,CFS
SHA,H,76,INFLOW,20120509,2200,10748, ,CFS
SHA,H,76,INFLOW,20120509,2300,15372, ,CFS
SHA,H,76,INFLOW,20120510,0000,6123, ,CFS
SHA,H,76,INFLOW,20120510,0100,4077, ,CFS
SHA,H,76,INFLOW,20120510,0200,7462, ,CFS
SHA,H,76,INFLOW,20120510,0300,-10368, ,CFS
SHA,H,76,INFLOW,20120510,0400,7464, ,CFS
SHA,H,76,INFLOW,20120510,0500,7475, ,CFS
SHA,H,76,INFLOW,20120510,0600,3937, ,CFS
SHA,H,76,INFLOW,20120510,0700,4970, ,CFS
SHA,H,76,INFLOW,20120510,0800,-847, ,CFS
SHA,H,76,INFLOW,20120510,0900,-1036, ,CFS
SHA,H,76,INFLOW,20120510,1000,11010, ,CFS
SHA,H,76,INFLOW,20120510,1100,8661, ,CFS
SHA,H,76,INFLOW,20120510,1200,1793, ,CFS
SHA,H,76,INFLOW,20120510,1300,12519, ,CFS
SHA,H,76,INFLOW,20120510,1400,5651, ,CFS
SHA,H,76,INFLOW,20120510,1500,12744, ,CFS
SHA,H,76,INFLOW,20120510,1600,9710, ,CFS
SHA,H,76,INFLOW,20120510,1700,11360, ,CFS
SHA,H,76,INFLOW,20120510,1800,11384, ,CFS
SHA,H,76,INFLOW,20120510,1900,7943, ,CFS
SHA,H,76,INFLOW,20120510,2000,14935, ,CFS
SHA,H,76,INFLOW,20120510,2100,7679, ,CFS
SHA,H,76,INFLOW,20120510,2200,12231, ,CFS
SHA,H,76,INFLOW,20120510,2300,7846, ,CFS
SHA,H,76,INFLOW,20120511,0000,14301, ,CFS
SHA,H,76,INFLOW,20120511,0100,4699, ,CFS
SHA,H,76,INFLOW,20120511,0200,11086, ,CFS
SHA,H,76,INFLOW,20120511,0300,4022, ,CFS
SHA,H,76,INFLOW,20120511,0400,3986, ,CFS
SHA,H,76,INFLOW,20120511,0500,7613, ,CFS
SHA,H,76,INFLOW,20120511,0600,7724, ,CFS
SHA,H,76,INFLOW,20120511,0700,6851, ,CFS
SHA,H,76,INFLOW,20120511,0800,4780, ,CFS
SHA,H,76,INFLOW,20120511,0900,7952, ,CFS
SHA,H,76,INFLOW,20120511,1000,6595, ,CFS
SHA,H,76,INFLOW,20120511,1100,4575, ,CFS
SHA,H,76,INFLOW,20120511,1200,5574, ,CFS
SHA,H,76,INFLOW,20120511,1300,2092, ,CFS
SHA,H,76,INFLOW,20120511,1400,15745, ,CFS
SHA,H,76,INFLOW,20120511,1500,3115, ,CFS
SHA,H,76,INFLOW,20120511,1600,14602, ,CFS
SHA,H,76,INFLOW,20120511,1700,7506, ,CFS
SHA,H,76,INFLOW,20120511,1800,8204, ,CFS
SHA,H,76,INFLOW,20120511,1900,6890, ,CFS
SHA,H,76,INFLOW,20120511,2000,13902, ,CFS
SHA,H,76,INFLOW,20120511,2100,10234, ,CFS
SHA,H,76,INFLOW,20120511,2200,5379, ,CFS
SHA,H,76,INFLOW,20120511,2300,6560, ,CFS
SHA,H,76,INFLOW,20120512,0000,6696, ,CFS
SHA,H,76,INFLOW,20120512,0100,1474, ,CFS
SHA,H,76,INFLOW,20120512,0200,4756, ,CFS
SHA,H,76,INFLOW,20120512,0300,1314, ,CFS
SHA,H,76,INFLOW,20120512,0400,8474, ,CFS
SHA,H,76,INFLOW,20120512,0500,1350, ,CFS
SHA,H,76,INFLOW,20120512,0600,4894, ,CFS
SHA,H,76,INFLOW,20120512,0700,1485, ,CFS
SHA,H,76,INFLOW,20120512,0800,2020, ,CFS
SHA,H,76,INFLOW,20120512,0900,924, ,CFS
SHA,H,76,INFLOW,20120512,1000,7016, ,CFS
SHA,H,76,INFLOW,20120512,1100,876, ,CFS
SHA,H,76,INFLOW,20120512,1200,12103, ,CFS
SHA,H,76,INFLOW,20120512,1300,5248, ,CFS
SHA,H,76,INFLOW,20120512,1400,10842, ,CFS
SHA,H,76,INFLOW,20120512,1500,14577, ,CFS
SHA,H,76,INFLOW,20120512,1600,7701, ,CFS
SHA,H,76,INFLOW,20120512,1700,15115, ,CFS
SHA,H,76,INFLOW,20120512,1800,5698, ,CFS
SHA,H,76,INFLOW,20120512,1900,14212, ,CFS
SHA,H,76,INFLOW,20120512,2000,10353, ,CFS
SHA,H,76,INFLOW,20120512,2100,14097, ,CFS
SHA,H,76,INFLOW,20120512,2200,8424, ,CFS
SHA,H,76,INFLOW,20120512,2300,10278, ,CFS
SHA,H,76,INFLOW,20120513,0000,6382, ,CFS
SHA,H,76,INFLOW,20120513,0100,-2078, ,CFS
SHA,H,76,INFLOW,20120513,0200,8278, ,CFS
SHA,H,76,INFLOW,20120513,0300,-2310, ,CFS
SHA,H,76,INFLOW,20120513,0400,4657, ,CFS
SHA,H,76,INFLOW,20120513,0500,4928, ,CFS
SHA,H,76,INFLOW,20120513,0600,4634, ,CFS
SHA,H,76,INFLOW,20120513,0700,6431, ,CFS
SHA,H,76,INFLOW,20120513,0800,-18, ,CFS
SHA,H,76,INFLOW,20120513,0900,264, ,CFS
SHA,H,76,INFLOW,20120513,1000,5385, ,CFS
SHA,H,76,INFLOW,20120513,1100,-156, ,CFS
SHA,H,76,INFLOW,20120513,1200,10934, ,CFS
SHA,H,76,INFLOW,20120513,1300,-2534, ,CFS
SHA,H,76,INFLOW,20120513,1400,8478, ,CFS
SHA,H,76,INFLOW,20120513,1500,11919, ,CFS
SHA,H,76,INFLOW,20120513,1600,5129, ,CFS
SHA,H,76,INFLOW,20120513,1700,19249, ,CFS
SHA,H,76,INFLOW,20120513,1800,10765, ,CFS
SHA,H,76,INFLOW,20120513,1900,7370, ,CFS
SHA,H,76,INFLOW,20120513,2000,10767, ,CFS
SHA,H,76,INFLOW,20120513,2100,8100, ,CFS
SHA,H,76,INFLOW,20120513,2200,15387, ,CFS
SHA,H,76,INFLOW,20120513,2300,5276, ,CFS
SHA,H,76,INFLOW,20120514,0000,9028, ,CFS
SHA,H,76,INFLOW,20120514,0100,-2132, ,CFS
SHA,H,76,INFLOW,20120514,0200,11804, ,CFS
SHA,H,76,INFLOW,20120514,0300,-2440, ,CFS
SHA,H,76,INFLOW,20120514,0400,4688, ,CFS
SHA,H,76,INFLOW,20120514,0500,4716, ,CFS
SHA,H,76,INFLOW,20120514,0600,318, ,CFS
SHA,H,76,INFLOW,20120514,0700,7748, ,CFS
SHA,H,76,INFLOW,20120514,0800,8119, ,CFS
SHA,H,76,INFLOW,20120514,0900,-2736, ,CFS
SHA,H,76,INFLOW,20120514,1000,12040, ,CFS
SHA,H,76,INFLOW,20120514,1100,5776, ,CFS
SHA,H,76,INFLOW,20120514,1200,10359, ,CFS
SHA,H,76,INFLOW,20120514,1300,14426, ,CFS
SHA,H,76,INFLOW,20120514,1400,11245, ,CFS
SHA,H,76,INFLOW,20120514,1500,10530, ,CFS
SHA,H,76,INFLOW,20120514,1600,13979, ,CFS
SHA,H,76,INFLOW,20120514,1700,-7405, ,CFS
SHA,H,76,INFLOW,20120514,1800,31841, ,CFS
SHA,H,76,INFLOW,20120514,1900,-10818, ,CFS
SHA,H,76,INFLOW,20120514,2000,23741, ,CFS
SHA,H,76,INFLOW,20120514,2100,16647, ,CFS
SHA,H,76,INFLOW,20120514,2200,-14164, ,CFS
SHA,H,76,INFLOW,20120514,2300,23641, ,CFS
SHA,H,76,INFLOW,20120515,0000,12360, ,CFS
SHA,H,76,INFLOW,20120515,0100,-5163, ,CFS
SHA,H,76,INFLOW,20120515,0200,12079, ,CFS
SHA,H,76,INFLOW,20120515,0300,-5878, ,CFS
SHA,H,76,INFLOW,20120515,0400,8083, ,CFS
SHA,H,76,INFLOW,20120515,0500,8111, ,CFS
SHA,H,76,INFLOW,20120515,0600,-2171, ,CFS
SHA,H,76,INFLOW,20120515,0700,2750, ,CFS
SHA,H,76,INFLOW,20120515,0800,8270, ,CFS
SHA,H,76,INFLOW,20120515,0900,-1981, ,CFS
SHA,H,76,INFLOW,20120515,1000,8007, ,CFS
SHA,H,76,INFLOW,20120515,1100,12248, ,CFS
SHA,H,76,INFLOW,20120515,1200,3593, ,CFS
SHA,H,76,INFLOW,20120515,1300,14401, ,CFS
SHA,H,76,INFLOW,20120515,1400,10834, ,CFS
SHA,H,76,INFLOW,20120515,1500,10804, ,CFS
SHA,H,76,INFLOW,20120515,1600,10870, ,CFS
SHA,H,76,INFLOW,20120515,1700,7328, ,CFS
SHA,H,76,INFLOW,20120515,1800,10779, ,CFS
SHA,H,76,INFLOW,20120515,1900,13212, ,CFS
SHA,H,76,INFLOW,20120515,2000,9708, ,CFS
SHA,H,76,INFLOW,20120515,2100,10958, ,CFS
SHA,H,76,INFLOW,20120515,2200,14122, ,CFS
SHA,H,76,INFLOW,20120515,2300,4261, ,CFS
SHA,H,76,INFLOW,20120516,0000,6902, ,CFS
SHA,H,76,INFLOW,20120516,0100,-2702, ,CFS
SHA,H,76,INFLOW,20120516,0200,7989, ,CFS
SHA,H,76,INFLOW,20120516,0300,981, ,CFS
SHA,H,76,INFLOW,20120516,0400,946, ,CFS
SHA,H,76,INFLOW,20120516,0500,8074, ,CFS
SHA,H,76,INFLOW,20120516,0600,-2365, ,CFS
SHA,H,76,INFLOW,20120516,0700,5692, ,CFS
SHA,H,76,INFLOW,20120516,0800,4864, ,CFS
SHA,H,76,INFLOW,20120516,0900,-1384, ,CFS
SHA,H,76,INFLOW,20120516,1000,8087, ,CFS
SHA,H,76,INFLOW,20120516,1100,8435, ,CFS
SHA,H,76,INFLOW,20120516,1200,5526, ,CFS
SHA,H,76,INFLOW,20120516,1300,16174, ,CFS
SHA,H,76,INFLOW,20120516,1400,1611, ,CFS
SHA,H,76,INFLOW,20120516,1500,12168, ,CFS
SHA,H,76,INFLOW,20120516,1600,13219, ,CFS
SHA,H,76,INFLOW,20120516,1700,6525, ,CFS
SHA,H,76,INFLOW,20120516,1800,9925, ,CFS
SHA,H,76,INFLOW,20120516,1900,6143, ,CFS
SHA,H,76,INFLOW,20120516,2000,13174, ,CFS
SHA,H,76,INFLOW,20120516,2100,10511, ,CFS
SHA,H,76,INFLOW,20120516,2200,7075, ,CFS
SHA,H,76,INFLOW,20120516,2300,11057, ,CFS
SHA,H,76,INFLOW,20120517,0000,4119, ,CFS
SHA,H,76,INFLOW,20120517,0100,4419, ,CFS
SHA,H,76,INFLOW,20120517,0200,-1305, ,CFS
SHA,H,76,INFLOW,20120517,0300,5002, ,CFS
SHA,H,76,INFLOW,20120517,0400,-2048, ,CFS
SHA,H,76,INFLOW,20120517,0500,5255, ,CFS
SHA,H,76,INFLOW,20120517,0600,3017, ,CFS
SHA,H,76,INFLOW,20120517,0700,-235, ,CFS
SHA,H,76,INFLOW,20120517,0800,1125, ,CFS
SHA,H,76,INFLOW,20120517,0900,4493, ,CFS
SHA,H,76,INFLOW,20120517,1000,-3995, ,CFS
SHA,H,76,INFLOW,20120517,1100,13450, ,CFS
SHA,H,76,INFLOW,20120517,1200,6491, ,CFS
SHA,H,76,INFLOW,20120517,1300,14542, ,CFS
SHA,H,76,INFLOW,20120517,1400,9195, ,CFS
SHA,H,76,INFLOW,20120517,1500,6076, ,CFS
SHA,H,76,INFLOW,20120517,1600,9800, ,CFS
SHA,H,76,INFLOW,20120517,1700,6225, ,CFS
SHA,H,76,INFLOW,20120517,1800,4842, ,CFS
SHA,H,76,INFLOW,20120517,1900,8256, ,CFS
SHA,H,76,INFLOW,20120517,2000,11573, ,CFS
SHA,H,76,INFLOW,20120517,2100,4584, ,CFS
SHA,H,76,INFLOW,20120517,2200,7928, ,CFS
SHA,H,76,INFLOW,20120517,2300,8237, ,CFS
SHA,H,76,INFLOW,20120518,0000,-1640, ,CFS
SHA,H,76,INFLOW,20120518,0100,6604, ,CFS
SHA,H,76,INFLOW,20120518,0200,1929, ,CFS
SHA,H,76,INFLOW,20120518,0300,5277, ,CFS
SHA,H,76,INFLOW,20120518,0400,5243, ,CFS
SHA,H,76,INFLOW,20120518,0500,-2121, ,CFS
SHA,H,76,INFLOW,20120518,0600,15680, ,CFS
SHA,H,76,INFLOW,20120518,0700,-2492, ,CFS
SHA,H,76,INFLOW,20120518,0800,-1743, ,CFS
SHA,H,76,INFLOW,20120518,0900,9557, ,CFS
SHA,H,76,INFLOW,20120518,1000,-2265, ,CFS
SHA,H,76,INFLOW,20120518,1100,11824, ,CFS
SHA,H,76,INFLOW,20120518,1200,12398, ,CFS
SHA,H,76,INFLOW,20120518,1300,-1407, ,CFS
SHA,H,76,INFLOW,20120518,1400,16203, ,CFS
SHA,H,76,INFLOW,20120518,1500,9166, ,CFS
SHA,H,76,INFLOW,20120518,1600,5821, ,CFS
SHA,H,76,INFLOW,20120518,1700,12903, ,CFS
SHA,H,76,INFLOW,20120518,1800,9545, ,CFS
SHA,H,76,INFLOW,20120518,1900,9192, ,CFS
SHA,H,76,INFLOW,20120518,2000,11884, ,CFS
SHA,H,76,INFLOW,20120518,2100,4888, ,CFS
SHA,H,76,INFLOW,20120518,2200,12020, ,CFS
SHA,H,76,INFLOW,20120518,2300,9212, ,CFS
SHA,H,76,INFLOW,20120519,0000,1380, ,CFS
SHA,H,76,INFLOW,20120519,0100,-3330, ,CFS
SHA,H,76,INFLOW,20120519,0200,5300, ,CFS
SHA,H,76,INFLOW,20120519,0300,1822, ,CFS
SHA,H,76,INFLOW,20120519,0400,1783, ,CFS
SHA,H,76,INFLOW,20120519,0500,5522, ,CFS
SHA,H,76,INFLOW,20120519,0600,-1694, ,CFS
SHA,H,76,INFLOW,20120519,0700,4472, ,CFS
SHA,H,76,INFLOW,20120519,0800,785, ,CFS
SHA,H,76,INFLOW,20120519,0900,1755, ,CFS
SHA,H,76,INFLOW,20120519,1000,-448, ,CFS
SHA,H,76,INFLOW,20120519,1100,9363, ,CFS
SHA,H,76,INFLOW,20120519,1200,2644, ,CFS
SHA,H,76,INFLOW,20120519,1300,4770, ,CFS
SHA,H,76,INFLOW,20120519,1400,15840, ,CFS
SHA,H,76,INFLOW,20120519,1500,5794, ,CFS
SHA,H,76,INFLOW,20120519,1600,9666, ,CFS
SHA,H,76,INFLOW,20120519,1700,9658, ,CFS
SHA,H,76,INFLOW,20120519,1800,4707, ,CFS
SHA,H,76,INFLOW,20120519,1900,8074, ,CFS
SHA,H,76,INFLOW,20120519,2000,8089, ,CFS
SHA,H,76,INFLOW,20120519,2100,8152, ,CFS
SHA,H,76,INFLOW,20120519,2200,11628, ,CFS
SHA,H,76,INFLOW,20120519,2300,4935, ,CFS
SHA,H,76,INFLOW,20120520,0000,2686, ,CFS
SHA,H,76,INFLOW,20120520,0100,-3366, ,CFS
SHA,H,76,INFLOW,20120520,0200,5579, ,CFS
SHA,H,76,INFLOW,20120520,0300,1936, ,CFS
SHA,H,76,INFLOW,20120520,0400,2003, ,CFS
SHA,H,76,INFLOW,20120520,0500,5526, ,CFS
SHA,H,76,INFLOW,20120520,0600,-1563, ,CFS
SHA,H,76,INFLOW,20120520,0700,1377, ,CFS
SHA,H,76,INFLOW,20120520,0800,5557, ,CFS
SHA,H,76,INFLOW,20120520,0900,-2590, ,CFS
SHA,H,76,INFLOW,20120520,1000,1772, ,CFS
SHA,H,76,INFLOW,20120520,1100,11269, ,CFS
SHA,H,76,INFLOW,20120520,1200,914, ,CFS
SHA,H,76,INFLOW,20120520,1300,11344, ,CFS
SHA,H,76,INFLOW,20120520,1400,9949, ,CFS
SHA,H,76,INFLOW,20120520,1500,6765, ,CFS
SHA,H,76,INFLOW,20120520,1600,10615, ,CFS
SHA,H,76,INFLOW,20120520,1700,10445, ,CFS
SHA,H,76,INFLOW,20120520,1800,7447, ,CFS
SHA,H,76,INFLOW,20120520,1900,7021, ,CFS
SHA,H,76,INFLOW,20120520,2000,10612, ,CFS
SHA,H,76,INFLOW,20120520,2100,7038, ,CFS
SHA,H,76,INFLOW,20120520,2200,7192, ,CFS
SHA,H,76,INFLOW,20120520,2300,9230, ,CFS
SHA,H,76,INFLOW,20120521,0000,4426, ,CFS
SHA,H,76,INFLOW,20120521,0100,2162, ,CFS
SHA,H,76,INFLOW,20120521,0200,-1751, ,CFS
SHA,H,76,INFLOW,20120521,0300,4928, ,CFS
SHA,H,76,INFLOW,20120521,0400,1628, ,CFS
SHA,H,76,INFLOW,20120521,0500,1773, ,CFS
SHA,H,76,INFLOW,20120521,0600,1860, ,CFS
SHA,H,76,INFLOW,20120521,0700,-719, ,CFS
SHA,H,76,INFLOW,20120521,0800,13059, ,CFS
SHA,H,76,INFLOW,20120521,0900,6705, ,CFS
SHA,H,76,INFLOW,20120521,1000,-3970, ,CFS
SHA,H,76,INFLOW,20120521,1100,6947, ,CFS
SHA,H,76,INFLOW,20120521,1200,7386, ,CFS
SHA,H,76,INFLOW,20120521,1300,10923, ,CFS
SHA,H,76,INFLOW,20120521,1400,7235, ,CFS
SHA,H,76,INFLOW,20120521,1500,14511, ,CFS
SHA,H,76,INFLOW,20120521,1600,11612, ,CFS
SHA,H,76,INFLOW,20120521,1700,4601, ,CFS
SHA,H,76,INFLOW,20120521,1800,6339, ,CFS
SHA,H,76,INFLOW,20120521,1900,13316, ,CFS
SHA,H,76,INFLOW,20120521,2000,6672, ,CFS
SHA,H,76,INFLOW,20120521,2100,8073, ,CFS
SHA,H,76,INFLOW,20120521,2200,8559, ,CFS
SHA,H,76,INFLOW,20120521,2300,11998, ,CFS
SHA,H,76,INFLOW,20120522,0000,125, ,CFS
SHA,H,76,INFLOW,20120522,0100,-3455, ,CFS
SHA,H,76,INFLOW,20120522,0200,6935, ,CFS
SHA,H,76,INFLOW,20120522,0300,3312, ,CFS
SHA,H,76,INFLOW,20120522,0400,-3744, ,CFS
SHA,H,76,INFLOW,20120522,0500,7065, ,CFS
SHA,H,76,INFLOW,20120522,0600,-94, ,CFS
SHA,H,76,INFLOW,20120522,0700,3795, ,CFS
SHA,H,76,INFLOW,20120522,0800,-350, ,CFS
SHA,H,76,INFLOW,20120522,0900,3781, ,CFS
SHA,H,76,INFLOW,20120522,1000,5820, ,CFS
SHA,H,76,INFLOW,20120522,1100,6313, ,CFS
SHA,H,76,INFLOW,20120522,1200,13606, ,CFS
SHA,H,76,INFLOW,20120522,1300,6415, ,CFS
SHA,H,76,INFLOW,20120522,1400,13739, ,CFS
SHA,H,76,INFLOW,20120522,1500,10068, ,CFS
SHA,H,76,INFLOW,20120522,1600,-4053, ,CFS
SHA,H,76,INFLOW,20120522,1700,10311, ,CFS
SHA,H,76,INFLOW,20120522,1800,-8093, ,CFS
SHA,H,76,INFLOW,20120522,1900,10125, ,CFS
SHA,H,76,INFLOW,20120522,2000,3700, ,CFS
SHA,H,76,INFLOW,20120522,2100,7707, ,CFS
SHA,H,76,INFLOW,20120522,2200,10718, ,CFS
SHA,H,76,INFLOW,20120522,2300,7912, ,CFS
SHA,H,76,INFLOW,20120523,0000,9414, ,CFS
SHA,H,76,INFLOW,20120523,0100,3859, ,CFS
SHA,H,76,INFLOW,20120523,0200,-4101, ,CFS
SHA,H,76,INFLOW,20120523,0300,6337, ,CFS
SHA,H,76,INFLOW,20120523,0400,3015, ,CFS
SHA,H,76,INFLOW,20120523,0500,-91, ,CFS
SHA,H,76,INFLOW,20120523,0600,7193, ,CFS
SHA,H,76,INFLOW,20120523,0700,-5966, ,CFS
SHA,H,76,INFLOW,20120523,0800,4536, ,CFS
SHA,H,76,INFLOW,20120523,0900,1212, ,CFS
SHA,H,76,INFLOW,20120523,1000,-1181, ,CFS
SHA,H,76,INFLOW,20120523,1100,6560, ,CFS
SHA,H,76,INFLOW,20120523,1200,6333, ,CFS
SHA,H,76,INFLOW,20120523,1300,13703, ,CFS
SHA,H,76,INFLOW,20120523,1400,3345, ,CFS
SHA,H,76,INFLOW,20120523,1500,13870, ,CFS
SHA,H,76,INFLOW,20120523,1600,9864, ,CFS
SHA,H,76,INFLOW,20120523,1700,6605, ,CFS
SHA,H,76,INFLOW,20120523,1800,12367, ,CFS
SHA,H,76,INFLOW,20120523,1900,8609, ,CFS
SHA,H,76,INFLOW,20120523,2000,12158, ,CFS
SHA,H,76,INFLOW,20120523,2100,8997, ,CFS
SHA,H,76,INFLOW,20120523,2200,8208, ,CFS
SHA,H,76,INFLOW,20120523,2300,8460, ,CFS
SHA,H,76,INFLOW,20120524,0000,8296, ,CFS
SHA,H,76,INFLOW,20120524,0100,-197, ,CFS
SHA,H,76,INFLOW,20120524,0200,-4008, ,CFS
SHA,H,76,INFLOW,20120524,0300,6521, ,CFS
SHA,H,76,INFLOW,20120524,0400,3030, ,CFS
SHA,H,76,INFLOW,20120524,0500,-468, ,CFS
SHA,H,76,INFLOW,20120524,0600,3023, ,CFS
SHA,H,76,INFLOW,20120524,0700,-42, ,CFS
SHA,H,76,INFLOW,20120524,0800,1880, ,CFS
SHA,H,76,INFLOW,20120524,0900,85, ,CFS
SHA,H,76,INFLOW,20120524,1000,1224, ,CFS
SHA,H,76,INFLOW,20120524,1100,3841, ,CFS
SHA,H,76,INFLOW,20120524,1200,8371, ,CFS
SHA,H,76,INFLOW,20120524,1300,4792, ,CFS
SHA,H,76,INFLOW,20120524,1400,9325, ,CFS
SHA,H,76,INFLOW,20120524,1500,-1020, ,CFS
SHA,H,76,INFLOW,20120524,1600,-727, ,CFS
SHA,H,76,INFLOW,20120524,1700,2481, ,CFS
SHA,H,76,INFLOW,20120524,1800,11775, ,CFS
SHA,H,76,INFLOW,20120524,1900,4616, ,CFS
SHA,H,76,INFLOW,20120524,2000,5409, ,CFS
SHA,H,76,INFLOW,20120524,2100,10261, ,CFS
SHA,H,76,INFLOW,20120524,2200,10396, ,CFS
SHA,H,76,INFLOW,20120524,2300,6014, ,CFS
SHA,H,76,INFLOW,20120525,0000,6255, ,CFS
SHA,H,76,INFLOW,20120525,0100,-3894, ,CFS
SHA,H,76,INFLOW,20120525,0200,6102, ,CFS
SHA,H,76,INFLOW,20120525,0300,-4503, ,CFS
SHA,H,76,INFLOW,20120525,0400,6219, ,CFS
SHA,H,76,INFLOW,20120525,0500,-793, ,CFS
SHA,H,76,INFLOW,20120525,0600,-550, ,CFS
SHA,H,76,INFLOW,20120525,0700,-390, ,CFS
SHA,H,76,INFLOW,20120525,0800,-684, ,CFS
SHA,H,76,INFLOW,20120525,0900,2937, ,CFS
SHA,H,76,INFLOW,20120525,1000,3767, ,CFS
SHA,H,76,INFLOW,20120525,1100,432, ,CFS
SHA,H,76,INFLOW,20120525,1200,4795, ,CFS
SHA,H,76,INFLOW,20120525,1300,3802, ,CFS
SHA,H,76,INFLOW,20120525,1400,7380, ,CFS
SHA,H,76,INFLOW,20120525,1500,7761, ,CFS
SHA,H,76,INFLOW,20120525,1600,6314, ,CFS
SHA,H,76,INFLOW,20120525,1700,16910, ,CFS
SHA,H,76,INFLOW,20120525,1800,-4485, ,CFS
SHA,H,76,INFLOW,20120525,1900,17249, ,CFS
SHA,H,76,INFLOW,20120525,2000,2812, ,CFS
SHA,H,76,INFLOW,20120525,2100,8239, ,CFS
SHA,H,76,INFLOW,20120525,2200,4704, ,CFS
SHA,H,76,INFLOW,20120525,2300,9857, ,CFS
SHA,H,76,INFLOW,20120526,0000,684, ,CFS
SHA,H,76,INFLOW,20120526,0100,-3419, ,CFS
SHA,H,76,INFLOW,20120526,0200,6325, ,CFS
SHA,H,76,INFLOW,20120526,0300,-843, ,CFS
SHA,H,76,INFLOW,20120526,0400,6276, ,CFS
SHA,H,76,INFLOW,20120526,0500,-347, ,CFS
SHA,H,76,INFLOW,20120526,0600,-556, ,CFS
SHA,H,76,INFLOW,20120526,0700,2776, ,CFS
SHA,H,76,INFLOW,20120526,0800,616, ,CFS
SHA,H,76,INFLOW,20120526,0900,-704, ,CFS
SHA,H,76,INFLOW,20120526,1000,2234, ,CFS
SHA,H,76,INFLOW,20120526,1100,1352, ,CFS
SHA,H,76,INFLOW,20120526,1200,-810, ,CFS
SHA,H,76,INFLOW,20120526,1300,6845, ,CFS
SHA,H,76,INFLOW,20120526,1400,-98, ,CFS
SHA,H,76,INFLOW,20120526,1500,2629, ,CFS
SHA,H,76,INFLOW,20120526,1600,5990, ,CFS
SHA,H,76,INFLOW,20120526,1700,19851, ,CFS
SHA,H,76,INFLOW,20120526,1800,-6518, ,CFS
SHA,H,76,INFLOW,20120526,1900,13974, ,CFS
SHA,H,76,INFLOW,20120526,2000,6401, ,CFS
SHA,H,76,INFLOW,20120526,2100,10053, ,CFS
SHA,H,76,INFLOW,20120526,2200,10035, ,CFS
SHA,H,76,INFLOW,20120526,2300,3173, ,CFS
SHA,H,76,INFLOW,20120527,0000,6942, ,CFS
SHA,H,76,INFLOW,20120527,0100,-7343, ,CFS
SHA,H,76,INFLOW,20120527,0200,2837, ,CFS
SHA,H,76,INFLOW,20120527,0300,-440, ,CFS
SHA,H,76,INFLOW,20120527,0400,2675, ,CFS
SHA,H,76,INFLOW,20120527,0500,2797, ,CFS
SHA,H,76,INFLOW,20120527,0600,-574, ,CFS
SHA,H,76,INFLOW,20120527,0700,1863, ,CFS
SHA,H,76,INFLOW,20120527,0800,2373, ,CFS
SHA,H,76,INFLOW,20120527,0900,-1300, ,CFS
SHA,H,76,INFLOW,20120527,1000,884, ,CFS
SHA,H,76,INFLOW,20120527,1100,824, ,CFS
SHA,H,76,INFLOW,20120527,1200,3152, ,CFS
SHA,H,76,INFLOW,20120527,1300,3757, ,CFS
SHA,H,76,INFLOW,20120527,1400,3414, ,CFS
SHA,H,76,INFLOW,20120527,1500,6145, ,CFS
SHA,H,76,INFLOW,20120527,1600,10092, ,CFS
SHA,H,76,INFLOW,20120527,1700,6509, ,CFS
SHA,H,76,INFLOW,20120527,1800,7393, ,CFS
SHA,H,76,INFLOW,20120527,1900,9859, ,CFS
SHA,H,76,INFLOW,20120527,2000,5989, ,CFS
SHA,H,76,INFLOW,20120527,2100,5910, ,CFS
SHA,H,76,INFLOW,20120527,2200,9656, ,CFS
SHA,H,76,INFLOW,20120527,2300,4891, ,CFS
SHA,H,76,INFLOW,20120528,0000,2031, ,CFS
SHA,H,76,INFLOW,20120528,0100,-4097, ,CFS
SHA,H,76,INFLOW,20120528,0200,5748, ,CFS
SHA,H,76,INFLOW,20120528,0300,-1122, ,CFS
SHA,H,76,INFLOW,20120528,0400,2321, ,CFS
SHA,H,76,INFLOW,20120528,0500,2287, ,CFS
SHA,H,76,INFLOW,20120528,0600,-1062, ,CFS
SHA,H,76,INFLOW,20120528,0700,2916, ,CFS
SHA,H,76,INFLOW,20120528,0800,-85, ,CFS
SHA,H,76,INFLOW,20120528,0900,3617, ,CFS
SHA,H,76,INFLOW,20120528,1000,-6615, ,CFS
SHA,H,76,INFLOW,20120528,1100,4322, ,CFS
SHA,H,76,INFLOW,20120528,1200,3025, ,CFS
SHA,H,76,INFLOW,20120528,1300,6933, ,CFS
SHA,H,76,INFLOW,20120528,1400,3625, ,CFS
SHA,H,76,INFLOW,20120528,1500,14200, ,CFS
SHA,H,76,INFLOW,20120528,1600,3730, ,CFS
SHA,H,76,INFLOW,20120528,1700,10717, ,CFS
SHA,H,76,INFLOW,20120528,1800,7238, ,CFS
SHA,H,76,INFLOW,20120528,1900,6747, ,CFS
SHA,H,76,INFLOW,20120528,2000,10169, ,CFS
SHA,H,76,INFLOW,20120528,2100,6518, ,CFS
SHA,H,76,INFLOW,20120528,2200,3235, ,CFS
SHA,H,76,INFLOW,20120528,2300,3064, ,CFS
SHA,H,76,INFLOW,20120529,0000,782, ,CFS
SHA,H,76,INFLOW,20120529,0100,-8, ,CFS
SHA,H,76,INFLOW,20120529,0200,2494, ,CFS
SHA,H,76,INFLOW,20120529,0300,2458, ,CFS
SHA,H,76,INFLOW,20120529,0400,2260, ,CFS
SHA,H,76,INFLOW,20120529,0500,-1059, ,CFS
SHA,H,76,INFLOW,20120529,0600,5954, ,CFS
SHA,H,76,INFLOW,20120529,0700,-1099, ,CFS
SHA,H,76,INFLOW,20120529,0800,-768, ,CFS
SHA,H,76,INFLOW,20120529,0900,1522, ,CFS
SHA,H,76,INFLOW,20120529,1000,36, ,CFS
SHA,H,76,INFLOW,20120529,1100,771, ,CFS
SHA,H,76,INFLOW,20120529,1200,6293, ,CFS
SHA,H,76,INFLOW,20120529,1300,6654, ,CFS
SHA,H,76,INFLOW,20120529,1400,11883, ,CFS
SHA,H,76,INFLOW,20120529,1500,2293, ,CFS
SHA,H,76,INFLOW,20120529,1600,12630, ,CFS
SHA,H,76,INFLOW,20120529,1700,5673, ,CFS
SHA,H,76,INFLOW,20120529,1800,9031, ,CFS
SHA,H,76,INFLOW,20120529,1900,6915, ,CFS
SHA,H,76,INFLOW,20120529,2000,9499, ,CFS
SHA,H,76,INFLOW,20120529,2100,5209, ,CFS
SHA,H,76,INFLOW,20120529,2200,8536, ,CFS
SHA,H,76,INFLOW,20120529,2300,10676, ,CFS
SHA,H,76,INFLOW,20120530,0000,2042, ,CFS
SHA,H,76,INFLOW,20120530,0100,5527, ,CFS
SHA,H,76,INFLOW,20120530,0200,1869, ,CFS
SHA,H,76,INFLOW,20120530,0300,-1659, ,CFS
SHA,H,76,INFLOW,20120530,0400,1996, ,CFS
SHA,H,76,INFLOW,20120530,0500,2077, ,CFS
SHA,H,76,INFLOW,20120530,0600,2236, ,CFS
SHA,H,76,INFLOW,20120530,0700,2786, ,CFS
SHA,H,76,INFLOW,20120530,0800,-134, ,CFS
SHA,H,76,INFLOW,20120530,0900,1878, ,CFS
SHA,H,76,INFLOW,20120530,1000,-915, ,CFS
SHA,H,76,INFLOW,20120530,1100,991, ,CFS
SHA,H,76,INFLOW,20120530,1200,4689, ,CFS
SHA,H,76,INFLOW,20120530,1300,2508, ,CFS
SHA,H,76,INFLOW,20120530,1400,11297, ,CFS
SHA,H,76,INFLOW,20120530,1500,7647, ,CFS
SHA,H,76,INFLOW,20120530,1600,8071, ,CFS
SHA,H,76,INFLOW,20120530,1700,8051, ,CFS
SHA,H,76,INFLOW,20120530,1800,7035, ,CFS
SHA,H,76,INFLOW,20120530,1900,12674, ,CFS
SHA,H,76,INFLOW,20120530,2000,5308, ,CFS
SHA,H,76,INFLOW,20120530,2100,8784, ,CFS
SHA,H,76,INFLOW,20120530,2200,7805, ,CFS
SHA,H,76,INFLOW,20120530,2300,6887, ,CFS
SHA,H,76,INFLOW,20120531,0000,1147, ,CFS
SHA,H,76,INFLOW,20120531,0100,-306, ,CFS
SHA,H,76,INFLOW,20120531,0200,2443, ,CFS
SHA,H,76,INFLOW,20120531,0300,-902, ,CFS
SHA,H,76,INFLOW,20120531,0400,2735, ,CFS
SHA,H,76,INFLOW,20120531,0500,2899, ,CFS
SHA,H,76,INFLOW,20120531,0600,2627, ,CFS
SHA,H,76,INFLOW,20120531,0700,2374, ,CFS
SHA,H,76,INFLOW,20120531,0800,-785, ,CFS
SHA,H,76,INFLOW,20120531,0900,635, ,CFS
SHA,H,76,INFLOW,20120531,1000,2274, ,CFS
SHA,H,76,INFLOW,20120531,1100,-820, ,CFS
SHA,H,76,INFLOW,20120531,1200,469, ,CFS
SHA,H,76,INFLOW,20120531,1300,10783, ,CFS
SHA,H,76,INFLOW,20120531,1400,7894, ,CFS
SHA,H,76,INFLOW,20120531,1500,5014, ,CFS
SHA,H,76,INFLOW,20120531,1600,9346, ,CFS
SHA,H,76,INFLOW,20120531,1700,7858, ,CFS
SHA,H,76,INFLOW,20120531,1800,7409, ,CFS
SHA,H,76,INFLOW,20120531,1900,9445, ,CFS
SHA,H,76,INFLOW,20120531,2000,6327, ,CFS
SHA,H,76,INFLOW,20120531,2100,8109, ,CFS
SHA,H,76,INFLOW,20120531,2200,10941, ,CFS
SHA,H,76,INFLOW,20120531,2300,6510, ,CFS
SHA,H,76,INFLOW,20120601,0000,-3801, ,CFS
SHA,H,76,INFLOW,20120601,0100,-388, ,CFS
SHA,H,76,INFLOW,20120601,0200,2863, ,CFS
SHA,H,76,INFLOW,20120601,0300,3054, ,CFS
SHA,H,76,INFLOW,20120601,0400,2867, ,CFS
SHA,H,76,INFLOW,20120601,0500,-623, ,CFS
SHA,H,76,INFLOW,20120601,0600,3084, ,CFS
SHA,H,76,INFLOW,20120601,0700,2576, ,CFS
SHA,H,76,INFLOW,20120601,0800,-247, ,CFS
SHA,H,76,INFLOW,20120601,0900,-148, ,CFS
SHA,H,76,INFLOW,20120601,1000,-1257, ,CFS
SHA,H,76,INFLOW,20120601,1100,5956, ,CFS
SHA,H,76,INFLOW,20120601,1200,1924, ,CFS
SHA,H,76,INFLOW,20120601,1300,7714, ,CFS
SHA,H,76,INFLOW,20120601,1400,4601, ,CFS
SHA,H,76,INFLOW,20120601,1500,8499, ,CFS
SHA,H,76,INFLOW,20120601,1600,11943, ,CFS
SHA,H,76,INFLOW,20120601,1700,4095, ,CFS
SHA,H,76,INFLOW,20120601,1800,7436, ,CFS
SHA,H,76,INFLOW,20120601,1900,7188, ,CFS
SHA,H,76,INFLOW,20120601,2000,7477, ,CFS
SHA,H,76,INFLOW,20120601,2100,11170, ,CFS
SHA,H,76,INFLOW,20120601,2200,4488, ,CFS
SHA,H,76,INFLOW,20120601,2300,10186, ,CFS
SHA,H,76,INFLOW,20120602,0000,7003, ,CFS
SHA,H,76,INFLOW,20120602,0100,6402, ,CFS
SHA,H,76,INFLOW,20120602,0200,-4547, ,CFS
SHA,H,76,INFLOW,20120602,0300,5804, ,CFS
SHA,H,76,INFLOW,20120602,0400,-933, ,CFS
SHA,H,76,INFLOW,20120602,0500,-946, ,CFS
SHA,H,76,INFLOW,20120602,0600,6012, ,CFS
SHA,H,76,INFLOW,20120602,0700,2174, ,CFS
SHA,H,76,INFLOW,20120602,0800,-785, ,CFS
SHA,H,76,INFLOW,20120602,0900,3890, ,CFS
SHA,H,76,INFLOW,20120602,1000,474, ,CFS
SHA,H,76,INFLOW,20120602,1100,4121, ,CFS
SHA,H,76,INFLOW,20120602,1200,-2908, ,CFS
SHA,H,76,INFLOW,20120602,1300,4751, ,CFS
SHA,H,76,INFLOW,20120602,1400,1496, ,CFS
SHA,H,76,INFLOW,20120602,1500,5975, ,CFS
SHA,H,76,INFLOW,20120602,1600,13904, ,CFS
SHA,H,76,INFLOW,20120602,1700,5131, ,CFS
SHA,H,76,INFLOW,20120602,1800,8220, ,CFS
SHA,H,76,INFLOW,20120602,1900,3788, ,CFS
SHA,H,76,INFLOW,20120602,2000,4743, ,CFS
SHA,H,76,INFLOW,20120602,2100,11918, ,CFS
SHA,H,76,INFLOW,20120602,2200,6239, ,CFS
SHA,H,76,INFLOW,20120602,2300,8127, ,CFS
SHA,H,76,INFLOW,20120603,0000,4194, ,CFS
SHA,H,76,INFLOW,20120603,0100,3233, ,CFS
SHA,H,76,INFLOW,20120603,0200,-612, ,CFS
SHA,H,76,INFLOW,20120603,0300,3121, ,CFS
SHA,H,76,INFLOW,20120603,0400,-249, ,CFS
SHA,H,76,INFLOW,20120603,0500,3192, ,CFS
SHA,H,76,INFLOW,20120603,0600,-4205, ,CFS
SHA,H,76,INFLOW,20120603,0700,3097, ,CFS
SHA,H,76,INFLOW,20120603,0800,-747, ,CFS
SHA,H,76,INFLOW,20120603,0900,3428, ,CFS
SHA,H,76,INFLOW,20120603,1000,1385, ,CFS
SHA,H,76,INFLOW,20120603,1100,3103, ,CFS
SHA,H,76,INFLOW,20120603,1200,2454, ,CFS
SHA,H,76,INFLOW,20120603,1300,1488, ,CFS
SHA,H,76,INFLOW,20120603,1400,4070, ,CFS
SHA,H,76,INFLOW,20120603,1500,7849, ,CFS
SHA,H,76,INFLOW,20120603,1600,11862, ,CFS
SHA,H,76,INFLOW,20120603,1700,4918, ,CFS
SHA,H,76,INFLOW,20120603,1800,9863, ,CFS
SHA,H,76,INFLOW,20120603,1900,-864, ,CFS
SHA,H,76,INFLOW,20120603,2000,6910, ,CFS
SHA,H,76,INFLOW,20120603,2100,10753, ,CFS
SHA,H,76,INFLOW,20120603,2200,6529, ,CFS
SHA,H,76,INFLOW,20120603,2300,7688, ,CFS
SHA,H,76,INFLOW,20120604,0000,-2972, ,CFS
SHA,H,76,INFLOW,20120604,0100,-42, ,CFS
SHA,H,76,INFLOW,20120604,0200,6227, ,CFS
SHA,H,76,INFLOW,20120604,0300,-424, ,CFS
SHA,H,76,INFLOW,20120604,0400,-187, ,CFS
SHA,H,76,INFLOW,20120604,0500,6570, ,CFS
SHA,H,76,INFLOW,20120604,0600,3321, ,CFS
SHA,H,76,INFLOW,20120604,0700,10771, ,CFS
SHA,H,76,INFLOW,20120604,0800,-2911, ,CFS
SHA,H,76,INFLOW,20120604,0900,10389, ,CFS
SHA,H,76,INFLOW,20120604,1000,5254, ,CFS
SHA,H,76,INFLOW,20120604,1100,-11961, ,CFS
SHA,H,76,INFLOW,20120604,1200,14534, ,CFS
SHA,H,76,INFLOW,20120604,1300,6687, ,CFS
SHA,H,76,INFLOW,20120604,1400,9369, ,CFS
SHA,H,76,INFLOW,20120604,1500,1655, ,CFS
SHA,H,76,INFLOW,20120604,1600,-1818, ,CFS
SHA,H,76,INFLOW,20120604,1700,18230, ,CFS
SHA,H,76,INFLOW,20120604,1800,18499, ,CFS
SHA,H,76,INFLOW,20120604,1900,2802, ,CFS
SHA,H,76,INFLOW,20120604,2000,7545, ,CFS
SHA,H,76,INFLOW,20120604,2100,7428, ,CFS
SHA,H,76,INFLOW,20120604,2200,11864, ,CFS
SHA,H,76,INFLOW,20120604,2300,1091, ,CFS
SHA,H,76,INFLOW,20120605,0000,3659, ,CFS
SHA,H,76,INFLOW,20120605,0100,-813, ,CFS
SHA,H,76,INFLOW,20120605,0200,2132, ,CFS
SHA,H,76,INFLOW,20120605,0300,2053, ,CFS
SHA,H,76,INFLOW,20120605,0400,5572, ,CFS
SHA,H,76,INFLOW,20120605,0500,5781, ,CFS
SHA,H,76,INFLOW,20120605,0600,6141, ,CFS
SHA,H,76,INFLOW,20120605,0700,2999, ,CFS
SHA,H,76,INFLOW,20120605,0800,418, ,CFS
SHA,H,76,INFLOW,20120605,0900,5910, ,CFS
SHA,H,76,INFLOW,20120605,1000,1520, ,CFS
SHA,H,76,INFLOW,20120605,1100,7941, ,CFS
SHA,H,76,INFLOW,20120605,1200,10534, ,CFS
SHA,H,76,INFLOW,20120605,1300,4542, ,CFS
SHA,H,76,INFLOW,20120605,1400,8804, ,CFS
SHA,H,76,INFLOW,20120605,1500,13067, ,CFS
SHA,H,76,INFLOW,20120605,1600,2597, ,CFS
SHA,H,76,INFLOW,20120605,1700,10230, ,CFS
SHA,H,76,INFLOW,20120605,1800,6383, ,CFS
SHA,H,76,INFLOW,20120605,1900,7982, ,CFS
SHA,H,76,INFLOW,20120605,2000,8460, ,CFS
SHA,H,76,INFLOW,20120605,2100,4831, ,CFS
SHA,H,76,INFLOW,20120605,2200,11241, ,CFS
SHA,H,76,INFLOW,20120605,2300,8232, ,CFS
SHA,H,76,INFLOW,20120606,0000,4505, ,CFS
SHA,H,76,INFLOW,20120606,0100,7064, ,CFS
SHA,H,76,INFLOW,20120606,0200,3223, ,CFS
SHA,H,76,INFLOW,20120606,0300,-37, ,CFS
SHA,H,76,INFLOW,20120606,0400,6646, ,CFS
SHA,H,76,INFLOW,20120606,0500,-3486, ,CFS
SHA,H,76,INFLOW,20120606,0600,3139, ,CFS
SHA,H,76,INFLOW,20120606,0700,2730, ,CFS
SHA,H,76,INFLOW,20120606,0800,-3845, ,CFS
SHA,H,76,INFLOW,20120606,0900,-906, ,CFS
SHA,H,76,INFLOW,20120606,1000,4026, ,CFS
SHA,H,76,INFLOW,20120606,1100,8508, ,CFS
SHA,H,76,INFLOW,20120606,1200,10252, ,CFS
SHA,H,76,INFLOW,20120606,1300,3401, ,CFS
SHA,H,76,INFLOW,20120606,1400,10352, ,CFS
SHA,H,76,INFLOW,20120606,1500,10394, ,CFS
SHA,H,76,INFLOW,20120606,1600,2920, ,CFS
SHA,H,76,INFLOW,20120606,1700,10275, ,CFS
SHA,H,76,INFLOW,20120606,1800,10066, ,CFS
SHA,H,76,INFLOW,20120606,1900,6834, ,CFS
SHA,H,76,INFLOW,20120606,2000,10519, ,CFS
SHA,H,76,INFLOW,20120606,2100,10460, ,CFS
SHA,H,76,INFLOW,20120606,2200,8360, ,CFS
SHA,H,76,INFLOW,20120606,2300,7676, ,CFS
SHA,H,76,INFLOW,20120607,0000,5835, ,CFS
SHA,H,76,INFLOW,20120607,0100,370, ,CFS
SHA,H,76,INFLOW,20120607,0200,3255, ,CFS
SHA,H,76,INFLOW,20120607,0300,6272, ,CFS
SHA,H,76,INFLOW,20120607,0400,9462, ,CFS
SHA,H,76,INFLOW,20120607,0500,6281, ,CFS
SHA,H,76,INFLOW,20120607,0600,6346, ,CFS
SHA,H,76,INFLOW,20120607,0700,-425, ,CFS
SHA,H,76,INFLOW,20120607,0800,9393, ,CFS
SHA,H,76,INFLOW,20120607,0900,1460, ,CFS
SHA,H,76,INFLOW,20120607,1000,8725, ,CFS
SHA,H,76,INFLOW,20120607,1100,12097, ,CFS
SHA,H,76,INFLOW,20120607,1200,11940, ,CFS
SHA,H,76,INFLOW,20120607,1300,12703, ,CFS
SHA,H,76,INFLOW,20120607,1400,5267, ,CFS
SHA,H,76,INFLOW,20120607,1500,11897, ,CFS
SHA,H,76,INFLOW,20120607,1600,5419, ,CFS
SHA,H,76,INFLOW,20120607,1700,8746, ,CFS
SHA,H,76,INFLOW,20120607,1800,12106, ,CFS
SHA,H,76,INFLOW,20120607,1900,3963, ,CFS
SHA,H,76,INFLOW,20120607,2000,7462, ,CFS
SHA,H,76,INFLOW,20120607,2100,15532, ,CFS
SHA,H,76,INFLOW,20120607,2200,1219, ,CFS
SHA,H,76,INFLOW,20120607,2300,17279, ,CFS
SHA,H,76,INFLOW,20120608,0000,6135, ,CFS
SHA,H,76,INFLOW,20120608,0100,7232, ,CFS
SHA,H,76,INFLOW,20120608,0200,6818, ,CFS
SHA,H,76,INFLOW,20120608,0300,6886, ,CFS
SHA,H,76,INFLOW,20120608,0400,10285, ,CFS
SHA,H,76,INFLOW,20120608,0500,6667, ,CFS
SHA,H,76,INFLOW,20120608,0600,6390, ,CFS
SHA,H,76,INFLOW,20120608,0700,-695, ,CFS
SHA,H,76,INFLOW,20120608,0800,1092, ,CFS
SHA,H,76,INFLOW,20120608,0900,-2298, ,CFS
SHA,H,76,INFLOW,20120608,1000,1096, ,CFS
SHA,H,76,INFLOW,20120608,1100,4414, ,CFS
SHA,H,76,INFLOW,20120608,1200,3353, ,CFS
SHA,H,76,INFLOW,20120608,1300,3768, ,CFS
SHA,H,76,INFLOW,20120608,1400,-318, ,CFS
SHA,H,76,INFLOW,20120608,1500,5841, ,CFS
SHA,H,76,INFLOW,20120608,1600,-4539, ,CFS
SHA,H,76,INFLOW,20120608,1700,2491, ,CFS
SHA,H,76,INFLOW,20120608,1800,-1974, ,CFS
SHA,H,76,INFLOW,20120608,1900,4622, ,CFS
SHA,H,76,INFLOW,20120608,2000,-3229, ,CFS
SHA,H,76,INFLOW,20120608,2100,1470, ,CFS
SHA,H,76,INFLOW,20120608,2200,6808, ,CFS
SHA,H,76,INFLOW,20120608,2300,-9246, ,CFS
SHA,H,76,INFLOW,20120609,0000,5141, ,CFS
SHA,H,76,INFLOW,20120609,0100,3134, ,CFS
SHA,H,76,INFLOW,20120609,0200,2915, ,CFS
SHA,H,76,INFLOW,20120609,0300,2803, ,CFS
SHA,H,76,INFLOW,20120609,0400,2703, ,CFS
SHA,H,76,INFLOW,20120609,0500,-543, ,CFS
SHA,H,76,INFLOW,20120609,0600,-544, ,CFS
SHA,H,76,INFLOW,20120609,0700,7026, ,CFS
SHA,H,76,INFLOW,20120609,0800,-2671, ,CFS
SHA,H,76,INFLOW,20120609,0900,-2071, ,CFS
SHA,H,76,INFLOW,20120609,1000,3499, ,CFS
SHA,H,76,INFLOW,20120609,1100,-63, ,CFS
SHA,H,76,INFLOW,20120609,1200,-579, ,CFS
SHA,H,76,INFLOW,20120609,1300,-1326, ,CFS
SHA,H,76,INFLOW,20120609,1400,2739, ,CFS
SHA,H,76,INFLOW,20120609,1500,9218, ,CFS
SHA,H,76,INFLOW,20120609,1600,7003, ,CFS
SHA,H,76,INFLOW,20120609,1700,6926, ,CFS
SHA,H,76,INFLOW,20120609,1800,7547, ,CFS
SHA,H,76,INFLOW,20120609,1900,3583, ,CFS
SHA,H,76,INFLOW,20120609,2000,6939, ,CFS
SHA,H,76,INFLOW,20120609,2100,3548, ,CFS
SHA,H,76,INFLOW,20120609,2200,10217, ,CFS
SHA,H,76,INFLOW,20120609,2300,-1584, ,CFS
SHA,H,76,INFLOW,20120610,0000,441, ,CFS
SHA,H,76,INFLOW,20120610,0100,4753, ,CFS
SHA,H,76,INFLOW,20120610,0200,1108, ,CFS
SHA,H,76,INFLOW,20120610,0300,3096, ,CFS
SHA,H,76,INFLOW,20120610,0400,-449, ,CFS
SHA,H,76,INFLOW,20120610,0500,3337, ,CFS
SHA,H,76,INFLOW,20120610,0600,-56, ,CFS
SHA,H,76,INFLOW,20120610,0700,5963, ,CFS
SHA,H,76,INFLOW,20120610,0800,-303, ,CFS
SHA,H,76,INFLOW,20120610,0900,-3851, ,CFS
SHA,H,76,INFLOW,20120610,1000,2507, ,CFS
SHA,H,76,INFLOW,20120610,1100,-599, ,CFS
SHA,H,76,INFLOW,20120610,1200,916, ,CFS
SHA,H,76,INFLOW,20120610,1300,-212, ,CFS
SHA,H,76,INFLOW,20120610,1400,4505, ,CFS
SHA,H,76,INFLOW,20120610,1500,8128, ,CFS
SHA,H,76,INFLOW,20120610,1600,1723, ,CFS
SHA,H,76,INFLOW,20120610,1700,8639, ,CFS
SHA,H,76,INFLOW,20120610,1800,6754, ,CFS
SHA,H,76,INFLOW,20120610,1900,2639, ,CFS
SHA,H,76,INFLOW,20120610,2000,8512, ,CFS
SHA,H,76,INFLOW,20120610,2100,5167, ,CFS
SHA,H,76,INFLOW,20120610,2200,5067, ,CFS
SHA,H,76,INFLOW,20120610,2300,8475, ,CFS
SHA,H,76,INFLOW,20120611,0000,-3405, ,CFS
SHA,H,76,INFLOW,20120611,0100,3120, ,CFS
SHA,H,76,INFLOW,20120611,0200,2952, ,CFS
SHA,H,76,INFLOW,20120611,0300,-316, ,CFS
SHA,H,76,INFLOW,20120611,0400,3020, ,CFS
SHA,H,76,INFLOW,20120611,0500,3316, ,CFS
SHA,H,76,INFLOW,20120611,0600,3176, ,CFS
SHA,H,76,INFLOW,20120611,0700,-289, ,CFS
SHA,H,76,INFLOW,20120611,0800,-3271, ,CFS
SHA,H,76,INFLOW,20120611,0900,7564, ,CFS
SHA,H,76,INFLOW,20120611,1000,-2819, ,CFS
SHA,H,76,INFLOW,20120611,1100,9921, ,CFS
SHA,H,76,INFLOW,20120611,1200,4954, ,CFS
SHA,H,76,INFLOW,20120611,1300,7694, ,CFS
SHA,H,76,INFLOW,20120611,1400,3171, ,CFS
SHA,H,76,INFLOW,20120611,1500,9444, ,CFS
SHA,H,76,INFLOW,20120611,1600,8387, ,CFS
SHA,H,76,INFLOW,20120611,1700,8425, ,CFS
SHA,H,76,INFLOW,20120611,1800,6867, ,CFS
SHA,H,76,INFLOW,20120611,1900,8850, ,CFS
SHA,H,76,INFLOW,20120611,2000,6380, ,CFS
SHA,H,76,INFLOW,20120611,2100,9254, ,CFS
SHA,H,76,INFLOW,20120611,2200,4265, ,CFS
SHA,H,76,INFLOW,20120611,2300,6142, ,CFS
SHA,H,76,INFLOW,20120612,0000,-12, ,CFS
SHA,H,76,INFLOW,20120612,0100,-1483, ,CFS
SHA,H,76,INFLOW,20120612,0200,3081, ,CFS
SHA,H,76,INFLOW,20120612,0300,2518, ,CFS
SHA,H,76,INFLOW,20120612,0400,-999, ,CFS
SHA,H,76,INFLOW,20120612,0500,2494, ,CFS
SHA,H,76,INFLOW,20120612,0600,2617, ,CFS
SHA,H,76,INFLOW,20120612,0700,3844, ,CFS
SHA,H,76,INFLOW,20120612,0800,-1467, ,CFS
SHA,H,76,INFLOW,20120612,0900,-44, ,CFS
SHA,H,76,INFLOW,20120612,1000,3370, ,CFS
SHA,H,76,INFLOW,20120612,1100,6154, ,CFS
SHA,H,76,INFLOW,20120612,1200,9719, ,CFS
SHA,H,76,INFLOW,20120612,1300,6039, ,CFS
SHA,H,76,INFLOW,20120612,1400,7613, ,CFS
SHA,H,76,INFLOW,20120612,1500,4064, ,CFS
SHA,H,76,INFLOW,20120612,1600,4034, ,CFS
SHA,H,76,INFLOW,20120612,1700,13099, ,CFS
SHA,H,76,INFLOW,20120612,1800,6161, ,CFS
SHA,H,76,INFLOW,20120612,1900,9427, ,CFS
SHA,H,76,INFLOW,20120612,2000,8188, ,CFS
SHA,H,76,INFLOW,20120612,2100,3657, ,CFS
SHA,H,76,INFLOW,20120612,2200,6358, ,CFS
SHA,H,76,INFLOW,20120612,2300,9166, ,CFS
SHA,H,76,INFLOW,20120613,0000,4852, ,CFS
SHA,H,76,INFLOW,20120613,0100,3680, ,CFS
SHA,H,76,INFLOW,20120613,0200,96, ,CFS
SHA,H,76,INFLOW,20120613,0300,3472, ,CFS
SHA,H,76,INFLOW,20120613,0400,18, ,CFS
SHA,H,76,INFLOW,20120613,0500,3520, ,CFS
SHA,H,76,INFLOW,20120613,0600,37, ,CFS
SHA,H,76,INFLOW,20120613,0700,4133, ,CFS
SHA,H,76,INFLOW,20120613,0800,-2518, ,CFS
SHA,H,76,INFLOW,20120613,0900,2917, ,CFS
SHA,H,76,INFLOW,20120613,1000,-1194, ,CFS
SHA,H,76,INFLOW,20120613,1100,3644, ,CFS
SHA,H,76,INFLOW,20120613,1200,-226, ,CFS
SHA,H,76,INFLOW,20120613,1300,359, ,CFS
SHA,H,76,INFLOW,20120613,1400,1538, ,CFS
SHA,H,76,INFLOW,20120613,1500,3850, ,CFS
SHA,H,76,INFLOW,20120613,1600,1124, ,CFS
SHA,H,76,INFLOW,20120613,1700,852, ,CFS
SHA,H,76,INFLOW,20120613,1800,2441, ,CFS
SHA,H,76,INFLOW,20120613,1900,2226, ,CFS
SHA,H,76,INFLOW,20120613,2000,1258, ,CFS
SHA,H,76,INFLOW,20120613,2100,8099, ,CFS
SHA,H,76,INFLOW,20120613,2200,7728, ,CFS
SHA,H,76,INFLOW,20120613,2300,1252, ,CFS
SHA,H,76,INFLOW,20120614,0000,6314, ,CFS
SHA,H,76,INFLOW,20120614,0100,6420, ,CFS
SHA,H,76,INFLOW,20120614,0200,-571, ,CFS
SHA,H,76,INFLOW,20120614,0300,-323, ,CFS
SHA,H,76,INFLOW,20120614,0400,3091, ,CFS
SHA,H,76,INFLOW,20120614,0500,3288, ,CFS
SHA,H,76,INFLOW,20120614,0600,-257, ,CFS
SHA,H,76,INFLOW,20120614,0700,4062, ,CFS
SHA,H,76,INFLOW,20120614,0800,-1178, ,CFS
SHA,H,76,INFLOW,20120614,0900,1772, ,CFS
SHA,H,76,INFLOW,20120614,1000,-1330, ,CFS
SHA,H,76,INFLOW,20120614,1100,2086, ,CFS
SHA,H,76,INFLOW,20120614,1200,-1596, ,CFS
SHA,H,76,INFLOW,20120614,1300,7474, ,CFS
SHA,H,76,INFLOW,20120614,1400,4609, ,CFS
SHA,H,76,INFLOW,20120614,1500,6581, ,CFS
SHA,H,76,INFLOW,20120614,1600,6838, ,CFS
SHA,H,76,INFLOW,20120614,1700,6861, ,CFS
SHA,H,76,INFLOW,20120614,1800,7536, ,CFS
SHA,H,76,INFLOW,20120614,1900,7504, ,CFS
SHA,H,76,INFLOW,20120614,2000,2978, ,CFS
SHA,H,76,INFLOW,20120614,2100,5586, ,CFS
SHA,H,76,INFLOW,20120614,2200,6674, ,CFS
SHA,H,76,INFLOW,20120614,2300,4942, ,CFS
SHA,H,76,INFLOW,20120615,0000,1571, ,CFS
SHA,H,76,INFLOW,20120615,0100,-2378, ,CFS
SHA,H,76,INFLOW,20120615,0200,248, ,CFS
SHA,H,76,INFLOW,20120615,0300,946, ,CFS
SHA,H,76,INFLOW,20120615,0400,4171, ,CFS
SHA,H,76,INFLOW,20120615,0500,848, ,CFS
SHA,H,76,INFLOW,20120615,0600,543, ,CFS
SHA,H,76,INFLOW,20120615,0700,4412, ,CFS
SHA,H,76,INFLOW,20120615,0800,-736, ,CFS
SHA,H,76,INFLOW,20120615,0900,-3481, ,CFS
SHA,H,76,INFLOW,20120615,1000,6116, ,CFS
SHA,H,76,INFLOW,20120615,1100,-210, ,CFS
SHA,H,76,INFLOW,20120615,1200,-1833, ,CFS
SHA,H,76,INFLOW,20120615,1300,1631, ,CFS
SHA,H,76,INFLOW,20120615,1400,7617, ,CFS
SHA,H,76,INFLOW,20120615,1500,7765, ,CFS
SHA,H,76,INFLOW,20120615,1600,4459, ,CFS
SHA,H,76,INFLOW,20120615,1700,8147, ,CFS
SHA,H,76,INFLOW,20120615,1800,5294, ,CFS
SHA,H,76,INFLOW,20120615,1900,4636, ,CFS
SHA,H,76,INFLOW,20120615,2000,6716, ,CFS
SHA,H,76,INFLOW,20120615,2100,5574, ,CFS
SHA,H,76,INFLOW,20120615,2200,5442, ,CFS
SHA,H,76,INFLOW,20120615,2300,7313, ,CFS
SHA,H,76,INFLOW,20120616,0000,-1578, ,CFS
SHA,H,76,INFLOW,20120616,0100,5132, ,CFS
SHA,H,76,INFLOW,20120616,0200,4899, ,CFS
SHA,H,76,INFLOW,20120616,0300,-1779, ,CFS
SHA,H,76,INFLOW,20120616,0400,-1842, ,CFS
SHA,H,76,INFLOW,20120616,0500,1641, ,CFS
SHA,H,76,INFLOW,20120616,0600,1440, ,CFS
SHA,H,76,INFLOW,20120616,0700,5204, ,CFS
SHA,H,76,INFLOW,20120616,0800,-676, ,CFS
SHA,H,76,INFLOW,20120616,0900,753, ,CFS
SHA,H,76,INFLOW,20120616,1000,853, ,CFS
SHA,H,76,INFLOW,20120616,1100,-2169, ,CFS
SHA,H,76,INFLOW,20120616,1200,2633, ,CFS
SHA,H,76,INFLOW,20120616,1300,-324, ,CFS
SHA,H,76,INFLOW,20120616,1400,5718, ,CFS
SHA,H,76,INFLOW,20120616,1500,5700, ,CFS
SHA,H,76,INFLOW,20120616,1600,7983, ,CFS
SHA,H,76,INFLOW,20120616,1700,8201, ,CFS
SHA,H,76,INFLOW,20120616,1800,11063, ,CFS
SHA,H,76,INFLOW,20120616,1900,2474, ,CFS
SHA,H,76,INFLOW,20120616,2000,5715, ,CFS
SHA,H,76,INFLOW,20120616,2100,4875, ,CFS
SHA,H,76,INFLOW,20120616,2200,8126, ,CFS
SHA,H,76,INFLOW,20120616,2300,5894, ,CFS
SHA,H,76,INFLOW,20120617,0000,2318, ,CFS
SHA,H,76,INFLOW,20120617,0100,1855, ,CFS
SHA,H,76,INFLOW,20120617,0200,1306, ,CFS
SHA,H,76,INFLOW,20120617,0300,1203, ,CFS
SHA,H,76,INFLOW,20120617,0400,1076, ,CFS
SHA,H,76,INFLOW,20120617,0500,1084, ,CFS
SHA,H,76,INFLOW,20120617,0600,-1869, ,CFS
SHA,H,76,INFLOW,20120617,0700,5295, ,CFS
SHA,H,76,INFLOW,20120617,0800,2385, ,CFS
SHA,H,76,INFLOW,20120617,0900,707, ,CFS
SHA,H,76,INFLOW,20120617,1000,-83, ,CFS
SHA,H,76,INFLOW,20120617,1100,1390, ,CFS
SHA,H,76,INFLOW,20120617,1200,2291, ,CFS
SHA,H,76,INFLOW,20120617,1300,2006, ,CFS
SHA,H,76,INFLOW,20120617,1400,4915, ,CFS
SHA,H,76,INFLOW,20120617,1500,8762, ,CFS
SHA,H,76,INFLOW,20120617,1600,3851, ,CFS
SHA,H,76,INFLOW,20120617,1700,4390, ,CFS
SHA,H,76,INFLOW,20120617,1800,11158, ,CFS
SHA,H,76,INFLOW,20120617,1900,2271, ,CFS
SHA,H,76,INFLOW,20120617,2000,4563, ,CFS
SHA,H,76,INFLOW,20120617,2100,3371, ,CFS
SHA,H,76,INFLOW,20120617,2200,4696, ,CFS
SHA,H,76,INFLOW,20120617,2300,3841, ,CFS
SHA,H,76,INFLOW,20120618,0000,1491, ,CFS
SHA,H,76,INFLOW,20120618,0100,1990, ,CFS
SHA,H,76,INFLOW,20120618,0200,854, ,CFS
SHA,H,76,INFLOW,20120618,0300,749, ,CFS
SHA,H,76,INFLOW,20120618,0400,3704, ,CFS
SHA,H,76,INFLOW,20120618,0500,-3101, ,CFS
SHA,H,76,INFLOW,20120618,0600,307, ,CFS
SHA,H,76,INFLOW,20120618,0700,728, ,CFS
SHA,H,76,INFLOW,20120618,0800,1437, ,CFS
SHA,H,76,INFLOW,20120618,0900,2589, ,CFS
SHA,H,76,INFLOW,20120618,1000,1531, ,CFS
SHA,H,76,INFLOW,20120618,1100,2703, ,CFS
SHA,H,76,INFLOW,20120618,1200,3803, ,CFS
SHA,H,76,INFLOW,20120618,1300,7341, ,CFS
SHA,H,76,INFLOW,20120618,1400,8998, ,CFS
SHA,H,76,INFLOW,20120618,1500,2613, ,CFS
SHA,H,76,INFLOW,20120618,1600,7911, ,CFS
SHA,H,76,INFLOW,20120618,1700,7975, ,CFS
SHA,H,76,INFLOW,20120618,1800,4540, ,CFS
SHA,H,76,INFLOW,20120618,1900,9293, ,CFS
SHA,H,76,INFLOW,20120618,2000,8983, ,CFS
SHA,H,76,INFLOW,20120618,2100,3824, ,CFS
SHA,H,76,INFLOW,20120618,2200,6689, ,CFS
SHA,H,76,INFLOW,20120618,2300,3341, ,CFS
SHA,H,76,INFLOW,20120619,0000,-889, ,CFS
SHA,H,76,INFLOW,20120619,0100,2405, ,CFS
SHA,H,76,INFLOW,20120619,0200,-8, ,CFS
SHA,H,76,INFLOW,20120619,0300,225, ,CFS
SHA,H,76,INFLOW,20120619,0400,3816, ,CFS
SHA,H,76,INFLOW,20120619,0500,174, ,CFS
SHA,H,76,INFLOW,20120619,0600,196, ,CFS
SHA,H,76,INFLOW,20120619,0700,1052, ,CFS
SHA,H,76,INFLOW,20120619,0800,571, ,CFS
SHA,H,76,INFLOW,20120619,0900,-4397, ,CFS
SHA,H,76,INFLOW,20120619,1000,7070, ,CFS
SHA,H,76,INFLOW,20120619,1100,-2888, ,CFS
SHA,H,76,INFLOW,20120619,1200,4726, ,CFS
SHA,H,76,INFLOW,20120619,1300,5062, ,CFS
SHA,H,76,INFLOW,20120619,1400,6005, ,CFS
SHA,H,76,INFLOW,20120619,1500,9595, ,CFS
SHA,H,76,INFLOW,20120619,1600,5694, ,CFS
SHA,H,76,INFLOW,20120619,1700,5709, ,CFS
SHA,H,76,INFLOW,20120619,1800,8646, ,CFS
SHA,H,76,INFLOW,20120619,1900,6285, ,CFS
SHA,H,76,INFLOW,20120619,2000,9420, ,CFS
SHA,H,76,INFLOW,20120619,2100,5125, ,CFS
SHA,H,76,INFLOW,20120619,2200,11350, ,CFS
SHA,H,76,INFLOW,20120619,2300,5924, ,CFS
SHA,H,76,INFLOW,20120620,0000,-1095, ,CFS
SHA,H,76,INFLOW,20120620,0100,3630, ,CFS
SHA,H,76,INFLOW,20120620,0200,3513, ,CFS
SHA,H,76,INFLOW,20120620,0300,-3609, ,CFS
SHA,H,76,INFLOW,20120620,0400,3319, ,CFS
SHA,H,76,INFLOW,20120620,0500,104, ,CFS
SHA,H,76,INFLOW,20120620,0600,6722, ,CFS
SHA,H,76,INFLOW,20120620,0700,-5688, ,CFS
SHA,H,76,INFLOW,20120620,0800,4635, ,CFS
SHA,H,76,INFLOW,20120620,0900,-463, ,CFS
SHA,H,76,INFLOW,20120620,1000,321, ,CFS
SHA,H,76,INFLOW,20120620,1100,1700, ,CFS
SHA,H,76,INFLOW,20120620,1200,5494, ,CFS
SHA,H,76,INFLOW,20120620,1300,7104, ,CFS
SHA,H,76,INFLOW,20120620,1400,5471, ,CFS
SHA,H,76,INFLOW,20120620,1500,9311, ,CFS
SHA,H,76,INFLOW,20120620,1600,4593, ,CFS
SHA,H,76,INFLOW,20120620,1700,8050, ,CFS
SHA,H,76,INFLOW,20120620,1800,8014, ,CFS
SHA,H,76,INFLOW,20120620,1900,2924, ,CFS
SHA,H,76,INFLOW,20120620,2000,9069, ,CFS
SHA,H,76,INFLOW,20120620,2100,5538, ,CFS
SHA,H,76,INFLOW,20120620,2200,8135, ,CFS
SHA,H,76,INFLOW,20120620,2300,6171, ,CFS
SHA,H,76,INFLOW,20120621,0000,-1689, ,CFS
SHA,H,76,INFLOW,20120621,0100,4600, ,CFS
SHA,H,76,INFLOW,20120621,0200,1373, ,CFS
SHA,H,76,INFLOW,20120621,0300,1341, ,CFS
SHA,H,76,INFLOW,20120621,0400,1016, ,CFS
SHA,H,76,INFLOW,20120621,0500,965, ,CFS
SHA,H,76,INFLOW,20120621,0600,1117, ,CFS
SHA,H,76,INFLOW,20120621,0700,3229, ,CFS
SHA,H,76,INFLOW,20120621,0800,-4030, ,CFS
SHA,H,76,INFLOW,20120621,0900,2812, ,CFS
SHA,H,76,INFLOW,20120621,1000,-2617, ,CFS
SHA,H,76,INFLOW,20120621,1100,5352, ,CFS
SHA,H,76,INFLOW,20120621,1200,4396, ,CFS
SHA,H,76,INFLOW,20120621,1300,8057, ,CFS
SHA,H,76,INFLOW,20120621,1400,5530, ,CFS
SHA,H,76,INFLOW,20120621,1500,5471, ,CFS
SHA,H,76,INFLOW,20120621,1600,9216, ,CFS
SHA,H,76,INFLOW,20120621,1700,5675, ,CFS
SHA,H,76,INFLOW,20120621,1800,-526, ,CFS
SHA,H,76,INFLOW,20120621,1900,2512, ,CFS
SHA,H,76,INFLOW,20120621,2000,2079, ,CFS
SHA,H,76,INFLOW,20120621,2100,2098, ,CFS
SHA,H,76,INFLOW,20120621,2200,3646, ,CFS
SHA,H,76,INFLOW,20120621,2300,10614, ,CFS
SHA,H,76,INFLOW,20120622,0000,4887, ,CFS
SHA,H,76,INFLOW,20120622,0100,-2990, ,CFS
SHA,H,76,INFLOW,20120622,0200,3082, ,CFS
SHA,H,76,INFLOW,20120622,0300,3242, ,CFS
SHA,H,76,INFLOW,20120622,0400,-365, ,CFS
SHA,H,76,INFLOW,20120622,0500,-210, ,CFS
SHA,H,76,INFLOW,20120622,0600,3323, ,CFS
SHA,H,76,INFLOW,20120622,0700,-2140, ,CFS
SHA,H,76,INFLOW,20120622,0800,2134, ,CFS
SHA,H,76,INFLOW,20120622,0900,-2126, ,CFS
SHA,H,76,INFLOW,20120622,1000,11277, ,CFS
SHA,H,76,INFLOW,20120622,1100,-2481, ,CFS
SHA,H,76,INFLOW,20120622,1200,1678, ,CFS
SHA,H,76,INFLOW,20120622,1300,8728, ,CFS
SHA,H,76,INFLOW,20120622,1400,2572, ,CFS
SHA,H,76,INFLOW,20120622,1500,9464, ,CFS
SHA,H,76,INFLOW,20120622,1600,9542, ,CFS
SHA,H,76,INFLOW,20120622,1700,2186, ,CFS
SHA,H,76,INFLOW,20120622,1800,12180, ,CFS
SHA,H,76,INFLOW,20120622,1900,8912, ,CFS
SHA,H,76,INFLOW,20120622,2000,5052, ,CFS
SHA,H,76,INFLOW,20120622,2100,4716, ,CFS
SHA,H,76,INFLOW,20120622,2200,7882, ,CFS
SHA,H,76,INFLOW,20120622,2300,3960, ,CFS
SHA,H,76,INFLOW,20120623,0000,-1392, ,CFS
SHA,H,76,INFLOW,20120623,0100,3869, ,CFS
SHA,H,76,INFLOW,20120623,0200,554, ,CFS
SHA,H,76,INFLOW,20120623,0300,650, ,CFS
SHA,H,76,INFLOW,20120623,0400,3992, ,CFS
SHA,H,76,INFLOW,20120623,0500,658, ,CFS
SHA,H,76,INFLOW,20120623,0600,3855, ,CFS
SHA,H,76,INFLOW,20120623,0700,1320, ,CFS
SHA,H,76,INFLOW,20120623,0800,-931, ,CFS
SHA,H,76,INFLOW,20120623,0900,1477, ,CFS
SHA,H,76,INFLOW,20120623,1000,371, ,CFS
SHA,H,76,INFLOW,20120623,1100,2954, ,CFS
SHA,H,76,INFLOW,20120623,1200,41, ,CFS
SHA,H,76,INFLOW,20120623,1300,1720, ,CFS
SHA,H,76,INFLOW,20120623,1400,5371, ,CFS
SHA,H,76,INFLOW,20120623,1500,2097, ,CFS
SHA,H,76,INFLOW,20120623,1600,3938, ,CFS
SHA,H,76,INFLOW,20120623,1700,10957, ,CFS
SHA,H,76,INFLOW,20120623,1800,4370, ,CFS
SHA,H,76,INFLOW,20120623,1900,2654, ,CFS
SHA,H,76,INFLOW,20120623,2000,2002, ,CFS
SHA,H,76,INFLOW,20120623,2100,5375, ,CFS
SHA,H,76,INFLOW,20120623,2200,1929, ,CFS
SHA,H,76,INFLOW,20120623,2300,5890, ,CFS
SHA,H,76,INFLOW,20120624,0000,3637, ,CFS
SHA,H,76,INFLOW,20120624,0100,4106, ,CFS
SHA,H,76,INFLOW,20120624,0200,2203, ,CFS
SHA,H,76,INFLOW,20120624,0300,2428, ,CFS
SHA,H,76,INFLOW,20120624,0400,2559, ,CFS
SHA,H,76,INFLOW,20120624,0500,-4287, ,CFS
SHA,H,76,INFLOW,20120624,0600,5502, ,CFS
SHA,H,76,INFLOW,20120624,0700,2922, ,CFS
SHA,H,76,INFLOW,20120624,0800,-4454, ,CFS
SHA,H,76,INFLOW,20120624,0900,6200, ,CFS
SHA,H,76,INFLOW,20120624,1000,-868, ,CFS
SHA,H,76,INFLOW,20120624,1100,1522, ,CFS
SHA,H,76,INFLOW,20120624,1200,2458, ,CFS
SHA,H,76,INFLOW,20120624,1300,-887, ,CFS
SHA,H,76,INFLOW,20120624,1400,5670, ,CFS
SHA,H,76,INFLOW,20120624,1500,2510, ,CFS
SHA,H,76,INFLOW,20120624,1600,759, ,CFS
SHA,H,76,INFLOW,20120624,1700,5014, ,CFS
SHA,H,76,INFLOW,20120624,1800,4828, ,CFS
SHA,H,76,INFLOW,20120624,1900,6578, ,CFS
SHA,H,76,INFLOW,20120624,2000,6179, ,CFS
SHA,H,76,INFLOW,20120624,2100,3099, ,CFS
SHA,H,76,INFLOW,20120624,2200,9392, ,CFS
SHA,H,76,INFLOW,20120624,2300,195, ,CFS
SHA,H,76,INFLOW,20120625,0000,2164, ,CFS
SHA,H,76,INFLOW,20120625,0100,280, ,CFS
SHA,H,76,INFLOW,20120625,0200,-550, ,CFS
SHA,H,76,INFLOW,20120625,0300,2829, ,CFS
SHA,H,76,INFLOW,20120625,0400,-444, ,CFS
SHA,H,76,INFLOW,20120625,0500,-326, ,CFS
SHA,H,76,INFLOW,20120625,0600,3182, ,CFS
SHA,H,76,INFLOW,20120625,0700,-515, ,CFS
SHA,H,76,INFLOW,20120625,0800,-1265, ,CFS
SHA,H,76,INFLOW,20120625,0900,5890, ,CFS
SHA,H,76,INFLOW,20120625,1000,3406, ,CFS
SHA,H,76,INFLOW,20120625,1100,-508, ,CFS
SHA,H,76,INFLOW,20120625,1200,6295, ,CFS
SHA,H,76,INFLOW,20120625,1300,2721, ,CFS
SHA,H,76,INFLOW,20120625,1400,8964, ,CFS
SHA,H,76,INFLOW,20120625,1500,2454, ,CFS
SHA,H,76,INFLOW,20120625,1600,7775, ,CFS
SHA,H,76,INFLOW,20120625,1700,4885, ,CFS
SHA,H,76,INFLOW,20120625,1800,11629, ,CFS
SHA,H,76,INFLOW,20120625,1900,3481, ,CFS
SHA,H,76,INFLOW,20120625,2000,12503, ,CFS
SHA,H,76,INFLOW,20120625,2100,2417, ,CFS
SHA,H,76,INFLOW,20120625,2200,9108, ,CFS
SHA,H,76,INFLOW,20120625,2300,6134, ,CFS
SHA,H,76,INFLOW,20120626,0000,340, ,CFS
SHA,H,76,INFLOW,20120626,0100,6918, ,CFS
SHA,H,76,INFLOW,20120626,0200,-242, ,CFS
SHA,H,76,INFLOW,20120626,0300,64, ,CFS
SHA,H,76,INFLOW,20120626,0400,3310, ,CFS
SHA,H,76,INFLOW,20120626,0500,-73, ,CFS
SHA,H,76,INFLOW,20120626,0600,493, ,CFS
SHA,H,76,INFLOW,20120626,0700,3320, ,CFS
SHA,H,76,INFLOW,20120626,0800,1607, ,CFS
SHA,H,76,INFLOW,20120626,0900,-1498, ,CFS
SHA,H,76,INFLOW,20120626,1000,2010, ,CFS
SHA,H,76,INFLOW,20120626,1100,-1271, ,CFS
SHA,H,76,INFLOW,20120626,1200,2545, ,CFS
SHA,H,76,INFLOW,20120626,1300,5998, ,CFS
SHA,H,76,INFLOW,20120626,1400,7106, ,CFS
SHA,H,76,INFLOW,20120626,1500,9358, ,CFS
SHA,H,76,INFLOW,20120626,1600,3632, ,CFS
SHA,H,76,INFLOW,20120626,1700,10441, ,CFS
SHA,H,76,INFLOW,20120626,1800,6497, ,CFS
SHA,H,76,INFLOW,20120626,1900,8709, ,CFS
SHA,H,76,INFLOW,20120626,2000,4040, ,CFS
SHA,H,76,INFLOW,20120626,2100,6645, ,CFS
SHA,H,76,INFLOW,20120626,2200,7071, ,CFS
SHA,H,76,INFLOW,20120626,2300,5676, ,CFS
SHA,H,76,INFLOW,20120627,0000,317, ,CFS
SHA,H,76,INFLOW,20120627,0100,3129, ,CFS
SHA,H,76,INFLOW,20120627,0200,-421, ,CFS
SHA,H,76,INFLOW,20120627,0300,-599, ,CFS
SHA,H,76,INFLOW,20120627,0400,2763, ,CFS
SHA,H,76,INFLOW,20120627,0500,2906, ,CFS
SHA,H,76,INFLOW,20120627,0600,-562, ,CFS
SHA,H,76,INFLOW,20120627,0700,-1782, ,CFS
SHA,H,76,INFLOW,20120627,0800,2540, ,CFS
SHA,H,76,INFLOW,20120627,0900,1910, ,CFS
SHA,H,76,INFLOW,20120627,1000,-1391, ,CFS
SHA,H,76,INFLOW,20120627,1100,1723, ,CFS
SHA,H,76,INFLOW,20120627,1200,3899, ,CFS
SHA,H,76,INFLOW,20120627,1300,7000, ,CFS
SHA,H,76,INFLOW,20120627,1400,6697, ,CFS
SHA,H,76,INFLOW,20120627,1500,5977, ,CFS
SHA,H,76,INFLOW,20120627,1600,3133, ,CFS
SHA,H,76,INFLOW,20120627,1700,12604, ,CFS
SHA,H,76,INFLOW,20120627,1800,7876, ,CFS
SHA,H,76,INFLOW,20120627,1900,6356, ,CFS
SHA,H,76,INFLOW,20120627,2000,6416, ,CFS
SHA,H,76,INFLOW,20120627,2100,7089, ,CFS
SHA,H,76,INFLOW,20120627,2200,12084, ,CFS
SHA,H,76,INFLOW,20120627,2300,6072, ,CFS
SHA,H,76,INFLOW,20120628,0000,2340, ,CFS
SHA,H,76,INFLOW,20120628,0100,-2212, ,CFS
SHA,H,76,INFLOW,20120628,0200,-636, ,CFS
SHA,H,76,INFLOW,20120628,0300,2696, ,CFS
SHA,H,76,INFLOW,20120628,0400,-311, ,CFS
SHA,H,76,INFLOW,20120628,0500,3107, ,CFS
SHA,H,76,INFLOW,20120628,0600,-408, ,CFS
SHA,H,76,INFLOW,20120628,0700,2625, ,CFS
SHA,H,76,INFLOW,20120628,0800,-573, ,CFS
SHA,H,76,INFLOW,20120628,0900,34, ,CFS
SHA,H,76,INFLOW,20120628,1000,3600, ,CFS
SHA,H,76,INFLOW,20120628,1100,532, ,CFS
SHA,H,76,INFLOW,20120628,1200,673, ,CFS
SHA,H,76,INFLOW,20120628,1300,7427, ,CFS
SHA,H,76,INFLOW,20120628,1400,6640, ,CFS
SHA,H,76,INFLOW,20120628,1500,8253, ,CFS
SHA,H,76,INFLOW,20120628,1600,7198, ,CFS
SHA,H,76,INFLOW,20120628,1700,7280, ,CFS
SHA,H,76,INFLOW,20120628,1800,10646, ,CFS
SHA,H,76,INFLOW,20120628,1900,6132, ,CFS
SHA,H,76,INFLOW,20120628,2000,8762, ,CFS
SHA,H,76,INFLOW,20120628,2100,5868, ,CFS
SHA,H,76,INFLOW,20120628,2200,6780, ,CFS
SHA,H,76,INFLOW,20120628,2300,8677, ,CFS
SHA,H,76,INFLOW,20120629,0000,2281, ,CFS
SHA,H,76,INFLOW,20120629,0100,2929, ,CFS
SHA,H,76,INFLOW,20120629,0200,-707, ,CFS
SHA,H,76,INFLOW,20120629,0300,2725, ,CFS
SHA,H,76,INFLOW,20120629,0400,-567, ,CFS
SHA,H,76,INFLOW,20120629,0500,2961, ,CFS
SHA,H,76,INFLOW,20120629,0600,98, ,CFS
SHA,H,76,INFLOW,20120629,0700,1930, ,CFS
SHA,H,76,INFLOW,20120629,0800,941, ,CFS
SHA,H,76,INFLOW,20120629,0900,1448, ,CFS
SHA,H,76,INFLOW,20120629,1000,-1260, ,CFS
SHA,H,76,INFLOW,20120629,1100,5174, ,CFS
SHA,H,76,INFLOW,20120629,1200,5924, ,CFS
SHA,H,76,INFLOW,20120629,1300,2641, ,CFS
SHA,H,76,INFLOW,20120629,1400,9557, ,CFS
SHA,H,76,INFLOW,20120629,1500,5909, ,CFS
SHA,H,76,INFLOW,20120629,1600,5484, ,CFS
SHA,H,76,INFLOW,20120629,1700,5742, ,CFS
SHA,H,76,INFLOW,20120629,1800,8896, ,CFS
SHA,H,76,INFLOW,20120629,1900,3920, ,CFS
SHA,H,76,INFLOW,20120629,2000,2386, ,CFS
SHA,H,76,INFLOW,20120629,2100,3060, ,CFS
SHA,H,76,INFLOW,20120629,2200,3687, ,CFS
SHA,H,76,INFLOW,20120629,2300,6875, ,CFS
SHA,H,76,INFLOW,20120630,0000,-2674, ,CFS
SHA,H,76,INFLOW,20120630,0100,2123, ,CFS
SHA,H,76,INFLOW,20120630,0200,284, ,CFS
SHA,H,76,INFLOW,20120630,0300,-708, ,CFS
SHA,H,76,INFLOW,20120630,0400,2494, ,CFS
SHA,H,76,INFLOW,20120630,0500,2509, ,CFS
SHA,H,76,INFLOW,20120630,0600,-554, ,CFS
SHA,H,76,INFLOW,20120630,0700,3628, ,CFS
SHA,H,76,INFLOW,20120630,0800,-4201, ,CFS
SHA,H,76,INFLOW,20120630,0900,4262, ,CFS
SHA,H,76,INFLOW,20120630,1000,-1368, ,CFS
SHA,H,76,INFLOW,20120630,1100,8123, ,CFS
SHA,H,76,INFLOW,20120630,1200,3312, ,CFS
SHA,H,76,INFLOW,20120630,1300,3542, ,CFS
SHA,H,76,INFLOW,20120630,1400,7240, ,CFS
SHA,H,76,INFLOW,20120630,1500,4022, ,CFS
SHA,H,76,INFLOW,20120630,1600,1700, ,CFS
SHA,H,76,INFLOW,20120630,1700,5203, ,CFS
SHA,H,76,INFLOW,20120630,1800,6133, ,CFS
SHA,H,76,INFLOW,20120630,1900,5426, ,CFS
SHA,H,76,INFLOW,20120630,2000,2014, ,CFS
SHA,H,76,INFLOW,20120630,2100,4910, ,CFS
SHA,H,76,INFLOW,20120630,2200,7098, ,CFS
SHA,H,76,INFLOW,20120630,2300,4579, ,CFS
SHA,H,76,INFLOW,20120701,0000,4827, ,CFS
SHA,H,76,INFLOW,20120701,0100,7320, ,CFS
SHA,H,76,INFLOW,20120701,0200,-294, ,CFS
SHA,H,76,INFLOW,20120701,0300,-240, ,CFS
SHA,H,76,INFLOW,20120701,0400,3055, ,CFS
SHA,H,76,INFLOW,20120701,0500,2890, ,CFS
SHA,H,76,INFLOW,20120701,0600,-92, ,CFS
SHA,H,76,INFLOW,20120701,0700,1849, ,CFS
SHA,H,76,INFLOW,20120701,0800,-2212, ,CFS
SHA,H,76,INFLOW,20120701,0900,2165, ,CFS
SHA,H,76,INFLOW,20120701,1000,1838, ,CFS
SHA,H,76,INFLOW,20120701,1100,1916, ,CFS
SHA,H,76,INFLOW,20120701,1200,6251, ,CFS
SHA,H,76,INFLOW,20120701,1300,3278, ,CFS
SHA,H,76,INFLOW,20120701,1400,3624, ,CFS
SHA,H,76,INFLOW,20120701,1500,4156, ,CFS
SHA,H,76,INFLOW,20120701,1600,1367, ,CFS
SHA,H,76,INFLOW,20120701,1700,4657, ,CFS
SHA,H,76,INFLOW,20120701,1800,4847, ,CFS
SHA,H,76,INFLOW,20120701,1900,3760, ,CFS
SHA,H,76,INFLOW,20120701,2000,4934, ,CFS
SHA,H,76,INFLOW,20120701,2100,4204, ,CFS
SHA,H,76,INFLOW,20120701,2200,5966, ,CFS
SHA,H,76,INFLOW,20120701,2300,5882, ,CFS
SHA,H,76,INFLOW,20120702,0000,2071, ,CFS
SHA,H,76,INFLOW,20120702,0100,-1191, ,CFS
SHA,H,76,INFLOW,20120702,0200,1626, ,CFS
SHA,H,76,INFLOW,20120702,0300,796, ,CFS
SHA,H,76,INFLOW,20120702,0400,746, ,CFS
SHA,H,76,INFLOW,20120702,0500,1119, ,CFS
SHA,H,76,INFLOW,20120702,0600,1182, ,CFS
SHA,H,76,INFLOW,20120702,0700,1923, ,CFS
SHA,H,76,INFLOW,20120702,0800,911, ,CFS
SHA,H,76,INFLOW,20120702,0900,626, ,CFS
SHA,H,76,INFLOW,20120702,1000,1199, ,CFS
SHA,H,76,INFLOW,20120702,1100,-916, ,CFS
SHA,H,76,INFLOW,20120702,1200,8894, ,CFS
SHA,H,76,INFLOW,20120702,1300,7326, ,CFS
SHA,H,76,INFLOW,20120702,1400,5482, ,CFS
SHA,H,76,INFLOW,20120702,1500,5662, ,CFS
SHA,H,76,INFLOW,20120702,1600,5581, ,CFS
SHA,H,76,INFLOW,20120702,1700,5317, ,CFS
SHA,H,76,INFLOW,20120702,1800,8203, ,CFS
SHA,H,76,INFLOW,20120702,1900,1947, ,CFS
SHA,H,76,INFLOW,20120702,2000,5053, ,CFS
SHA,H,76,INFLOW,20120702,2100,1094, ,CFS
SHA,H,76,INFLOW,20120702,2200,8149, ,CFS
SHA,H,76,INFLOW,20120702,2300,6635, ,CFS
SHA,H,76,INFLOW,20120703,0000,4409, ,CFS
SHA,H,76,INFLOW,20120703,0100,5977, ,CFS
SHA,H,76,INFLOW,20120703,0200,1470, ,CFS
SHA,H,76,INFLOW,20120703,0300,-1796, ,CFS
SHA,H,76,INFLOW,20120703,0400,4623, ,CFS
SHA,H,76,INFLOW,20120703,0500,1414, ,CFS
SHA,H,76,INFLOW,20120703,0600,1351, ,CFS
SHA,H,76,INFLOW,20120703,0700,392, ,CFS
SHA,H,76,INFLOW,20120703,0800,257, ,CFS
SHA,H,76,INFLOW,20120703,0900,-122, ,CFS
SHA,H,76,INFLOW,20120703,1000,4382, ,CFS
SHA,H,76,INFLOW,20120703,1100,-1386, ,CFS
SHA,H,76,INFLOW,20120703,1200,3113, ,CFS
SHA,H,76,INFLOW,20120703,1300,-2131, ,CFS
SHA,H,76,INFLOW,20120703,1400,5398, ,CFS
SHA,H,76,INFLOW,20120703,1500,5694, ,CFS
SHA,H,76,INFLOW,20120703,1600,5944, ,CFS
SHA,H,76,INFLOW,20120703,1700,8862, ,CFS
SHA,H,76,INFLOW,20120703,1800,5460, ,CFS
SHA,H,76,INFLOW,20120703,1900,8643, ,CFS
SHA,H,76,INFLOW,20120703,2000,8405, ,CFS
SHA,H,76,INFLOW,20120703,2100,3999, ,CFS
SHA,H,76,INFLOW,20120703,2200,9312, ,CFS
SHA,H,76,INFLOW,20120703,2300,5806, ,CFS
SHA,H,76,INFLOW,20120704,0000,3575, ,CFS
SHA,H,76,INFLOW,20120704,0100,5571, ,CFS
SHA,H,76,INFLOW,20120704,0200,752, ,CFS
SHA,H,76,INFLOW,20120704,0300,730, ,CFS
SHA,H,76,INFLOW,20120704,0400,687, ,CFS
SHA,H,76,INFLOW,20120704,0500,4000, ,CFS
SHA,H,76,INFLOW,20120704,0600,-2487, ,CFS
SHA,H,76,INFLOW,20120704,0700,1563, ,CFS
SHA,H,76,INFLOW,20120704,0800,-329, ,CFS
SHA,H,76,INFLOW,20120704,0900,1163, ,CFS
SHA,H,76,INFLOW,20120704,1000,669, ,CFS
SHA,H,76,INFLOW,20120704,1100,1319, ,CFS
SHA,H,76,INFLOW,20120704,1200,800, ,CFS
SHA,H,76,INFLOW,20120704,1300,1573, ,CFS
SHA,H,76,INFLOW,20120704,1400,1096, ,CFS
SHA,H,76,INFLOW,20120704,1500,1843, ,CFS
SHA,H,76,INFLOW,20120704,1600,5236, ,CFS
SHA,H,76,INFLOW,20120704,1700,5833, ,CFS
SHA,H,76,INFLOW,20120704,1800,5869, ,CFS
SHA,H,76,INFLOW,20120704,1900,5382, ,CFS
SHA,H,76,INFLOW,20120704,2000,8048, ,CFS
SHA,H,76,INFLOW,20120704,2100,4236, ,CFS
SHA,H,76,INFLOW,20120704,2200,1528, ,CFS
SHA,H,76,INFLOW,20120704,2300,2934, ,CFS
SHA,H,76,INFLOW,20120705,0000,1064, ,CFS
SHA,H,76,INFLOW,20120705,0100,1605, ,CFS
SHA,H,76,INFLOW,20120705,0200,1048, ,CFS
SHA,H,76,INFLOW,20120705,0300,1093, ,CFS
SHA,H,76,INFLOW,20120705,0400,-1686, ,CFS
SHA,H,76,INFLOW,20120705,0500,1825, ,CFS
SHA,H,76,INFLOW,20120705,0600,1525, ,CFS
SHA,H,76,INFLOW,20120705,0700,-1357, ,CFS
SHA,H,76,INFLOW,20120705,0800,3031, ,CFS
SHA,H,76,INFLOW,20120705,0900,-909, ,CFS
SHA,H,76,INFLOW,20120705,1000,568, ,CFS
SHA,H,76,INFLOW,20120705,1100,-1802, ,CFS
SHA,H,76,INFLOW,20120705,1200,4700, ,CFS
SHA,H,76,INFLOW,20120705,1300,1097, ,CFS
SHA,H,76,INFLOW,20120705,1400,4646, ,CFS
SHA,H,76,INFLOW,20120705,1500,7364, ,CFS
SHA,H,76,INFLOW,20120705,1600,5963, ,CFS
SHA,H,76,INFLOW,20120705,1700,6131, ,CFS
SHA,H,76,INFLOW,20120705,1800,6222, ,CFS
SHA,H,76,INFLOW,20120705,1900,6719, ,CFS
SHA,H,76,INFLOW,20120705,2000,5704, ,CFS
SHA,H,76,INFLOW,20120705,2100,6763, ,CFS
SHA,H,76,INFLOW,20120705,2200,5909, ,CFS
SHA,H,76,INFLOW,20120705,2300,10019, ,CFS
SHA,H,76,INFLOW,20120706,0000,-207, ,CFS
SHA,H,76,INFLOW,20120706,0100,3096, ,CFS
SHA,H,76,INFLOW,20120706,0200,1824, ,CFS
SHA,H,76,INFLOW,20120706,0300,1638, ,CFS
SHA,H,76,INFLOW,20120706,0400,1624, ,CFS
SHA,H,76,INFLOW,20120706,0500,-1700, ,CFS
SHA,H,76,INFLOW,20120706,0600,4684, ,CFS
SHA,H,76,INFLOW,20120706,0700,-2355, ,CFS
SHA,H,76,INFLOW,20120706,0800,-951, ,CFS
SHA,H,76,INFLOW,20120706,0900,1389, ,CFS
SHA,H,76,INFLOW,20120706,1000,-299, ,CFS
SHA,H,76,INFLOW,20120706,1100,-288, ,CFS
SHA,H,76,INFLOW,20120706,1200,1222, ,CFS
SHA,H,76,INFLOW,20120706,1300,993, ,CFS
SHA,H,76,INFLOW,20120706,1400,7992, ,CFS
SHA,H,76,INFLOW,20120706,1500,5088, ,CFS
SHA,H,76,INFLOW,20120706,1600,5976, ,CFS
SHA,H,76,INFLOW,20120706,1700,6390, ,CFS
SHA,H,76,INFLOW,20120706,1800,6232, ,CFS
SHA,H,76,INFLOW,20120706,1900,10044, ,CFS
SHA,H,76,INFLOW,20120706,2000,5275, ,CFS
SHA,H,76,INFLOW,20120706,2100,4057, ,CFS
SHA,H,76,INFLOW,20120706,2200,10391, ,CFS
SHA,H,76,INFLOW,20120706,2300,3964, ,CFS
SHA,H,76,INFLOW,20120707,0000,-4057, ,CFS
SHA,H,76,INFLOW,20120707,0100,6100, ,CFS
SHA,H,76,INFLOW,20120707,0200,-2658, ,CFS
SHA,H,76,INFLOW,20120707,0300,5169, ,CFS
SHA,H,76,INFLOW,20120707,0400,1674, ,CFS
SHA,H,76,INFLOW,20120707,0500,1396, ,CFS
SHA,H,76,INFLOW,20120707,0600,-1692, ,CFS
SHA,H,76,INFLOW,20120707,0700,1777, ,CFS
SHA,H,76,INFLOW,20120707,0800,-3515, ,CFS
SHA,H,76,INFLOW,20120707,0900,1540, ,CFS
SHA,H,76,INFLOW,20120707,1000,-542, ,CFS
SHA,H,76,INFLOW,20120707,1100,1325, ,CFS
SHA,H,76,INFLOW,20120707,1200,1112, ,CFS
SHA,H,76,INFLOW,20120707,1300,5321, ,CFS
SHA,H,76,INFLOW,20120707,1400,2962, ,CFS
SHA,H,76,INFLOW,20120707,1500,9583, ,CFS
SHA,H,76,INFLOW,20120707,1600,3985, ,CFS
SHA,H,76,INFLOW,20120707,1700,6813, ,CFS
SHA,H,76,INFLOW,20120707,1800,10225, ,CFS
SHA,H,76,INFLOW,20120707,1900,6901, ,CFS
SHA,H,76,INFLOW,20120707,2000,2730, ,CFS
SHA,H,76,INFLOW,20120707,2100,6605, ,CFS
SHA,H,76,INFLOW,20120707,2200,9570, ,CFS
SHA,H,76,INFLOW,20120707,2300,3328, ,CFS
SHA,H,76,INFLOW,20120708,0000,1183, ,CFS
SHA,H,76,INFLOW,20120708,0100,1068, ,CFS
SHA,H,76,INFLOW,20120708,0200,2211, ,CFS
SHA,H,76,INFLOW,20120708,0300,1800, ,CFS
SHA,H,76,INFLOW,20120708,0400,1784, ,CFS
SHA,H,76,INFLOW,20120708,0500,1520, ,CFS
SHA,H,76,INFLOW,20120708,0600,856, ,CFS
SHA,H,76,INFLOW,20120708,0700,-477, ,CFS
SHA,H,76,INFLOW,20120708,0800,-675, ,CFS
SHA,H,76,INFLOW,20120708,0900,-2060, ,CFS
SHA,H,76,INFLOW,20120708,1000,1132, ,CFS
SHA,H,76,INFLOW,20120708,1100,-1046, ,CFS
SHA,H,76,INFLOW,20120708,1200,3112, ,CFS
SHA,H,76,INFLOW,20120708,1300,243, ,CFS
SHA,H,76,INFLOW,20120708,1400,7410, ,CFS
SHA,H,76,INFLOW,20120708,1500,4155, ,CFS
SHA,H,76,INFLOW,20120708,1600,6627, ,CFS
SHA,H,76,INFLOW,20120708,1700,6582, ,CFS
SHA,H,76,INFLOW,20120708,1800,6588, ,CFS
SHA,H,76,INFLOW,20120708,1900,6692, ,CFS
SHA,H,76,INFLOW,20120708,2000,6918, ,CFS
SHA,H,76,INFLOW,20120708,2100,3133, ,CFS
SHA,H,76,INFLOW,20120708,2200,6531, ,CFS
SHA,H,76,INFLOW,20120708,2300,8661, ,CFS
SHA,H,76,INFLOW,20120709,0000,3866, ,CFS
SHA,H,76,INFLOW,20120709,0100,544, ,CFS
SHA,H,76,INFLOW,20120709,0200,-1149, ,CFS
SHA,H,76,INFLOW,20120709,0300,1759, ,CFS
SHA,H,76,INFLOW,20120709,0400,-1017, ,CFS
SHA,H,76,INFLOW,20120709,0500,4926, ,CFS
SHA,H,76,INFLOW,20120709,0600,1628, ,CFS
SHA,H,76,INFLOW,20120709,0700,-766, ,CFS
SHA,H,76,INFLOW,20120709,0800,-739, ,CFS
SHA,H,76,INFLOW,20120709,0900,-253, ,CFS
SHA,H,76,INFLOW,20120709,1000,1312, ,CFS
SHA,H,76,INFLOW,20120709,1100,3453, ,CFS
SHA,H,76,INFLOW,20120709,1200,4029, ,CFS
SHA,H,76,INFLOW,20120709,1300,6516, ,CFS
SHA,H,76,INFLOW,20120709,1400,9274, ,CFS
SHA,H,76,INFLOW,20120709,1500,3641, ,CFS
SHA,H,76,INFLOW,20120709,1600,6852, ,CFS
SHA,H,76,INFLOW,20120709,1700,6585, ,CFS
SHA,H,76,INFLOW,20120709,1800,6572, ,CFS
SHA,H,76,INFLOW,20120709,1900,7115, ,CFS
SHA,H,76,INFLOW,20120709,2000,3292, ,CFS
SHA,H,76,INFLOW,20120709,2100,9017, ,CFS
SHA,H,76,INFLOW,20120709,2200,2024, ,CFS
SHA,H,76,INFLOW,20120709,2300,6438, ,CFS
SHA,H,76,INFLOW,20120710,0000,5901, ,CFS
SHA,H,76,INFLOW,20120710,0100,318, ,CFS
SHA,H,76,INFLOW,20120710,0200,317, ,CFS
SHA,H,76,INFLOW,20120710,0300,2631, ,CFS
SHA,H,76,INFLOW,20120710,0400,-73, ,CFS
SHA,H,76,INFLOW,20120710,0500,-152, ,CFS
SHA,H,76,INFLOW,20120710,0600,2926, ,CFS
SHA,H,76,INFLOW,20120710,0700,810, ,CFS
SHA,H,76,INFLOW,20120710,0800,696, ,CFS
SHA,H,76,INFLOW,20120710,0900,-2429, ,CFS
SHA,H,76,INFLOW,20120710,1000,1592, ,CFS
SHA,H,76,INFLOW,20120710,1100,119, ,CFS
SHA,H,76,INFLOW,20120710,1200,43, ,CFS
SHA,H,76,INFLOW,20120710,1300,6189, ,CFS
SHA,H,76,INFLOW,20120710,1400,4957, ,CFS
SHA,H,76,INFLOW,20120710,1500,4832, ,CFS
SHA,H,76,INFLOW,20120710,1600,8014, ,CFS
SHA,H,76,INFLOW,20120710,1700,7878, ,CFS
SHA,H,76,INFLOW,20120710,1800,5101, ,CFS
SHA,H,76,INFLOW,20120710,1900,5198, ,CFS
SHA,H,76,INFLOW,20120710,2000,5280, ,CFS
SHA,H,76,INFLOW,20120710,2100,7473, ,CFS
SHA,H,76,INFLOW,20120710,2200,12941, ,CFS
SHA,H,76,INFLOW,20120710,2300,1633, ,CFS
SHA,H,76,INFLOW,20120711,0000,9217, ,CFS
SHA,H,76,INFLOW,20120711,0100,1746, ,CFS
SHA,H,76,INFLOW,20120711,0200,1017, ,CFS
SHA,H,76,INFLOW,20120711,0300,411, ,CFS
SHA,H,76,INFLOW,20120711,0400,2866, ,CFS
SHA,H,76,INFLOW,20120711,0500,-88, ,CFS
SHA,H,76,INFLOW,20120711,0600,3255, ,CFS
SHA,H,76,INFLOW,20120711,0700,-2305, ,CFS
SHA,H,76,INFLOW,20120711,0800,1126, ,CFS
SHA,H,76,INFLOW,20120711,0900,1283, ,CFS
SHA,H,76,INFLOW,20120711,1000,-2565, ,CFS
SHA,H,76,INFLOW,20120711,1100,9232, ,CFS
SHA,H,76,INFLOW,20120711,1200,3513, ,CFS
SHA,H,76,INFLOW,20120711,1300,5556, ,CFS
SHA,H,76,INFLOW,20120711,1400,4859, ,CFS
SHA,H,76,INFLOW,20120711,1500,4984, ,CFS
SHA,H,76,INFLOW,20120711,1600,9775, ,CFS
SHA,H,76,INFLOW,20120711,1700,6753, ,CFS
SHA,H,76,INFLOW,20120711,1800,3640, ,CFS
SHA,H,76,INFLOW,20120711,1900,4888, ,CFS
SHA,H,76,INFLOW,20120711,2000,7266, ,CFS
SHA,H,76,INFLOW,20120711,2100,5165, ,CFS
SHA,H,76,INFLOW,20120711,2200,9170, ,CFS
SHA,H,76,INFLOW,20120711,2300,3605, ,CFS
SHA,H,76,INFLOW,20120712,0000,3461, ,CFS
SHA,H,76,INFLOW,20120712,0100,1361, ,CFS
SHA,H,76,INFLOW,20120712,0200,-9, ,CFS
SHA,H,76,INFLOW,20120712,0300,5222, ,CFS
SHA,H,76,INFLOW,20120712,0400,-802, ,CFS
SHA,H,76,INFLOW,20120712,0500,-876, ,CFS
SHA,H,76,INFLOW,20120712,0600,5431, ,CFS
SHA,H,76,INFLOW,20120712,0700,-1819, ,CFS
SHA,H,76,INFLOW,20120712,0800,350, ,CFS
SHA,H,76,INFLOW,20120712,0900,-1459, ,CFS
SHA,H,76,INFLOW,20120712,1000,3400, ,CFS
SHA,H,76,INFLOW,20120712,1100,5076, ,CFS
SHA,H,76,INFLOW,20120712,1200,130, ,CFS
SHA,H,76,INFLOW,20120712,1300,9756, ,CFS
SHA,H,76,INFLOW,20120712,1400,4303, ,CFS
SHA,H,76,INFLOW,20120712,1500,4241, ,CFS
SHA,H,76,INFLOW,20120712,1600,7821, ,CFS
SHA,H,76,INFLOW,20120712,1700,4149, ,CFS
SHA,H,76,INFLOW,20120712,1800,3961, ,CFS
SHA,H,76,INFLOW,20120712,1900,4089, ,CFS
SHA,H,76,INFLOW,20120712,2000,8548, ,CFS
SHA,H,76,INFLOW,20120712,2100,2236, ,CFS
SHA,H,76,INFLOW,20120712,2200,8154, ,CFS
SHA,H,76,INFLOW,20120712,2300,7047, ,CFS
SHA,H,76,INFLOW,20120713,0000,3532, ,CFS
SHA,H,76,INFLOW,20120713,0100,92, ,CFS
SHA,H,76,INFLOW,20120713,0200,-751, ,CFS
SHA,H,76,INFLOW,20120713,0300,5225, ,CFS
SHA,H,76,INFLOW,20120713,0400,-1085, ,CFS
SHA,H,76,INFLOW,20120713,0500,-1199, ,CFS
SHA,H,76,INFLOW,20120713,0600,4783, ,CFS
SHA,H,76,INFLOW,20120713,0700,-1356, ,CFS
SHA,H,76,INFLOW,20120713,0800,143, ,CFS
SHA,H,76,INFLOW,20120713,0900,419, ,CFS
SHA,H,76,INFLOW,20120713,1000,-489, ,CFS
SHA,H,76,INFLOW,20120713,1100,3039, ,CFS
SHA,H,76,INFLOW,20120713,1200,-905, ,CFS
SHA,H,76,INFLOW,20120713,1300,2173, ,CFS
SHA,H,76,INFLOW,20120713,1400,2670, ,CFS
SHA,H,76,INFLOW,20120713,1500,2782, ,CFS
SHA,H,76,INFLOW,20120713,1600,4389, ,CFS
SHA,H,76,INFLOW,20120713,1700,7355, ,CFS
SHA,H,76,INFLOW,20120713,1800,4748, ,CFS
SHA,H,76,INFLOW,20120713,1900,8392, ,CFS
SHA,H,76,INFLOW,20120713,2000,4399, ,CFS
SHA,H,76,INFLOW,20120713,2100,5193, ,CFS
SHA,H,76,INFLOW,20120713,2200,5895, ,CFS
SHA,H,76,INFLOW,20120713,2300,5099, ,CFS
SHA,H,76,INFLOW,20120714,0000,-384, ,CFS
SHA,H,76,INFLOW,20120714,0100,-175, ,CFS
SHA,H,76,INFLOW,20120714,0200,1840, ,CFS
SHA,H,76,INFLOW,20120714,0300,1926, ,CFS
SHA,H,76,INFLOW,20120714,0400,1910, ,CFS
SHA,H,76,INFLOW,20120714,0500,-1202, ,CFS
SHA,H,76,INFLOW,20120714,0600,1844, ,CFS
SHA,H,76,INFLOW,20120714,0700,115, ,CFS
SHA,H,76,INFLOW,20120714,0800,-3307, ,CFS
SHA,H,76,INFLOW,20120714,0900,1507, ,CFS
SHA,H,76,INFLOW,20120714,1000,3031, ,CFS
SHA,H,76,INFLOW,20120714,1100,178, ,CFS
SHA,H,76,INFLOW,20120714,1200,1793, ,CFS
SHA,H,76,INFLOW,20120714,1300,-678, ,CFS
SHA,H,76,INFLOW,20120714,1400,1890, ,CFS
SHA,H,76,INFLOW,20120714,1500,692, ,CFS
SHA,H,76,INFLOW,20120714,1600,6851, ,CFS
SHA,H,76,INFLOW,20120714,1700,7065, ,CFS
SHA,H,76,INFLOW,20120714,1800,7183, ,CFS
SHA,H,76,INFLOW,20120714,1900,3539, ,CFS
SHA,H,76,INFLOW,20120714,2000,6547, ,CFS
SHA,H,76,INFLOW,20120714,2100,4212, ,CFS
SHA,H,76,INFLOW,20120714,2200,8233, ,CFS
SHA,H,76,INFLOW,20120714,2300,7206, ,CFS
SHA,H,76,INFLOW,20120715,0000,693, ,CFS
SHA,H,76,INFLOW,20120715,0100,359, ,CFS
SHA,H,76,INFLOW,20120715,0200,3529, ,CFS
SHA,H,76,INFLOW,20120715,0300,-1347, ,CFS
SHA,H,76,INFLOW,20120715,0400,1871, ,CFS
SHA,H,76,INFLOW,20120715,0500,-1213, ,CFS
SHA,H,76,INFLOW,20120715,0600,1681, ,CFS
SHA,H,76,INFLOW,20120715,0700,2222, ,CFS
SHA,H,76,INFLOW,20120715,0800,-437, ,CFS
SHA,H,76,INFLOW,20120715,0900,-2206, ,CFS
SHA,H,76,INFLOW,20120715,1000,3712, ,CFS
SHA,H,76,INFLOW,20120715,1100,161, ,CFS
SHA,H,76,INFLOW,20120715,1200,337, ,CFS
SHA,H,76,INFLOW,20120715,1300,294, ,CFS
SHA,H,76,INFLOW,20120715,1400,2575, ,CFS
SHA,H,76,INFLOW,20120715,1500,1475, ,CFS
SHA,H,76,INFLOW,20120715,1600,504, ,CFS
SHA,H,76,INFLOW,20120715,1700,3945, ,CFS
SHA,H,76,INFLOW,20120715,1800,-833, ,CFS
SHA,H,76,INFLOW,20120715,1900,8022, ,CFS
SHA,H,76,INFLOW,20120715,2000,4417, ,CFS
SHA,H,76,INFLOW,20120715,2100,3942, ,CFS
SHA,H,76,INFLOW,20120715,2200,2273, ,CFS
SHA,H,76,INFLOW,20120715,2300,3175, ,CFS
SHA,H,76,INFLOW,20120716,0000,1833, ,CFS
SHA,H,76,INFLOW,20120716,0100,2090, ,CFS
SHA,H,76,INFLOW,20120716,0200,-4358, ,CFS
SHA,H,76,INFLOW,20120716,0300,5230, ,CFS
SHA,H,76,INFLOW,20120716,0400,-795, ,CFS
SHA,H,76,INFLOW,20120716,0500,-576, ,CFS
SHA,H,76,INFLOW,20120716,0600,-474, ,CFS
SHA,H,76,INFLOW,20120716,0700,2535, ,CFS
SHA,H,76,INFLOW,20120716,0800,-46, ,CFS
SHA,H,76,INFLOW,20120716,0900,3500, ,CFS
SHA,H,76,INFLOW,20120716,1000,-1485, ,CFS
SHA,H,76,INFLOW,20120716,1100,3197, ,CFS
SHA,H,76,INFLOW,20120716,1200,-546, ,CFS
SHA,H,76,INFLOW,20120716,1300,1863, ,CFS
SHA,H,76,INFLOW,20120716,1400,2309, ,CFS
SHA,H,76,INFLOW,20120716,1500,-758, ,CFS
SHA,H,76,INFLOW,20120716,1600,9266, ,CFS
SHA,H,76,INFLOW,20120716,1700,5865, ,CFS
SHA,H,76,INFLOW,20120716,1800,2842, ,CFS
SHA,H,76,INFLOW,20120716,1900,8609, ,CFS
SHA,H,76,INFLOW,20120716,2000,2737, ,CFS
SHA,H,76,INFLOW,20120716,2100,3349, ,CFS
SHA,H,76,INFLOW,20120716,2200,6188, ,CFS
SHA,H,76,INFLOW,20120716,2300,4339, ,CFS
SHA,H,76,INFLOW,20120717,0000,-140, ,CFS
SHA,H,76,INFLOW,20120717,0100,1527, ,CFS
SHA,H,76,INFLOW,20120717,0200,-544, ,CFS
SHA,H,76,INFLOW,20120717,0300,-778, ,CFS
SHA,H,76,INFLOW,20120717,0400,-232, ,CFS
SHA,H,76,INFLOW,20120717,0500,2844, ,CFS
SHA,H,76,INFLOW,20120717,0600,-365, ,CFS
SHA,H,76,INFLOW,20120717,0700,-785, ,CFS
SHA,H,76,INFLOW,20120717,0800,4445, ,CFS
SHA,H,76,INFLOW,20120717,0900,-1115, ,CFS
SHA,H,76,INFLOW,20120717,1000,2242, ,CFS
SHA,H,76,INFLOW,20120717,1100,-139, ,CFS
SHA,H,76,INFLOW,20120717,1200,1956, ,CFS
SHA,H,76,INFLOW,20120717,1300,-939, ,CFS
SHA,H,76,INFLOW,20120717,1400,-487, ,CFS
SHA,H,76,INFLOW,20120717,1500,3373, ,CFS
SHA,H,76,INFLOW,20120717,1600,6497, ,CFS
SHA,H,76,INFLOW,20120717,1700,6249, ,CFS
SHA,H,76,INFLOW,20120717,1800,9176, ,CFS
SHA,H,76,INFLOW,20120717,1900,2786, ,CFS
SHA,H,76,INFLOW,20120717,2000,6168, ,CFS
SHA,H,76,INFLOW,20120717,2100,9882, ,CFS
SHA,H,76,INFLOW,20120717,2200,3493, ,CFS
SHA,H,76,INFLOW,20120717,2300,9922, ,CFS
SHA,H,76,INFLOW,20120718,0000,-926, ,CFS
SHA,H,76,INFLOW,20120718,0100,1060, ,CFS
SHA,H,76,INFLOW,20120718,0200,-361, ,CFS
SHA,H,76,INFLOW,20120718,0300,-608, ,CFS
SHA,H,76,INFLOW,20120718,0400,2587, ,CFS
SHA,H,76,INFLOW,20120718,0500,2861, ,CFS
SHA,H,76,INFLOW,20120718,0600,-238, ,CFS
SHA,H,76,INFLOW,20120718,0700,-900, ,CFS
SHA,H,76,INFLOW,20120718,0800,1554, ,CFS
SHA,H,76,INFLOW,20120718,0900,-57, ,CFS
SHA,H,76,INFLOW,20120718,1000,2172, ,CFS
SHA,H,76,INFLOW,20120718,1100,-1067, ,CFS
SHA,H,76,INFLOW,20120718,1200,2236, ,CFS
SHA,H,76,INFLOW,20120718,1300,2240, ,CFS
SHA,H,76,INFLOW,20120718,1400,2900, ,CFS
SHA,H,76,INFLOW,20120718,1500,3398, ,CFS
SHA,H,76,INFLOW,20120718,1600,356, ,CFS
SHA,H,76,INFLOW,20120718,1700,9465, ,CFS
SHA,H,76,INFLOW,20120718,1800,5175, ,CFS
SHA,H,76,INFLOW,20120718,1900,7759, ,CFS
SHA,H,76,INFLOW,20120718,2000,7543, ,CFS
SHA,H,76,INFLOW,20120718,2100,4031, ,CFS
SHA,H,76,INFLOW,20120718,2200,6935, ,CFS
SHA,H,76,INFLOW,20120718,2300,9449, ,CFS
SHA,H,76,INFLOW,20120719,0000,-3885, ,CFS
SHA,H,76,INFLOW,20120719,0100,3954, ,CFS
SHA,H,76,INFLOW,20120719,0200,-523, ,CFS
SHA,H,76,INFLOW,20120719,0300,2259, ,CFS
SHA,H,76,INFLOW,20120719,0400,2445, ,CFS
SHA,H,76,INFLOW,20120719,0500,-3530, ,CFS
SHA,H,76,INFLOW,20120719,0600,2698, ,CFS
SHA,H,76,INFLOW,20120719,0700,541, ,CFS
SHA,H,76,INFLOW,20120719,0800,3933, ,CFS
SHA,H,76,INFLOW,20120719,0900,360, ,CFS
SHA,H,76,INFLOW,20120719,1000,6490, ,CFS
SHA,H,76,INFLOW,20120719,1100,-1176, ,CFS
SHA,H,76,INFLOW,20120719,1200,8256, ,CFS
SHA,H,76,INFLOW,20120719,1300,5231, ,CFS
SHA,H,76,INFLOW,20120719,1400,5553, ,CFS
SHA,H,76,INFLOW,20120719,1500,1315, ,CFS
SHA,H,76,INFLOW,20120719,1600,11660, ,CFS
SHA,H,76,INFLOW,20120719,1700,3301, ,CFS
SHA,H,76,INFLOW,20120719,1800,9376, ,CFS
SHA,H,76,INFLOW,20120719,1900,293, ,CFS
SHA,H,76,INFLOW,20120719,2000,10441, ,CFS
SHA,H,76,INFLOW,20120719,2100,4110, ,CFS
SHA,H,76,INFLOW,20120719,2200,3591, ,CFS
SHA,H,76,INFLOW,20120719,2300,12969, ,CFS
SHA,H,76,INFLOW,20120720,0000,-2959, ,CFS
SHA,H,76,INFLOW,20120720,0100,3608, ,CFS
SHA,H,76,INFLOW,20120720,0200,-612, ,CFS
SHA,H,76,INFLOW,20120720,0300,-838, ,CFS
SHA,H,76,INFLOW,20120720,0400,5293, ,CFS
SHA,H,76,INFLOW,20120720,0500,-650, ,CFS
SHA,H,76,INFLOW,20120720,0600,-510, ,CFS
SHA,H,76,INFLOW,20120720,0700,-2492, ,CFS
SHA,H,76,INFLOW,20120720,0800,98, ,CFS
SHA,H,76,INFLOW,20120720,0900,-268, ,CFS
SHA,H,76,INFLOW,20120720,1000,2019, ,CFS
SHA,H,76,INFLOW,20120720,1100,-98, ,CFS
SHA,H,76,INFLOW,20120720,1200,2795, ,CFS
SHA,H,76,INFLOW,20120720,1300,-670, ,CFS
SHA,H,76,INFLOW,20120720,1400,5611, ,CFS
SHA,H,76,INFLOW,20120720,1500,9071, ,CFS
SHA,H,76,INFLOW,20120720,1600,3170, ,CFS
SHA,H,76,INFLOW,20120720,1700,9347, ,CFS
SHA,H,76,INFLOW,20120720,1800,5663, ,CFS
SHA,H,76,INFLOW,20120720,1900,5634, ,CFS
SHA,H,76,INFLOW,20120720,2000,8427, ,CFS
SHA,H,76,INFLOW,20120720,2100,4866, ,CFS
SHA,H,76,INFLOW,20120720,2200,7837, ,CFS
SHA,H,76,INFLOW,20120720,2300,6269, ,CFS
SHA,H,76,INFLOW,20120721,0000,979, ,CFS
SHA,H,76,INFLOW,20120721,0100,1014, ,CFS
SHA,H,76,INFLOW,20120721,0200,-44, ,CFS
SHA,H,76,INFLOW,20120721,0300,3215, ,CFS
SHA,H,76,INFLOW,20120721,0400,147, ,CFS
SHA,H,76,INFLOW,20120721,0500,3017, ,CFS
SHA,H,76,INFLOW,20120721,0600,92, ,CFS
SHA,H,76,INFLOW,20120721,0700,-2496, ,CFS
SHA,H,76,INFLOW,20120721,0800,5198, ,CFS
SHA,H,76,INFLOW,20120721,0900,-5741, ,CFS
SHA,H,76,INFLOW,20120721,1000,5261, ,CFS
SHA,H,76,INFLOW,20120721,1100,-2822, ,CFS
SHA,H,76,INFLOW,20120721,1200,308, ,CFS
SHA,H,76,INFLOW,20120721,1300,149, ,CFS
SHA,H,76,INFLOW,20120721,1400,77, ,CFS
SHA,H,76,INFLOW,20120721,1500,8852, ,CFS
SHA,H,76,INFLOW,20120721,1600,6123, ,CFS
SHA,H,76,INFLOW,20120721,1700,9162, ,CFS
SHA,H,76,INFLOW,20120721,1800,5329, ,CFS
SHA,H,76,INFLOW,20120721,1900,5289, ,CFS
SHA,H,76,INFLOW,20120721,2000,8250, ,CFS
SHA,H,76,INFLOW,20120721,2100,6188, ,CFS
SHA,H,76,INFLOW,20120721,2200,6204, ,CFS
SHA,H,76,INFLOW,20120721,2300,7400, ,CFS
SHA,H,76,INFLOW,20120722,0000,-3762, ,CFS
SHA,H,76,INFLOW,20120722,0100,3487, ,CFS
SHA,H,76,INFLOW,20120722,0200,1417, ,CFS
SHA,H,76,INFLOW,20120722,0300,1633, ,CFS
SHA,H,76,INFLOW,20120722,0400,1633, ,CFS
SHA,H,76,INFLOW,20120722,0500,-1348, ,CFS
SHA,H,76,INFLOW,20120722,0600,4571, ,CFS
SHA,H,76,INFLOW,20120722,0700,-2302, ,CFS
SHA,H,76,INFLOW,20120722,0800,-1797, ,CFS
SHA,H,76,INFLOW,20120722,0900,-208, ,CFS
SHA,H,76,INFLOW,20120722,1000,349, ,CFS
SHA,H,76,INFLOW,20120722,1100,2657, ,CFS
SHA,H,76,INFLOW,20120722,1200,2351, ,CFS
SHA,H,76,INFLOW,20120722,1300,-285, ,CFS
SHA,H,76,INFLOW,20120722,1400,3089, ,CFS
SHA,H,76,INFLOW,20120722,1500,6601, ,CFS
SHA,H,76,INFLOW,20120722,1600,-2104, ,CFS
SHA,H,76,INFLOW,20120722,1700,9743, ,CFS
SHA,H,76,INFLOW,20120722,1800,642, ,CFS
SHA,H,76,INFLOW,20120722,1900,2361, ,CFS
SHA,H,76,INFLOW,20120722,2000,4837, ,CFS
SHA,H,76,INFLOW,20120722,2100,1757, ,CFS
SHA,H,76,INFLOW,20120722,2200,7646, ,CFS
SHA,H,76,INFLOW,20120722,2300,5931, ,CFS
SHA,H,76,INFLOW,20120723,0000,1209, ,CFS
SHA,H,76,INFLOW,20120723,0100,1051, ,CFS
SHA,H,76,INFLOW,20120723,0200,1645, ,CFS
SHA,H,76,INFLOW,20120723,0300,1502, ,CFS
SHA,H,76,INFLOW,20120723,0400,1542, ,CFS
SHA,H,76,INFLOW,20120723,0500,1735, ,CFS
SHA,H,76,INFLOW,20120723,0600,1688, ,CFS
SHA,H,76,INFLOW,20120723,0700,-2433, ,CFS
SHA,H,76,INFLOW,20120723,0800,309, ,CFS
SHA,H,76,INFLOW,20120723,0900,-658, ,CFS
SHA,H,76,INFLOW,20120723,1000,1773, ,CFS
SHA,H,76,INFLOW,20120723,1100,-2717, ,CFS
SHA,H,76,INFLOW,20120723,1200,6308, ,CFS
SHA,H,76,INFLOW,20120723,1300,6439, ,CFS
SHA,H,76,INFLOW,20120723,1400,9632, ,CFS
SHA,H,76,INFLOW,20120723,1500,5229, ,CFS
SHA,H,76,INFLOW,20120723,1600,9103, ,CFS
SHA,H,76,INFLOW,20120723,1700,6267, ,CFS
SHA,H,76,INFLOW,20120723,1800,6310, ,CFS
SHA,H,76,INFLOW,20120723,1900,5541, ,CFS
SHA,H,76,INFLOW,20120723,2000,5461, ,CFS
SHA,H,76,INFLOW,20120723,2100,6476, ,CFS
SHA,H,76,INFLOW,20120723,2200,6195, ,CFS
SHA,H,76,INFLOW,20120723,2300,4253, ,CFS
SHA,H,76,INFLOW,20120724,0000,3631, ,CFS
SHA,H,76,INFLOW,20120724,0100,3268, ,CFS
SHA,H,76,INFLOW,20120724,0200,3228, ,CFS
SHA,H,76,INFLOW,20120724,0300,-377, ,CFS
SHA,H,76,INFLOW,20120724,0400,2153, ,CFS
SHA,H,76,INFLOW,20120724,0500,-532, ,CFS
SHA,H,76,INFLOW,20120724,0600,3367, ,CFS
SHA,H,76,INFLOW,20120724,0700,1174, ,CFS
SHA,H,76,INFLOW,20120724,0800,-240, ,CFS
SHA,H,76,INFLOW,20120724,0900,578, ,CFS
SHA,H,76,INFLOW,20120724,1000,580, ,CFS
SHA,H,76,INFLOW,20120724,1100,-532, ,CFS
SHA,H,76,INFLOW,20120724,1200,3523, ,CFS
SHA,H,76,INFLOW,20120724,1300,-153, ,CFS
SHA,H,76,INFLOW,20120724,1400,6476, ,CFS
SHA,H,76,INFLOW,20120724,1500,2855, ,CFS
SHA,H,76,INFLOW,20120724,1600,8785, ,CFS
SHA,H,76,INFLOW,20120724,1700,5707, ,CFS
SHA,H,76,INFLOW,20120724,1800,5675, ,CFS
SHA,H,76,INFLOW,20120724,1900,9170, ,CFS
SHA,H,76,INFLOW,20120724,2000,5678, ,CFS
SHA,H,76,INFLOW,20120724,2100,4986, ,CFS
SHA,H,76,INFLOW,20120724,2200,4411, ,CFS
SHA,H,76,INFLOW,20120724,2300,7487, ,CFS
SHA,H,76,INFLOW,20120725,0000,275, ,CFS
SHA,H,76,INFLOW,20120725,0100,8385, ,CFS
SHA,H,76,INFLOW,20120725,0200,-106, ,CFS
SHA,H,76,INFLOW,20120725,0300,2506, ,CFS
SHA,H,76,INFLOW,20120725,0400,-319, ,CFS
SHA,H,76,INFLOW,20120725,0500,2896, ,CFS
SHA,H,76,INFLOW,20120725,0600,2762, ,CFS
SHA,H,76,INFLOW,20120725,0700,-2455, ,CFS
SHA,H,76,INFLOW,20120725,0800,936, ,CFS
SHA,H,76,INFLOW,20120725,0900,-3213, ,CFS
SHA,H,76,INFLOW,20120725,1000,308, ,CFS
SHA,H,76,INFLOW,20120725,1100,-42, ,CFS
SHA,H,76,INFLOW,20120725,1200,3219, ,CFS
SHA,H,76,INFLOW,20120725,1300,2330, ,CFS
SHA,H,76,INFLOW,20120725,1400,6737, ,CFS
SHA,H,76,INFLOW,20120725,1500,3983, ,CFS
SHA,H,76,INFLOW,20120725,1600,3887, ,CFS
SHA,H,76,INFLOW,20120725,1700,10015, ,CFS
SHA,H,76,INFLOW,20120725,1800,3975, ,CFS
SHA,H,76,INFLOW,20120725,1900,8716, ,CFS
SHA,H,76,INFLOW,20120725,2000,4198, ,CFS
SHA,H,76,INFLOW,20120725,2100,3687, ,CFS
SHA,H,76,INFLOW,20120725,2200,6468, ,CFS
SHA,H,76,INFLOW,20120725,2300,4890, ,CFS
SHA,H,76,INFLOW,20120726,0000,-16, ,CFS
SHA,H,76,INFLOW,20120726,0100,5389, ,CFS
SHA,H,76,INFLOW,20120726,0200,-1014, ,CFS
SHA,H,76,INFLOW,20120726,0300,1937, ,CFS
SHA,H,76,INFLOW,20120726,0400,1765, ,CFS
SHA,H,76,INFLOW,20120726,0500,1859, ,CFS
SHA,H,76,INFLOW,20120726,0600,2107, ,CFS
SHA,H,76,INFLOW,20120726,0700,-1922, ,CFS
SHA,H,76,INFLOW,20120726,0800,-621, ,CFS
SHA,H,76,INFLOW,20120726,0900,208, ,CFS
SHA,H,76,INFLOW,20120726,1000,4254, ,CFS
SHA,H,76,INFLOW,20120726,1100,69, ,CFS
SHA,H,76,INFLOW,20120726,1200,-1672, ,CFS
SHA,H,76,INFLOW,20120726,1300,1195, ,CFS
SHA,H,76,INFLOW,20120726,1400,546, ,CFS
SHA,H,76,INFLOW,20120726,1500,5623, ,CFS
SHA,H,76,INFLOW,20120726,1600,6162, ,CFS
SHA,H,76,INFLOW,20120726,1700,9115, ,CFS
SHA,H,76,INFLOW,20120726,1800,6039, ,CFS
SHA,H,76,INFLOW,20120726,1900,5837, ,CFS
SHA,H,76,INFLOW,20120726,2000,5326, ,CFS
SHA,H,76,INFLOW,20120726,2100,2939, ,CFS
SHA,H,76,INFLOW,20120726,2200,8386, ,CFS
SHA,H,76,INFLOW,20120726,2300,6615, ,CFS
SHA,H,76,INFLOW,20120727,0000,-1098, ,CFS
SHA,H,76,INFLOW,20120727,0100,-485, ,CFS
SHA,H,76,INFLOW,20120727,0200,-253, ,CFS
SHA,H,76,INFLOW,20120727,0300,-1381, ,CFS
SHA,H,76,INFLOW,20120727,0400,4813, ,CFS
SHA,H,76,INFLOW,20120727,0500,-1072, ,CFS
SHA,H,76,INFLOW,20120727,0600,2094, ,CFS
SHA,H,76,INFLOW,20120727,0700,-137, ,CFS
SHA,H,76,INFLOW,20120727,0800,-2469, ,CFS
SHA,H,76,INFLOW,20120727,0900,2930, ,CFS
SHA,H,76,INFLOW,20120727,1000,1534, ,CFS
SHA,H,76,INFLOW,20120727,1100,2965, ,CFS
SHA,H,76,INFLOW,20120727,1200,-486, ,CFS
SHA,H,76,INFLOW,20120727,1300,-428, ,CFS
SHA,H,76,INFLOW,20120727,1400,3021, ,CFS
SHA,H,76,INFLOW,20120727,1500,5417, ,CFS
SHA,H,76,INFLOW,20120727,1600,2223, ,CFS
SHA,H,76,INFLOW,20120727,1700,11223, ,CFS
SHA,H,76,INFLOW,20120727,1800,2589, ,CFS
SHA,H,76,INFLOW,20120727,1900,8630, ,CFS
SHA,H,76,INFLOW,20120727,2000,5164, ,CFS
SHA,H,76,INFLOW,20120727,2100,7649, ,CFS
SHA,H,76,INFLOW,20120727,2200,3949, ,CFS
SHA,H,76,INFLOW,20120727,2300,9018, ,CFS
SHA,H,76,INFLOW,20120728,0000,-692, ,CFS
SHA,H,76,INFLOW,20120728,0100,2852, ,CFS
SHA,H,76,INFLOW,20120728,0200,-744, ,CFS
SHA,H,76,INFLOW,20120728,0300,3111, ,CFS
SHA,H,76,INFLOW,20120728,0400,30, ,CFS
SHA,H,76,INFLOW,20120728,0500,3004, ,CFS
SHA,H,76,INFLOW,20120728,0600,2935, ,CFS
SHA,H,76,INFLOW,20120728,0700,-1514, ,CFS
SHA,H,76,INFLOW,20120728,0800,1244, ,CFS
SHA,H,76,INFLOW,20120728,0900,-2063, ,CFS
SHA,H,76,INFLOW,20120728,1000,1526, ,CFS
SHA,H,76,INFLOW,20120728,1100,-1078, ,CFS
SHA,H,76,INFLOW,20120728,1200,-240, ,CFS
SHA,H,76,INFLOW,20120728,1300,2728, ,CFS
SHA,H,76,INFLOW,20120728,1400,2350, ,CFS
SHA,H,76,INFLOW,20120728,1500,-781, ,CFS
SHA,H,76,INFLOW,20120728,1600,5364, ,CFS
SHA,H,76,INFLOW,20120728,1700,3422, ,CFS
SHA,H,76,INFLOW,20120728,1800,9230, ,CFS
SHA,H,76,INFLOW,20120728,1900,6488, ,CFS
SHA,H,76,INFLOW,20120728,2000,2849, ,CFS
SHA,H,76,INFLOW,20120728,2100,5121, ,CFS
SHA,H,76,INFLOW,20120728,2200,7899, ,CFS
SHA,H,76,INFLOW,20120728,2300,3894, ,CFS
SHA,H,76,INFLOW,20120729,0000,1474, ,CFS
SHA,H,76,INFLOW,20120729,0100,786, ,CFS
SHA,H,76,INFLOW,20120729,0200,68, ,CFS
SHA,H,76,INFLOW,20120729,0300,2910, ,CFS
SHA,H,76,INFLOW,20120729,0400,114, ,CFS
SHA,H,76,INFLOW,20120729,0500,444, ,CFS
SHA,H,76,INFLOW,20120729,0600,66, ,CFS
SHA,H,76,INFLOW,20120729,0700,1322, ,CFS
SHA,H,76,INFLOW,20120729,0800,560, ,CFS
SHA,H,76,INFLOW,20120729,0900,-1964, ,CFS
SHA,H,76,INFLOW,20120729,1000,3315, ,CFS
SHA,H,76,INFLOW,20120729,1100,-1464, ,CFS
SHA,H,76,INFLOW,20120729,1200,4712, ,CFS
SHA,H,76,INFLOW,20120729,1300,-1055, ,CFS
SHA,H,76,INFLOW,20120729,1400,1173, ,CFS
SHA,H,76,INFLOW,20120729,1500,5533, ,CFS
SHA,H,76,INFLOW,20120729,1600,2665, ,CFS
SHA,H,76,INFLOW,20120729,1700,8560, ,CFS
SHA,H,76,INFLOW,20120729,1800,8754, ,CFS
SHA,H,76,INFLOW,20120729,1900,3371, ,CFS
SHA,H,76,INFLOW,20120729,2000,9062, ,CFS
SHA,H,76,INFLOW,20120729,2100,2592, ,CFS
SHA,H,76,INFLOW,20120729,2200,4009, ,CFS
SHA,H,76,INFLOW,20120729,2300,12531, ,CFS
SHA,H,76,INFLOW,20120730,0000,-1855, ,CFS
SHA,H,76,INFLOW,20120730,0100,5596, ,CFS
SHA,H,76,INFLOW,20120730,0200,-780, ,CFS
SHA,H,76,INFLOW,20120730,0300,1297, ,CFS
SHA,H,76,INFLOW,20120730,0400,1676, ,CFS
SHA,H,76,INFLOW,20120730,0500,-936, ,CFS
SHA,H,76,INFLOW,20120730,0600,1945, ,CFS
SHA,H,76,INFLOW,20120730,0700,3252, ,CFS
SHA,H,76,INFLOW,20120730,0800,-5165, ,CFS
SHA,H,76,INFLOW,20120730,0900,5256, ,CFS
SHA,H,76,INFLOW,20120730,1000,944, ,CFS
SHA,H,76,INFLOW,20120730,1100,-103, ,CFS
SHA,H,76,INFLOW,20120730,1200,3419, ,CFS
SHA,H,76,INFLOW,20120730,1300,-2311, ,CFS
SHA,H,76,INFLOW,20120730,1400,10306, ,CFS
SHA,H,76,INFLOW,20120730,1500,2832, ,CFS
SHA,H,76,INFLOW,20120730,1600,4256, ,CFS
SHA,H,76,INFLOW,20120730,1700,7368, ,CFS
SHA,H,76,INFLOW,20120730,1800,4571, ,CFS
SHA,H,76,INFLOW,20120730,1900,3169, ,CFS
SHA,H,76,INFLOW,20120730,2000,8214, ,CFS
SHA,H,76,INFLOW,20120730,2100,5360, ,CFS
SHA,H,76,INFLOW,20120730,2200,6880, ,CFS
SHA,H,76,INFLOW,20120730,2300,6913, ,CFS
SHA,H,76,INFLOW,20120731,0000,799, ,CFS
SHA,H,76,INFLOW,20120731,0100,2717, ,CFS
SHA,H,76,INFLOW,20120731,0200,572, ,CFS
SHA,H,76,INFLOW,20120731,0300,42, ,CFS
SHA,H,76,INFLOW,20120731,0400,-130, ,CFS
SHA,H,76,INFLOW,20120731,0500,2909, ,CFS
SHA,H,76,INFLOW,20120731,0600,2719, ,CFS
SHA,H,76,INFLOW,20120731,0700,-1181, ,CFS
SHA,H,76,INFLOW,20120731,0800,837, ,CFS
SHA,H,76,INFLOW,20120731,0900,-242, ,CFS
SHA,H,76,INFLOW,20120731,1000,-3254, ,CFS
SHA,H,76,INFLOW,20120731,1100,9717, ,CFS
SHA,H,76,INFLOW,20120731,1200,3884, ,CFS
SHA,H,76,INFLOW,20120731,1300,7144, ,CFS
SHA,H,76,INFLOW,20120731,1400,7104, ,CFS
SHA,H,76,INFLOW,20120731,1500,7271, ,CFS
SHA,H,76,INFLOW,20120731,1600,7665, ,CFS
SHA,H,76,INFLOW,20120731,1700,4842, ,CFS
SHA,H,76,INFLOW,20120731,1800,7599, ,CFS
SHA,H,76,INFLOW,20120731,1900,6934, ,CFS
SHA,H,76,INFLOW,20120731,2000,3737, ,CFS
SHA,H,76,INFLOW,20120731,2100,3171, ,CFS
SHA,H,76,INFLOW,20120731,2200,8464, ,CFS
SHA,H,76,INFLOW,20120731,2300,8138, ,CFS
SHA,H,76,INFLOW,20120801,0000,2798, ,CFS
SHA,H,76,INFLOW,20120801,0100,13740, ,CFS
SHA,H,76,INFLOW,20120801,0200,-2983, ,CFS
SHA,H,76,INFLOW,20120801,0300,1660, ,CFS
SHA,H,76,INFLOW,20120801,0400,1848, ,CFS
SHA,H,76,INFLOW,20120801,0500,-1062, ,CFS
SHA,H,76,INFLOW,20120801,0600,4742, ,CFS
SHA,H,76,INFLOW,20120801,0700,412, ,CFS
SHA,H,76,INFLOW,20120801,0800,-656, ,CFS
SHA,H,76,INFLOW,20120801,0900,2274, ,CFS
SHA,H,76,INFLOW,20120801,1000,3698, ,CFS
SHA,H,76,INFLOW,20120801,1100,5019, ,CFS
SHA,H,76,INFLOW,20120801,1200,6986, ,CFS
SHA,H,76,INFLOW,20120801,1300,4167, ,CFS
SHA,H,76,INFLOW,20120801,1400,7078, ,CFS
SHA,H,76,INFLOW,20120801,1500,9994, ,CFS
SHA,H,76,INFLOW,20120801,1600,4176, ,CFS
SHA,H,76,INFLOW,20120801,1700,6565, ,CFS
SHA,H,76,INFLOW,20120801,1800,4181, ,CFS
SHA,H,76,INFLOW,20120801,1900,9096, ,CFS
SHA,H,76,INFLOW,20120801,2000,3507, ,CFS
SHA,H,76,INFLOW,20120801,2100,9144, ,CFS
SHA,H,76,INFLOW,20120801,2200,12623, ,CFS
SHA,H,76,INFLOW,20120801,2300,9161, ,CFS
SHA,H,76,INFLOW,20120802,0000,2334, ,CFS
SHA,H,76,INFLOW,20120802,0100,8688, ,CFS
SHA,H,76,INFLOW,20120802,0200,384, ,CFS
SHA,H,76,INFLOW,20120802,0300,1970, ,CFS
SHA,H,76,INFLOW,20120802,0400,1923, ,CFS
SHA,H,76,INFLOW,20120802,0500,2220, ,CFS
SHA,H,76,INFLOW,20120802,0600,2214, ,CFS
SHA,H,76,INFLOW,20120802,0700,1755, ,CFS
SHA,H,76,INFLOW,20120802,0800,19, ,CFS
SHA,H,76,INFLOW,20120802,0900,1382, ,CFS
SHA,H,76,INFLOW,20120802,1000,1278, ,CFS
SHA,H,76,INFLOW,20120802,1100,3863, ,CFS
SHA,H,76,INFLOW,20120802,1200,286, ,CFS
SHA,H,76,INFLOW,20120802,1300,3581, ,CFS
SHA,H,76,INFLOW,20120802,1400,3887, ,CFS
SHA,H,76,INFLOW,20120802,1500,2915, ,CFS
SHA,H,76,INFLOW,20120802,1600,338, ,CFS
SHA,H,76,INFLOW,20120802,1700,3229, ,CFS
SHA,H,76,INFLOW,20120802,1800,338, ,CFS
SHA,H,76,INFLOW,20120802,1900,3702, ,CFS
SHA,H,76,INFLOW,20120802,2000,1290, ,CFS
SHA,H,76,INFLOW,20120802,2100,4324, ,CFS
SHA,H,76,INFLOW,20120802,2200,2361, ,CFS
SHA,H,76,INFLOW,20120802,2300,2702, ,CFS
SHA,H,76,INFLOW,20120803,0000,-2197, ,CFS
SHA,H,76,INFLOW,20120803,0100,2827, ,CFS
SHA,H,76,INFLOW,20120803,0200,1962, ,CFS
SHA,H,76,INFLOW,20120803,0300,1891, ,CFS
SHA,H,76,INFLOW,20120803,0400,1825, ,CFS
SHA,H,76,INFLOW,20120803,0500,1755, ,CFS
SHA,H,76,INFLOW,20120803,0600,1587, ,CFS
SHA,H,76,INFLOW,20120803,0700,-1110, ,CFS
SHA,H,76,INFLOW,20120803,0800,1928, ,CFS
SHA,H,76,INFLOW,20120803,0900,-2477, ,CFS
SHA,H,76,INFLOW,20120803,1000,170, ,CFS
SHA,H,76,INFLOW,20120803,1100,2631, ,CFS
SHA,H,76,INFLOW,20120803,1200,2678, ,CFS
SHA,H,76,INFLOW,20120803,1300,-2905, ,CFS
SHA,H,76,INFLOW,20120803,1400,1363, ,CFS
SHA,H,76,INFLOW,20120803,1500,-1240, ,CFS
SHA,H,76,INFLOW,20120803,1600,1694, ,CFS
SHA,H,76,INFLOW,20120803,1700,4651, ,CFS
SHA,H,76,INFLOW,20120803,1800,1788, ,CFS
SHA,H,76,INFLOW,20120803,1900,4527, ,CFS
SHA,H,76,INFLOW,20120803,2000,3306, ,CFS
SHA,H,76,INFLOW,20120803,2100,3357, ,CFS
SHA,H,76,INFLOW,20120803,2200,75, ,CFS
SHA,H,76,INFLOW,20120803,2300,1886, ,CFS
SHA,H,76,INFLOW,20120804,0000,-362, ,CFS
SHA,H,76,INFLOW,20120804,0100,3758, ,CFS
SHA,H,76,INFLOW,20120804,0200,-3670, ,CFS
SHA,H,76,INFLOW,20120804,0300,4820, ,CFS
SHA,H,76,INFLOW,20120804,0400,1861, ,CFS
SHA,H,76,INFLOW,20120804,0500,1936, ,CFS
SHA,H,76,INFLOW,20120804,0600,-2386, ,CFS
SHA,H,76,INFLOW,20120804,0700,-130, ,CFS
SHA,H,76,INFLOW,20120804,0800,-198, ,CFS
SHA,H,76,INFLOW,20120804,0900,2979, ,CFS
SHA,H,76,INFLOW,20120804,1000,521, ,CFS
SHA,H,76,INFLOW,20120804,1100,1509, ,CFS
SHA,H,76,INFLOW,20120804,1200,2004, ,CFS
SHA,H,76,INFLOW,20120804,1300,-285, ,CFS
SHA,H,76,INFLOW,20120804,1400,653, ,CFS
SHA,H,76,INFLOW,20120804,1500,3671, ,CFS
SHA,H,76,INFLOW,20120804,1600,4063, ,CFS
SHA,H,76,INFLOW,20120804,1700,9255, ,CFS
SHA,H,76,INFLOW,20120804,1800,6711, ,CFS
SHA,H,76,INFLOW,20120804,1900,4529, ,CFS
SHA,H,76,INFLOW,20120804,2000,7508, ,CFS
SHA,H,76,INFLOW,20120804,2100,1804, ,CFS
SHA,H,76,INFLOW,20120804,2200,1944, ,CFS
SHA,H,76,INFLOW,20120804,2300,8772, ,CFS
SHA,H,76,INFLOW,20120805,0000,961, ,CFS
SHA,H,76,INFLOW,20120805,0100,-4089, ,CFS
SHA,H,76,INFLOW,20120805,0200,5540, ,CFS
SHA,H,76,INFLOW,20120805,0300,605, ,CFS
SHA,H,76,INFLOW,20120805,0400,-2180, ,CFS
SHA,H,76,INFLOW,20120805,0500,9185, ,CFS
SHA,H,76,INFLOW,20120805,0600,-2258, ,CFS
SHA,H,76,INFLOW,20120805,0700,2481, ,CFS
SHA,H,76,INFLOW,20120805,0800,-162, ,CFS
SHA,H,76,INFLOW,20120805,0900,-7416, ,CFS
SHA,H,76,INFLOW,20120805,1000,8388, ,CFS
SHA,H,76,INFLOW,20120805,1100,804, ,CFS
SHA,H,76,INFLOW,20120805,1200,-2021, ,CFS
SHA,H,76,INFLOW,20120805,1300,3527, ,CFS
SHA,H,76,INFLOW,20120805,1400,89, ,CFS
SHA,H,76,INFLOW,20120805,1500,8984, ,CFS
SHA,H,76,INFLOW,20120805,1600,3113, ,CFS
SHA,H,76,INFLOW,20120805,1700,5859, ,CFS
SHA,H,76,INFLOW,20120805,1800,5514, ,CFS
SHA,H,76,INFLOW,20120805,1900,3642, ,CFS
SHA,H,76,INFLOW,20120805,2000,11342, ,CFS
SHA,H,76,INFLOW,20120805,2100,4443, ,CFS
SHA,H,76,INFLOW,20120805,2200,7179, ,CFS
SHA,H,76,INFLOW,20120805,2300,9746, ,CFS
SHA,H,76,INFLOW,20120806,0000,-2163, ,CFS
SHA,H,76,INFLOW,20120806,0100,1986, ,CFS
SHA,H,76,INFLOW,20120806,0200,67, ,CFS
SHA,H,76,INFLOW,20120806,0300,86, ,CFS
SHA,H,76,INFLOW,20120806,0400,3172, ,CFS
SHA,H,76,INFLOW,20120806,0500,3460, ,CFS
SHA,H,76,INFLOW,20120806,0600,658, ,CFS
SHA,H,76,INFLOW,20120806,0700,-2651, ,CFS
SHA,H,76,INFLOW,20120806,0800,223, ,CFS
SHA,H,76,INFLOW,20120806,0900,-2133, ,CFS
SHA,H,76,INFLOW,20120806,1000,3027, ,CFS
SHA,H,76,INFLOW,20120806,1100,-2367, ,CFS
SHA,H,76,INFLOW,20120806,1200,3115, ,CFS
SHA,H,76,INFLOW,20120806,1300,-226, ,CFS
SHA,H,76,INFLOW,20120806,1400,3195, ,CFS
SHA,H,76,INFLOW,20120806,1500,2491, ,CFS
SHA,H,76,INFLOW,20120806,1600,5323, ,CFS
SHA,H,76,INFLOW,20120806,1700,4837, ,CFS
SHA,H,76,INFLOW,20120806,1800,4964, ,CFS
SHA,H,76,INFLOW,20120806,1900,7683, ,CFS
SHA,H,76,INFLOW,20120806,2000,3318, ,CFS
SHA,H,76,INFLOW,20120806,2100,4054, ,CFS
SHA,H,76,INFLOW,20120806,2200,7581, ,CFS
SHA,H,76,INFLOW,20120806,2300,3555, ,CFS
SHA,H,76,INFLOW,20120807,0000,4351, ,CFS
SHA,H,76,INFLOW,20120807,0100,5371, ,CFS
SHA,H,76,INFLOW,20120807,0200,67, ,CFS
SHA,H,76,INFLOW,20120807,0300,2725, ,CFS
SHA,H,76,INFLOW,20120807,0400,-172, ,CFS
SHA,H,76,INFLOW,20120807,0500,-43, ,CFS
SHA,H,76,INFLOW,20120807,0600,2374, ,CFS
SHA,H,76,INFLOW,20120807,0700,21, ,CFS
SHA,H,76,INFLOW,20120807,0800,-907, ,CFS
SHA,H,76,INFLOW,20120807,0900,1554, ,CFS
SHA,H,76,INFLOW,20120807,1000,-489, ,CFS
SHA,H,76,INFLOW,20120807,1100,-1684, ,CFS
SHA,H,76,INFLOW,20120807,1200,2988, ,CFS
SHA,H,76,INFLOW,20120807,1300,-1753, ,CFS
SHA,H,76,INFLOW,20120807,1400,9820, ,CFS
SHA,H,76,INFLOW,20120807,1500,3001, ,CFS
SHA,H,76,INFLOW,20120807,1600,10439, ,CFS
SHA,H,76,INFLOW,20120807,1700,2016, ,CFS
SHA,H,76,INFLOW,20120807,1800,4465, ,CFS
SHA,H,76,INFLOW,20120807,1900,4474, ,CFS
SHA,H,76,INFLOW,20120807,2000,3327, ,CFS
SHA,H,76,INFLOW,20120807,2100,3624, ,CFS
SHA,H,76,INFLOW,20120807,2200,6764, ,CFS
SHA,H,76,INFLOW,20120807,2300,7784, ,CFS
SHA,H,76,INFLOW,20120808,0000,-2462, ,CFS
SHA,H,76,INFLOW,20120808,0100,3715, ,CFS
SHA,H,76,INFLOW,20120808,0200,-1590, ,CFS
SHA,H,76,INFLOW,20120808,0300,1067, ,CFS
SHA,H,76,INFLOW,20120808,0400,907, ,CFS
SHA,H,76,INFLOW,20120808,0500,495, ,CFS
SHA,H,76,INFLOW,20120808,0600,3067, ,CFS
SHA,H,76,INFLOW,20120808,0700,-42, ,CFS
SHA,H,76,INFLOW,20120808,0800,-419, ,CFS
SHA,H,76,INFLOW,20120808,0900,-1456, ,CFS
SHA,H,76,INFLOW,20120808,1000,501, ,CFS
SHA,H,76,INFLOW,20120808,1100,2901, ,CFS
SHA,H,76,INFLOW,20120808,1200,-1040, ,CFS
SHA,H,76,INFLOW,20120808,1300,4423, ,CFS
SHA,H,76,INFLOW,20120808,1400,-34941, ,CFS
SHA,H,76,INFLOW,20120808,1500,5616, ,CFS
SHA,H,76,INFLOW,20120808,1600,6553, ,CFS
SHA,H,76,INFLOW,20120808,1700,3177, ,CFS
SHA,H,76,INFLOW,20120808,1800,2789, ,CFS
SHA,H,76,INFLOW,20120808,1900,2281, ,CFS
SHA,H,76,INFLOW,20120808,2000,2119, ,CFS
SHA,H,76,INFLOW,20120808,2100,3211, ,CFS
SHA,H,76,INFLOW,20120808,2200,3585, ,CFS
SHA,H,76,INFLOW,20120808,2300,5573, ,CFS
SHA,H,76,INFLOW,20120809,0000,1659, ,CFS
SHA,H,76,INFLOW,20120809,0100,2141, ,CFS
SHA,H,76,INFLOW,20120809,0200,78, ,CFS
SHA,H,76,INFLOW,20120809,0300,2590, ,CFS
SHA,H,76,INFLOW,20120809,0400,-256, ,CFS
SHA,H,76,INFLOW,20120809,0500,2772, ,CFS
SHA,H,76,INFLOW,20120809,0600,2755, ,CFS
SHA,H,76,INFLOW,20120809,0700,-3504, ,CFS
SHA,H,76,INFLOW,20120809,0800,1638, ,CFS
SHA,H,76,INFLOW,20120809,0900,-486, ,CFS
SHA,H,76,INFLOW,20120809,1000,-1608, ,CFS
SHA,H,76,INFLOW,20120809,1100,1776, ,CFS
SHA,H,76,INFLOW,20120809,1200,3352, ,CFS
SHA,H,76,INFLOW,20120809,1300,10024, ,CFS
SHA,H,76,INFLOW,20120809,1400,3455, ,CFS
SHA,H,76,INFLOW,20120809,1500,8176, ,CFS
SHA,H,76,INFLOW,20120809,1600,-295, ,CFS
SHA,H,76,INFLOW,20120809,1700,2363, ,CFS
SHA,H,76,INFLOW,20120809,1800,4881, ,CFS
SHA,H,76,INFLOW,20120809,1900,2381, ,CFS
SHA,H,76,INFLOW,20120809,2000,1300, ,CFS
SHA,H,76,INFLOW,20120809,2100,6894, ,CFS
SHA,H,76,INFLOW,20120809,2200,3935, ,CFS
SHA,H,76,INFLOW,20120809,2300,7011, ,CFS
SHA,H,76,INFLOW,20120810,0000,-1823, ,CFS
SHA,H,76,INFLOW,20120810,0100,5995, ,CFS
SHA,H,76,INFLOW,20120810,0200,3449, ,CFS
SHA,H,76,INFLOW,20120810,0300,3011, ,CFS
SHA,H,76,INFLOW,20120810,0400,2794, ,CFS
SHA,H,76,INFLOW,20120810,0500,2790, ,CFS
SHA,H,76,INFLOW,20120810,0600,2696, ,CFS
SHA,H,76,INFLOW,20120810,0700,-1905, ,CFS
SHA,H,76,INFLOW,20120810,0800,2029, ,CFS
SHA,H,76,INFLOW,20120810,0900,602, ,CFS
SHA,H,76,INFLOW,20120810,1000,-3037, ,CFS
SHA,H,76,INFLOW,20120810,1100,809, ,CFS
SHA,H,76,INFLOW,20120810,1200,-534, ,CFS
SHA,H,76,INFLOW,20120810,1300,9552, ,CFS
SHA,H,76,INFLOW,20120810,1400,5878, ,CFS
SHA,H,76,INFLOW,20120810,1500,2095, ,CFS
SHA,H,76,INFLOW,20120810,1600,694, ,CFS
SHA,H,76,INFLOW,20120810,1700,1880, ,CFS
SHA,H,76,INFLOW,20120810,1800,4845, ,CFS
SHA,H,76,INFLOW,20120810,1900,1801, ,CFS
SHA,H,76,INFLOW,20120810,2000,4558, ,CFS
SHA,H,76,INFLOW,20120810,2100,4658, ,CFS
SHA,H,76,INFLOW,20120810,2200,4677, ,CFS
SHA,H,76,INFLOW,20120810,2300,6420, ,CFS
SHA,H,76,INFLOW,20120811,0000,3784, ,CFS
SHA,H,76,INFLOW,20120811,0100,852, ,CFS
SHA,H,76,INFLOW,20120811,0200,5465, ,CFS
SHA,H,76,INFLOW,20120811,0300,5451, ,CFS
SHA,H,76,INFLOW,20120811,0400,2839, ,CFS
SHA,H,76,INFLOW,20120811,0500,-137, ,CFS
SHA,H,76,INFLOW,20120811,0600,2847, ,CFS
SHA,H,76,INFLOW,20120811,0700,-2561, ,CFS
SHA,H,76,INFLOW,20120811,0800,2730, ,CFS
SHA,H,76,INFLOW,20120811,0900,30, ,CFS
SHA,H,76,INFLOW,20120811,1000,662, ,CFS
SHA,H,76,INFLOW,20120811,1100,3976, ,CFS
SHA,H,76,INFLOW,20120811,1200,3777, ,CFS
SHA,H,76,INFLOW,20120811,1300,9849, ,CFS
SHA,H,76,INFLOW,20120811,1400,4278, ,CFS
SHA,H,76,INFLOW,20120811,1500,5813, ,CFS
SHA,H,76,INFLOW,20120811,1600,4045, ,CFS
SHA,H,76,INFLOW,20120811,1700,-2655, ,CFS
SHA,H,76,INFLOW,20120811,1800,7460, ,CFS
SHA,H,76,INFLOW,20120811,1900,1294, ,CFS
SHA,H,76,INFLOW,20120811,2000,1284, ,CFS
SHA,H,76,INFLOW,20120811,2100,4338, ,CFS
SHA,H,76,INFLOW,20120811,2200,-975, ,CFS
SHA,H,76,INFLOW,20120811,2300,6933, ,CFS
SHA,H,76,INFLOW,20120812,0000,2093, ,CFS
SHA,H,76,INFLOW,20120812,0100,2036, ,CFS
SHA,H,76,INFLOW,20120812,0200,4567, ,CFS
SHA,H,76,INFLOW,20120812,0300,4278, ,CFS
SHA,H,76,INFLOW,20120812,0400,1557, ,CFS
SHA,H,76,INFLOW,20120812,0500,4163, ,CFS
SHA,H,76,INFLOW,20120812,0600,-1354, ,CFS
SHA,H,76,INFLOW,20120812,0700,-339, ,CFS
SHA,H,76,INFLOW,20120812,0800,2543, ,CFS
SHA,H,76,INFLOW,20120812,0900,-2446, ,CFS
SHA,H,76,INFLOW,20120812,1000,3400, ,CFS
SHA,H,76,INFLOW,20120812,1100,2654, ,CFS
SHA,H,76,INFLOW,20120812,1200,4939, ,CFS
SHA,H,76,INFLOW,20120812,1300,8922, ,CFS
SHA,H,76,INFLOW,20120812,1400,2705, ,CFS
SHA,H,76,INFLOW,20120812,1500,2857, ,CFS
SHA,H,76,INFLOW,20120812,1600,2626, ,CFS
SHA,H,76,INFLOW,20120812,1700,1524, ,CFS
SHA,H,76,INFLOW,20120812,1800,1503, ,CFS
SHA,H,76,INFLOW,20120812,1900,2935, ,CFS
SHA,H,76,INFLOW,20120812,2000,6502, ,CFS
SHA,H,76,INFLOW,20120812,2100,5151, ,CFS
SHA,H,76,INFLOW,20120812,2200,1635, ,CFS
SHA,H,76,INFLOW,20120812,2300,3103, ,CFS
SHA,H,76,INFLOW,20120813,0000,3836, ,CFS
SHA,H,76,INFLOW,20120813,0100,3869, ,CFS
SHA,H,76,INFLOW,20120813,0200,6189, ,CFS
SHA,H,76,INFLOW,20120813,0300,3279, ,CFS
SHA,H,76,INFLOW,20120813,0400,228, ,CFS
SHA,H,76,INFLOW,20120813,0500,2975, ,CFS
SHA,H,76,INFLOW,20120813,0600,194, ,CFS
SHA,H,76,INFLOW,20120813,0700,2568, ,CFS
SHA,H,76,INFLOW,20120813,0800,271, ,CFS
SHA,H,76,INFLOW,20120813,0900,410, ,CFS
SHA,H,76,INFLOW,20120813,1000,1168, ,CFS
SHA,H,76,INFLOW,20120813,1100,-703, ,CFS
SHA,H,76,INFLOW,20120813,1200,2980, ,CFS
SHA,H,76,INFLOW,20120813,1300,4651, ,CFS
SHA,H,76,INFLOW,20120813,1400,-458, ,CFS
SHA,H,76,INFLOW,20120813,1500,4403, ,CFS
SHA,H,76,INFLOW,20120813,1600,3717, ,CFS
SHA,H,76,INFLOW,20120813,1700,894, ,CFS
SHA,H,76,INFLOW,20120813,1800,3446, ,CFS
SHA,H,76,INFLOW,20120813,1900,496, ,CFS
SHA,H,76,INFLOW,20120813,2000,4666, ,CFS
SHA,H,76,INFLOW,20120813,2100,3399, ,CFS
SHA,H,76,INFLOW,20120813,2200,3502, ,CFS
SHA,H,76,INFLOW,20120813,2300,4004, ,CFS
SHA,H,76,INFLOW,20120814,0000,-1390, ,CFS
SHA,H,76,INFLOW,20120814,0100,4127, ,CFS
SHA,H,76,INFLOW,20120814,0200,680, ,CFS
SHA,H,76,INFLOW,20120814,0300,401, ,CFS
SHA,H,76,INFLOW,20120814,0400,5824, ,CFS
SHA,H,76,INFLOW,20120814,0500,-2366, ,CFS
SHA,H,76,INFLOW,20120814,0600,3422, ,CFS
SHA,H,76,INFLOW,20120814,0700,-632, ,CFS
SHA,H,76,INFLOW,20120814,0800,3998, ,CFS
SHA,H,76,INFLOW,20120814,0900,444, ,CFS
SHA,H,76,INFLOW,20120814,1000,3229, ,CFS
SHA,H,76,INFLOW,20120814,1100,3137, ,CFS
SHA,H,76,INFLOW,20120814,1200,7528, ,CFS
SHA,H,76,INFLOW,20120814,1300,5422, ,CFS
SHA,H,76,INFLOW,20120814,1400,2966, ,CFS
SHA,H,76,INFLOW,20120814,1500,124, ,CFS
SHA,H,76,INFLOW,20120814,1600,5152, ,CFS
SHA,H,76,INFLOW,20120814,1700,3736, ,CFS
SHA,H,76,INFLOW,20120814,1800,1298, ,CFS
SHA,H,76,INFLOW,20120814,1900,4609, ,CFS
SHA,H,76,INFLOW,20120814,2000,3613, ,CFS
SHA,H,76,INFLOW,20120814,2100,2951, ,CFS
SHA,H,76,INFLOW,20120814,2200,5787, ,CFS
SHA,H,76,INFLOW,20120814,2300,6890, ,CFS
SHA,H,76,INFLOW,20120815,0000,4628, ,CFS
SHA,H,76,INFLOW,20120815,0100,-627, ,CFS
SHA,H,76,INFLOW,20120815,0200,7273, ,CFS
SHA,H,76,INFLOW,20120815,0300,2656, ,CFS
SHA,H,76,INFLOW,20120815,0400,-41, ,CFS
SHA,H,76,INFLOW,20120815,0500,5877, ,CFS
SHA,H,76,INFLOW,20120815,0600,628, ,CFS
SHA,H,76,INFLOW,20120815,0700,2454, ,CFS
SHA,H,76,INFLOW,20120815,0800,2528, ,CFS
SHA,H,76,INFLOW,20120815,0900,3017, ,CFS
SHA,H,76,INFLOW,20120815,1000,7224, ,CFS
SHA,H,76,INFLOW,20120815,1100,7108, ,CFS
SHA,H,76,INFLOW,20120815,1200,5058, ,CFS
SHA,H,76,INFLOW,20120815,1300,9568, ,CFS
SHA,H,76,INFLOW,20120815,1400,4473, ,CFS
SHA,H,76,INFLOW,20120815,1500,1331, ,CFS
SHA,H,76,INFLOW,20120815,1600,6482, ,CFS
SHA,H,76,INFLOW,20120815,1700,-1541, ,CFS
SHA,H,76,INFLOW,20120815,1800,6156, ,CFS
SHA,H,76,INFLOW,20120815,1900,2839, ,CFS
SHA,H,76,INFLOW,20120815,2000,4465, ,CFS
SHA,H,76,INFLOW,20120815,2100,5650, ,CFS
SHA,H,76,INFLOW,20120815,2200,7594, ,CFS
SHA,H,76,INFLOW,20120815,2300,4069, ,CFS
SHA,H,76,INFLOW,20120816,0000,3150, ,CFS
SHA,H,76,INFLOW,20120816,0100,787, ,CFS
SHA,H,76,INFLOW,20120816,0200,2155, ,CFS
SHA,H,76,INFLOW,20120816,0300,1597, ,CFS
SHA,H,76,INFLOW,20120816,0400,1234, ,CFS
SHA,H,76,INFLOW,20120816,0500,1565, ,CFS
SHA,H,76,INFLOW,20120816,0600,1452, ,CFS
SHA,H,76,INFLOW,20120816,0700,3458, ,CFS
SHA,H,76,INFLOW,20120816,0800,-330, ,CFS
SHA,H,76,INFLOW,20120816,0900,2147, ,CFS
SHA,H,76,INFLOW,20120816,1000,6809, ,CFS
SHA,H,76,INFLOW,20120816,1100,8033, ,CFS
SHA,H,76,INFLOW,20120816,1200,5368, ,CFS
SHA,H,76,INFLOW,20120816,1300,9245, ,CFS
SHA,H,76,INFLOW,20120816,1400,1592, ,CFS
SHA,H,76,INFLOW,20120816,1500,4998, ,CFS
SHA,H,76,INFLOW,20120816,1600,1527, ,CFS
SHA,H,76,INFLOW,20120816,1700,-1025, ,CFS
SHA,H,76,INFLOW,20120816,1800,7074, ,CFS
SHA,H,76,INFLOW,20120816,1900,-345, ,CFS
SHA,H,76,INFLOW,20120816,2000,2810, ,CFS
SHA,H,76,INFLOW,20120816,2100,4522, ,CFS
SHA,H,76,INFLOW,20120816,2200,549, ,CFS
SHA,H,76,INFLOW,20120816,2300,4782, ,CFS
SHA,H,76,INFLOW,20120817,0000,3521, ,CFS
SHA,H,76,INFLOW,20120817,0100,2132, ,CFS
SHA,H,76,INFLOW,20120817,0200,2049, ,CFS
SHA,H,76,INFLOW,20120817,0300,1888, ,CFS
SHA,H,76,INFLOW,20120817,0400,2014, ,CFS
SHA,H,76,INFLOW,20120817,0500,-687, ,CFS
SHA,H,76,INFLOW,20120817,0600,1971, ,CFS
SHA,H,76,INFLOW,20120817,0700,-385, ,CFS
SHA,H,76,INFLOW,20120817,0800,2425, ,CFS
SHA,H,76,INFLOW,20120817,0900,-561, ,CFS
SHA,H,76,INFLOW,20120817,1000,5387, ,CFS
SHA,H,76,INFLOW,20120817,1100,4600, ,CFS
SHA,H,76,INFLOW,20120817,1200,5863, ,CFS
SHA,H,76,INFLOW,20120817,1300,3924, ,CFS
SHA,H,76,INFLOW,20120817,1400,2413, ,CFS
SHA,H,76,INFLOW,20120817,1500,5638, ,CFS
SHA,H,76,INFLOW,20120817,1600,5033, ,CFS
SHA,H,76,INFLOW,20120817,1700,5033, ,CFS
SHA,H,76,INFLOW,20120817,1800,6822, ,CFS
SHA,H,76,INFLOW,20120817,1900,3641, ,CFS
SHA,H,76,INFLOW,20120817,2000,4669, ,CFS
SHA,H,76,INFLOW,20120817,2100,4513, ,CFS
SHA,H,76,INFLOW,20120817,2200,4917, ,CFS
SHA,H,76,INFLOW,20120817,2300,7826, ,CFS
SHA,H,76,INFLOW,20120818,0000,4084, ,CFS
SHA,H,76,INFLOW,20120818,0100,5578, ,CFS
SHA,H,76,INFLOW,20120818,0200,-868, ,CFS
SHA,H,76,INFLOW,20120818,0300,4337, ,CFS
SHA,H,76,INFLOW,20120818,0400,4253, ,CFS
SHA,H,76,INFLOW,20120818,0500,-6630, ,CFS
SHA,H,76,INFLOW,20120818,0600,-4026, ,CFS
SHA,H,76,INFLOW,20120818,0700,10296, ,CFS
SHA,H,76,INFLOW,20120818,0800,-621, ,CFS
SHA,H,76,INFLOW,20120818,0900,2780, ,CFS
SHA,H,76,INFLOW,20120818,1000,-3961, ,CFS
SHA,H,76,INFLOW,20120818,1100,-444, ,CFS
SHA,H,76,INFLOW,20120818,1200,5203, ,CFS
SHA,H,76,INFLOW,20120818,1300,1292, ,CFS
SHA,H,76,INFLOW,20120818,1400,5214, ,CFS
SHA,H,76,INFLOW,20120818,1500,1983, ,CFS
SHA,H,76,INFLOW,20120818,1600,5408, ,CFS
SHA,H,76,INFLOW,20120818,1700,7930, ,CFS
SHA,H,76,INFLOW,20120818,1800,4585, ,CFS
SHA,H,76,INFLOW,20120818,1900,2365, ,CFS
SHA,H,76,INFLOW,20120818,2000,6382, ,CFS
SHA,H,76,INFLOW,20120818,2100,681, ,CFS
SHA,H,76,INFLOW,20120818,2200,9004, ,CFS
SHA,H,76,INFLOW,20120818,2300,3682, ,CFS
SHA,H,76,INFLOW,20120819,0000,5162, ,CFS
SHA,H,76,INFLOW,20120819,0100,5264, ,CFS
SHA,H,76,INFLOW,20120819,0200,-227, ,CFS
SHA,H,76,INFLOW,20120819,0300,2369, ,CFS
SHA,H,76,INFLOW,20120819,0400,-3051, ,CFS
SHA,H,76,INFLOW,20120819,0500,2179, ,CFS
SHA,H,76,INFLOW,20120819,0600,2091, ,CFS
SHA,H,76,INFLOW,20120819,0700,-2496, ,CFS
SHA,H,76,INFLOW,20120819,0800,389, ,CFS
SHA,H,76,INFLOW,20120819,0900,1120, ,CFS
SHA,H,76,INFLOW,20120819,1000,1529, ,CFS
SHA,H,76,INFLOW,20120819,1100,2170, ,CFS
SHA,H,76,INFLOW,20120819,1200,144, ,CFS
SHA,H,76,INFLOW,20120819,1300,5714, ,CFS
SHA,H,76,INFLOW,20120819,1400,3301, ,CFS
SHA,H,76,INFLOW,20120819,1500,5720, ,CFS
SHA,H,76,INFLOW,20120819,1600,1096, ,CFS
SHA,H,76,INFLOW,20120819,1700,4741, ,CFS
SHA,H,76,INFLOW,20120819,1800,7343, ,CFS
SHA,H,76,INFLOW,20120819,1900,-284, ,CFS
SHA,H,76,INFLOW,20120819,2000,4771, ,CFS
SHA,H,76,INFLOW,20120819,2100,1396, ,CFS
SHA,H,76,INFLOW,20120819,2200,6011, ,CFS
SHA,H,76,INFLOW,20120819,2300,6943, ,CFS
SHA,H,76,INFLOW,20120820,0000,4527, ,CFS
SHA,H,76,INFLOW,20120820,0100,4883, ,CFS
SHA,H,76,INFLOW,20120820,0200,1689, ,CFS
SHA,H,76,INFLOW,20120820,0300,1213, ,CFS
SHA,H,76,INFLOW,20120820,0400,1508, ,CFS
SHA,H,76,INFLOW,20120820,0500,1730, ,CFS
SHA,H,76,INFLOW,20120820,0600,1583, ,CFS
SHA,H,76,INFLOW,20120820,0700,21, ,CFS
SHA,H,76,INFLOW,20120820,0800,1736, ,CFS
SHA,H,76,INFLOW,20120820,0900,-873, ,CFS
SHA,H,76,INFLOW,20120820,1000,-2597, ,CFS
SHA,H,76,INFLOW,20120820,1100,484, ,CFS
SHA,H,76,INFLOW,20120820,1200,2886, ,CFS
SHA,H,76,INFLOW,20120820,1300,3154, ,CFS
SHA,H,76,INFLOW,20120820,1400,3413, ,CFS
SHA,H,76,INFLOW,20120820,1500,5015, ,CFS
SHA,H,76,INFLOW,20120820,1600,3530, ,CFS
SHA,H,76,INFLOW,20120820,1700,3628, ,CFS
SHA,H,76,INFLOW,20120820,1800,8113, ,CFS
SHA,H,76,INFLOW,20120820,1900,-1249, ,CFS
SHA,H,76,INFLOW,20120820,2000,3834, ,CFS
SHA,H,76,INFLOW,20120820,2100,6304, ,CFS
SHA,H,76,INFLOW,20120820,2200,6439, ,CFS
SHA,H,76,INFLOW,20120820,2300,5533, ,CFS
SHA,H,76,INFLOW,20120821,0000,6297, ,CFS
SHA,H,76,INFLOW,20120821,0100,4793, ,CFS
SHA,H,76,INFLOW,20120821,0200,4673, ,CFS
SHA,H,76,INFLOW,20120821,0300,-788, ,CFS
SHA,H,76,INFLOW,20120821,0400,4592, ,CFS
SHA,H,76,INFLOW,20120821,0500,-923, ,CFS
SHA,H,76,INFLOW,20120821,0600,1659, ,CFS
SHA,H,76,INFLOW,20120821,0700,387, ,CFS
SHA,H,76,INFLOW,20120821,0800,657, ,CFS
SHA,H,76,INFLOW,20120821,0900,1035, ,CFS
SHA,H,76,INFLOW,20120821,1000,3170, ,CFS
SHA,H,76,INFLOW,20120821,1100,2470, ,CFS
SHA,H,76,INFLOW,20120821,1200,2101, ,CFS
SHA,H,76,INFLOW,20120821,1300,4421, ,CFS
SHA,H,76,INFLOW,20120821,1400,3364, ,CFS
SHA,H,76,INFLOW,20120821,1500,5962, ,CFS
SHA,H,76,INFLOW,20120821,1600,5493, ,CFS
SHA,H,76,INFLOW,20120821,1700,80, ,CFS
SHA,H,76,INFLOW,20120821,1800,7867, ,CFS
SHA,H,76,INFLOW,20120821,1900,2553, ,CFS
SHA,H,76,INFLOW,20120821,2000,2148, ,CFS
SHA,H,76,INFLOW,20120821,2100,1669, ,CFS
SHA,H,76,INFLOW,20120821,2200,4514, ,CFS
SHA,H,76,INFLOW,20120821,2300,6586, ,CFS
SHA,H,76,INFLOW,20120822,0000,7916, ,CFS
SHA,H,76,INFLOW,20120822,0100,2256, ,CFS
SHA,H,76,INFLOW,20120822,0200,-616, ,CFS
SHA,H,76,INFLOW,20120822,0300,4708, ,CFS
SHA,H,76,INFLOW,20120822,0400,1560, ,CFS
SHA,H,76,INFLOW,20120822,0500,1559, ,CFS
SHA,H,76,INFLOW,20120822,0600,1749, ,CFS
SHA,H,76,INFLOW,20120822,0700,-670, ,CFS
SHA,H,76,INFLOW,20120822,0800,5438, ,CFS
SHA,H,76,INFLOW,20120822,0900,-3440, ,CFS
SHA,H,76,INFLOW,20120822,1000,1620, ,CFS
SHA,H,76,INFLOW,20120822,1100,-391, ,CFS
SHA,H,76,INFLOW,20120822,1200,323, ,CFS
SHA,H,76,INFLOW,20120822,1300,4741, ,CFS
SHA,H,76,INFLOW,20120822,1400,5346, ,CFS
SHA,H,76,INFLOW,20120822,1500,2799, ,CFS
SHA,H,76,INFLOW,20120822,1600,7594, ,CFS
SHA,H,76,INFLOW,20120822,1700,1441, ,CFS
SHA,H,76,INFLOW,20120822,1800,7818, ,CFS
SHA,H,76,INFLOW,20120822,1900,5360, ,CFS
SHA,H,76,INFLOW,20120822,2000,8129, ,CFS
SHA,H,76,INFLOW,20120822,2100,4511, ,CFS
SHA,H,76,INFLOW,20120822,2200,499, ,CFS
SHA,H,76,INFLOW,20120822,2300,6676, ,CFS
SHA,H,76,INFLOW,20120823,0000,7244, ,CFS
SHA,H,76,INFLOW,20120823,0100,589, ,CFS
SHA,H,76,INFLOW,20120823,0200,1953, ,CFS
SHA,H,76,INFLOW,20120823,0300,1910, ,CFS
SHA,H,76,INFLOW,20120823,0400,1927, ,CFS
SHA,H,76,INFLOW,20120823,0500,1924, ,CFS
SHA,H,76,INFLOW,20120823,0600,1863, ,CFS
SHA,H,76,INFLOW,20120823,0700,-2029, ,CFS
SHA,H,76,INFLOW,20120823,0800,4496, ,CFS
SHA,H,76,INFLOW,20120823,0900,-95, ,CFS
SHA,H,76,INFLOW,20120823,1000,6201, ,CFS
SHA,H,76,INFLOW,20120823,1100,6536, ,CFS
SHA,H,76,INFLOW,20120823,1200,3004, ,CFS
SHA,H,76,INFLOW,20120823,1300,9034, ,CFS
SHA,H,76,INFLOW,20120823,1400,8378, ,CFS
SHA,H,76,INFLOW,20120823,1500,3464, ,CFS
SHA,H,76,INFLOW,20120823,1600,6556, ,CFS
SHA,H,76,INFLOW,20120823,1700,3830, ,CFS
SHA,H,76,INFLOW,20120823,1800,3793, ,CFS
SHA,H,76,INFLOW,20120823,1900,4930, ,CFS
SHA,H,76,INFLOW,20120823,2000,1448, ,CFS
SHA,H,76,INFLOW,20120823,2100,3530, ,CFS
SHA,H,76,INFLOW,20120823,2200,2575, ,CFS
SHA,H,76,INFLOW,20120823,2300,2391, ,CFS
SHA,H,76,INFLOW,20120824,0000,7869, ,CFS
SHA,H,76,INFLOW,20120824,0100,1436, ,CFS
SHA,H,76,INFLOW,20120824,0200,1315, ,CFS
SHA,H,76,INFLOW,20120824,0300,4039, ,CFS
SHA,H,76,INFLOW,20120824,0400,-1441, ,CFS
SHA,H,76,INFLOW,20120824,0500,3941, ,CFS
SHA,H,76,INFLOW,20120824,0600,1243, ,CFS
SHA,H,76,INFLOW,20120824,0700,-293, ,CFS
SHA,H,76,INFLOW,20120824,0800,-347, ,CFS
SHA,H,76,INFLOW,20120824,0900,-2493, ,CFS
SHA,H,76,INFLOW,20120824,1000,2171, ,CFS
SHA,H,76,INFLOW,20120824,1100,3989, ,CFS
SHA,H,76,INFLOW,20120824,1200,-1118, ,CFS
SHA,H,76,INFLOW,20120824,1300,4439, ,CFS
SHA,H,76,INFLOW,20120824,1400,69, ,CFS
SHA,H,76,INFLOW,20120824,1500,9365, ,CFS
SHA,H,76,INFLOW,20120824,1600,2729, ,CFS
SHA,H,76,INFLOW,20120824,1700,9563, ,CFS
SHA,H,76,INFLOW,20120824,1800,4318, ,CFS
SHA,H,76,INFLOW,20120824,1900,6043, ,CFS
SHA,H,76,INFLOW,20120824,2000,6029, ,CFS
SHA,H,76,INFLOW,20120824,2100,8338, ,CFS
SHA,H,76,INFLOW,20120824,2200,5507, ,CFS
SHA,H,76,INFLOW,20120824,2300,6582, ,CFS
SHA,H,76,INFLOW,20120825,0000,-2729, ,CFS
SHA,H,76,INFLOW,20120825,0100,4463, ,CFS
SHA,H,76,INFLOW,20120825,0200,110, ,CFS
SHA,H,76,INFLOW,20120825,0300,20, ,CFS
SHA,H,76,INFLOW,20120825,0400,86, ,CFS
SHA,H,76,INFLOW,20120825,0500,44, ,CFS
SHA,H,76,INFLOW,20120825,0600,2510, ,CFS
SHA,H,76,INFLOW,20120825,0700,2459, ,CFS
SHA,H,76,INFLOW,20120825,0800,-170, ,CFS
SHA,H,76,INFLOW,20120825,0900,704, ,CFS
SHA,H,76,INFLOW,20120825,1000,-1636, ,CFS
SHA,H,76,INFLOW,20120825,1100,3909, ,CFS
SHA,H,76,INFLOW,20120825,1200,-3144, ,CFS
SHA,H,76,INFLOW,20120825,1300,2050, ,CFS
SHA,H,76,INFLOW,20120825,1400,-417, ,CFS
SHA,H,76,INFLOW,20120825,1500,3878, ,CFS
SHA,H,76,INFLOW,20120825,1600,-1042, ,CFS
SHA,H,76,INFLOW,20120825,1700,4189, ,CFS
SHA,H,76,INFLOW,20120825,1800,2773, ,CFS
SHA,H,76,INFLOW,20120825,1900,10381, ,CFS
SHA,H,76,INFLOW,20120825,2000,2070, ,CFS
SHA,H,76,INFLOW,20120825,2100,6954, ,CFS
SHA,H,76,INFLOW,20120825,2200,8702, ,CFS
SHA,H,76,INFLOW,20120825,2300,3399, ,CFS
SHA,H,76,INFLOW,20120826,0000,1343, ,CFS
SHA,H,76,INFLOW,20120826,0100,4724, ,CFS
SHA,H,76,INFLOW,20120826,0200,-1822, ,CFS
SHA,H,76,INFLOW,20120826,0300,476, ,CFS
SHA,H,76,INFLOW,20120826,0400,337, ,CFS
SHA,H,76,INFLOW,20120826,0500,3107, ,CFS
SHA,H,76,INFLOW,20120826,0600,731, ,CFS
SHA,H,76,INFLOW,20120826,0700,-120, ,CFS
SHA,H,76,INFLOW,20120826,0800,-155, ,CFS
SHA,H,76,INFLOW,20120826,0900,4784, ,CFS
SHA,H,76,INFLOW,20120826,1000,-6536, ,CFS
SHA,H,76,INFLOW,20120826,1100,5611, ,CFS
SHA,H,76,INFLOW,20120826,1200,1359, ,CFS
SHA,H,76,INFLOW,20120826,1300,462, ,CFS
SHA,H,76,INFLOW,20120826,1400,-772, ,CFS
SHA,H,76,INFLOW,20120826,1500,-612, ,CFS
SHA,H,76,INFLOW,20120826,1600,-194, ,CFS
SHA,H,76,INFLOW,20120826,1700,5485, ,CFS
SHA,H,76,INFLOW,20120826,1800,2679, ,CFS
SHA,H,76,INFLOW,20120826,1900,9864, ,CFS
SHA,H,76,INFLOW,20120826,2000,4533, ,CFS
SHA,H,76,INFLOW,20120826,2100,7768, ,CFS
SHA,H,76,INFLOW,20120826,2200,8201, ,CFS
SHA,H,76,INFLOW,20120826,2300,4233, ,CFS
SHA,H,76,INFLOW,20120827,0000,-306, ,CFS
SHA,H,76,INFLOW,20120827,0100,1907, ,CFS
SHA,H,76,INFLOW,20120827,0200,1439, ,CFS
SHA,H,76,INFLOW,20120827,0300,-1382, ,CFS
SHA,H,76,INFLOW,20120827,0400,3875, ,CFS
SHA,H,76,INFLOW,20120827,0500,1608, ,CFS
SHA,H,76,INFLOW,20120827,0600,-576, ,CFS
SHA,H,76,INFLOW,20120827,0700,3094, ,CFS
SHA,H,76,INFLOW,20120827,0800,-766, ,CFS
SHA,H,76,INFLOW,20120827,0900,-1032, ,CFS
SHA,H,76,INFLOW,20120827,1000,863, ,CFS
SHA,H,76,INFLOW,20120827,1100,1179, ,CFS
SHA,H,76,INFLOW,20120827,1200,269, ,CFS
SHA,H,76,INFLOW,20120827,1300,-29, ,CFS
SHA,H,76,INFLOW,20120827,1400,542, ,CFS
SHA,H,76,INFLOW,20120827,1500,3419, ,CFS
SHA,H,76,INFLOW,20120827,1600,5463, ,CFS
SHA,H,76,INFLOW,20120827,1700,10808, ,CFS
SHA,H,76,INFLOW,20120827,1800,2853, ,CFS
SHA,H,76,INFLOW,20120827,1900,8000, ,CFS
SHA,H,76,INFLOW,20120827,2000,4971, ,CFS
SHA,H,76,INFLOW,20120827,2100,9209, ,CFS
SHA,H,76,INFLOW,20120827,2200,10485, ,CFS
SHA,H,76,INFLOW,20120827,2300,8557, ,CFS
SHA,H,76,INFLOW,20120828,0000,6118, ,CFS
SHA,H,76,INFLOW,20120828,0100,9852, ,CFS
SHA,H,76,INFLOW,20120828,0200,1240, ,CFS
SHA,H,76,INFLOW,20120828,0300,6396, ,CFS
SHA,H,76,INFLOW,20120828,0400,3827, ,CFS
SHA,H,76,INFLOW,20120828,0500,3919, ,CFS
SHA,H,76,INFLOW,20120828,0600,3993, ,CFS
SHA,H,76,INFLOW,20120828,0700,1576, ,CFS
SHA,H,76,INFLOW,20120828,0800,6434, ,CFS
SHA,H,76,INFLOW,20120828,0900,4899, ,CFS
SHA,H,76,INFLOW,20120828,1000,2427, ,CFS
SHA,H,76,INFLOW,20120828,1100,5375, ,CFS
SHA,H,76,INFLOW,20120828,1200,2777, ,CFS
SHA,H,76,INFLOW,20120828,1300,1577, ,CFS
SHA,H,76,INFLOW,20120828,1400,169, ,CFS
SHA,H,76,INFLOW,20120828,1500,8885, ,CFS
SHA,H,76,INFLOW,20120828,1600,5322, ,CFS
SHA,H,76,INFLOW,20120828,1700,6374, ,CFS
SHA,H,76,INFLOW,20120828,1800,8062, ,CFS
SHA,H,76,INFLOW,20120828,1900,5826, ,CFS
SHA,H,76,INFLOW,20120828,2000,3160, ,CFS
SHA,H,76,INFLOW,20120828,2100,10040, ,CFS
SHA,H,76,INFLOW,20120828,2200,2017, ,CFS
SHA,H,76,INFLOW,20120828,2300,8897, ,CFS
SHA,H,76,INFLOW,20120829,0000,-2451, ,CFS
SHA,H,76,INFLOW,20120829,0100,2915, ,CFS
SHA,H,76,INFLOW,20120829,0200,334, ,CFS
SHA,H,76,INFLOW,20120829,0300,547, ,CFS
SHA,H,76,INFLOW,20120829,0400,445, ,CFS
SHA,H,76,INFLOW,20120829,0500,479, ,CFS
SHA,H,76,INFLOW,20120829,0600,448, ,CFS
SHA,H,76,INFLOW,20120829,0700,2163, ,CFS
SHA,H,76,INFLOW,20120829,0800,-52, ,CFS
SHA,H,76,INFLOW,20120829,0900,3428, ,CFS
SHA,H,76,INFLOW,20120829,1000,-1573, ,CFS
SHA,H,76,INFLOW,20120829,1100,693, ,CFS
SHA,H,76,INFLOW,20120829,1200,-1430, ,CFS
SHA,H,76,INFLOW,20120829,1300,-214, ,CFS
SHA,H,76,INFLOW,20120829,1400,-425, ,CFS
SHA,H,76,INFLOW,20120829,1500,5588, ,CFS
SHA,H,76,INFLOW,20120829,1600,4558, ,CFS
SHA,H,76,INFLOW,20120829,1700,10052, ,CFS
SHA,H,76,INFLOW,20120829,1800,4768, ,CFS
SHA,H,76,INFLOW,20120829,1900,6840, ,CFS
SHA,H,76,INFLOW,20120829,2000,6622, ,CFS
SHA,H,76,INFLOW,20120829,2100,6626, ,CFS
SHA,H,76,INFLOW,20120829,2200,10004, ,CFS
SHA,H,76,INFLOW,20120829,2300,7882, ,CFS
SHA,H,76,INFLOW,20120830,0000,-6011, ,CFS
SHA,H,76,INFLOW,20120830,0100,5803, ,CFS
SHA,H,76,INFLOW,20120830,0200,437, ,CFS
SHA,H,76,INFLOW,20120830,0300,409, ,CFS
SHA,H,76,INFLOW,20120830,0400,2987, ,CFS
SHA,H,76,INFLOW,20120830,0500,415, ,CFS
SHA,H,76,INFLOW,20120830,0600,430, ,CFS
SHA,H,76,INFLOW,20120830,0700,1785, ,CFS
SHA,H,76,INFLOW,20120830,0800,-2827, ,CFS
SHA,H,76,INFLOW,20120830,0900,1178, ,CFS
SHA,H,76,INFLOW,20120830,1000,1007, ,CFS
SHA,H,76,INFLOW,20120830,1100,967, ,CFS
SHA,H,76,INFLOW,20120830,1200,1244, ,CFS
SHA,H,76,INFLOW,20120830,1300,-1249, ,CFS
SHA,H,76,INFLOW,20120830,1400,-386, ,CFS
SHA,H,76,INFLOW,20120830,1500,-789, ,CFS
SHA,H,76,INFLOW,20120830,1600,5697, ,CFS
SHA,H,76,INFLOW,20120830,1700,5816, ,CFS
SHA,H,76,INFLOW,20120830,1800,8216, ,CFS
SHA,H,76,INFLOW,20120830,1900,3004, ,CFS
SHA,H,76,INFLOW,20120830,2000,5637, ,CFS
SHA,H,76,INFLOW,20120830,2100,6399, ,CFS
SHA,H,76,INFLOW,20120830,2200,5215, ,CFS
SHA,H,76,INFLOW,20120830,2300,8407, ,CFS
SHA,H,76,INFLOW,20120831,0000,-5173, ,CFS
SHA,H,76,INFLOW,20120831,0100,5083, ,CFS
SHA,H,76,INFLOW,20120831,0200,244, ,CFS
SHA,H,76,INFLOW,20120831,0300,125, ,CFS
SHA,H,76,INFLOW,20120831,0400,2869, ,CFS
SHA,H,76,INFLOW,20120831,0500,313, ,CFS
SHA,H,76,INFLOW,20120831,0600,585, ,CFS
SHA,H,76,INFLOW,20120831,0700,406, ,CFS
SHA,H,76,INFLOW,20120831,0800,-1146, ,CFS
SHA,H,76,INFLOW,20120831,0900,2027, ,CFS
SHA,H,76,INFLOW,20120831,1000,-948, ,CFS
SHA,H,76,INFLOW,20120831,1100,-70, ,CFS
SHA,H,76,INFLOW,20120831,1200,1419, ,CFS
SHA,H,76,INFLOW,20120831,1300,-27, ,CFS
SHA,H,76,INFLOW,20120831,1400,832, ,CFS
SHA,H,76,INFLOW,20120831,1500,6600, ,CFS
SHA,H,76,INFLOW,20120831,1600,4316, ,CFS
SHA,H,76,INFLOW,20120831,1700,9185, ,CFS
SHA,H,76,INFLOW,20120831,1800,5747, ,CFS
SHA,H,76,INFLOW,20120831,1900,5203, ,CFS
SHA,H,76,INFLOW,20120831,2000,4997, ,CFS
SHA,H,76,INFLOW,20120831,2100,6141, ,CFS
SHA,H,76,INFLOW,20120831,2200,5301, ,CFS
SHA,H,76,INFLOW,20120831,2300,6101, ,CFS
SHA,H,76,INFLOW,20120901,0000,626, ,CFS
SHA,H,76,INFLOW,20120901,0100,-317, ,CFS
SHA,H,76,INFLOW,20120901,0200,2135, ,CFS
SHA,H,76,INFLOW,20120901,0300,82, ,CFS
SHA,H,76,INFLOW,20120901,0400,2512, ,CFS
SHA,H,76,INFLOW,20120901,0500,-92, ,CFS
SHA,H,76,INFLOW,20120901,0600,2545, ,CFS
SHA,H,76,INFLOW,20120901,0700,2147, ,CFS
SHA,H,76,INFLOW,20120901,0800,-573, ,CFS
SHA,H,76,INFLOW,20120901,0900,181, ,CFS
SHA,H,76,INFLOW,20120901,1000,-635, ,CFS
SHA,H,76,INFLOW,20120901,1100,166, ,CFS
SHA,H,76,INFLOW,20120901,1200,-1918, ,CFS
SHA,H,76,INFLOW,20120901,1300,2762, ,CFS
SHA,H,76,INFLOW,20120901,1400,232, ,CFS
SHA,H,76,INFLOW,20120901,1500,899, ,CFS
SHA,H,76,INFLOW,20120901,1600,1796, ,CFS
SHA,H,76,INFLOW,20120901,1700,4565, ,CFS
SHA,H,76,INFLOW,20120901,1800,4538, ,CFS
SHA,H,76,INFLOW,20120901,1900,9353, ,CFS
SHA,H,76,INFLOW,20120901,2000,1617, ,CFS
SHA,H,76,INFLOW,20120901,2100,8878, ,CFS
SHA,H,76,INFLOW,20120901,2200,6960, ,CFS
SHA,H,76,INFLOW,20120901,2300,10634, ,CFS
SHA,H,76,INFLOW,20120902,0000,3984, ,CFS
SHA,H,76,INFLOW,20120902,0100,2268, ,CFS
SHA,H,76,INFLOW,20120902,0200,457, ,CFS
SHA,H,76,INFLOW,20120902,0300,2416, ,CFS
SHA,H,76,INFLOW,20120902,0400,-2708, ,CFS
SHA,H,76,INFLOW,20120902,0500,5181, ,CFS
SHA,H,76,INFLOW,20120902,0600,-40, ,CFS
SHA,H,76,INFLOW,20120902,0700,2015, ,CFS
SHA,H,76,INFLOW,20120902,0800,-547, ,CFS
SHA,H,76,INFLOW,20120902,0900,-1370, ,CFS
SHA,H,76,INFLOW,20120902,1000,-2016, ,CFS
SHA,H,76,INFLOW,20120902,1100,1320, ,CFS
SHA,H,76,INFLOW,20120902,1200,-1940, ,CFS
SHA,H,76,INFLOW,20120902,1300,1297, ,CFS
SHA,H,76,INFLOW,20120902,1400,914, ,CFS
SHA,H,76,INFLOW,20120902,1500,1569, ,CFS
SHA,H,76,INFLOW,20120902,1600,3845, ,CFS
SHA,H,76,INFLOW,20120902,1700,7015, ,CFS
SHA,H,76,INFLOW,20120902,1800,9535, ,CFS
SHA,H,76,INFLOW,20120902,1900,6436, ,CFS
SHA,H,76,INFLOW,20120902,2000,4020, ,CFS
SHA,H,76,INFLOW,20120902,2100,6615, ,CFS
SHA,H,76,INFLOW,20120902,2200,6465, ,CFS
SHA,H,76,INFLOW,20120902,2300,10373, ,CFS
SHA,H,76,INFLOW,20120903,0000,-2091, ,CFS
SHA,H,76,INFLOW,20120903,0100,1343, ,CFS
SHA,H,76,INFLOW,20120903,0200,5902, ,CFS
SHA,H,76,INFLOW,20120903,0300,-2738, ,CFS
SHA,H,76,INFLOW,20120903,0400,2155, ,CFS
SHA,H,76,INFLOW,20120903,0500,2142, ,CFS
SHA,H,76,INFLOW,20120903,0600,-179, ,CFS
SHA,H,76,INFLOW,20120903,0700,2451, ,CFS
SHA,H,76,INFLOW,20120903,0800,-13, ,CFS
SHA,H,76,INFLOW,20120903,0900,-1800, ,CFS
SHA,H,76,INFLOW,20120903,1000,3247, ,CFS
SHA,H,76,INFLOW,20120903,1100,-5688, ,CFS
SHA,H,76,INFLOW,20120903,1200,2245, ,CFS
SHA,H,76,INFLOW,20120903,1300,-450, ,CFS
SHA,H,76,INFLOW,20120903,1400,31, ,CFS
SHA,H,76,INFLOW,20120903,1500,3627, ,CFS
SHA,H,76,INFLOW,20120903,1600,1449, ,CFS
SHA,H,76,INFLOW,20120903,1700,5480, ,CFS
SHA,H,76,INFLOW,20120903,1800,2835, ,CFS
SHA,H,76,INFLOW,20120903,1900,7489, ,CFS
SHA,H,76,INFLOW,20120903,2000,2341, ,CFS
SHA,H,76,INFLOW,20120903,2100,7453, ,CFS
SHA,H,76,INFLOW,20120903,2200,9001, ,CFS
SHA,H,76,INFLOW,20120903,2300,4086, ,CFS
SHA,H,76,INFLOW,20120904,0000,183, ,CFS
SHA,H,76,INFLOW,20120904,0100,2947, ,CFS
SHA,H,76,INFLOW,20120904,0200,170, ,CFS
SHA,H,76,INFLOW,20120904,0300,2655, ,CFS
SHA,H,76,INFLOW,20120904,0400,2788, ,CFS
SHA,H,76,INFLOW,20120904,0500,-272, ,CFS
SHA,H,76,INFLOW,20120904,0600,2365, ,CFS
SHA,H,76,INFLOW,20120904,0700,-624, ,CFS
SHA,H,76,INFLOW,20120904,0800,-622, ,CFS
SHA,H,76,INFLOW,20120904,0900,-2471, ,CFS
SHA,H,76,INFLOW,20120904,1000,-153, ,CFS
SHA,H,76,INFLOW,20120904,1100,2200, ,CFS
SHA,H,76,INFLOW,20120904,1200,-1250, ,CFS
SHA,H,76,INFLOW,20120904,1300,1308, ,CFS
SHA,H,76,INFLOW,20120904,1400,-847, ,CFS
SHA,H,76,INFLOW,20120904,1500,4108, ,CFS
SHA,H,76,INFLOW,20120904,1600,9415, ,CFS
SHA,H,76,INFLOW,20120904,1700,7108, ,CFS
SHA,H,76,INFLOW,20120904,1800,4151, ,CFS
SHA,H,76,INFLOW,20120904,1900,7711, ,CFS
SHA,H,76,INFLOW,20120904,2000,6772, ,CFS
SHA,H,76,INFLOW,20120904,2100,1623, ,CFS
SHA,H,76,INFLOW,20120904,2200,10509, ,CFS
SHA,H,76,INFLOW,20120904,2300,2241, ,CFS
SHA,H,76,INFLOW,20120905,0000,471, ,CFS
SHA,H,76,INFLOW,20120905,0100,2719, ,CFS
SHA,H,76,INFLOW,20120905,0200,115, ,CFS
SHA,H,76,INFLOW,20120905,0300,2783, ,CFS
SHA,H,76,INFLOW,20120905,0400,2792, ,CFS
SHA,H,76,INFLOW,20120905,0500,-2364, ,CFS
SHA,H,76,INFLOW,20120905,0600,2717, ,CFS
SHA,H,76,INFLOW,20120905,0700,-1197, ,CFS
SHA,H,76,INFLOW,20120905,0800,1741, ,CFS
SHA,H,76,INFLOW,20120905,0900,-33073, ,CFS
SHA,H,76,INFLOW,20120905,1000,-1575, ,CFS
SHA,H,76,INFLOW,20120905,1100,-1866, ,CFS
SHA,H,76,INFLOW,20120905,1200,-333, ,CFS
SHA,H,76,INFLOW,20120905,1300,436, ,CFS
SHA,H,76,INFLOW,20120905,1400,5149, ,CFS
SHA,H,76,INFLOW,20120905,1500,2446, ,CFS
SHA,H,76,INFLOW,20120905,1600,4956, ,CFS
SHA,H,76,INFLOW,20120905,1700,10040, ,CFS
SHA,H,76,INFLOW,20120905,1800,2536, ,CFS
SHA,H,76,INFLOW,20120905,1900,4769, ,CFS
SHA,H,76,INFLOW,20120905,2000,7158, ,CFS
SHA,H,76,INFLOW,20120905,2100,4235, ,CFS
SHA,H,76,INFLOW,20120905,2200,2915, ,CFS
SHA,H,76,INFLOW,20120905,2300,4453, ,CFS
SHA,H,76,INFLOW,20120906,0000,1538, ,CFS
SHA,H,76,INFLOW,20120906,0100,3128, ,CFS
SHA,H,76,INFLOW,20120906,0200,2368, ,CFS
SHA,H,76,INFLOW,20120906,0300,2121, ,CFS
SHA,H,76,INFLOW,20120906,0400,-495, ,CFS
SHA,H,76,INFLOW,20120906,0500,2494, ,CFS
SHA,H,76,INFLOW,20120906,0600,610, ,CFS
SHA,H,76,INFLOW,20120906,0700,3613, ,CFS
SHA,H,76,INFLOW,20120906,0800,-1025, ,CFS
SHA,H,76,INFLOW,20120906,0900,-1060, ,CFS
SHA,H,76,INFLOW,20120906,1000,-2266, ,CFS
SHA,H,76,INFLOW,20120906,1100,-3986, ,CFS
SHA,H,76,INFLOW,20120906,1200,3130, ,CFS
SHA,H,76,INFLOW,20120906,1300,3211, ,CFS
SHA,H,76,INFLOW,20120906,1400,2258, ,CFS
SHA,H,76,INFLOW,20120906,1500,4323, ,CFS
SHA,H,76,INFLOW,20120906,1600,3565, ,CFS
SHA,H,76,INFLOW,20120906,1700,8506, ,CFS
SHA,H,76,INFLOW,20120906,1800,5663, ,CFS
SHA,H,76,INFLOW,20120906,1900,2721, ,CFS
SHA,H,76,INFLOW,20120906,2000,7355, ,CFS
SHA,H,76,INFLOW,20120906,2100,3444, ,CFS
SHA,H,76,INFLOW,20120906,2200,7865, ,CFS
SHA,H,76,INFLOW,20120906,2300,6006, ,CFS
SHA,H,76,INFLOW,20120907,0000,-1933, ,CFS
SHA,H,76,INFLOW,20120907,0100,4643, ,CFS
SHA,H,76,INFLOW,20120907,0200,-245, ,CFS
SHA,H,76,INFLOW,20120907,0300,2336, ,CFS
SHA,H,76,INFLOW,20120907,0400,2592, ,CFS
SHA,H,76,INFLOW,20120907,0500,133, ,CFS
SHA,H,76,INFLOW,20120907,0600,361, ,CFS
SHA,H,76,INFLOW,20120907,0700,868, ,CFS
SHA,H,76,INFLOW,20120907,0800,925, ,CFS
SHA,H,76,INFLOW,20120907,0900,-263, ,CFS
SHA,H,76,INFLOW,20120907,1000,-2363, ,CFS
SHA,H,76,INFLOW,20120907,1100,1060, ,CFS
SHA,H,76,INFLOW,20120907,1200,1677, ,CFS
SHA,H,76,INFLOW,20120907,1300,-1504, ,CFS
SHA,H,76,INFLOW,20120907,1400,1569, ,CFS
SHA,H,76,INFLOW,20120907,1500,5266, ,CFS
SHA,H,76,INFLOW,20120907,1600,5299, ,CFS
SHA,H,76,INFLOW,20120907,1700,7994, ,CFS
SHA,H,76,INFLOW,20120907,1800,2965, ,CFS
SHA,H,76,INFLOW,20120907,1900,10209, ,CFS
SHA,H,76,INFLOW,20120907,2000,4742, ,CFS
SHA,H,76,INFLOW,20120907,2100,6841, ,CFS
SHA,H,76,INFLOW,20120907,2200,9158, ,CFS
SHA,H,76,INFLOW,20120907,2300,5924, ,CFS
SHA,H,76,INFLOW,20120908,0000,4531, ,CFS
SHA,H,76,INFLOW,20120908,0100,2606, ,CFS
SHA,H,76,INFLOW,20120908,0200,2507, ,CFS
SHA,H,76,INFLOW,20120908,0300,-19, ,CFS
SHA,H,76,INFLOW,20120908,0400,-113, ,CFS
SHA,H,76,INFLOW,20120908,0500,2402, ,CFS
SHA,H,76,INFLOW,20120908,0600,2458, ,CFS
SHA,H,76,INFLOW,20120908,0700,-1344, ,CFS
SHA,H,76,INFLOW,20120908,0800,3655, ,CFS
SHA,H,76,INFLOW,20120908,0900,-3102, ,CFS
SHA,H,76,INFLOW,20120908,1000,0, ,CFS
SHA,H,76,INFLOW,20120908,1100,536, ,CFS
SHA,H,76,INFLOW,20120908,1200,611, ,CFS
SHA,H,76,INFLOW,20120908,1300,1423, ,CFS
SHA,H,76,INFLOW,20120908,1400,2065, ,CFS
SHA,H,76,INFLOW,20120908,1500,5516, ,CFS
SHA,H,76,INFLOW,20120908,1600,3008, ,CFS
SHA,H,76,INFLOW,20120908,1700,10563, ,CFS
SHA,H,76,INFLOW,20120908,1800,3368, ,CFS
SHA,H,76,INFLOW,20120908,1900,5811, ,CFS
SHA,H,76,INFLOW,20120908,2000,8390, ,CFS
SHA,H,76,INFLOW,20120908,2100,3274, ,CFS
SHA,H,76,INFLOW,20120908,2200,10696, ,CFS
SHA,H,76,INFLOW,20120908,2300,3802, ,CFS
SHA,H,76,INFLOW,20120909,0000,-2042, ,CFS
SHA,H,76,INFLOW,20120909,0100,4968, ,CFS
SHA,H,76,INFLOW,20120909,0200,1654, ,CFS
SHA,H,76,INFLOW,20120909,0300,1525, ,CFS
SHA,H,76,INFLOW,20120909,0400,1718, ,CFS
SHA,H,76,INFLOW,20120909,0500,-639, ,CFS
SHA,H,76,INFLOW,20120909,0600,2242, ,CFS
SHA,H,76,INFLOW,20120909,0700,1505, ,CFS
SHA,H,76,INFLOW,20120909,0800,-2291, ,CFS
SHA,H,76,INFLOW,20120909,0900,724, ,CFS
SHA,H,76,INFLOW,20120909,1000,-1027, ,CFS
SHA,H,76,INFLOW,20120909,1100,1069, ,CFS
SHA,H,76,INFLOW,20120909,1200,992, ,CFS
SHA,H,76,INFLOW,20120909,1300,2343, ,CFS
SHA,H,76,INFLOW,20120909,1400,-161, ,CFS
SHA,H,76,INFLOW,20120909,1500,5184, ,CFS
SHA,H,76,INFLOW,20120909,1600,5442, ,CFS
SHA,H,76,INFLOW,20120909,1700,8247, ,CFS
SHA,H,76,INFLOW,20120909,1800,3205, ,CFS
SHA,H,76,INFLOW,20120909,1900,8012, ,CFS
SHA,H,76,INFLOW,20120909,2000,6870, ,CFS
SHA,H,76,INFLOW,20120909,2100,6954, ,CFS
SHA,H,76,INFLOW,20120909,2200,9432, ,CFS
SHA,H,76,INFLOW,20120909,2300,5747, ,CFS
SHA,H,76,INFLOW,20120910,0000,-4446, ,CFS
SHA,H,76,INFLOW,20120910,0100,5719, ,CFS
SHA,H,76,INFLOW,20120910,0200,317, ,CFS
SHA,H,76,INFLOW,20120910,0300,2713, ,CFS
SHA,H,76,INFLOW,20120910,0400,2321, ,CFS
SHA,H,76,INFLOW,20120910,0500,-2790, ,CFS
SHA,H,76,INFLOW,20120910,0600,601, ,CFS
SHA,H,76,INFLOW,20120910,0700,2258, ,CFS
SHA,H,76,INFLOW,20120910,0800,48, ,CFS
SHA,H,76,INFLOW,20120910,0900,778, ,CFS
SHA,H,76,INFLOW,20120910,1000,681, ,CFS
SHA,H,76,INFLOW,20120910,1100,-2354, ,CFS
SHA,H,76,INFLOW,20120910,1200,1208, ,CFS
SHA,H,76,INFLOW,20120910,1300,-4211, ,CFS
SHA,H,76,INFLOW,20120910,1400,6128, ,CFS
SHA,H,76,INFLOW,20120910,1500,6917, ,CFS
SHA,H,76,INFLOW,20120910,1600,4862, ,CFS
SHA,H,76,INFLOW,20120910,1700,4555, ,CFS
SHA,H,76,INFLOW,20120910,1800,4536, ,CFS
SHA,H,76,INFLOW,20120910,1900,5828, ,CFS
SHA,H,76,INFLOW,20120910,2000,7616, ,CFS
SHA,H,76,INFLOW,20120910,2100,4560, ,CFS
SHA,H,76,INFLOW,20120910,2200,4388, ,CFS
SHA,H,76,INFLOW,20120910,2300,7859, ,CFS
SHA,H,76,INFLOW,20120911,0000,-1817, ,CFS
SHA,H,76,INFLOW,20120911,0100,2767, ,CFS
SHA,H,76,INFLOW,20120911,0200,2436, ,CFS
SHA,H,76,INFLOW,20120911,0300,-355, ,CFS
SHA,H,76,INFLOW,20120911,0400,2282, ,CFS
SHA,H,76,INFLOW,20120911,0500,-92, ,CFS
SHA,H,76,INFLOW,20120911,0600,458, ,CFS
SHA,H,76,INFLOW,20120911,0700,2511, ,CFS
SHA,H,76,INFLOW,20120911,0800,-1783, ,CFS
SHA,H,76,INFLOW,20120911,0900,2423, ,CFS
SHA,H,76,INFLOW,20120911,1000,251, ,CFS
SHA,H,76,INFLOW,20120911,1100,-1610, ,CFS
SHA,H,76,INFLOW,20120911,1200,1122, ,CFS
SHA,H,76,INFLOW,20120911,1300,2526, ,CFS
SHA,H,76,INFLOW,20120911,1400,3686, ,CFS
SHA,H,76,INFLOW,20120911,1500,387, ,CFS
SHA,H,76,INFLOW,20120911,1600,5460, ,CFS
SHA,H,76,INFLOW,20120911,1700,3217, ,CFS
SHA,H,76,INFLOW,20120911,1800,6216, ,CFS
SHA,H,76,INFLOW,20120911,1900,4010, ,CFS
SHA,H,76,INFLOW,20120911,2000,8596, ,CFS
SHA,H,76,INFLOW,20120911,2100,2596, ,CFS
SHA,H,76,INFLOW,20120911,2200,4356, ,CFS
SHA,H,76,INFLOW,20120911,2300,5568, ,CFS
SHA,H,76,INFLOW,20120912,0000,5644, ,CFS
SHA,H,76,INFLOW,20120912,0100,2553, ,CFS
SHA,H,76,INFLOW,20120912,0200,159, ,CFS
SHA,H,76,INFLOW,20120912,0300,2668, ,CFS
SHA,H,76,INFLOW,20120912,0400,133, ,CFS
SHA,H,76,INFLOW,20120912,0500,2719, ,CFS
SHA,H,76,INFLOW,20120912,0600,362, ,CFS
SHA,H,76,INFLOW,20120912,0700,-143, ,CFS
SHA,H,76,INFLOW,20120912,0800,457, ,CFS
SHA,H,76,INFLOW,20120912,0900,68, ,CFS
SHA,H,76,INFLOW,20120912,1000,136, ,CFS
SHA,H,76,INFLOW,20120912,1100,1860, ,CFS
SHA,H,76,INFLOW,20120912,1200,4331, ,CFS
SHA,H,76,INFLOW,20120912,1300,3914, ,CFS
SHA,H,76,INFLOW,20120912,1400,5122, ,CFS
SHA,H,76,INFLOW,20120912,1500,2709, ,CFS
SHA,H,76,INFLOW,20120912,1600,5214, ,CFS
SHA,H,76,INFLOW,20120912,1700,1998, ,CFS
SHA,H,76,INFLOW,20120912,1800,4514, ,CFS
SHA,H,76,INFLOW,20120912,1900,9068, ,CFS
SHA,H,76,INFLOW,20120912,2000,6851, ,CFS
SHA,H,76,INFLOW,20120912,2100,6102, ,CFS
SHA,H,76,INFLOW,20120912,2200,7195, ,CFS
SHA,H,76,INFLOW,20120912,2300,8438, ,CFS
SHA,H,76,INFLOW,20120913,0000,-1366, ,CFS
SHA,H,76,INFLOW,20120913,0100,1756, ,CFS
SHA,H,76,INFLOW,20120913,0200,1547, ,CFS
SHA,H,76,INFLOW,20120913,0300,1591, ,CFS
SHA,H,76,INFLOW,20120913,0400,4150, ,CFS
SHA,H,76,INFLOW,20120913,0500,-3344, ,CFS
SHA,H,76,INFLOW,20120913,0600,2132, ,CFS
SHA,H,76,INFLOW,20120913,0700,3882, ,CFS
SHA,H,76,INFLOW,20120913,0800,-3015, ,CFS
SHA,H,76,INFLOW,20120913,0900,1738, ,CFS
SHA,H,76,INFLOW,20120913,1000,-3156, ,CFS
SHA,H,76,INFLOW,20120913,1100,2190, ,CFS
SHA,H,76,INFLOW,20120913,1200,6236, ,CFS
SHA,H,76,INFLOW,20120913,1300,2307, ,CFS
SHA,H,76,INFLOW,20120913,1400,3966, ,CFS
SHA,H,76,INFLOW,20120913,1500,4964, ,CFS
SHA,H,76,INFLOW,20120913,1600,7369, ,CFS
SHA,H,76,INFLOW,20120913,1700,2509, ,CFS
SHA,H,76,INFLOW,20120913,1800,9917, ,CFS
SHA,H,76,INFLOW,20120913,1900,3228, ,CFS
SHA,H,76,INFLOW,20120913,2000,4199, ,CFS
SHA,H,76,INFLOW,20120913,2100,11713, ,CFS
SHA,H,76,INFLOW,20120913,2200,1865, ,CFS
SHA,H,76,INFLOW,20120913,2300,9533, ,CFS
SHA,H,76,INFLOW,20120914,0000,362, ,CFS
SHA,H,76,INFLOW,20120914,0100,4589, ,CFS
SHA,H,76,INFLOW,20120914,0200,1724, ,CFS
SHA,H,76,INFLOW,20120914,0300,-412, ,CFS
SHA,H,76,INFLOW,20120914,0400,-699, ,CFS
SHA,H,76,INFLOW,20120914,0500,1864, ,CFS
SHA,H,76,INFLOW,20120914,0600,-310, ,CFS
SHA,H,76,INFLOW,20120914,0700,2510, ,CFS
SHA,H,76,INFLOW,20120914,0800,857, ,CFS
SHA,H,76,INFLOW,20120914,0900,589, ,CFS
SHA,H,76,INFLOW,20120914,1000,1036, ,CFS
SHA,H,76,INFLOW,20120914,1100,-3164, ,CFS
SHA,H,76,INFLOW,20120914,1200,3296, ,CFS
SHA,H,76,INFLOW,20120914,1300,3999, ,CFS
SHA,H,76,INFLOW,20120914,1400,7172, ,CFS
SHA,H,76,INFLOW,20120914,1500,3463, ,CFS
SHA,H,76,INFLOW,20120914,1600,4233, ,CFS
SHA,H,76,INFLOW,20120914,1700,1761, ,CFS
SHA,H,76,INFLOW,20120914,1800,6510, ,CFS
SHA,H,76,INFLOW,20120914,1900,3366, ,CFS
SHA,H,76,INFLOW,20120914,2000,6249, ,CFS
SHA,H,76,INFLOW,20120914,2100,9127, ,CFS
SHA,H,76,INFLOW,20120914,2200,4649, ,CFS
SHA,H,76,INFLOW,20120914,2300,7975, ,CFS
SHA,H,76,INFLOW,20120915,0000,-1077, ,CFS
SHA,H,76,INFLOW,20120915,0100,7292, ,CFS
SHA,H,76,INFLOW,20120915,0200,-333, ,CFS
SHA,H,76,INFLOW,20120915,0300,-550, ,CFS
SHA,H,76,INFLOW,20120915,0400,4070, ,CFS
SHA,H,76,INFLOW,20120915,0500,-906, ,CFS
SHA,H,76,INFLOW,20120915,0600,1879, ,CFS
SHA,H,76,INFLOW,20120915,0700,1785, ,CFS
SHA,H,76,INFLOW,20120915,0800,-2312, ,CFS
SHA,H,76,INFLOW,20120915,0900,2633, ,CFS
SHA,H,76,INFLOW,20120915,1000,-1566, ,CFS
SHA,H,76,INFLOW,20120915,1100,-899, ,CFS
SHA,H,76,INFLOW,20120915,1200,1133, ,CFS
SHA,H,76,INFLOW,20120915,1300,4263, ,CFS
SHA,H,76,INFLOW,20120915,1400,1648, ,CFS
SHA,H,76,INFLOW,20120915,1500,8802, ,CFS
SHA,H,76,INFLOW,20120915,1600,-879, ,CFS
SHA,H,76,INFLOW,20120915,1700,4327, ,CFS
SHA,H,76,INFLOW,20120915,1800,6575, ,CFS
SHA,H,76,INFLOW,20120915,1900,3346, ,CFS
SHA,H,76,INFLOW,20120915,2000,6452, ,CFS
SHA,H,76,INFLOW,20120915,2100,7767, ,CFS
SHA,H,76,INFLOW,20120915,2200,3380, ,CFS
SHA,H,76,INFLOW,20120915,2300,7780, ,CFS
SHA,H,76,INFLOW,20120916,0000,141, ,CFS
SHA,H,76,INFLOW,20120916,0100,2414, ,CFS
SHA,H,76,INFLOW,20120916,0200,2337, ,CFS
SHA,H,76,INFLOW,20120916,0300,-323, ,CFS
SHA,H,76,INFLOW,20120916,0400,4682, ,CFS
SHA,H,76,INFLOW,20120916,0500,-513, ,CFS
SHA,H,76,INFLOW,20120916,0600,-449, ,CFS
SHA,H,76,INFLOW,20120916,0700,3037, ,CFS
SHA,H,76,INFLOW,20120916,0800,-1457, ,CFS
SHA,H,76,INFLOW,20120916,0900,381, ,CFS
SHA,H,76,INFLOW,20120916,1000,291, ,CFS
SHA,H,76,INFLOW,20120916,1100,-3685, ,CFS
SHA,H,76,INFLOW,20120916,1200,708, ,CFS
SHA,H,76,INFLOW,20120916,1300,4166, ,CFS
SHA,H,76,INFLOW,20120916,1400,1542, ,CFS
SHA,H,76,INFLOW,20120916,1500,7358, ,CFS
SHA,H,76,INFLOW,20120916,1600,2193, ,CFS
SHA,H,76,INFLOW,20120916,1700,4920, ,CFS
SHA,H,76,INFLOW,20120916,1800,4833, ,CFS
SHA,H,76,INFLOW,20120916,1900,4173, ,CFS
SHA,H,76,INFLOW,20120916,2000,6486, ,CFS
SHA,H,76,INFLOW,20120916,2100,7801, ,CFS
SHA,H,76,INFLOW,20120916,2200,6424, ,CFS
SHA,H,76,INFLOW,20120916,2300,4766, ,CFS
SHA,H,76,INFLOW,20120917,0000,479, ,CFS
SHA,H,76,INFLOW,20120917,0100,2690, ,CFS
SHA,H,76,INFLOW,20120917,0200,4971, ,CFS
SHA,H,76,INFLOW,20120917,0300,-72, ,CFS
SHA,H,76,INFLOW,20120917,0400,2424, ,CFS
SHA,H,76,INFLOW,20120917,0500,2513, ,CFS
SHA,H,76,INFLOW,20120917,0600,65, ,CFS
SHA,H,76,INFLOW,20120917,0700,452, ,CFS
SHA,H,76,INFLOW,20120917,0800,-1168, ,CFS
SHA,H,76,INFLOW,20120917,0900,320, ,CFS
SHA,H,76,INFLOW,20120917,1000,-1781, ,CFS
SHA,H,76,INFLOW,20120917,1100,448, ,CFS
SHA,H,76,INFLOW,20120917,1200,1764, ,CFS
SHA,H,76,INFLOW,20120917,1300,-156, ,CFS
SHA,H,76,INFLOW,20120917,1400,4701, ,CFS
SHA,H,76,INFLOW,20120917,1500,8242, ,CFS
SHA,H,76,INFLOW,20120917,1600,5015, ,CFS
SHA,H,76,INFLOW,20120917,1700,5107, ,CFS
SHA,H,76,INFLOW,20120917,1800,4474, ,CFS
SHA,H,76,INFLOW,20120917,1900,4427, ,CFS
SHA,H,76,INFLOW,20120917,2000,8809, ,CFS
SHA,H,76,INFLOW,20120917,2100,9263, ,CFS
SHA,H,76,INFLOW,20120917,2200,-289, ,CFS
SHA,H,76,INFLOW,20120917,2300,10738, ,CFS
SHA,H,76,INFLOW,20120918,0000,-4588, ,CFS
SHA,H,76,INFLOW,20120918,0100,6445, ,CFS
SHA,H,76,INFLOW,20120918,0200,4142, ,CFS
SHA,H,76,INFLOW,20120918,0300,-907, ,CFS
SHA,H,76,INFLOW,20120918,0400,4082, ,CFS
SHA,H,76,INFLOW,20120918,0500,1706, ,CFS
SHA,H,76,INFLOW,20120918,0600,4221, ,CFS
SHA,H,76,INFLOW,20120918,0700,9574, ,CFS
SHA,H,76,INFLOW,20120918,0800,2805, ,CFS
SHA,H,76,INFLOW,20120918,0900,2832, ,CFS
SHA,H,76,INFLOW,20120918,1000,2815, ,CFS
SHA,H,76,INFLOW,20120918,1100,2619, ,CFS
SHA,H,76,INFLOW,20120918,1200,6908, ,CFS
SHA,H,76,INFLOW,20120918,1300,2417, ,CFS
SHA,H,76,INFLOW,20120918,1400,3010, ,CFS
SHA,H,76,INFLOW,20120918,1500,6022, ,CFS
SHA,H,76,INFLOW,20120918,1600,1556, ,CFS
SHA,H,76,INFLOW,20120918,1700,4117, ,CFS
SHA,H,76,INFLOW,20120918,1800,2858, ,CFS
SHA,H,76,INFLOW,20120918,1900,211, ,CFS
SHA,H,76,INFLOW,20120918,2000,4858, ,CFS
SHA,H,76,INFLOW,20120918,2100,5061, ,CFS
SHA,H,76,INFLOW,20120918,2200,4887, ,CFS
SHA,H,76,INFLOW,20120918,2300,4028, ,CFS
SHA,H,76,INFLOW,20120919,0000,5913, ,CFS
SHA,H,76,INFLOW,20120919,0100,1717, ,CFS
SHA,H,76,INFLOW,20120919,0200,4282, ,CFS
SHA,H,76,INFLOW,20120919,0300,-868, ,CFS
SHA,H,76,INFLOW,20120919,0400,1685, ,CFS
SHA,H,76,INFLOW,20120919,0500,1998, ,CFS
SHA,H,76,INFLOW,20120919,0600,-474, ,CFS
SHA,H,76,INFLOW,20120919,0700,3560, ,CFS
SHA,H,76,INFLOW,20120919,0800,-570, ,CFS
SHA,H,76,INFLOW,20120919,0900,-188, ,CFS
SHA,H,76,INFLOW,20120919,1000,-797, ,CFS
SHA,H,76,INFLOW,20120919,1100,-581, ,CFS
SHA,H,76,INFLOW,20120919,1200,1194, ,CFS
SHA,H,76,INFLOW,20120919,1300,6780, ,CFS
SHA,H,76,INFLOW,20120919,1400,1243, ,CFS
SHA,H,76,INFLOW,20120919,1500,4263, ,CFS
SHA,H,76,INFLOW,20120919,1600,5604, ,CFS
SHA,H,76,INFLOW,20120919,1700,5836, ,CFS
SHA,H,76,INFLOW,20120919,1800,2154, ,CFS
SHA,H,76,INFLOW,20120919,1900,4591, ,CFS
SHA,H,76,INFLOW,20120919,2000,2167, ,CFS
SHA,H,76,INFLOW,20120919,2100,9279, ,CFS
SHA,H,76,INFLOW,20120919,2200,5607, ,CFS
SHA,H,76,INFLOW,20120919,2300,4631, ,CFS
SHA,H,76,INFLOW,20120920,0000,2713, ,CFS
SHA,H,76,INFLOW,20120920,0100,3478, ,CFS
SHA,H,76,INFLOW,20120920,0200,61, ,CFS
SHA,H,76,INFLOW,20120920,0300,2446, ,CFS
SHA,H,76,INFLOW,20120920,0400,-69, ,CFS
SHA,H,76,INFLOW,20120920,0500,2599, ,CFS
SHA,H,76,INFLOW,20120920,0600,-323, ,CFS
SHA,H,76,INFLOW,20120920,0700,2364, ,CFS
SHA,H,76,INFLOW,20120920,0800,90, ,CFS
SHA,H,76,INFLOW,20120920,0900,-797, ,CFS
SHA,H,76,INFLOW,20120920,1000,-1692, ,CFS
SHA,H,76,INFLOW,20120920,1100,-762, ,CFS
SHA,H,76,INFLOW,20120920,1200,3104, ,CFS
SHA,H,76,INFLOW,20120920,1300,1599, ,CFS
SHA,H,76,INFLOW,20120920,1400,6913, ,CFS
SHA,H,76,INFLOW,20120920,1500,2132, ,CFS
SHA,H,76,INFLOW,20120920,1600,4945, ,CFS
SHA,H,76,INFLOW,20120920,1700,5396, ,CFS
SHA,H,76,INFLOW,20120920,1800,8441, ,CFS
SHA,H,76,INFLOW,20120920,1900,5174, ,CFS
SHA,H,76,INFLOW,20120920,2000,4955, ,CFS
SHA,H,76,INFLOW,20120920,2100,7663, ,CFS
SHA,H,76,INFLOW,20120920,2200,4604, ,CFS
SHA,H,76,INFLOW,20120920,2300,6847, ,CFS
SHA,H,76,INFLOW,20120921,0000,-368, ,CFS
SHA,H,76,INFLOW,20120921,0100,6870, ,CFS
SHA,H,76,INFLOW,20120921,0200,1939, ,CFS
SHA,H,76,INFLOW,20120921,0300,1994, ,CFS
SHA,H,76,INFLOW,20120921,0400,1927, ,CFS
SHA,H,76,INFLOW,20120921,0500,4599, ,CFS
SHA,H,76,INFLOW,20120921,0600,-481, ,CFS
SHA,H,76,INFLOW,20120921,0700,3369, ,CFS
SHA,H,76,INFLOW,20120921,0800,695, ,CFS
SHA,H,76,INFLOW,20120921,0900,297, ,CFS
SHA,H,76,INFLOW,20120921,1000,800, ,CFS
SHA,H,76,INFLOW,20120921,1100,-2076, ,CFS
SHA,H,76,INFLOW,20120921,1200,1876, ,CFS
SHA,H,76,INFLOW,20120921,1300,1702, ,CFS
SHA,H,76,INFLOW,20120921,1400,2851, ,CFS
SHA,H,76,INFLOW,20120921,1500,884, ,CFS
SHA,H,76,INFLOW,20120921,1600,931, ,CFS
SHA,H,76,INFLOW,20120921,1700,1855, ,CFS
SHA,H,76,INFLOW,20120921,1800,1982, ,CFS
SHA,H,76,INFLOW,20120921,1900,3979, ,CFS
SHA,H,76,INFLOW,20120921,2000,2718, ,CFS
SHA,H,76,INFLOW,20120921,2100,8125, ,CFS
SHA,H,76,INFLOW,20120921,2200,5756, ,CFS
SHA,H,76,INFLOW,20120921,2300,5568, ,CFS
SHA,H,76,INFLOW,20120922,0000,674, ,CFS
SHA,H,76,INFLOW,20120922,0100,6033, ,CFS
SHA,H,76,INFLOW,20120922,0200,-340, ,CFS
SHA,H,76,INFLOW,20120922,0300,1936, ,CFS
SHA,H,76,INFLOW,20120922,0400,1786, ,CFS
SHA,H,76,INFLOW,20120922,0500,1739, ,CFS
SHA,H,76,INFLOW,20120922,0600,-439, ,CFS
SHA,H,76,INFLOW,20120922,0700,3152, ,CFS
SHA,H,76,INFLOW,20120922,0800,-1954, ,CFS
SHA,H,76,INFLOW,20120922,0900,-72, ,CFS
SHA,H,76,INFLOW,20120922,1000,651, ,CFS
SHA,H,76,INFLOW,20120922,1100,-4409, ,CFS
SHA,H,76,INFLOW,20120922,1200,3690, ,CFS
SHA,H,76,INFLOW,20120922,1300,-1482, ,CFS
SHA,H,76,INFLOW,20120922,1400,5686, ,CFS
SHA,H,76,INFLOW,20120922,1500,4278, ,CFS
SHA,H,76,INFLOW,20120922,1600,5280, ,CFS
SHA,H,76,INFLOW,20120922,1700,10323, ,CFS
SHA,H,76,INFLOW,20120922,1800,2238, ,CFS
SHA,H,76,INFLOW,20120922,1900,6687, ,CFS
SHA,H,76,INFLOW,20120922,2000,6350, ,CFS
SHA,H,76,INFLOW,20120922,2100,8468, ,CFS
SHA,H,76,INFLOW,20120922,2200,5504, ,CFS
SHA,H,76,INFLOW,20120922,2300,2825, ,CFS
SHA,H,76,INFLOW,20120923,0000,6932, ,CFS
SHA,H,76,INFLOW,20120923,0100,1649, ,CFS
SHA,H,76,INFLOW,20120923,0200,3677, ,CFS
SHA,H,76,INFLOW,20120923,0300,1371, ,CFS
SHA,H,76,INFLOW,20120923,0400,-1044, ,CFS
SHA,H,76,INFLOW,20120923,0500,4143, ,CFS
SHA,H,76,INFLOW,20120923,0600,-825, ,CFS
SHA,H,76,INFLOW,20120923,0700,1932, ,CFS
SHA,H,76,INFLOW,20120923,0800,-2686, ,CFS
SHA,H,76,INFLOW,20120923,0900,5496, ,CFS
SHA,H,76,INFLOW,20120923,1000,-811, ,CFS
SHA,H,76,INFLOW,20120923,1100,325, ,CFS
SHA,H,76,INFLOW,20120923,1200,1016, ,CFS
SHA,H,76,INFLOW,20120923,1300,3718, ,CFS
SHA,H,76,INFLOW,20120923,1400,5984, ,CFS
SHA,H,76,INFLOW,20120923,1500,1973, ,CFS
SHA,H,76,INFLOW,20120923,1600,8940, ,CFS
SHA,H,76,INFLOW,20120923,1700,3879, ,CFS
SHA,H,76,INFLOW,20120923,1800,6828, ,CFS
SHA,H,76,INFLOW,20120923,1900,6182, ,CFS
SHA,H,76,INFLOW,20120923,2000,3544, ,CFS
SHA,H,76,INFLOW,20120923,2100,8385, ,CFS
SHA,H,76,INFLOW,20120923,2200,8053, ,CFS
SHA,H,76,INFLOW,20120923,2300,1032, ,CFS
SHA,H,76,INFLOW,20120924,0000,8127, ,CFS
SHA,H,76,INFLOW,20120924,0100,1063, ,CFS
SHA,H,76,INFLOW,20120924,0200,2277, ,CFS
SHA,H,76,INFLOW,20120924,0300,4547, ,CFS
SHA,H,76,INFLOW,20120924,0400,-3130, ,CFS
SHA,H,76,INFLOW,20120924,0500,6718, ,CFS
SHA,H,76,INFLOW,20120924,0600,1979, ,CFS
SHA,H,76,INFLOW,20120924,0700,-2054, ,CFS
SHA,H,76,INFLOW,20120924,0800,2288, ,CFS
SHA,H,76,INFLOW,20120924,0900,3964, ,CFS
SHA,H,76,INFLOW,20120924,1000,3616, ,CFS
SHA,H,76,INFLOW,20120924,1100,4412, ,CFS
SHA,H,76,INFLOW,20120924,1200,-1012, ,CFS
SHA,H,76,INFLOW,20120924,1300,3237, ,CFS
SHA,H,76,INFLOW,20120924,1400,2614, ,CFS
SHA,H,76,INFLOW,20120924,1500,4453, ,CFS
SHA,H,76,INFLOW,20120924,1600,5038, ,CFS
SHA,H,76,INFLOW,20120924,1700,4791, ,CFS
SHA,H,76,INFLOW,20120924,1800,4458, ,CFS
SHA,H,76,INFLOW,20120924,1900,6461, ,CFS
SHA,H,76,INFLOW,20120924,2000,6383, ,CFS
SHA,H,76,INFLOW,20120924,2100,5706, ,CFS
SHA,H,76,INFLOW,20120924,2200,5989, ,CFS
SHA,H,76,INFLOW,20120924,2300,5290, ,CFS
SHA,H,76,INFLOW,20120925,0000,7544, ,CFS
SHA,H,76,INFLOW,20120925,0100,4476, ,CFS
SHA,H,76,INFLOW,20120925,0200,1986, ,CFS
SHA,H,76,INFLOW,20120925,0300,1985, ,CFS
SHA,H,76,INFLOW,20120925,0400,2043, ,CFS
SHA,H,76,INFLOW,20120925,0500,-447, ,CFS
SHA,H,76,INFLOW,20120925,0600,2066, ,CFS
SHA,H,76,INFLOW,20120925,0700,2444, ,CFS
SHA,H,76,INFLOW,20120925,0800,1976, ,CFS
SHA,H,76,INFLOW,20120925,0900,2416, ,CFS
SHA,H,76,INFLOW,20120925,1000,4253, ,CFS
SHA,H,76,INFLOW,20120925,1100,-886, ,CFS
SHA,H,76,INFLOW,20120925,1200,-516, ,CFS
SHA,H,76,INFLOW,20120925,1300,-1544, ,CFS
SHA,H,76,INFLOW,20120925,1400,2586, ,CFS
SHA,H,76,INFLOW,20120925,1500,3515, ,CFS
SHA,H,76,INFLOW,20120925,1600,-908, ,CFS
SHA,H,76,INFLOW,20120925,1700,4343, ,CFS
SHA,H,76,INFLOW,20120925,1800,285, ,CFS
SHA,H,76,INFLOW,20120925,1900,3811, ,CFS
SHA,H,76,INFLOW,20120925,2000,6487, ,CFS
SHA,H,76,INFLOW,20120925,2100,1240, ,CFS
SHA,H,76,INFLOW,20120925,2200,3352, ,CFS
SHA,H,76,INFLOW,20120925,2300,380, ,CFS
SHA,H,76,INFLOW,20120926,0000,174, ,CFS
SHA,H,76,INFLOW,20120926,0100,2676, ,CFS
SHA,H,76,INFLOW,20120926,0200,353, ,CFS
SHA,H,76,INFLOW,20120926,0300,522, ,CFS
SHA,H,76,INFLOW,20120926,0400,858, ,CFS
SHA,H,76,INFLOW,20120926,0500,-664, ,CFS
SHA,H,76,INFLOW,20120926,0600,1980, ,CFS
SHA,H,76,INFLOW,20120926,0700,3021, ,CFS
SHA,H,76,INFLOW,20120926,0800,700, ,CFS
SHA,H,76,INFLOW,20120926,0900,970, ,CFS
SHA,H,76,INFLOW,20120926,1000,-889, ,CFS
SHA,H,76,INFLOW,20120926,1100,797, ,CFS
SHA,H,76,INFLOW,20120926,1200,5445, ,CFS
SHA,H,76,INFLOW,20120926,1300,5111, ,CFS
SHA,H,76,INFLOW,20120926,1400,4969, ,CFS
SHA,H,76,INFLOW,20120926,1500,11074, ,CFS
SHA,H,76,INFLOW,20120926,1600,7339, ,CFS
SHA,H,76,INFLOW,20120926,1700,7370, ,CFS
SHA,H,76,INFLOW,20120926,1800,6600, ,CFS
SHA,H,76,INFLOW,20120926,1900,9382, ,CFS
SHA,H,76,INFLOW,20120926,2000,9103, ,CFS
SHA,H,76,INFLOW,20120926,2100,8249, ,CFS
SHA,H,76,INFLOW,20120926,2200,7787, ,CFS
SHA,H,76,INFLOW,20120926,2300,8538, ,CFS
SHA,H,76,INFLOW,20120927,0000,9376, ,CFS
SHA,H,76,INFLOW,20120927,0100,8016, ,CFS
SHA,H,76,INFLOW,20120927,0200,7955, ,CFS
SHA,H,76,INFLOW,20120927,0300,4983, ,CFS
SHA,H,76,INFLOW,20120927,0400,5362, ,CFS
SHA,H,76,INFLOW,20120927,0500,5543, ,CFS
SHA,H,76,INFLOW,20120927,0600,3128, ,CFS
SHA,H,76,INFLOW,20120927,0700,6104, ,CFS
SHA,H,76,INFLOW,20120927,0800,3561, ,CFS
SHA,H,76,INFLOW,20120927,0900,2382, ,CFS
SHA,H,76,INFLOW,20120927,1000,-1860, ,CFS
SHA,H,76,INFLOW,20120927,1100,3200, ,CFS
SHA,H,76,INFLOW,20120927,1200,5274, ,CFS
SHA,H,76,INFLOW,20120927,1300,2388, ,CFS
SHA,H,76,INFLOW,20120927,1400,6981, ,CFS
SHA,H,76,INFLOW,20120927,1500,1052, ,CFS
SHA,H,76,INFLOW,20120927,1600,6783, ,CFS
SHA,H,76,INFLOW,20120927,1700,6886, ,CFS
SHA,H,76,INFLOW,20120927,1800,3947, ,CFS
SHA,H,76,INFLOW,20120927,1900,5233, ,CFS
SHA,H,76,INFLOW,20120927,2000,7105, ,CFS
SHA,H,76,INFLOW,20120927,2100,10121, ,CFS
SHA,H,76,INFLOW,20120927,2200,6218, ,CFS
SHA,H,76,INFLOW,20120927,2300,7751, ,CFS
SHA,H,76,INFLOW,20120928,0000,-691, ,CFS
SHA,H,76,INFLOW,20120928,0100,1504, ,CFS
SHA,H,76,INFLOW,20120928,0200,1448, ,CFS
SHA,H,76,INFLOW,20120928,0300,3520, ,CFS
SHA,H,76,INFLOW,20120928,0400,1140, ,CFS
SHA,H,76,INFLOW,20120928,0500,1377, ,CFS
SHA,H,76,INFLOW,20120928,0600,-875, ,CFS
SHA,H,76,INFLOW,20120928,0700,935, ,CFS
SHA,H,76,INFLOW,20120928,0800,1257, ,CFS
SHA,H,76,INFLOW,20120928,0900,187, ,CFS
SHA,H,76,INFLOW,20120928,1000,-1900, ,CFS
SHA,H,76,INFLOW,20120928,1100,114, ,CFS
SHA,H,76,INFLOW,20120928,1200,686, ,CFS
SHA,H,76,INFLOW,20120928,1300,5541, ,CFS
SHA,H,76,INFLOW,20120928,1400,7808, ,CFS
SHA,H,76,INFLOW,20120928,1500,4241, ,CFS
SHA,H,76,INFLOW,20120928,1600,8829, ,CFS
SHA,H,76,INFLOW,20120928,1700,4173, ,CFS
SHA,H,76,INFLOW,20120928,1800,9022, ,CFS
SHA,H,76,INFLOW,20120928,1900,3342, ,CFS
SHA,H,76,INFLOW,20120928,2000,7670, ,CFS
SHA,H,76,INFLOW,20120928,2100,5655, ,CFS
SHA,H,76,INFLOW,20120928,2200,2349, ,CFS
SHA,H,76,INFLOW,20120928,2300,5552, ,CFS
SHA,H,76,INFLOW,20120929,0000,-1796, ,CFS
SHA,H,76,INFLOW,20120929,0100,6524, ,CFS
SHA,H,76,INFLOW,20120929,0200,1555, ,CFS
SHA,H,76,INFLOW,20120929,0300,1489, ,CFS
SHA,H,76,INFLOW,20120929,0400,1365, ,CFS
SHA,H,76,INFLOW,20120929,0500,941, ,CFS
SHA,H,76,INFLOW,20120929,0600,1200, ,CFS
SHA,H,76,INFLOW,20120929,0700,314, ,CFS
SHA,H,76,INFLOW,20120929,0800,-225, ,CFS
SHA,H,76,INFLOW,20120929,0900,2592, ,CFS
SHA,H,76,INFLOW,20120929,1000,-2119, ,CFS
SHA,H,76,INFLOW,20120929,1100,593, ,CFS
SHA,H,76,INFLOW,20120929,1200,-125, ,CFS
SHA,H,76,INFLOW,20120929,1300,-744, ,CFS
SHA,H,76,INFLOW,20120929,1400,3760, ,CFS
SHA,H,76,INFLOW,20120929,1500,-2362, ,CFS
SHA,H,76,INFLOW,20120929,1600,7251, ,CFS
SHA,H,76,INFLOW,20120929,1700,1957, ,CFS
SHA,H,76,INFLOW,20120929,1800,6967, ,CFS
SHA,H,76,INFLOW,20120929,1900,5984, ,CFS
SHA,H,76,INFLOW,20120929,2000,7270, ,CFS
SHA,H,76,INFLOW,20120929,2100,6241, ,CFS
SHA,H,76,INFLOW,20120929,2200,2225, ,CFS
SHA,H,76,INFLOW,20120929,2300,7366, ,CFS
SHA,H,76,INFLOW,20120930,0000,3256, ,CFS
SHA,H,76,INFLOW,20120930,0100,1801, ,CFS
SHA,H,76,INFLOW,20120930,0200,1516, ,CFS
SHA,H,76,INFLOW,20120930,0300,-919, ,CFS
SHA,H,76,INFLOW,20120930,0400,4150, ,CFS
SHA,H,76,INFLOW,20120930,0500,-861, ,CFS
SHA,H,76,INFLOW,20120930,0600,-914, ,CFS
SHA,H,76,INFLOW,20120930,0700,2777, ,CFS
SHA,H,76,INFLOW,20120930,0800,256, ,CFS
SHA,H,76,INFLOW,20120930,0900,2062, ,CFS
SHA,H,76,INFLOW,20120930,1000,-2547, ,CFS
SHA,H,76,INFLOW,20120930,1100,1717, ,CFS
SHA,H,76,INFLOW,20120930,1200,-1319, ,CFS
SHA,H,76,INFLOW,20120930,1300,-1073, ,CFS
SHA,H,76,INFLOW,20120930,1400,-8, ,CFS
SHA,H,76,INFLOW,20120930,1500,746, ,CFS
SHA,H,76,INFLOW,20120930,1600,11389, ,CFS
SHA,H,76,INFLOW,20120930,1700,4225, ,CFS
SHA,H,76,INFLOW,20120930,1800,5765, ,CFS
SHA,H,76,INFLOW,20120930,1900,4653, ,CFS
SHA,H,76,INFLOW,20120930,2000,7052, ,CFS
SHA,H,76,INFLOW,20120930,2100,8621, ,CFS
SHA,H,76,INFLOW,20120930,2200,1597, ,CFS
SHA,H,76,INFLOW,20120930,2300,4175, ,CFS
SHA,H,76,INFLOW,20121001,0000,2010, ,CFS
SHA,H,76,INFLOW,20121001,0100,2440, ,CFS
SHA,H,76,INFLOW,20121001,0200,2412, ,CFS
SHA,H,76,INFLOW,20121001,0300,1828, ,CFS
SHA,H,76,INFLOW,20121001,0400,-1086, ,CFS
SHA,H,76,INFLOW,20121001,0500,1342, ,CFS
SHA,H,76,INFLOW,20121001,0600,-745, ,CFS
SHA,H,76,INFLOW,20121001,0700,294, ,CFS
SHA,H,76,INFLOW,20121001,0800,2614, ,CFS
SHA,H,76,INFLOW,20121001,0900,-746, ,CFS
SHA,H,76,INFLOW,20121001,1000,-561, ,CFS
SHA,H,76,INFLOW,20121001,1100,1257, ,CFS
SHA,H,76,INFLOW,20121001,1200,-2345, ,CFS
SHA,H,76,INFLOW,20121001,1300,1803, ,CFS
SHA,H,76,INFLOW,20121001,1400,-1175, ,CFS
SHA,H,76,INFLOW,20121001,1500,2867, ,CFS
SHA,H,76,INFLOW,20121001,1600,9566, ,CFS
SHA,H,76,INFLOW,20121001,1700,4709, ,CFS
SHA,H,76,INFLOW,20121001,1800,6018, ,CFS
SHA,H,76,INFLOW,20121001,1900,7807, ,CFS
SHA,H,76,INFLOW,20121001,2000,2748, ,CFS
SHA,H,76,INFLOW,20121001,2100,11434, ,CFS
SHA,H,76,INFLOW,20121001,2200,1302, ,CFS
SHA,H,76,INFLOW,20121001,2300,9602, ,CFS
SHA,H,76,INFLOW,20121002,0000,5313, ,CFS
SHA,H,76,INFLOW,20121002,0100,-988, ,CFS
SHA,H,76,INFLOW,20121002,0200,3924, ,CFS
SHA,H,76,INFLOW,20121002,0300,1273, ,CFS
SHA,H,76,INFLOW,20121002,0400,1357, ,CFS
SHA,H,76,INFLOW,20121002,0500,1373, ,CFS
SHA,H,76,INFLOW,20121002,0600,1347, ,CFS
SHA,H,76,INFLOW,20121002,0700,-203, ,CFS
SHA,H,76,INFLOW,20121002,0800,-51, ,CFS
SHA,H,76,INFLOW,20121002,0900,2244, ,CFS
SHA,H,76,INFLOW,20121002,1000,-2262, ,CFS
SHA,H,76,INFLOW,20121002,1100,380, ,CFS
SHA,H,76,INFLOW,20121002,1200,323, ,CFS
SHA,H,76,INFLOW,20121002,1300,-21788, ,CFS
SHA,H,76,INFLOW,20121002,1400,2563, ,CFS
SHA,H,76,INFLOW,20121002,1500,-525, ,CFS
SHA,H,76,INFLOW,20121002,1600,12939, ,CFS
SHA,H,76,INFLOW,20121002,1700,1993, ,CFS
SHA,H,76,INFLOW,20121002,1800,8063, ,CFS
SHA,H,76,INFLOW,20121002,1900,5078, ,CFS
SHA,H,76,INFLOW,20121002,2000,9012, ,CFS
SHA,H,76,INFLOW,20121002,2100,4283, ,CFS
SHA,H,76,INFLOW,20121002,2200,715, ,CFS
SHA,H,76,INFLOW,20121002,2300,5382, ,CFS
SHA,H,76,INFLOW,20121003,0000,3030, ,CFS
SHA,H,76,INFLOW,20121003,0100,1680, ,CFS
SHA,H,76,INFLOW,20121003,0200,4181, ,CFS
SHA,H,76,INFLOW,20121003,0300,1319, ,CFS
SHA,H,76,INFLOW,20121003,0400,1137, ,CFS
SHA,H,76,INFLOW,20121003,0500,1292, ,CFS
SHA,H,76,INFLOW,20121003,0600,1717, ,CFS
SHA,H,76,INFLOW,20121003,0700,16, ,CFS
SHA,H,76,INFLOW,20121003,0800,254, ,CFS
SHA,H,76,INFLOW,20121003,0900,367, ,CFS
SHA,H,76,INFLOW,20121003,1000,-2546, ,CFS
SHA,H,76,INFLOW,20121003,1100,1843, ,CFS
SHA,H,76,INFLOW,20121003,1200,-1340, ,CFS
SHA,H,76,INFLOW,20121003,1300,1132, ,CFS
SHA,H,76,INFLOW,20121003,1400,-638, ,CFS
SHA,H,76,INFLOW,20121003,1500,4601, ,CFS
SHA,H,76,INFLOW,20121003,1600,6085, ,CFS
SHA,H,76,INFLOW,20121003,1700,6683, ,CFS
SHA,H,76,INFLOW,20121003,1800,6310, ,CFS
SHA,H,76,INFLOW,20121003,1900,5350, ,CFS
SHA,H,76,INFLOW,20121003,2000,5419, ,CFS
SHA,H,76,INFLOW,20121003,2100,4166, ,CFS
SHA,H,76,INFLOW,20121003,2200,-126, ,CFS
SHA,H,76,INFLOW,20121003,2300,4225, ,CFS
SHA,H,76,INFLOW,20121004,0000,1771, ,CFS
SHA,H,76,INFLOW,20121004,0100,3758, ,CFS
SHA,H,76,INFLOW,20121004,0200,1050, ,CFS
SHA,H,76,INFLOW,20121004,0300,827, ,CFS
SHA,H,76,INFLOW,20121004,0400,877, ,CFS
SHA,H,76,INFLOW,20121004,0500,1372, ,CFS
SHA,H,76,INFLOW,20121004,0600,-864, ,CFS
SHA,H,76,INFLOW,20121004,0700,2009, ,CFS
SHA,H,76,INFLOW,20121004,0800,-261, ,CFS
SHA,H,76,INFLOW,20121004,0900,-323, ,CFS
SHA,H,76,INFLOW,20121004,1000,-593, ,CFS
SHA,H,76,INFLOW,20121004,1100,2930, ,CFS
SHA,H,76,INFLOW,20121004,1200,-2745, ,CFS
SHA,H,76,INFLOW,20121004,1300,-56, ,CFS
SHA,H,76,INFLOW,20121004,1400,4481, ,CFS
SHA,H,76,INFLOW,20121004,1500,2356, ,CFS
SHA,H,76,INFLOW,20121004,1600,7872, ,CFS
SHA,H,76,INFLOW,20121004,1700,2984, ,CFS
SHA,H,76,INFLOW,20121004,1800,5721, ,CFS
SHA,H,76,INFLOW,20121004,1900,7137, ,CFS
SHA,H,76,INFLOW,20121004,2000,1838, ,CFS
SHA,H,76,INFLOW,20121004,2100,6693, ,CFS
SHA,H,76,INFLOW,20121004,2200,-1707, ,CFS
SHA,H,76,INFLOW,20121004,2300,4594, ,CFS
SHA,H,76,INFLOW,20121005,0000,2008, ,CFS
SHA,H,76,INFLOW,20121005,0100,3720, ,CFS
SHA,H,76,INFLOW,20121005,0200,3492, ,CFS
SHA,H,76,INFLOW,20121005,0300,990, ,CFS
SHA,H,76,INFLOW,20121005,0400,1076, ,CFS
SHA,H,76,INFLOW,20121005,0500,1425, ,CFS
SHA,H,76,INFLOW,20121005,0600,-3336, ,CFS
SHA,H,76,INFLOW,20121005,0700,4237, ,CFS
SHA,H,76,INFLOW,20121005,0800,-158, ,CFS
SHA,H,76,INFLOW,20121005,0900,-2344, ,CFS
SHA,H,76,INFLOW,20121005,1000,4958, ,CFS
SHA,H,76,INFLOW,20121005,1100,-1878, ,CFS
SHA,H,76,INFLOW,20121005,1200,2072, ,CFS
SHA,H,76,INFLOW,20121005,1300,2834, ,CFS
SHA,H,76,INFLOW,20121005,1400,2773, ,CFS
SHA,H,76,INFLOW,20121005,1500,5690, ,CFS
SHA,H,76,INFLOW,20121005,1600,6860, ,CFS
SHA,H,76,INFLOW,20121005,1700,5207, ,CFS
SHA,H,76,INFLOW,20121005,1800,5142, ,CFS
SHA,H,76,INFLOW,20121005,1900,7840, ,CFS
SHA,H,76,INFLOW,20121005,2000,7888, ,CFS
SHA,H,76,INFLOW,20121005,2100,-1257, ,CFS
SHA,H,76,INFLOW,20121005,2200,5264, ,CFS
SHA,H,76,INFLOW,20121005,2300,5688, ,CFS
SHA,H,76,INFLOW,20121006,0000,-1417, ,CFS
SHA,H,76,INFLOW,20121006,0100,3726, ,CFS
SHA,H,76,INFLOW,20121006,0200,1274, ,CFS
SHA,H,76,INFLOW,20121006,0300,1366, ,CFS
SHA,H,76,INFLOW,20121006,0400,1176, ,CFS
SHA,H,76,INFLOW,20121006,0500,1385, ,CFS
SHA,H,76,INFLOW,20121006,0600,1452, ,CFS
SHA,H,76,INFLOW,20121006,0700,-50, ,CFS
SHA,H,76,INFLOW,20121006,0800,292, ,CFS
SHA,H,76,INFLOW,20121006,0900,-595, ,CFS
SHA,H,76,INFLOW,20121006,1000,602, ,CFS
SHA,H,76,INFLOW,20121006,1100,-2302, ,CFS
SHA,H,76,INFLOW,20121006,1200,2405, ,CFS
SHA,H,76,INFLOW,20121006,1300,612, ,CFS
SHA,H,76,INFLOW,20121006,1400,-660, ,CFS
SHA,H,76,INFLOW,20121006,1500,3448, ,CFS
SHA,H,76,INFLOW,20121006,1600,6122, ,CFS
SHA,H,76,INFLOW,20121006,1700,2096, ,CFS
SHA,H,76,INFLOW,20121006,1800,2918, ,CFS
SHA,H,76,INFLOW,20121006,1900,2103, ,CFS
SHA,H,76,INFLOW,20121006,2000,2208, ,CFS
SHA,H,76,INFLOW,20121006,2100,5622, ,CFS
SHA,H,76,INFLOW,20121006,2200,-95, ,CFS
SHA,H,76,INFLOW,20121006,2300,3537, ,CFS
SHA,H,76,INFLOW,20121007,0000,123, ,CFS
SHA,H,76,INFLOW,20121007,0100,1038, ,CFS
SHA,H,76,INFLOW,20121007,0200,3416, ,CFS
SHA,H,76,INFLOW,20121007,0300,-1033, ,CFS
SHA,H,76,INFLOW,20121007,0400,3800, ,CFS
SHA,H,76,INFLOW,20121007,0500,-949, ,CFS
SHA,H,76,INFLOW,20121007,0600,1641, ,CFS
SHA,H,76,INFLOW,20121007,0700,734, ,CFS
SHA,H,76,INFLOW,20121007,0800,808, ,CFS
SHA,H,76,INFLOW,20121007,0900,274, ,CFS
SHA,H,76,INFLOW,20121007,1000,-1903, ,CFS
SHA,H,76,INFLOW,20121007,1100,-1524, ,CFS
SHA,H,76,INFLOW,20121007,1200,22, ,CFS
SHA,H,76,INFLOW,20121007,1300,606, ,CFS
SHA,H,76,INFLOW,20121007,1400,1303, ,CFS
SHA,H,76,INFLOW,20121007,1500,3271, ,CFS
SHA,H,76,INFLOW,20121007,1600,8730, ,CFS
SHA,H,76,INFLOW,20121007,1700,2629, ,CFS
SHA,H,76,INFLOW,20121007,1800,8023, ,CFS
SHA,H,76,INFLOW,20121007,1900,7561, ,CFS
SHA,H,76,INFLOW,20121007,2000,4512, ,CFS
SHA,H,76,INFLOW,20121007,2100,7135, ,CFS
SHA,H,76,INFLOW,20121007,2200,3420, ,CFS
SHA,H,76,INFLOW,20121007,2300,1994, ,CFS
SHA,H,76,INFLOW,20121008,0000,4202, ,CFS
SHA,H,76,INFLOW,20121008,0100,2096, ,CFS
SHA,H,76,INFLOW,20121008,0200,1810, ,CFS
SHA,H,76,INFLOW,20121008,0300,2296, ,CFS
SHA,H,76,INFLOW,20121008,0400,-294, ,CFS
SHA,H,76,INFLOW,20121008,0500,1821, ,CFS
SHA,H,76,INFLOW,20121008,0600,-343, ,CFS
SHA,H,76,INFLOW,20121008,0700,421, ,CFS
SHA,H,76,INFLOW,20121008,0800,2205, ,CFS
SHA,H,76,INFLOW,20121008,0900,-880, ,CFS
SHA,H,76,INFLOW,20121008,1000,617, ,CFS
SHA,H,76,INFLOW,20121008,1100,-1867, ,CFS
SHA,H,76,INFLOW,20121008,1200,1331, ,CFS
SHA,H,76,INFLOW,20121008,1300,-40, ,CFS
SHA,H,76,INFLOW,20121008,1400,1412, ,CFS
SHA,H,76,INFLOW,20121008,1500,6976, ,CFS
SHA,H,76,INFLOW,20121008,1600,7162, ,CFS
SHA,H,76,INFLOW,20121008,1700,5719, ,CFS
SHA,H,76,INFLOW,20121008,1800,4482, ,CFS
SHA,H,76,INFLOW,20121008,1900,6292, ,CFS
SHA,H,76,INFLOW,20121008,2000,4715, ,CFS
SHA,H,76,INFLOW,20121008,2100,8427, ,CFS
SHA,H,76,INFLOW,20121008,2200,-51, ,CFS
SHA,H,76,INFLOW,20121008,2300,7868, ,CFS
SHA,H,76,INFLOW,20121009,0000,2479, ,CFS
SHA,H,76,INFLOW,20121009,0100,280, ,CFS
SHA,H,76,INFLOW,20121009,0200,2703, ,CFS
SHA,H,76,INFLOW,20121009,0300,-1187, ,CFS
SHA,H,76,INFLOW,20121009,0400,1195, ,CFS
SHA,H,76,INFLOW,20121009,0500,1388, ,CFS
SHA,H,76,INFLOW,20121009,0600,1668, ,CFS
SHA,H,76,INFLOW,20121009,0700,684, ,CFS
SHA,H,76,INFLOW,20121009,0800,1917, ,CFS
SHA,H,76,INFLOW,20121009,0900,-1097, ,CFS
SHA,H,76,INFLOW,20121009,1000,1111, ,CFS
SHA,H,76,INFLOW,20121009,1100,-3620, ,CFS
SHA,H,76,INFLOW,20121009,1200,1635, ,CFS
SHA,H,76,INFLOW,20121009,1300,-1490, ,CFS
SHA,H,76,INFLOW,20121009,1400,2265, ,CFS
SHA,H,76,INFLOW,20121009,1500,3486, ,CFS
SHA,H,76,INFLOW,20121009,1600,3751, ,CFS
SHA,H,76,INFLOW,20121009,1700,4228, ,CFS
SHA,H,76,INFLOW,20121009,1800,6780, ,CFS
SHA,H,76,INFLOW,20121009,1900,3831, ,CFS
SHA,H,76,INFLOW,20121009,2000,6414, ,CFS
SHA,H,76,INFLOW,20121009,2100,5254, ,CFS
SHA,H,76,INFLOW,20121009,2200,339, ,CFS
SHA,H,76,INFLOW,20121009,2300,5058, ,CFS
SHA,H,76,INFLOW,20121010,0000,2684, ,CFS
SHA,H,76,INFLOW,20121010,0100,1520, ,CFS
SHA,H,76,INFLOW,20121010,0200,3762, ,CFS
SHA,H,76,INFLOW,20121010,0300,-888, ,CFS
SHA,H,76,INFLOW,20121010,0400,1536, ,CFS
SHA,H,76,INFLOW,20121010,0500,-944, ,CFS
SHA,H,76,INFLOW,20121010,0600,-707, ,CFS
SHA,H,76,INFLOW,20121010,0700,3643, ,CFS
SHA,H,76,INFLOW,20121010,0800,-592, ,CFS
SHA,H,76,INFLOW,20121010,0900,2013, ,CFS
SHA,H,76,INFLOW,20121010,1000,-86, ,CFS
SHA,H,76,INFLOW,20121010,1100,-2342, ,CFS
SHA,H,76,INFLOW,20121010,1200,824, ,CFS
SHA,H,76,INFLOW,20121010,1300,44, ,CFS
SHA,H,76,INFLOW,20121010,1400,3444, ,CFS
SHA,H,76,INFLOW,20121010,1500,1412, ,CFS
SHA,H,76,INFLOW,20121010,1600,5778, ,CFS
SHA,H,76,INFLOW,20121010,1700,5426, ,CFS
SHA,H,76,INFLOW,20121010,1800,5548, ,CFS
SHA,H,76,INFLOW,20121010,1900,4537, ,CFS
SHA,H,76,INFLOW,20121010,2000,7668, ,CFS
SHA,H,76,INFLOW,20121010,2100,5276, ,CFS
SHA,H,76,INFLOW,20121010,2200,4915, ,CFS
SHA,H,76,INFLOW,20121010,2300,2758, ,CFS
SHA,H,76,INFLOW,20121011,0000,3612, ,CFS
SHA,H,76,INFLOW,20121011,0100,211, ,CFS
SHA,H,76,INFLOW,20121011,0200,2592, ,CFS
SHA,H,76,INFLOW,20121011,0300,171, ,CFS
SHA,H,76,INFLOW,20121011,0400,248, ,CFS
SHA,H,76,INFLOW,20121011,0500,2052, ,CFS
SHA,H,76,INFLOW,20121011,0600,-383, ,CFS
SHA,H,76,INFLOW,20121011,0700,3524, ,CFS
SHA,H,76,INFLOW,20121011,0800,-646, ,CFS
SHA,H,76,INFLOW,20121011,0900,-629, ,CFS
SHA,H,76,INFLOW,20121011,1000,-508, ,CFS
SHA,H,76,INFLOW,20121011,1100,-227, ,CFS
SHA,H,76,INFLOW,20121011,1200,2192, ,CFS
SHA,H,76,INFLOW,20121011,1300,-2975, ,CFS
SHA,H,76,INFLOW,20121011,1400,3186, ,CFS
SHA,H,76,INFLOW,20121011,1500,1822, ,CFS
SHA,H,76,INFLOW,20121011,1600,3230, ,CFS
SHA,H,76,INFLOW,20121011,1700,5380, ,CFS
SHA,H,76,INFLOW,20121011,1800,7506, ,CFS
SHA,H,76,INFLOW,20121011,1900,2395, ,CFS
SHA,H,76,INFLOW,20121011,2000,7419, ,CFS
SHA,H,76,INFLOW,20121011,2100,7186, ,CFS
SHA,H,76,INFLOW,20121011,2200,-551, ,CFS
SHA,H,76,INFLOW,20121011,2300,8393, ,CFS
SHA,H,76,INFLOW,20121012,0000,3373, ,CFS
SHA,H,76,INFLOW,20121012,0100,428, ,CFS
SHA,H,76,INFLOW,20121012,0200,153, ,CFS
SHA,H,76,INFLOW,20121012,0300,-2247, ,CFS
SHA,H,76,INFLOW,20121012,0400,2752, ,CFS
SHA,H,76,INFLOW,20121012,0500,1743, ,CFS
SHA,H,76,INFLOW,20121012,0600,-2596, ,CFS
SHA,H,76,INFLOW,20121012,0700,3362, ,CFS
SHA,H,76,INFLOW,20121012,0800,1971, ,CFS
SHA,H,76,INFLOW,20121012,0900,-409, ,CFS
SHA,H,76,INFLOW,20121012,1000,2363, ,CFS
SHA,H,76,INFLOW,20121012,1100,347, ,CFS
SHA,H,76,INFLOW,20121012,1200,5832, ,CFS
SHA,H,76,INFLOW,20121012,1300,-16, ,CFS
SHA,H,76,INFLOW,20121012,1400,4068, ,CFS
SHA,H,76,INFLOW,20121012,1500,4808, ,CFS
SHA,H,76,INFLOW,20121012,1600,3127, ,CFS
SHA,H,76,INFLOW,20121012,1700,8983, ,CFS
SHA,H,76,INFLOW,20121012,1800,2299, ,CFS
SHA,H,76,INFLOW,20121012,1900,9459, ,CFS
SHA,H,76,INFLOW,20121012,2000,5494, ,CFS
SHA,H,76,INFLOW,20121012,2100,9275, ,CFS
SHA,H,76,INFLOW,20121012,2200,-4170, ,CFS
SHA,H,76,INFLOW,20121012,2300,6131, ,CFS
SHA,H,76,INFLOW,20121013,0000,3510, ,CFS
SHA,H,76,INFLOW,20121013,0100,316, ,CFS
SHA,H,76,INFLOW,20121013,0200,5070, ,CFS
SHA,H,76,INFLOW,20121013,0300,-2307, ,CFS
SHA,H,76,INFLOW,20121013,0400,2713, ,CFS
SHA,H,76,INFLOW,20121013,0500,2018, ,CFS
SHA,H,76,INFLOW,20121013,0600,-288, ,CFS
SHA,H,76,INFLOW,20121013,0700,1379, ,CFS
SHA,H,76,INFLOW,20121013,0800,1732, ,CFS
SHA,H,76,INFLOW,20121013,0900,-958, ,CFS
SHA,H,76,INFLOW,20121013,1000,1570, ,CFS
SHA,H,76,INFLOW,20121013,1100,-2620, ,CFS
SHA,H,76,INFLOW,20121013,1200,966, ,CFS
SHA,H,76,INFLOW,20121013,1300,227, ,CFS
SHA,H,76,INFLOW,20121013,1400,1493, ,CFS
SHA,H,76,INFLOW,20121013,1500,4616, ,CFS
SHA,H,76,INFLOW,20121013,1600,3765, ,CFS
SHA,H,76,INFLOW,20121013,1700,5680, ,CFS
SHA,H,76,INFLOW,20121013,1800,2181, ,CFS
SHA,H,76,INFLOW,20121013,1900,11403, ,CFS
SHA,H,76,INFLOW,20121013,2000,2815, ,CFS
SHA,H,76,INFLOW,20121013,2100,9972, ,CFS
SHA,H,76,INFLOW,20121013,2200,3406, ,CFS
SHA,H,76,INFLOW,20121013,2300,6570, ,CFS
SHA,H,76,INFLOW,20121014,0000,-748, ,CFS
SHA,H,76,INFLOW,20121014,0100,4189, ,CFS
SHA,H,76,INFLOW,20121014,0200,4061, ,CFS
SHA,H,76,INFLOW,20121014,0300,-989, ,CFS
SHA,H,76,INFLOW,20121014,0400,4055, ,CFS
SHA,H,76,INFLOW,20121014,0500,-3230, ,CFS
SHA,H,76,INFLOW,20121014,0600,1715, ,CFS
SHA,H,76,INFLOW,20121014,0700,2939, ,CFS
SHA,H,76,INFLOW,20121014,0800,-4341, ,CFS
SHA,H,76,INFLOW,20121014,0900,873, ,CFS
SHA,H,76,INFLOW,20121014,1000,2181, ,CFS
SHA,H,76,INFLOW,20121014,1100,106, ,CFS
SHA,H,76,INFLOW,20121014,1200,197, ,CFS
SHA,H,76,INFLOW,20121014,1300,140, ,CFS
SHA,H,76,INFLOW,20121014,1400,1994, ,CFS
SHA,H,76,INFLOW,20121014,1500,4413, ,CFS
SHA,H,76,INFLOW,20121014,1600,2846, ,CFS
SHA,H,76,INFLOW,20121014,1700,5922, ,CFS
SHA,H,76,INFLOW,20121014,1800,5730, ,CFS
SHA,H,76,INFLOW,20121014,1900,8666, ,CFS
SHA,H,76,INFLOW,20121014,2000,3955, ,CFS
SHA,H,76,INFLOW,20121014,2100,7786, ,CFS
SHA,H,76,INFLOW,20121014,2200,7009, ,CFS
SHA,H,76,INFLOW,20121014,2300,4447, ,CFS
SHA,H,76,INFLOW,20121015,0000,1201, ,CFS
SHA,H,76,INFLOW,20121015,0100,2613, ,CFS
SHA,H,76,INFLOW,20121015,0200,2199, ,CFS
SHA,H,76,INFLOW,20121015,0300,-724, ,CFS
SHA,H,76,INFLOW,20121015,0400,1537, ,CFS
SHA,H,76,INFLOW,20121015,0500,1122, ,CFS
SHA,H,76,INFLOW,20121015,0600,1355, ,CFS
SHA,H,76,INFLOW,20121015,0700,1508, ,CFS
SHA,H,76,INFLOW,20121015,0800,-166, ,CFS
SHA,H,76,INFLOW,20121015,0900,2125, ,CFS
SHA,H,76,INFLOW,20121015,1000,-342, ,CFS
SHA,H,76,INFLOW,20121015,1100,-2613, ,CFS
SHA,H,76,INFLOW,20121015,1200,2309, ,CFS
SHA,H,76,INFLOW,20121015,1300,-1666, ,CFS
SHA,H,76,INFLOW,20121015,1400,4074, ,CFS
SHA,H,76,INFLOW,20121015,1500,3147, ,CFS
SHA,H,76,INFLOW,20121015,1600,1181, ,CFS
SHA,H,76,INFLOW,20121015,1700,11269, ,CFS
SHA,H,76,INFLOW,20121015,1800,2350, ,CFS
SHA,H,76,INFLOW,20121015,1900,6357, ,CFS
SHA,H,76,INFLOW,20121015,2000,4100, ,CFS
SHA,H,76,INFLOW,20121015,2100,8880, ,CFS
SHA,H,76,INFLOW,20121015,2200,5071, ,CFS
SHA,H,76,INFLOW,20121015,2300,5335, ,CFS
SHA,H,76,INFLOW,20121016,0000,2493, ,CFS
SHA,H,76,INFLOW,20121016,0100,2106, ,CFS
SHA,H,76,INFLOW,20121016,0200,4346, ,CFS
SHA,H,76,INFLOW,20121016,0300,-826, ,CFS
SHA,H,76,INFLOW,20121016,0400,4038, ,CFS
SHA,H,76,INFLOW,20121016,0500,-2995, ,CFS
SHA,H,76,INFLOW,20121016,0600,1947, ,CFS
SHA,H,76,INFLOW,20121016,0700,383, ,CFS
SHA,H,76,INFLOW,20121016,0800,-1766, ,CFS
SHA,H,76,INFLOW,20121016,0900,3547, ,CFS
SHA,H,76,INFLOW,20121016,1000,-784, ,CFS
SHA,H,76,INFLOW,20121016,1100,2636, ,CFS
SHA,H,76,INFLOW,20121016,1200,1211, ,CFS
SHA,H,76,INFLOW,20121016,1300,1010, ,CFS
SHA,H,76,INFLOW,20121016,1400,511, ,CFS
SHA,H,76,INFLOW,20121016,1500,3746, ,CFS
SHA,H,76,INFLOW,20121016,1600,977, ,CFS
SHA,H,76,INFLOW,20121016,1700,6462, ,CFS
SHA,H,76,INFLOW,20121016,1800,4392, ,CFS
SHA,H,76,INFLOW,20121016,1900,7045, ,CFS
SHA,H,76,INFLOW,20121016,2000,6497, ,CFS
SHA,H,76,INFLOW,20121016,2100,6654, ,CFS
SHA,H,76,INFLOW,20121016,2200,5927, ,CFS
SHA,H,76,INFLOW,20121016,2300,-268, ,CFS
SHA,H,76,INFLOW,20121017,0000,6643, ,CFS
SHA,H,76,INFLOW,20121017,0100,-512, ,CFS
SHA,H,76,INFLOW,20121017,0200,-1040, ,CFS
SHA,H,76,INFLOW,20121017,0300,3496, ,CFS
SHA,H,76,INFLOW,20121017,0400,1227, ,CFS
SHA,H,76,INFLOW,20121017,0500,1157, ,CFS
SHA,H,76,INFLOW,20121017,0600,-749, ,CFS
SHA,H,76,INFLOW,20121017,0700,3261, ,CFS
SHA,H,76,INFLOW,20121017,0800,-3045, ,CFS
SHA,H,76,INFLOW,20121017,0900,1780, ,CFS
SHA,H,76,INFLOW,20121017,1000,518, ,CFS
SHA,H,76,INFLOW,20121017,1100,-296, ,CFS
SHA,H,76,INFLOW,20121017,1200,-2248, ,CFS
SHA,H,76,INFLOW,20121017,1300,3962, ,CFS
SHA,H,76,INFLOW,20121017,1400,-777, ,CFS
SHA,H,76,INFLOW,20121017,1500,1270, ,CFS
SHA,H,76,INFLOW,20121017,1600,6905, ,CFS
SHA,H,76,INFLOW,20121017,1700,4493, ,CFS
SHA,H,76,INFLOW,20121017,1800,6448, ,CFS
SHA,H,76,INFLOW,20121017,1900,8171, ,CFS
SHA,H,76,INFLOW,20121017,2000,4209, ,CFS
SHA,H,76,INFLOW,20121017,2100,5511, ,CFS
SHA,H,76,INFLOW,20121017,2200,8173, ,CFS
SHA,H,76,INFLOW,20121017,2300,6777, ,CFS
SHA,H,76,INFLOW,20121018,0000,343, ,CFS
SHA,H,76,INFLOW,20121018,0100,1621, ,CFS
SHA,H,76,INFLOW,20121018,0200,1422, ,CFS
SHA,H,76,INFLOW,20121018,0300,3931, ,CFS
SHA,H,76,INFLOW,20121018,0400,-3144, ,CFS
SHA,H,76,INFLOW,20121018,0500,-577, ,CFS
SHA,H,76,INFLOW,20121018,0600,2049, ,CFS
SHA,H,76,INFLOW,20121018,0700,872, ,CFS
SHA,H,76,INFLOW,20121018,0800,444, ,CFS
SHA,H,76,INFLOW,20121018,0900,2633, ,CFS
SHA,H,76,INFLOW,20121018,1000,-2075, ,CFS
SHA,H,76,INFLOW,20121018,1100,708, ,CFS
SHA,H,76,INFLOW,20121018,1200,-2728, ,CFS
SHA,H,76,INFLOW,20121018,1300,-606, ,CFS
SHA,H,76,INFLOW,20121018,1400,785, ,CFS
SHA,H,76,INFLOW,20121018,1500,6804, ,CFS
SHA,H,76,INFLOW,20121018,1600,6746, ,CFS
SHA,H,76,INFLOW,20121018,1700,6834, ,CFS
SHA,H,76,INFLOW,20121018,1800,6643, ,CFS
SHA,H,76,INFLOW,20121018,1900,3992, ,CFS
SHA,H,76,INFLOW,20121018,2000,6383, ,CFS
SHA,H,76,INFLOW,20121018,2100,5960, ,CFS
SHA,H,76,INFLOW,20121018,2200,6604, ,CFS
SHA,H,76,INFLOW,20121018,2300,5280, ,CFS
SHA,H,76,INFLOW,20121019,0000,4628, ,CFS
SHA,H,76,INFLOW,20121019,0100,2150, ,CFS
SHA,H,76,INFLOW,20121019,0200,-682, ,CFS
SHA,H,76,INFLOW,20121019,0300,1859, ,CFS
SHA,H,76,INFLOW,20121019,0400,1848, ,CFS
SHA,H,76,INFLOW,20121019,0500,1880, ,CFS
SHA,H,76,INFLOW,20121019,0600,-2429, ,CFS
SHA,H,76,INFLOW,20121019,0700,5053, ,CFS
SHA,H,76,INFLOW,20121019,0800,-2392, ,CFS
SHA,H,76,INFLOW,20121019,0900,-78, ,CFS
SHA,H,76,INFLOW,20121019,1000,1632, ,CFS
SHA,H,76,INFLOW,20121019,1100,1658, ,CFS
SHA,H,76,INFLOW,20121019,1200,-1707, ,CFS
SHA,H,76,INFLOW,20121019,1300,2846, ,CFS
SHA,H,76,INFLOW,20121019,1400,-1120, ,CFS
SHA,H,76,INFLOW,20121019,1500,6179, ,CFS
SHA,H,76,INFLOW,20121019,1600,3877, ,CFS
SHA,H,76,INFLOW,20121019,1700,5559, ,CFS
SHA,H,76,INFLOW,20121019,1800,6324, ,CFS
SHA,H,76,INFLOW,20121019,1900,5948, ,CFS
SHA,H,76,INFLOW,20121019,2000,6301, ,CFS
SHA,H,76,INFLOW,20121019,2100,4954, ,CFS
SHA,H,76,INFLOW,20121019,2200,5090, ,CFS
SHA,H,76,INFLOW,20121019,2300,4348, ,CFS
SHA,H,76,INFLOW,20121020,0000,2532, ,CFS
SHA,H,76,INFLOW,20121020,0100,3893, ,CFS
SHA,H,76,INFLOW,20121020,0200,1157, ,CFS
SHA,H,76,INFLOW,20121020,0300,3760, ,CFS
SHA,H,76,INFLOW,20121020,0400,-417, ,CFS
SHA,H,76,INFLOW,20121020,0500,-349, ,CFS
SHA,H,76,INFLOW,20121020,0600,1627, ,CFS
SHA,H,76,INFLOW,20121020,0700,-365, ,CFS
SHA,H,76,INFLOW,20121020,0800,234, ,CFS
SHA,H,76,INFLOW,20121020,0900,-385, ,CFS
SHA,H,76,INFLOW,20121020,1000,526, ,CFS
SHA,H,76,INFLOW,20121020,1100,-707, ,CFS
SHA,H,76,INFLOW,20121020,1200,320, ,CFS
SHA,H,76,INFLOW,20121020,1300,1939, ,CFS
SHA,H,76,INFLOW,20121020,1400,2330, ,CFS
SHA,H,76,INFLOW,20121020,1500,2644, ,CFS
SHA,H,76,INFLOW,20121020,1600,2045, ,CFS
SHA,H,76,INFLOW,20121020,1700,2752, ,CFS
SHA,H,76,INFLOW,20121020,1800,5726, ,CFS
SHA,H,76,INFLOW,20121020,1900,4503, ,CFS
SHA,H,76,INFLOW,20121020,2000,7094, ,CFS
SHA,H,76,INFLOW,20121020,2100,3397, ,CFS
SHA,H,76,INFLOW,20121020,2200,8306, ,CFS
SHA,H,76,INFLOW,20121020,2300,913, ,CFS
SHA,H,76,INFLOW,20121021,0000,2671, ,CFS
SHA,H,76,INFLOW,20121021,0100,3633, ,CFS
SHA,H,76,INFLOW,20121021,0200,943, ,CFS
SHA,H,76,INFLOW,20121021,0300,1204, ,CFS
SHA,H,76,INFLOW,20121021,0400,-174, ,CFS
SHA,H,76,INFLOW,20121021,0500,-52, ,CFS
SHA,H,76,INFLOW,20121021,0600,2582, ,CFS
SHA,H,76,INFLOW,20121021,0700,-1656, ,CFS
SHA,H,76,INFLOW,20121021,0800,-1337, ,CFS
SHA,H,76,INFLOW,20121021,0900,1528, ,CFS
SHA,H,76,INFLOW,20121021,1000,-669, ,CFS
SHA,H,76,INFLOW,20121021,1100,86, ,CFS
SHA,H,76,INFLOW,20121021,1200,216, ,CFS
SHA,H,76,INFLOW,20121021,1300,3124, ,CFS
SHA,H,76,INFLOW,20121021,1400,273, ,CFS
SHA,H,76,INFLOW,20121021,1500,5596, ,CFS
SHA,H,76,INFLOW,20121021,1600,1488, ,CFS
SHA,H,76,INFLOW,20121021,1700,3242, ,CFS
SHA,H,76,INFLOW,20121021,1800,8862, ,CFS
SHA,H,76,INFLOW,20121021,1900,5067, ,CFS
SHA,H,76,INFLOW,20121021,2000,7371, ,CFS
SHA,H,76,INFLOW,20121021,2100,3374, ,CFS
SHA,H,76,INFLOW,20121021,2200,5820, ,CFS
SHA,H,76,INFLOW,20121021,2300,1866, ,CFS
SHA,H,76,INFLOW,20121022,0000,3502, ,CFS
SHA,H,76,INFLOW,20121022,0100,-387, ,CFS
SHA,H,76,INFLOW,20121022,0200,4152, ,CFS
SHA,H,76,INFLOW,20121022,0300,1563, ,CFS
SHA,H,76,INFLOW,20121022,0400,3993, ,CFS
SHA,H,76,INFLOW,20121022,0500,4514, ,CFS
SHA,H,76,INFLOW,20121022,0600,4670, ,CFS
SHA,H,76,INFLOW,20121022,0700,10652, ,CFS
SHA,H,76,INFLOW,20121022,0800,4165, ,CFS
SHA,H,76,INFLOW,20121022,0900,-3750, ,CFS
SHA,H,76,INFLOW,20121022,1000,-172, ,CFS
SHA,H,76,INFLOW,20121022,1100,-173, ,CFS
SHA,H,76,INFLOW,20121022,1200,202, ,CFS
SHA,H,76,INFLOW,20121022,1300,5742, ,CFS
SHA,H,76,INFLOW,20121022,1400,-2077, ,CFS
SHA,H,76,INFLOW,20121022,1500,5773, ,CFS
SHA,H,76,INFLOW,20121022,1600,4771, ,CFS
SHA,H,76,INFLOW,20121022,1700,4537, ,CFS
SHA,H,76,INFLOW,20121022,1800,4256, ,CFS
SHA,H,76,INFLOW,20121022,1900,2497, ,CFS
SHA,H,76,INFLOW,20121022,2000,12136, ,CFS
SHA,H,76,INFLOW,20121022,2100,7782, ,CFS
SHA,H,76,INFLOW,20121022,2200,4844, ,CFS
SHA,H,76,INFLOW,20121022,2300,2886, ,CFS
SHA,H,76,INFLOW,20121023,0000,-1304, ,CFS
SHA,H,76,INFLOW,20121023,0100,6492, ,CFS
SHA,H,76,INFLOW,20121023,0200,-944, ,CFS
SHA,H,76,INFLOW,20121023,0300,4042, ,CFS
SHA,H,76,INFLOW,20121023,0400,-153, ,CFS
SHA,H,76,INFLOW,20121023,0500,104, ,CFS
SHA,H,76,INFLOW,20121023,0600,2632, ,CFS
SHA,H,76,INFLOW,20121023,0700,-1340, ,CFS
SHA,H,76,INFLOW,20121023,0800,1022, ,CFS
SHA,H,76,INFLOW,20121023,0900,1177, ,CFS
SHA,H,76,INFLOW,20121023,1000,3436, ,CFS
SHA,H,76,INFLOW,20121023,1100,-1959, ,CFS
SHA,H,76,INFLOW,20121023,1200,-499, ,CFS
SHA,H,76,INFLOW,20121023,1300,2201, ,CFS
SHA,H,76,INFLOW,20121023,1400,1151, ,CFS
SHA,H,76,INFLOW,20121023,1500,3204, ,CFS
SHA,H,76,INFLOW,20121023,1600,4346, ,CFS
SHA,H,76,INFLOW,20121023,1700,4298, ,CFS
SHA,H,76,INFLOW,20121023,1800,5603, ,CFS
SHA,H,76,INFLOW,20121023,1900,10105, ,CFS
SHA,H,76,INFLOW,20121023,2000,5914, ,CFS
SHA,H,76,INFLOW,20121023,2100,7942, ,CFS
SHA,H,76,INFLOW,20121023,2200,9593, ,CFS
SHA,H,76,INFLOW,20121023,2300,1409, ,CFS
SHA,H,76,INFLOW,20121024,0000,9627, ,CFS
SHA,H,76,INFLOW,20121024,0100,-361, ,CFS
SHA,H,76,INFLOW,20121024,0200,-644, ,CFS
SHA,H,76,INFLOW,20121024,0300,1797, ,CFS
SHA,H,76,INFLOW,20121024,0400,6891, ,CFS
SHA,H,76,INFLOW,20121024,0500,-2765, ,CFS
SHA,H,76,INFLOW,20121024,0600,4662, ,CFS
SHA,H,76,INFLOW,20121024,0700,313, ,CFS
SHA,H,76,INFLOW,20121024,0800,3209, ,CFS
SHA,H,76,INFLOW,20121024,0900,785, ,CFS
SHA,H,76,INFLOW,20121024,1000,944, ,CFS
SHA,H,76,INFLOW,20121024,1100,3686, ,CFS
SHA,H,76,INFLOW,20121024,1200,3554, ,CFS
SHA,H,76,INFLOW,20121024,1300,1023, ,CFS
SHA,H,76,INFLOW,20121024,1400,3675, ,CFS
SHA,H,76,INFLOW,20121024,1500,4636, ,CFS
SHA,H,76,INFLOW,20121024,1600,3286, ,CFS
SHA,H,76,INFLOW,20121024,1700,6502, ,CFS
SHA,H,76,INFLOW,20121024,1800,8569, ,CFS
SHA,H,76,INFLOW,20121024,1900,7186, ,CFS
SHA,H,76,INFLOW,20121024,2000,5333, ,CFS
SHA,H,76,INFLOW,20121024,2100,4981, ,CFS
SHA,H,76,INFLOW,20121024,2200,7690, ,CFS
SHA,H,76,INFLOW,20121024,2300,2114, ,CFS
SHA,H,76,INFLOW,20121025,0000,3069, ,CFS
SHA,H,76,INFLOW,20121025,0100,4050, ,CFS
SHA,H,76,INFLOW,20121025,0200,-904, ,CFS
SHA,H,76,INFLOW,20121025,0300,1775, ,CFS
SHA,H,76,INFLOW,20121025,0400,-549, ,CFS
SHA,H,76,INFLOW,20121025,0500,4397, ,CFS
SHA,H,76,INFLOW,20121025,0600,13, ,CFS
SHA,H,76,INFLOW,20121025,0700,4783, ,CFS
SHA,H,76,INFLOW,20121025,0800,3525, ,CFS
SHA,H,76,INFLOW,20121025,0900,913, ,CFS
SHA,H,76,INFLOW,20121025,1000,888, ,CFS
SHA,H,76,INFLOW,20121025,1100,4607, ,CFS
SHA,H,76,INFLOW,20121025,1200,2126, ,CFS
SHA,H,76,INFLOW,20121025,1300,2948, ,CFS
SHA,H,76,INFLOW,20121025,1400,273, ,CFS
SHA,H,76,INFLOW,20121025,1500,4768, ,CFS
SHA,H,76,INFLOW,20121025,1600,4580, ,CFS
SHA,H,76,INFLOW,20121025,1700,5115, ,CFS
SHA,H,76,INFLOW,20121025,1800,7585, ,CFS
SHA,H,76,INFLOW,20121025,1900,6898, ,CFS
SHA,H,76,INFLOW,20121025,2000,8316, ,CFS
SHA,H,76,INFLOW,20121025,2100,4243, ,CFS
SHA,H,76,INFLOW,20121025,2200,10932, ,CFS
SHA,H,76,INFLOW,20121025,2300,2008, ,CFS
SHA,H,76,INFLOW,20121026,0000,2772, ,CFS
SHA,H,76,INFLOW,20121026,0100,4263, ,CFS
SHA,H,76,INFLOW,20121026,0200,-716, ,CFS
SHA,H,76,INFLOW,20121026,0300,1478, ,CFS
SHA,H,76,INFLOW,20121026,0400,1563, ,CFS
SHA,H,76,INFLOW,20121026,0500,-705, ,CFS
SHA,H,76,INFLOW,20121026,0600,4003, ,CFS
SHA,H,76,INFLOW,20121026,0700,646, ,CFS
SHA,H,76,INFLOW,20121026,0800,-1942, ,CFS
SHA,H,76,INFLOW,20121026,0900,1542, ,CFS
SHA,H,76,INFLOW,20121026,1000,-735, ,CFS
SHA,H,76,INFLOW,20121026,1100,5865, ,CFS
SHA,H,76,INFLOW,20121026,1200,-5928, ,CFS
SHA,H,76,INFLOW,20121026,1300,5284, ,CFS
SHA,H,76,INFLOW,20121026,1400,4897, ,CFS
SHA,H,76,INFLOW,20121026,1500,2299, ,CFS
SHA,H,76,INFLOW,20121026,1600,7143, ,CFS
SHA,H,76,INFLOW,20121026,1700,6437, ,CFS
SHA,H,76,INFLOW,20121026,1800,4066, ,CFS
SHA,H,76,INFLOW,20121026,1900,11954, ,CFS
SHA,H,76,INFLOW,20121026,2000,5119, ,CFS
SHA,H,76,INFLOW,20121026,2100,4687, ,CFS
SHA,H,76,INFLOW,20121026,2200,6456, ,CFS
SHA,H,76,INFLOW,20121026,2300,6414, ,CFS
SHA,H,76,INFLOW,20121027,0000,3906, ,CFS
SHA,H,76,INFLOW,20121027,0100,1782, ,CFS
SHA,H,76,INFLOW,20121027,0200,3928, ,CFS
SHA,H,76,INFLOW,20121027,0300,-899, ,CFS
SHA,H,76,INFLOW,20121027,0400,3903, ,CFS
SHA,H,76,INFLOW,20121027,0500,-711, ,CFS
SHA,H,76,INFLOW,20121027,0600,2021, ,CFS
SHA,H,76,INFLOW,20121027,0700,2398, ,CFS
SHA,H,76,INFLOW,20121027,0800,479, ,CFS
SHA,H,76,INFLOW,20121027,0900,3327, ,CFS
SHA,H,76,INFLOW,20121027,1000,-1533, ,CFS
SHA,H,76,INFLOW,20121027,1100,3327, ,CFS
SHA,H,76,INFLOW,20121027,1200,-923, ,CFS
SHA,H,76,INFLOW,20121027,1300,1708, ,CFS
SHA,H,76,INFLOW,20121027,1400,4195, ,CFS
SHA,H,76,INFLOW,20121027,1500,2480, ,CFS
SHA,H,76,INFLOW,20121027,1600,6833, ,CFS
SHA,H,76,INFLOW,20121027,1700,5883, ,CFS
SHA,H,76,INFLOW,20121027,1800,7767, ,CFS
SHA,H,76,INFLOW,20121027,1900,6253, ,CFS
SHA,H,76,INFLOW,20121027,2000,7637, ,CFS
SHA,H,76,INFLOW,20121027,2100,6173, ,CFS
SHA,H,76,INFLOW,20121027,2200,8026, ,CFS
SHA,H,76,INFLOW,20121027,2300,5182, ,CFS
SHA,H,76,INFLOW,20121028,0000,1000, ,CFS
SHA,H,76,INFLOW,20121028,0100,4046, ,CFS
SHA,H,76,INFLOW,20121028,0200,1435, ,CFS
SHA,H,76,INFLOW,20121028,0300,1397, ,CFS
SHA,H,76,INFLOW,20121028,0400,1464, ,CFS
SHA,H,76,INFLOW,20121028,0500,1369, ,CFS
SHA,H,76,INFLOW,20121028,0600,1520, ,CFS
SHA,H,76,INFLOW,20121028,0700,-2129, ,CFS
SHA,H,76,INFLOW,20121028,0800,2854, ,CFS
SHA,H,76,INFLOW,20121028,0900,584, ,CFS
SHA,H,76,INFLOW,20121028,1000,2154, ,CFS
SHA,H,76,INFLOW,20121028,1100,1623, ,CFS
SHA,H,76,INFLOW,20121028,1200,3989, ,CFS
SHA,H,76,INFLOW,20121028,1300,4655, ,CFS
SHA,H,76,INFLOW,20121028,1400,2635, ,CFS
SHA,H,76,INFLOW,20121028,1500,2972, ,CFS
SHA,H,76,INFLOW,20121028,1600,8314, ,CFS
SHA,H,76,INFLOW,20121028,1700,2565, ,CFS
SHA,H,76,INFLOW,20121028,1800,7867, ,CFS
SHA,H,76,INFLOW,20121028,1900,9453, ,CFS
SHA,H,76,INFLOW,20121028,2000,1896, ,CFS
SHA,H,76,INFLOW,20121028,2100,10746, ,CFS
SHA,H,76,INFLOW,20121028,2200,3556, ,CFS
SHA,H,76,INFLOW,20121028,2300,11072, ,CFS
SHA,H,76,INFLOW,20121029,0000,-2774, ,CFS
SHA,H,76,INFLOW,20121029,0100,6527, ,CFS
SHA,H,76,INFLOW,20121029,0200,1499, ,CFS
SHA,H,76,INFLOW,20121029,0300,-925, ,CFS
SHA,H,76,INFLOW,20121029,0400,1431, ,CFS
SHA,H,76,INFLOW,20121029,0500,1492, ,CFS
SHA,H,76,INFLOW,20121029,0600,-757, ,CFS
SHA,H,76,INFLOW,20121029,0700,2873, ,CFS
SHA,H,76,INFLOW,20121029,0800,1635, ,CFS
SHA,H,76,INFLOW,20121029,0900,1818, ,CFS
SHA,H,76,INFLOW,20121029,1000,-2932, ,CFS
SHA,H,76,INFLOW,20121029,1100,7212, ,CFS
SHA,H,76,INFLOW,20121029,1200,-832, ,CFS
SHA,H,76,INFLOW,20121029,1300,1022, ,CFS
SHA,H,76,INFLOW,20121029,1400,3867, ,CFS
SHA,H,76,INFLOW,20121029,1500,1838, ,CFS
SHA,H,76,INFLOW,20121029,1600,5817, ,CFS
SHA,H,76,INFLOW,20121029,1700,5054, ,CFS
SHA,H,76,INFLOW,20121029,1800,4237, ,CFS
SHA,H,76,INFLOW,20121029,1900,8848, ,CFS
SHA,H,76,INFLOW,20121029,2000,7391, ,CFS
SHA,H,76,INFLOW,20121029,2100,9710, ,CFS
SHA,H,76,INFLOW,20121029,2200,4628, ,CFS
SHA,H,76,INFLOW,20121029,2300,7110, ,CFS
SHA,H,76,INFLOW,20121030,0000,3098, ,CFS
SHA,H,76,INFLOW,20121030,0100,-818, ,CFS
SHA,H,76,INFLOW,20121030,0200,6067, ,CFS
SHA,H,76,INFLOW,20121030,0300,1163, ,CFS
SHA,H,76,INFLOW,20121030,0400,-1287, ,CFS
SHA,H,76,INFLOW,20121030,0500,3714, ,CFS
SHA,H,76,INFLOW,20121030,0600,-911, ,CFS
SHA,H,76,INFLOW,20121030,0700,1535, ,CFS
SHA,H,76,INFLOW,20121030,0800,2266, ,CFS
SHA,H,76,INFLOW,20121030,0900,1100, ,CFS
SHA,H,76,INFLOW,20121030,1000,3613, ,CFS
SHA,H,76,INFLOW,20121030,1100,1883, ,CFS
SHA,H,76,INFLOW,20121030,1200,-625, ,CFS
SHA,H,76,INFLOW,20121030,1300,4293, ,CFS
SHA,H,76,INFLOW,20121030,1400,6483, ,CFS
SHA,H,76,INFLOW,20121030,1500,-930, ,CFS
SHA,H,76,INFLOW,20121030,1600,9485, ,CFS
SHA,H,76,INFLOW,20121030,1700,2688, ,CFS
SHA,H,76,INFLOW,20121030,1800,4775, ,CFS
SHA,H,76,INFLOW,20121030,1900,8156, ,CFS
SHA,H,76,INFLOW,20121030,2000,7008, ,CFS
SHA,H,76,INFLOW,20121030,2100,10006, ,CFS
SHA,H,76,INFLOW,20121030,2200,3207, ,CFS
SHA,H,76,INFLOW,20121030,2300,8186, ,CFS
SHA,H,76,INFLOW,20121031,0000,1584, ,CFS
SHA,H,76,INFLOW,20121031,0100,1216, ,CFS
SHA,H,76,INFLOW,20121031,0200,937, ,CFS
SHA,H,76,INFLOW,20121031,0300,866, ,CFS
SHA,H,76,INFLOW,20121031,0400,3774, ,CFS
SHA,H,76,INFLOW,20121031,0500,1580, ,CFS
SHA,H,76,INFLOW,20121031,0600,-580, ,CFS
SHA,H,76,INFLOW,20121031,0700,1223, ,CFS
SHA,H,76,INFLOW,20121031,0800,1172, ,CFS
SHA,H,76,INFLOW,20121031,0900,1288, ,CFS
SHA,H,76,INFLOW,20121031,1000,2151, ,CFS
SHA,H,76,INFLOW,20121031,1100,3273, ,CFS
SHA,H,76,INFLOW,20121031,1200,1072, ,CFS
SHA,H,76,INFLOW,20121031,1300,6166, ,CFS
SHA,H,76,INFLOW,20121031,1400,-4010, ,CFS
SHA,H,76,INFLOW,20121031,1500,7988, ,CFS
SHA,H,76,INFLOW,20121031,1600,3178, ,CFS
SHA,H,76,INFLOW,20121031,1700,11091, ,CFS
SHA,H,76,INFLOW,20121031,1800,-3300, ,CFS
SHA,H,76,INFLOW,20121031,1900,21281, ,CFS
SHA,H,76,INFLOW,20121031,2000,2943, ,CFS
SHA,H,76,INFLOW,20121031,2100,1353, ,CFS
SHA,H,76,INFLOW,20121031,2200,11946, ,CFS
SHA,H,76,INFLOW,20121031,2300,-937, ,CFS
SHA,H,76,INFLOW,20121101,0000,2221, ,CFS
SHA,H,76,INFLOW,20121101,0100,8994, ,CFS
SHA,H,76,INFLOW,20121101,0200,-713, ,CFS
SHA,H,76,INFLOW,20121101,0300,3332, ,CFS
SHA,H,76,INFLOW,20121101,0400,5625, ,CFS
SHA,H,76,INFLOW,20121101,0500,-3390, ,CFS
SHA,H,76,INFLOW,20121101,0600,1907, ,CFS
SHA,H,76,INFLOW,20121101,0700,6515, ,CFS
SHA,H,76,INFLOW,20121101,0800,1211, ,CFS
SHA,H,76,INFLOW,20121101,0900,5937, ,CFS
SHA,H,76,INFLOW,20121101,1000,2983, ,CFS
SHA,H,76,INFLOW,20121101,1100,2558, ,CFS
SHA,H,76,INFLOW,20121101,1200,284, ,CFS
SHA,H,76,INFLOW,20121101,1300,2813, ,CFS
SHA,H,76,INFLOW,20121101,1400,218, ,CFS
SHA,H,76,INFLOW,20121101,1500,4710, ,CFS
SHA,H,76,INFLOW,20121101,1600,2832, ,CFS
SHA,H,76,INFLOW,20121101,1700,691, ,CFS
SHA,H,76,INFLOW,20121101,1800,6728, ,CFS
SHA,H,76,INFLOW,20121101,1900,8064, ,CFS
SHA,H,76,INFLOW,20121101,2000,7588, ,CFS
SHA,H,76,INFLOW,20121101,2100,5216, ,CFS
SHA,H,76,INFLOW,20121101,2200,1082, ,CFS
SHA,H,76,INFLOW,20121101,2300,2520, ,CFS
SHA,H,76,INFLOW,20121102,0000,6004, ,CFS
SHA,H,76,INFLOW,20121102,0100,-3436, ,CFS
SHA,H,76,INFLOW,20121102,0200,5847, ,CFS
SHA,H,76,INFLOW,20121102,0300,1016, ,CFS
SHA,H,76,INFLOW,20121102,0400,1199, ,CFS
SHA,H,76,INFLOW,20121102,0500,1794, ,CFS
SHA,H,76,INFLOW,20121102,0600,1965, ,CFS
SHA,H,76,INFLOW,20121102,0700,-980, ,CFS
SHA,H,76,INFLOW,20121102,0800,1926, ,CFS
SHA,H,76,INFLOW,20121102,0900,-208, ,CFS
SHA,H,76,INFLOW,20121102,1000,3546, ,CFS
SHA,H,76,INFLOW,20121102,1100,1289, ,CFS
SHA,H,76,INFLOW,20121102,1200,877, ,CFS
SHA,H,76,INFLOW,20121102,1300,2967, ,CFS
SHA,H,76,INFLOW,20121102,1400,3063, ,CFS
SHA,H,76,INFLOW,20121102,1500,60, ,CFS
SHA,H,76,INFLOW,20121102,1600,4487, ,CFS
SHA,H,76,INFLOW,20121102,1700,-1046, ,CFS
SHA,H,76,INFLOW,20121102,1800,4068, ,CFS
SHA,H,76,INFLOW,20121102,1900,3203, ,CFS
SHA,H,76,INFLOW,20121102,2000,3191, ,CFS
SHA,H,76,INFLOW,20121102,2100,8090, ,CFS
SHA,H,76,INFLOW,20121102,2200,3616, ,CFS
SHA,H,76,INFLOW,20121102,2300,5002, ,CFS
SHA,H,76,INFLOW,20121103,0000,1477, ,CFS
SHA,H,76,INFLOW,20121103,0100,3828, ,CFS
SHA,H,76,INFLOW,20121103,0200,-1048, ,CFS
SHA,H,76,INFLOW,20121103,0300,1275, ,CFS
SHA,H,76,INFLOW,20121103,0400,3591, ,CFS
SHA,H,76,INFLOW,20121103,0500,-529, ,CFS
SHA,H,76,INFLOW,20121103,0600,2111, ,CFS
SHA,H,76,INFLOW,20121103,0700,442, ,CFS
SHA,H,76,INFLOW,20121103,0800,-867, ,CFS
SHA,H,76,INFLOW,20121103,0900,6162, ,CFS
SHA,H,76,INFLOW,20121103,1000,204, ,CFS
SHA,H,76,INFLOW,20121103,1100,2530, ,CFS
SHA,H,76,INFLOW,20121103,1200,3448, ,CFS
SHA,H,76,INFLOW,20121103,1300,3863, ,CFS
SHA,H,76,INFLOW,20121103,1400,2576, ,CFS
SHA,H,76,INFLOW,20121103,1500,1443, ,CFS
SHA,H,76,INFLOW,20121103,1600,4061, ,CFS
SHA,H,76,INFLOW,20121103,1700,2245, ,CFS
SHA,H,76,INFLOW,20121103,1800,4199, ,CFS
SHA,H,76,INFLOW,20121103,1900,5727, ,CFS
SHA,H,76,INFLOW,20121103,2000,3339, ,CFS
SHA,H,76,INFLOW,20121103,2100,11249, ,CFS
SHA,H,76,INFLOW,20121103,2200,3563, ,CFS
SHA,H,76,INFLOW,20121103,2300,5972, ,CFS
SHA,H,76,INFLOW,20121104,0000,1949, ,CFS
SHA,H,76,INFLOW,20121104,0100,4143, ,CFS
SHA,H,76,INFLOW,20121104,0200,5015, ,CFS
SHA,H,76,INFLOW,20121104,0300,-759, ,CFS
SHA,H,76,INFLOW,20121104,0400,1577, ,CFS
SHA,H,76,INFLOW,20121104,0500,-731, ,CFS
SHA,H,76,INFLOW,20121104,0600,2306, ,CFS
SHA,H,76,INFLOW,20121104,0700,1492, ,CFS
SHA,H,76,INFLOW,20121104,0800,2281, ,CFS
SHA,H,76,INFLOW,20121104,0900,-117, ,CFS
SHA,H,76,INFLOW,20121104,1000,4167, ,CFS
SHA,H,76,INFLOW,20121104,1100,2410, ,CFS
SHA,H,76,INFLOW,20121104,1200,2661, ,CFS
SHA,H,76,INFLOW,20121104,1300,3320, ,CFS
SHA,H,76,INFLOW,20121104,1400,37, ,CFS
SHA,H,76,INFLOW,20121104,1500,2536, ,CFS
SHA,H,76,INFLOW,20121104,1600,3437, ,CFS
SHA,H,76,INFLOW,20121104,1700,1883, ,CFS
SHA,H,76,INFLOW,20121104,1800,-100, ,CFS
SHA,H,76,INFLOW,20121104,1900,10205, ,CFS
SHA,H,76,INFLOW,20121104,2000,7650, ,CFS
SHA,H,76,INFLOW,20121104,2100,5552, ,CFS
SHA,H,76,INFLOW,20121104,2200,5013, ,CFS
SHA,H,76,INFLOW,20121104,2300,7490, ,CFS
SHA,H,76,INFLOW,20121105,0000,1705, ,CFS
SHA,H,76,INFLOW,20121105,0100,3983, ,CFS
SHA,H,76,INFLOW,20121105,0200,1557, ,CFS
SHA,H,76,INFLOW,20121105,0300,4053, ,CFS
SHA,H,76,INFLOW,20121105,0400,-621, ,CFS
SHA,H,76,INFLOW,20121105,0500,-2599, ,CFS
SHA,H,76,INFLOW,20121105,0600,1759, ,CFS
SHA,H,76,INFLOW,20121105,0700,-372, ,CFS
SHA,H,76,INFLOW,20121105,0800,2879, ,CFS
SHA,H,76,INFLOW,20121105,0900,3387, ,CFS
SHA,H,76,INFLOW,20121105,1000,1626, ,CFS
SHA,H,76,INFLOW,20121105,1100,1288, ,CFS
SHA,H,76,INFLOW,20121105,1200,3583, ,CFS
SHA,H,76,INFLOW,20121105,1300,870, ,CFS
SHA,H,76,INFLOW,20121105,1400,5607, ,CFS
SHA,H,76,INFLOW,20121105,1500,1906, ,CFS
SHA,H,76,INFLOW,20121105,1600,1479, ,CFS
SHA,H,76,INFLOW,20121105,1700,4695, ,CFS
SHA,H,76,INFLOW,20121105,1800,2563, ,CFS
SHA,H,76,INFLOW,20121105,1900,6057, ,CFS
SHA,H,76,INFLOW,20121105,2000,5883, ,CFS
SHA,H,76,INFLOW,20121105,2100,9970, ,CFS
SHA,H,76,INFLOW,20121105,2200,-2892, ,CFS
SHA,H,76,INFLOW,20121105,2300,5393, ,CFS
SHA,H,76,INFLOW,20121106,0000,1672, ,CFS
SHA,H,76,INFLOW,20121106,0100,1934, ,CFS
SHA,H,76,INFLOW,20121106,0200,4011, ,CFS
SHA,H,76,INFLOW,20121106,0300,-747, ,CFS
SHA,H,76,INFLOW,20121106,0400,3791, ,CFS
SHA,H,76,INFLOW,20121106,0500,1642, ,CFS
SHA,H,76,INFLOW,20121106,0600,1828, ,CFS
SHA,H,76,INFLOW,20121106,0700,377, ,CFS
SHA,H,76,INFLOW,20121106,0800,1736, ,CFS
SHA,H,76,INFLOW,20121106,0900,888, ,CFS
SHA,H,76,INFLOW,20121106,1000,4179, ,CFS
SHA,H,76,INFLOW,20121106,1100,-128, ,CFS
SHA,H,76,INFLOW,20121106,1200,2109, ,CFS
SHA,H,76,INFLOW,20121106,1300,4165, ,CFS
SHA,H,76,INFLOW,20121106,1400,2691, ,CFS
SHA,H,76,INFLOW,20121106,1500,2508, ,CFS
SHA,H,76,INFLOW,20121106,1600,3052, ,CFS
SHA,H,76,INFLOW,20121106,1700,2097, ,CFS
SHA,H,76,INFLOW,20121106,1800,2228, ,CFS
SHA,H,76,INFLOW,20121106,1900,6591, ,CFS
SHA,H,76,INFLOW,20121106,2000,6352, ,CFS
SHA,H,76,INFLOW,20121106,2100,8084, ,CFS
SHA,H,76,INFLOW,20121106,2200,6251, ,CFS
SHA,H,76,INFLOW,20121106,2300,5277, ,CFS
SHA,H,76,INFLOW,20121107,0000,12724, ,CFS
SHA,H,76,INFLOW,20121107,0100,6725, ,CFS
SHA,H,76,INFLOW,20121107,0200,9094, ,CFS
SHA,H,76,INFLOW,20121107,0300,8954, ,CFS
SHA,H,76,INFLOW,20121107,0400,8930, ,CFS
SHA,H,76,INFLOW,20121107,0500,8921, ,CFS
SHA,H,76,INFLOW,20121107,0600,11611, ,CFS
SHA,H,76,INFLOW,20121107,0700,7103, ,CFS
SHA,H,76,INFLOW,20121107,0800,5016, ,CFS
SHA,H,76,INFLOW,20121107,0900,1231, ,CFS
SHA,H,76,INFLOW,20121107,1000,-1581, ,CFS
SHA,H,76,INFLOW,20121107,1100,3710, ,CFS
SHA,H,76,INFLOW,20121107,1200,3888, ,CFS
SHA,H,76,INFLOW,20121107,1300,1601, ,CFS
SHA,H,76,INFLOW,20121107,1400,2566, ,CFS
SHA,H,76,INFLOW,20121107,1500,4512, ,CFS
SHA,H,76,INFLOW,20121107,1600,2428, ,CFS
SHA,H,76,INFLOW,20121107,1700,5894, ,CFS
SHA,H,76,INFLOW,20121107,1800,3628, ,CFS
SHA,H,76,INFLOW,20121107,1900,3315, ,CFS
SHA,H,76,INFLOW,20121107,2000,3857, ,CFS
SHA,H,76,INFLOW,20121107,2100,4126, ,CFS
SHA,H,76,INFLOW,20121107,2200,1813, ,CFS
SHA,H,76,INFLOW,20121107,2300,4323, ,CFS
SHA,H,76,INFLOW,20121108,0000,4156, ,CFS
SHA,H,76,INFLOW,20121108,0100,1962, ,CFS
SHA,H,76,INFLOW,20121108,0200,4219, ,CFS
SHA,H,76,INFLOW,20121108,0300,1902, ,CFS
SHA,H,76,INFLOW,20121108,0400,4271, ,CFS
SHA,H,76,INFLOW,20121108,0500,4250, ,CFS
SHA,H,76,INFLOW,20121108,0600,4377, ,CFS
SHA,H,76,INFLOW,20121108,0700,7156, ,CFS
SHA,H,76,INFLOW,20121108,0800,5386, ,CFS
SHA,H,76,INFLOW,20121108,0900,5450, ,CFS
SHA,H,76,INFLOW,20121108,1000,5620, ,CFS
SHA,H,76,INFLOW,20121108,1100,-11006, ,CFS
SHA,H,76,INFLOW,20121108,1200,6614, ,CFS
SHA,H,76,INFLOW,20121108,1300,11196, ,CFS
SHA,H,76,INFLOW,20121108,1400,-2283, ,CFS
SHA,H,76,INFLOW,20121108,1500,8535, ,CFS
SHA,H,76,INFLOW,20121108,1600,-3861, ,CFS
SHA,H,76,INFLOW,20121108,1700,5442, ,CFS
SHA,H,76,INFLOW,20121108,1800,6934, ,CFS
SHA,H,76,INFLOW,20121108,1900,-364, ,CFS
SHA,H,76,INFLOW,20121108,2000,6609, ,CFS
SHA,H,76,INFLOW,20121108,2100,3439, ,CFS
SHA,H,76,INFLOW,20121108,2200,2532, ,CFS
SHA,H,76,INFLOW,20121108,2300,7305, ,CFS
SHA,H,76,INFLOW,20121109,0000,2494, ,CFS
SHA,H,76,INFLOW,20121109,0100,4484, ,CFS
SHA,H,76,INFLOW,20121109,0200,-393, ,CFS
SHA,H,76,INFLOW,20121109,0300,6761, ,CFS
SHA,H,76,INFLOW,20121109,0400,1995, ,CFS
SHA,H,76,INFLOW,20121109,0500,4321, ,CFS
SHA,H,76,INFLOW,20121109,0600,4818, ,CFS
SHA,H,76,INFLOW,20121109,0700,4787, ,CFS
SHA,H,76,INFLOW,20121109,0800,3144, ,CFS
SHA,H,76,INFLOW,20121109,0900,3440, ,CFS
SHA,H,76,INFLOW,20121109,1000,5807, ,CFS
SHA,H,76,INFLOW,20121109,1100,5808, ,CFS
SHA,H,76,INFLOW,20121109,1200,1107, ,CFS
SHA,H,76,INFLOW,20121109,1300,5748, ,CFS
SHA,H,76,INFLOW,20121109,1400,4638, ,CFS
SHA,H,76,INFLOW,20121109,1500,5258, ,CFS
SHA,H,76,INFLOW,20121109,1600,3029, ,CFS
SHA,H,76,INFLOW,20121109,1700,180, ,CFS
SHA,H,76,INFLOW,20121109,1800,7204, ,CFS
SHA,H,76,INFLOW,20121109,1900,2297, ,CFS
SHA,H,76,INFLOW,20121109,2000,4253, ,CFS
SHA,H,76,INFLOW,20121109,2100,3307, ,CFS
SHA,H,76,INFLOW,20121109,2200,1943, ,CFS
SHA,H,76,INFLOW,20121109,2300,3209, ,CFS
SHA,H,76,INFLOW,20121110,0000,5325, ,CFS
SHA,H,76,INFLOW,20121110,0100,1923, ,CFS
SHA,H,76,INFLOW,20121110,0200,4443, ,CFS
SHA,H,76,INFLOW,20121110,0300,-448, ,CFS
SHA,H,76,INFLOW,20121110,0400,4180, ,CFS
SHA,H,76,INFLOW,20121110,0500,-473, ,CFS
SHA,H,76,INFLOW,20121110,0600,2208, ,CFS
SHA,H,76,INFLOW,20121110,0700,2490, ,CFS
SHA,H,76,INFLOW,20121110,0800,2424, ,CFS
SHA,H,76,INFLOW,20121110,0900,-526, ,CFS
SHA,H,76,INFLOW,20121110,1000,4202, ,CFS
SHA,H,76,INFLOW,20121110,1100,-2902, ,CFS
SHA,H,76,INFLOW,20121110,1200,4192, ,CFS
SHA,H,76,INFLOW,20121110,1300,1822, ,CFS
SHA,H,76,INFLOW,20121110,1400,4205, ,CFS
SHA,H,76,INFLOW,20121110,1500,1906, ,CFS
SHA,H,76,INFLOW,20121110,1600,2968, ,CFS
SHA,H,76,INFLOW,20121110,1700,1536, ,CFS
SHA,H,76,INFLOW,20121110,1800,6892, ,CFS
SHA,H,76,INFLOW,20121110,1900,2508, ,CFS
SHA,H,76,INFLOW,20121110,2000,1149, ,CFS
SHA,H,76,INFLOW,20121110,2100,4053, ,CFS
SHA,H,76,INFLOW,20121110,2200,109, ,CFS
SHA,H,76,INFLOW,20121110,2300,5186, ,CFS
SHA,H,76,INFLOW,20121111,0000,4784, ,CFS
SHA,H,76,INFLOW,20121111,0100,1860, ,CFS
SHA,H,76,INFLOW,20121111,0200,4273, ,CFS
SHA,H,76,INFLOW,20121111,0300,1617, ,CFS
SHA,H,76,INFLOW,20121111,0400,3897, ,CFS
SHA,H,76,INFLOW,20121111,0500,1704, ,CFS
SHA,H,76,INFLOW,20121111,0600,2149, ,CFS
SHA,H,76,INFLOW,20121111,0700,4057, ,CFS
SHA,H,76,INFLOW,20121111,0800,1691, ,CFS
SHA,H,76,INFLOW,20121111,0900,2196, ,CFS
SHA,H,76,INFLOW,20121111,1000,1914, ,CFS
SHA,H,76,INFLOW,20121111,1100,1903, ,CFS
SHA,H,76,INFLOW,20121111,1200,1907, ,CFS
SHA,H,76,INFLOW,20121111,1300,4292, ,CFS
SHA,H,76,INFLOW,20121111,1400,1898, ,CFS
SHA,H,76,INFLOW,20121111,1500,1906, ,CFS
SHA,H,76,INFLOW,20121111,1600,4338, ,CFS
SHA,H,76,INFLOW,20121111,1700,1238, ,CFS
SHA,H,76,INFLOW,20121111,1800,9138, ,CFS
SHA,H,76,INFLOW,20121111,1900,2316, ,CFS
SHA,H,76,INFLOW,20121111,2000,1372, ,CFS
SHA,H,76,INFLOW,20121111,2100,7194, ,CFS
SHA,H,76,INFLOW,20121111,2200,-1250, ,CFS
SHA,H,76,INFLOW,20121111,2300,5058, ,CFS
SHA,H,76,INFLOW,20121112,0000,2106, ,CFS
SHA,H,76,INFLOW,20121112,0100,4038, ,CFS
SHA,H,76,INFLOW,20121112,0200,4390, ,CFS
SHA,H,76,INFLOW,20121112,0300,1628, ,CFS
SHA,H,76,INFLOW,20121112,0400,6216, ,CFS
SHA,H,76,INFLOW,20121112,0500,1605, ,CFS
SHA,H,76,INFLOW,20121112,0600,2082, ,CFS
SHA,H,76,INFLOW,20121112,0700,5145, ,CFS
SHA,H,76,INFLOW,20121112,0800,2648, ,CFS
SHA,H,76,INFLOW,20121112,0900,2688, ,CFS
SHA,H,76,INFLOW,20121112,1000,5128, ,CFS
SHA,H,76,INFLOW,20121112,1100,782, ,CFS
SHA,H,76,INFLOW,20121112,1200,2678, ,CFS
SHA,H,76,INFLOW,20121112,1300,7804, ,CFS
SHA,H,76,INFLOW,20121112,1400,488, ,CFS
SHA,H,76,INFLOW,20121112,1500,7671, ,CFS
SHA,H,76,INFLOW,20121112,1600,5414, ,CFS
SHA,H,76,INFLOW,20121112,1700,720, ,CFS
SHA,H,76,INFLOW,20121112,1800,6452, ,CFS
SHA,H,76,INFLOW,20121112,1900,2096, ,CFS
SHA,H,76,INFLOW,20121112,2000,3402, ,CFS
SHA,H,76,INFLOW,20121112,2100,4116, ,CFS
SHA,H,76,INFLOW,20121112,2200,1592, ,CFS
SHA,H,76,INFLOW,20121112,2300,5632, ,CFS
SHA,H,76,INFLOW,20121113,0000,5362, ,CFS
SHA,H,76,INFLOW,20121113,0100,6406, ,CFS
SHA,H,76,INFLOW,20121113,0200,1766, ,CFS
SHA,H,76,INFLOW,20121113,0300,6217, ,CFS
SHA,H,76,INFLOW,20121113,0400,5247, ,CFS
SHA,H,76,INFLOW,20121113,0500,2931, ,CFS
SHA,H,76,INFLOW,20121113,0600,4080, ,CFS
SHA,H,76,INFLOW,20121113,0700,4365, ,CFS
SHA,H,76,INFLOW,20121113,0800,5183, ,CFS
SHA,H,76,INFLOW,20121113,0900,2500, ,CFS
SHA,H,76,INFLOW,20121113,1000,157, ,CFS
SHA,H,76,INFLOW,20121113,1100,8539, ,CFS
SHA,H,76,INFLOW,20121113,1200,-4417, ,CFS
SHA,H,76,INFLOW,20121113,1300,9596, ,CFS
SHA,H,76,INFLOW,20121113,1400,9555, ,CFS
SHA,H,76,INFLOW,20121113,1500,-4307, ,CFS
SHA,H,76,INFLOW,20121113,1600,9220, ,CFS
SHA,H,76,INFLOW,20121113,1700,-184, ,CFS
SHA,H,76,INFLOW,20121113,1800,3873, ,CFS
SHA,H,76,INFLOW,20121113,1900,4225, ,CFS
SHA,H,76,INFLOW,20121113,2000,6757, ,CFS
SHA,H,76,INFLOW,20121113,2100,1941, ,CFS
SHA,H,76,INFLOW,20121113,2200,5668, ,CFS
SHA,H,76,INFLOW,20121113,2300,4208, ,CFS
SHA,H,76,INFLOW,20121114,0000,5720, ,CFS
SHA,H,76,INFLOW,20121114,0100,3494, ,CFS
SHA,H,76,INFLOW,20121114,0200,1886, ,CFS
SHA,H,76,INFLOW,20121114,0300,4869, ,CFS
SHA,H,76,INFLOW,20121114,0400,2605, ,CFS
SHA,H,76,INFLOW,20121114,0500,2692, ,CFS
SHA,H,76,INFLOW,20121114,0600,261, ,CFS
SHA,H,76,INFLOW,20121114,0700,5194, ,CFS
SHA,H,76,INFLOW,20121114,0800,4517, ,CFS
SHA,H,76,INFLOW,20121114,0900,895, ,CFS
SHA,H,76,INFLOW,20121114,1000,4454, ,CFS
SHA,H,76,INFLOW,20121114,1100,2609, ,CFS
SHA,H,76,INFLOW,20121114,1200,5127, ,CFS
SHA,H,76,INFLOW,20121114,1300,3142, ,CFS
SHA,H,76,INFLOW,20121114,1400,7722, ,CFS
SHA,H,76,INFLOW,20121114,1500,3683, ,CFS
SHA,H,76,INFLOW,20121114,1600,6681, ,CFS
SHA,H,76,INFLOW,20121114,1700,1677, ,CFS
SHA,H,76,INFLOW,20121114,1800,4921, ,CFS
SHA,H,76,INFLOW,20121114,1900,2543, ,CFS
SHA,H,76,INFLOW,20121114,2000,5527, ,CFS
SHA,H,76,INFLOW,20121114,2100,1527, ,CFS
SHA,H,76,INFLOW,20121114,2200,2921, ,CFS
SHA,H,76,INFLOW,20121114,2300,6014, ,CFS
SHA,H,76,INFLOW,20121115,0000,-1062, ,CFS
SHA,H,76,INFLOW,20121115,0100,4493, ,CFS
SHA,H,76,INFLOW,20121115,0200,-330, ,CFS
SHA,H,76,INFLOW,20121115,0300,2200, ,CFS
SHA,H,76,INFLOW,20121115,0400,1561, ,CFS
SHA,H,76,INFLOW,20121115,0500,-925, ,CFS
SHA,H,76,INFLOW,20121115,0600,-569, ,CFS
SHA,H,76,INFLOW,20121115,0700,3929, ,CFS
SHA,H,76,INFLOW,20121115,0800,2764, ,CFS
SHA,H,76,INFLOW,20121115,0900,-1782, ,CFS
SHA,H,76,INFLOW,20121115,1000,95, ,CFS
SHA,H,76,INFLOW,20121115,1100,-521, ,CFS
SHA,H,76,INFLOW,20121115,1200,2593, ,CFS
SHA,H,76,INFLOW,20121115,1300,3093, ,CFS
SHA,H,76,INFLOW,20121115,1400,603, ,CFS
SHA,H,76,INFLOW,20121115,1500,5306, ,CFS
SHA,H,76,INFLOW,20121115,1600,2089, ,CFS
SHA,H,76,INFLOW,20121115,1700,2629, ,CFS
SHA,H,76,INFLOW,20121115,1800,4369, ,CFS
SHA,H,76,INFLOW,20121115,1900,6434, ,CFS
SHA,H,76,INFLOW,20121115,2000,1800, ,CFS
SHA,H,76,INFLOW,20121115,2100,6740, ,CFS
SHA,H,76,INFLOW,20121115,2200,2219, ,CFS
SHA,H,76,INFLOW,20121115,2300,3482, ,CFS
SHA,H,76,INFLOW,20121116,0000,3855, ,CFS
SHA,H,76,INFLOW,20121116,0100,8610, ,CFS
SHA,H,76,INFLOW,20121116,0200,3674, ,CFS
SHA,H,76,INFLOW,20121116,0300,6281, ,CFS
SHA,H,76,INFLOW,20121116,0400,1582, ,CFS
SHA,H,76,INFLOW,20121116,0500,6263, ,CFS
SHA,H,76,INFLOW,20121116,0600,4455, ,CFS
SHA,H,76,INFLOW,20121116,0700,2821, ,CFS
SHA,H,76,INFLOW,20121116,0800,8727, ,CFS
SHA,H,76,INFLOW,20121116,0900,-2745, ,CFS
SHA,H,76,INFLOW,20121116,1000,2060, ,CFS
SHA,H,76,INFLOW,20121116,1100,3026, ,CFS
SHA,H,76,INFLOW,20121116,1200,-4092, ,CFS
SHA,H,76,INFLOW,20121116,1300,4252, ,CFS
SHA,H,76,INFLOW,20121116,1400,-1180, ,CFS
SHA,H,76,INFLOW,20121116,1500,900, ,CFS
SHA,H,76,INFLOW,20121116,1600,992, ,CFS
SHA,H,76,INFLOW,20121116,1700,130, ,CFS
SHA,H,76,INFLOW,20121116,1800,2848, ,CFS
SHA,H,76,INFLOW,20121116,1900,616, ,CFS
SHA,H,76,INFLOW,20121116,2000,1723, ,CFS
SHA,H,76,INFLOW,20121116,2100,-1203, ,CFS
SHA,H,76,INFLOW,20121116,2200,6333, ,CFS
SHA,H,76,INFLOW,20121116,2300,2276, ,CFS
SHA,H,76,INFLOW,20121117,0000,5218, ,CFS
SHA,H,76,INFLOW,20121117,0100,6503, ,CFS
SHA,H,76,INFLOW,20121117,0200,6501, ,CFS
SHA,H,76,INFLOW,20121117,0300,6346, ,CFS
SHA,H,76,INFLOW,20121117,0400,6327, ,CFS
SHA,H,76,INFLOW,20121117,0500,6335, ,CFS
SHA,H,76,INFLOW,20121117,0600,4146, ,CFS
SHA,H,76,INFLOW,20121117,0700,6417, ,CFS
SHA,H,76,INFLOW,20121117,0800,7202, ,CFS
SHA,H,76,INFLOW,20121117,0900,9660, ,CFS
SHA,H,76,INFLOW,20121117,1000,3653, ,CFS
SHA,H,76,INFLOW,20121117,1100,10627, ,CFS
SHA,H,76,INFLOW,20121117,1200,5310, ,CFS
SHA,H,76,INFLOW,20121117,1300,7004, ,CFS
SHA,H,76,INFLOW,20121117,1400,4009, ,CFS
SHA,H,76,INFLOW,20121117,1500,6402, ,CFS
SHA,H,76,INFLOW,20121117,1600,9024, ,CFS
SHA,H,76,INFLOW,20121117,1700,9893, ,CFS
SHA,H,76,INFLOW,20121117,1800,5159, ,CFS
SHA,H,76,INFLOW,20121117,1900,17103, ,CFS
SHA,H,76,INFLOW,20121117,2000,1345, ,CFS
SHA,H,76,INFLOW,20121117,2100,2620, ,CFS
SHA,H,76,INFLOW,20121117,2200,9461, ,CFS
SHA,H,76,INFLOW,20121117,2300,-794, ,CFS
SHA,H,76,INFLOW,20121118,0000,3029, ,CFS
SHA,H,76,INFLOW,20121118,0100,11032, ,CFS
SHA,H,76,INFLOW,20121118,0200,-755, ,CFS
SHA,H,76,INFLOW,20121118,0300,8744, ,CFS
SHA,H,76,INFLOW,20121118,0400,1691, ,CFS
SHA,H,76,INFLOW,20121118,0500,1727, ,CFS
SHA,H,76,INFLOW,20121118,0600,4240, ,CFS
SHA,H,76,INFLOW,20121118,0700,1343, ,CFS
SHA,H,76,INFLOW,20121118,0800,1648, ,CFS
SHA,H,76,INFLOW,20121118,0900,8974, ,CFS
SHA,H,76,INFLOW,20121118,1000,-2918, ,CFS
SHA,H,76,INFLOW,20121118,1100,4210, ,CFS
SHA,H,76,INFLOW,20121118,1200,4137, ,CFS
SHA,H,76,INFLOW,20121118,1300,1296, ,CFS
SHA,H,76,INFLOW,20121118,1400,3783, ,CFS
SHA,H,76,INFLOW,20121118,1500,3363, ,CFS
SHA,H,76,INFLOW,20121118,1600,1494, ,CFS
SHA,H,76,INFLOW,20121118,1700,4604, ,CFS
SHA,H,76,INFLOW,20121118,1800,3155, ,CFS
SHA,H,76,INFLOW,20121118,1900,6176, ,CFS
SHA,H,76,INFLOW,20121118,2000,-589, ,CFS
SHA,H,76,INFLOW,20121118,2100,4417, ,CFS
SHA,H,76,INFLOW,20121118,2200,3417, ,CFS
SHA,H,76,INFLOW,20121118,2300,5625, ,CFS
SHA,H,76,INFLOW,20121119,0000,498, ,CFS
SHA,H,76,INFLOW,20121119,0100,3824, ,CFS
SHA,H,76,INFLOW,20121119,0200,1275, ,CFS
SHA,H,76,INFLOW,20121119,0300,5852, ,CFS
SHA,H,76,INFLOW,20121119,0400,1391, ,CFS
SHA,H,76,INFLOW,20121119,0500,1473, ,CFS
SHA,H,76,INFLOW,20121119,0600,3787, ,CFS
SHA,H,76,INFLOW,20121119,0700,2924, ,CFS
SHA,H,76,INFLOW,20121119,0800,2781, ,CFS
SHA,H,76,INFLOW,20121119,0900,4691, ,CFS
SHA,H,76,INFLOW,20121119,1000,2875, ,CFS
SHA,H,76,INFLOW,20121119,1100,-259, ,CFS
SHA,H,76,INFLOW,20121119,1200,7704, ,CFS
SHA,H,76,INFLOW,20121119,1300,1562, ,CFS
SHA,H,76,INFLOW,20121119,1400,-2342, ,CFS
SHA,H,76,INFLOW,20121119,1500,6522, ,CFS
SHA,H,76,INFLOW,20121119,1600,2550, ,CFS
SHA,H,76,INFLOW,20121119,1700,2519, ,CFS
SHA,H,76,INFLOW,20121119,1800,2365, ,CFS
SHA,H,76,INFLOW,20121119,1900,2728, ,CFS
SHA,H,76,INFLOW,20121119,2000,3080, ,CFS
SHA,H,76,INFLOW,20121119,2100,7168, ,CFS
SHA,H,76,INFLOW,20121119,2200,2662, ,CFS
SHA,H,76,INFLOW,20121119,2300,6757, ,CFS
SHA,H,76,INFLOW,20121120,0000,8478, ,CFS
SHA,H,76,INFLOW,20121120,0100,6701, ,CFS
SHA,H,76,INFLOW,20121120,0200,3957, ,CFS
SHA,H,76,INFLOW,20121120,0300,8653, ,CFS
SHA,H,76,INFLOW,20121120,0400,1438, ,CFS
SHA,H,76,INFLOW,20121120,0500,13289, ,CFS
SHA,H,76,INFLOW,20121120,0600,8673, ,CFS
SHA,H,76,INFLOW,20121120,0700,9970, ,CFS
SHA,H,76,INFLOW,20121120,0800,16102, ,CFS
SHA,H,76,INFLOW,20121120,0900,10962, ,CFS
SHA,H,76,INFLOW,20121120,1000,6915, ,CFS
SHA,H,76,INFLOW,20121120,1100,15995, ,CFS
SHA,H,76,INFLOW,20121120,1200,23135, ,CFS
SHA,H,76,INFLOW,20121120,1300,4766, ,CFS
SHA,H,76,INFLOW,20121120,1400,20484, ,CFS
SHA,H,76,INFLOW,20121120,1500,15598, ,CFS
SHA,H,76,INFLOW,20121120,1600,11238, ,CFS
SHA,H,76,INFLOW,20121120,1700,32112, ,CFS
SHA,H,76,INFLOW,20121120,1800,26544, ,CFS
SHA,H,76,INFLOW,20121120,1900,19273, ,CFS
SHA,H,76,INFLOW,20121120,2000,30084, ,CFS
SHA,H,76,INFLOW,20121120,2100,28931, ,CFS
SHA,H,76,INFLOW,20121120,2200,23304, ,CFS
SHA,H,76,INFLOW,20121120,2300,24524, ,CFS
SHA,H,76,INFLOW,20121121,0000,23937, ,CFS
SHA,H,76,INFLOW,20121121,0100,15691, ,CFS
SHA,H,76,INFLOW,20121121,0200,20338, ,CFS
SHA,H,76,INFLOW,20121121,0300,27558, ,CFS
SHA,H,76,INFLOW,20121121,0400,15792, ,CFS
SHA,H,76,INFLOW,20121121,0500,18298, ,CFS
SHA,H,76,INFLOW,20121121,0600,22918, ,CFS
SHA,H,76,INFLOW,20121121,0700,12257, ,CFS
SHA,H,76,INFLOW,20121121,0800,20736, ,CFS
SHA,H,76,INFLOW,20121121,0900,18297, ,CFS
SHA,H,76,INFLOW,20121121,1000,11096, ,CFS
SHA,H,76,INFLOW,20121121,1100,15771, ,CFS
SHA,H,76,INFLOW,20121121,1200,13901, ,CFS
SHA,H,76,INFLOW,20121121,1300,10129, ,CFS
SHA,H,76,INFLOW,20121121,1400,13048, ,CFS
SHA,H,76,INFLOW,20121121,1500,10559, ,CFS
SHA,H,76,INFLOW,20121121,1600,10832, ,CFS
SHA,H,76,INFLOW,20121121,1700,8049, ,CFS
SHA,H,76,INFLOW,20121121,1800,16599, ,CFS
SHA,H,76,INFLOW,20121121,1900,12012, ,CFS
SHA,H,76,INFLOW,20121121,2000,10556, ,CFS
SHA,H,76,INFLOW,20121121,2100,10326, ,CFS
SHA,H,76,INFLOW,20121121,2200,3086, ,CFS
SHA,H,76,INFLOW,20121121,2300,7739, ,CFS
SHA,H,76,INFLOW,20121122,0000,8327, ,CFS
SHA,H,76,INFLOW,20121122,0100,7700, ,CFS
SHA,H,76,INFLOW,20121122,0200,5981, ,CFS
SHA,H,76,INFLOW,20121122,0300,6326, ,CFS
SHA,H,76,INFLOW,20121122,0400,6336, ,CFS
SHA,H,76,INFLOW,20121122,0500,8722, ,CFS
SHA,H,76,INFLOW,20121122,0600,4243, ,CFS
SHA,H,76,INFLOW,20121122,0700,7820, ,CFS
SHA,H,76,INFLOW,20121122,0800,5684, ,CFS
SHA,H,76,INFLOW,20121122,0900,5770, ,CFS
SHA,H,76,INFLOW,20121122,1000,5766, ,CFS
SHA,H,76,INFLOW,20121122,1100,3317, ,CFS
SHA,H,76,INFLOW,20121122,1200,8100, ,CFS
SHA,H,76,INFLOW,20121122,1300,5466, ,CFS
SHA,H,76,INFLOW,20121122,1400,2979, ,CFS
SHA,H,76,INFLOW,20121122,1500,10437, ,CFS
SHA,H,76,INFLOW,20121122,1600,3413, ,CFS
SHA,H,76,INFLOW,20121122,1700,10471, ,CFS
SHA,H,76,INFLOW,20121122,1800,11089, ,CFS
SHA,H,76,INFLOW,20121122,1900,8647, ,CFS
SHA,H,76,INFLOW,20121122,2000,8818, ,CFS
SHA,H,76,INFLOW,20121122,2100,11020, ,CFS
SHA,H,76,INFLOW,20121122,2200,1356, ,CFS
SHA,H,76,INFLOW,20121122,2300,8748, ,CFS
SHA,H,76,INFLOW,20121123,0000,3843, ,CFS
SHA,H,76,INFLOW,20121123,0100,2005, ,CFS
SHA,H,76,INFLOW,20121123,0200,6528, ,CFS
SHA,H,76,INFLOW,20121123,0300,1821, ,CFS
SHA,H,76,INFLOW,20121123,0400,6484, ,CFS
SHA,H,76,INFLOW,20121123,0500,4129, ,CFS
SHA,H,76,INFLOW,20121123,0600,4302, ,CFS
SHA,H,76,INFLOW,20121123,0700,6276, ,CFS
SHA,H,76,INFLOW,20121123,0800,2415, ,CFS
SHA,H,76,INFLOW,20121123,0900,6207, ,CFS
SHA,H,76,INFLOW,20121123,1000,4192, ,CFS
SHA,H,76,INFLOW,20121123,1100,7280, ,CFS
SHA,H,76,INFLOW,20121123,1200,4825, ,CFS
SHA,H,76,INFLOW,20121123,1300,6600, ,CFS
SHA,H,76,INFLOW,20121123,1400,6646, ,CFS
SHA,H,76,INFLOW,20121123,1500,6651, ,CFS
SHA,H,76,INFLOW,20121123,1600,4364, ,CFS
SHA,H,76,INFLOW,20121123,1700,8045, ,CFS
SHA,H,76,INFLOW,20121123,1800,8084, ,CFS
SHA,H,76,INFLOW,20121123,1900,5877, ,CFS
SHA,H,76,INFLOW,20121123,2000,7287, ,CFS
SHA,H,76,INFLOW,20121123,2100,5048, ,CFS
SHA,H,76,INFLOW,20121123,2200,6585, ,CFS
SHA,H,76,INFLOW,20121123,2300,3943, ,CFS
SHA,H,76,INFLOW,20121124,0000,4573, ,CFS
SHA,H,76,INFLOW,20121124,0100,4299, ,CFS
SHA,H,76,INFLOW,20121124,0200,4163, ,CFS
SHA,H,76,INFLOW,20121124,0300,4150, ,CFS
SHA,H,76,INFLOW,20121124,0400,4052, ,CFS
SHA,H,76,INFLOW,20121124,0500,4142, ,CFS
SHA,H,76,INFLOW,20121124,0600,1765, ,CFS
SHA,H,76,INFLOW,20121124,0700,7409, ,CFS
SHA,H,76,INFLOW,20121124,0800,2481, ,CFS
SHA,H,76,INFLOW,20121124,0900,2444, ,CFS
SHA,H,76,INFLOW,20121124,1000,4835, ,CFS
SHA,H,76,INFLOW,20121124,1100,5675, ,CFS
SHA,H,76,INFLOW,20121124,1200,5567, ,CFS
SHA,H,76,INFLOW,20121124,1300,5174, ,CFS
SHA,H,76,INFLOW,20121124,1400,2980, ,CFS
SHA,H,76,INFLOW,20121124,1500,7870, ,CFS
SHA,H,76,INFLOW,20121124,1600,5423, ,CFS
SHA,H,76,INFLOW,20121124,1700,5424, ,CFS
SHA,H,76,INFLOW,20121124,1800,12555, ,CFS
SHA,H,76,INFLOW,20121124,1900,5389, ,CFS
SHA,H,76,INFLOW,20121124,2000,11887, ,CFS
SHA,H,76,INFLOW,20121124,2100,9189, ,CFS
SHA,H,76,INFLOW,20121124,2200,2081, ,CFS
SHA,H,76,INFLOW,20121124,2300,7317, ,CFS
SHA,H,76,INFLOW,20121125,0000,4627, ,CFS
SHA,H,76,INFLOW,20121125,0100,-877, ,CFS
SHA,H,76,INFLOW,20121125,0200,6301, ,CFS
SHA,H,76,INFLOW,20121125,0300,-497, ,CFS
SHA,H,76,INFLOW,20121125,0400,4215, ,CFS
SHA,H,76,INFLOW,20121125,0500,3882, ,CFS
SHA,H,76,INFLOW,20121125,0600,1718, ,CFS
SHA,H,76,INFLOW,20121125,0700,2159, ,CFS
SHA,H,76,INFLOW,20121125,0800,4745, ,CFS
SHA,H,76,INFLOW,20121125,0900,2167, ,CFS
SHA,H,76,INFLOW,20121125,1000,172, ,CFS
SHA,H,76,INFLOW,20121125,1100,2660, ,CFS
SHA,H,76,INFLOW,20121125,1200,2680, ,CFS
SHA,H,76,INFLOW,20121125,1300,275, ,CFS
SHA,H,76,INFLOW,20121125,1400,5085, ,CFS
SHA,H,76,INFLOW,20121125,1500,393, ,CFS
SHA,H,76,INFLOW,20121125,1600,5342, ,CFS
SHA,H,76,INFLOW,20121125,1700,3148, ,CFS
SHA,H,76,INFLOW,20121125,1800,7986, ,CFS
SHA,H,76,INFLOW,20121125,1900,5605, ,CFS
SHA,H,76,INFLOW,20121125,2000,12740, ,CFS
SHA,H,76,INFLOW,20121125,2100,7716, ,CFS
SHA,H,76,INFLOW,20121125,2200,2940, ,CFS
SHA,H,76,INFLOW,20121125,2300,11635, ,CFS
SHA,H,76,INFLOW,20121126,0000,-435, ,CFS
SHA,H,76,INFLOW,20121126,0100,1851, ,CFS
SHA,H,76,INFLOW,20121126,0200,4178, ,CFS
SHA,H,76,INFLOW,20121126,0300,1766, ,CFS
SHA,H,76,INFLOW,20121126,0400,3942, ,CFS
SHA,H,76,INFLOW,20121126,0500,1620, ,CFS
SHA,H,76,INFLOW,20121126,0600,-666, ,CFS
SHA,H,76,INFLOW,20121126,0700,4909, ,CFS
SHA,H,76,INFLOW,20121126,0800,2666, ,CFS
SHA,H,76,INFLOW,20121126,0900,4719, ,CFS
SHA,H,76,INFLOW,20121126,1000,4496, ,CFS
SHA,H,76,INFLOW,20121126,1100,5041, ,CFS
SHA,H,76,INFLOW,20121126,1200,5167, ,CFS
SHA,H,76,INFLOW,20121126,1300,7544, ,CFS
SHA,H,76,INFLOW,20121126,1400,2873, ,CFS
SHA,H,76,INFLOW,20121126,1500,5375, ,CFS
SHA,H,76,INFLOW,20121126,1600,5612, ,CFS
SHA,H,76,INFLOW,20121126,1700,5290, ,CFS
SHA,H,76,INFLOW,20121126,1800,13512, ,CFS
SHA,H,76,INFLOW,20121126,1900,7014, ,CFS
SHA,H,76,INFLOW,20121126,2000,9040, ,CFS
SHA,H,76,INFLOW,20121126,2100,7145, ,CFS
SHA,H,76,INFLOW,20121126,2200,2058, ,CFS
SHA,H,76,INFLOW,20121126,2300,6798, ,CFS
SHA,H,76,INFLOW,20121127,0000,6665, ,CFS
SHA,H,76,INFLOW,20121127,0100,-2054, ,CFS
SHA,H,76,INFLOW,20121127,0200,7226, ,CFS
SHA,H,76,INFLOW,20121127,0300,2463, ,CFS
SHA,H,76,INFLOW,20121127,0400,2463, ,CFS
SHA,H,76,INFLOW,20121127,0500,4988, ,CFS
SHA,H,76,INFLOW,20121127,0600,1918, ,CFS
SHA,H,76,INFLOW,20121127,0700,3015, ,CFS
SHA,H,76,INFLOW,20121127,0800,8081, ,CFS
SHA,H,76,INFLOW,20121127,0900,654, ,CFS
SHA,H,76,INFLOW,20121127,1000,7659, ,CFS
SHA,H,76,INFLOW,20121127,1100,3179, ,CFS
SHA,H,76,INFLOW,20121127,1200,2971, ,CFS
SHA,H,76,INFLOW,20121127,1300,8045, ,CFS
SHA,H,76,INFLOW,20121127,1400,5593, ,CFS
SHA,H,76,INFLOW,20121127,1500,5345, ,CFS
SHA,H,76,INFLOW,20121127,1600,5331, ,CFS
SHA,H,76,INFLOW,20121127,1700,5607, ,CFS
SHA,H,76,INFLOW,20121127,1800,6660, ,CFS
SHA,H,76,INFLOW,20121127,1900,9121, ,CFS
SHA,H,76,INFLOW,20121127,2000,6584, ,CFS
SHA,H,76,INFLOW,20121127,2100,4943, ,CFS
SHA,H,76,INFLOW,20121127,2200,7111, ,CFS
SHA,H,76,INFLOW,20121127,2300,3127, ,CFS
SHA,H,76,INFLOW,20121128,0000,7591, ,CFS
SHA,H,76,INFLOW,20121128,0100,3646, ,CFS
SHA,H,76,INFLOW,20121128,0200,5860, ,CFS
SHA,H,76,INFLOW,20121128,0300,8256, ,CFS
SHA,H,76,INFLOW,20121128,0400,3533, ,CFS
SHA,H,76,INFLOW,20121128,0500,5933, ,CFS
SHA,H,76,INFLOW,20121128,0600,1639, ,CFS
SHA,H,76,INFLOW,20121128,0700,8007, ,CFS
SHA,H,76,INFLOW,20121128,0800,9092, ,CFS
SHA,H,76,INFLOW,20121128,0900,6965, ,CFS
SHA,H,76,INFLOW,20121128,1000,14105, ,CFS
SHA,H,76,INFLOW,20121128,1100,6332, ,CFS
SHA,H,76,INFLOW,20121128,1200,6844, ,CFS
SHA,H,76,INFLOW,20121128,1300,8114, ,CFS
SHA,H,76,INFLOW,20121128,1400,5499, ,CFS
SHA,H,76,INFLOW,20121128,1500,7613, ,CFS
SHA,H,76,INFLOW,20121128,1600,8513, ,CFS
SHA,H,76,INFLOW,20121128,1700,4333, ,CFS
SHA,H,76,INFLOW,20121128,1800,20472, ,CFS
SHA,H,76,INFLOW,20121128,1900,7548, ,CFS
SHA,H,76,INFLOW,20121128,2000,9828, ,CFS
SHA,H,76,INFLOW,20121128,2100,14576, ,CFS
SHA,H,76,INFLOW,20121128,2200,5868, ,CFS
SHA,H,76,INFLOW,20121128,2300,10885, ,CFS
SHA,H,76,INFLOW,20121129,0000,6102, ,CFS
SHA,H,76,INFLOW,20121129,0100,3540, ,CFS
SHA,H,76,INFLOW,20121129,0200,10729, ,CFS
SHA,H,76,INFLOW,20121129,0300,5969, ,CFS
SHA,H,76,INFLOW,20121129,0400,5984, ,CFS
SHA,H,76,INFLOW,20121129,0500,10727, ,CFS
SHA,H,76,INFLOW,20121129,0600,1414, ,CFS
SHA,H,76,INFLOW,20121129,0700,11759, ,CFS
SHA,H,76,INFLOW,20121129,0800,13876, ,CFS
SHA,H,76,INFLOW,20121129,0900,11330, ,CFS
SHA,H,76,INFLOW,20121129,1000,6703, ,CFS
SHA,H,76,INFLOW,20121129,1100,6847, ,CFS
SHA,H,76,INFLOW,20121129,1200,9874, ,CFS
SHA,H,76,INFLOW,20121129,1300,20854, ,CFS
SHA,H,76,INFLOW,20121129,1400,16053, ,CFS
SHA,H,76,INFLOW,20121129,1500,10751, ,CFS
SHA,H,76,INFLOW,20121129,1600,27982, ,CFS
SHA,H,76,INFLOW,20121129,1700,26010, ,CFS
SHA,H,76,INFLOW,20121129,1800,20742, ,CFS
SHA,H,76,INFLOW,20121129,1900,34229, ,CFS
SHA,H,76,INFLOW,20121129,2000,34397, ,CFS
SHA,H,76,INFLOW,20121129,2100,41316, ,CFS
SHA,H,76,INFLOW,20121129,2200,31619, ,CFS
SHA,H,76,INFLOW,20121129,2300,38673, ,CFS
SHA,H,76,INFLOW,20121130,0000,48461, ,CFS
SHA,H,76,INFLOW,20121130,0100,60242, ,CFS
SHA,H,76,INFLOW,20121130,0200,52996, ,CFS
SHA,H,76,INFLOW,20121130,0300,52993, ,CFS
SHA,H,76,INFLOW,20121130,0400,65377, ,CFS
SHA,H,76,INFLOW,20121130,0500,41209, ,CFS
SHA,H,76,INFLOW,20121130,0600,53418, ,CFS
SHA,H,76,INFLOW,20121130,0700,42006, ,CFS
SHA,H,76,INFLOW,20121130,0800,50211, ,CFS
SHA,H,76,INFLOW,20121130,0900,47988, ,CFS
SHA,H,76,INFLOW,20121130,1000,38410, ,CFS
SHA,H,76,INFLOW,20121130,1100,48279, ,CFS
SHA,H,76,INFLOW,20121130,1200,41788, ,CFS
SHA,H,76,INFLOW,20121130,1300,41745, ,CFS
SHA,H,76,INFLOW,20121130,1400,46437, ,CFS
SHA,H,76,INFLOW,20121130,1500,49136, ,CFS
SHA,H,76,INFLOW,20121130,1600,34561, ,CFS
SHA,H,76,INFLOW,20121130,1700,44494, ,CFS
SHA,H,76,INFLOW,20121130,1800,36556, ,CFS
SHA,H,76,INFLOW,20121130,1900,29296, ,CFS
SHA,H,76,INFLOW,20121130,2000,31399, ,CFS
SHA,H,76,INFLOW,20121130,2100,38482, ,CFS
SHA,H,76,INFLOW,20121130,2200,32887, ,CFS
SHA,H,76,INFLOW,20121130,2300,27288, ,CFS
SHA,H,76,INFLOW,20121201,0000,34382, ,CFS
SHA,H,76,INFLOW,20121201,0100,29786, ,CFS
SHA,H,76,INFLOW,20121201,0200,25129, ,CFS
SHA,H,76,INFLOW,20121201,0300,35377, ,CFS
SHA,H,76,INFLOW,20121201,0400,25928, ,CFS
SHA,H,76,INFLOW,20121201,0500,44742, ,CFS
SHA,H,76,INFLOW,20121201,0600,22434, ,CFS
SHA,H,76,INFLOW,20121201,0700,43077, ,CFS
SHA,H,76,INFLOW,20121201,0800,50679, ,CFS
SHA,H,76,INFLOW,20121201,0900,45934, ,CFS
SHA,H,76,INFLOW,20121201,1000,51028, ,CFS
SHA,H,76,INFLOW,20121201,1100,43862, ,CFS
SHA,H,76,INFLOW,20121201,1200,43986, ,CFS
SHA,H,76,INFLOW,20121201,1300,43825, ,CFS
SHA,H,76,INFLOW,20121201,1400,48809, ,CFS
SHA,H,76,INFLOW,20121201,1500,48166, ,CFS
SHA,H,76,INFLOW,20121201,1600,53736, ,CFS
SHA,H,76,INFLOW,20121201,1700,46698, ,CFS
SHA,H,76,INFLOW,20121201,1800,48391, ,CFS
SHA,H,76,INFLOW,20121201,1900,43510, ,CFS
SHA,H,76,INFLOW,20121201,2000,37619, ,CFS
SHA,H,76,INFLOW,20121201,2100,48757, ,CFS
SHA,H,76,INFLOW,20121201,2200,44182, ,CFS
SHA,H,76,INFLOW,20121201,2300,48279, ,CFS
SHA,H,76,INFLOW,20121202,0000,65473, ,CFS
SHA,H,76,INFLOW,20121202,0100,57912, ,CFS
SHA,H,76,INFLOW,20121202,0200,68248, ,CFS
SHA,H,76,INFLOW,20121202,0300,92152, ,CFS
SHA,H,76,INFLOW,20121202,0400,94718, ,CFS
SHA,H,76,INFLOW,20121202,0500,129615, ,CFS
SHA,H,76,INFLOW,20121202,0600,94127, ,CFS
SHA,H,76,INFLOW,20121202,0700,114475, ,CFS
SHA,H,76,INFLOW,20121202,0800,107423, ,CFS
SHA,H,76,INFLOW,20121202,0900,92085, ,CFS
SHA,H,76,INFLOW,20121202,1000,102561, ,CFS
SHA,H,76,INFLOW,20121202,1100,97728, ,CFS
SHA,H,76,INFLOW,20121202,1200,79731, ,CFS
SHA,H,76,INFLOW,20121202,1300,77391, ,CFS
SHA,H,76,INFLOW,20121202,1400,69922, ,CFS
SHA,H,76,INFLOW,20121202,1500,62167, ,CFS
SHA,H,76,INFLOW,20121202,1600,62168, ,CFS
SHA,H,76,INFLOW,20121202,1700,57557, ,CFS
SHA,H,76,INFLOW,20121202,1800,55767, ,CFS
SHA,H,76,INFLOW,20121202,1900,53319, ,CFS
SHA,H,76,INFLOW,20121202,2000,49162, ,CFS
SHA,H,76,INFLOW,20121202,2100,43734, ,CFS
SHA,H,76,INFLOW,20121202,2200,49575, ,CFS
SHA,H,76,INFLOW,20121202,2300,39944, ,CFS
SHA,H,76,INFLOW,20121203,0000,44583, ,CFS
SHA,H,76,INFLOW,20121203,0100,39329, ,CFS
SHA,H,76,INFLOW,20121203,0200,41943, ,CFS
SHA,H,76,INFLOW,20121203,0300,39332, ,CFS
SHA,H,76,INFLOW,20121203,0400,36727, ,CFS
SHA,H,76,INFLOW,20121203,0500,34225, ,CFS
SHA,H,76,INFLOW,20121203,0600,31809, ,CFS
SHA,H,76,INFLOW,20121203,0700,30798, ,CFS
SHA,H,76,INFLOW,20121203,0800,30885, ,CFS
SHA,H,76,INFLOW,20121203,0900,30655, ,CFS
SHA,H,76,INFLOW,20121203,1000,70063, ,CFS
SHA,H,76,INFLOW,20121203,1100,25361, ,CFS
SHA,H,76,INFLOW,20121203,1200,28094, ,CFS
SHA,H,76,INFLOW,20121203,1300,23034, ,CFS
SHA,H,76,INFLOW,20121203,1400,28365, ,CFS
SHA,H,76,INFLOW,20121203,1500,23736, ,CFS
SHA,H,76,INFLOW,20121203,1600,21139, ,CFS
SHA,H,76,INFLOW,20121203,1700,21467, ,CFS
SHA,H,76,INFLOW,20121203,1800,24942, ,CFS
SHA,H,76,INFLOW,20121203,1900,22493, ,CFS
SHA,H,76,INFLOW,20121203,2000,18391, ,CFS
SHA,H,76,INFLOW,20121203,2100,25955, ,CFS
SHA,H,76,INFLOW,20121203,2200,23146, ,CFS
SHA,H,76,INFLOW,20121203,2300,24390, ,CFS
SHA,H,76,INFLOW,20121204,0000,18700, ,CFS
SHA,H,76,INFLOW,20121204,0100,23831, ,CFS
SHA,H,76,INFLOW,20121204,0200,21274, ,CFS
SHA,H,76,INFLOW,20121204,0300,18667, ,CFS
SHA,H,76,INFLOW,20121204,0400,26606, ,CFS
SHA,H,76,INFLOW,20121204,0500,18659, ,CFS
SHA,H,76,INFLOW,20121204,0600,21443, ,CFS
SHA,H,76,INFLOW,20121204,0700,21131, ,CFS
SHA,H,76,INFLOW,20121204,0800,13117, ,CFS
SHA,H,76,INFLOW,20121204,0900,23769, ,CFS
SHA,H,76,INFLOW,20121204,1000,24014, ,CFS
SHA,H,76,INFLOW,20121204,1100,13484, ,CFS
SHA,H,76,INFLOW,20121204,1200,23966, ,CFS
SHA,H,76,INFLOW,20121204,1300,23846, ,CFS
SHA,H,76,INFLOW,20121204,1400,13604, ,CFS
SHA,H,76,INFLOW,20121204,1500,16005, ,CFS
SHA,H,76,INFLOW,20121204,1600,26753, ,CFS
SHA,H,76,INFLOW,20121204,1700,21465, ,CFS
SHA,H,76,INFLOW,20121204,1800,17733, ,CFS
SHA,H,76,INFLOW,20121204,1900,17551, ,CFS
SHA,H,76,INFLOW,20121204,2000,28057, ,CFS
SHA,H,76,INFLOW,20121204,2100,21800, ,CFS
SHA,H,76,INFLOW,20121204,2200,20607, ,CFS
SHA,H,76,INFLOW,20121204,2300,28446, ,CFS
SHA,H,76,INFLOW,20121205,0000,25535, ,CFS
SHA,H,76,INFLOW,20121205,0100,21686, ,CFS
SHA,H,76,INFLOW,20121205,0200,24174, ,CFS
SHA,H,76,INFLOW,20121205,0300,24046, ,CFS
SHA,H,76,INFLOW,20121205,0400,21380, ,CFS
SHA,H,76,INFLOW,20121205,0500,24066, ,CFS
SHA,H,76,INFLOW,20121205,0600,18814, ,CFS
SHA,H,76,INFLOW,20121205,0700,23154, ,CFS
SHA,H,76,INFLOW,20121205,0800,20936, ,CFS
SHA,H,76,INFLOW,20121205,0900,23468, ,CFS
SHA,H,76,INFLOW,20121205,1000,22618, ,CFS
SHA,H,76,INFLOW,20121205,1100,19860, ,CFS
SHA,H,76,INFLOW,20121205,1200,22505, ,CFS
SHA,H,76,INFLOW,20121205,1300,22192, ,CFS
SHA,H,76,INFLOW,20121205,1400,20010, ,CFS
SHA,H,76,INFLOW,20121205,1500,25172, ,CFS
SHA,H,76,INFLOW,20121205,1600,19855, ,CFS
SHA,H,76,INFLOW,20121205,1700,17288, ,CFS
SHA,H,76,INFLOW,20121205,1800,24453, ,CFS
SHA,H,76,INFLOW,20121205,1900,19169, ,CFS
SHA,H,76,INFLOW,20121205,2000,19092, ,CFS
SHA,H,76,INFLOW,20121205,2100,19117, ,CFS
SHA,H,76,INFLOW,20121205,2200,21395, ,CFS
SHA,H,76,INFLOW,20121205,2300,21746, ,CFS
SHA,H,76,INFLOW,20121206,0000,16278, ,CFS
SHA,H,76,INFLOW,20121206,0100,22616, ,CFS
SHA,H,76,INFLOW,20121206,0200,19821, ,CFS
SHA,H,76,INFLOW,20121206,0300,19593, ,CFS
SHA,H,76,INFLOW,20121206,0400,17180, ,CFS
SHA,H,76,INFLOW,20121206,0500,20394, ,CFS
SHA,H,76,INFLOW,20121206,0600,20698, ,CFS
SHA,H,76,INFLOW,20121206,0700,16919, ,CFS
SHA,H,76,INFLOW,20121206,0800,19474, ,CFS
SHA,H,76,INFLOW,20121206,0900,16529, ,CFS
SHA,H,76,INFLOW,20121206,1000,16835, ,CFS
SHA,H,76,INFLOW,20121206,1100,18490, ,CFS
SHA,H,76,INFLOW,20121206,1200,13394, ,CFS
SHA,H,76,INFLOW,20121206,1300,18830, ,CFS
SHA,H,76,INFLOW,20121206,1400,16158, ,CFS
SHA,H,76,INFLOW,20121206,1500,18846, ,CFS
SHA,H,76,INFLOW,20121206,1600,19277, ,CFS
SHA,H,76,INFLOW,20121206,1700,14519, ,CFS
SHA,H,76,INFLOW,20121206,1800,19612, ,CFS
SHA,H,76,INFLOW,20121206,1900,14275, ,CFS
SHA,H,76,INFLOW,20121206,2000,22300, ,CFS
SHA,H,76,INFLOW,20121206,2100,14848, ,CFS
SHA,H,76,INFLOW,20121206,2200,13896, ,CFS
SHA,H,76,INFLOW,20121206,2300,14800, ,CFS
SHA,H,76,INFLOW,20121207,0000,16532, ,CFS
SHA,H,76,INFLOW,20121207,0100,20265, ,CFS
SHA,H,76,INFLOW,20121207,0200,17706, ,CFS
SHA,H,76,INFLOW,20121207,0300,14928, ,CFS
SHA,H,76,INFLOW,20121207,0400,15054, ,CFS
SHA,H,76,INFLOW,20121207,0500,15124, ,CFS
SHA,H,76,INFLOW,20121207,0600,18002, ,CFS
SHA,H,76,INFLOW,20121207,0700,17738, ,CFS
SHA,H,76,INFLOW,20121207,0800,12803, ,CFS
SHA,H,76,INFLOW,20121207,0900,15911, ,CFS
SHA,H,76,INFLOW,20121207,1000,15618, ,CFS
SHA,H,76,INFLOW,20121207,1100,16363, ,CFS
SHA,H,76,INFLOW,20121207,1200,13359, ,CFS
SHA,H,76,INFLOW,20121207,1300,18402, ,CFS
SHA,H,76,INFLOW,20121207,1400,12883, ,CFS
SHA,H,76,INFLOW,20121207,1500,12918, ,CFS
SHA,H,76,INFLOW,20121207,1600,15693, ,CFS
SHA,H,76,INFLOW,20121207,1700,15907, ,CFS
SHA,H,76,INFLOW,20121207,1800,15011, ,CFS
SHA,H,76,INFLOW,20121207,1900,14783, ,CFS
SHA,H,76,INFLOW,20121207,2000,15942, ,CFS
SHA,H,76,INFLOW,20121207,2100,14153, ,CFS
SHA,H,76,INFLOW,20121207,2200,14520, ,CFS
SHA,H,76,INFLOW,20121207,2300,16178, ,CFS
SHA,H,76,INFLOW,20121208,0000,14496, ,CFS
SHA,H,76,INFLOW,20121208,0100,11988, ,CFS
SHA,H,76,INFLOW,20121208,0200,17424, ,CFS
SHA,H,76,INFLOW,20121208,0300,14705, ,CFS
SHA,H,76,INFLOW,20121208,0400,15020, ,CFS
SHA,H,76,INFLOW,20121208,0500,9630, ,CFS
SHA,H,76,INFLOW,20121208,0600,17776, ,CFS
SHA,H,76,INFLOW,20121208,0700,15112, ,CFS
SHA,H,76,INFLOW,20121208,0800,12561, ,CFS
SHA,H,76,INFLOW,20121208,0900,12925, ,CFS
SHA,H,76,INFLOW,20121208,1000,15392, ,CFS
SHA,H,76,INFLOW,20121208,1100,15548, ,CFS
SHA,H,76,INFLOW,20121208,1200,10030, ,CFS
SHA,H,76,INFLOW,20121208,1300,12684, ,CFS
SHA,H,76,INFLOW,20121208,1400,15387, ,CFS
SHA,H,76,INFLOW,20121208,1500,10125, ,CFS
SHA,H,76,INFLOW,20121208,1600,12764, ,CFS
SHA,H,76,INFLOW,20121208,1700,8405, ,CFS
SHA,H,76,INFLOW,20121208,1800,10276, ,CFS
SHA,H,76,INFLOW,20121208,1900,12956, ,CFS
SHA,H,76,INFLOW,20121208,2000,15678, ,CFS
SHA,H,76,INFLOW,20121208,2100,13624, ,CFS
SHA,H,76,INFLOW,20121208,2200,13309, ,CFS
SHA,H,76,INFLOW,20121208,2300,12874, ,CFS
SHA,H,76,INFLOW,20121209,0000,14954, ,CFS
SHA,H,76,INFLOW,20121209,0100,9855, ,CFS
SHA,H,76,INFLOW,20121209,0200,12591, ,CFS
SHA,H,76,INFLOW,20121209,0300,20787, ,CFS
SHA,H,76,INFLOW,20121209,0400,9808, ,CFS
SHA,H,76,INFLOW,20121209,0500,9839, ,CFS
SHA,H,76,INFLOW,20121209,0600,12599, ,CFS
SHA,H,76,INFLOW,20121209,0700,16189, ,CFS
SHA,H,76,INFLOW,20121209,0800,14024, ,CFS
SHA,H,76,INFLOW,20121209,0900,11049, ,CFS
SHA,H,76,INFLOW,20121209,1000,11590, ,CFS
SHA,H,76,INFLOW,20121209,1100,6179, ,CFS
SHA,H,76,INFLOW,20121209,1200,11628, ,CFS
SHA,H,76,INFLOW,20121209,1300,11388, ,CFS
SHA,H,76,INFLOW,20121209,1400,10045, ,CFS
SHA,H,76,INFLOW,20121209,1500,9617, ,CFS
SHA,H,76,INFLOW,20121209,1600,10420, ,CFS
SHA,H,76,INFLOW,20121209,1700,8529, ,CFS
SHA,H,76,INFLOW,20121209,1800,13675, ,CFS
SHA,H,76,INFLOW,20121209,1900,8590, ,CFS
SHA,H,76,INFLOW,20121209,2000,14914, ,CFS
SHA,H,76,INFLOW,20121209,2100,10860, ,CFS
SHA,H,76,INFLOW,20121209,2200,10667, ,CFS
SHA,H,76,INFLOW,20121209,2300,11084, ,CFS
SHA,H,76,INFLOW,20121210,0000,13137, ,CFS
SHA,H,76,INFLOW,20121210,0100,6871, ,CFS
SHA,H,76,INFLOW,20121210,0200,9611, ,CFS
SHA,H,76,INFLOW,20121210,0300,6834, ,CFS
SHA,H,76,INFLOW,20121210,0400,6968, ,CFS
SHA,H,76,INFLOW,20121210,0500,4298, ,CFS
SHA,H,76,INFLOW,20121210,0600,9813, ,CFS
SHA,H,76,INFLOW,20121210,0700,9066, ,CFS
SHA,H,76,INFLOW,20121210,0800,9614, ,CFS
SHA,H,76,INFLOW,20121210,0900,9723, ,CFS
SHA,H,76,INFLOW,20121210,1000,6860, ,CFS
SHA,H,76,INFLOW,20121210,1100,9519, ,CFS
SHA,H,76,INFLOW,20121210,1200,12208, ,CFS
SHA,H,76,INFLOW,20121210,1300,12113, ,CFS
SHA,H,76,INFLOW,20121210,1400,6652, ,CFS
SHA,H,76,INFLOW,20121210,1500,14176, ,CFS
SHA,H,76,INFLOW,20121210,1600,9688, ,CFS
SHA,H,76,INFLOW,20121210,1700,7664, ,CFS
SHA,H,76,INFLOW,20121210,1800,14192, ,CFS
SHA,H,76,INFLOW,20121210,1900,11514, ,CFS
SHA,H,76,INFLOW,20121210,2000,8559, ,CFS
SHA,H,76,INFLOW,20121210,2100,16995, ,CFS
SHA,H,76,INFLOW,20121210,2200,9990, ,CFS
SHA,H,76,INFLOW,20121210,2300,7982, ,CFS
SHA,H,76,INFLOW,20121211,0000,12866, ,CFS
SHA,H,76,INFLOW,20121211,0100,8628, ,CFS
SHA,H,76,INFLOW,20121211,0200,8687, ,CFS
SHA,H,76,INFLOW,20121211,0300,3274, ,CFS
SHA,H,76,INFLOW,20121211,0400,8882, ,CFS
SHA,H,76,INFLOW,20121211,0500,3103, ,CFS
SHA,H,76,INFLOW,20121211,0600,8862, ,CFS
SHA,H,76,INFLOW,20121211,0700,5550, ,CFS
SHA,H,76,INFLOW,20121211,0800,5675, ,CFS
SHA,H,76,INFLOW,20121211,0900,11274, ,CFS
SHA,H,76,INFLOW,20121211,1000,2926, ,CFS
SHA,H,76,INFLOW,20121211,1100,5637, ,CFS
SHA,H,76,INFLOW,20121211,1200,5838, ,CFS
SHA,H,76,INFLOW,20121211,1300,5655, ,CFS
SHA,H,76,INFLOW,20121211,1400,13963, ,CFS
SHA,H,76,INFLOW,20121211,1500,11183, ,CFS
SHA,H,76,INFLOW,20121211,1600,8398, ,CFS
SHA,H,76,INFLOW,20121211,1700,4175, ,CFS
SHA,H,76,INFLOW,20121211,1800,12450, ,CFS
SHA,H,76,INFLOW,20121211,1900,4511, ,CFS
SHA,H,76,INFLOW,20121211,2000,15985, ,CFS
SHA,H,76,INFLOW,20121211,2100,4745, ,CFS
SHA,H,76,INFLOW,20121211,2200,16829, ,CFS
SHA,H,76,INFLOW,20121211,2300,8221, ,CFS
SHA,H,76,INFLOW,20121212,0000,4597, ,CFS
SHA,H,76,INFLOW,20121212,0100,12700, ,CFS
SHA,H,76,INFLOW,20121212,0200,4100, ,CFS
SHA,H,76,INFLOW,20121212,0300,4324, ,CFS
SHA,H,76,INFLOW,20121212,0400,4504, ,CFS
SHA,H,76,INFLOW,20121212,0500,7352, ,CFS
SHA,H,76,INFLOW,20121212,0600,4752, ,CFS
SHA,H,76,INFLOW,20121212,0700,10275, ,CFS
SHA,H,76,INFLOW,20121212,0800,5121, ,CFS
SHA,H,76,INFLOW,20121212,0900,7908, ,CFS
SHA,H,76,INFLOW,20121212,1000,10346, ,CFS
SHA,H,76,INFLOW,20121212,1100,7738, ,CFS
SHA,H,76,INFLOW,20121212,1200,10462, ,CFS
SHA,H,76,INFLOW,20121212,1300,7515, ,CFS
SHA,H,76,INFLOW,20121212,1400,7634, ,CFS
SHA,H,76,INFLOW,20121212,1500,5110, ,CFS
SHA,H,76,INFLOW,20121212,1600,5313, ,CFS
SHA,H,76,INFLOW,20121212,1700,5567, ,CFS
SHA,H,76,INFLOW,20121212,1800,12264, ,CFS
SHA,H,76,INFLOW,20121212,1900,9190, ,CFS
SHA,H,76,INFLOW,20121212,2000,7929, ,CFS
SHA,H,76,INFLOW,20121212,2100,7805, ,CFS
SHA,H,76,INFLOW,20121212,2200,7655, ,CFS
SHA,H,76,INFLOW,20121212,2300,7549, ,CFS
SHA,H,76,INFLOW,20121213,0000,7349, ,CFS
SHA,H,76,INFLOW,20121213,0100,5669, ,CFS
SHA,H,76,INFLOW,20121213,0200,6020, ,CFS
SHA,H,76,INFLOW,20121213,0300,8362, ,CFS
SHA,H,76,INFLOW,20121213,0400,3087, ,CFS
SHA,H,76,INFLOW,20121213,0500,5992, ,CFS
SHA,H,76,INFLOW,20121213,0600,3421, ,CFS
SHA,H,76,INFLOW,20121213,0700,9866, ,CFS
SHA,H,76,INFLOW,20121213,0800,7186, ,CFS
SHA,H,76,INFLOW,20121213,0900,10057, ,CFS
SHA,H,76,INFLOW,20121213,1000,7474, ,CFS
SHA,H,76,INFLOW,20121213,1100,12770, ,CFS
SHA,H,76,INFLOW,20121213,1200,7288, ,CFS
SHA,H,76,INFLOW,20121213,1300,10076, ,CFS
SHA,H,76,INFLOW,20121213,1400,10290, ,CFS
SHA,H,76,INFLOW,20121213,1500,10145, ,CFS
SHA,H,76,INFLOW,20121213,1600,4751, ,CFS
SHA,H,76,INFLOW,20121213,1700,7672, ,CFS
SHA,H,76,INFLOW,20121213,1800,9135, ,CFS
SHA,H,76,INFLOW,20121213,1900,6193, ,CFS
SHA,H,76,INFLOW,20121213,2000,13339, ,CFS
SHA,H,76,INFLOW,20121213,2100,7609, ,CFS
SHA,H,76,INFLOW,20121213,2200,10424, ,CFS
SHA,H,76,INFLOW,20121213,2300,8777, ,CFS
SHA,H,76,INFLOW,20121214,0000,2832, ,CFS
SHA,H,76,INFLOW,20121214,0100,5593, ,CFS
SHA,H,76,INFLOW,20121214,0200,8371, ,CFS
SHA,H,76,INFLOW,20121214,0300,5649, ,CFS
SHA,H,76,INFLOW,20121214,0400,8710, ,CFS
SHA,H,76,INFLOW,20121214,0500,6117, ,CFS
SHA,H,76,INFLOW,20121214,0600,3027, ,CFS
SHA,H,76,INFLOW,20121214,0700,9903, ,CFS
SHA,H,76,INFLOW,20121214,0800,7068, ,CFS
SHA,H,76,INFLOW,20121214,0900,7033, ,CFS
SHA,H,76,INFLOW,20121214,1000,7679, ,CFS
SHA,H,76,INFLOW,20121214,1100,7799, ,CFS
SHA,H,76,INFLOW,20121214,1200,4953, ,CFS
SHA,H,76,INFLOW,20121214,1300,7589, ,CFS
SHA,H,76,INFLOW,20121214,1400,2058, ,CFS
SHA,H,76,INFLOW,20121214,1500,7560, ,CFS
SHA,H,76,INFLOW,20121214,1600,4799, ,CFS
SHA,H,76,INFLOW,20121214,1700,2355, ,CFS
SHA,H,76,INFLOW,20121214,1800,3524, ,CFS
SHA,H,76,INFLOW,20121214,1900,6196, ,CFS
SHA,H,76,INFLOW,20121214,2000,4106, ,CFS
SHA,H,76,INFLOW,20121214,2100,4154, ,CFS
SHA,H,76,INFLOW,20121214,2200,4918, ,CFS
SHA,H,76,INFLOW,20121214,2300,3074, ,CFS
SHA,H,76,INFLOW,20121215,0000,5601, ,CFS
SHA,H,76,INFLOW,20121215,0100,338, ,CFS
SHA,H,76,INFLOW,20121215,0200,5597, ,CFS
SHA,H,76,INFLOW,20121215,0300,38, ,CFS
SHA,H,76,INFLOW,20121215,0400,5863, ,CFS
SHA,H,76,INFLOW,20121215,0500,3193, ,CFS
SHA,H,76,INFLOW,20121215,0600,-2121, ,CFS
SHA,H,76,INFLOW,20121215,0700,7443, ,CFS
SHA,H,76,INFLOW,20121215,0800,5177, ,CFS
SHA,H,76,INFLOW,20121215,0900,7831, ,CFS
SHA,H,76,INFLOW,20121215,1000,7791, ,CFS
SHA,H,76,INFLOW,20121215,1100,10760, ,CFS
SHA,H,76,INFLOW,20121215,1200,5247, ,CFS
SHA,H,76,INFLOW,20121215,1300,10899, ,CFS
SHA,H,76,INFLOW,20121215,1400,2553, ,CFS
SHA,H,76,INFLOW,20121215,1500,2631, ,CFS
SHA,H,76,INFLOW,20121215,1600,7719, ,CFS
SHA,H,76,INFLOW,20121215,1700,4988, ,CFS
SHA,H,76,INFLOW,20121215,1800,11183, ,CFS
SHA,H,76,INFLOW,20121215,1900,5731, ,CFS
SHA,H,76,INFLOW,20121215,2000,9801, ,CFS
SHA,H,76,INFLOW,20121215,2100,9756, ,CFS
SHA,H,76,INFLOW,20121215,2200,4833, ,CFS
SHA,H,76,INFLOW,20121215,2300,11468, ,CFS
SHA,H,76,INFLOW,20121216,0000,99, ,CFS
SHA,H,76,INFLOW,20121216,0100,5661, ,CFS
SHA,H,76,INFLOW,20121216,0200,5673, ,CFS
SHA,H,76,INFLOW,20121216,0300,380, ,CFS
SHA,H,76,INFLOW,20121216,0400,5817, ,CFS
SHA,H,76,INFLOW,20121216,0500,3247, ,CFS
SHA,H,76,INFLOW,20121216,0600,3850, ,CFS
SHA,H,76,INFLOW,20121216,0700,7094, ,CFS
SHA,H,76,INFLOW,20121216,0800,1821, ,CFS
SHA,H,76,INFLOW,20121216,0900,7413, ,CFS
SHA,H,76,INFLOW,20121216,1000,7393, ,CFS
SHA,H,76,INFLOW,20121216,1100,7507, ,CFS
SHA,H,76,INFLOW,20121216,1200,7436, ,CFS
SHA,H,76,INFLOW,20121216,1300,4706, ,CFS
SHA,H,76,INFLOW,20121216,1400,4741, ,CFS
SHA,H,76,INFLOW,20121216,1500,4735, ,CFS
SHA,H,76,INFLOW,20121216,1600,4801, ,CFS
SHA,H,76,INFLOW,20121216,1700,2546, ,CFS
SHA,H,76,INFLOW,20121216,1800,9867, ,CFS
SHA,H,76,INFLOW,20121216,1900,7252, ,CFS
SHA,H,76,INFLOW,20121216,2000,4491, ,CFS
SHA,H,76,INFLOW,20121216,2100,7032, ,CFS
SHA,H,76,INFLOW,20121216,2200,-209, ,CFS
SHA,H,76,INFLOW,20121216,2300,6529, ,CFS
SHA,H,76,INFLOW,20121217,0000,14064, ,CFS
SHA,H,76,INFLOW,20121217,0100,9000, ,CFS
SHA,H,76,INFLOW,20121217,0200,859, ,CFS
SHA,H,76,INFLOW,20121217,0300,11766, ,CFS
SHA,H,76,INFLOW,20121217,0400,9274, ,CFS
SHA,H,76,INFLOW,20121217,0500,6640, ,CFS
SHA,H,76,INFLOW,20121217,0600,3994, ,CFS
SHA,H,76,INFLOW,20121217,0700,10823, ,CFS
SHA,H,76,INFLOW,20121217,0800,10962, ,CFS
SHA,H,76,INFLOW,20121217,0900,7872, ,CFS
SHA,H,76,INFLOW,20121217,1000,16084, ,CFS
SHA,H,76,INFLOW,20121217,1100,5143, ,CFS
SHA,H,76,INFLOW,20121217,1200,10928, ,CFS
SHA,H,76,INFLOW,20121217,1300,13696, ,CFS
SHA,H,76,INFLOW,20121217,1400,-352, ,CFS
SHA,H,76,INFLOW,20121217,1500,5047, ,CFS
SHA,H,76,INFLOW,20121217,1600,5297, ,CFS
SHA,H,76,INFLOW,20121217,1700,10036, ,CFS
SHA,H,76,INFLOW,20121217,1800,5124, ,CFS
SHA,H,76,INFLOW,20121217,1900,11820, ,CFS
SHA,H,76,INFLOW,20121217,2000,11276, ,CFS
SHA,H,76,INFLOW,20121217,2100,5332, ,CFS
SHA,H,76,INFLOW,20121217,2200,13430, ,CFS
SHA,H,76,INFLOW,20121217,2300,8685, ,CFS
SHA,H,76,INFLOW,20121218,0000,5705, ,CFS
SHA,H,76,INFLOW,20121218,0100,5923, ,CFS
SHA,H,76,INFLOW,20121218,0200,5821, ,CFS
SHA,H,76,INFLOW,20121218,0300,3227, ,CFS
SHA,H,76,INFLOW,20121218,0400,6009, ,CFS
SHA,H,76,INFLOW,20121218,0500,5626, ,CFS
SHA,H,76,INFLOW,20121218,0600,2956, ,CFS
SHA,H,76,INFLOW,20121218,0700,7830, ,CFS
SHA,H,76,INFLOW,20121218,0800,7790, ,CFS
SHA,H,76,INFLOW,20121218,0900,4862, ,CFS
SHA,H,76,INFLOW,20121218,1000,10415, ,CFS
SHA,H,76,INFLOW,20121218,1100,4850, ,CFS
SHA,H,76,INFLOW,20121218,1200,10410, ,CFS
SHA,H,76,INFLOW,20121218,1300,10416, ,CFS
SHA,H,76,INFLOW,20121218,1400,7681, ,CFS
SHA,H,76,INFLOW,20121218,1500,13179, ,CFS
SHA,H,76,INFLOW,20121218,1600,7639, ,CFS
SHA,H,76,INFLOW,20121218,1700,8593, ,CFS
SHA,H,76,INFLOW,20121218,1800,9647, ,CFS
SHA,H,76,INFLOW,20121218,1900,10017, ,CFS
SHA,H,76,INFLOW,20121218,2000,11683, ,CFS
SHA,H,76,INFLOW,20121218,2100,2777, ,CFS
SHA,H,76,INFLOW,20121218,2200,10383, ,CFS
SHA,H,76,INFLOW,20121218,2300,4756, ,CFS
SHA,H,76,INFLOW,20121219,0000,10011, ,CFS
SHA,H,76,INFLOW,20121219,0100,5716, ,CFS
SHA,H,76,INFLOW,20121219,0200,2850, ,CFS
SHA,H,76,INFLOW,20121219,0300,2840, ,CFS
SHA,H,76,INFLOW,20121219,0400,5636, ,CFS
SHA,H,76,INFLOW,20121219,0500,5634, ,CFS
SHA,H,76,INFLOW,20121219,0600,2961, ,CFS
SHA,H,76,INFLOW,20121219,0700,4013, ,CFS
SHA,H,76,INFLOW,20121219,0800,8722, ,CFS
SHA,H,76,INFLOW,20121219,0900,6039, ,CFS
SHA,H,76,INFLOW,20121219,1000,16151, ,CFS
SHA,H,76,INFLOW,20121219,1100,5029, ,CFS
SHA,H,76,INFLOW,20121219,1200,8538, ,CFS
SHA,H,76,INFLOW,20121219,1300,5689, ,CFS
SHA,H,76,INFLOW,20121219,1400,8459, ,CFS
SHA,H,76,INFLOW,20121219,1500,8487, ,CFS
SHA,H,76,INFLOW,20121219,1600,11521, ,CFS
SHA,H,76,INFLOW,20121219,1700,7853, ,CFS
SHA,H,76,INFLOW,20121219,1800,9433, ,CFS
SHA,H,76,INFLOW,20121219,1900,12297, ,CFS
SHA,H,76,INFLOW,20121219,2000,7766, ,CFS
SHA,H,76,INFLOW,20121219,2100,12136, ,CFS
SHA,H,76,INFLOW,20121219,2200,7232, ,CFS
SHA,H,76,INFLOW,20121219,2300,1415, ,CFS
SHA,H,76,INFLOW,20121220,0000,5796, ,CFS
SHA,H,76,INFLOW,20121220,0100,2879, ,CFS
SHA,H,76,INFLOW,20121220,0200,73, ,CFS
SHA,H,76,INFLOW,20121220,0300,8456, ,CFS
SHA,H,76,INFLOW,20121220,0400,96, ,CFS
SHA,H,76,INFLOW,20121220,0500,5766, ,CFS
SHA,H,76,INFLOW,20121220,0600,2980, ,CFS
SHA,H,76,INFLOW,20121220,0700,1988, ,CFS
SHA,H,76,INFLOW,20121220,0800,14423, ,CFS
SHA,H,76,INFLOW,20121220,0900,10058, ,CFS
SHA,H,76,INFLOW,20121220,1000,-7474, ,CFS
SHA,H,76,INFLOW,20121220,1100,15338, ,CFS
SHA,H,76,INFLOW,20121220,1200,8535, ,CFS
SHA,H,76,INFLOW,20121220,1300,8484, ,CFS
SHA,H,76,INFLOW,20121220,1400,19657, ,CFS
SHA,H,76,INFLOW,20121220,1500,8513, ,CFS
SHA,H,76,INFLOW,20121220,1600,10152, ,CFS
SHA,H,76,INFLOW,20121220,1700,10830, ,CFS
SHA,H,76,INFLOW,20121220,1800,11010, ,CFS
SHA,H,76,INFLOW,20121220,1900,17188, ,CFS
SHA,H,76,INFLOW,20121220,2000,10046, ,CFS
SHA,H,76,INFLOW,20121220,2100,6290, ,CFS
SHA,H,76,INFLOW,20121220,2200,16325, ,CFS
SHA,H,76,INFLOW,20121220,2300,4446, ,CFS
SHA,H,76,INFLOW,20121221,0000,5975, ,CFS
SHA,H,76,INFLOW,20121221,0100,14005, ,CFS
SHA,H,76,INFLOW,20121221,0200,6635, ,CFS
SHA,H,76,INFLOW,20121221,0300,4204, ,CFS
SHA,H,76,INFLOW,20121221,0400,15405, ,CFS
SHA,H,76,INFLOW,20121221,0500,7057, ,CFS
SHA,H,76,INFLOW,20121221,0600,6255, ,CFS
SHA,H,76,INFLOW,20121221,0700,17526, ,CFS
SHA,H,76,INFLOW,20121221,0800,19487, ,CFS
SHA,H,76,INFLOW,20121221,0900,13249, ,CFS
SHA,H,76,INFLOW,20121221,1000,10405, ,CFS
SHA,H,76,INFLOW,20121221,1100,15589, ,CFS
SHA,H,76,INFLOW,20121221,1200,8960, ,CFS
SHA,H,76,INFLOW,20121221,1300,14249, ,CFS
SHA,H,76,INFLOW,20121221,1400,11454, ,CFS
SHA,H,76,INFLOW,20121221,1500,14566, ,CFS
SHA,H,76,INFLOW,20121221,1600,14974, ,CFS
SHA,H,76,INFLOW,20121221,1700,11780, ,CFS
SHA,H,76,INFLOW,20121221,1800,13737, ,CFS
SHA,H,76,INFLOW,20121221,1900,16267, ,CFS
SHA,H,76,INFLOW,20121221,2000,11229, ,CFS
SHA,H,76,INFLOW,20121221,2100,17102, ,CFS
SHA,H,76,INFLOW,20121221,2200,19614, ,CFS
SHA,H,76,INFLOW,20121221,2300,-8104, ,CFS
SHA,H,76,INFLOW,20121222,0000,8628, ,CFS
SHA,H,76,INFLOW,20121222,0100,11428, ,CFS
SHA,H,76,INFLOW,20121222,0200,3003, ,CFS
SHA,H,76,INFLOW,20121222,0300,19857, ,CFS
SHA,H,76,INFLOW,20121222,0400,11430, ,CFS
SHA,H,76,INFLOW,20121222,0500,189, ,CFS
SHA,H,76,INFLOW,20121222,0600,19861, ,CFS
SHA,H,76,INFLOW,20121222,0700,17046, ,CFS
SHA,H,76,INFLOW,20121222,0800,11581, ,CFS
SHA,H,76,INFLOW,20121222,0900,24474, ,CFS
SHA,H,76,INFLOW,20121222,1000,13597, ,CFS
SHA,H,76,INFLOW,20121222,1100,12576, ,CFS
SHA,H,76,INFLOW,20121222,1200,25662, ,CFS
SHA,H,76,INFLOW,20121222,1300,19934, ,CFS
SHA,H,76,INFLOW,20121222,1400,14287, ,CFS
SHA,H,76,INFLOW,20121222,1500,19934, ,CFS
SHA,H,76,INFLOW,20121222,1600,11741, ,CFS
SHA,H,76,INFLOW,20121222,1700,18425, ,CFS
SHA,H,76,INFLOW,20121222,1800,20882, ,CFS
SHA,H,76,INFLOW,20121222,1900,15349, ,CFS
SHA,H,76,INFLOW,20121222,2000,13412, ,CFS
SHA,H,76,INFLOW,20121222,2100,15821, ,CFS
SHA,H,76,INFLOW,20121222,2200,18182, ,CFS
SHA,H,76,INFLOW,20121222,2300,9004, ,CFS
SHA,H,76,INFLOW,20121223,0000,22758, ,CFS
SHA,H,76,INFLOW,20121223,0100,14287, ,CFS
SHA,H,76,INFLOW,20121223,0200,14287, ,CFS
SHA,H,76,INFLOW,20121223,0300,8654, ,CFS
SHA,H,76,INFLOW,20121223,0400,11521, ,CFS
SHA,H,76,INFLOW,20121223,0500,11522, ,CFS
SHA,H,76,INFLOW,20121223,0600,20042, ,CFS
SHA,H,76,INFLOW,20121223,0700,28563, ,CFS
SHA,H,76,INFLOW,20121223,0800,22898, ,CFS
SHA,H,76,INFLOW,20121223,0900,37261, ,CFS
SHA,H,76,INFLOW,20121223,1000,25853, ,CFS
SHA,H,76,INFLOW,20121223,1100,39128, ,CFS
SHA,H,76,INFLOW,20121223,1200,41914, ,CFS
SHA,H,76,INFLOW,20121223,1300,37951, ,CFS
SHA,H,76,INFLOW,20121223,1400,28712, ,CFS
SHA,H,76,INFLOW,20121223,1500,40161, ,CFS
SHA,H,76,INFLOW,20121223,1600,31738, ,CFS
SHA,H,76,INFLOW,20121223,1700,34085, ,CFS
SHA,H,76,INFLOW,20121223,1800,31258, ,CFS
SHA,H,76,INFLOW,20121223,1900,34283, ,CFS
SHA,H,76,INFLOW,20121223,2000,30780, ,CFS
SHA,H,76,INFLOW,20121223,2100,33349, ,CFS
SHA,H,76,INFLOW,20121223,2200,29647, ,CFS
SHA,H,76,INFLOW,20121223,2300,28934, ,CFS
SHA,H,76,INFLOW,20121224,0000,25962, ,CFS
SHA,H,76,INFLOW,20121224,0100,28857, ,CFS
SHA,H,76,INFLOW,20121224,0200,25990, ,CFS
SHA,H,76,INFLOW,20121224,0300,23123, ,CFS
SHA,H,76,INFLOW,20121224,0400,25990, ,CFS
SHA,H,76,INFLOW,20121224,0500,23123, ,CFS
SHA,H,76,INFLOW,20121224,0600,23236, ,CFS
SHA,H,76,INFLOW,20121224,0700,22132, ,CFS
SHA,H,76,INFLOW,20121224,0800,25500, ,CFS
SHA,H,76,INFLOW,20121224,0900,22077, ,CFS
SHA,H,76,INFLOW,20121224,1000,17373, ,CFS
SHA,H,76,INFLOW,20121224,1100,19060, ,CFS
SHA,H,76,INFLOW,20121224,1200,17482, ,CFS
SHA,H,76,INFLOW,20121224,1300,17451, ,CFS
SHA,H,76,INFLOW,20121224,1400,17482, ,CFS
SHA,H,76,INFLOW,20121224,1500,17482, ,CFS
SHA,H,76,INFLOW,20121224,1600,11859, ,CFS
SHA,H,76,INFLOW,20121224,1700,19034, ,CFS
SHA,H,76,INFLOW,20121224,1800,11837, ,CFS
SHA,H,76,INFLOW,20121224,1900,14578, ,CFS
SHA,H,76,INFLOW,20121224,2000,13946, ,CFS
SHA,H,76,INFLOW,20121224,2100,13587, ,CFS
SHA,H,76,INFLOW,20121224,2200,16455, ,CFS
SHA,H,76,INFLOW,20121224,2300,19149, ,CFS
SHA,H,76,INFLOW,20121225,0000,11807, ,CFS
SHA,H,76,INFLOW,20121225,0100,20222, ,CFS
SHA,H,76,INFLOW,20121225,0200,5806, ,CFS
SHA,H,76,INFLOW,20121225,0300,14452, ,CFS
SHA,H,76,INFLOW,20121225,0400,14452, ,CFS
SHA,H,76,INFLOW,20121225,0500,11577, ,CFS
SHA,H,76,INFLOW,20121225,0600,14546, ,CFS
SHA,H,76,INFLOW,20121225,0700,10037, ,CFS
SHA,H,76,INFLOW,20121225,0800,13583, ,CFS
SHA,H,76,INFLOW,20121225,0900,17758, ,CFS
SHA,H,76,INFLOW,20121225,1000,14017, ,CFS
SHA,H,76,INFLOW,20121225,1100,14829, ,CFS
SHA,H,76,INFLOW,20121225,1200,17667, ,CFS
SHA,H,76,INFLOW,20121225,1300,12095, ,CFS
SHA,H,76,INFLOW,20121225,1400,15057, ,CFS
SHA,H,76,INFLOW,20121225,1500,14608, ,CFS
SHA,H,76,INFLOW,20121225,1600,11788, ,CFS
SHA,H,76,INFLOW,20121225,1700,16863, ,CFS
SHA,H,76,INFLOW,20121225,1800,19583, ,CFS
SHA,H,76,INFLOW,20121225,1900,13299, ,CFS
SHA,H,76,INFLOW,20121225,2000,20982, ,CFS
SHA,H,76,INFLOW,20121225,2100,15418, ,CFS
SHA,H,76,INFLOW,20121225,2200,17256, ,CFS
SHA,H,76,INFLOW,20121225,2300,13900, ,CFS
SHA,H,76,INFLOW,20121226,0000,9043, ,CFS
SHA,H,76,INFLOW,20121226,0100,14567, ,CFS
SHA,H,76,INFLOW,20121226,0200,14566, ,CFS
SHA,H,76,INFLOW,20121226,0300,11669, ,CFS
SHA,H,76,INFLOW,20121226,0400,11669, ,CFS
SHA,H,76,INFLOW,20121226,0500,8772, ,CFS
SHA,H,76,INFLOW,20121226,0600,14693, ,CFS
SHA,H,76,INFLOW,20121226,0700,11130, ,CFS
SHA,H,76,INFLOW,20121226,0800,17204, ,CFS
SHA,H,76,INFLOW,20121226,0900,14387, ,CFS
SHA,H,76,INFLOW,20121226,1000,12346, ,CFS
SHA,H,76,INFLOW,20121226,1100,13270, ,CFS
SHA,H,76,INFLOW,20121226,1200,13793, ,CFS
SHA,H,76,INFLOW,20121226,1300,16026, ,CFS
SHA,H,76,INFLOW,20121226,1400,16003, ,CFS
SHA,H,76,INFLOW,20121226,1500,15280, ,CFS
SHA,H,76,INFLOW,20121226,1600,11929, ,CFS
SHA,H,76,INFLOW,20121226,1700,15537, ,CFS
SHA,H,76,INFLOW,20121226,1800,14186, ,CFS
SHA,H,76,INFLOW,20121226,1900,11079, ,CFS
SHA,H,76,INFLOW,20121226,2000,15806, ,CFS
SHA,H,76,INFLOW,20121226,2100,12490, ,CFS
SHA,H,76,INFLOW,20121226,2200,14903, ,CFS
SHA,H,76,INFLOW,20121226,2300,12020, ,CFS
SHA,H,76,INFLOW,20121227,0000,11701, ,CFS
SHA,H,76,INFLOW,20121227,0100,11701, ,CFS
SHA,H,76,INFLOW,20121227,0200,5877, ,CFS
SHA,H,76,INFLOW,20121227,0300,11701, ,CFS
SHA,H,76,INFLOW,20121227,0400,8789, ,CFS
SHA,H,76,INFLOW,20121227,0500,2965, ,CFS
SHA,H,76,INFLOW,20121227,0600,6035, ,CFS
SHA,H,76,INFLOW,20121227,0700,5726, ,CFS
SHA,H,76,INFLOW,20121227,0800,15079, ,CFS
SHA,H,76,INFLOW,20121227,0900,12621, ,CFS
SHA,H,76,INFLOW,20121227,1000,9664, ,CFS
SHA,H,76,INFLOW,20121227,1100,10783, ,CFS
SHA,H,76,INFLOW,20121227,1200,5975, ,CFS
SHA,H,76,INFLOW,20121227,1300,5867, ,CFS
SHA,H,76,INFLOW,20121227,1400,5870, ,CFS
SHA,H,76,INFLOW,20121227,1500,5871, ,CFS
SHA,H,76,INFLOW,20121227,1600,5879, ,CFS
SHA,H,76,INFLOW,20121227,1700,3385, ,CFS
SHA,H,76,INFLOW,20121227,1800,10704, ,CFS
SHA,H,76,INFLOW,20121227,1900,5239, ,CFS
SHA,H,76,INFLOW,20121227,2000,6500, ,CFS
SHA,H,76,INFLOW,20121227,2100,6206, ,CFS
SHA,H,76,INFLOW,20121227,2200,7537, ,CFS
SHA,H,76,INFLOW,20121227,2300,7818, ,CFS
SHA,H,76,INFLOW,20121228,0000,6300, ,CFS
SHA,H,76,INFLOW,20121228,0100,5922, ,CFS
SHA,H,76,INFLOW,20121228,0200,5864, ,CFS
SHA,H,76,INFLOW,20121228,0300,2951, ,CFS
SHA,H,76,INFLOW,20121228,0400,8778, ,CFS
SHA,H,76,INFLOW,20121228,0500,2959, ,CFS
SHA,H,76,INFLOW,20121228,0600,2955, ,CFS
SHA,H,76,INFLOW,20121228,0700,5864, ,CFS
SHA,H,76,INFLOW,20121228,0800,11895, ,CFS
SHA,H,76,INFLOW,20121228,0900,9700, ,CFS
SHA,H,76,INFLOW,20121228,1000,10332, ,CFS
SHA,H,76,INFLOW,20121228,1100,7476, ,CFS
SHA,H,76,INFLOW,20121228,1200,-1301, ,CFS
SHA,H,76,INFLOW,20121228,1300,9530, ,CFS
SHA,H,76,INFLOW,20121228,1400,3301, ,CFS
SHA,H,76,INFLOW,20121228,1500,5964, ,CFS
SHA,H,76,INFLOW,20121228,1600,6110, ,CFS
SHA,H,76,INFLOW,20121228,1700,5714, ,CFS
SHA,H,76,INFLOW,20121228,1800,12997, ,CFS
SHA,H,76,INFLOW,20121228,1900,7334, ,CFS
SHA,H,76,INFLOW,20121228,2000,16267, ,CFS
SHA,H,76,INFLOW,20121228,2100,11118, ,CFS
SHA,H,76,INFLOW,20121228,2200,10515, ,CFS
SHA,H,76,INFLOW,20121228,2300,8651, ,CFS
SHA,H,76,INFLOW,20121229,0000,7237, ,CFS
SHA,H,76,INFLOW,20121229,0100,3111, ,CFS
SHA,H,76,INFLOW,20121229,0200,5963, ,CFS
SHA,H,76,INFLOW,20121229,0300,131, ,CFS
SHA,H,76,INFLOW,20121229,0400,5963, ,CFS
SHA,H,76,INFLOW,20121229,0500,5963, ,CFS
SHA,H,76,INFLOW,20121229,0600,3049, ,CFS
SHA,H,76,INFLOW,20121229,0700,5964, ,CFS
SHA,H,76,INFLOW,20121229,0800,3157, ,CFS
SHA,H,76,INFLOW,20121229,0900,2037, ,CFS
SHA,H,76,INFLOW,20121229,1000,5430, ,CFS
SHA,H,76,INFLOW,20121229,1100,7618, ,CFS
SHA,H,76,INFLOW,20121229,1200,5973, ,CFS
SHA,H,76,INFLOW,20121229,1300,2962, ,CFS
SHA,H,76,INFLOW,20121229,1400,5876, ,CFS
SHA,H,76,INFLOW,20121229,1500,2962, ,CFS
SHA,H,76,INFLOW,20121229,1600,3219, ,CFS
SHA,H,76,INFLOW,20121229,1700,4782, ,CFS
SHA,H,76,INFLOW,20121229,1800,10854, ,CFS
SHA,H,76,INFLOW,20121229,1900,8256, ,CFS
SHA,H,76,INFLOW,20121229,2000,10284, ,CFS
SHA,H,76,INFLOW,20121229,2100,8342, ,CFS
SHA,H,76,INFLOW,20121229,2200,10733, ,CFS
SHA,H,76,INFLOW,20121229,2300,10687, ,CFS
SHA,H,76,INFLOW,20121230,0000,538, ,CFS
SHA,H,76,INFLOW,20121230,0100,5889, ,CFS
SHA,H,76,INFLOW,20121230,0200,8786, ,CFS
SHA,H,76,INFLOW,20121230,0300,2958, ,CFS
SHA,H,76,INFLOW,20121230,0400,8786, ,CFS
SHA,H,76,INFLOW,20121230,0500,2967, ,CFS
SHA,H,76,INFLOW,20121230,0600,5947, ,CFS
SHA,H,76,INFLOW,20121230,0700,5918, ,CFS
SHA,H,76,INFLOW,20121230,0800,-2596, ,CFS
SHA,H,76,INFLOW,20121230,0900,10301, ,CFS
SHA,H,76,INFLOW,20121230,1000,4624, ,CFS
SHA,H,76,INFLOW,20121230,1100,6725, ,CFS
SHA,H,76,INFLOW,20121230,1200,6087, ,CFS
SHA,H,76,INFLOW,20121230,1300,5893, ,CFS
SHA,H,76,INFLOW,20121230,1400,2977, ,CFS
SHA,H,76,INFLOW,20121230,1500,8808, ,CFS
SHA,H,76,INFLOW,20121230,1600,240, ,CFS
SHA,H,76,INFLOW,20121230,1700,7304, ,CFS
SHA,H,76,INFLOW,20121230,1800,11292, ,CFS
SHA,H,76,INFLOW,20121230,1900,8709, ,CFS
SHA,H,76,INFLOW,20121230,2000,7966, ,CFS
SHA,H,76,INFLOW,20121230,2100,9385, ,CFS
SHA,H,76,INFLOW,20121230,2200,5756, ,CFS
SHA,H,76,INFLOW,20121230,2300,10190, ,CFS
SHA,H,76,INFLOW,20121231,0000,6157, ,CFS
SHA,H,76,INFLOW,20121231,0100,11802, ,CFS
SHA,H,76,INFLOW,20121231,0200,5893, ,CFS
SHA,H,76,INFLOW,20121231,0300,11725, ,CFS
SHA,H,76,INFLOW,20121231,0400,5896, ,CFS
SHA,H,76,INFLOW,20121231,0500,3007, ,CFS
SHA,H,76,INFLOW,20121231,0600,6008, ,CFS
SHA,H,76,INFLOW,20121231,0700,145, ,CFS
SHA,H,76,INFLOW,20121231,0800,10628, ,CFS
SHA,H,76,INFLOW,20121231,0900,8256, ,CFS
SHA,H,76,INFLOW,20121231,1000,8183, ,CFS
SHA,H,76,INFLOW,20121231,1100,10435, ,CFS
SHA,H,76,INFLOW,20121231,1200,3268, ,CFS
SHA,H,76,INFLOW,20121231,1300,11820, ,CFS
SHA,H,76,INFLOW,20121231,1400,5975, ,CFS
SHA,H,76,INFLOW,20121231,1500,3001, ,CFS
SHA,H,76,INFLOW,20121231,1600,11876, ,CFS
SHA,H,76,INFLOW,20121231,1700,5211, ,CFS
SHA,H,76,INFLOW,20121231,1800,13961, ,CFS
SHA,H,76,INFLOW,20121231,1900,8299, ,CFS
SHA,H,76,INFLOW,20121231,2000,9567, ,CFS
SHA,H,76,INFLOW,20121231,2100,11875, ,CFS
SHA,H,76,INFLOW,20121231,2200,7673, ,CFS
SHA,H,76,INFLOW,20121231,2300,9065, ,CFS
SHA,H,76,INFLOW,20130101,0000,4222, ,CFS
SHA,H,76,INFLOW,20130101,0100,3168, ,CFS
SHA,H,76,INFLOW,20130101,0200,6042, ,CFS
SHA,H,76,INFLOW,20130101,0300,3038, ,CFS
SHA,H,76,INFLOW,20130101,0400,2984, ,CFS
SHA,H,76,INFLOW,20130101,0500,5914, ,CFS
SHA,H,76,INFLOW,20130101,0600,58, ,CFS
SHA,H,76,INFLOW,20130101,0700,5914, ,CFS
SHA,H,76,INFLOW,20130101,0800,8861, ,CFS
SHA,H,76,INFLOW,20130101,0900,11937, ,CFS
SHA,H,76,INFLOW,20130101,1000,13602, ,CFS
SHA,H,76,INFLOW,20130101,1100,3887, ,CFS
SHA,H,76,INFLOW,20130101,1200,-305, ,CFS
SHA,H,76,INFLOW,20130101,1300,8980, ,CFS
SHA,H,76,INFLOW,20130101,1400,47, ,CFS
SHA,H,76,INFLOW,20130101,1500,9031, ,CFS
SHA,H,76,INFLOW,20130101,1600,4747, ,CFS
SHA,H,76,INFLOW,20130101,1700,-623, ,CFS
SHA,H,76,INFLOW,20130101,1800,20997, ,CFS
SHA,H,76,INFLOW,20130101,1900,3692, ,CFS
SHA,H,76,INFLOW,20130101,2000,6169, ,CFS
SHA,H,76,INFLOW,20130101,2100,17112, ,CFS
SHA,H,76,INFLOW,20130101,2200,5121, ,CFS
SHA,H,76,INFLOW,20130101,2300,9076, ,CFS
SHA,H,76,INFLOW,20130102,0000,3192, ,CFS
SHA,H,76,INFLOW,20130102,0100,3294, ,CFS
SHA,H,76,INFLOW,20130102,0200,9108, ,CFS
SHA,H,76,INFLOW,20130102,0300,-2646, ,CFS
SHA,H,76,INFLOW,20130102,0400,3476, ,CFS
SHA,H,76,INFLOW,20130102,0500,6743, ,CFS
SHA,H,76,INFLOW,20130102,0600,-2142, ,CFS
SHA,H,76,INFLOW,20130102,0700,5339, ,CFS
SHA,H,76,INFLOW,20130102,0800,12808, ,CFS
SHA,H,76,INFLOW,20130102,0900,11943, ,CFS
SHA,H,76,INFLOW,20130102,1000,6457, ,CFS
SHA,H,76,INFLOW,20130102,1100,8665, ,CFS
SHA,H,76,INFLOW,20130102,1200,152, ,CFS
SHA,H,76,INFLOW,20130102,1300,5916, ,CFS
SHA,H,76,INFLOW,20130102,1400,2994, ,CFS
SHA,H,76,INFLOW,20130102,1500,2987, ,CFS
SHA,H,76,INFLOW,20130102,1600,11771, ,CFS
SHA,H,76,INFLOW,20130102,1700,3430, ,CFS
SHA,H,76,INFLOW,20130102,1800,13862, ,CFS
SHA,H,76,INFLOW,20130102,1900,11993, ,CFS
SHA,H,76,INFLOW,20130102,2000,9020, ,CFS
SHA,H,76,INFLOW,20130102,2100,8410, ,CFS
SHA,H,76,INFLOW,20130102,2200,12590, ,CFS
SHA,H,76,INFLOW,20130102,2300,4391, ,CFS
SHA,H,76,INFLOW,20130103,0000,9244, ,CFS
SHA,H,76,INFLOW,20130103,0100,3626, ,CFS
SHA,H,76,INFLOW,20130103,0200,9077, ,CFS
SHA,H,76,INFLOW,20130103,0300,6025, ,CFS
SHA,H,76,INFLOW,20130103,0400,3098, ,CFS
SHA,H,76,INFLOW,20130103,0500,9011, ,CFS
SHA,H,76,INFLOW,20130103,0600,3179, ,CFS
SHA,H,76,INFLOW,20130103,0700,8181, ,CFS
SHA,H,76,INFLOW,20130103,0800,11699, ,CFS
SHA,H,76,INFLOW,20130103,0900,5190, ,CFS
SHA,H,76,INFLOW,20130103,1000,57090, ,CFS
SHA,H,76,INFLOW,20130103,1100,10472, ,CFS
SHA,H,76,INFLOW,20130103,1200,3240, ,CFS
SHA,H,76,INFLOW,20130103,1300,8986, ,CFS
SHA,H,76,INFLOW,20130103,1400,9100, ,CFS
SHA,H,76,INFLOW,20130103,1500,6310, ,CFS
SHA,H,76,INFLOW,20130103,1600,12820, ,CFS
SHA,H,76,INFLOW,20130103,1700,6422, ,CFS
SHA,H,76,INFLOW,20130103,1800,12060, ,CFS
SHA,H,76,INFLOW,20130103,1900,10566, ,CFS
SHA,H,76,INFLOW,20130103,2000,10604, ,CFS
SHA,H,76,INFLOW,20130103,2100,9506, ,CFS
SHA,H,76,INFLOW,20130103,2200,12244, ,CFS
SHA,H,76,INFLOW,20130103,2300,9439, ,CFS
SHA,H,76,INFLOW,20130104,0000,317, ,CFS
SHA,H,76,INFLOW,20130104,0100,3012, ,CFS
SHA,H,76,INFLOW,20130104,0200,5938, ,CFS
SHA,H,76,INFLOW,20130104,0300,6110, ,CFS
SHA,H,76,INFLOW,20130104,0400,5989, ,CFS
SHA,H,76,INFLOW,20130104,0500,6093, ,CFS
SHA,H,76,INFLOW,20130104,0600,6127, ,CFS
SHA,H,76,INFLOW,20130104,0700,7966, ,CFS
SHA,H,76,INFLOW,20130104,0800,9872, ,CFS
SHA,H,76,INFLOW,20130104,0900,4727, ,CFS
SHA,H,76,INFLOW,20130104,1000,985, ,CFS
SHA,H,76,INFLOW,20130104,1100,8848, ,CFS
SHA,H,76,INFLOW,20130104,1200,4089, ,CFS
SHA,H,76,INFLOW,20130104,1300,6277, ,CFS
SHA,H,76,INFLOW,20130104,1400,3506, ,CFS
SHA,H,76,INFLOW,20130104,1500,6477, ,CFS
SHA,H,76,INFLOW,20130104,1600,6051, ,CFS
SHA,H,76,INFLOW,20130104,1700,7544, ,CFS
SHA,H,76,INFLOW,20130104,1800,---, ,CFS
SHA,H,76,INFLOW,20130104,1900,---, ,CFS
SHA,H,76,INFLOW,20130104,2000,6417, ,CFS
SHA,H,76,INFLOW,20130104,2100,5544, ,CFS
SHA,H,76,INFLOW,20130104,2200,5169, ,CFS
SHA,H,76,INFLOW,20130104,2300,6025, ,CFS
SHA,H,76,INFLOW,20130105,0000,5934, ,CFS
SHA,H,76,INFLOW,20130105,0100,5937, ,CFS
SHA,H,76,INFLOW,20130105,0200,2982, ,CFS
SHA,H,76,INFLOW,20130105,0300,5940, ,CFS
SHA,H,76,INFLOW,20130105,0400,5964, ,CFS
SHA,H,76,INFLOW,20130105,0500,8938, ,CFS
SHA,H,76,INFLOW,20130105,0600,3061, ,CFS
SHA,H,76,INFLOW,20130105,0700,3925, ,CFS
SHA,H,76,INFLOW,20130105,0800,4483, ,CFS
SHA,H,76,INFLOW,20130105,0900,7753, ,CFS
SHA,H,76,INFLOW,20130105,1000,6662, ,CFS
SHA,H,76,INFLOW,20130105,1100,4757, ,CFS
SHA,H,76,INFLOW,20130105,1200,6617, ,CFS
SHA,H,76,INFLOW,20130105,1300,5858, ,CFS
SHA,H,76,INFLOW,20130105,1400,4858, ,CFS
SHA,H,76,INFLOW,20130105,1500,4871, ,CFS
SHA,H,76,INFLOW,20130105,1600,7973, ,CFS
SHA,H,76,INFLOW,20130105,1700,2742, ,CFS
SHA,H,76,INFLOW,20130105,1800,8855, ,CFS
SHA,H,76,INFLOW,20130105,1900,6100, ,CFS
SHA,H,76,INFLOW,20130105,2000,8321, ,CFS
SHA,H,76,INFLOW,20130105,2100,4439, ,CFS
SHA,H,76,INFLOW,20130105,2200,2910, ,CFS
SHA,H,76,INFLOW,20130105,2300,10158, ,CFS
SHA,H,76,INFLOW,20130106,0000,6275, ,CFS
SHA,H,76,INFLOW,20130106,0100,2996, ,CFS
SHA,H,76,INFLOW,20130106,0200,8916, ,CFS
SHA,H,76,INFLOW,20130106,0300,-2928, ,CFS
SHA,H,76,INFLOW,20130106,0400,11874, ,CFS
SHA,H,76,INFLOW,20130106,0500,5953, ,CFS
SHA,H,76,INFLOW,20130106,0600,5954, ,CFS
SHA,H,76,INFLOW,20130106,0700,5959, ,CFS
SHA,H,76,INFLOW,20130106,0800,3558, ,CFS
SHA,H,76,INFLOW,20130106,0900,10803, ,CFS
SHA,H,76,INFLOW,20130106,1000,3374, ,CFS
SHA,H,76,INFLOW,20130106,1100,3166, ,CFS
SHA,H,76,INFLOW,20130106,1200,5836, ,CFS
SHA,H,76,INFLOW,20130106,1300,5395, ,CFS
SHA,H,76,INFLOW,20130106,1400,7801, ,CFS
SHA,H,76,INFLOW,20130106,1500,4454, ,CFS
SHA,H,76,INFLOW,20130106,1600,5292, ,CFS
SHA,H,76,INFLOW,20130106,1700,7680, ,CFS
SHA,H,76,INFLOW,20130106,1800,6239, ,CFS
SHA,H,76,INFLOW,20130106,1900,6333, ,CFS
SHA,H,76,INFLOW,20130106,2000,6177, ,CFS
SHA,H,76,INFLOW,20130106,2100,5964, ,CFS
SHA,H,76,INFLOW,20130106,2200,6719, ,CFS
SHA,H,76,INFLOW,20130106,2300,3435, ,CFS
SHA,H,76,INFLOW,20130107,0000,5993, ,CFS
SHA,H,76,INFLOW,20130107,0100,3011, ,CFS
SHA,H,76,INFLOW,20130107,0200,11889, ,CFS
SHA,H,76,INFLOW,20130107,0300,5968, ,CFS
SHA,H,76,INFLOW,20130107,0400,3007, ,CFS
SHA,H,76,INFLOW,20130107,0500,3007, ,CFS
SHA,H,76,INFLOW,20130107,0600,6054, ,CFS
SHA,H,76,INFLOW,20130107,0700,7844, ,CFS
SHA,H,76,INFLOW,20130107,0800,9363, ,CFS
SHA,H,76,INFLOW,20130107,0900,3904, ,CFS
SHA,H,76,INFLOW,20130107,1000,11619, ,CFS
SHA,H,76,INFLOW,20130107,1100,2380, ,CFS
SHA,H,76,INFLOW,20130107,1200,-302, ,CFS
SHA,H,76,INFLOW,20130107,1300,2659, ,CFS
SHA,H,76,INFLOW,20130107,1400,5193, ,CFS
SHA,H,76,INFLOW,20130107,1500,5100, ,CFS
SHA,H,76,INFLOW,20130107,1600,7748, ,CFS
SHA,H,76,INFLOW,20130107,1700,1985, ,CFS
SHA,H,76,INFLOW,20130107,1800,5122, ,CFS
SHA,H,76,INFLOW,20130107,1900,300, ,CFS
SHA,H,76,INFLOW,20130107,2000,2901, ,CFS
SHA,H,76,INFLOW,20130107,2100,6064, ,CFS
SHA,H,76,INFLOW,20130107,2200,237, ,CFS
SHA,H,76,INFLOW,20130107,2300,4501, ,CFS
SHA,H,76,INFLOW,20130108,0000,4268, ,CFS
SHA,H,76,INFLOW,20130108,0100,3729, ,CFS
SHA,H,76,INFLOW,20130108,0200,3665, ,CFS
SHA,H,76,INFLOW,20130108,0300,3199, ,CFS
SHA,H,76,INFLOW,20130108,0400,3137, ,CFS
SHA,H,76,INFLOW,20130108,0500,6081, ,CFS
SHA,H,76,INFLOW,20130108,0600,3470, ,CFS
SHA,H,76,INFLOW,20130108,0700,2021, ,CFS
SHA,H,76,INFLOW,20130108,0800,5714, ,CFS
SHA,H,76,INFLOW,20130108,0900,1859, ,CFS
SHA,H,76,INFLOW,20130108,1000,5025, ,CFS
SHA,H,76,INFLOW,20130108,1100,2368, ,CFS
SHA,H,76,INFLOW,20130108,1200,5268, ,CFS
SHA,H,76,INFLOW,20130108,1300,4881, ,CFS
SHA,H,76,INFLOW,20130108,1400,4964, ,CFS
SHA,H,76,INFLOW,20130108,1500,2314, ,CFS
SHA,H,76,INFLOW,20130108,1600,9832, ,CFS
SHA,H,76,INFLOW,20130108,1700,6220, ,CFS
SHA,H,76,INFLOW,20130108,1800,5966, ,CFS
SHA,H,76,INFLOW,20130108,1900,9403, ,CFS
SHA,H,76,INFLOW,20130108,2000,3504, ,CFS
SHA,H,76,INFLOW,20130108,2100,9748, ,CFS
SHA,H,76,INFLOW,20130108,2200,3602, ,CFS
SHA,H,76,INFLOW,20130108,2300,6968, ,CFS
SHA,H,76,INFLOW,20130109,0000,3241, ,CFS
SHA,H,76,INFLOW,20130109,0100,3450, ,CFS
SHA,H,76,INFLOW,20130109,0200,6258, ,CFS
SHA,H,76,INFLOW,20130109,0300,3068, ,CFS
SHA,H,76,INFLOW,20130109,0400,8956, ,CFS
SHA,H,76,INFLOW,20130109,0500,108, ,CFS
SHA,H,76,INFLOW,20130109,0600,9320, ,CFS
SHA,H,76,INFLOW,20130109,0700,13710, ,CFS
SHA,H,76,INFLOW,20130109,0800,3175, ,CFS
SHA,H,76,INFLOW,20130109,0900,6003, ,CFS
SHA,H,76,INFLOW,20130109,1000,8663, ,CFS
SHA,H,76,INFLOW,20130109,1100,8026, ,CFS
SHA,H,76,INFLOW,20130109,1200,5918, ,CFS
SHA,H,76,INFLOW,20130109,1300,7187, ,CFS
SHA,H,76,INFLOW,20130109,1400,3931, ,CFS
SHA,H,76,INFLOW,20130109,1500,7022, ,CFS
SHA,H,76,INFLOW,20130109,1600,7138, ,CFS
SHA,H,76,INFLOW,20130109,1700,2158, ,CFS
SHA,H,76,INFLOW,20130109,1800,11329, ,CFS
SHA,H,76,INFLOW,20130109,1900,-35, ,CFS
SHA,H,76,INFLOW,20130109,2000,9554, ,CFS
SHA,H,76,INFLOW,20130109,2100,8993, ,CFS
SHA,H,76,INFLOW,20130109,2200,1909, ,CFS
SHA,H,76,INFLOW,20130109,2300,10336, ,CFS
SHA,H,76,INFLOW,20130110,0000,9882, ,CFS
SHA,H,76,INFLOW,20130110,0100,3565, ,CFS
SHA,H,76,INFLOW,20130110,0200,9715, ,CFS
SHA,H,76,INFLOW,20130110,0300,3811, ,CFS
SHA,H,76,INFLOW,20130110,0400,6806, ,CFS
SHA,H,76,INFLOW,20130110,0500,10062, ,CFS
SHA,H,76,INFLOW,20130110,0600,-1264, ,CFS
SHA,H,76,INFLOW,20130110,0700,7103, ,CFS
SHA,H,76,INFLOW,20130110,0800,9835, ,CFS
SHA,H,76,INFLOW,20130110,0900,6125, ,CFS
SHA,H,76,INFLOW,20130110,1000,5759, ,CFS
SHA,H,76,INFLOW,20130110,1100,6304, ,CFS
SHA,H,76,INFLOW,20130110,1200,5725, ,CFS
SHA,H,76,INFLOW,20130110,1300,8933, ,CFS
SHA,H,76,INFLOW,20130110,1400,5797, ,CFS
SHA,H,76,INFLOW,20130110,1500,2826, ,CFS
SHA,H,76,INFLOW,20130110,1600,3161, ,CFS
SHA,H,76,INFLOW,20130110,1700,9243, ,CFS
SHA,H,76,INFLOW,20130110,1800,9852, ,CFS
SHA,H,76,INFLOW,20130110,1900,4445, ,CFS
SHA,H,76,INFLOW,20130110,2000,7198, ,CFS
SHA,H,76,INFLOW,20130110,2100,5559, ,CFS
SHA,H,76,INFLOW,20130110,2200,8154, ,CFS
SHA,H,76,INFLOW,20130110,2300,5050, ,CFS
SHA,H,76,INFLOW,20130111,0000,7668, ,CFS
SHA,H,76,INFLOW,20130111,0100,3449, ,CFS
SHA,H,76,INFLOW,20130111,0200,12276, ,CFS
SHA,H,76,INFLOW,20130111,0300,6445, ,CFS
SHA,H,76,INFLOW,20130111,0400,12533, ,CFS
SHA,H,76,INFLOW,20130111,0500,6723, ,CFS
SHA,H,76,INFLOW,20130111,0600,7162, ,CFS
SHA,H,76,INFLOW,20130111,0700,12223, ,CFS
SHA,H,76,INFLOW,20130111,0800,4403, ,CFS
SHA,H,76,INFLOW,20130111,0900,12833, ,CFS
SHA,H,76,INFLOW,20130111,1000,5265, ,CFS
SHA,H,76,INFLOW,20130111,1100,10683, ,CFS
SHA,H,76,INFLOW,20130111,1200,6249, ,CFS
SHA,H,76,INFLOW,20130111,1300,8363, ,CFS
SHA,H,76,INFLOW,20130111,1400,8474, ,CFS
SHA,H,76,INFLOW,20130111,1500,8180, ,CFS
SHA,H,76,INFLOW,20130111,1600,11148, ,CFS
SHA,H,76,INFLOW,20130111,1700,1629, ,CFS
SHA,H,76,INFLOW,20130111,1800,18125, ,CFS
SHA,H,76,INFLOW,20130111,1900,8541, ,CFS
SHA,H,76,INFLOW,20130111,2000,11289, ,CFS
SHA,H,76,INFLOW,20130111,2100,11118, ,CFS
SHA,H,76,INFLOW,20130111,2200,10845, ,CFS
SHA,H,76,INFLOW,20130111,2300,9514, ,CFS
SHA,H,76,INFLOW,20130112,0000,14452, ,CFS
SHA,H,76,INFLOW,20130112,0100,-2691, ,CFS
SHA,H,76,INFLOW,20130112,0200,3203, ,CFS
SHA,H,76,INFLOW,20130112,0300,9533, ,CFS
SHA,H,76,INFLOW,20130112,0400,3661, ,CFS
SHA,H,76,INFLOW,20130112,0500,6827, ,CFS
SHA,H,76,INFLOW,20130112,0600,6757, ,CFS
SHA,H,76,INFLOW,20130112,0700,2308, ,CFS
SHA,H,76,INFLOW,20130112,0800,9462, ,CFS
SHA,H,76,INFLOW,20130112,0900,4541, ,CFS
SHA,H,76,INFLOW,20130112,1000,14178, ,CFS
SHA,H,76,INFLOW,20130112,1100,9539, ,CFS
SHA,H,76,INFLOW,20130112,1200,8717, ,CFS
SHA,H,76,INFLOW,20130112,1300,2560, ,CFS
SHA,H,76,INFLOW,20130112,1400,-446, ,CFS
SHA,H,76,INFLOW,20130112,1500,2363, ,CFS
SHA,H,76,INFLOW,20130112,1600,3173, ,CFS
SHA,H,76,INFLOW,20130112,1700,4369, ,CFS
SHA,H,76,INFLOW,20130112,1800,2699, ,CFS
SHA,H,76,INFLOW,20130112,1900,8674, ,CFS
SHA,H,76,INFLOW,20130112,2000,10402, ,CFS
SHA,H,76,INFLOW,20130112,2100,8948, ,CFS
SHA,H,76,INFLOW,20130112,2200,14350, ,CFS
SHA,H,76,INFLOW,20130112,2300,8130, ,CFS
SHA,H,76,INFLOW,20130113,0000,15530, ,CFS
SHA,H,76,INFLOW,20130113,0100,127, ,CFS
SHA,H,76,INFLOW,20130113,0200,6012, ,CFS
SHA,H,76,INFLOW,20130113,0300,3037, ,CFS
SHA,H,76,INFLOW,20130113,0400,3255, ,CFS
SHA,H,76,INFLOW,20130113,0500,6516, ,CFS
SHA,H,76,INFLOW,20130113,0600,746, ,CFS
SHA,H,76,INFLOW,20130113,0700,4785, ,CFS
SHA,H,76,INFLOW,20130113,0800,5190, ,CFS
SHA,H,76,INFLOW,20130113,0900,5206, ,CFS
SHA,H,76,INFLOW,20130113,1000,11156, ,CFS
SHA,H,76,INFLOW,20130113,1100,8436, ,CFS
SHA,H,76,INFLOW,20130113,1200,8411, ,CFS
SHA,H,76,INFLOW,20130113,1300,14186, ,CFS
SHA,H,76,INFLOW,20130113,1400,8042, ,CFS
SHA,H,76,INFLOW,20130113,1500,8231, ,CFS
SHA,H,76,INFLOW,20130113,1600,11143, ,CFS
SHA,H,76,INFLOW,20130113,1700,5119, ,CFS
SHA,H,76,INFLOW,20130113,1800,13846, ,CFS
SHA,H,76,INFLOW,20130113,1900,9292, ,CFS
SHA,H,76,INFLOW,20130113,2000,9351, ,CFS
SHA,H,76,INFLOW,20130113,2100,14403, ,CFS
SHA,H,76,INFLOW,20130113,2200,7387, ,CFS
SHA,H,76,INFLOW,20130113,2300,12178, ,CFS
SHA,H,76,INFLOW,20130114,0000,8354, ,CFS
SHA,H,76,INFLOW,20130114,0100,402, ,CFS
SHA,H,76,INFLOW,20130114,0200,3211, ,CFS
SHA,H,76,INFLOW,20130114,0300,9160, ,CFS
SHA,H,76,INFLOW,20130114,0400,-2908, ,CFS
SHA,H,76,INFLOW,20130114,0500,3328, ,CFS
SHA,H,76,INFLOW,20130114,0600,374, ,CFS
SHA,H,76,INFLOW,20130114,0700,329, ,CFS
SHA,H,76,INFLOW,20130114,0800,6821, ,CFS
SHA,H,76,INFLOW,20130114,0900,6475, ,CFS
SHA,H,76,INFLOW,20130114,1000,6422, ,CFS
SHA,H,76,INFLOW,20130114,1100,6146, ,CFS
SHA,H,76,INFLOW,20130114,1200,5814, ,CFS
SHA,H,76,INFLOW,20130114,1300,2655, ,CFS
SHA,H,76,INFLOW,20130114,1400,8938, ,CFS
SHA,H,76,INFLOW,20130114,1500,5795, ,CFS
SHA,H,76,INFLOW,20130114,1600,5893, ,CFS
SHA,H,76,INFLOW,20130114,1700,1764, ,CFS
SHA,H,76,INFLOW,20130114,1800,7443, ,CFS
SHA,H,76,INFLOW,20130114,1900,9084, ,CFS
SHA,H,76,INFLOW,20130114,2000,4920, ,CFS
SHA,H,76,INFLOW,20130114,2100,6866, ,CFS
SHA,H,76,INFLOW,20130114,2200,7920, ,CFS
SHA,H,76,INFLOW,20130114,2300,6906, ,CFS
SHA,H,76,INFLOW,20130115,0000,8819, ,CFS
SHA,H,76,INFLOW,20130115,0100,3205, ,CFS
SHA,H,76,INFLOW,20130115,0200,6071, ,CFS
SHA,H,76,INFLOW,20130115,0300,6214, ,CFS
SHA,H,76,INFLOW,20130115,0400,9303, ,CFS
SHA,H,76,INFLOW,20130115,0500,3579, ,CFS
SHA,H,76,INFLOW,20130115,0600,6616, ,CFS
SHA,H,76,INFLOW,20130115,0700,2983, ,CFS
SHA,H,76,INFLOW,20130115,0800,2663, ,CFS
SHA,H,76,INFLOW,20130115,0900,8589, ,CFS
SHA,H,76,INFLOW,20130115,1000,5292, ,CFS
SHA,H,76,INFLOW,20130115,1100,4695, ,CFS
SHA,H,76,INFLOW,20130115,1200,4723, ,CFS
SHA,H,76,INFLOW,20130115,1300,7924, ,CFS
SHA,H,76,INFLOW,20130115,1400,5496, ,CFS
SHA,H,76,INFLOW,20130115,1500,6286, ,CFS
SHA,H,76,INFLOW,20130115,1600,1953, ,CFS
SHA,H,76,INFLOW,20130115,1700,10974, ,CFS
SHA,H,76,INFLOW,20130115,1800,5803, ,CFS
SHA,H,76,INFLOW,20130115,1900,8711, ,CFS
SHA,H,76,INFLOW,20130115,2000,7164, ,CFS
SHA,H,76,INFLOW,20130115,2100,4010, ,CFS
SHA,H,76,INFLOW,20130115,2200,936, ,CFS
SHA,H,76,INFLOW,20130115,2300,8809, ,CFS
SHA,H,76,INFLOW,20130116,0000,11612, ,CFS
SHA,H,76,INFLOW,20130116,0100,-1185, ,CFS
SHA,H,76,INFLOW,20130116,0200,13770, ,CFS
SHA,H,76,INFLOW,20130116,0300,-1156, ,CFS
SHA,H,76,INFLOW,20130116,0400,-1104, ,CFS
SHA,H,76,INFLOW,20130116,0500,5089, ,CFS
SHA,H,76,INFLOW,20130116,0600,-872, ,CFS
SHA,H,76,INFLOW,20130116,0700,5022, ,CFS
SHA,H,76,INFLOW,20130116,0800,5348, ,CFS
SHA,H,76,INFLOW,20130116,0900,10925, ,CFS
SHA,H,76,INFLOW,20130116,1000,-1279, ,CFS
SHA,H,76,INFLOW,20130116,1100,4666, ,CFS
SHA,H,76,INFLOW,20130116,1200,4697, ,CFS
SHA,H,76,INFLOW,20130116,1300,10648, ,CFS
SHA,H,76,INFLOW,20130116,1400,1704, ,CFS
SHA,H,76,INFLOW,20130116,1500,11377, ,CFS
SHA,H,76,INFLOW,20130116,1600,2313, ,CFS
SHA,H,76,INFLOW,20130116,1700,8394, ,CFS
SHA,H,76,INFLOW,20130116,1800,6804, ,CFS
SHA,H,76,INFLOW,20130116,1900,7161, ,CFS
SHA,H,76,INFLOW,20130116,2000,7202, ,CFS
SHA,H,76,INFLOW,20130116,2100,1089, ,CFS
SHA,H,76,INFLOW,20130116,2200,10101, ,CFS
SHA,H,76,INFLOW,20130116,2300,3254, ,CFS
SHA,H,76,INFLOW,20130117,0000,8873, ,CFS
SHA,H,76,INFLOW,20130117,0100,4738, ,CFS
SHA,H,76,INFLOW,20130117,0200,1709, ,CFS
SHA,H,76,INFLOW,20130117,0300,1716, ,CFS
SHA,H,76,INFLOW,20130117,0400,1739, ,CFS
SHA,H,76,INFLOW,20130117,0500,4694, ,CFS
SHA,H,76,INFLOW,20130117,0600,1839, ,CFS
SHA,H,76,INFLOW,20130117,0700,1133, ,CFS
SHA,H,76,INFLOW,20130117,0800,7194, ,CFS
SHA,H,76,INFLOW,20130117,0900,4172, ,CFS
SHA,H,76,INFLOW,20130117,1000,4170, ,CFS
SHA,H,76,INFLOW,20130117,1100,9945, ,CFS
SHA,H,76,INFLOW,20130117,1200,1159, ,CFS
SHA,H,76,INFLOW,20130117,1300,4141, ,CFS
SHA,H,76,INFLOW,20130117,1400,7045, ,CFS
SHA,H,76,INFLOW,20130117,1500,4254, ,CFS
SHA,H,76,INFLOW,20130117,1600,4320, ,CFS
SHA,H,76,INFLOW,20130117,1700,4826, ,CFS
SHA,H,76,INFLOW,20130117,1800,10537, ,CFS
SHA,H,76,INFLOW,20130117,1900,-884, ,CFS
SHA,H,76,INFLOW,20130117,2000,10926, ,CFS
SHA,H,76,INFLOW,20130117,2100,4700, ,CFS
SHA,H,76,INFLOW,20130117,2200,6717, ,CFS
SHA,H,76,INFLOW,20130117,2300,4314, ,CFS
SHA,H,76,INFLOW,20130118,0000,2107, ,CFS
SHA,H,76,INFLOW,20130118,0100,7632, ,CFS
SHA,H,76,INFLOW,20130118,0200,4698, ,CFS
SHA,H,76,INFLOW,20130118,0300,1806, ,CFS
SHA,H,76,INFLOW,20130118,0400,4821, ,CFS
SHA,H,76,INFLOW,20130118,0500,4954, ,CFS
SHA,H,76,INFLOW,20130118,0600,2223, ,CFS
SHA,H,76,INFLOW,20130118,0700,1576, ,CFS
SHA,H,76,INFLOW,20130118,0800,1415, ,CFS
SHA,H,76,INFLOW,20130118,0900,4259, ,CFS
SHA,H,76,INFLOW,20130118,1000,7447, ,CFS
SHA,H,76,INFLOW,20130118,1100,1455, ,CFS
SHA,H,76,INFLOW,20130118,1200,4369, ,CFS
SHA,H,76,INFLOW,20130118,1300,4552, ,CFS
SHA,H,76,INFLOW,20130118,1400,4545, ,CFS
SHA,H,76,INFLOW,20130118,1500,7188, ,CFS
SHA,H,76,INFLOW,20130118,1600,4116, ,CFS
SHA,H,76,INFLOW,20130118,1700,4564, ,CFS
SHA,H,76,INFLOW,20130118,1800,10110, ,CFS
SHA,H,76,INFLOW,20130118,1900,4664, ,CFS
SHA,H,76,INFLOW,20130118,2000,4807, ,CFS
SHA,H,76,INFLOW,20130118,2100,9387, ,CFS
SHA,H,76,INFLOW,20130118,2200,1895, ,CFS
SHA,H,76,INFLOW,20130118,2300,5106, ,CFS
SHA,H,76,INFLOW,20130119,0000,4686, ,CFS
SHA,H,76,INFLOW,20130119,0100,1120, ,CFS
SHA,H,76,INFLOW,20130119,0200,7104, ,CFS
SHA,H,76,INFLOW,20130119,0300,1100, ,CFS
SHA,H,76,INFLOW,20130119,0400,4014, ,CFS
SHA,H,76,INFLOW,20130119,0500,1314, ,CFS
SHA,H,76,INFLOW,20130119,0600,4386, ,CFS
SHA,H,76,INFLOW,20130119,0700,7353, ,CFS
SHA,H,76,INFLOW,20130119,0800,317, ,CFS
SHA,H,76,INFLOW,20130119,0900,8157, ,CFS
SHA,H,76,INFLOW,20130119,1000,-571, ,CFS
SHA,H,76,INFLOW,20130119,1100,4580, ,CFS
SHA,H,76,INFLOW,20130119,1200,3056, ,CFS
SHA,H,76,INFLOW,20130119,1300,5392, ,CFS
SHA,H,76,INFLOW,20130119,1400,5220, ,CFS
SHA,H,76,INFLOW,20130119,1500,5347, ,CFS
SHA,H,76,INFLOW,20130119,1600,5410, ,CFS
SHA,H,76,INFLOW,20130119,1700,6792, ,CFS
SHA,H,76,INFLOW,20130119,1800,6351, ,CFS
SHA,H,76,INFLOW,20130119,1900,7161, ,CFS
SHA,H,76,INFLOW,20130119,2000,7019, ,CFS
SHA,H,76,INFLOW,20130119,2100,3882, ,CFS
SHA,H,76,INFLOW,20130119,2200,6152, ,CFS
SHA,H,76,INFLOW,20130119,2300,5021, ,CFS
SHA,H,76,INFLOW,20130120,0000,1645, ,CFS
SHA,H,76,INFLOW,20130120,0100,4255, ,CFS
SHA,H,76,INFLOW,20130120,0200,4318, ,CFS
SHA,H,76,INFLOW,20130120,0300,1542, ,CFS
SHA,H,76,INFLOW,20130120,0400,4356, ,CFS
SHA,H,76,INFLOW,20130120,0500,4431, ,CFS
SHA,H,76,INFLOW,20130120,0600,1705, ,CFS
SHA,H,76,INFLOW,20130120,0700,885, ,CFS
SHA,H,76,INFLOW,20130120,0800,6261, ,CFS
SHA,H,76,INFLOW,20130120,0900,2365, ,CFS
SHA,H,76,INFLOW,20130120,1000,4179, ,CFS
SHA,H,76,INFLOW,20130120,1100,5637, ,CFS
SHA,H,76,INFLOW,20130120,1200,2447, ,CFS
SHA,H,76,INFLOW,20130120,1300,5182, ,CFS
SHA,H,76,INFLOW,20130120,1400,4852, ,CFS
SHA,H,76,INFLOW,20130120,1500,4784, ,CFS
SHA,H,76,INFLOW,20130120,1600,5425, ,CFS
SHA,H,76,INFLOW,20130120,1700,3331, ,CFS
SHA,H,76,INFLOW,20130120,1800,11721, ,CFS
SHA,H,76,INFLOW,20130120,1900,3496, ,CFS
SHA,H,76,INFLOW,20130120,2000,7526, ,CFS
SHA,H,76,INFLOW,20130120,2100,1077, ,CFS
SHA,H,76,INFLOW,20130120,2200,10265, ,CFS
SHA,H,76,INFLOW,20130120,2300,1502, ,CFS
SHA,H,76,INFLOW,20130121,0000,3171, ,CFS
SHA,H,76,INFLOW,20130121,0100,123, ,CFS
SHA,H,76,INFLOW,20130121,0200,3086, ,CFS
SHA,H,76,INFLOW,20130121,0300,3082, ,CFS
SHA,H,76,INFLOW,20130121,0400,3295, ,CFS
SHA,H,76,INFLOW,20130121,0500,3736, ,CFS
SHA,H,76,INFLOW,20130121,0600,819, ,CFS
SHA,H,76,INFLOW,20130121,0700,8699, ,CFS
SHA,H,76,INFLOW,20130121,0800,6396, ,CFS
SHA,H,76,INFLOW,20130121,0900,1395, ,CFS
SHA,H,76,INFLOW,20130121,1000,6172, ,CFS
SHA,H,76,INFLOW,20130121,1100,1071, ,CFS
SHA,H,76,INFLOW,20130121,1200,5754, ,CFS
SHA,H,76,INFLOW,20130121,1300,3199, ,CFS
SHA,H,76,INFLOW,20130121,1400,6057, ,CFS
SHA,H,76,INFLOW,20130121,1500,3095, ,CFS
SHA,H,76,INFLOW,20130121,1600,6091, ,CFS
SHA,H,76,INFLOW,20130121,1700,3637, ,CFS
SHA,H,76,INFLOW,20130121,1800,6254, ,CFS
SHA,H,76,INFLOW,20130121,1900,5213, ,CFS
SHA,H,76,INFLOW,20130121,2000,11273, ,CFS
SHA,H,76,INFLOW,20130121,2100,4266, ,CFS
SHA,H,76,INFLOW,20130121,2200,5092, ,CFS
SHA,H,76,INFLOW,20130121,2300,4872, ,CFS
SHA,H,76,INFLOW,20130122,0000,4348, ,CFS
SHA,H,76,INFLOW,20130122,0100,303, ,CFS
SHA,H,76,INFLOW,20130122,0200,3633, ,CFS
SHA,H,76,INFLOW,20130122,0300,3485, ,CFS
SHA,H,76,INFLOW,20130122,0400,130, ,CFS
SHA,H,76,INFLOW,20130122,0500,3325, ,CFS
SHA,H,76,INFLOW,20130122,0600,3767, ,CFS
SHA,H,76,INFLOW,20130122,0700,3014, ,CFS
SHA,H,76,INFLOW,20130122,0800,8082, ,CFS
SHA,H,76,INFLOW,20130122,0900,3040, ,CFS
SHA,H,76,INFLOW,20130122,1000,3902, ,CFS
SHA,H,76,INFLOW,20130122,1100,4195, ,CFS
SHA,H,76,INFLOW,20130122,1200,4373, ,CFS
SHA,H,76,INFLOW,20130122,1300,4048, ,CFS
SHA,H,76,INFLOW,20130122,1400,6721, ,CFS
SHA,H,76,INFLOW,20130122,1500,3613, ,CFS
SHA,H,76,INFLOW,20130122,1600,6308, ,CFS
SHA,H,76,INFLOW,20130122,1700,863, ,CFS
SHA,H,76,INFLOW,20130122,1800,12196, ,CFS
SHA,H,76,INFLOW,20130122,1900,9300, ,CFS
SHA,H,76,INFLOW,20130122,2000,12488, ,CFS
SHA,H,76,INFLOW,20130122,2100,14492, ,CFS
SHA,H,76,INFLOW,20130122,2200,7817, ,CFS
SHA,H,76,INFLOW,20130122,2300,12239, ,CFS
SHA,H,76,INFLOW,20130123,0000,5633, ,CFS
SHA,H,76,INFLOW,20130123,0100,9373, ,CFS
SHA,H,76,INFLOW,20130123,0200,3146, ,CFS
SHA,H,76,INFLOW,20130123,0300,3281, ,CFS
SHA,H,76,INFLOW,20130123,0400,3117, ,CFS
SHA,H,76,INFLOW,20130123,0500,127, ,CFS
SHA,H,76,INFLOW,20130123,0600,6411, ,CFS
SHA,H,76,INFLOW,20130123,0700,-3121, ,CFS
SHA,H,76,INFLOW,20130123,0800,11741, ,CFS
SHA,H,76,INFLOW,20130123,0900,-1129, ,CFS
SHA,H,76,INFLOW,20130123,1000,-1267, ,CFS
SHA,H,76,INFLOW,20130123,1100,15221, ,CFS
SHA,H,76,INFLOW,20130123,1200,-3299, ,CFS
SHA,H,76,INFLOW,20130123,1300,-365, ,CFS
SHA,H,76,INFLOW,20130123,1400,8562, ,CFS
SHA,H,76,INFLOW,20130123,1500,5686, ,CFS
SHA,H,76,INFLOW,20130123,1600,11801, ,CFS
SHA,H,76,INFLOW,20130123,1700,1326, ,CFS
SHA,H,76,INFLOW,20130123,1800,6468, ,CFS
SHA,H,76,INFLOW,20130123,1900,24555, ,CFS
SHA,H,76,INFLOW,20130123,2000,-2885, ,CFS
SHA,H,76,INFLOW,20130123,2100,17315, ,CFS
SHA,H,76,INFLOW,20130123,2200,14268, ,CFS
SHA,H,76,INFLOW,20130123,2300,5790, ,CFS
SHA,H,76,INFLOW,20130124,0000,16263, ,CFS
SHA,H,76,INFLOW,20130124,0100,975, ,CFS
SHA,H,76,INFLOW,20130124,0200,3964, ,CFS
SHA,H,76,INFLOW,20130124,0300,6941, ,CFS
SHA,H,76,INFLOW,20130124,0400,3975, ,CFS
SHA,H,76,INFLOW,20130124,0500,956, ,CFS
SHA,H,76,INFLOW,20130124,0600,4042, ,CFS
SHA,H,76,INFLOW,20130124,0700,-101, ,CFS
SHA,H,76,INFLOW,20130124,0800,19557, ,CFS
SHA,H,76,INFLOW,20130124,0900,7632, ,CFS
SHA,H,76,INFLOW,20130124,1000,10332, ,CFS
SHA,H,76,INFLOW,20130124,1100,10747, ,CFS
SHA,H,76,INFLOW,20130124,1200,4661, ,CFS
SHA,H,76,INFLOW,20130124,1300,7603, ,CFS
SHA,H,76,INFLOW,20130124,1400,1740, ,CFS
SHA,H,76,INFLOW,20130124,1500,4651, ,CFS
SHA,H,76,INFLOW,20130124,1600,1819, ,CFS
SHA,H,76,INFLOW,20130124,1700,-965, ,CFS
SHA,H,76,INFLOW,20130124,1800,9108, ,CFS
SHA,H,76,INFLOW,20130124,1900,13451, ,CFS
SHA,H,76,INFLOW,20130124,2000,4366, ,CFS
SHA,H,76,INFLOW,20130124,2100,14988, ,CFS
SHA,H,76,INFLOW,20130124,2200,8709, ,CFS
SHA,H,76,INFLOW,20130124,2300,11981, ,CFS
SHA,H,76,INFLOW,20130125,0000,13110, ,CFS
SHA,H,76,INFLOW,20130125,0100,679, ,CFS
SHA,H,76,INFLOW,20130125,0200,3727, ,CFS
SHA,H,76,INFLOW,20130125,0300,6685, ,CFS
SHA,H,76,INFLOW,20130125,0400,696, ,CFS
SHA,H,76,INFLOW,20130125,0500,3804, ,CFS
SHA,H,76,INFLOW,20130125,0600,6880, ,CFS
SHA,H,76,INFLOW,20130125,0700,197, ,CFS
SHA,H,76,INFLOW,20130125,0800,6750, ,CFS
SHA,H,76,INFLOW,20130125,0900,12411, ,CFS
SHA,H,76,INFLOW,20130125,1000,6445, ,CFS
SHA,H,76,INFLOW,20130125,1100,12515, ,CFS
SHA,H,76,INFLOW,20130125,1200,12292, ,CFS
SHA,H,76,INFLOW,20130125,1300,-2507, ,CFS
SHA,H,76,INFLOW,20130125,1400,6895, ,CFS
SHA,H,76,INFLOW,20130125,1500,6822, ,CFS
SHA,H,76,INFLOW,20130125,1600,-2777, ,CFS
SHA,H,76,INFLOW,20130125,1700,6096, ,CFS
SHA,H,76,INFLOW,20130125,1800,7717, ,CFS
SHA,H,76,INFLOW,20130125,1900,8904, ,CFS
SHA,H,76,INFLOW,20130125,2000,11672, ,CFS
SHA,H,76,INFLOW,20130125,2100,8401, ,CFS
SHA,H,76,INFLOW,20130125,2200,13410, ,CFS
SHA,H,76,INFLOW,20130125,2300,2595, ,CFS
SHA,H,76,INFLOW,20130126,0000,2179, ,CFS
SHA,H,76,INFLOW,20130126,0100,7054, ,CFS
SHA,H,76,INFLOW,20130126,0200,940, ,CFS
SHA,H,76,INFLOW,20130126,0300,3938, ,CFS
SHA,H,76,INFLOW,20130126,0400,3817, ,CFS
SHA,H,76,INFLOW,20130126,0500,6959, ,CFS
SHA,H,76,INFLOW,20130126,0600,6927, ,CFS
SHA,H,76,INFLOW,20130126,0700,9114, ,CFS
SHA,H,76,INFLOW,20130126,0800,9550, ,CFS
SHA,H,76,INFLOW,20130126,0900,12863, ,CFS
SHA,H,76,INFLOW,20130126,1000,13192, ,CFS
SHA,H,76,INFLOW,20130126,1100,7022, ,CFS
SHA,H,76,INFLOW,20130126,1200,12577, ,CFS
SHA,H,76,INFLOW,20130126,1300,492, ,CFS
SHA,H,76,INFLOW,20130126,1400,3910, ,CFS
SHA,H,76,INFLOW,20130126,1500,7434, ,CFS
SHA,H,76,INFLOW,20130126,1600,-1253, ,CFS
SHA,H,76,INFLOW,20130126,1700,7446, ,CFS
SHA,H,76,INFLOW,20130126,1800,10004, ,CFS
SHA,H,76,INFLOW,20130126,1900,10094, ,CFS
SHA,H,76,INFLOW,20130126,2000,10105, ,CFS
SHA,H,76,INFLOW,20130126,2100,13023, ,CFS
SHA,H,76,INFLOW,20130126,2200,7718, ,CFS
SHA,H,76,INFLOW,20130126,2300,9039, ,CFS
SHA,H,76,INFLOW,20130127,0000,5908, ,CFS
SHA,H,76,INFLOW,20130127,0100,13385, ,CFS
SHA,H,76,INFLOW,20130127,0200,4242, ,CFS
SHA,H,76,INFLOW,20130127,0300,7473, ,CFS
SHA,H,76,INFLOW,20130127,0400,10344, ,CFS
SHA,H,76,INFLOW,20130127,0500,4409, ,CFS
SHA,H,76,INFLOW,20130127,0600,7560, ,CFS
SHA,H,76,INFLOW,20130127,0700,9825, ,CFS
SHA,H,76,INFLOW,20130127,0800,6877, ,CFS
SHA,H,76,INFLOW,20130127,0900,12253, ,CFS
SHA,H,76,INFLOW,20130127,1000,3088, ,CFS
SHA,H,76,INFLOW,20130127,1100,9262, ,CFS
SHA,H,76,INFLOW,20130127,1200,9322, ,CFS
SHA,H,76,INFLOW,20130127,1300,238, ,CFS
SHA,H,76,INFLOW,20130127,1400,6453, ,CFS
SHA,H,76,INFLOW,20130127,1500,3745, ,CFS
SHA,H,76,INFLOW,20130127,1600,1696, ,CFS
SHA,H,76,INFLOW,20130127,1700,7595, ,CFS
SHA,H,76,INFLOW,20130127,1800,7696, ,CFS
SHA,H,76,INFLOW,20130127,1900,10869, ,CFS
SHA,H,76,INFLOW,20130127,2000,13876, ,CFS
SHA,H,76,INFLOW,20130127,2100,7282, ,CFS
SHA,H,76,INFLOW,20130127,2200,12559, ,CFS
SHA,H,76,INFLOW,20130127,2300,9337, ,CFS
SHA,H,76,INFLOW,20130128,0000,3077, ,CFS
SHA,H,76,INFLOW,20130128,0100,10354, ,CFS
SHA,H,76,INFLOW,20130128,0200,7609, ,CFS
SHA,H,76,INFLOW,20130128,0300,4508, ,CFS
SHA,H,76,INFLOW,20130128,0400,10770, ,CFS
SHA,H,76,INFLOW,20130128,0500,7803, ,CFS
SHA,H,76,INFLOW,20130128,0600,7987, ,CFS
SHA,H,76,INFLOW,20130128,0700,7018, ,CFS
SHA,H,76,INFLOW,20130128,0800,7915, ,CFS
SHA,H,76,INFLOW,20130128,0900,3281, ,CFS
SHA,H,76,INFLOW,20130128,1000,6114, ,CFS
SHA,H,76,INFLOW,20130128,1100,7621, ,CFS
SHA,H,76,INFLOW,20130128,1200,6683, ,CFS
SHA,H,76,INFLOW,20130128,1300,3232, ,CFS
SHA,H,76,INFLOW,20130128,1400,3127, ,CFS
SHA,H,76,INFLOW,20130128,1500,3279, ,CFS
SHA,H,76,INFLOW,20130128,1600,4026, ,CFS
SHA,H,76,INFLOW,20130128,1700,3240, ,CFS
SHA,H,76,INFLOW,20130128,1800,5902, ,CFS
SHA,H,76,INFLOW,20130128,1900,12322, ,CFS
SHA,H,76,INFLOW,20130128,2000,9281, ,CFS
SHA,H,76,INFLOW,20130128,2100,5592, ,CFS
SHA,H,76,INFLOW,20130128,2200,17219, ,CFS
SHA,H,76,INFLOW,20130128,2300,3664, ,CFS
SHA,H,76,INFLOW,20130129,0000,5599, ,CFS
SHA,H,76,INFLOW,20130129,0100,6440, ,CFS
SHA,H,76,INFLOW,20130129,0200,6326, ,CFS
SHA,H,76,INFLOW,20130129,0300,12309, ,CFS
SHA,H,76,INFLOW,20130129,0400,3242, ,CFS
SHA,H,76,INFLOW,20130129,0500,-8470, ,CFS
SHA,H,76,INFLOW,20130129,0600,7110, ,CFS
SHA,H,76,INFLOW,20130129,0700,6732, ,CFS
SHA,H,76,INFLOW,20130129,0800,7264, ,CFS
SHA,H,76,INFLOW,20130129,0900,16443, ,CFS
SHA,H,76,INFLOW,20130129,1000,8066, ,CFS
SHA,H,76,INFLOW,20130129,1100,1459, ,CFS
SHA,H,76,INFLOW,20130129,1200,6864, ,CFS
SHA,H,76,INFLOW,20130129,1300,6530, ,CFS
SHA,H,76,INFLOW,20130129,1400,436, ,CFS
SHA,H,76,INFLOW,20130129,1500,3464, ,CFS
SHA,H,76,INFLOW,20130129,1600,6578, ,CFS
SHA,H,76,INFLOW,20130129,1700,866, ,CFS
SHA,H,76,INFLOW,20130129,1800,11687, ,CFS
SHA,H,76,INFLOW,20130129,1900,9291, ,CFS
SHA,H,76,INFLOW,20130129,2000,9197, ,CFS
SHA,H,76,INFLOW,20130129,2100,14101, ,CFS
SHA,H,76,INFLOW,20130129,2200,8371, ,CFS
SHA,H,76,INFLOW,20130129,2300,2412, ,CFS
SHA,H,76,INFLOW,20130130,0000,7696, ,CFS
SHA,H,76,INFLOW,20130130,0100,6848, ,CFS
SHA,H,76,INFLOW,20130130,0200,3830, ,CFS
SHA,H,76,INFLOW,20130130,0300,3153, ,CFS
SHA,H,76,INFLOW,20130130,0400,6303, ,CFS
SHA,H,76,INFLOW,20130130,0500,102, ,CFS
SHA,H,76,INFLOW,20130130,0600,3369, ,CFS
SHA,H,76,INFLOW,20130130,0700,11056, ,CFS
SHA,H,76,INFLOW,20130130,0800,7723, ,CFS
SHA,H,76,INFLOW,20130130,0900,14654, ,CFS
SHA,H,76,INFLOW,20130130,1000,1931, ,CFS
SHA,H,76,INFLOW,20130130,1100,11201, ,CFS
SHA,H,76,INFLOW,20130130,1200,8062, ,CFS
SHA,H,76,INFLOW,20130130,1300,2048, ,CFS
SHA,H,76,INFLOW,20130130,1400,1931, ,CFS
SHA,H,76,INFLOW,20130130,1500,7837, ,CFS
SHA,H,76,INFLOW,20130130,1600,28, ,CFS
SHA,H,76,INFLOW,20130130,1700,515, ,CFS
SHA,H,76,INFLOW,20130130,1800,10019, ,CFS
SHA,H,76,INFLOW,20130130,1900,8038, ,CFS
SHA,H,76,INFLOW,20130130,2000,10407, ,CFS
SHA,H,76,INFLOW,20130130,2100,9983, ,CFS
SHA,H,76,INFLOW,20130130,2200,11530, ,CFS
SHA,H,76,INFLOW,20130130,2300,5724, ,CFS
SHA,H,76,INFLOW,20130131,0000,5045, ,CFS
SHA,H,76,INFLOW,20130131,0100,6474, ,CFS
SHA,H,76,INFLOW,20130131,0200,6150, ,CFS
SHA,H,76,INFLOW,20130131,0300,6147, ,CFS
SHA,H,76,INFLOW,20130131,0400,6147, ,CFS
SHA,H,76,INFLOW,20130131,0500,6150, ,CFS
SHA,H,76,INFLOW,20130131,0600,3402, ,CFS
SHA,H,76,INFLOW,20130131,0700,2034, ,CFS
SHA,H,76,INFLOW,20130131,0800,14215, ,CFS
SHA,H,76,INFLOW,20130131,0900,7925, ,CFS
SHA,H,76,INFLOW,20130131,1000,7454, ,CFS
SHA,H,76,INFLOW,20130131,1100,12125, ,CFS
SHA,H,76,INFLOW,20130131,1200,5749, ,CFS
SHA,H,76,INFLOW,20130131,1300,8793, ,CFS
SHA,H,76,INFLOW,20130131,1400,6599, ,CFS
SHA,H,76,INFLOW,20130131,1500,601, ,CFS
SHA,H,76,INFLOW,20130131,1600,7010, ,CFS
SHA,H,76,INFLOW,20130131,1700,895, ,CFS
SHA,H,76,INFLOW,20130131,1800,3276, ,CFS
SHA,H,76,INFLOW,20130131,1900,16672, ,CFS
SHA,H,76,INFLOW,20130131,2000,7543, ,CFS
SHA,H,76,INFLOW,20130131,2100,12796, ,CFS
SHA,H,76,INFLOW,20130131,2200,9863, ,CFS
SHA,H,76,INFLOW,20130131,2300,5814, ,CFS
SHA,H,76,INFLOW,20130201,0000,5149, ,CFS
SHA,H,76,INFLOW,20130201,0100,9305, ,CFS
SHA,H,76,INFLOW,20130201,0200,3156, ,CFS
SHA,H,76,INFLOW,20130201,0300,3160, ,CFS
SHA,H,76,INFLOW,20130201,0400,6180, ,CFS
SHA,H,76,INFLOW,20130201,0500,3221, ,CFS
SHA,H,76,INFLOW,20130201,0600,3307, ,CFS
SHA,H,76,INFLOW,20130201,0700,8902, ,CFS
SHA,H,76,INFLOW,20130201,0800,6988, ,CFS
SHA,H,76,INFLOW,20130201,0900,5958, ,CFS
SHA,H,76,INFLOW,20130201,1000,11168, ,CFS
SHA,H,76,INFLOW,20130201,1100,4305, ,CFS
SHA,H,76,INFLOW,20130201,1200,4169, ,CFS
SHA,H,76,INFLOW,20130201,1300,13534, ,CFS
SHA,H,76,INFLOW,20130201,1400,4631, ,CFS
SHA,H,76,INFLOW,20130201,1500,10477, ,CFS
SHA,H,76,INFLOW,20130201,1600,7653, ,CFS
SHA,H,76,INFLOW,20130201,1700,4884, ,CFS
SHA,H,76,INFLOW,20130201,1800,10738, ,CFS
SHA,H,76,INFLOW,20130201,1900,10514, ,CFS
SHA,H,76,INFLOW,20130201,2000,6135, ,CFS
SHA,H,76,INFLOW,20130201,2100,8938, ,CFS
SHA,H,76,INFLOW,20130201,2200,5769, ,CFS
SHA,H,76,INFLOW,20130201,2300,3537, ,CFS
SHA,H,76,INFLOW,20130202,0000,5800, ,CFS
SHA,H,76,INFLOW,20130202,0100,6318, ,CFS
SHA,H,76,INFLOW,20130202,0200,9192, ,CFS
SHA,H,76,INFLOW,20130202,0300,6171, ,CFS
SHA,H,76,INFLOW,20130202,0400,6171, ,CFS
SHA,H,76,INFLOW,20130202,0500,9191, ,CFS
SHA,H,76,INFLOW,20130202,0600,6289, ,CFS
SHA,H,76,INFLOW,20130202,0700,5337, ,CFS
SHA,H,76,INFLOW,20130202,0800,5537, ,CFS
SHA,H,76,INFLOW,20130202,0900,5540, ,CFS
SHA,H,76,INFLOW,20130202,1000,5576, ,CFS
SHA,H,76,INFLOW,20130202,1100,3151, ,CFS
SHA,H,76,INFLOW,20130202,1200,6223, ,CFS
SHA,H,76,INFLOW,20130202,1300,137, ,CFS
SHA,H,76,INFLOW,20130202,1400,6134, ,CFS
SHA,H,76,INFLOW,20130202,1500,74, ,CFS
SHA,H,76,INFLOW,20130202,1600,3102, ,CFS
SHA,H,76,INFLOW,20130202,1700,3099, ,CFS
SHA,H,76,INFLOW,20130202,1800,6130, ,CFS
SHA,H,76,INFLOW,20130202,1900,9445, ,CFS
SHA,H,76,INFLOW,20130202,2000,9646, ,CFS
SHA,H,76,INFLOW,20130202,2100,9660, ,CFS
SHA,H,76,INFLOW,20130202,2200,6563, ,CFS
SHA,H,76,INFLOW,20130202,2300,5878, ,CFS
SHA,H,76,INFLOW,20130203,0000,8833, ,CFS
SHA,H,76,INFLOW,20130203,0100,3288, ,CFS
SHA,H,76,INFLOW,20130203,0200,6175, ,CFS
SHA,H,76,INFLOW,20130203,0300,6180, ,CFS
SHA,H,76,INFLOW,20130203,0400,3143, ,CFS
SHA,H,76,INFLOW,20130203,0500,6200, ,CFS
SHA,H,76,INFLOW,20130203,0600,6831, ,CFS
SHA,H,76,INFLOW,20130203,0700,6389, ,CFS
SHA,H,76,INFLOW,20130203,0800,6923, ,CFS
SHA,H,76,INFLOW,20130203,0900,9937, ,CFS
SHA,H,76,INFLOW,20130203,1000,3847, ,CFS
SHA,H,76,INFLOW,20130203,1100,10190, ,CFS
SHA,H,76,INFLOW,20130203,1200,4527, ,CFS
SHA,H,76,INFLOW,20130203,1300,7534, ,CFS
SHA,H,76,INFLOW,20130203,1400,7189, ,CFS
SHA,H,76,INFLOW,20130203,1500,3873, ,CFS
SHA,H,76,INFLOW,20130203,1600,9824, ,CFS
SHA,H,76,INFLOW,20130203,1700,3735, ,CFS
SHA,H,76,INFLOW,20130203,1800,10008, ,CFS
SHA,H,76,INFLOW,20130203,1900,13311, ,CFS
SHA,H,76,INFLOW,20130203,2000,6730, ,CFS
SHA,H,76,INFLOW,20130203,2100,13268, ,CFS
SHA,H,76,INFLOW,20130203,2200,6937, ,CFS
SHA,H,76,INFLOW,20130203,2300,9815, ,CFS
SHA,H,76,INFLOW,20130204,0000,6448, ,CFS
SHA,H,76,INFLOW,20130204,0100,6334, ,CFS
SHA,H,76,INFLOW,20130204,0200,6249, ,CFS
SHA,H,76,INFLOW,20130204,0300,6194, ,CFS
SHA,H,76,INFLOW,20130204,0400,3138, ,CFS
SHA,H,76,INFLOW,20130204,0500,6186, ,CFS
SHA,H,76,INFLOW,20130204,0600,3752, ,CFS
SHA,H,76,INFLOW,20130204,0700,4123, ,CFS
SHA,H,76,INFLOW,20130204,0800,7582, ,CFS
SHA,H,76,INFLOW,20130204,0900,10133, ,CFS
SHA,H,76,INFLOW,20130204,1000,4525, ,CFS
SHA,H,76,INFLOW,20130204,1100,7564, ,CFS
SHA,H,76,INFLOW,20130204,1200,4607, ,CFS
SHA,H,76,INFLOW,20130204,1300,4031, ,CFS
SHA,H,76,INFLOW,20130204,1400,7053, ,CFS
SHA,H,76,INFLOW,20130204,1500,7095, ,CFS
SHA,H,76,INFLOW,20130204,1600,4095, ,CFS
SHA,H,76,INFLOW,20130204,1700,5477, ,CFS
SHA,H,76,INFLOW,20130204,1800,6498, ,CFS
SHA,H,76,INFLOW,20130204,1900,10855, ,CFS
SHA,H,76,INFLOW,20130204,2000,10486, ,CFS
SHA,H,76,INFLOW,20130204,2100,7353, ,CFS
SHA,H,76,INFLOW,20130204,2200,9257, ,CFS
SHA,H,76,INFLOW,20130204,2300,6893, ,CFS
SHA,H,76,INFLOW,20130205,0000,5822, ,CFS
SHA,H,76,INFLOW,20130205,0100,3353, ,CFS
SHA,H,76,INFLOW,20130205,0200,3443, ,CFS
SHA,H,76,INFLOW,20130205,0300,3178, ,CFS
SHA,H,76,INFLOW,20130205,0400,3174, ,CFS
SHA,H,76,INFLOW,20130205,0500,153, ,CFS
SHA,H,76,INFLOW,20130205,0600,6894, ,CFS
SHA,H,76,INFLOW,20130205,0700,4357, ,CFS
SHA,H,76,INFLOW,20130205,0800,6006, ,CFS
SHA,H,76,INFLOW,20130205,0900,10955, ,CFS
SHA,H,76,INFLOW,20130205,1000,-957, ,CFS
SHA,H,76,INFLOW,20130205,1100,6417, ,CFS
SHA,H,76,INFLOW,20130205,1200,9236, ,CFS
SHA,H,76,INFLOW,20130205,1300,3164, ,CFS
SHA,H,76,INFLOW,20130205,1400,3164, ,CFS
SHA,H,76,INFLOW,20130205,1500,6200, ,CFS
SHA,H,76,INFLOW,20130205,1600,3322, ,CFS
SHA,H,76,INFLOW,20130205,1700,3553, ,CFS
SHA,H,76,INFLOW,20130205,1800,6821, ,CFS
SHA,H,76,INFLOW,20130205,1900,10216, ,CFS
SHA,H,76,INFLOW,20130205,2000,13170, ,CFS
SHA,H,76,INFLOW,20130205,2100,6973, ,CFS
SHA,H,76,INFLOW,20130205,2200,11487, ,CFS
SHA,H,76,INFLOW,20130205,2300,5860, ,CFS
SHA,H,76,INFLOW,20130206,0000,11259, ,CFS
SHA,H,76,INFLOW,20130206,0100,167, ,CFS
SHA,H,76,INFLOW,20130206,0200,3098, ,CFS
SHA,H,76,INFLOW,20130206,0300,6134, ,CFS
SHA,H,76,INFLOW,20130206,0400,62, ,CFS
SHA,H,76,INFLOW,20130206,0500,3098, ,CFS
SHA,H,76,INFLOW,20130206,0600,3445, ,CFS
SHA,H,76,INFLOW,20130206,0700,6465, ,CFS
SHA,H,76,INFLOW,20130206,0800,2846, ,CFS
SHA,H,76,INFLOW,20130206,0900,7159, ,CFS
SHA,H,76,INFLOW,20130206,1000,937, ,CFS
SHA,H,76,INFLOW,20130206,1100,7850, ,CFS
SHA,H,76,INFLOW,20130206,1200,5782, ,CFS
SHA,H,76,INFLOW,20130206,1300,2324, ,CFS
SHA,H,76,INFLOW,20130206,1400,5148, ,CFS
SHA,H,76,INFLOW,20130206,1500,8186, ,CFS
SHA,H,76,INFLOW,20130206,1600,5279, ,CFS
SHA,H,76,INFLOW,20130206,1700,7862, ,CFS
SHA,H,76,INFLOW,20130206,1800,4151, ,CFS
SHA,H,76,INFLOW,20130206,1900,8873, ,CFS
SHA,H,76,INFLOW,20130206,2000,10253, ,CFS
SHA,H,76,INFLOW,20130206,2100,9627, ,CFS
SHA,H,76,INFLOW,20130206,2200,8053, ,CFS
SHA,H,76,INFLOW,20130206,2300,7319, ,CFS
SHA,H,76,INFLOW,20130207,0000,8101, ,CFS
SHA,H,76,INFLOW,20130207,0100,145, ,CFS
SHA,H,76,INFLOW,20130207,0200,6106, ,CFS
SHA,H,76,INFLOW,20130207,0300,3068, ,CFS
SHA,H,76,INFLOW,20130207,0400,6104, ,CFS
SHA,H,76,INFLOW,20130207,0500,9243, ,CFS
SHA,H,76,INFLOW,20130207,0600,4198, ,CFS
SHA,H,76,INFLOW,20130207,0700,12715, ,CFS
SHA,H,76,INFLOW,20130207,0800,7031, ,CFS
SHA,H,76,INFLOW,20130207,0900,7052, ,CFS
SHA,H,76,INFLOW,20130207,1000,8396, ,CFS
SHA,H,76,INFLOW,20130207,1100,8861, ,CFS
SHA,H,76,INFLOW,20130207,1200,8597, ,CFS
SHA,H,76,INFLOW,20130207,1300,4276, ,CFS
SHA,H,76,INFLOW,20130207,1400,9909, ,CFS
SHA,H,76,INFLOW,20130207,1500,3711, ,CFS
SHA,H,76,INFLOW,20130207,1600,9808, ,CFS
SHA,H,76,INFLOW,20130207,1700,4148, ,CFS
SHA,H,76,INFLOW,20130207,1800,9370, ,CFS
SHA,H,76,INFLOW,20130207,1900,9259, ,CFS
SHA,H,76,INFLOW,20130207,2000,6547, ,CFS
SHA,H,76,INFLOW,20130207,2100,6986, ,CFS
SHA,H,76,INFLOW,20130207,2200,11966, ,CFS
SHA,H,76,INFLOW,20130207,2300,7872, ,CFS
SHA,H,76,INFLOW,20130208,0000,8499, ,CFS
SHA,H,76,INFLOW,20130208,0100,9603, ,CFS
SHA,H,76,INFLOW,20130208,0200,9460, ,CFS
SHA,H,76,INFLOW,20130208,0300,3162, ,CFS
SHA,H,76,INFLOW,20130208,0400,9323, ,CFS
SHA,H,76,INFLOW,20130208,0500,6655, ,CFS
SHA,H,76,INFLOW,20130208,0600,7422, ,CFS
SHA,H,76,INFLOW,20130208,0700,8707, ,CFS
SHA,H,76,INFLOW,20130208,0800,4776, ,CFS
SHA,H,76,INFLOW,20130208,0900,12865, ,CFS
SHA,H,76,INFLOW,20130208,1000,5635, ,CFS
SHA,H,76,INFLOW,20130208,1100,11705, ,CFS
SHA,H,76,INFLOW,20130208,1200,1996, ,CFS
SHA,H,76,INFLOW,20130208,1300,2408, ,CFS
SHA,H,76,INFLOW,20130208,1400,5235, ,CFS
SHA,H,76,INFLOW,20130208,1500,8393, ,CFS
SHA,H,76,INFLOW,20130208,1600,2641, ,CFS
SHA,H,76,INFLOW,20130208,1700,6495, ,CFS
SHA,H,76,INFLOW,20130208,1800,7450, ,CFS
SHA,H,76,INFLOW,20130208,1900,11345, ,CFS
SHA,H,76,INFLOW,20130208,2000,11425, ,CFS
SHA,H,76,INFLOW,20130208,2100,4465, ,CFS
SHA,H,76,INFLOW,20130208,2200,8361, ,CFS
SHA,H,76,INFLOW,20130208,2300,5445, ,CFS
SHA,H,76,INFLOW,20130209,0000,4287, ,CFS
SHA,H,76,INFLOW,20130209,0100,6872, ,CFS
SHA,H,76,INFLOW,20130209,0200,527, ,CFS
SHA,H,76,INFLOW,20130209,0300,3459, ,CFS
SHA,H,76,INFLOW,20130209,0400,3508, ,CFS
SHA,H,76,INFLOW,20130209,0500,3787, ,CFS
SHA,H,76,INFLOW,20130209,0600,3717, ,CFS
SHA,H,76,INFLOW,20130209,0700,4175, ,CFS
SHA,H,76,INFLOW,20130209,0800,4836, ,CFS
SHA,H,76,INFLOW,20130209,0900,11018, ,CFS
SHA,H,76,INFLOW,20130209,1000,7891, ,CFS
SHA,H,76,INFLOW,20130209,1100,5927, ,CFS
SHA,H,76,INFLOW,20130209,1200,9274, ,CFS
SHA,H,76,INFLOW,20130209,1300,5582, ,CFS
SHA,H,76,INFLOW,20130209,1400,2410, ,CFS
SHA,H,76,INFLOW,20130209,1500,11289, ,CFS
SHA,H,76,INFLOW,20130209,1600,5531, ,CFS
SHA,H,76,INFLOW,20130209,1700,10688, ,CFS
SHA,H,76,INFLOW,20130209,1800,4952, ,CFS
SHA,H,76,INFLOW,20130209,1900,12226, ,CFS
SHA,H,76,INFLOW,20130209,2000,9248, ,CFS
SHA,H,76,INFLOW,20130209,2100,8895, ,CFS
SHA,H,76,INFLOW,20130209,2200,13802, ,CFS
SHA,H,76,INFLOW,20130209,2300,5232, ,CFS
SHA,H,76,INFLOW,20130210,0000,9698, ,CFS
SHA,H,76,INFLOW,20130210,0100,6739, ,CFS
SHA,H,76,INFLOW,20130210,0200,6297, ,CFS
SHA,H,76,INFLOW,20130210,0300,9328, ,CFS
SHA,H,76,INFLOW,20130210,0400,6276, ,CFS
SHA,H,76,INFLOW,20130210,0500,9398, ,CFS
SHA,H,76,INFLOW,20130210,0600,6903, ,CFS
SHA,H,76,INFLOW,20130210,0700,7960, ,CFS
SHA,H,76,INFLOW,20130210,0800,6028, ,CFS
SHA,H,76,INFLOW,20130210,0900,9364, ,CFS
SHA,H,76,INFLOW,20130210,1000,3272, ,CFS
SHA,H,76,INFLOW,20130210,1100,3267, ,CFS
SHA,H,76,INFLOW,20130210,1200,9378, ,CFS
SHA,H,76,INFLOW,20130210,1300,5629, ,CFS
SHA,H,76,INFLOW,20130210,1400,11670, ,CFS
SHA,H,76,INFLOW,20130210,1500,8567, ,CFS
SHA,H,76,INFLOW,20130210,1600,5960, ,CFS
SHA,H,76,INFLOW,20130210,1700,8586, ,CFS
SHA,H,76,INFLOW,20130210,1800,4089, ,CFS
SHA,H,76,INFLOW,20130210,1900,12096, ,CFS
SHA,H,76,INFLOW,20130210,2000,8959, ,CFS
SHA,H,76,INFLOW,20130210,2100,8571, ,CFS
SHA,H,76,INFLOW,20130210,2200,5515, ,CFS
SHA,H,76,INFLOW,20130210,2300,14847, ,CFS
SHA,H,76,INFLOW,20130211,0000,6289, ,CFS
SHA,H,76,INFLOW,20130211,0100,3782, ,CFS
SHA,H,76,INFLOW,20130211,0200,6519, ,CFS
SHA,H,76,INFLOW,20130211,0300,9769, ,CFS
SHA,H,76,INFLOW,20130211,0400,6795, ,CFS
SHA,H,76,INFLOW,20130211,0500,6808, ,CFS
SHA,H,76,INFLOW,20130211,0600,6653, ,CFS
SHA,H,76,INFLOW,20130211,0700,7597, ,CFS
SHA,H,76,INFLOW,20130211,0800,8030, ,CFS
SHA,H,76,INFLOW,20130211,0900,6079, ,CFS
SHA,H,76,INFLOW,20130211,1000,6755, ,CFS
SHA,H,76,INFLOW,20130211,1100,7002, ,CFS
SHA,H,76,INFLOW,20130211,1200,8402, ,CFS
SHA,H,76,INFLOW,20130211,1300,3155, ,CFS
SHA,H,76,INFLOW,20130211,1400,9206, ,CFS
SHA,H,76,INFLOW,20130211,1500,5959, ,CFS
SHA,H,76,INFLOW,20130211,1600,8899, ,CFS
SHA,H,76,INFLOW,20130211,1700,5967, ,CFS
SHA,H,76,INFLOW,20130211,1800,12544, ,CFS
SHA,H,76,INFLOW,20130211,1900,6948, ,CFS
SHA,H,76,INFLOW,20130211,2000,5806, ,CFS
SHA,H,76,INFLOW,20130211,2100,14829, ,CFS
SHA,H,76,INFLOW,20130211,2200,10113, ,CFS
SHA,H,76,INFLOW,20130211,2300,2202, ,CFS
SHA,H,76,INFLOW,20130212,0000,11770, ,CFS
SHA,H,76,INFLOW,20130212,0100,6664, ,CFS
SHA,H,76,INFLOW,20130212,0200,6330, ,CFS
SHA,H,76,INFLOW,20130212,0300,3329, ,CFS
SHA,H,76,INFLOW,20130212,0400,3337, ,CFS
SHA,H,76,INFLOW,20130212,0500,3405, ,CFS
SHA,H,76,INFLOW,20130212,0600,6572, ,CFS
SHA,H,76,INFLOW,20130212,0700,5620, ,CFS
SHA,H,76,INFLOW,20130212,0800,6447, ,CFS
SHA,H,76,INFLOW,20130212,0900,3909, ,CFS
SHA,H,76,INFLOW,20130212,1000,3056, ,CFS
SHA,H,76,INFLOW,20130212,1100,3704, ,CFS
SHA,H,76,INFLOW,20130212,1200,4375, ,CFS
SHA,H,76,INFLOW,20130212,1300,3601, ,CFS
SHA,H,76,INFLOW,20130212,1400,6408, ,CFS
SHA,H,76,INFLOW,20130212,1500,6383, ,CFS
SHA,H,76,INFLOW,20130212,1600,3453, ,CFS
SHA,H,76,INFLOW,20130212,1700,4063, ,CFS
SHA,H,76,INFLOW,20130212,1800,5151, ,CFS
SHA,H,76,INFLOW,20130212,1900,3666, ,CFS
SHA,H,76,INFLOW,20130212,2000,8845, ,CFS
SHA,H,76,INFLOW,20130212,2100,2611, ,CFS
SHA,H,76,INFLOW,20130212,2200,4676, ,CFS
SHA,H,76,INFLOW,20130212,2300,10063, ,CFS
SHA,H,76,INFLOW,20130213,0000,1225, ,CFS
SHA,H,76,INFLOW,20130213,0100,6401, ,CFS
SHA,H,76,INFLOW,20130213,0200,6201, ,CFS
SHA,H,76,INFLOW,20130213,0300,3133, ,CFS
SHA,H,76,INFLOW,20130213,0400,9285, ,CFS
SHA,H,76,INFLOW,20130213,0500,6262, ,CFS
SHA,H,76,INFLOW,20130213,0600,-2664, ,CFS
SHA,H,76,INFLOW,20130213,0700,12612, ,CFS
SHA,H,76,INFLOW,20130213,0800,2911, ,CFS
SHA,H,76,INFLOW,20130213,0900,8731, ,CFS
SHA,H,76,INFLOW,20130213,1000,3676, ,CFS
SHA,H,76,INFLOW,20130213,1100,5699, ,CFS
SHA,H,76,INFLOW,20130213,1200,9190, ,CFS
SHA,H,76,INFLOW,20130213,1300,5285, ,CFS
SHA,H,76,INFLOW,20130213,1400,5292, ,CFS
SHA,H,76,INFLOW,20130213,1500,8440, ,CFS
SHA,H,76,INFLOW,20130213,1600,4875, ,CFS
SHA,H,76,INFLOW,20130213,1700,4748, ,CFS
SHA,H,76,INFLOW,20130213,1800,10023, ,CFS
SHA,H,76,INFLOW,20130213,1900,9317, ,CFS
SHA,H,76,INFLOW,20130213,2000,8985, ,CFS
SHA,H,76,INFLOW,20130213,2100,2771, ,CFS
SHA,H,76,INFLOW,20130213,2200,6552, ,CFS
SHA,H,76,INFLOW,20130213,2300,8397, ,CFS
SHA,H,76,INFLOW,20130214,0000,5281, ,CFS
SHA,H,76,INFLOW,20130214,0100,6275, ,CFS
SHA,H,76,INFLOW,20130214,0200,6167, ,CFS
SHA,H,76,INFLOW,20130214,0300,3103, ,CFS
SHA,H,76,INFLOW,20130214,0400,6166, ,CFS
SHA,H,76,INFLOW,20130214,0500,179, ,CFS
SHA,H,76,INFLOW,20130214,0600,3020, ,CFS
SHA,H,76,INFLOW,20130214,0700,7321, ,CFS
SHA,H,76,INFLOW,20130214,0800,1348, ,CFS
SHA,H,76,INFLOW,20130214,0900,10142, ,CFS
SHA,H,76,INFLOW,20130214,1000,33420, ,CFS
SHA,H,76,INFLOW,20130214,1100,9014, ,CFS
SHA,H,76,INFLOW,20130214,1200,7971, ,CFS
SHA,H,76,INFLOW,20130214,1300,-1564, ,CFS
SHA,H,76,INFLOW,20130214,1400,5964, ,CFS
SHA,H,76,INFLOW,20130214,1500,2899, ,CFS
SHA,H,76,INFLOW,20130214,1600,5959, ,CFS
SHA,H,76,INFLOW,20130214,1700,7030, ,CFS
SHA,H,76,INFLOW,20130214,1800,2139, ,CFS
SHA,H,76,INFLOW,20130214,1900,3987, ,CFS
SHA,H,76,INFLOW,20130214,2000,7717, ,CFS
SHA,H,76,INFLOW,20130214,2100,9793, ,CFS
SHA,H,76,INFLOW,20130214,2200,5687, ,CFS
SHA,H,76,INFLOW,20130214,2300,6174, ,CFS
SHA,H,76,INFLOW,20130215,0000,2861, ,CFS
SHA,H,76,INFLOW,20130215,0100,6380, ,CFS
SHA,H,76,INFLOW,20130215,0200,-2951, ,CFS
SHA,H,76,INFLOW,20130215,0300,6248, ,CFS
SHA,H,76,INFLOW,20130215,0400,3406, ,CFS
SHA,H,76,INFLOW,20130215,0500,556, ,CFS
SHA,H,76,INFLOW,20130215,0600,-910, ,CFS
SHA,H,76,INFLOW,20130215,0700,6111, ,CFS
SHA,H,76,INFLOW,20130215,0800,6576, ,CFS
SHA,H,76,INFLOW,20130215,0900,6268, ,CFS
SHA,H,76,INFLOW,20130215,1000,5947, ,CFS
SHA,H,76,INFLOW,20130215,1100,6433, ,CFS
SHA,H,76,INFLOW,20130215,1200,3967, ,CFS
SHA,H,76,INFLOW,20130215,1300,6252, ,CFS
SHA,H,76,INFLOW,20130215,1400,3073, ,CFS
SHA,H,76,INFLOW,20130215,1500,6114, ,CFS
SHA,H,76,INFLOW,20130215,1600,6217, ,CFS
SHA,H,76,INFLOW,20130215,1700,1234, ,CFS
SHA,H,76,INFLOW,20130215,1800,9068, ,CFS
SHA,H,76,INFLOW,20130215,1900,12307, ,CFS
SHA,H,76,INFLOW,20130215,2000,6204, ,CFS
SHA,H,76,INFLOW,20130215,2100,10124, ,CFS
SHA,H,76,INFLOW,20130215,2200,5191, ,CFS
SHA,H,76,INFLOW,20130215,2300,5824, ,CFS
SHA,H,76,INFLOW,20130216,0000,2022, ,CFS
SHA,H,76,INFLOW,20130216,0100,3296, ,CFS
SHA,H,76,INFLOW,20130216,0200,9344, ,CFS
SHA,H,76,INFLOW,20130216,0300,6272, ,CFS
SHA,H,76,INFLOW,20130216,0400,6271, ,CFS
SHA,H,76,INFLOW,20130216,0500,6277, ,CFS
SHA,H,76,INFLOW,20130216,0600,6414, ,CFS
SHA,H,76,INFLOW,20130216,0700,5815, ,CFS
SHA,H,76,INFLOW,20130216,0800,5852, ,CFS
SHA,H,76,INFLOW,20130216,0900,6356, ,CFS
SHA,H,76,INFLOW,20130216,1000,3743, ,CFS
SHA,H,76,INFLOW,20130216,1100,6071, ,CFS
SHA,H,76,INFLOW,20130216,1200,10475, ,CFS
SHA,H,76,INFLOW,20130216,1300,4238, ,CFS
SHA,H,76,INFLOW,20130216,1400,10089, ,CFS
SHA,H,76,INFLOW,20130216,1500,714, ,CFS
SHA,H,76,INFLOW,20130216,1600,6907, ,CFS
SHA,H,76,INFLOW,20130216,1700,5776, ,CFS
SHA,H,76,INFLOW,20130216,1800,-1331, ,CFS
SHA,H,76,INFLOW,20130216,1900,10186, ,CFS
SHA,H,76,INFLOW,20130216,2000,11856, ,CFS
SHA,H,76,INFLOW,20130216,2100,8585, ,CFS
SHA,H,76,INFLOW,20130216,2200,5268, ,CFS
SHA,H,76,INFLOW,20130216,2300,6062, ,CFS
SHA,H,76,INFLOW,20130217,0000,5229, ,CFS
SHA,H,76,INFLOW,20130217,0100,6346, ,CFS
SHA,H,76,INFLOW,20130217,0200,6375, ,CFS
SHA,H,76,INFLOW,20130217,0300,3280, ,CFS
SHA,H,76,INFLOW,20130217,0400,3288, ,CFS
SHA,H,76,INFLOW,20130217,0500,101, ,CFS
SHA,H,76,INFLOW,20130217,0600,3567, ,CFS
SHA,H,76,INFLOW,20130217,0700,2857, ,CFS
SHA,H,76,INFLOW,20130217,0800,-3836, ,CFS
SHA,H,76,INFLOW,20130217,0900,9502, ,CFS
SHA,H,76,INFLOW,20130217,1000,3198, ,CFS
SHA,H,76,INFLOW,20130217,1100,4917, ,CFS
SHA,H,76,INFLOW,20130217,1200,5995, ,CFS
SHA,H,76,INFLOW,20130217,1300,-432, ,CFS
SHA,H,76,INFLOW,20130217,1400,11633, ,CFS
SHA,H,76,INFLOW,20130217,1500,-397, ,CFS
SHA,H,76,INFLOW,20130217,1600,5616, ,CFS
SHA,H,76,INFLOW,20130217,1700,6574, ,CFS
SHA,H,76,INFLOW,20130217,1800,5166, ,CFS
SHA,H,76,INFLOW,20130217,1900,10976, ,CFS
SHA,H,76,INFLOW,20130217,2000,4912, ,CFS
SHA,H,76,INFLOW,20130217,2100,7782, ,CFS
SHA,H,76,INFLOW,20130217,2200,7852, ,CFS
SHA,H,76,INFLOW,20130217,2300,5385, ,CFS
SHA,H,76,INFLOW,20130218,0000,4945, ,CFS
SHA,H,76,INFLOW,20130218,0100,9469, ,CFS
SHA,H,76,INFLOW,20130218,0200,3196, ,CFS
SHA,H,76,INFLOW,20130218,0300,117, ,CFS
SHA,H,76,INFLOW,20130218,0400,3280, ,CFS
SHA,H,76,INFLOW,20130218,0500,1708, ,CFS
SHA,H,76,INFLOW,20130218,0600,3272, ,CFS
SHA,H,76,INFLOW,20130218,0700,5957, ,CFS
SHA,H,76,INFLOW,20130218,0800,-525, ,CFS
SHA,H,76,INFLOW,20130218,0900,1930, ,CFS
SHA,H,76,INFLOW,20130218,1000,4742, ,CFS
SHA,H,76,INFLOW,20130218,1100,3037, ,CFS
SHA,H,76,INFLOW,20130218,1200,5990, ,CFS
SHA,H,76,INFLOW,20130218,1300,2090, ,CFS
SHA,H,76,INFLOW,20130218,1400,5719, ,CFS
SHA,H,76,INFLOW,20130218,1500,8874, ,CFS
SHA,H,76,INFLOW,20130218,1600,6091, ,CFS
SHA,H,76,INFLOW,20130218,1700,3208, ,CFS
SHA,H,76,INFLOW,20130218,1800,5909, ,CFS
SHA,H,76,INFLOW,20130218,1900,12054, ,CFS
SHA,H,76,INFLOW,20130218,2000,9007, ,CFS
SHA,H,76,INFLOW,20130218,2100,8603, ,CFS
SHA,H,76,INFLOW,20130218,2200,9173, ,CFS
SHA,H,76,INFLOW,20130218,2300,2950, ,CFS
SHA,H,76,INFLOW,20130219,0000,4267, ,CFS
SHA,H,76,INFLOW,20130219,0100,221, ,CFS
SHA,H,76,INFLOW,20130219,0200,3233, ,CFS
SHA,H,76,INFLOW,20130219,0300,3247, ,CFS
SHA,H,76,INFLOW,20130219,0400,3244, ,CFS
SHA,H,76,INFLOW,20130219,0500,3310, ,CFS
SHA,H,76,INFLOW,20130219,0600,4536, ,CFS
SHA,H,76,INFLOW,20130219,0700,14824, ,CFS
SHA,H,76,INFLOW,20130219,0800,7002, ,CFS
SHA,H,76,INFLOW,20130219,0900,6317, ,CFS
SHA,H,76,INFLOW,20130219,1000,24566, ,CFS
SHA,H,76,INFLOW,20130219,1100,-2993, ,CFS
SHA,H,76,INFLOW,20130219,1200,6603, ,CFS
SHA,H,76,INFLOW,20130219,1300,3397, ,CFS
SHA,H,76,INFLOW,20130219,1400,3357, ,CFS
SHA,H,76,INFLOW,20130219,1500,6083, ,CFS
SHA,H,76,INFLOW,20130219,1600,6099, ,CFS
SHA,H,76,INFLOW,20130219,1700,6559, ,CFS
SHA,H,76,INFLOW,20130219,1800,11602, ,CFS
SHA,H,76,INFLOW,20130219,1900,6080, ,CFS
SHA,H,76,INFLOW,20130219,2000,8989, ,CFS
SHA,H,76,INFLOW,20130219,2100,9119, ,CFS
SHA,H,76,INFLOW,20130219,2200,4939, ,CFS
SHA,H,76,INFLOW,20130219,2300,9904, ,CFS
SHA,H,76,INFLOW,20130220,0000,8560, ,CFS
SHA,H,76,INFLOW,20130220,0100,187, ,CFS
SHA,H,76,INFLOW,20130220,0200,115, ,CFS
SHA,H,76,INFLOW,20130220,0300,629, ,CFS
SHA,H,76,INFLOW,20130220,0400,7016, ,CFS
SHA,H,76,INFLOW,20130220,0500,1026, ,CFS
SHA,H,76,INFLOW,20130220,0600,2257, ,CFS
SHA,H,76,INFLOW,20130220,0700,8084, ,CFS
SHA,H,76,INFLOW,20130220,0800,6050, ,CFS
SHA,H,76,INFLOW,20130220,0900,6691, ,CFS
SHA,H,76,INFLOW,20130220,1000,7397, ,CFS
SHA,H,76,INFLOW,20130220,1100,7437, ,CFS
SHA,H,76,INFLOW,20130220,1200,2408, ,CFS
SHA,H,76,INFLOW,20130220,1300,11493, ,CFS
SHA,H,76,INFLOW,20130220,1400,5335, ,CFS
SHA,H,76,INFLOW,20130220,1500,-101, ,CFS
SHA,H,76,INFLOW,20130220,1600,19, ,CFS
SHA,H,76,INFLOW,20130220,1700,3756, ,CFS
SHA,H,76,INFLOW,20130220,1800,7423, ,CFS
SHA,H,76,INFLOW,20130220,1900,6323, ,CFS
SHA,H,76,INFLOW,20130220,2000,12168, ,CFS
SHA,H,76,INFLOW,20130220,2100,6317, ,CFS
SHA,H,76,INFLOW,20130220,2200,6048, ,CFS
SHA,H,76,INFLOW,20130220,2300,6874, ,CFS
SHA,H,76,INFLOW,20130221,0000,11159, ,CFS
SHA,H,76,INFLOW,20130221,0100,-2774, ,CFS
SHA,H,76,INFLOW,20130221,0200,6498, ,CFS
SHA,H,76,INFLOW,20130221,0300,-3033, ,CFS
SHA,H,76,INFLOW,20130221,0400,6208, ,CFS
SHA,H,76,INFLOW,20130221,0500,-2910, ,CFS
SHA,H,76,INFLOW,20130221,0600,5750, ,CFS
SHA,H,76,INFLOW,20130221,0700,10322, ,CFS
SHA,H,76,INFLOW,20130221,0800,3768, ,CFS
SHA,H,76,INFLOW,20130221,0900,9628, ,CFS
SHA,H,76,INFLOW,20130221,1000,4410, ,CFS
SHA,H,76,INFLOW,20130221,1100,8598, ,CFS
SHA,H,76,INFLOW,20130221,1200,5680, ,CFS
SHA,H,76,INFLOW,20130221,1300,8664, ,CFS
SHA,H,76,INFLOW,20130221,1400,5671, ,CFS
SHA,H,76,INFLOW,20130221,1500,5654, ,CFS
SHA,H,76,INFLOW,20130221,1600,2496, ,CFS
SHA,H,76,INFLOW,20130221,1700,10130, ,CFS
SHA,H,76,INFLOW,20130221,1800,5566, ,CFS
SHA,H,76,INFLOW,20130221,1900,11317, ,CFS
SHA,H,76,INFLOW,20130221,2000,8364, ,CFS
SHA,H,76,INFLOW,20130221,2100,12415, ,CFS
SHA,H,76,INFLOW,20130221,2200,4719, ,CFS
SHA,H,76,INFLOW,20130221,2300,8827, ,CFS
SHA,H,76,INFLOW,20130222,0000,4904, ,CFS
SHA,H,76,INFLOW,20130222,0100,10128, ,CFS
SHA,H,76,INFLOW,20130222,0200,836, ,CFS
SHA,H,76,INFLOW,20130222,0300,3690, ,CFS
SHA,H,76,INFLOW,20130222,0400,649, ,CFS
SHA,H,76,INFLOW,20130222,0500,1007, ,CFS
SHA,H,76,INFLOW,20130222,0600,3894, ,CFS
SHA,H,76,INFLOW,20130222,0700,6310, ,CFS
SHA,H,76,INFLOW,20130222,0800,6729, ,CFS
SHA,H,76,INFLOW,20130222,0900,6247, ,CFS
SHA,H,76,INFLOW,20130222,1000,3299, ,CFS
SHA,H,76,INFLOW,20130222,1100,2184, ,CFS
SHA,H,76,INFLOW,20130222,1200,9764, ,CFS
SHA,H,76,INFLOW,20130222,1300,9557, ,CFS
SHA,H,76,INFLOW,20130222,1400,6238, ,CFS
SHA,H,76,INFLOW,20130222,1500,9266, ,CFS
SHA,H,76,INFLOW,20130222,1600,3083, ,CFS
SHA,H,76,INFLOW,20130222,1700,3386, ,CFS
SHA,H,76,INFLOW,20130222,1800,11759, ,CFS
SHA,H,76,INFLOW,20130222,1900,5333, ,CFS
SHA,H,76,INFLOW,20130222,2000,11384, ,CFS
SHA,H,76,INFLOW,20130222,2100,6342, ,CFS
SHA,H,76,INFLOW,20130222,2200,1721, ,CFS
SHA,H,76,INFLOW,20130222,2300,12870, ,CFS
SHA,H,76,INFLOW,20130223,0000,8488, ,CFS
SHA,H,76,INFLOW,20130223,0100,12808, ,CFS
SHA,H,76,INFLOW,20130223,0200,-2663, ,CFS
SHA,H,76,INFLOW,20130223,0300,3525, ,CFS
SHA,H,76,INFLOW,20130223,0400,3585, ,CFS
SHA,H,76,INFLOW,20130223,0500,469, ,CFS
SHA,H,76,INFLOW,20130223,0600,7032, ,CFS
SHA,H,76,INFLOW,20130223,0700,6296, ,CFS
SHA,H,76,INFLOW,20130223,0800,6334, ,CFS
SHA,H,76,INFLOW,20130223,0900,5327, ,CFS
SHA,H,76,INFLOW,20130223,1000,9815, ,CFS
SHA,H,76,INFLOW,20130223,1100,6423, ,CFS
SHA,H,76,INFLOW,20130223,1200,3578, ,CFS
SHA,H,76,INFLOW,20130223,1300,6671, ,CFS
SHA,H,76,INFLOW,20130223,1400,6224, ,CFS
SHA,H,76,INFLOW,20130223,1500,6189, ,CFS
SHA,H,76,INFLOW,20130223,1600,5909, ,CFS
SHA,H,76,INFLOW,20130223,1700,9426, ,CFS
SHA,H,76,INFLOW,20130223,1800,1925, ,CFS
SHA,H,76,INFLOW,20130223,1900,8529, ,CFS
SHA,H,76,INFLOW,20130223,2000,5714, ,CFS
SHA,H,76,INFLOW,20130223,2100,8614, ,CFS
SHA,H,76,INFLOW,20130223,2200,7530, ,CFS
SHA,H,76,INFLOW,20130223,2300,7565, ,CFS
SHA,H,76,INFLOW,20130224,0000,6081, ,CFS
SHA,H,76,INFLOW,20130224,0100,10072, ,CFS
SHA,H,76,INFLOW,20130224,0200,3580, ,CFS
SHA,H,76,INFLOW,20130224,0300,3429, ,CFS
SHA,H,76,INFLOW,20130224,0400,3637, ,CFS
SHA,H,76,INFLOW,20130224,0500,3902, ,CFS
SHA,H,76,INFLOW,20130224,0600,4412, ,CFS
SHA,H,76,INFLOW,20130224,0700,7331, ,CFS
SHA,H,76,INFLOW,20130224,0800,183, ,CFS
SHA,H,76,INFLOW,20130224,0900,7664, ,CFS
SHA,H,76,INFLOW,20130224,1000,2275, ,CFS
SHA,H,76,INFLOW,20130224,1100,5507, ,CFS
SHA,H,76,INFLOW,20130224,1200,5223, ,CFS
SHA,H,76,INFLOW,20130224,1300,15726, ,CFS
SHA,H,76,INFLOW,20130224,1400,-646, ,CFS
SHA,H,76,INFLOW,20130224,1500,8600, ,CFS
SHA,H,76,INFLOW,20130224,1600,9125, ,CFS
SHA,H,76,INFLOW,20130224,1700,8766, ,CFS
SHA,H,76,INFLOW,20130224,1800,6698, ,CFS
SHA,H,76,INFLOW,20130224,1900,11010, ,CFS
SHA,H,76,INFLOW,20130224,2000,7810, ,CFS
SHA,H,76,INFLOW,20130224,2100,10667, ,CFS
SHA,H,76,INFLOW,20130224,2200,5451, ,CFS
SHA,H,76,INFLOW,20130224,2300,12286, ,CFS
SHA,H,76,INFLOW,20130225,0000,5420, ,CFS
SHA,H,76,INFLOW,20130225,0100,6503, ,CFS
SHA,H,76,INFLOW,20130225,0200,6335, ,CFS
SHA,H,76,INFLOW,20130225,0300,130, ,CFS
SHA,H,76,INFLOW,20130225,0400,-2952, ,CFS
SHA,H,76,INFLOW,20130225,0500,6523, ,CFS
SHA,H,76,INFLOW,20130225,0600,8629, ,CFS
SHA,H,76,INFLOW,20130225,0700,-2822, ,CFS
SHA,H,76,INFLOW,20130225,0800,6703, ,CFS
SHA,H,76,INFLOW,20130225,0900,6052, ,CFS
SHA,H,76,INFLOW,20130225,1000,6737, ,CFS
SHA,H,76,INFLOW,20130225,1100,4472, ,CFS
SHA,H,76,INFLOW,20130225,1200,7743, ,CFS
SHA,H,76,INFLOW,20130225,1300,4235, ,CFS
SHA,H,76,INFLOW,20130225,1400,4213, ,CFS
SHA,H,76,INFLOW,20130225,1500,1131, ,CFS
SHA,H,76,INFLOW,20130225,1600,654, ,CFS
SHA,H,76,INFLOW,20130225,1700,3836, ,CFS
SHA,H,76,INFLOW,20130225,1800,7774, ,CFS
SHA,H,76,INFLOW,20130225,1900,11527, ,CFS
SHA,H,76,INFLOW,20130225,2000,4198, ,CFS
SHA,H,76,INFLOW,20130225,2100,7693, ,CFS
SHA,H,76,INFLOW,20130225,2200,11009, ,CFS
SHA,H,76,INFLOW,20130225,2300,9653, ,CFS
SHA,H,76,INFLOW,20130226,0000,2457, ,CFS
SHA,H,76,INFLOW,20130226,0100,9546, ,CFS
SHA,H,76,INFLOW,20130226,0200,137, ,CFS
SHA,H,76,INFLOW,20130226,0300,3242, ,CFS
SHA,H,76,INFLOW,20130226,0400,-2967, ,CFS
SHA,H,76,INFLOW,20130226,0500,3318, ,CFS
SHA,H,76,INFLOW,20130226,0600,8059, ,CFS
SHA,H,76,INFLOW,20130226,0700,2570, ,CFS
SHA,H,76,INFLOW,20130226,0800,6790, ,CFS
SHA,H,76,INFLOW,20130226,0900,9614, ,CFS
SHA,H,76,INFLOW,20130226,1000,3967, ,CFS
SHA,H,76,INFLOW,20130226,1100,8760, ,CFS
SHA,H,76,INFLOW,20130226,1200,8202, ,CFS
SHA,H,76,INFLOW,20130226,1300,4889, ,CFS
SHA,H,76,INFLOW,20130226,1400,1276, ,CFS
SHA,H,76,INFLOW,20130226,1500,12660, ,CFS
SHA,H,76,INFLOW,20130226,1600,2262, ,CFS
SHA,H,76,INFLOW,20130226,1700,9824, ,CFS
SHA,H,76,INFLOW,20130226,1800,7274, ,CFS
SHA,H,76,INFLOW,20130226,1900,9788, ,CFS
SHA,H,76,INFLOW,20130226,2000,6422, ,CFS
SHA,H,76,INFLOW,20130226,2100,12444, ,CFS
SHA,H,76,INFLOW,20130226,2200,7945, ,CFS
SHA,H,76,INFLOW,20130226,2300,8423, ,CFS
SHA,H,76,INFLOW,20130227,0000,8885, ,CFS
SHA,H,76,INFLOW,20130227,0100,3401, ,CFS
SHA,H,76,INFLOW,20130227,0200,3264, ,CFS
SHA,H,76,INFLOW,20130227,0300,3264, ,CFS
SHA,H,76,INFLOW,20130227,0400,168, ,CFS
SHA,H,76,INFLOW,20130227,0500,3264, ,CFS
SHA,H,76,INFLOW,20130227,0600,237, ,CFS
SHA,H,76,INFLOW,20130227,0700,7940, ,CFS
SHA,H,76,INFLOW,20130227,0800,10311, ,CFS
SHA,H,76,INFLOW,20130227,0900,-853, ,CFS
SHA,H,76,INFLOW,20130227,1000,6588, ,CFS
SHA,H,76,INFLOW,20130227,1100,6879, ,CFS
SHA,H,76,INFLOW,20130227,1200,6349, ,CFS
SHA,H,76,INFLOW,20130227,1300,9155, ,CFS
SHA,H,76,INFLOW,20130227,1400,5015, ,CFS
SHA,H,76,INFLOW,20130227,1500,10115, ,CFS
SHA,H,76,INFLOW,20130227,1600,1959, ,CFS
SHA,H,76,INFLOW,20130227,1700,8261, ,CFS
SHA,H,76,INFLOW,20130227,1800,4213, ,CFS
SHA,H,76,INFLOW,20130227,1900,10036, ,CFS
SHA,H,76,INFLOW,20130227,2000,6963, ,CFS
SHA,H,76,INFLOW,20130227,2100,8343, ,CFS
SHA,H,76,INFLOW,20130227,2200,10331, ,CFS
SHA,H,76,INFLOW,20130227,2300,6584, ,CFS
SHA,H,76,INFLOW,20130228,0000,5523, ,CFS
SHA,H,76,INFLOW,20130228,0100,3336, ,CFS
SHA,H,76,INFLOW,20130228,0200,121, ,CFS
SHA,H,76,INFLOW,20130228,0300,6309, ,CFS
SHA,H,76,INFLOW,20130228,0400,125, ,CFS
SHA,H,76,INFLOW,20130228,0500,119, ,CFS
SHA,H,76,INFLOW,20130228,0600,3378, ,CFS
SHA,H,76,INFLOW,20130228,0700,5, ,CFS
SHA,H,76,INFLOW,20130228,0800,9328, ,CFS
SHA,H,76,INFLOW,20130228,0900,3753, ,CFS
SHA,H,76,INFLOW,20130228,1000,8876, ,CFS
SHA,H,76,INFLOW,20130228,1100,5918, ,CFS
SHA,H,76,INFLOW,20130228,1200,7425, ,CFS
SHA,H,76,INFLOW,20130228,1300,6768, ,CFS
SHA,H,76,INFLOW,20130228,1400,3784, ,CFS
SHA,H,76,INFLOW,20130228,1500,587, ,CFS
SHA,H,76,INFLOW,20130228,1600,3729, ,CFS
SHA,H,76,INFLOW,20130228,1700,3726, ,CFS
SHA,H,76,INFLOW,20130228,1800,1116, ,CFS
SHA,H,76,INFLOW,20130228,1900,9595, ,CFS
SHA,H,76,INFLOW,20130228,2000,6413, ,CFS
SHA,H,76,INFLOW,20130228,2100,13801, ,CFS
SHA,H,76,INFLOW,20130228,2200,3978, ,CFS
SHA,H,76,INFLOW,20130228,2300,8762, ,CFS
SHA,H,76,INFLOW,20130301,0000,8186, ,CFS
SHA,H,76,INFLOW,20130301,0100,205, ,CFS
SHA,H,76,INFLOW,20130301,0200,3238, ,CFS
SHA,H,76,INFLOW,20130301,0300,162, ,CFS
SHA,H,76,INFLOW,20130301,0400,3228, ,CFS
SHA,H,76,INFLOW,20130301,0500,207, ,CFS
SHA,H,76,INFLOW,20130301,0600,483, ,CFS
SHA,H,76,INFLOW,20130301,0700,13724, ,CFS
SHA,H,76,INFLOW,20130301,0800,2169, ,CFS
SHA,H,76,INFLOW,20130301,0900,9617, ,CFS
SHA,H,76,INFLOW,20130301,1000,2294, ,CFS
SHA,H,76,INFLOW,20130301,1100,7346, ,CFS
SHA,H,76,INFLOW,20130301,1200,4273, ,CFS
SHA,H,76,INFLOW,20130301,1300,11236, ,CFS
SHA,H,76,INFLOW,20130301,1400,5044, ,CFS
SHA,H,76,INFLOW,20130301,1500,5236, ,CFS
SHA,H,76,INFLOW,20130301,1600,8934, ,CFS
SHA,H,76,INFLOW,20130301,1700,8654, ,CFS
SHA,H,76,INFLOW,20130301,1800,7167, ,CFS
SHA,H,76,INFLOW,20130301,1900,7251, ,CFS
SHA,H,76,INFLOW,20130301,2000,7317, ,CFS
SHA,H,76,INFLOW,20130301,2100,10664, ,CFS
SHA,H,76,INFLOW,20130301,2200,5393, ,CFS
SHA,H,76,INFLOW,20130301,2300,8295, ,CFS
SHA,H,76,INFLOW,20130302,0000,8599, ,CFS
SHA,H,76,INFLOW,20130302,0100,6372, ,CFS
SHA,H,76,INFLOW,20130302,0200,3145, ,CFS
SHA,H,76,INFLOW,20130302,0300,33, ,CFS
SHA,H,76,INFLOW,20130302,0400,3145, ,CFS
SHA,H,76,INFLOW,20130302,0500,3156, ,CFS
SHA,H,76,INFLOW,20130302,0600,-2612, ,CFS
SHA,H,76,INFLOW,20130302,0700,4228, ,CFS
SHA,H,76,INFLOW,20130302,0800,4414, ,CFS
SHA,H,76,INFLOW,20130302,0900,6116, ,CFS
SHA,H,76,INFLOW,20130302,1000,6341, ,CFS
SHA,H,76,INFLOW,20130302,1100,6208, ,CFS
SHA,H,76,INFLOW,20130302,1200,3253, ,CFS
SHA,H,76,INFLOW,20130302,1300,8900, ,CFS
SHA,H,76,INFLOW,20130302,1400,11957, ,CFS
SHA,H,76,INFLOW,20130302,1500,8675, ,CFS
SHA,H,76,INFLOW,20130302,1600,5526, ,CFS
SHA,H,76,INFLOW,20130302,1700,5440, ,CFS
SHA,H,76,INFLOW,20130302,1800,8384, ,CFS
SHA,H,76,INFLOW,20130302,1900,13150, ,CFS
SHA,H,76,INFLOW,20130302,2000,3953, ,CFS
SHA,H,76,INFLOW,20130302,2100,12249, ,CFS
SHA,H,76,INFLOW,20130302,2200,5040, ,CFS
SHA,H,76,INFLOW,20130302,2300,7396, ,CFS
SHA,H,76,INFLOW,20130303,0000,8550, ,CFS
SHA,H,76,INFLOW,20130303,0100,3310, ,CFS
SHA,H,76,INFLOW,20130303,0200,3215, ,CFS
SHA,H,76,INFLOW,20130303,0300,108, ,CFS
SHA,H,76,INFLOW,20130303,0400,6332, ,CFS
SHA,H,76,INFLOW,20130303,0500,109, ,CFS
SHA,H,76,INFLOW,20130303,0600,221, ,CFS
SHA,H,76,INFLOW,20130303,0700,2348, ,CFS
SHA,H,76,INFLOW,20130303,0800,5828, ,CFS
SHA,H,76,INFLOW,20130303,0900,3752, ,CFS
SHA,H,76,INFLOW,20130303,1000,6786, ,CFS
SHA,H,76,INFLOW,20130303,1100,6378, ,CFS
SHA,H,76,INFLOW,20130303,1200,9331, ,CFS
SHA,H,76,INFLOW,20130303,1300,8930, ,CFS
SHA,H,76,INFLOW,20130303,1400,5892, ,CFS
SHA,H,76,INFLOW,20130303,1500,8834, ,CFS
SHA,H,76,INFLOW,20130303,1600,5810, ,CFS
SHA,H,76,INFLOW,20130303,1700,8065, ,CFS
SHA,H,76,INFLOW,20130303,1800,5223, ,CFS
SHA,H,76,INFLOW,20130303,1900,11614, ,CFS
SHA,H,76,INFLOW,20130303,2000,5852, ,CFS
SHA,H,76,INFLOW,20130303,2100,11687, ,CFS
SHA,H,76,INFLOW,20130303,2200,5235, ,CFS
SHA,H,76,INFLOW,20130303,2300,8761, ,CFS
SHA,H,76,INFLOW,20130304,0000,5681, ,CFS
SHA,H,76,INFLOW,20130304,0100,6429, ,CFS
SHA,H,76,INFLOW,20130304,0200,3198, ,CFS
SHA,H,76,INFLOW,20130304,0300,89, ,CFS
SHA,H,76,INFLOW,20130304,0400,3318, ,CFS
SHA,H,76,INFLOW,20130304,0500,684, ,CFS
SHA,H,76,INFLOW,20130304,0600,2664, ,CFS
SHA,H,76,INFLOW,20130304,0700,8519, ,CFS
SHA,H,76,INFLOW,20130304,0800,6859, ,CFS
SHA,H,76,INFLOW,20130304,0900,2888, ,CFS
SHA,H,76,INFLOW,20130304,1000,9892, ,CFS
SHA,H,76,INFLOW,20130304,1100,3217, ,CFS
SHA,H,76,INFLOW,20130304,1200,9491, ,CFS
SHA,H,76,INFLOW,20130304,1300,9300, ,CFS
SHA,H,76,INFLOW,20130304,1400,6274, ,CFS
SHA,H,76,INFLOW,20130304,1500,9296, ,CFS
SHA,H,76,INFLOW,20130304,1600,6167, ,CFS
SHA,H,76,INFLOW,20130304,1700,6270, ,CFS
SHA,H,76,INFLOW,20130304,1800,1756, ,CFS
SHA,H,76,INFLOW,20130304,1900,1560, ,CFS
SHA,H,76,INFLOW,20130304,2000,13945, ,CFS
SHA,H,76,INFLOW,20130304,2100,4421, ,CFS
SHA,H,76,INFLOW,20130304,2200,8493, ,CFS
SHA,H,76,INFLOW,20130304,2300,5913, ,CFS
SHA,H,76,INFLOW,20130305,0000,6573, ,CFS
SHA,H,76,INFLOW,20130305,0100,6513, ,CFS
SHA,H,76,INFLOW,20130305,0200,3250, ,CFS
SHA,H,76,INFLOW,20130305,0300,146, ,CFS
SHA,H,76,INFLOW,20130305,0400,6369, ,CFS
SHA,H,76,INFLOW,20130305,0500,-2851, ,CFS
SHA,H,76,INFLOW,20130305,0600,2268, ,CFS
SHA,H,76,INFLOW,20130305,0700,6109, ,CFS
SHA,H,76,INFLOW,20130305,0800,1551, ,CFS
SHA,H,76,INFLOW,20130305,0900,2898, ,CFS
SHA,H,76,INFLOW,20130305,1000,12520, ,CFS
SHA,H,76,INFLOW,20130305,1100,-29, ,CFS
SHA,H,76,INFLOW,20130305,1200,2962, ,CFS
SHA,H,76,INFLOW,20130305,1300,2905, ,CFS
SHA,H,76,INFLOW,20130305,1400,2931, ,CFS
SHA,H,76,INFLOW,20130305,1500,-128, ,CFS
SHA,H,76,INFLOW,20130305,1600,5938, ,CFS
SHA,H,76,INFLOW,20130305,1700,-81, ,CFS
SHA,H,76,INFLOW,20130305,1800,5439, ,CFS
SHA,H,76,INFLOW,20130305,1900,8768, ,CFS
SHA,H,76,INFLOW,20130305,2000,15786, ,CFS
SHA,H,76,INFLOW,20130305,2100,18563, ,CFS
SHA,H,76,INFLOW,20130305,2200,6642, ,CFS
SHA,H,76,INFLOW,20130305,2300,11989, ,CFS
SHA,H,76,INFLOW,20130306,0000,24431, ,CFS
SHA,H,76,INFLOW,20130306,0100,-5687, ,CFS
SHA,H,76,INFLOW,20130306,0200,12588, ,CFS
SHA,H,76,INFLOW,20130306,0300,12702, ,CFS
SHA,H,76,INFLOW,20130306,0400,6347, ,CFS
SHA,H,76,INFLOW,20130306,0500,15756, ,CFS
SHA,H,76,INFLOW,20130306,0600,3313, ,CFS
SHA,H,76,INFLOW,20130306,0700,10965, ,CFS
SHA,H,76,INFLOW,20130306,0800,12092, ,CFS
SHA,H,76,INFLOW,20130306,0900,5072, ,CFS
SHA,H,76,INFLOW,20130306,1000,9236, ,CFS
SHA,H,76,INFLOW,20130306,1100,3839, ,CFS
SHA,H,76,INFLOW,20130306,1200,13251, ,CFS
SHA,H,76,INFLOW,20130306,1300,12862, ,CFS
SHA,H,76,INFLOW,20130306,1400,6676, ,CFS
SHA,H,76,INFLOW,20130306,1500,3545, ,CFS
SHA,H,76,INFLOW,20130306,1600,12842, ,CFS
SHA,H,76,INFLOW,20130306,1700,-5366, ,CFS
SHA,H,76,INFLOW,20130306,1800,13526, ,CFS
SHA,H,76,INFLOW,20130306,1900,12013, ,CFS
SHA,H,76,INFLOW,20130306,2000,8915, ,CFS
SHA,H,76,INFLOW,20130306,2100,14836, ,CFS
SHA,H,76,INFLOW,20130306,2200,10828, ,CFS
SHA,H,76,INFLOW,20130306,2300,7082, ,CFS
SHA,H,76,INFLOW,20130307,0000,8133, ,CFS
SHA,H,76,INFLOW,20130307,0100,6615, ,CFS
SHA,H,76,INFLOW,20130307,0200,6635, ,CFS
SHA,H,76,INFLOW,20130307,0300,6475, ,CFS
SHA,H,76,INFLOW,20130307,0400,6310, ,CFS
SHA,H,76,INFLOW,20130307,0500,6597, ,CFS
SHA,H,76,INFLOW,20130307,0600,5448, ,CFS
SHA,H,76,INFLOW,20130307,0700,5882, ,CFS
SHA,H,76,INFLOW,20130307,0800,13695, ,CFS
SHA,H,76,INFLOW,20130307,0900,3575, ,CFS
SHA,H,76,INFLOW,20130307,1000,7813, ,CFS
SHA,H,76,INFLOW,20130307,1100,10595, ,CFS
SHA,H,76,INFLOW,20130307,1200,3247, ,CFS
SHA,H,76,INFLOW,20130307,1300,9298, ,CFS
SHA,H,76,INFLOW,20130307,1400,3377, ,CFS
SHA,H,76,INFLOW,20130307,1500,6263, ,CFS
SHA,H,76,INFLOW,20130307,1600,6468, ,CFS
SHA,H,76,INFLOW,20130307,1700,3709, ,CFS
SHA,H,76,INFLOW,20130307,1800,9015, ,CFS
SHA,H,76,INFLOW,20130307,1900,14006, ,CFS
SHA,H,76,INFLOW,20130307,2000,7756, ,CFS
SHA,H,76,INFLOW,20130307,2100,10991, ,CFS
SHA,H,76,INFLOW,20130307,2200,6799, ,CFS
SHA,H,76,INFLOW,20130307,2300,10405, ,CFS
SHA,H,76,INFLOW,20130308,0000,7534, ,CFS
SHA,H,76,INFLOW,20130308,0100,6382, ,CFS
SHA,H,76,INFLOW,20130308,0200,9453, ,CFS
SHA,H,76,INFLOW,20130308,0300,6318, ,CFS
SHA,H,76,INFLOW,20130308,0400,9446, ,CFS
SHA,H,76,INFLOW,20130308,0500,6461, ,CFS
SHA,H,76,INFLOW,20130308,0600,5890, ,CFS
SHA,H,76,INFLOW,20130308,0700,11328, ,CFS
SHA,H,76,INFLOW,20130308,0800,6337, ,CFS
SHA,H,76,INFLOW,20130308,0900,9948, ,CFS
SHA,H,76,INFLOW,20130308,1000,2320, ,CFS
SHA,H,76,INFLOW,20130308,1100,4936, ,CFS
SHA,H,76,INFLOW,20130308,1200,4573, ,CFS
SHA,H,76,INFLOW,20130308,1300,1172, ,CFS
SHA,H,76,INFLOW,20130308,1400,7469, ,CFS
SHA,H,76,INFLOW,20130308,1500,10675, ,CFS
SHA,H,76,INFLOW,20130308,1600,4648, ,CFS
SHA,H,76,INFLOW,20130308,1700,8315, ,CFS
SHA,H,76,INFLOW,20130308,1800,12073, ,CFS
SHA,H,76,INFLOW,20130308,1900,5834, ,CFS
SHA,H,76,INFLOW,20130308,2000,8964, ,CFS
SHA,H,76,INFLOW,20130308,2100,11843, ,CFS
SHA,H,76,INFLOW,20130308,2200,4508, ,CFS
SHA,H,76,INFLOW,20130308,2300,13250, ,CFS
SHA,H,76,INFLOW,20130309,0000,8969, ,CFS
SHA,H,76,INFLOW,20130309,0100,6472, ,CFS
SHA,H,76,INFLOW,20130309,0200,86, ,CFS
SHA,H,76,INFLOW,20130309,0300,3221, ,CFS
SHA,H,76,INFLOW,20130309,0400,9470, ,CFS
SHA,H,76,INFLOW,20130309,0500,6338, ,CFS
SHA,H,76,INFLOW,20130309,0600,166, ,CFS
SHA,H,76,INFLOW,20130309,0700,11069, ,CFS
SHA,H,76,INFLOW,20130309,0800,1825, ,CFS
SHA,H,76,INFLOW,20130309,0900,8334, ,CFS
SHA,H,76,INFLOW,20130309,1000,8789, ,CFS
SHA,H,76,INFLOW,20130309,1100,7837, ,CFS
SHA,H,76,INFLOW,20130309,1200,4660, ,CFS
SHA,H,76,INFLOW,20130309,1300,13967, ,CFS
SHA,H,76,INFLOW,20130309,1400,4549, ,CFS
SHA,H,76,INFLOW,20130309,1500,1272, ,CFS
SHA,H,76,INFLOW,20130309,1600,4493, ,CFS
SHA,H,76,INFLOW,20130309,1700,4488, ,CFS
SHA,H,76,INFLOW,20130309,1800,8219, ,CFS
SHA,H,76,INFLOW,20130309,1900,5944, ,CFS
SHA,H,76,INFLOW,20130309,2000,9358, ,CFS
SHA,H,76,INFLOW,20130309,2100,8838, ,CFS
SHA,H,76,INFLOW,20130309,2200,5721, ,CFS
SHA,H,76,INFLOW,20130309,2300,9844, ,CFS
SHA,H,76,INFLOW,20130310,0000,7290, ,CFS
SHA,H,76,INFLOW,20130310,0100,---, ,CFS
SHA,H,76,INFLOW,20130310,0300,---, ,CFS
SHA,H,76,INFLOW,20130310,0400,3243, ,CFS
SHA,H,76,INFLOW,20130310,0500,6629, ,CFS
SHA,H,76,INFLOW,20130310,0600,3757, ,CFS
SHA,H,76,INFLOW,20130310,0700,7715, ,CFS
SHA,H,76,INFLOW,20130310,0800,7236, ,CFS
SHA,H,76,INFLOW,20130310,0900,10414, ,CFS
SHA,H,76,INFLOW,20130310,1000,4655, ,CFS
SHA,H,76,INFLOW,20130310,1100,10984, ,CFS
SHA,H,76,INFLOW,20130310,1200,4688, ,CFS
SHA,H,76,INFLOW,20130310,1300,5024, ,CFS
SHA,H,76,INFLOW,20130310,1400,8038, ,CFS
SHA,H,76,INFLOW,20130310,1500,1579, ,CFS
SHA,H,76,INFLOW,20130310,1600,1754, ,CFS
SHA,H,76,INFLOW,20130310,1700,7355, ,CFS
SHA,H,76,INFLOW,20130310,1800,9561, ,CFS
SHA,H,76,INFLOW,20130310,1900,6170, ,CFS
SHA,H,76,INFLOW,20130310,2000,10138, ,CFS
SHA,H,76,INFLOW,20130310,2100,10141, ,CFS
SHA,H,76,INFLOW,20130310,2200,8752, ,CFS
SHA,H,76,INFLOW,20130310,2300,5452, ,CFS
SHA,H,76,INFLOW,20130311,0000,9507, ,CFS
SHA,H,76,INFLOW,20130311,0100,3406, ,CFS
SHA,H,76,INFLOW,20130311,0200,3267, ,CFS
SHA,H,76,INFLOW,20130311,0300,6429, ,CFS
SHA,H,76,INFLOW,20130311,0400,6421, ,CFS
SHA,H,76,INFLOW,20130311,0500,3271, ,CFS
SHA,H,76,INFLOW,20130311,0600,7000, ,CFS
SHA,H,76,INFLOW,20130311,0700,4815, ,CFS
SHA,H,76,INFLOW,20130311,0800,8051, ,CFS
SHA,H,76,INFLOW,20130311,0900,8157, ,CFS
SHA,H,76,INFLOW,20130311,1000,6191, ,CFS
SHA,H,76,INFLOW,20130311,1100,6007, ,CFS
SHA,H,76,INFLOW,20130311,1200,9166, ,CFS
SHA,H,76,INFLOW,20130311,1300,4010, ,CFS
SHA,H,76,INFLOW,20130311,1400,10197, ,CFS
SHA,H,76,INFLOW,20130311,1500,3903, ,CFS
SHA,H,76,INFLOW,20130311,1600,7158, ,CFS
SHA,H,76,INFLOW,20130311,1700,6125, ,CFS
SHA,H,76,INFLOW,20130311,1800,7651, ,CFS
SHA,H,76,INFLOW,20130311,1900,8401, ,CFS
SHA,H,76,INFLOW,20130311,2000,8829, ,CFS
SHA,H,76,INFLOW,20130311,2100,8609, ,CFS
SHA,H,76,INFLOW,20130311,2200,9930, ,CFS
SHA,H,76,INFLOW,20130311,2300,4394, ,CFS
SHA,H,76,INFLOW,20130312,0000,6357, ,CFS
SHA,H,76,INFLOW,20130312,0100,3448, ,CFS
SHA,H,76,INFLOW,20130312,0200,6432, ,CFS
SHA,H,76,INFLOW,20130312,0300,-2982, ,CFS
SHA,H,76,INFLOW,20130312,0400,6448, ,CFS
SHA,H,76,INFLOW,20130312,0500,276, ,CFS
SHA,H,76,INFLOW,20130312,0600,4922, ,CFS
SHA,H,76,INFLOW,20130312,0700,2444, ,CFS
SHA,H,76,INFLOW,20130312,0800,8966, ,CFS
SHA,H,76,INFLOW,20130312,0900,3192, ,CFS
SHA,H,76,INFLOW,20130312,1000,6122, ,CFS
SHA,H,76,INFLOW,20130312,1100,3007, ,CFS
SHA,H,76,INFLOW,20130312,1200,2517, ,CFS
SHA,H,76,INFLOW,20130312,1300,8415, ,CFS
SHA,H,76,INFLOW,20130312,1400,2248, ,CFS
SHA,H,76,INFLOW,20130312,1500,5452, ,CFS
SHA,H,76,INFLOW,20130312,1600,5496, ,CFS
SHA,H,76,INFLOW,20130312,1700,1128, ,CFS
SHA,H,76,INFLOW,20130312,1800,7423, ,CFS
SHA,H,76,INFLOW,20130312,1900,5669, ,CFS
SHA,H,76,INFLOW,20130312,2000,9164, ,CFS
SHA,H,76,INFLOW,20130312,2100,11762, ,CFS
SHA,H,76,INFLOW,20130312,2200,8445, ,CFS
SHA,H,76,INFLOW,20130312,2300,2217, ,CFS
SHA,H,76,INFLOW,20130313,0000,7443, ,CFS
SHA,H,76,INFLOW,20130313,0100,3372, ,CFS
SHA,H,76,INFLOW,20130313,0200,3280, ,CFS
SHA,H,76,INFLOW,20130313,0300,3359, ,CFS
SHA,H,76,INFLOW,20130313,0400,3280, ,CFS
SHA,H,76,INFLOW,20130313,0500,176, ,CFS
SHA,H,76,INFLOW,20130313,0600,3977, ,CFS
SHA,H,76,INFLOW,20130313,0700,3523, ,CFS
SHA,H,76,INFLOW,20130313,0800,9802, ,CFS
SHA,H,76,INFLOW,20130313,0900,4856, ,CFS
SHA,H,76,INFLOW,20130313,1000,4650, ,CFS
SHA,H,76,INFLOW,20130313,1100,2270, ,CFS
SHA,H,76,INFLOW,20130313,1200,4646, ,CFS
SHA,H,76,INFLOW,20130313,1300,5037, ,CFS
SHA,H,76,INFLOW,20130313,1400,5382, ,CFS
SHA,H,76,INFLOW,20130313,1500,5353, ,CFS
SHA,H,76,INFLOW,20130313,1600,5101, ,CFS
SHA,H,76,INFLOW,20130313,1700,5571, ,CFS
SHA,H,76,INFLOW,20130313,1800,4306, ,CFS
SHA,H,76,INFLOW,20130313,1900,9128, ,CFS
SHA,H,76,INFLOW,20130313,2000,6528, ,CFS
SHA,H,76,INFLOW,20130313,2100,9626, ,CFS
SHA,H,76,INFLOW,20130313,2200,9075, ,CFS
SHA,H,76,INFLOW,20130313,2300,3892, ,CFS
SHA,H,76,INFLOW,20130314,0000,5650, ,CFS
SHA,H,76,INFLOW,20130314,0100,3372, ,CFS
SHA,H,76,INFLOW,20130314,0200,6401, ,CFS
SHA,H,76,INFLOW,20130314,0300,6389, ,CFS
SHA,H,76,INFLOW,20130314,0400,6389, ,CFS
SHA,H,76,INFLOW,20130314,0500,3249, ,CFS
SHA,H,76,INFLOW,20130314,0600,6744, ,CFS
SHA,H,76,INFLOW,20130314,0700,3364, ,CFS
SHA,H,76,INFLOW,20130314,0800,10118, ,CFS
SHA,H,76,INFLOW,20130314,0900,5328, ,CFS
SHA,H,76,INFLOW,20130314,1000,6387, ,CFS
SHA,H,76,INFLOW,20130314,1100,6965, ,CFS
SHA,H,76,INFLOW,20130314,1200,1768, ,CFS
SHA,H,76,INFLOW,20130314,1300,12377, ,CFS
SHA,H,76,INFLOW,20130314,1400,6917, ,CFS
SHA,H,76,INFLOW,20130314,1500,6399, ,CFS
SHA,H,76,INFLOW,20130314,1600,9240, ,CFS
SHA,H,76,INFLOW,20130314,1700,8761, ,CFS
SHA,H,76,INFLOW,20130314,1800,2769, ,CFS
SHA,H,76,INFLOW,20130314,1900,12730, ,CFS
SHA,H,76,INFLOW,20130314,2000,4537, ,CFS
SHA,H,76,INFLOW,20130314,2100,10660, ,CFS
SHA,H,76,INFLOW,20130314,2200,7415, ,CFS
SHA,H,76,INFLOW,20130314,2300,6897, ,CFS
SHA,H,76,INFLOW,20130315,0000,10157, ,CFS
SHA,H,76,INFLOW,20130315,0100,3278, ,CFS
SHA,H,76,INFLOW,20130315,0200,3267, ,CFS
SHA,H,76,INFLOW,20130315,0300,6414, ,CFS
SHA,H,76,INFLOW,20130315,0400,9552, ,CFS
SHA,H,76,INFLOW,20130315,0500,3476, ,CFS
SHA,H,76,INFLOW,20130315,0600,4027, ,CFS
SHA,H,76,INFLOW,20130315,0700,6154, ,CFS
SHA,H,76,INFLOW,20130315,0800,5217, ,CFS
SHA,H,76,INFLOW,20130315,0900,10459, ,CFS
SHA,H,76,INFLOW,20130315,1000,6099, ,CFS
SHA,H,76,INFLOW,20130315,1100,5979, ,CFS
SHA,H,76,INFLOW,20130315,1200,2839, ,CFS
SHA,H,76,INFLOW,20130315,1300,9413, ,CFS
SHA,H,76,INFLOW,20130315,1400,7571, ,CFS
SHA,H,76,INFLOW,20130315,1500,7488, ,CFS
SHA,H,76,INFLOW,20130315,1600,7680, ,CFS
SHA,H,76,INFLOW,20130315,1700,6036, ,CFS
SHA,H,76,INFLOW,20130315,1800,7124, ,CFS
SHA,H,76,INFLOW,20130315,1900,5117, ,CFS
SHA,H,76,INFLOW,20130315,2000,8412, ,CFS
SHA,H,76,INFLOW,20130315,2100,8566, ,CFS
SHA,H,76,INFLOW,20130315,2200,10982, ,CFS
SHA,H,76,INFLOW,20130315,2300,3955, ,CFS
SHA,H,76,INFLOW,20130316,0000,6626, ,CFS
SHA,H,76,INFLOW,20130316,0100,3382, ,CFS
SHA,H,76,INFLOW,20130316,0200,6367, ,CFS
SHA,H,76,INFLOW,20130316,0300,6358, ,CFS
SHA,H,76,INFLOW,20130316,0400,3214, ,CFS
SHA,H,76,INFLOW,20130316,0500,6359, ,CFS
SHA,H,76,INFLOW,20130316,0600,326, ,CFS
SHA,H,76,INFLOW,20130316,0700,6434, ,CFS
SHA,H,76,INFLOW,20130316,0800,3312, ,CFS
SHA,H,76,INFLOW,20130316,0900,4683, ,CFS
SHA,H,76,INFLOW,20130316,1000,9066, ,CFS
SHA,H,76,INFLOW,20130316,1100,2710, ,CFS
SHA,H,76,INFLOW,20130316,1200,15158, ,CFS
SHA,H,76,INFLOW,20130316,1300,3470, ,CFS
SHA,H,76,INFLOW,20130316,1400,13537, ,CFS
SHA,H,76,INFLOW,20130316,1500,7280, ,CFS
SHA,H,76,INFLOW,20130316,1600,7295, ,CFS
SHA,H,76,INFLOW,20130316,1700,10458, ,CFS
SHA,H,76,INFLOW,20130316,1800,904, ,CFS
SHA,H,76,INFLOW,20130316,1900,6808, ,CFS
SHA,H,76,INFLOW,20130316,2000,6526, ,CFS
SHA,H,76,INFLOW,20130316,2100,6773, ,CFS
SHA,H,76,INFLOW,20130316,2200,6852, ,CFS
SHA,H,76,INFLOW,20130316,2300,8063, ,CFS
SHA,H,76,INFLOW,20130317,0000,9489, ,CFS
SHA,H,76,INFLOW,20130317,0100,6894, ,CFS
SHA,H,76,INFLOW,20130317,0200,3420, ,CFS
SHA,H,76,INFLOW,20130317,0300,3282, ,CFS
SHA,H,76,INFLOW,20130317,0400,3280, ,CFS
SHA,H,76,INFLOW,20130317,0500,6421, ,CFS
SHA,H,76,INFLOW,20130317,0600,253, ,CFS
SHA,H,76,INFLOW,20130317,0700,2196, ,CFS
SHA,H,76,INFLOW,20130317,0800,5832, ,CFS
SHA,H,76,INFLOW,20130317,0900,6740, ,CFS
SHA,H,76,INFLOW,20130317,1000,10112, ,CFS
SHA,H,76,INFLOW,20130317,1100,4455, ,CFS
SHA,H,76,INFLOW,20130317,1200,6459, ,CFS
SHA,H,76,INFLOW,20130317,1300,12832, ,CFS
SHA,H,76,INFLOW,20130317,1400,4767, ,CFS
SHA,H,76,INFLOW,20130317,1500,11049, ,CFS
SHA,H,76,INFLOW,20130317,1600,11060, ,CFS
SHA,H,76,INFLOW,20130317,1700,8340, ,CFS
SHA,H,76,INFLOW,20130317,1800,7580, ,CFS
SHA,H,76,INFLOW,20130317,1900,9172, ,CFS
SHA,H,76,INFLOW,20130317,2000,9483, ,CFS
SHA,H,76,INFLOW,20130317,2100,9480, ,CFS
SHA,H,76,INFLOW,20130317,2200,8918, ,CFS
SHA,H,76,INFLOW,20130317,2300,9205, ,CFS
SHA,H,76,INFLOW,20130318,0000,7706, ,CFS
SHA,H,76,INFLOW,20130318,0100,3460, ,CFS
SHA,H,76,INFLOW,20130318,0200,6435, ,CFS
SHA,H,76,INFLOW,20130318,0300,3287, ,CFS
SHA,H,76,INFLOW,20130318,0400,395, ,CFS
SHA,H,76,INFLOW,20130318,0500,3615, ,CFS
SHA,H,76,INFLOW,20130318,0600,3870, ,CFS
SHA,H,76,INFLOW,20130318,0700,719, ,CFS
SHA,H,76,INFLOW,20130318,0800,8587, ,CFS
SHA,H,76,INFLOW,20130318,0900,4988, ,CFS
SHA,H,76,INFLOW,20130318,1000,2909, ,CFS
SHA,H,76,INFLOW,20130318,1100,6128, ,CFS
SHA,H,76,INFLOW,20130318,1200,6122, ,CFS
SHA,H,76,INFLOW,20130318,1300,8447, ,CFS
SHA,H,76,INFLOW,20130318,1400,5978, ,CFS
SHA,H,76,INFLOW,20130318,1500,9118, ,CFS
SHA,H,76,INFLOW,20130318,1600,9037, ,CFS
SHA,H,76,INFLOW,20130318,1700,6414, ,CFS
SHA,H,76,INFLOW,20130318,1800,7783, ,CFS
SHA,H,76,INFLOW,20130318,1900,5363, ,CFS
SHA,H,76,INFLOW,20130318,2000,11897, ,CFS
SHA,H,76,INFLOW,20130318,2100,5771, ,CFS
SHA,H,76,INFLOW,20130318,2200,11271, ,CFS
SHA,H,76,INFLOW,20130318,2300,4870, ,CFS
SHA,H,76,INFLOW,20130319,0000,8387, ,CFS
SHA,H,76,INFLOW,20130319,0100,3514, ,CFS
SHA,H,76,INFLOW,20130319,0200,9581, ,CFS
SHA,H,76,INFLOW,20130319,0300,102, ,CFS
SHA,H,76,INFLOW,20130319,0400,3341, ,CFS
SHA,H,76,INFLOW,20130319,0500,3575, ,CFS
SHA,H,76,INFLOW,20130319,0600,-1159, ,CFS
SHA,H,76,INFLOW,20130319,0700,4248, ,CFS
SHA,H,76,INFLOW,20130319,0800,5414, ,CFS
SHA,H,76,INFLOW,20130319,0900,4896, ,CFS
SHA,H,76,INFLOW,20130319,1000,7062, ,CFS
SHA,H,76,INFLOW,20130319,1100,3700, ,CFS
SHA,H,76,INFLOW,20130319,1200,8909, ,CFS
SHA,H,76,INFLOW,20130319,1300,4757, ,CFS
SHA,H,76,INFLOW,20130319,1400,6790, ,CFS
SHA,H,76,INFLOW,20130319,1500,3581, ,CFS
SHA,H,76,INFLOW,20130319,1600,11085, ,CFS
SHA,H,76,INFLOW,20130319,1700,9783, ,CFS
SHA,H,76,INFLOW,20130319,1800,3590, ,CFS
SHA,H,76,INFLOW,20130319,1900,10171, ,CFS
SHA,H,76,INFLOW,20130319,2000,7516, ,CFS
SHA,H,76,INFLOW,20130319,2100,7714, ,CFS
SHA,H,76,INFLOW,20130319,2200,8825, ,CFS
SHA,H,76,INFLOW,20130319,2300,10032, ,CFS
SHA,H,76,INFLOW,20130320,0000,2573, ,CFS
SHA,H,76,INFLOW,20130320,0100,10204, ,CFS
SHA,H,76,INFLOW,20130320,0200,4406, ,CFS
SHA,H,76,INFLOW,20130320,0300,5200, ,CFS
SHA,H,76,INFLOW,20130320,0400,11550, ,CFS
SHA,H,76,INFLOW,20130320,0500,7568, ,CFS
SHA,H,76,INFLOW,20130320,0600,14199, ,CFS
SHA,H,76,INFLOW,20130320,0700,2299, ,CFS
SHA,H,76,INFLOW,20130320,0800,14680, ,CFS
SHA,H,76,INFLOW,20130320,0900,12858, ,CFS
SHA,H,76,INFLOW,20130320,1000,6449, ,CFS
SHA,H,76,INFLOW,20130320,1100,16102, ,CFS
SHA,H,76,INFLOW,20130320,1200,6681, ,CFS
SHA,H,76,INFLOW,20130320,1300,10329, ,CFS
SHA,H,76,INFLOW,20130320,1400,10406, ,CFS
SHA,H,76,INFLOW,20130320,1500,9550, ,CFS
SHA,H,76,INFLOW,20130320,1600,9999, ,CFS
SHA,H,76,INFLOW,20130320,1700,11795, ,CFS
SHA,H,76,INFLOW,20130320,1800,15306, ,CFS
SHA,H,76,INFLOW,20130320,1900,3454, ,CFS
SHA,H,76,INFLOW,20130320,2000,10259, ,CFS
SHA,H,76,INFLOW,20130320,2100,4338, ,CFS
SHA,H,76,INFLOW,20130320,2200,16085, ,CFS
SHA,H,76,INFLOW,20130320,2300,10940, ,CFS
SHA,H,76,INFLOW,20130321,0000,12667, ,CFS
SHA,H,76,INFLOW,20130321,0100,6660, ,CFS
SHA,H,76,INFLOW,20130321,0200,3632, ,CFS
SHA,H,76,INFLOW,20130321,0300,-2686, ,CFS
SHA,H,76,INFLOW,20130321,0400,6809, ,CFS
SHA,H,76,INFLOW,20130321,0500,3740, ,CFS
SHA,H,76,INFLOW,20130321,0600,5333, ,CFS
SHA,H,76,INFLOW,20130321,0700,3952, ,CFS
SHA,H,76,INFLOW,20130321,0800,9604, ,CFS
SHA,H,76,INFLOW,20130321,0900,6199, ,CFS
SHA,H,76,INFLOW,20130321,1000,5269, ,CFS
SHA,H,76,INFLOW,20130321,1100,8023, ,CFS
SHA,H,76,INFLOW,20130321,1200,6798, ,CFS
SHA,H,76,INFLOW,20130321,1300,10595, ,CFS
SHA,H,76,INFLOW,20130321,1400,1057, ,CFS
SHA,H,76,INFLOW,20130321,1500,9943, ,CFS
SHA,H,76,INFLOW,20130321,1600,7442, ,CFS
SHA,H,76,INFLOW,20130321,1700,4824, ,CFS
SHA,H,76,INFLOW,20130321,1800,5702, ,CFS
SHA,H,76,INFLOW,20130321,1900,7392, ,CFS
SHA,H,76,INFLOW,20130321,2000,11883, ,CFS
SHA,H,76,INFLOW,20130321,2100,12120, ,CFS
SHA,H,76,INFLOW,20130321,2200,7618, ,CFS
SHA,H,76,INFLOW,20130321,2300,8334, ,CFS
SHA,H,76,INFLOW,20130322,0000,11632, ,CFS
SHA,H,76,INFLOW,20130322,0100,9742, ,CFS
SHA,H,76,INFLOW,20130322,0200,6433, ,CFS
SHA,H,76,INFLOW,20130322,0300,3234, ,CFS
SHA,H,76,INFLOW,20130322,0400,6416, ,CFS
SHA,H,76,INFLOW,20130322,0500,3316, ,CFS
SHA,H,76,INFLOW,20130322,0600,6601, ,CFS
SHA,H,76,INFLOW,20130322,0700,5688, ,CFS
SHA,H,76,INFLOW,20130322,0800,12464, ,CFS
SHA,H,76,INFLOW,20130322,0900,6294, ,CFS
SHA,H,76,INFLOW,20130322,1000,6407, ,CFS
SHA,H,76,INFLOW,20130322,1100,8891, ,CFS
SHA,H,76,INFLOW,20130322,1200,9215, ,CFS
SHA,H,76,INFLOW,20130322,1300,5463, ,CFS
SHA,H,76,INFLOW,20130322,1400,8755, ,CFS
SHA,H,76,INFLOW,20130322,1500,8850, ,CFS
SHA,H,76,INFLOW,20130322,1600,8740, ,CFS
SHA,H,76,INFLOW,20130322,1700,8731, ,CFS
SHA,H,76,INFLOW,20130322,1800,8684, ,CFS
SHA,H,76,INFLOW,20130322,1900,11609, ,CFS
SHA,H,76,INFLOW,20130322,2000,3499, ,CFS
SHA,H,76,INFLOW,20130322,2100,10594, ,CFS
SHA,H,76,INFLOW,20130322,2200,9031, ,CFS
SHA,H,76,INFLOW,20130322,2300,8427, ,CFS
SHA,H,76,INFLOW,20130323,0000,9605, ,CFS
SHA,H,76,INFLOW,20130323,0100,6738, ,CFS
SHA,H,76,INFLOW,20130323,0200,3422, ,CFS
SHA,H,76,INFLOW,20130323,0300,7951, ,CFS
SHA,H,76,INFLOW,20130323,0400,11581, ,CFS
SHA,H,76,INFLOW,20130323,0500,8608, ,CFS
SHA,H,76,INFLOW,20130323,0600,8592, ,CFS
SHA,H,76,INFLOW,20130323,0700,13091, ,CFS
SHA,H,76,INFLOW,20130323,0800,13723, ,CFS
SHA,H,76,INFLOW,20130323,0900,9368, ,CFS
SHA,H,76,INFLOW,20130323,1000,6035, ,CFS
SHA,H,76,INFLOW,20130323,1100,4748, ,CFS
SHA,H,76,INFLOW,20130323,1200,9552, ,CFS
SHA,H,76,INFLOW,20130323,1300,5331, ,CFS
SHA,H,76,INFLOW,20130323,1400,4653, ,CFS
SHA,H,76,INFLOW,20130323,1500,10840, ,CFS
SHA,H,76,INFLOW,20130323,1600,4509, ,CFS
SHA,H,76,INFLOW,20130323,1700,10303, ,CFS
SHA,H,76,INFLOW,20130323,1800,7359, ,CFS
SHA,H,76,INFLOW,20130323,1900,6229, ,CFS
SHA,H,76,INFLOW,20130323,2000,11269, ,CFS
SHA,H,76,INFLOW,20130323,2100,8401, ,CFS
SHA,H,76,INFLOW,20130323,2200,7890, ,CFS
SHA,H,76,INFLOW,20130323,2300,10865, ,CFS
SHA,H,76,INFLOW,20130324,0000,5901, ,CFS
SHA,H,76,INFLOW,20130324,0100,6611, ,CFS
SHA,H,76,INFLOW,20130324,0200,3314, ,CFS
SHA,H,76,INFLOW,20130324,0300,6488, ,CFS
SHA,H,76,INFLOW,20130324,0400,6488, ,CFS
SHA,H,76,INFLOW,20130324,0500,3314, ,CFS
SHA,H,76,INFLOW,20130324,0600,6627, ,CFS
SHA,H,76,INFLOW,20130324,0700,5856, ,CFS
SHA,H,76,INFLOW,20130324,0800,5972, ,CFS
SHA,H,76,INFLOW,20130324,0900,6962, ,CFS
SHA,H,76,INFLOW,20130324,1000,3038, ,CFS
SHA,H,76,INFLOW,20130324,1100,6170, ,CFS
SHA,H,76,INFLOW,20130324,1200,6171, ,CFS
SHA,H,76,INFLOW,20130324,1300,6069, ,CFS
SHA,H,76,INFLOW,20130324,1400,6338, ,CFS
SHA,H,76,INFLOW,20130324,1500,9308, ,CFS
SHA,H,76,INFLOW,20130324,1600,7802, ,CFS
SHA,H,76,INFLOW,20130324,1700,4568, ,CFS
SHA,H,76,INFLOW,20130324,1800,5767, ,CFS
SHA,H,76,INFLOW,20130324,1900,7486, ,CFS
SHA,H,76,INFLOW,20130324,2000,6981, ,CFS
SHA,H,76,INFLOW,20130324,2100,10695, ,CFS
SHA,H,76,INFLOW,20130324,2200,8085, ,CFS
SHA,H,76,INFLOW,20130324,2300,8132, ,CFS
SHA,H,76,INFLOW,20130325,0000,10176, ,CFS
SHA,H,76,INFLOW,20130325,0100,1324, ,CFS
SHA,H,76,INFLOW,20130325,0200,4236, ,CFS
SHA,H,76,INFLOW,20130325,0300,1680, ,CFS
SHA,H,76,INFLOW,20130325,0400,4788, ,CFS
SHA,H,76,INFLOW,20130325,0500,1770, ,CFS
SHA,H,76,INFLOW,20130325,0600,2900, ,CFS
SHA,H,76,INFLOW,20130325,0700,3380, ,CFS
SHA,H,76,INFLOW,20130325,0800,1324, ,CFS
SHA,H,76,INFLOW,20130325,0900,3988, ,CFS
SHA,H,76,INFLOW,20130325,1000,2962, ,CFS
SHA,H,76,INFLOW,20130325,1100,6441, ,CFS
SHA,H,76,INFLOW,20130325,1200,11409, ,CFS
SHA,H,76,INFLOW,20130325,1300,7202, ,CFS
SHA,H,76,INFLOW,20130325,1400,10157, ,CFS
SHA,H,76,INFLOW,20130325,1500,6989, ,CFS
SHA,H,76,INFLOW,20130325,1600,7222, ,CFS
SHA,H,76,INFLOW,20130325,1700,7402, ,CFS
SHA,H,76,INFLOW,20130325,1800,318, ,CFS
SHA,H,76,INFLOW,20130325,1900,3394, ,CFS
SHA,H,76,INFLOW,20130325,2000,12720, ,CFS
SHA,H,76,INFLOW,20130325,2100,6776, ,CFS
SHA,H,76,INFLOW,20130325,2200,16050, ,CFS
SHA,H,76,INFLOW,20130325,2300,12079, ,CFS
SHA,H,76,INFLOW,20130326,0000,3201, ,CFS
SHA,H,76,INFLOW,20130326,0100,3945, ,CFS
SHA,H,76,INFLOW,20130326,0200,6933, ,CFS
SHA,H,76,INFLOW,20130326,0300,724, ,CFS
SHA,H,76,INFLOW,20130326,0400,6843, ,CFS
SHA,H,76,INFLOW,20130326,0500,609, ,CFS
SHA,H,76,INFLOW,20130326,0600,839, ,CFS
SHA,H,76,INFLOW,20130326,0700,3499, ,CFS
SHA,H,76,INFLOW,20130326,0800,3679, ,CFS
SHA,H,76,INFLOW,20130326,0900,6303, ,CFS
SHA,H,76,INFLOW,20130326,1000,6284, ,CFS
SHA,H,76,INFLOW,20130326,1100,6266, ,CFS
SHA,H,76,INFLOW,20130326,1200,6163, ,CFS
SHA,H,76,INFLOW,20130326,1300,9349, ,CFS
SHA,H,76,INFLOW,20130326,1400,6249, ,CFS
SHA,H,76,INFLOW,20130326,1500,6239, ,CFS
SHA,H,76,INFLOW,20130326,1600,6273, ,CFS
SHA,H,76,INFLOW,20130326,1700,6799, ,CFS
SHA,H,76,INFLOW,20130326,1800,4713, ,CFS
SHA,H,76,INFLOW,20130326,1900,10548, ,CFS
SHA,H,76,INFLOW,20130326,2000,9149, ,CFS
SHA,H,76,INFLOW,20130326,2100,6256, ,CFS
SHA,H,76,INFLOW,20130326,2200,11312, ,CFS
SHA,H,76,INFLOW,20130326,2300,9419, ,CFS
SHA,H,76,INFLOW,20130327,0000,5874, ,CFS
SHA,H,76,INFLOW,20130327,0100,3722, ,CFS
SHA,H,76,INFLOW,20130327,0200,3614, ,CFS
SHA,H,76,INFLOW,20130327,0300,6800, ,CFS
SHA,H,76,INFLOW,20130327,0400,3609, ,CFS
SHA,H,76,INFLOW,20130327,0500,3662, ,CFS
SHA,H,76,INFLOW,20130327,0600,431, ,CFS
SHA,H,76,INFLOW,20130327,0700,6854, ,CFS
SHA,H,76,INFLOW,20130327,0800,7938, ,CFS
SHA,H,76,INFLOW,20130327,0900,3126, ,CFS
SHA,H,76,INFLOW,20130327,1000,9896, ,CFS
SHA,H,76,INFLOW,20130327,1100,6434, ,CFS
SHA,H,76,INFLOW,20130327,1200,6732, ,CFS
SHA,H,76,INFLOW,20130327,1300,6931, ,CFS
SHA,H,76,INFLOW,20130327,1400,7942, ,CFS
SHA,H,76,INFLOW,20130327,1500,4590, ,CFS
SHA,H,76,INFLOW,20130327,1600,7936, ,CFS
SHA,H,76,INFLOW,20130327,1700,4716, ,CFS
SHA,H,76,INFLOW,20130327,1800,6769, ,CFS
SHA,H,76,INFLOW,20130327,1900,6625, ,CFS
SHA,H,76,INFLOW,20130327,2000,9124, ,CFS
SHA,H,76,INFLOW,20130327,2100,9213, ,CFS
SHA,H,76,INFLOW,20130327,2200,3784, ,CFS
SHA,H,76,INFLOW,20130327,2300,10501, ,CFS
SHA,H,76,INFLOW,20130328,0000,7843, ,CFS
SHA,H,76,INFLOW,20130328,0100,3958, ,CFS
SHA,H,76,INFLOW,20130328,0200,3712, ,CFS
SHA,H,76,INFLOW,20130328,0300,4637, ,CFS
SHA,H,76,INFLOW,20130328,0400,1385, ,CFS
SHA,H,76,INFLOW,20130328,0500,5004, ,CFS
SHA,H,76,INFLOW,20130328,0600,-1306, ,CFS
SHA,H,76,INFLOW,20130328,0700,4102, ,CFS
SHA,H,76,INFLOW,20130328,0800,6413, ,CFS
SHA,H,76,INFLOW,20130328,0900,9234, ,CFS
SHA,H,76,INFLOW,20130328,1000,10962, ,CFS
SHA,H,76,INFLOW,20130328,1100,3485, ,CFS
SHA,H,76,INFLOW,20130328,1200,3965, ,CFS
SHA,H,76,INFLOW,20130328,1300,12630, ,CFS
SHA,H,76,INFLOW,20130328,1400,7399, ,CFS
SHA,H,76,INFLOW,20130328,1500,8875, ,CFS
SHA,H,76,INFLOW,20130328,1600,8923, ,CFS
SHA,H,76,INFLOW,20130328,1700,2719, ,CFS
SHA,H,76,INFLOW,20130328,1800,6683, ,CFS
SHA,H,76,INFLOW,20130328,1900,6895, ,CFS
SHA,H,76,INFLOW,20130328,2000,11061, ,CFS
SHA,H,76,INFLOW,20130328,2100,8357, ,CFS
SHA,H,76,INFLOW,20130328,2200,10096, ,CFS
SHA,H,76,INFLOW,20130328,2300,6555, ,CFS
SHA,H,76,INFLOW,20130329,0000,7078, ,CFS
SHA,H,76,INFLOW,20130329,0100,7951, ,CFS
SHA,H,76,INFLOW,20130329,0200,4342, ,CFS
SHA,H,76,INFLOW,20130329,0300,4346, ,CFS
SHA,H,76,INFLOW,20130329,0400,7540, ,CFS
SHA,H,76,INFLOW,20130329,0500,4552, ,CFS
SHA,H,76,INFLOW,20130329,0600,5001, ,CFS
SHA,H,76,INFLOW,20130329,0700,5569, ,CFS
SHA,H,76,INFLOW,20130329,0800,1371, ,CFS
SHA,H,76,INFLOW,20130329,0900,7237, ,CFS
SHA,H,76,INFLOW,20130329,1000,7392, ,CFS
SHA,H,76,INFLOW,20130329,1100,4135, ,CFS
SHA,H,76,INFLOW,20130329,1200,4571, ,CFS
SHA,H,76,INFLOW,20130329,1300,6708, ,CFS
SHA,H,76,INFLOW,20130329,1400,6621, ,CFS
SHA,H,76,INFLOW,20130329,1500,9622, ,CFS
SHA,H,76,INFLOW,20130329,1600,6630, ,CFS
SHA,H,76,INFLOW,20130329,1700,9510, ,CFS
SHA,H,76,INFLOW,20130329,1800,5655, ,CFS
SHA,H,76,INFLOW,20130329,1900,6473, ,CFS
SHA,H,76,INFLOW,20130329,2000,6971, ,CFS
SHA,H,76,INFLOW,20130329,2100,9931, ,CFS
SHA,H,76,INFLOW,20130329,2200,8640, ,CFS
SHA,H,76,INFLOW,20130329,2300,7505, ,CFS
SHA,H,76,INFLOW,20130330,0000,7291, ,CFS
SHA,H,76,INFLOW,20130330,0100,5997, ,CFS
SHA,H,76,INFLOW,20130330,0200,8758, ,CFS
SHA,H,76,INFLOW,20130330,0300,5526, ,CFS
SHA,H,76,INFLOW,20130330,0400,5470, ,CFS
SHA,H,76,INFLOW,20130330,0500,5653, ,CFS
SHA,H,76,INFLOW,20130330,0600,5869, ,CFS
SHA,H,76,INFLOW,20130330,0700,5577, ,CFS
SHA,H,76,INFLOW,20130330,0800,5364, ,CFS
SHA,H,76,INFLOW,20130330,0900,8185, ,CFS
SHA,H,76,INFLOW,20130330,1000,5342, ,CFS
SHA,H,76,INFLOW,20130330,1100,6439, ,CFS
SHA,H,76,INFLOW,20130330,1200,6358, ,CFS
SHA,H,76,INFLOW,20130330,1300,5050, ,CFS
SHA,H,76,INFLOW,20130330,1400,7450, ,CFS
SHA,H,76,INFLOW,20130330,1500,10556, ,CFS
SHA,H,76,INFLOW,20130330,1600,4207, ,CFS
SHA,H,76,INFLOW,20130330,1700,8811, ,CFS
SHA,H,76,INFLOW,20130330,1800,7645, ,CFS
SHA,H,76,INFLOW,20130330,1900,15777, ,CFS
SHA,H,76,INFLOW,20130330,2000,-1089, ,CFS
SHA,H,76,INFLOW,20130330,2100,11746, ,CFS
SHA,H,76,INFLOW,20130330,2200,8161, ,CFS
SHA,H,76,INFLOW,20130330,2300,2559, ,CFS
SHA,H,76,INFLOW,20130331,0000,12489, ,CFS
SHA,H,76,INFLOW,20130331,0100,9403, ,CFS
SHA,H,76,INFLOW,20130331,0200,5961, ,CFS
SHA,H,76,INFLOW,20130331,0300,15517, ,CFS
SHA,H,76,INFLOW,20130331,0400,11969, ,CFS
SHA,H,76,INFLOW,20130331,0500,15215, ,CFS
SHA,H,76,INFLOW,20130331,0600,15588, ,CFS
SHA,H,76,INFLOW,20130331,0700,11325, ,CFS
SHA,H,76,INFLOW,20130331,0800,8503, ,CFS
SHA,H,76,INFLOW,20130331,0900,8704, ,CFS
SHA,H,76,INFLOW,20130331,1000,12326, ,CFS
SHA,H,76,INFLOW,20130331,1100,5834, ,CFS
SHA,H,76,INFLOW,20130331,1200,15725, ,CFS
SHA,H,76,INFLOW,20130331,1300,8156, ,CFS
SHA,H,76,INFLOW,20130331,1400,8962, ,CFS
SHA,H,76,INFLOW,20130331,1500,12187, ,CFS
SHA,H,76,INFLOW,20130331,1600,8753, ,CFS
SHA,H,76,INFLOW,20130331,1700,5423, ,CFS
SHA,H,76,INFLOW,20130331,1800,9856, ,CFS
SHA,H,76,INFLOW,20130331,1900,6948, ,CFS
SHA,H,76,INFLOW,20130331,2000,4613, ,CFS
SHA,H,76,INFLOW,20130331,2100,11195, ,CFS
SHA,H,76,INFLOW,20130331,2200,10920, ,CFS
SHA,H,76,INFLOW,20130331,2300,5504, ,CFS
SHA,H,76,INFLOW,20130401,0000,13225, ,CFS
SHA,H,76,INFLOW,20130401,0100,6736, ,CFS
SHA,H,76,INFLOW,20130401,0200,6572, ,CFS
SHA,H,76,INFLOW,20130401,0300,6572, ,CFS
SHA,H,76,INFLOW,20130401,0400,3624, ,CFS
SHA,H,76,INFLOW,20130401,0500,6729, ,CFS
SHA,H,76,INFLOW,20130401,0600,3989, ,CFS
SHA,H,76,INFLOW,20130401,0700,9096, ,CFS
SHA,H,76,INFLOW,20130401,0800,7200, ,CFS
SHA,H,76,INFLOW,20130401,0900,10669, ,CFS
SHA,H,76,INFLOW,20130401,1000,7394, ,CFS
SHA,H,76,INFLOW,20130401,1100,9642, ,CFS
SHA,H,76,INFLOW,20130401,1200,9143, ,CFS
SHA,H,76,INFLOW,20130401,1300,11104, ,CFS
SHA,H,76,INFLOW,20130401,1400,7622, ,CFS
SHA,H,76,INFLOW,20130401,1500,7874, ,CFS
SHA,H,76,INFLOW,20130401,1600,9678, ,CFS
SHA,H,76,INFLOW,20130401,1700,8854, ,CFS
SHA,H,76,INFLOW,20130401,1800,8386, ,CFS
SHA,H,76,INFLOW,20130401,1900,6726, ,CFS
SHA,H,76,INFLOW,20130401,2000,9522, ,CFS
SHA,H,76,INFLOW,20130401,2100,9927, ,CFS
SHA,H,76,INFLOW,20130401,2200,9174, ,CFS
SHA,H,76,INFLOW,20130401,2300,9617, ,CFS
SHA,H,76,INFLOW,20130402,0000,3916, ,CFS
SHA,H,76,INFLOW,20130402,0100,6714, ,CFS
SHA,H,76,INFLOW,20130402,0200,10111, ,CFS
SHA,H,76,INFLOW,20130402,0300,6855, ,CFS
SHA,H,76,INFLOW,20130402,0400,9901, ,CFS
SHA,H,76,INFLOW,20130402,0500,6535, ,CFS
SHA,H,76,INFLOW,20130402,0600,3460, ,CFS
SHA,H,76,INFLOW,20130402,0700,7069, ,CFS
SHA,H,76,INFLOW,20130402,0800,9201, ,CFS
SHA,H,76,INFLOW,20130402,0900,6217, ,CFS
SHA,H,76,INFLOW,20130402,1000,7374, ,CFS
SHA,H,76,INFLOW,20130402,1100,8919, ,CFS
SHA,H,76,INFLOW,20130402,1200,3014, ,CFS
SHA,H,76,INFLOW,20130402,1300,10569, ,CFS
SHA,H,76,INFLOW,20130402,1400,7316, ,CFS
SHA,H,76,INFLOW,20130402,1500,10162, ,CFS
SHA,H,76,INFLOW,20130402,1600,10786, ,CFS
SHA,H,76,INFLOW,20130402,1700,3373, ,CFS
SHA,H,76,INFLOW,20130402,1800,10706, ,CFS
SHA,H,76,INFLOW,20130402,1900,7850, ,CFS
SHA,H,76,INFLOW,20130402,2000,8831, ,CFS
SHA,H,76,INFLOW,20130402,2100,11700, ,CFS
SHA,H,76,INFLOW,20130402,2200,5478, ,CFS
SHA,H,76,INFLOW,20130402,2300,11374, ,CFS
SHA,H,76,INFLOW,20130403,0000,7698, ,CFS
SHA,H,76,INFLOW,20130403,0100,8627, ,CFS
SHA,H,76,INFLOW,20130403,0200,4057, ,CFS
SHA,H,76,INFLOW,20130403,0300,7271, ,CFS
SHA,H,76,INFLOW,20130403,0400,7128, ,CFS
SHA,H,76,INFLOW,20130403,0500,7482, ,CFS
SHA,H,76,INFLOW,20130403,0600,4358, ,CFS
SHA,H,76,INFLOW,20130403,0700,9500, ,CFS
SHA,H,76,INFLOW,20130403,0800,6214, ,CFS
SHA,H,76,INFLOW,20130403,0900,4325, ,CFS
SHA,H,76,INFLOW,20130403,1000,8436, ,CFS
SHA,H,76,INFLOW,20130403,1100,9859, ,CFS
SHA,H,76,INFLOW,20130403,1200,1495, ,CFS
SHA,H,76,INFLOW,20130403,1300,9534, ,CFS
SHA,H,76,INFLOW,20130403,1400,11242, ,CFS
SHA,H,76,INFLOW,20130403,1500,7830, ,CFS
SHA,H,76,INFLOW,20130403,1600,9249, ,CFS
SHA,H,76,INFLOW,20130403,1700,11286, ,CFS
SHA,H,76,INFLOW,20130403,1800,5631, ,CFS
SHA,H,76,INFLOW,20130403,1900,10123, ,CFS
SHA,H,76,INFLOW,20130403,2000,5980, ,CFS
SHA,H,76,INFLOW,20130403,2100,10695, ,CFS
SHA,H,76,INFLOW,20130403,2200,9289, ,CFS
SHA,H,76,INFLOW,20130403,2300,7625, ,CFS
SHA,H,76,INFLOW,20130404,0000,6417, ,CFS
SHA,H,76,INFLOW,20130404,0100,7665, ,CFS
SHA,H,76,INFLOW,20130404,0200,7335, ,CFS
SHA,H,76,INFLOW,20130404,0300,7443, ,CFS
SHA,H,76,INFLOW,20130404,0400,4125, ,CFS
SHA,H,76,INFLOW,20130404,0500,4450, ,CFS
SHA,H,76,INFLOW,20130404,0600,8400, ,CFS
SHA,H,76,INFLOW,20130404,0700,7867, ,CFS
SHA,H,76,INFLOW,20130404,0800,11687, ,CFS
SHA,H,76,INFLOW,20130404,0900,15063, ,CFS
SHA,H,76,INFLOW,20130404,1000,4297, ,CFS
SHA,H,76,INFLOW,20130404,1100,9695, ,CFS
SHA,H,76,INFLOW,20130404,1200,9976, ,CFS
SHA,H,76,INFLOW,20130404,1300,14669, ,CFS
SHA,H,76,INFLOW,20130404,1400,17163, ,CFS
SHA,H,76,INFLOW,20130404,1500,5473, ,CFS
SHA,H,76,INFLOW,20130404,1600,-365, ,CFS
SHA,H,76,INFLOW,20130404,1700,16115, ,CFS
SHA,H,76,INFLOW,20130404,1800,9496, ,CFS
SHA,H,76,INFLOW,20130404,1900,18492, ,CFS
SHA,H,76,INFLOW,20130404,2000,13741, ,CFS
SHA,H,76,INFLOW,20130404,2100,14987, ,CFS
SHA,H,76,INFLOW,20130404,2200,7329, ,CFS
SHA,H,76,INFLOW,20130404,2300,13116, ,CFS
SHA,H,76,INFLOW,20130405,0000,6266, ,CFS
SHA,H,76,INFLOW,20130405,0100,14828, ,CFS
SHA,H,76,INFLOW,20130405,0200,5115, ,CFS
SHA,H,76,INFLOW,20130405,0300,4756, ,CFS
SHA,H,76,INFLOW,20130405,0400,11121, ,CFS
SHA,H,76,INFLOW,20130405,0500,8112, ,CFS
SHA,H,76,INFLOW,20130405,0600,8666, ,CFS
SHA,H,76,INFLOW,20130405,0700,11090, ,CFS
SHA,H,76,INFLOW,20130405,0800,5870, ,CFS
SHA,H,76,INFLOW,20130405,0900,8510, ,CFS
SHA,H,76,INFLOW,20130405,1000,11846, ,CFS
SHA,H,76,INFLOW,20130405,1100,9328, ,CFS
SHA,H,76,INFLOW,20130405,1200,12218, ,CFS
SHA,H,76,INFLOW,20130405,1300,7221, ,CFS
SHA,H,76,INFLOW,20130405,1400,8605, ,CFS
SHA,H,76,INFLOW,20130405,1500,7703, ,CFS
SHA,H,76,INFLOW,20130405,1600,10559, ,CFS
SHA,H,76,INFLOW,20130405,1700,9440, ,CFS
SHA,H,76,INFLOW,20130405,1800,12365, ,CFS
SHA,H,76,INFLOW,20130405,1900,15596, ,CFS
SHA,H,76,INFLOW,20130405,2000,6275, ,CFS
SHA,H,76,INFLOW,20130405,2100,15496, ,CFS
SHA,H,76,INFLOW,20130405,2200,2732, ,CFS
SHA,H,76,INFLOW,20130405,2300,12329, ,CFS
SHA,H,76,INFLOW,20130406,0000,9936, ,CFS
SHA,H,76,INFLOW,20130406,0100,7909, ,CFS
SHA,H,76,INFLOW,20130406,0200,14436, ,CFS
SHA,H,76,INFLOW,20130406,0300,10988, ,CFS
SHA,H,76,INFLOW,20130406,0400,7938, ,CFS
SHA,H,76,INFLOW,20130406,0500,11521, ,CFS
SHA,H,76,INFLOW,20130406,0600,8138, ,CFS
SHA,H,76,INFLOW,20130406,0700,8552, ,CFS
SHA,H,76,INFLOW,20130406,0800,8345, ,CFS
SHA,H,76,INFLOW,20130406,0900,12196, ,CFS
SHA,H,76,INFLOW,20130406,1000,-202, ,CFS
SHA,H,76,INFLOW,20130406,1100,9525, ,CFS
SHA,H,76,INFLOW,20130406,1200,9288, ,CFS
SHA,H,76,INFLOW,20130406,1300,9606, ,CFS
SHA,H,76,INFLOW,20130406,1400,9718, ,CFS
SHA,H,76,INFLOW,20130406,1500,9349, ,CFS
SHA,H,76,INFLOW,20130406,1600,5759, ,CFS
SHA,H,76,INFLOW,20130406,1700,9182, ,CFS
SHA,H,76,INFLOW,20130406,1800,9523, ,CFS
SHA,H,76,INFLOW,20130406,1900,12973, ,CFS
SHA,H,76,INFLOW,20130406,2000,3600, ,CFS
SHA,H,76,INFLOW,20130406,2100,19296, ,CFS
SHA,H,76,INFLOW,20130406,2200,3273, ,CFS
SHA,H,76,INFLOW,20130406,2300,11856, ,CFS
SHA,H,76,INFLOW,20130407,0000,13641, ,CFS
SHA,H,76,INFLOW,20130407,0100,10936, ,CFS
SHA,H,76,INFLOW,20130407,0200,4343, ,CFS
SHA,H,76,INFLOW,20130407,0300,10685, ,CFS
SHA,H,76,INFLOW,20130407,0400,7755, ,CFS
SHA,H,76,INFLOW,20130407,0500,11013, ,CFS
SHA,H,76,INFLOW,20130407,0600,4509, ,CFS
SHA,H,76,INFLOW,20130407,0700,12350, ,CFS
SHA,H,76,INFLOW,20130407,0800,13025, ,CFS
SHA,H,76,INFLOW,20130407,0900,10357, ,CFS
SHA,H,76,INFLOW,20130407,1000,12152, ,CFS
SHA,H,76,INFLOW,20130407,1100,9961, ,CFS
SHA,H,76,INFLOW,20130407,1200,17579, ,CFS
SHA,H,76,INFLOW,20130407,1300,11742, ,CFS
SHA,H,76,INFLOW,20130407,1400,17823, ,CFS
SHA,H,76,INFLOW,20130407,1500,5000, ,CFS
SHA,H,76,INFLOW,20130407,1600,1699, ,CFS
SHA,H,76,INFLOW,20130407,1700,12623, ,CFS
SHA,H,76,INFLOW,20130407,1800,9083, ,CFS
SHA,H,76,INFLOW,20130407,1900,21784, ,CFS
SHA,H,76,INFLOW,20130407,2000,-705, ,CFS
SHA,H,76,INFLOW,20130407,2100,6086, ,CFS
SHA,H,76,INFLOW,20130407,2200,12979, ,CFS
SHA,H,76,INFLOW,20130407,2300,10018, ,CFS
SHA,H,76,INFLOW,20130408,0000,8958, ,CFS
SHA,H,76,INFLOW,20130408,0100,6686, ,CFS
SHA,H,76,INFLOW,20130408,0200,6702, ,CFS
SHA,H,76,INFLOW,20130408,0300,13642, ,CFS
SHA,H,76,INFLOW,20130408,0400,10814, ,CFS
SHA,H,76,INFLOW,20130408,0500,7727, ,CFS
SHA,H,76,INFLOW,20130408,0600,14508, ,CFS
SHA,H,76,INFLOW,20130408,0700,9194, ,CFS
SHA,H,76,INFLOW,20130408,0800,6920, ,CFS
SHA,H,76,INFLOW,20130408,0900,11286, ,CFS
SHA,H,76,INFLOW,20130408,1000,5561, ,CFS
SHA,H,76,INFLOW,20130408,1100,12250, ,CFS
SHA,H,76,INFLOW,20130408,1200,9299, ,CFS
SHA,H,76,INFLOW,20130408,1300,11850, ,CFS
SHA,H,76,INFLOW,20130408,1400,11760, ,CFS
SHA,H,76,INFLOW,20130408,1500,7342, ,CFS
SHA,H,76,INFLOW,20130408,1600,7781, ,CFS
SHA,H,76,INFLOW,20130408,1700,9144, ,CFS
SHA,H,76,INFLOW,20130408,1800,9434, ,CFS
SHA,H,76,INFLOW,20130408,1900,13697, ,CFS
SHA,H,76,INFLOW,20130408,2000,3331, ,CFS
SHA,H,76,INFLOW,20130408,2100,13282, ,CFS
SHA,H,76,INFLOW,20130408,2200,14581, ,CFS
SHA,H,76,INFLOW,20130408,2300,5299, ,CFS
SHA,H,76,INFLOW,20130409,0000,6185, ,CFS
SHA,H,76,INFLOW,20130409,0100,14059, ,CFS
SHA,H,76,INFLOW,20130409,0200,13990, ,CFS
SHA,H,76,INFLOW,20130409,0300,7661, ,CFS
SHA,H,76,INFLOW,20130409,0400,10852, ,CFS
SHA,H,76,INFLOW,20130409,0500,11335, ,CFS
SHA,H,76,INFLOW,20130409,0600,8426, ,CFS
SHA,H,76,INFLOW,20130409,0700,9589, ,CFS
SHA,H,76,INFLOW,20130409,0800,11470, ,CFS
SHA,H,76,INFLOW,20130409,0900,3389, ,CFS
SHA,H,76,INFLOW,20130409,1000,8511, ,CFS
SHA,H,76,INFLOW,20130409,1100,9296, ,CFS
SHA,H,76,INFLOW,20130409,1200,8818, ,CFS
SHA,H,76,INFLOW,20130409,1300,5872, ,CFS
SHA,H,76,INFLOW,20130409,1400,9312, ,CFS
SHA,H,76,INFLOW,20130409,1500,9378, ,CFS
SHA,H,76,INFLOW,20130409,1600,9773, ,CFS
SHA,H,76,INFLOW,20130409,1700,6246, ,CFS
SHA,H,76,INFLOW,20130409,1800,6071, ,CFS
SHA,H,76,INFLOW,20130409,1900,13496, ,CFS
SHA,H,76,INFLOW,20130409,2000,9276, ,CFS
SHA,H,76,INFLOW,20130409,2100,12468, ,CFS
SHA,H,76,INFLOW,20130409,2200,9483, ,CFS
SHA,H,76,INFLOW,20130409,2300,5188, ,CFS
SHA,H,76,INFLOW,20130410,0000,11690, ,CFS
SHA,H,76,INFLOW,20130410,0100,14353, ,CFS
SHA,H,76,INFLOW,20130410,0200,7521, ,CFS
SHA,H,76,INFLOW,20130410,0300,4247, ,CFS
SHA,H,76,INFLOW,20130410,0400,4306, ,CFS
SHA,H,76,INFLOW,20130410,0500,4548, ,CFS
SHA,H,76,INFLOW,20130410,0600,4350, ,CFS
SHA,H,76,INFLOW,20130410,0700,2792, ,CFS
SHA,H,76,INFLOW,20130410,0800,7962, ,CFS
SHA,H,76,INFLOW,20130410,0900,4842, ,CFS
SHA,H,76,INFLOW,20130410,1000,11525, ,CFS
SHA,H,76,INFLOW,20130410,1100,9015, ,CFS
SHA,H,76,INFLOW,20130410,1200,12529, ,CFS
SHA,H,76,INFLOW,20130410,1300,9870, ,CFS
SHA,H,76,INFLOW,20130410,1400,7524, ,CFS
SHA,H,76,INFLOW,20130410,1500,10559, ,CFS
SHA,H,76,INFLOW,20130410,1600,11753, ,CFS
SHA,H,76,INFLOW,20130410,1700,12082, ,CFS
SHA,H,76,INFLOW,20130410,1800,1384, ,CFS
SHA,H,76,INFLOW,20130410,1900,10928, ,CFS
SHA,H,76,INFLOW,20130410,2000,11460, ,CFS
SHA,H,76,INFLOW,20130410,2100,13009, ,CFS
SHA,H,76,INFLOW,20130410,2200,9332, ,CFS
SHA,H,76,INFLOW,20130410,2300,9689, ,CFS
SHA,H,76,INFLOW,20130411,0000,8191, ,CFS
SHA,H,76,INFLOW,20130411,0100,7293, ,CFS
SHA,H,76,INFLOW,20130411,0200,10895, ,CFS
SHA,H,76,INFLOW,20130411,0300,-1952, ,CFS
SHA,H,76,INFLOW,20130411,0400,7846, ,CFS
SHA,H,76,INFLOW,20130411,0500,10852, ,CFS
SHA,H,76,INFLOW,20130411,0600,1776, ,CFS
SHA,H,76,INFLOW,20130411,0700,11104, ,CFS
SHA,H,76,INFLOW,20130411,0800,-265, ,CFS
SHA,H,76,INFLOW,20130411,0900,9743, ,CFS
SHA,H,76,INFLOW,20130411,1000,11200, ,CFS
SHA,H,76,INFLOW,20130411,1100,7707, ,CFS
SHA,H,76,INFLOW,20130411,1200,7305, ,CFS
SHA,H,76,INFLOW,20130411,1300,4511, ,CFS
SHA,H,76,INFLOW,20130411,1400,5460, ,CFS
SHA,H,76,INFLOW,20130411,1500,12521, ,CFS
SHA,H,76,INFLOW,20130411,1600,9913, ,CFS
SHA,H,76,INFLOW,20130411,1700,6749, ,CFS
SHA,H,76,INFLOW,20130411,1800,9231, ,CFS
SHA,H,76,INFLOW,20130411,1900,9902, ,CFS
SHA,H,76,INFLOW,20130411,2000,11815, ,CFS
SHA,H,76,INFLOW,20130411,2100,12098, ,CFS
SHA,H,76,INFLOW,20130411,2200,6336, ,CFS
SHA,H,76,INFLOW,20130411,2300,14033, ,CFS
SHA,H,76,INFLOW,20130412,0000,9027, ,CFS
SHA,H,76,INFLOW,20130412,0100,14072, ,CFS
SHA,H,76,INFLOW,20130412,0200,608, ,CFS
SHA,H,76,INFLOW,20130412,0300,4253, ,CFS
SHA,H,76,INFLOW,20130412,0400,4335, ,CFS
SHA,H,76,INFLOW,20130412,0500,4552, ,CFS
SHA,H,76,INFLOW,20130412,0600,5035, ,CFS
SHA,H,76,INFLOW,20130412,0700,6081, ,CFS
SHA,H,76,INFLOW,20130412,0800,5954, ,CFS
SHA,H,76,INFLOW,20130412,0900,9945, ,CFS
SHA,H,76,INFLOW,20130412,1000,1715, ,CFS
SHA,H,76,INFLOW,20130412,1100,12435, ,CFS
SHA,H,76,INFLOW,20130412,1200,5893, ,CFS
SHA,H,76,INFLOW,20130412,1300,9273, ,CFS
SHA,H,76,INFLOW,20130412,1400,6564, ,CFS
SHA,H,76,INFLOW,20130412,1500,13544, ,CFS
SHA,H,76,INFLOW,20130412,1600,10209, ,CFS
SHA,H,76,INFLOW,20130412,1700,10976, ,CFS
SHA,H,76,INFLOW,20130412,1800,2624, ,CFS
SHA,H,76,INFLOW,20130412,1900,10166, ,CFS
SHA,H,76,INFLOW,20130412,2000,6626, ,CFS
SHA,H,76,INFLOW,20130412,2100,16259, ,CFS
SHA,H,76,INFLOW,20130412,2200,11368, ,CFS
SHA,H,76,INFLOW,20130412,2300,6918, ,CFS
SHA,H,76,INFLOW,20130413,0000,11828, ,CFS
SHA,H,76,INFLOW,20130413,0100,10724, ,CFS
SHA,H,76,INFLOW,20130413,0200,-2084, ,CFS
SHA,H,76,INFLOW,20130413,0300,10907, ,CFS
SHA,H,76,INFLOW,20130413,0400,4666, ,CFS
SHA,H,76,INFLOW,20130413,0500,4699, ,CFS
SHA,H,76,INFLOW,20130413,0600,4830, ,CFS
SHA,H,76,INFLOW,20130413,0700,5785, ,CFS
SHA,H,76,INFLOW,20130413,0800,5482, ,CFS
SHA,H,76,INFLOW,20130413,0900,12968, ,CFS
SHA,H,76,INFLOW,20130413,1000,3998, ,CFS
SHA,H,76,INFLOW,20130413,1100,10920, ,CFS
SHA,H,76,INFLOW,20130413,1200,8960, ,CFS
SHA,H,76,INFLOW,20130413,1300,2475, ,CFS
SHA,H,76,INFLOW,20130413,1400,12074, ,CFS
SHA,H,76,INFLOW,20130413,1500,2296, ,CFS
SHA,H,76,INFLOW,20130413,1600,9298, ,CFS
SHA,H,76,INFLOW,20130413,1700,9367, ,CFS
SHA,H,76,INFLOW,20130413,1800,4024, ,CFS
SHA,H,76,INFLOW,20130413,1900,7386, ,CFS
SHA,H,76,INFLOW,20130413,2000,11621, ,CFS
SHA,H,76,INFLOW,20130413,2100,8505, ,CFS
SHA,H,76,INFLOW,20130413,2200,5539, ,CFS
SHA,H,76,INFLOW,20130413,2300,16098, ,CFS
SHA,H,76,INFLOW,20130414,0000,5797, ,CFS
SHA,H,76,INFLOW,20130414,0100,7392, ,CFS
SHA,H,76,INFLOW,20130414,0200,7242, ,CFS
SHA,H,76,INFLOW,20130414,0300,4090, ,CFS
SHA,H,76,INFLOW,20130414,0400,1069, ,CFS
SHA,H,76,INFLOW,20130414,0500,7576, ,CFS
SHA,H,76,INFLOW,20130414,0600,4763, ,CFS
SHA,H,76,INFLOW,20130414,0700,2184, ,CFS
SHA,H,76,INFLOW,20130414,0800,6050, ,CFS
SHA,H,76,INFLOW,20130414,0900,1834, ,CFS
SHA,H,76,INFLOW,20130414,1000,7881, ,CFS
SHA,H,76,INFLOW,20130414,1100,8074, ,CFS
SHA,H,76,INFLOW,20130414,1200,5108, ,CFS
SHA,H,76,INFLOW,20130414,1300,11834, ,CFS
SHA,H,76,INFLOW,20130414,1400,10295, ,CFS
SHA,H,76,INFLOW,20130414,1500,5291, ,CFS
SHA,H,76,INFLOW,20130414,1600,2192, ,CFS
SHA,H,76,INFLOW,20130414,1700,8704, ,CFS
SHA,H,76,INFLOW,20130414,1800,2690, ,CFS
SHA,H,76,INFLOW,20130414,1900,2890, ,CFS
SHA,H,76,INFLOW,20130414,2000,15756, ,CFS
SHA,H,76,INFLOW,20130414,2100,9399, ,CFS
SHA,H,76,INFLOW,20130414,2200,12292, ,CFS
SHA,H,76,INFLOW,20130414,2300,4903, ,CFS
SHA,H,76,INFLOW,20130415,0000,7172, ,CFS
SHA,H,76,INFLOW,20130415,0100,4290, ,CFS
SHA,H,76,INFLOW,20130415,0200,7239, ,CFS
SHA,H,76,INFLOW,20130415,0300,3827, ,CFS
SHA,H,76,INFLOW,20130415,0400,4043, ,CFS
SHA,H,76,INFLOW,20130415,0500,933, ,CFS
SHA,H,76,INFLOW,20130415,0600,1698, ,CFS
SHA,H,76,INFLOW,20130415,0700,11699, ,CFS
SHA,H,76,INFLOW,20130415,0800,5973, ,CFS
SHA,H,76,INFLOW,20130415,0900,6593, ,CFS
SHA,H,76,INFLOW,20130415,1000,8513, ,CFS
SHA,H,76,INFLOW,20130415,1100,6202, ,CFS
SHA,H,76,INFLOW,20130415,1200,6250, ,CFS
SHA,H,76,INFLOW,20130415,1300,12417, ,CFS
SHA,H,76,INFLOW,20130415,1400,-67, ,CFS
SHA,H,76,INFLOW,20130415,1500,15687, ,CFS
SHA,H,76,INFLOW,20130415,1600,62, ,CFS
SHA,H,76,INFLOW,20130415,1700,29686, ,CFS
SHA,H,76,INFLOW,20130415,1800,-3240, ,CFS
SHA,H,76,INFLOW,20130415,1900,6241, ,CFS
SHA,H,76,INFLOW,20130415,2000,9536, ,CFS
SHA,H,76,INFLOW,20130415,2100,1810, ,CFS
SHA,H,76,INFLOW,20130415,2200,10683, ,CFS
SHA,H,76,INFLOW,20130415,2300,8975, ,CFS
SHA,H,76,INFLOW,20130416,0000,2238, ,CFS
SHA,H,76,INFLOW,20130416,0100,7736, ,CFS
SHA,H,76,INFLOW,20130416,0200,7873, ,CFS
SHA,H,76,INFLOW,20130416,0300,1580, ,CFS
SHA,H,76,INFLOW,20130416,0400,1619, ,CFS
SHA,H,76,INFLOW,20130416,0500,-2003, ,CFS
SHA,H,76,INFLOW,20130416,0600,4739, ,CFS
SHA,H,76,INFLOW,20130416,0700,10029, ,CFS
SHA,H,76,INFLOW,20130416,0800,1728, ,CFS
SHA,H,76,INFLOW,20130416,0900,2818, ,CFS
SHA,H,76,INFLOW,20130416,1000,9644, ,CFS
SHA,H,76,INFLOW,20130416,1100,8240, ,CFS
SHA,H,76,INFLOW,20130416,1200,7927, ,CFS
SHA,H,76,INFLOW,20130416,1300,7730, ,CFS
SHA,H,76,INFLOW,20130416,1400,7950, ,CFS
SHA,H,76,INFLOW,20130416,1500,1027, ,CFS
SHA,H,76,INFLOW,20130416,1600,10055, ,CFS
SHA,H,76,INFLOW,20130416,1700,6628, ,CFS
SHA,H,76,INFLOW,20130416,1800,9117, ,CFS
SHA,H,76,INFLOW,20130416,1900,3205, ,CFS
SHA,H,76,INFLOW,20130416,2000,6426, ,CFS
SHA,H,76,INFLOW,20130416,2100,9813, ,CFS
SHA,H,76,INFLOW,20130416,2200,5540, ,CFS
SHA,H,76,INFLOW,20130416,2300,3561, ,CFS
SHA,H,76,INFLOW,20130417,0000,7561, ,CFS
SHA,H,76,INFLOW,20130417,0100,4495, ,CFS
SHA,H,76,INFLOW,20130417,0200,4417, ,CFS
SHA,H,76,INFLOW,20130417,0300,4426, ,CFS
SHA,H,76,INFLOW,20130417,0400,1485, ,CFS
SHA,H,76,INFLOW,20130417,0500,1273, ,CFS
SHA,H,76,INFLOW,20130417,0600,2300, ,CFS
SHA,H,76,INFLOW,20130417,0700,6671, ,CFS
SHA,H,76,INFLOW,20130417,0800,5537, ,CFS
SHA,H,76,INFLOW,20130417,0900,6350, ,CFS
SHA,H,76,INFLOW,20130417,1000,9321, ,CFS
SHA,H,76,INFLOW,20130417,1100,6059, ,CFS
SHA,H,76,INFLOW,20130417,1200,7219, ,CFS
SHA,H,76,INFLOW,20130417,1300,7492, ,CFS
SHA,H,76,INFLOW,20130417,1400,6575, ,CFS
SHA,H,76,INFLOW,20130417,1500,9858, ,CFS
SHA,H,76,INFLOW,20130417,1600,6785, ,CFS
SHA,H,76,INFLOW,20130417,1700,9802, ,CFS
SHA,H,76,INFLOW,20130417,1800,6742, ,CFS
SHA,H,76,INFLOW,20130417,1900,8895, ,CFS
SHA,H,76,INFLOW,20130417,2000,5806, ,CFS
SHA,H,76,INFLOW,20130417,2100,10328, ,CFS
SHA,H,76,INFLOW,20130417,2200,8848, ,CFS
SHA,H,76,INFLOW,20130417,2300,8932, ,CFS
SHA,H,76,INFLOW,20130418,0000,3872, ,CFS
SHA,H,76,INFLOW,20130418,0100,13143, ,CFS
SHA,H,76,INFLOW,20130418,0200,4241, ,CFS
SHA,H,76,INFLOW,20130418,0300,4056, ,CFS
SHA,H,76,INFLOW,20130418,0400,7673, ,CFS
SHA,H,76,INFLOW,20130418,0500,1352, ,CFS
SHA,H,76,INFLOW,20130418,0600,6563, ,CFS
SHA,H,76,INFLOW,20130418,0700,9282, ,CFS
SHA,H,76,INFLOW,20130418,0800,7126, ,CFS
SHA,H,76,INFLOW,20130418,0900,5741, ,CFS
SHA,H,76,INFLOW,20130418,1000,6139, ,CFS
SHA,H,76,INFLOW,20130418,1100,6719, ,CFS
SHA,H,76,INFLOW,20130418,1200,8399, ,CFS
SHA,H,76,INFLOW,20130418,1300,5166, ,CFS
SHA,H,76,INFLOW,20130418,1400,5101, ,CFS
SHA,H,76,INFLOW,20130418,1500,9000, ,CFS
SHA,H,76,INFLOW,20130418,1600,5843, ,CFS
SHA,H,76,INFLOW,20130418,1700,6556, ,CFS
SHA,H,76,INFLOW,20130418,1800,8538, ,CFS
SHA,H,76,INFLOW,20130418,1900,8141, ,CFS
SHA,H,76,INFLOW,20130418,2000,4882, ,CFS
SHA,H,76,INFLOW,20130418,2100,11779, ,CFS
SHA,H,76,INFLOW,20130418,2200,9622, ,CFS
SHA,H,76,INFLOW,20130418,2300,8303, ,CFS
SHA,H,76,INFLOW,20130419,0000,3820, ,CFS
SHA,H,76,INFLOW,20130419,0100,7852, ,CFS
SHA,H,76,INFLOW,20130419,0200,4559, ,CFS
SHA,H,76,INFLOW,20130419,0300,-1953, ,CFS
SHA,H,76,INFLOW,20130419,0400,8044, ,CFS
SHA,H,76,INFLOW,20130419,0500,-1466, ,CFS
SHA,H,76,INFLOW,20130419,0600,2151, ,CFS
SHA,H,76,INFLOW,20130419,0700,6449, ,CFS
SHA,H,76,INFLOW,20130419,0800,1928, ,CFS
SHA,H,76,INFLOW,20130419,0900,7803, ,CFS
SHA,H,76,INFLOW,20130419,1000,5416, ,CFS
SHA,H,76,INFLOW,20130419,1100,9299, ,CFS
SHA,H,76,INFLOW,20130419,1200,6969, ,CFS
SHA,H,76,INFLOW,20130419,1300,8886, ,CFS
SHA,H,76,INFLOW,20130419,1400,2831, ,CFS
SHA,H,76,INFLOW,20130419,1500,3349, ,CFS
SHA,H,76,INFLOW,20130419,1600,3398, ,CFS
SHA,H,76,INFLOW,20130419,1700,7619, ,CFS
SHA,H,76,INFLOW,20130419,1800,2963, ,CFS
SHA,H,76,INFLOW,20130419,1900,9230, ,CFS
SHA,H,76,INFLOW,20130419,2000,10795, ,CFS
SHA,H,76,INFLOW,20130419,2100,-2553, ,CFS
SHA,H,76,INFLOW,20130419,2200,7598, ,CFS
SHA,H,76,INFLOW,20130419,2300,2081, ,CFS
SHA,H,76,INFLOW,20130420,0000,7673, ,CFS
SHA,H,76,INFLOW,20130420,0100,2931, ,CFS
SHA,H,76,INFLOW,20130420,0200,4720, ,CFS
SHA,H,76,INFLOW,20130420,0300,1502, ,CFS
SHA,H,76,INFLOW,20130420,0400,1483, ,CFS
SHA,H,76,INFLOW,20130420,0500,1535, ,CFS
SHA,H,76,INFLOW,20130420,0600,1801, ,CFS
SHA,H,76,INFLOW,20130420,0700,2652, ,CFS
SHA,H,76,INFLOW,20130420,0800,3831, ,CFS
SHA,H,76,INFLOW,20130420,0900,7107, ,CFS
SHA,H,76,INFLOW,20130420,1000,2790, ,CFS
SHA,H,76,INFLOW,20130420,1100,4190, ,CFS
SHA,H,76,INFLOW,20130420,1200,4954, ,CFS
SHA,H,76,INFLOW,20130420,1300,8210, ,CFS
SHA,H,76,INFLOW,20130420,1400,4980, ,CFS
SHA,H,76,INFLOW,20130420,1500,5342, ,CFS
SHA,H,76,INFLOW,20130420,1600,5685, ,CFS
SHA,H,76,INFLOW,20130420,1700,5668, ,CFS
SHA,H,76,INFLOW,20130420,1800,8979, ,CFS
SHA,H,76,INFLOW,20130420,1900,8918, ,CFS
SHA,H,76,INFLOW,20130420,2000,5740, ,CFS
SHA,H,76,INFLOW,20130420,2100,7376, ,CFS
SHA,H,76,INFLOW,20130420,2200,4905, ,CFS
SHA,H,76,INFLOW,20130420,2300,9578, ,CFS
SHA,H,76,INFLOW,20130421,0000,6830, ,CFS
SHA,H,76,INFLOW,20130421,0100,2468, ,CFS
SHA,H,76,INFLOW,20130421,0200,8258, ,CFS
SHA,H,76,INFLOW,20130421,0300,4973, ,CFS
SHA,H,76,INFLOW,20130421,0400,1777, ,CFS
SHA,H,76,INFLOW,20130421,0500,4969, ,CFS
SHA,H,76,INFLOW,20130421,0600,4967, ,CFS
SHA,H,76,INFLOW,20130421,0700,-1346, ,CFS
SHA,H,76,INFLOW,20130421,0800,3518, ,CFS
SHA,H,76,INFLOW,20130421,0900,5615, ,CFS
SHA,H,76,INFLOW,20130421,1000,969, ,CFS
SHA,H,76,INFLOW,20130421,1100,5304, ,CFS
SHA,H,76,INFLOW,20130421,1200,4406, ,CFS
SHA,H,76,INFLOW,20130421,1300,4667, ,CFS
SHA,H,76,INFLOW,20130421,1400,5167, ,CFS
SHA,H,76,INFLOW,20130421,1500,5524, ,CFS
SHA,H,76,INFLOW,20130421,1600,5976, ,CFS
SHA,H,76,INFLOW,20130421,1700,5717, ,CFS
SHA,H,76,INFLOW,20130421,1800,8047, ,CFS
SHA,H,76,INFLOW,20130421,1900,4613, ,CFS
SHA,H,76,INFLOW,20130421,2000,7975, ,CFS
SHA,H,76,INFLOW,20130421,2100,4601, ,CFS
SHA,H,76,INFLOW,20130421,2200,7551, ,CFS
SHA,H,76,INFLOW,20130421,2300,5311, ,CFS
SHA,H,76,INFLOW,20130422,0000,4896, ,CFS
SHA,H,76,INFLOW,20130422,0100,3113, ,CFS
SHA,H,76,INFLOW,20130422,0200,1877, ,CFS
SHA,H,76,INFLOW,20130422,0300,1811, ,CFS
SHA,H,76,INFLOW,20130422,0400,5365, ,CFS
SHA,H,76,INFLOW,20130422,0500,-985, ,CFS
SHA,H,76,INFLOW,20130422,0600,5705, ,CFS
SHA,H,76,INFLOW,20130422,0700,1721, ,CFS
SHA,H,76,INFLOW,20130422,0800,5747, ,CFS
SHA,H,76,INFLOW,20130422,0900,9443, ,CFS
SHA,H,76,INFLOW,20130422,1000,8999, ,CFS
SHA,H,76,INFLOW,20130422,1100,2667, ,CFS
SHA,H,76,INFLOW,20130422,1200,6222, ,CFS
SHA,H,76,INFLOW,20130422,1300,8995, ,CFS
SHA,H,76,INFLOW,20130422,1400,9672, ,CFS
SHA,H,76,INFLOW,20130422,1500,3037, ,CFS
SHA,H,76,INFLOW,20130422,1600,8365, ,CFS
SHA,H,76,INFLOW,20130422,1700,11678, ,CFS
SHA,H,76,INFLOW,20130422,1800,5121, ,CFS
SHA,H,76,INFLOW,20130422,1900,12044, ,CFS
SHA,H,76,INFLOW,20130422,2000,8994, ,CFS
SHA,H,76,INFLOW,20130422,2100,5593, ,CFS
SHA,H,76,INFLOW,20130422,2200,11490, ,CFS
SHA,H,76,INFLOW,20130422,2300,6045, ,CFS
SHA,H,76,INFLOW,20130423,0000,8398, ,CFS
SHA,H,76,INFLOW,20130423,0100,2590, ,CFS
SHA,H,76,INFLOW,20130423,0200,2224, ,CFS
SHA,H,76,INFLOW,20130423,0300,2661, ,CFS
SHA,H,76,INFLOW,20130423,0400,-157, ,CFS
SHA,H,76,INFLOW,20130423,0500,6603, ,CFS
SHA,H,76,INFLOW,20130423,0600,-2907, ,CFS
SHA,H,76,INFLOW,20130423,0700,3079, ,CFS
SHA,H,76,INFLOW,20130423,0800,5850, ,CFS
SHA,H,76,INFLOW,20130423,0900,-1260, ,CFS
SHA,H,76,INFLOW,20130423,1000,5340, ,CFS
SHA,H,76,INFLOW,20130423,1100,-4551, ,CFS
SHA,H,76,INFLOW,20130423,1200,8664, ,CFS
SHA,H,76,INFLOW,20130423,1300,2307, ,CFS
SHA,H,76,INFLOW,20130423,1400,6054, ,CFS
SHA,H,76,INFLOW,20130423,1500,6273, ,CFS
SHA,H,76,INFLOW,20130423,1600,6465, ,CFS
SHA,H,76,INFLOW,20130423,1700,9840, ,CFS
SHA,H,76,INFLOW,20130423,1800,12809, ,CFS
SHA,H,76,INFLOW,20130423,1900,3122, ,CFS
SHA,H,76,INFLOW,20130423,2000,11489, ,CFS
SHA,H,76,INFLOW,20130423,2100,7978, ,CFS
SHA,H,76,INFLOW,20130423,2200,8116, ,CFS
SHA,H,76,INFLOW,20130423,2300,6628, ,CFS
SHA,H,76,INFLOW,20130424,0000,3320, ,CFS
SHA,H,76,INFLOW,20130424,0100,1198, ,CFS
SHA,H,76,INFLOW,20130424,0200,1063, ,CFS
SHA,H,76,INFLOW,20130424,0300,8036, ,CFS
SHA,H,76,INFLOW,20130424,0400,-1425, ,CFS
SHA,H,76,INFLOW,20130424,0500,5021, ,CFS
SHA,H,76,INFLOW,20130424,0600,-1318, ,CFS
SHA,H,76,INFLOW,20130424,0700,-1290, ,CFS
SHA,H,76,INFLOW,20130424,0800,680, ,CFS
SHA,H,76,INFLOW,20130424,0900,8568, ,CFS
SHA,H,76,INFLOW,20130424,1000,2958, ,CFS
SHA,H,76,INFLOW,20130424,1100,3801, ,CFS
SHA,H,76,INFLOW,20130424,1200,5666, ,CFS
SHA,H,76,INFLOW,20130424,1300,2834, ,CFS
SHA,H,76,INFLOW,20130424,1400,9071, ,CFS
SHA,H,76,INFLOW,20130424,1500,5788, ,CFS
SHA,H,76,INFLOW,20130424,1600,2751, ,CFS
SHA,H,76,INFLOW,20130424,1700,12313, ,CFS
SHA,H,76,INFLOW,20130424,1800,8880, ,CFS
SHA,H,76,INFLOW,20130424,1900,5228, ,CFS
SHA,H,76,INFLOW,20130424,2000,10029, ,CFS
SHA,H,76,INFLOW,20130424,2100,3636, ,CFS
SHA,H,76,INFLOW,20130424,2200,7016, ,CFS
SHA,H,76,INFLOW,20130424,2300,7444, ,CFS
SHA,H,76,INFLOW,20130425,0000,3040, ,CFS
SHA,H,76,INFLOW,20130425,0100,4982, ,CFS
SHA,H,76,INFLOW,20130425,0200,1451, ,CFS
SHA,H,76,INFLOW,20130425,0300,4808, ,CFS
SHA,H,76,INFLOW,20130425,0400,1470, ,CFS
SHA,H,76,INFLOW,20130425,0500,-1712, ,CFS
SHA,H,76,INFLOW,20130425,0600,1926, ,CFS
SHA,H,76,INFLOW,20130425,0700,3016, ,CFS
SHA,H,76,INFLOW,20130425,0800,3671, ,CFS
SHA,H,76,INFLOW,20130425,0900,3477, ,CFS
SHA,H,76,INFLOW,20130425,1000,4486, ,CFS
SHA,H,76,INFLOW,20130425,1100,2466, ,CFS
SHA,H,76,INFLOW,20130425,1200,8440, ,CFS
SHA,H,76,INFLOW,20130425,1300,4954, ,CFS
SHA,H,76,INFLOW,20130425,1400,5238, ,CFS
SHA,H,76,INFLOW,20130425,1500,4942, ,CFS
SHA,H,76,INFLOW,20130425,1600,7966, ,CFS
SHA,H,76,INFLOW,20130425,1700,5055, ,CFS
SHA,H,76,INFLOW,20130425,1800,7926, ,CFS
SHA,H,76,INFLOW,20130425,1900,4422, ,CFS
SHA,H,76,INFLOW,20130425,2000,8637, ,CFS
SHA,H,76,INFLOW,20130425,2100,6193, ,CFS
SHA,H,76,INFLOW,20130425,2200,8726, ,CFS
SHA,H,76,INFLOW,20130425,2300,7768, ,CFS
SHA,H,76,INFLOW,20130426,0000,2443, ,CFS
SHA,H,76,INFLOW,20130426,0100,2326, ,CFS
SHA,H,76,INFLOW,20130426,0200,5984, ,CFS
SHA,H,76,INFLOW,20130426,0300,-370, ,CFS
SHA,H,76,INFLOW,20130426,0400,2178, ,CFS
SHA,H,76,INFLOW,20130426,0500,435, ,CFS
SHA,H,76,INFLOW,20130426,0600,-303, ,CFS
SHA,H,76,INFLOW,20130426,0700,3895, ,CFS
SHA,H,76,INFLOW,20130426,0800,-2286, ,CFS
SHA,H,76,INFLOW,20130426,0900,3915, ,CFS
SHA,H,76,INFLOW,20130426,1000,4472, ,CFS
SHA,H,76,INFLOW,20130426,1100,3061, ,CFS
SHA,H,76,INFLOW,20130426,1200,6159, ,CFS
SHA,H,76,INFLOW,20130426,1300,4692, ,CFS
SHA,H,76,INFLOW,20130426,1400,5005, ,CFS
SHA,H,76,INFLOW,20130426,1500,2237, ,CFS
SHA,H,76,INFLOW,20130426,1600,8078, ,CFS
SHA,H,76,INFLOW,20130426,1700,5132, ,CFS
SHA,H,76,INFLOW,20130426,1800,2163, ,CFS
SHA,H,76,INFLOW,20130426,1900,8658, ,CFS
SHA,H,76,INFLOW,20130426,2000,4969, ,CFS
SHA,H,76,INFLOW,20130426,2100,10587, ,CFS
SHA,H,76,INFLOW,20130426,2200,7312, ,CFS
SHA,H,76,INFLOW,20130426,2300,12271, ,CFS
SHA,H,76,INFLOW,20130427,0000,-2001, ,CFS
SHA,H,76,INFLOW,20130427,0100,3150, ,CFS
SHA,H,76,INFLOW,20130427,0200,3030, ,CFS
SHA,H,76,INFLOW,20130427,0300,-132, ,CFS
SHA,H,76,INFLOW,20130427,0400,3091, ,CFS
SHA,H,76,INFLOW,20130427,0500,3038, ,CFS
SHA,H,76,INFLOW,20130427,0600,-3259, ,CFS
SHA,H,76,INFLOW,20130427,0700,5842, ,CFS
SHA,H,76,INFLOW,20130427,0800,-1773, ,CFS
SHA,H,76,INFLOW,20130427,0900,-2306, ,CFS
SHA,H,76,INFLOW,20130427,1000,514, ,CFS
SHA,H,76,INFLOW,20130427,1100,3727, ,CFS
SHA,H,76,INFLOW,20130427,1200,1231, ,CFS
SHA,H,76,INFLOW,20130427,1300,4393, ,CFS
SHA,H,76,INFLOW,20130427,1400,7743, ,CFS
SHA,H,76,INFLOW,20130427,1500,4541, ,CFS
SHA,H,76,INFLOW,20130427,1600,7920, ,CFS
SHA,H,76,INFLOW,20130427,1700,4561, ,CFS
SHA,H,76,INFLOW,20130427,1800,7813, ,CFS
SHA,H,76,INFLOW,20130427,1900,6170, ,CFS
SHA,H,76,INFLOW,20130427,2000,6154, ,CFS
SHA,H,76,INFLOW,20130427,2100,9313, ,CFS
SHA,H,76,INFLOW,20130427,2200,6151, ,CFS
SHA,H,76,INFLOW,20130427,2300,9253, ,CFS
SHA,H,76,INFLOW,20130428,0000,5785, ,CFS
SHA,H,76,INFLOW,20130428,0100,2646, ,CFS
SHA,H,76,INFLOW,20130428,0200,1733, ,CFS
SHA,H,76,INFLOW,20130428,0300,1551, ,CFS
SHA,H,76,INFLOW,20130428,0400,1526, ,CFS
SHA,H,76,INFLOW,20130428,0500,5125, ,CFS
SHA,H,76,INFLOW,20130428,0600,-1059, ,CFS
SHA,H,76,INFLOW,20130428,0700,1564, ,CFS
SHA,H,76,INFLOW,20130428,0800,1688, ,CFS
SHA,H,76,INFLOW,20130428,0900,2228, ,CFS
SHA,H,76,INFLOW,20130428,1000,-798, ,CFS
SHA,H,76,INFLOW,20130428,1100,2596, ,CFS
SHA,H,76,INFLOW,20130428,1200,2576, ,CFS
SHA,H,76,INFLOW,20130428,1300,11869, ,CFS
SHA,H,76,INFLOW,20130428,1400,5516, ,CFS
SHA,H,76,INFLOW,20130428,1500,5435, ,CFS
SHA,H,76,INFLOW,20130428,1600,8666, ,CFS
SHA,H,76,INFLOW,20130428,1700,8589, ,CFS
SHA,H,76,INFLOW,20130428,1800,7923, ,CFS
SHA,H,76,INFLOW,20130428,1900,8288, ,CFS
SHA,H,76,INFLOW,20130428,2000,5320, ,CFS
SHA,H,76,INFLOW,20130428,2100,9261, ,CFS
SHA,H,76,INFLOW,20130428,2200,6073, ,CFS
SHA,H,76,INFLOW,20130428,2300,6174, ,CFS
SHA,H,76,INFLOW,20130429,0000,12384, ,CFS
SHA,H,76,INFLOW,20130429,0100,-1719, ,CFS
SHA,H,76,INFLOW,20130429,0200,4486, ,CFS
SHA,H,76,INFLOW,20130429,0300,1246, ,CFS
SHA,H,76,INFLOW,20130429,0400,1246, ,CFS
SHA,H,76,INFLOW,20130429,0500,1290, ,CFS
SHA,H,76,INFLOW,20130429,0600,2144, ,CFS
SHA,H,76,INFLOW,20130429,0700,3932, ,CFS
SHA,H,76,INFLOW,20130429,0800,-1788, ,CFS
SHA,H,76,INFLOW,20130429,0900,11458, ,CFS
SHA,H,76,INFLOW,20130429,1000,7122, ,CFS
SHA,H,76,INFLOW,20130429,1100,5386, ,CFS
SHA,H,76,INFLOW,20130429,1200,4540, ,CFS
SHA,H,76,INFLOW,20130429,1300,1135, ,CFS
SHA,H,76,INFLOW,20130429,1400,4324, ,CFS
SHA,H,76,INFLOW,20130429,1500,4092, ,CFS
SHA,H,76,INFLOW,20130429,1600,3960, ,CFS
SHA,H,76,INFLOW,20130429,1700,7125, ,CFS
SHA,H,76,INFLOW,20130429,1800,4310, ,CFS
SHA,H,76,INFLOW,20130429,1900,7660, ,CFS
SHA,H,76,INFLOW,20130429,2000,7544, ,CFS
SHA,H,76,INFLOW,20130429,2100,7810, ,CFS
SHA,H,76,INFLOW,20130429,2200,11009, ,CFS
SHA,H,76,INFLOW,20130429,2300,5116, ,CFS
SHA,H,76,INFLOW,20130430,0000,-344, ,CFS
SHA,H,76,INFLOW,20130430,0100,-3908, ,CFS
SHA,H,76,INFLOW,20130430,0200,5721, ,CFS
SHA,H,76,INFLOW,20130430,0300,5493, ,CFS
SHA,H,76,INFLOW,20130430,0400,2217, ,CFS
SHA,H,76,INFLOW,20130430,0500,2294, ,CFS
SHA,H,76,INFLOW,20130430,0600,-4290, ,CFS
SHA,H,76,INFLOW,20130430,0700,5122, ,CFS
SHA,H,76,INFLOW,20130430,0800,-197, ,CFS
SHA,H,76,INFLOW,20130430,0900,2244, ,CFS
SHA,H,76,INFLOW,20130430,1000,3373, ,CFS
SHA,H,76,INFLOW,20130430,1100,-1814, ,CFS
SHA,H,76,INFLOW,20130430,1200,1880, ,CFS
SHA,H,76,INFLOW,20130430,1300,3774, ,CFS
SHA,H,76,INFLOW,20130430,1400,1009, ,CFS
SHA,H,76,INFLOW,20130430,1500,10539, ,CFS
SHA,H,76,INFLOW,20130430,1600,7049, ,CFS
SHA,H,76,INFLOW,20130430,1700,10189, ,CFS
SHA,H,76,INFLOW,20130430,1800,3653, ,CFS
SHA,H,76,INFLOW,20130430,1900,6651, ,CFS
SHA,H,76,INFLOW,20130430,2000,6485, ,CFS
SHA,H,76,INFLOW,20130430,2100,9647, ,CFS
SHA,H,76,INFLOW,20130430,2200,9703, ,CFS
SHA,H,76,INFLOW,20130430,2300,-542, ,CFS
SHA,H,76,INFLOW,20130501,0000,1690, ,CFS
SHA,H,76,INFLOW,20130501,0100,-454, ,CFS
SHA,H,76,INFLOW,20130501,0200,5989, ,CFS
SHA,H,76,INFLOW,20130501,0300,2836, ,CFS
SHA,H,76,INFLOW,20130501,0400,2271, ,CFS
SHA,H,76,INFLOW,20130501,0500,-4176, ,CFS
SHA,H,76,INFLOW,20130501,0600,8825, ,CFS
SHA,H,76,INFLOW,20130501,0700,-4111, ,CFS
SHA,H,76,INFLOW,20130501,0800,-2328, ,CFS
SHA,H,76,INFLOW,20130501,0900,13831, ,CFS
SHA,H,76,INFLOW,20130501,1000,-3507, ,CFS
SHA,H,76,INFLOW,20130501,1100,-611, ,CFS
SHA,H,76,INFLOW,20130501,1200,4721, ,CFS
SHA,H,76,INFLOW,20130501,1300,3937, ,CFS
SHA,H,76,INFLOW,20130501,1400,7496, ,CFS
SHA,H,76,INFLOW,20130501,1500,4354, ,CFS
SHA,H,76,INFLOW,20130501,1600,7509, ,CFS
SHA,H,76,INFLOW,20130501,1700,7040, ,CFS
SHA,H,76,INFLOW,20130501,1800,6855, ,CFS
SHA,H,76,INFLOW,20130501,1900,5780, ,CFS
SHA,H,76,INFLOW,20130501,2000,8976, ,CFS
SHA,H,76,INFLOW,20130501,2100,9613, ,CFS
SHA,H,76,INFLOW,20130501,2200,6926, ,CFS
SHA,H,76,INFLOW,20130501,2300,9963, ,CFS
SHA,H,76,INFLOW,20130502,0000,-858, ,CFS
SHA,H,76,INFLOW,20130502,0100,-387, ,CFS
SHA,H,76,INFLOW,20130502,0200,2710, ,CFS
SHA,H,76,INFLOW,20130502,0300,2696, ,CFS
SHA,H,76,INFLOW,20130502,0400,-541, ,CFS
SHA,H,76,INFLOW,20130502,0500,2696, ,CFS
SHA,H,76,INFLOW,20130502,0600,2613, ,CFS
SHA,H,76,INFLOW,20130502,0700,-1285, ,CFS
SHA,H,76,INFLOW,20130502,0800,5695, ,CFS
SHA,H,76,INFLOW,20130502,0900,-431, ,CFS
SHA,H,76,INFLOW,20130502,1000,1197, ,CFS
SHA,H,76,INFLOW,20130502,1100,-823, ,CFS
SHA,H,76,INFLOW,20130502,1200,980, ,CFS
SHA,H,76,INFLOW,20130502,1300,-2016, ,CFS
SHA,H,76,INFLOW,20130502,1400,11247, ,CFS
SHA,H,76,INFLOW,20130502,1500,4917, ,CFS
SHA,H,76,INFLOW,20130502,1600,8026, ,CFS
SHA,H,76,INFLOW,20130502,1700,7556, ,CFS
SHA,H,76,INFLOW,20130502,1800,10909, ,CFS
SHA,H,76,INFLOW,20130502,1900,7479, ,CFS
SHA,H,76,INFLOW,20130502,2000,10414, ,CFS
SHA,H,76,INFLOW,20130502,2100,7761, ,CFS
SHA,H,76,INFLOW,20130502,2200,6340, ,CFS
SHA,H,76,INFLOW,20130502,2300,7151, ,CFS
SHA,H,76,INFLOW,20130503,0000,-159, ,CFS
SHA,H,76,INFLOW,20130503,0100,-406, ,CFS
SHA,H,76,INFLOW,20130503,0200,5798, ,CFS
SHA,H,76,INFLOW,20130503,0300,-606, ,CFS
SHA,H,76,INFLOW,20130503,0400,2608, ,CFS
SHA,H,76,INFLOW,20130503,0500,2587, ,CFS
SHA,H,76,INFLOW,20130503,0600,2565, ,CFS
SHA,H,76,INFLOW,20130503,0700,1250, ,CFS
SHA,H,76,INFLOW,20130503,0800,2523, ,CFS
SHA,H,76,INFLOW,20130503,0900,-1256, ,CFS
SHA,H,76,INFLOW,20130503,1000,3444, ,CFS
SHA,H,76,INFLOW,20130503,1100,917, ,CFS
SHA,H,76,INFLOW,20130503,1200,7339, ,CFS
SHA,H,76,INFLOW,20130503,1300,675, ,CFS
SHA,H,76,INFLOW,20130503,1400,9907, ,CFS
SHA,H,76,INFLOW,20130503,1500,6637, ,CFS
SHA,H,76,INFLOW,20130503,1600,6636, ,CFS
SHA,H,76,INFLOW,20130503,1700,9685, ,CFS
SHA,H,76,INFLOW,20130503,1800,6180, ,CFS
SHA,H,76,INFLOW,20130503,1900,6577, ,CFS
SHA,H,76,INFLOW,20130503,2000,6563, ,CFS
SHA,H,76,INFLOW,20130503,2100,10425, ,CFS
SHA,H,76,INFLOW,20130503,2200,6994, ,CFS
SHA,H,76,INFLOW,20130503,2300,4537, ,CFS
SHA,H,76,INFLOW,20130504,0000,2077, ,CFS
SHA,H,76,INFLOW,20130504,0100,2530, ,CFS
SHA,H,76,INFLOW,20130504,0200,2415, ,CFS
SHA,H,76,INFLOW,20130504,0300,1292, ,CFS
SHA,H,76,INFLOW,20130504,0400,-1795, ,CFS
SHA,H,76,INFLOW,20130504,0500,1541, ,CFS
SHA,H,76,INFLOW,20130504,0600,1471, ,CFS
SHA,H,76,INFLOW,20130504,0700,4530, ,CFS
SHA,H,76,INFLOW,20130504,0800,-1443, ,CFS
SHA,H,76,INFLOW,20130504,0900,4976, ,CFS
SHA,H,76,INFLOW,20130504,1000,1127, ,CFS
SHA,H,76,INFLOW,20130504,1100,-886, ,CFS
SHA,H,76,INFLOW,20130504,1200,2235, ,CFS
SHA,H,76,INFLOW,20130504,1300,5015, ,CFS
SHA,H,76,INFLOW,20130504,1400,2154, ,CFS
SHA,H,76,INFLOW,20130504,1500,8488, ,CFS
SHA,H,76,INFLOW,20130504,1600,4945, ,CFS
SHA,H,76,INFLOW,20130504,1700,4513, ,CFS
SHA,H,76,INFLOW,20130504,1800,13949, ,CFS
SHA,H,76,INFLOW,20130504,1900,1434, ,CFS
SHA,H,76,INFLOW,20130504,2000,4671, ,CFS
SHA,H,76,INFLOW,20130504,2100,7257, ,CFS
SHA,H,76,INFLOW,20130504,2200,8831, ,CFS
SHA,H,76,INFLOW,20130504,2300,-4452, ,CFS
SHA,H,76,INFLOW,20130505,0000,12923, ,CFS
SHA,H,76,INFLOW,20130505,0100,-7134, ,CFS
SHA,H,76,INFLOW,20130505,0200,7363, ,CFS
SHA,H,76,INFLOW,20130505,0300,4461, ,CFS
SHA,H,76,INFLOW,20130505,0400,-4756, ,CFS
SHA,H,76,INFLOW,20130505,0500,1469, ,CFS
SHA,H,76,INFLOW,20130505,0600,4680, ,CFS
SHA,H,76,INFLOW,20130505,0700,1001, ,CFS
SHA,H,76,INFLOW,20130505,0800,5456, ,CFS
SHA,H,76,INFLOW,20130505,0900,-3218, ,CFS
SHA,H,76,INFLOW,20130505,1000,-890, ,CFS
SHA,H,76,INFLOW,20130505,1100,5608, ,CFS
SHA,H,76,INFLOW,20130505,1200,-6871, ,CFS
SHA,H,76,INFLOW,20130505,1300,5900, ,CFS
SHA,H,76,INFLOW,20130505,1400,12969, ,CFS
SHA,H,76,INFLOW,20130505,1500,6532, ,CFS
SHA,H,76,INFLOW,20130505,1600,6561, ,CFS
SHA,H,76,INFLOW,20130505,1700,7211, ,CFS
SHA,H,76,INFLOW,20130505,1800,4089, ,CFS
SHA,H,76,INFLOW,20130505,1900,8113, ,CFS
SHA,H,76,INFLOW,20130505,2000,8569, ,CFS
SHA,H,76,INFLOW,20130505,2100,8346, ,CFS
SHA,H,76,INFLOW,20130505,2200,5065, ,CFS
SHA,H,76,INFLOW,20130505,2300,7712, ,CFS
SHA,H,76,INFLOW,20130506,0000,1722, ,CFS
SHA,H,76,INFLOW,20130506,0100,2766, ,CFS
SHA,H,76,INFLOW,20130506,0200,2576, ,CFS
SHA,H,76,INFLOW,20130506,0300,8946, ,CFS
SHA,H,76,INFLOW,20130506,0400,-679, ,CFS
SHA,H,76,INFLOW,20130506,0500,2570, ,CFS
SHA,H,76,INFLOW,20130506,0600,2770, ,CFS
SHA,H,76,INFLOW,20130506,0700,1629, ,CFS
SHA,H,76,INFLOW,20130506,0800,2469, ,CFS
SHA,H,76,INFLOW,20130506,0900,2576, ,CFS
SHA,H,76,INFLOW,20130506,1000,6329, ,CFS
SHA,H,76,INFLOW,20130506,1100,7050, ,CFS
SHA,H,76,INFLOW,20130506,1200,3569, ,CFS
SHA,H,76,INFLOW,20130506,1300,4466, ,CFS
SHA,H,76,INFLOW,20130506,1400,5085, ,CFS
SHA,H,76,INFLOW,20130506,1500,8632, ,CFS
SHA,H,76,INFLOW,20130506,1600,8854, ,CFS
SHA,H,76,INFLOW,20130506,1700,5562, ,CFS
SHA,H,76,INFLOW,20130506,1800,4019, ,CFS
SHA,H,76,INFLOW,20130506,1900,3940, ,CFS
SHA,H,76,INFLOW,20130506,2000,10435, ,CFS
SHA,H,76,INFLOW,20130506,2100,265, ,CFS
SHA,H,76,INFLOW,20130506,2200,9345, ,CFS
SHA,H,76,INFLOW,20130506,2300,812, ,CFS
SHA,H,76,INFLOW,20130507,0000,6585, ,CFS
SHA,H,76,INFLOW,20130507,0100,3632, ,CFS
SHA,H,76,INFLOW,20130507,0200,677, ,CFS
SHA,H,76,INFLOW,20130507,0300,1269, ,CFS
SHA,H,76,INFLOW,20130507,0400,1453, ,CFS
SHA,H,76,INFLOW,20130507,0500,4710, ,CFS
SHA,H,76,INFLOW,20130507,0600,1748, ,CFS
SHA,H,76,INFLOW,20130507,0700,-408, ,CFS
SHA,H,76,INFLOW,20130507,0800,6472, ,CFS
SHA,H,76,INFLOW,20130507,0900,5605, ,CFS
SHA,H,76,INFLOW,20130507,1000,6024, ,CFS
SHA,H,76,INFLOW,20130507,1100,4741, ,CFS
SHA,H,76,INFLOW,20130507,1200,6776, ,CFS
SHA,H,76,INFLOW,20130507,1300,7473, ,CFS
SHA,H,76,INFLOW,20130507,1400,7636, ,CFS
SHA,H,76,INFLOW,20130507,1500,4482, ,CFS
SHA,H,76,INFLOW,20130507,1600,10231, ,CFS
SHA,H,76,INFLOW,20130507,1700,8154, ,CFS
SHA,H,76,INFLOW,20130507,1800,4858, ,CFS
SHA,H,76,INFLOW,20130507,1900,8651, ,CFS
SHA,H,76,INFLOW,20130507,2000,5686, ,CFS
SHA,H,76,INFLOW,20130507,2100,11860, ,CFS
SHA,H,76,INFLOW,20130507,2200,2178, ,CFS
SHA,H,76,INFLOW,20130507,2300,5456, ,CFS
SHA,H,76,INFLOW,20130508,0000,5817, ,CFS
SHA,H,76,INFLOW,20130508,0100,-40, ,CFS
SHA,H,76,INFLOW,20130508,0200,9384, ,CFS
SHA,H,76,INFLOW,20130508,0300,2883, ,CFS
SHA,H,76,INFLOW,20130508,0400,3049, ,CFS
SHA,H,76,INFLOW,20130508,0500,-35, ,CFS
SHA,H,76,INFLOW,20130508,0600,70, ,CFS
SHA,H,76,INFLOW,20130508,0700,1135, ,CFS
SHA,H,76,INFLOW,20130508,0800,3795, ,CFS
SHA,H,76,INFLOW,20130508,0900,1388, ,CFS
SHA,H,76,INFLOW,20130508,1000,3044, ,CFS
SHA,H,76,INFLOW,20130508,1100,1906, ,CFS
SHA,H,76,INFLOW,20130508,1200,3740, ,CFS
SHA,H,76,INFLOW,20130508,1300,4263, ,CFS
SHA,H,76,INFLOW,20130508,1400,3833, ,CFS
SHA,H,76,INFLOW,20130508,1500,3791, ,CFS
SHA,H,76,INFLOW,20130508,1600,3798, ,CFS
SHA,H,76,INFLOW,20130508,1700,3844, ,CFS
SHA,H,76,INFLOW,20130508,1800,6174, ,CFS
SHA,H,76,INFLOW,20130508,1900,-193, ,CFS
SHA,H,76,INFLOW,20130508,2000,15483, ,CFS
SHA,H,76,INFLOW,20130508,2100,-3377, ,CFS
SHA,H,76,INFLOW,20130508,2200,12058, ,CFS
SHA,H,76,INFLOW,20130508,2300,5585, ,CFS
SHA,H,76,INFLOW,20130509,0000,5335, ,CFS
SHA,H,76,INFLOW,20130509,0100,6344, ,CFS
SHA,H,76,INFLOW,20130509,0200,-30, ,CFS
SHA,H,76,INFLOW,20130509,0300,6206, ,CFS
SHA,H,76,INFLOW,20130509,0400,-375, ,CFS
SHA,H,76,INFLOW,20130509,0500,2366, ,CFS
SHA,H,76,INFLOW,20130509,0600,2128, ,CFS
SHA,H,76,INFLOW,20130509,0700,-3893, ,CFS
SHA,H,76,INFLOW,20130509,0800,9788, ,CFS
SHA,H,76,INFLOW,20130509,0900,4436, ,CFS
SHA,H,76,INFLOW,20130509,1000,7955, ,CFS
SHA,H,76,INFLOW,20130509,1100,4791, ,CFS
SHA,H,76,INFLOW,20130509,1200,4649, ,CFS
SHA,H,76,INFLOW,20130509,1300,7866, ,CFS
SHA,H,76,INFLOW,20130509,1400,7812, ,CFS
SHA,H,76,INFLOW,20130509,1500,7810, ,CFS
SHA,H,76,INFLOW,20130509,1600,4649, ,CFS
SHA,H,76,INFLOW,20130509,1700,4563, ,CFS
SHA,H,76,INFLOW,20130509,1800,8011, ,CFS
SHA,H,76,INFLOW,20130509,1900,4740, ,CFS
SHA,H,76,INFLOW,20130509,2000,8058, ,CFS
SHA,H,76,INFLOW,20130509,2100,8140, ,CFS
SHA,H,76,INFLOW,20130509,2200,8177, ,CFS
SHA,H,76,INFLOW,20130509,2300,7736, ,CFS
SHA,H,76,INFLOW,20130510,0000,6505, ,CFS
SHA,H,76,INFLOW,20130510,0100,4968, ,CFS
SHA,H,76,INFLOW,20130510,0200,882, ,CFS
SHA,H,76,INFLOW,20130510,0300,7022, ,CFS
SHA,H,76,INFLOW,20130510,0400,98, ,CFS
SHA,H,76,INFLOW,20130510,0500,746, ,CFS
SHA,H,76,INFLOW,20130510,0600,5309, ,CFS
SHA,H,76,INFLOW,20130510,0700,1371, ,CFS
SHA,H,76,INFLOW,20130510,0800,9149, ,CFS
SHA,H,76,INFLOW,20130510,0900,2499, ,CFS
SHA,H,76,INFLOW,20130510,1000,7744, ,CFS
SHA,H,76,INFLOW,20130510,1100,7719, ,CFS
SHA,H,76,INFLOW,20130510,1200,3616, ,CFS
SHA,H,76,INFLOW,20130510,1300,3609, ,CFS
SHA,H,76,INFLOW,20130510,1400,7497, ,CFS
SHA,H,76,INFLOW,20130510,1500,4615, ,CFS
SHA,H,76,INFLOW,20130510,1600,4734, ,CFS
SHA,H,76,INFLOW,20130510,1700,4441, ,CFS
SHA,H,76,INFLOW,20130510,1800,3602, ,CFS
SHA,H,76,INFLOW,20130510,1900,8498, ,CFS
SHA,H,76,INFLOW,20130510,2000,8840, ,CFS
SHA,H,76,INFLOW,20130510,2100,8857, ,CFS
SHA,H,76,INFLOW,20130510,2200,7962, ,CFS
SHA,H,76,INFLOW,20130510,2300,9766, ,CFS
SHA,H,76,INFLOW,20130511,0000,4668, ,CFS
SHA,H,76,INFLOW,20130511,0100,6990, ,CFS
SHA,H,76,INFLOW,20130511,0200,1856, ,CFS
SHA,H,76,INFLOW,20130511,0300,1495, ,CFS
SHA,H,76,INFLOW,20130511,0400,4958, ,CFS
SHA,H,76,INFLOW,20130511,0500,-1249, ,CFS
SHA,H,76,INFLOW,20130511,0600,4737, ,CFS
SHA,H,76,INFLOW,20130511,0700,-1665, ,CFS
SHA,H,76,INFLOW,20130511,0800,-5105, ,CFS
SHA,H,76,INFLOW,20130511,0900,2450, ,CFS
SHA,H,76,INFLOW,20130511,1000,3971, ,CFS
SHA,H,76,INFLOW,20130511,1100,-438, ,CFS
SHA,H,76,INFLOW,20130511,1200,11588, ,CFS
SHA,H,76,INFLOW,20130511,1300,2774, ,CFS
SHA,H,76,INFLOW,20130511,1400,9935, ,CFS
SHA,H,76,INFLOW,20130511,1500,6972, ,CFS
SHA,H,76,INFLOW,20130511,1600,6908, ,CFS
SHA,H,76,INFLOW,20130511,1700,9510, ,CFS
SHA,H,76,INFLOW,20130511,1800,6794, ,CFS
SHA,H,76,INFLOW,20130511,1900,11293, ,CFS
SHA,H,76,INFLOW,20130511,2000,5165, ,CFS
SHA,H,76,INFLOW,20130511,2100,5974, ,CFS
SHA,H,76,INFLOW,20130511,2200,8195, ,CFS
SHA,H,76,INFLOW,20130511,2300,6254, ,CFS
SHA,H,76,INFLOW,20130512,0000,1746, ,CFS
SHA,H,76,INFLOW,20130512,0100,4314, ,CFS
SHA,H,76,INFLOW,20130512,0200,2493, ,CFS
SHA,H,76,INFLOW,20130512,0300,-335, ,CFS
SHA,H,76,INFLOW,20130512,0400,2947, ,CFS
SHA,H,76,INFLOW,20130512,0500,-442, ,CFS
SHA,H,76,INFLOW,20130512,0600,3484, ,CFS
SHA,H,76,INFLOW,20130512,0700,1241, ,CFS
SHA,H,76,INFLOW,20130512,0800,-1465, ,CFS
SHA,H,76,INFLOW,20130512,0900,-307, ,CFS
SHA,H,76,INFLOW,20130512,1000,1254, ,CFS
SHA,H,76,INFLOW,20130512,1100,10180, ,CFS
SHA,H,76,INFLOW,20130512,1200,5529, ,CFS
SHA,H,76,INFLOW,20130512,1300,8515, ,CFS
SHA,H,76,INFLOW,20130512,1400,5482, ,CFS
SHA,H,76,INFLOW,20130512,1500,5279, ,CFS
SHA,H,76,INFLOW,20130512,1600,5240, ,CFS
SHA,H,76,INFLOW,20130512,1700,2691, ,CFS
SHA,H,76,INFLOW,20130512,1800,8796, ,CFS
SHA,H,76,INFLOW,20130512,1900,8611, ,CFS
SHA,H,76,INFLOW,20130512,2000,5406, ,CFS
SHA,H,76,INFLOW,20130512,2100,8595, ,CFS
SHA,H,76,INFLOW,20130512,2200,5277, ,CFS
SHA,H,76,INFLOW,20130512,2300,8574, ,CFS
SHA,H,76,INFLOW,20130513,0000,8196, ,CFS
SHA,H,76,INFLOW,20130513,0100,2078, ,CFS
SHA,H,76,INFLOW,20130513,0200,1087, ,CFS
SHA,H,76,INFLOW,20130513,0300,4155, ,CFS
SHA,H,76,INFLOW,20130513,0400,-1968, ,CFS
SHA,H,76,INFLOW,20130513,0500,4134, ,CFS
SHA,H,76,INFLOW,20130513,0600,2211, ,CFS
SHA,H,76,INFLOW,20130513,0700,903, ,CFS
SHA,H,76,INFLOW,20130513,0800,2817, ,CFS
SHA,H,76,INFLOW,20130513,0900,5392, ,CFS
SHA,H,76,INFLOW,20130513,1000,8243, ,CFS
SHA,H,76,INFLOW,20130513,1100,5361, ,CFS
SHA,H,76,INFLOW,20130513,1200,7845, ,CFS
SHA,H,76,INFLOW,20130513,1300,7948, ,CFS
SHA,H,76,INFLOW,20130513,1400,4734, ,CFS
SHA,H,76,INFLOW,20130513,1500,11522, ,CFS
SHA,H,76,INFLOW,20130513,1600,8323, ,CFS
SHA,H,76,INFLOW,20130513,1700,8281, ,CFS
SHA,H,76,INFLOW,20130513,1800,5143, ,CFS
SHA,H,76,INFLOW,20130513,1900,5060, ,CFS
SHA,H,76,INFLOW,20130513,2000,5024, ,CFS
SHA,H,76,INFLOW,20130513,2100,5027, ,CFS
SHA,H,76,INFLOW,20130513,2200,8081, ,CFS
SHA,H,76,INFLOW,20130513,2300,3575, ,CFS
SHA,H,76,INFLOW,20130514,0000,4585, ,CFS
SHA,H,76,INFLOW,20130514,0100,5120, ,CFS
SHA,H,76,INFLOW,20130514,0200,427, ,CFS
SHA,H,76,INFLOW,20130514,0300,3301, ,CFS
SHA,H,76,INFLOW,20130514,0400,175, ,CFS
SHA,H,76,INFLOW,20130514,0500,3324, ,CFS
SHA,H,76,INFLOW,20130514,0600,4818, ,CFS
SHA,H,76,INFLOW,20130514,0700,-5767, ,CFS
SHA,H,76,INFLOW,20130514,0800,4376, ,CFS
SHA,H,76,INFLOW,20130514,0900,-3669, ,CFS
SHA,H,76,INFLOW,20130514,1000,3091, ,CFS
SHA,H,76,INFLOW,20130514,1100,-1807, ,CFS
SHA,H,76,INFLOW,20130514,1200,3063, ,CFS
SHA,H,76,INFLOW,20130514,1300,2502, ,CFS
SHA,H,76,INFLOW,20130514,1400,6507, ,CFS
SHA,H,76,INFLOW,20130514,1500,3270, ,CFS
SHA,H,76,INFLOW,20130514,1600,2802, ,CFS
SHA,H,76,INFLOW,20130514,1700,5488, ,CFS
SHA,H,76,INFLOW,20130514,1800,2411, ,CFS
SHA,H,76,INFLOW,20130514,1900,2640, ,CFS
SHA,H,76,INFLOW,20130514,2000,11921, ,CFS
SHA,H,76,INFLOW,20130514,2100,5529, ,CFS
SHA,H,76,INFLOW,20130514,2200,4580, ,CFS
SHA,H,76,INFLOW,20130514,2300,8402, ,CFS
SHA,H,76,INFLOW,20130515,0000,-243, ,CFS
SHA,H,76,INFLOW,20130515,0100,4762, ,CFS
SHA,H,76,INFLOW,20130515,0200,-1657, ,CFS
SHA,H,76,INFLOW,20130515,0300,4869, ,CFS
SHA,H,76,INFLOW,20130515,0400,2133, ,CFS
SHA,H,76,INFLOW,20130515,0500,-3864, ,CFS
SHA,H,76,INFLOW,20130515,0600,6312, ,CFS
SHA,H,76,INFLOW,20130515,0700,1009, ,CFS
SHA,H,76,INFLOW,20130515,0800,-1438, ,CFS
SHA,H,76,INFLOW,20130515,0900,1368, ,CFS
SHA,H,76,INFLOW,20130515,1000,2589, ,CFS
SHA,H,76,INFLOW,20130515,1100,-1154, ,CFS
SHA,H,76,INFLOW,20130515,1200,4693, ,CFS
SHA,H,76,INFLOW,20130515,1300,2068, ,CFS
SHA,H,76,INFLOW,20130515,1400,3360, ,CFS
SHA,H,76,INFLOW,20130515,1500,6391, ,CFS
SHA,H,76,INFLOW,20130515,1600,-3320, ,CFS
SHA,H,76,INFLOW,20130515,1700,5897, ,CFS
SHA,H,76,INFLOW,20130515,1800,-930, ,CFS
SHA,H,76,INFLOW,20130515,1900,7797, ,CFS
SHA,H,76,INFLOW,20130515,2000,8369, ,CFS
SHA,H,76,INFLOW,20130515,2100,8009, ,CFS
SHA,H,76,INFLOW,20130515,2200,4383, ,CFS
SHA,H,76,INFLOW,20130515,2300,2682, ,CFS
SHA,H,76,INFLOW,20130516,0000,4478, ,CFS
SHA,H,76,INFLOW,20130516,0100,-2913, ,CFS
SHA,H,76,INFLOW,20130516,0200,6081, ,CFS
SHA,H,76,INFLOW,20130516,0300,-679, ,CFS
SHA,H,76,INFLOW,20130516,0400,-642, ,CFS
SHA,H,76,INFLOW,20130516,0500,5798, ,CFS
SHA,H,76,INFLOW,20130516,0600,3006, ,CFS
SHA,H,76,INFLOW,20130516,0700,-3198, ,CFS
SHA,H,76,INFLOW,20130516,0800,4288, ,CFS
SHA,H,76,INFLOW,20130516,0900,-130, ,CFS
SHA,H,76,INFLOW,20130516,1000,1830, ,CFS
SHA,H,76,INFLOW,20130516,1100,1997, ,CFS
SHA,H,76,INFLOW,20130516,1200,5214, ,CFS
SHA,H,76,INFLOW,20130516,1300,2119, ,CFS
SHA,H,76,INFLOW,20130516,1400,8271, ,CFS
SHA,H,76,INFLOW,20130516,1500,5238, ,CFS
SHA,H,76,INFLOW,20130516,1600,2183, ,CFS
SHA,H,76,INFLOW,20130516,1700,2106, ,CFS
SHA,H,76,INFLOW,20130516,1800,1243, ,CFS
SHA,H,76,INFLOW,20130516,1900,3875, ,CFS
SHA,H,76,INFLOW,20130516,2000,4002, ,CFS
SHA,H,76,INFLOW,20130516,2100,10143, ,CFS
SHA,H,76,INFLOW,20130516,2200,583, ,CFS
SHA,H,76,INFLOW,20130516,2300,7584, ,CFS
SHA,H,76,INFLOW,20130517,0000,4246, ,CFS
SHA,H,76,INFLOW,20130517,0100,565, ,CFS
SHA,H,76,INFLOW,20130517,0200,3661, ,CFS
SHA,H,76,INFLOW,20130517,0300,601, ,CFS
SHA,H,76,INFLOW,20130517,0400,3604, ,CFS
SHA,H,76,INFLOW,20130517,0500,959, ,CFS
SHA,H,76,INFLOW,20130517,0600,3959, ,CFS
SHA,H,76,INFLOW,20130517,0700,3, ,CFS
SHA,H,76,INFLOW,20130517,0800,229, ,CFS
SHA,H,76,INFLOW,20130517,0900,3832, ,CFS
SHA,H,76,INFLOW,20130517,1000,-1584, ,CFS
SHA,H,76,INFLOW,20130517,1100,1497, ,CFS
SHA,H,76,INFLOW,20130517,1200,1522, ,CFS
SHA,H,76,INFLOW,20130517,1300,4341, ,CFS
SHA,H,76,INFLOW,20130517,1400,1279, ,CFS
SHA,H,76,INFLOW,20130517,1500,4318, ,CFS
SHA,H,76,INFLOW,20130517,1600,4324, ,CFS
SHA,H,76,INFLOW,20130517,1700,1323, ,CFS
SHA,H,76,INFLOW,20130517,1800,1291, ,CFS
SHA,H,76,INFLOW,20130517,1900,7507, ,CFS
SHA,H,76,INFLOW,20130517,2000,7400, ,CFS
SHA,H,76,INFLOW,20130517,2100,6876, ,CFS
SHA,H,76,INFLOW,20130517,2200,10176, ,CFS
SHA,H,76,INFLOW,20130517,2300,5374, ,CFS
SHA,H,76,INFLOW,20130518,0000,3246, ,CFS
SHA,H,76,INFLOW,20130518,0100,4841, ,CFS
SHA,H,76,INFLOW,20130518,0200,4796, ,CFS
SHA,H,76,INFLOW,20130518,0300,-1100, ,CFS
SHA,H,76,INFLOW,20130518,0400,2330, ,CFS
SHA,H,76,INFLOW,20130518,0500,2363, ,CFS
SHA,H,76,INFLOW,20130518,0600,2505, ,CFS
SHA,H,76,INFLOW,20130518,0700,656, ,CFS
SHA,H,76,INFLOW,20130518,0800,560, ,CFS
SHA,H,76,INFLOW,20130518,0900,-1959, ,CFS
SHA,H,76,INFLOW,20130518,1000,1179, ,CFS
SHA,H,76,INFLOW,20130518,1100,1419, ,CFS
SHA,H,76,INFLOW,20130518,1200,4462, ,CFS
SHA,H,76,INFLOW,20130518,1300,1287, ,CFS
SHA,H,76,INFLOW,20130518,1400,7465, ,CFS
SHA,H,76,INFLOW,20130518,1500,4490, ,CFS
SHA,H,76,INFLOW,20130518,1600,1464, ,CFS
SHA,H,76,INFLOW,20130518,1700,10576, ,CFS
SHA,H,76,INFLOW,20130518,1800,-3324, ,CFS
SHA,H,76,INFLOW,20130518,1900,12106, ,CFS
SHA,H,76,INFLOW,20130518,2000,6095, ,CFS
SHA,H,76,INFLOW,20130518,2100,6480, ,CFS
SHA,H,76,INFLOW,20130518,2200,9189, ,CFS
SHA,H,76,INFLOW,20130518,2300,3608, ,CFS
SHA,H,76,INFLOW,20130519,0000,7070, ,CFS
SHA,H,76,INFLOW,20130519,0100,-5140, ,CFS
SHA,H,76,INFLOW,20130519,0200,3710, ,CFS
SHA,H,76,INFLOW,20130519,0300,744, ,CFS
SHA,H,76,INFLOW,20130519,0400,-2002, ,CFS
SHA,H,76,INFLOW,20130519,0500,4215, ,CFS
SHA,H,76,INFLOW,20130519,0600,-361, ,CFS
SHA,H,76,INFLOW,20130519,0700,4262, ,CFS
SHA,H,76,INFLOW,20130519,0800,-2168, ,CFS
SHA,H,76,INFLOW,20130519,0900,1872, ,CFS
SHA,H,76,INFLOW,20130519,1000,2539, ,CFS
SHA,H,76,INFLOW,20130519,1100,-3567, ,CFS
SHA,H,76,INFLOW,20130519,1200,2684, ,CFS
SHA,H,76,INFLOW,20130519,1300,2640, ,CFS
SHA,H,76,INFLOW,20130519,1400,12236, ,CFS
SHA,H,76,INFLOW,20130519,1500,3381, ,CFS
SHA,H,76,INFLOW,20130519,1600,6704, ,CFS
SHA,H,76,INFLOW,20130519,1700,6787, ,CFS
SHA,H,76,INFLOW,20130519,1800,6827, ,CFS
SHA,H,76,INFLOW,20130519,1900,6781, ,CFS
SHA,H,76,INFLOW,20130519,2000,6429, ,CFS
SHA,H,76,INFLOW,20130519,2100,6436, ,CFS
SHA,H,76,INFLOW,20130519,2200,6503, ,CFS
SHA,H,76,INFLOW,20130519,2300,8346, ,CFS
SHA,H,76,INFLOW,20130520,0000,131, ,CFS
SHA,H,76,INFLOW,20130520,0100,978, ,CFS
SHA,H,76,INFLOW,20130520,0200,4566, ,CFS
SHA,H,76,INFLOW,20130520,0300,737, ,CFS
SHA,H,76,INFLOW,20130520,0400,3766, ,CFS
SHA,H,76,INFLOW,20130520,0500,-2148, ,CFS
SHA,H,76,INFLOW,20130520,0600,940, ,CFS
SHA,H,76,INFLOW,20130520,0700,-1381, ,CFS
SHA,H,76,INFLOW,20130520,0800,3961, ,CFS
SHA,H,76,INFLOW,20130520,0900,7837, ,CFS
SHA,H,76,INFLOW,20130520,1000,3096, ,CFS
SHA,H,76,INFLOW,20130520,1100,3185, ,CFS
SHA,H,76,INFLOW,20130520,1200,5413, ,CFS
SHA,H,76,INFLOW,20130520,1300,5479, ,CFS
SHA,H,76,INFLOW,20130520,1400,4275, ,CFS
SHA,H,76,INFLOW,20130520,1500,10629, ,CFS
SHA,H,76,INFLOW,20130520,1600,7091, ,CFS
SHA,H,76,INFLOW,20130520,1700,3339, ,CFS
SHA,H,76,INFLOW,20130520,1800,9690, ,CFS
SHA,H,76,INFLOW,20130520,1900,6827, ,CFS
SHA,H,76,INFLOW,20130520,2000,3910, ,CFS
SHA,H,76,INFLOW,20130520,2100,9494, ,CFS
SHA,H,76,INFLOW,20130520,2200,5556, ,CFS
SHA,H,76,INFLOW,20130520,2300,10691, ,CFS
SHA,H,76,INFLOW,20130521,0000,-3028, ,CFS
SHA,H,76,INFLOW,20130521,0100,6960, ,CFS
SHA,H,76,INFLOW,20130521,0200,-2150, ,CFS
SHA,H,76,INFLOW,20130521,0300,6816, ,CFS
SHA,H,76,INFLOW,20130521,0400,804, ,CFS
SHA,H,76,INFLOW,20130521,0500,4033, ,CFS
SHA,H,76,INFLOW,20130521,0600,6894, ,CFS
SHA,H,76,INFLOW,20130521,0700,1115, ,CFS
SHA,H,76,INFLOW,20130521,0800,-1541, ,CFS
SHA,H,76,INFLOW,20130521,0900,6640, ,CFS
SHA,H,76,INFLOW,20130521,1000,10678, ,CFS
SHA,H,76,INFLOW,20130521,1100,4500, ,CFS
SHA,H,76,INFLOW,20130521,1200,-1279, ,CFS
SHA,H,76,INFLOW,20130521,1300,2524, ,CFS
SHA,H,76,INFLOW,20130521,1400,5319, ,CFS
SHA,H,76,INFLOW,20130521,1500,2658, ,CFS
SHA,H,76,INFLOW,20130521,1600,-872, ,CFS
SHA,H,76,INFLOW,20130521,1700,5213, ,CFS
SHA,H,76,INFLOW,20130521,1800,8314, ,CFS
SHA,H,76,INFLOW,20130521,1900,-854, ,CFS
SHA,H,76,INFLOW,20130521,2000,5213, ,CFS
SHA,H,76,INFLOW,20130521,2100,11309, ,CFS
SHA,H,76,INFLOW,20130521,2200,5277, ,CFS
SHA,H,76,INFLOW,20130521,2300,17126, ,CFS
SHA,H,76,INFLOW,20130522,0000,-5309, ,CFS
SHA,H,76,INFLOW,20130522,0100,2086, ,CFS
SHA,H,76,INFLOW,20130522,0200,5166, ,CFS
SHA,H,76,INFLOW,20130522,0300,2287, ,CFS
SHA,H,76,INFLOW,20130522,0400,2283, ,CFS
SHA,H,76,INFLOW,20130522,0500,2295, ,CFS
SHA,H,76,INFLOW,20130522,0600,2069, ,CFS
SHA,H,76,INFLOW,20130522,0700,-1629, ,CFS
SHA,H,76,INFLOW,20130522,0800,822, ,CFS
SHA,H,76,INFLOW,20130522,0900,-1503, ,CFS
SHA,H,76,INFLOW,20130522,1000,1713, ,CFS
SHA,H,76,INFLOW,20130522,1100,1917, ,CFS
SHA,H,76,INFLOW,20130522,1200,5107, ,CFS
SHA,H,76,INFLOW,20130522,1300,-969, ,CFS
SHA,H,76,INFLOW,20130522,1400,4777, ,CFS
SHA,H,76,INFLOW,20130522,1500,4697, ,CFS
SHA,H,76,INFLOW,20130522,1600,5189, ,CFS
SHA,H,76,INFLOW,20130522,1700,5184, ,CFS
SHA,H,76,INFLOW,20130522,1800,8292, ,CFS
SHA,H,76,INFLOW,20130522,1900,5138, ,CFS
SHA,H,76,INFLOW,20130522,2000,5086, ,CFS
SHA,H,76,INFLOW,20130522,2100,8298, ,CFS
SHA,H,76,INFLOW,20130522,2200,5123, ,CFS
SHA,H,76,INFLOW,20130522,2300,8155, ,CFS
SHA,H,76,INFLOW,20130523,0000,-1709, ,CFS
SHA,H,76,INFLOW,20130523,0100,5605, ,CFS
SHA,H,76,INFLOW,20130523,0200,-198, ,CFS
SHA,H,76,INFLOW,20130523,0300,-443, ,CFS
SHA,H,76,INFLOW,20130523,0400,2660, ,CFS
SHA,H,76,INFLOW,20130523,0500,-29, ,CFS
SHA,H,76,INFLOW,20130523,0600,-113, ,CFS
SHA,H,76,INFLOW,20130523,0700,1520, ,CFS
SHA,H,76,INFLOW,20130523,0800,2387, ,CFS
SHA,H,76,INFLOW,20130523,0900,-1206, ,CFS
SHA,H,76,INFLOW,20130523,1000,1774, ,CFS
SHA,H,76,INFLOW,20130523,1100,-396, ,CFS
SHA,H,76,INFLOW,20130523,1200,3518, ,CFS
SHA,H,76,INFLOW,20130523,1300,3441, ,CFS
SHA,H,76,INFLOW,20130523,1400,5811, ,CFS
SHA,H,76,INFLOW,20130523,1500,4536, ,CFS
SHA,H,76,INFLOW,20130523,1600,6113, ,CFS
SHA,H,76,INFLOW,20130523,1700,3127, ,CFS
SHA,H,76,INFLOW,20130523,1800,7959, ,CFS
SHA,H,76,INFLOW,20130523,1900,4299, ,CFS
SHA,H,76,INFLOW,20130523,2000,4245, ,CFS
SHA,H,76,INFLOW,20130523,2100,8502, ,CFS
SHA,H,76,INFLOW,20130523,2200,2889, ,CFS
SHA,H,76,INFLOW,20130523,2300,11990, ,CFS
SHA,H,76,INFLOW,20130524,0000,3111, ,CFS
SHA,H,76,INFLOW,20130524,0100,398, ,CFS
SHA,H,76,INFLOW,20130524,0200,44, ,CFS
SHA,H,76,INFLOW,20130524,0300,3100, ,CFS
SHA,H,76,INFLOW,20130524,0400,-2842, ,CFS
SHA,H,76,INFLOW,20130524,0500,3274, ,CFS
SHA,H,76,INFLOW,20130524,0600,231, ,CFS
SHA,H,76,INFLOW,20130524,0700,2969, ,CFS
SHA,H,76,INFLOW,20130524,0800,-340, ,CFS
SHA,H,76,INFLOW,20130524,0900,-831, ,CFS
SHA,H,76,INFLOW,20130524,1000,1803, ,CFS
SHA,H,76,INFLOW,20130524,1100,5495, ,CFS
SHA,H,76,INFLOW,20130524,1200,5678, ,CFS
SHA,H,76,INFLOW,20130524,1300,9132, ,CFS
SHA,H,76,INFLOW,20130524,1400,8482, ,CFS
SHA,H,76,INFLOW,20130524,1500,5895, ,CFS
SHA,H,76,INFLOW,20130524,1600,6036, ,CFS
SHA,H,76,INFLOW,20130524,1700,4541, ,CFS
SHA,H,76,INFLOW,20130524,1800,5600, ,CFS
SHA,H,76,INFLOW,20130524,1900,5916, ,CFS
SHA,H,76,INFLOW,20130524,2000,5894, ,CFS
SHA,H,76,INFLOW,20130524,2100,2922, ,CFS
SHA,H,76,INFLOW,20130524,2200,8730, ,CFS
SHA,H,76,INFLOW,20130524,2300,7786, ,CFS
SHA,H,76,INFLOW,20130525,0000,2021, ,CFS
SHA,H,76,INFLOW,20130525,0100,3710, ,CFS
SHA,H,76,INFLOW,20130525,0200,44, ,CFS
SHA,H,76,INFLOW,20130525,0300,2828, ,CFS
SHA,H,76,INFLOW,20130525,0400,-515, ,CFS
SHA,H,76,INFLOW,20130525,0500,2540, ,CFS
SHA,H,76,INFLOW,20130525,0600,-641, ,CFS
SHA,H,76,INFLOW,20130525,0700,-1501, ,CFS
SHA,H,76,INFLOW,20130525,0800,2326, ,CFS
SHA,H,76,INFLOW,20130525,0900,382, ,CFS
SHA,H,76,INFLOW,20130525,1000,50, ,CFS
SHA,H,76,INFLOW,20130525,1100,1808, ,CFS
SHA,H,76,INFLOW,20130525,1200,2136, ,CFS
SHA,H,76,INFLOW,20130525,1300,3841, ,CFS
SHA,H,76,INFLOW,20130525,1400,7182, ,CFS
SHA,H,76,INFLOW,20130525,1500,5288, ,CFS
SHA,H,76,INFLOW,20130525,1600,6003, ,CFS
SHA,H,76,INFLOW,20130525,1700,3996, ,CFS
SHA,H,76,INFLOW,20130525,1800,3209, ,CFS
SHA,H,76,INFLOW,20130525,1900,6323, ,CFS
SHA,H,76,INFLOW,20130525,2000,6273, ,CFS
SHA,H,76,INFLOW,20130525,2100,3193, ,CFS
SHA,H,76,INFLOW,20130525,2200,9117, ,CFS
SHA,H,76,INFLOW,20130525,2300,6094, ,CFS
SHA,H,76,INFLOW,20130526,0000,3346, ,CFS
SHA,H,76,INFLOW,20130526,0100,194, ,CFS
SHA,H,76,INFLOW,20130526,0200,1619, ,CFS
SHA,H,76,INFLOW,20130526,0300,1368, ,CFS
SHA,H,76,INFLOW,20130526,0400,1347, ,CFS
SHA,H,76,INFLOW,20130526,0500,1328, ,CFS
SHA,H,76,INFLOW,20130526,0600,4132, ,CFS
SHA,H,76,INFLOW,20130526,0700,-331, ,CFS
SHA,H,76,INFLOW,20130526,0800,3334, ,CFS
SHA,H,76,INFLOW,20130526,0900,-3067, ,CFS
SHA,H,76,INFLOW,20130526,1000,3088, ,CFS
SHA,H,76,INFLOW,20130526,1100,318, ,CFS
SHA,H,76,INFLOW,20130526,1200,-1687, ,CFS
SHA,H,76,INFLOW,20130526,1300,11420, ,CFS
SHA,H,76,INFLOW,20130526,1400,3647, ,CFS
SHA,H,76,INFLOW,20130526,1500,6054, ,CFS
SHA,H,76,INFLOW,20130526,1600,6392, ,CFS
SHA,H,76,INFLOW,20130526,1700,4100, ,CFS
SHA,H,76,INFLOW,20130526,1800,7396, ,CFS
SHA,H,76,INFLOW,20130526,1900,7442, ,CFS
SHA,H,76,INFLOW,20130526,2000,1215, ,CFS
SHA,H,76,INFLOW,20130526,2100,10038, ,CFS
SHA,H,76,INFLOW,20130526,2200,3485, ,CFS
SHA,H,76,INFLOW,20130526,2300,8870, ,CFS
SHA,H,76,INFLOW,20130527,0000,5780, ,CFS
SHA,H,76,INFLOW,20130527,0100,54, ,CFS
SHA,H,76,INFLOW,20130527,0200,2765, ,CFS
SHA,H,76,INFLOW,20130527,0300,-248, ,CFS
SHA,H,76,INFLOW,20130527,0400,-251, ,CFS
SHA,H,76,INFLOW,20130527,0500,6062, ,CFS
SHA,H,76,INFLOW,20130527,0600,2886, ,CFS
SHA,H,76,INFLOW,20130527,0700,-2279, ,CFS
SHA,H,76,INFLOW,20130527,0800,2790, ,CFS
SHA,H,76,INFLOW,20130527,0900,780, ,CFS
SHA,H,76,INFLOW,20130527,1000,912, ,CFS
SHA,H,76,INFLOW,20130527,1100,4101, ,CFS
SHA,H,76,INFLOW,20130527,1200,2841, ,CFS
SHA,H,76,INFLOW,20130527,1300,3856, ,CFS
SHA,H,76,INFLOW,20130527,1400,10089, ,CFS
SHA,H,76,INFLOW,20130527,1500,7862, ,CFS
SHA,H,76,INFLOW,20130527,1600,8596, ,CFS
SHA,H,76,INFLOW,20130527,1700,4802, ,CFS
SHA,H,76,INFLOW,20130527,1800,9720, ,CFS
SHA,H,76,INFLOW,20130527,1900,6265, ,CFS
SHA,H,76,INFLOW,20130527,2000,5863, ,CFS
SHA,H,76,INFLOW,20130527,2100,6131, ,CFS
SHA,H,76,INFLOW,20130527,2200,1167, ,CFS
SHA,H,76,INFLOW,20130527,2300,10519, ,CFS
SHA,H,76,INFLOW,20130528,0000,1123, ,CFS
SHA,H,76,INFLOW,20130528,0100,3441, ,CFS
SHA,H,76,INFLOW,20130528,0200,3363, ,CFS
SHA,H,76,INFLOW,20130528,0300,-2142, ,CFS
SHA,H,76,INFLOW,20130528,0400,3851, ,CFS
SHA,H,76,INFLOW,20130528,0500,3820, ,CFS
SHA,H,76,INFLOW,20130528,0600,-2123, ,CFS
SHA,H,76,INFLOW,20130528,0700,3318, ,CFS
SHA,H,76,INFLOW,20130528,0800,7, ,CFS
SHA,H,76,INFLOW,20130528,0900,2319, ,CFS
SHA,H,76,INFLOW,20130528,1000,-1585, ,CFS
SHA,H,76,INFLOW,20130528,1100,3530, ,CFS
SHA,H,76,INFLOW,20130528,1200,6544, ,CFS
SHA,H,76,INFLOW,20130528,1300,6705, ,CFS
SHA,H,76,INFLOW,20130528,1400,5147, ,CFS
SHA,H,76,INFLOW,20130528,1500,8875, ,CFS
SHA,H,76,INFLOW,20130528,1600,1874, ,CFS
SHA,H,76,INFLOW,20130528,1700,10389, ,CFS
SHA,H,76,INFLOW,20130528,1800,4150, ,CFS
SHA,H,76,INFLOW,20130528,1900,4819, ,CFS
SHA,H,76,INFLOW,20130528,2000,7631, ,CFS
SHA,H,76,INFLOW,20130528,2100,7282, ,CFS
SHA,H,76,INFLOW,20130528,2200,6228, ,CFS
SHA,H,76,INFLOW,20130528,2300,6154, ,CFS
SHA,H,76,INFLOW,20130529,0000,1545, ,CFS
SHA,H,76,INFLOW,20130529,0100,4559, ,CFS
SHA,H,76,INFLOW,20130529,0200,-3437, ,CFS
SHA,H,76,INFLOW,20130529,0300,2041, ,CFS
SHA,H,76,INFLOW,20130529,0400,-866, ,CFS
SHA,H,76,INFLOW,20130529,0500,3592, ,CFS
SHA,H,76,INFLOW,20130529,0600,-2167, ,CFS
SHA,H,76,INFLOW,20130529,0700,5413, ,CFS
SHA,H,76,INFLOW,20130529,0800,-261, ,CFS
SHA,H,76,INFLOW,20130529,0900,-795, ,CFS
SHA,H,76,INFLOW,20130529,1000,-408, ,CFS
SHA,H,76,INFLOW,20130529,1100,4141, ,CFS
SHA,H,76,INFLOW,20130529,1200,1425, ,CFS
SHA,H,76,INFLOW,20130529,1300,4377, ,CFS
SHA,H,76,INFLOW,20130529,1400,7373, ,CFS
SHA,H,76,INFLOW,20130529,1500,4320, ,CFS
SHA,H,76,INFLOW,20130529,1600,9957, ,CFS
SHA,H,76,INFLOW,20130529,1700,4227, ,CFS
SHA,H,76,INFLOW,20130529,1800,4284, ,CFS
SHA,H,76,INFLOW,20130529,1900,4096, ,CFS
SHA,H,76,INFLOW,20130529,2000,5992, ,CFS
SHA,H,76,INFLOW,20130529,2100,5453, ,CFS
SHA,H,76,INFLOW,20130529,2200,5670, ,CFS
SHA,H,76,INFLOW,20130529,2300,6409, ,CFS
SHA,H,76,INFLOW,20130530,0000,2067, ,CFS
SHA,H,76,INFLOW,20130530,0100,7391, ,CFS
SHA,H,76,INFLOW,20130530,0200,-257, ,CFS
SHA,H,76,INFLOW,20130530,0300,2692, ,CFS
SHA,H,76,INFLOW,20130530,0400,-195, ,CFS
SHA,H,76,INFLOW,20130530,0500,2439, ,CFS
SHA,H,76,INFLOW,20130530,0600,-754, ,CFS
SHA,H,76,INFLOW,20130530,0700,1103, ,CFS
SHA,H,76,INFLOW,20130530,0800,2032, ,CFS
SHA,H,76,INFLOW,20130530,0900,-817, ,CFS
SHA,H,76,INFLOW,20130530,1000,-2066, ,CFS
SHA,H,76,INFLOW,20130530,1100,273, ,CFS
SHA,H,76,INFLOW,20130530,1200,1024, ,CFS
SHA,H,76,INFLOW,20130530,1300,1129, ,CFS
SHA,H,76,INFLOW,20130530,1400,4424, ,CFS
SHA,H,76,INFLOW,20130530,1500,6843, ,CFS
SHA,H,76,INFLOW,20130530,1600,6808, ,CFS
SHA,H,76,INFLOW,20130530,1700,5963, ,CFS
SHA,H,76,INFLOW,20130530,1800,8792, ,CFS
SHA,H,76,INFLOW,20130530,1900,5432, ,CFS
SHA,H,76,INFLOW,20130530,2000,5775, ,CFS
SHA,H,76,INFLOW,20130530,2100,3467, ,CFS
SHA,H,76,INFLOW,20130530,2200,6265, ,CFS
SHA,H,76,INFLOW,20130530,2300,6256, ,CFS
SHA,H,76,INFLOW,20130531,0000,6089, ,CFS
SHA,H,76,INFLOW,20130531,0100,-5598, ,CFS
SHA,H,76,INFLOW,20130531,0200,5862, ,CFS
SHA,H,76,INFLOW,20130531,0300,-278, ,CFS
SHA,H,76,INFLOW,20130531,0400,2787, ,CFS
SHA,H,76,INFLOW,20130531,0500,-314, ,CFS
SHA,H,76,INFLOW,20130531,0600,-231, ,CFS
SHA,H,76,INFLOW,20130531,0700,1876, ,CFS
SHA,H,76,INFLOW,20130531,0800,-2029, ,CFS
SHA,H,76,INFLOW,20130531,0900,1314, ,CFS
SHA,H,76,INFLOW,20130531,1000,755, ,CFS
SHA,H,76,INFLOW,20130531,1100,-1886, ,CFS
SHA,H,76,INFLOW,20130531,1200,4973, ,CFS
SHA,H,76,INFLOW,20130531,1300,2276, ,CFS
SHA,H,76,INFLOW,20130531,1400,8174, ,CFS
SHA,H,76,INFLOW,20130531,1500,5452, ,CFS
SHA,H,76,INFLOW,20130531,1600,5475, ,CFS
SHA,H,76,INFLOW,20130531,1700,9369, ,CFS
SHA,H,76,INFLOW,20130531,1800,6552, ,CFS
SHA,H,76,INFLOW,20130531,1900,6402, ,CFS
SHA,H,76,INFLOW,20130531,2000,6608, ,CFS
SHA,H,76,INFLOW,20130531,2100,6168, ,CFS
SHA,H,76,INFLOW,20130531,2200,6011, ,CFS
SHA,H,76,INFLOW,20130531,2300,7006, ,CFS
SHA,H,76,INFLOW,20130601,0000,670, ,CFS
SHA,H,76,INFLOW,20130601,0100,4844, ,CFS
SHA,H,76,INFLOW,20130601,0200,-997, ,CFS
SHA,H,76,INFLOW,20130601,0300,2281, ,CFS
SHA,H,76,INFLOW,20130601,0400,2881, ,CFS
SHA,H,76,INFLOW,20130601,0500,-157, ,CFS
SHA,H,76,INFLOW,20130601,0600,2508, ,CFS
SHA,H,76,INFLOW,20130601,0700,-2247, ,CFS
SHA,H,76,INFLOW,20130601,0800,-572, ,CFS
SHA,H,76,INFLOW,20130601,0900,3782, ,CFS
SHA,H,76,INFLOW,20130601,1000,-950, ,CFS
SHA,H,76,INFLOW,20130601,1100,12, ,CFS
SHA,H,76,INFLOW,20130601,1200,1011, ,CFS
SHA,H,76,INFLOW,20130601,1300,888, ,CFS
SHA,H,76,INFLOW,20130601,1400,7317, ,CFS
SHA,H,76,INFLOW,20130601,1500,4389, ,CFS
SHA,H,76,INFLOW,20130601,1600,6997, ,CFS
SHA,H,76,INFLOW,20130601,1700,9898, ,CFS
SHA,H,76,INFLOW,20130601,1800,4110, ,CFS
SHA,H,76,INFLOW,20130601,1900,10201, ,CFS
SHA,H,76,INFLOW,20130601,2000,6549, ,CFS
SHA,H,76,INFLOW,20130601,2100,4346, ,CFS
SHA,H,76,INFLOW,20130601,2200,7231, ,CFS
SHA,H,76,INFLOW,20130601,2300,5669, ,CFS
SHA,H,76,INFLOW,20130602,0000,3961, ,CFS
SHA,H,76,INFLOW,20130602,0100,2345, ,CFS
SHA,H,76,INFLOW,20130602,0200,-561, ,CFS
SHA,H,76,INFLOW,20130602,0300,2423, ,CFS
SHA,H,76,INFLOW,20130602,0400,2150, ,CFS
SHA,H,76,INFLOW,20130602,0500,2244, ,CFS
SHA,H,76,INFLOW,20130602,0600,-699, ,CFS
SHA,H,76,INFLOW,20130602,0700,1506, ,CFS
SHA,H,76,INFLOW,20130602,0800,1034, ,CFS
SHA,H,76,INFLOW,20130602,0900,1802, ,CFS
SHA,H,76,INFLOW,20130602,1000,-2546, ,CFS
SHA,H,76,INFLOW,20130602,1100,998, ,CFS
SHA,H,76,INFLOW,20130602,1200,2420, ,CFS
SHA,H,76,INFLOW,20130602,1300,-594, ,CFS
SHA,H,76,INFLOW,20130602,1400,3899, ,CFS
SHA,H,76,INFLOW,20130602,1500,996, ,CFS
SHA,H,76,INFLOW,20130602,1600,7547, ,CFS
SHA,H,76,INFLOW,20130602,1700,4609, ,CFS
SHA,H,76,INFLOW,20130602,1800,6115, ,CFS
SHA,H,76,INFLOW,20130602,1900,9108, ,CFS
SHA,H,76,INFLOW,20130602,2000,4902, ,CFS
SHA,H,76,INFLOW,20130602,2100,7231, ,CFS
SHA,H,76,INFLOW,20130602,2200,7108, ,CFS
SHA,H,76,INFLOW,20130602,2300,2162, ,CFS
SHA,H,76,INFLOW,20130603,0000,5930, ,CFS
SHA,H,76,INFLOW,20130603,0100,9119, ,CFS
SHA,H,76,INFLOW,20130603,0200,-42, ,CFS
SHA,H,76,INFLOW,20130603,0300,2752, ,CFS
SHA,H,76,INFLOW,20130603,0400,-445, ,CFS
SHA,H,76,INFLOW,20130603,0500,46, ,CFS
SHA,H,76,INFLOW,20130603,0600,3123, ,CFS
SHA,H,76,INFLOW,20130603,0700,2372, ,CFS
SHA,H,76,INFLOW,20130603,0800,6603, ,CFS
SHA,H,76,INFLOW,20130603,0900,-2953, ,CFS
SHA,H,76,INFLOW,20130603,1000,4363, ,CFS
SHA,H,76,INFLOW,20130603,1100,-1546, ,CFS
SHA,H,76,INFLOW,20130603,1200,4324, ,CFS
SHA,H,76,INFLOW,20130603,1300,5190, ,CFS
SHA,H,76,INFLOW,20130603,1400,1466, ,CFS
SHA,H,76,INFLOW,20130603,1500,7629, ,CFS
SHA,H,76,INFLOW,20130603,1600,4704, ,CFS
SHA,H,76,INFLOW,20130603,1700,7591, ,CFS
SHA,H,76,INFLOW,20130603,1800,7337, ,CFS
SHA,H,76,INFLOW,20130603,1900,6865, ,CFS
SHA,H,76,INFLOW,20130603,2000,9386, ,CFS
SHA,H,76,INFLOW,20130603,2100,3827, ,CFS
SHA,H,76,INFLOW,20130603,2200,8932, ,CFS
SHA,H,76,INFLOW,20130603,2300,4338, ,CFS
SHA,H,76,INFLOW,20130604,0000,7524, ,CFS
SHA,H,76,INFLOW,20130604,0100,2688, ,CFS
SHA,H,76,INFLOW,20130604,0200,-104, ,CFS
SHA,H,76,INFLOW,20130604,0300,2571, ,CFS
SHA,H,76,INFLOW,20130604,0400,-2039, ,CFS
SHA,H,76,INFLOW,20130604,0500,3609, ,CFS
SHA,H,76,INFLOW,20130604,0600,3576, ,CFS
SHA,H,76,INFLOW,20130604,0700,-2341, ,CFS
SHA,H,76,INFLOW,20130604,0800,5745, ,CFS
SHA,H,76,INFLOW,20130604,0900,-2564, ,CFS
SHA,H,76,INFLOW,20130604,1000,658, ,CFS
SHA,H,76,INFLOW,20130604,1100,1420, ,CFS
SHA,H,76,INFLOW,20130604,1200,6586, ,CFS
SHA,H,76,INFLOW,20130604,1300,7001, ,CFS
SHA,H,76,INFLOW,20130604,1400,4440, ,CFS
SHA,H,76,INFLOW,20130604,1500,4528, ,CFS
SHA,H,76,INFLOW,20130604,1600,6996, ,CFS
SHA,H,76,INFLOW,20130604,1700,4149, ,CFS
SHA,H,76,INFLOW,20130604,1800,7149, ,CFS
SHA,H,76,INFLOW,20130604,1900,7332, ,CFS
SHA,H,76,INFLOW,20130604,2000,6052, ,CFS
SHA,H,76,INFLOW,20130604,2100,5257, ,CFS
SHA,H,76,INFLOW,20130604,2200,5209, ,CFS
SHA,H,76,INFLOW,20130604,2300,4621, ,CFS
SHA,H,76,INFLOW,20130605,0000,4930, ,CFS
SHA,H,76,INFLOW,20130605,0100,947, ,CFS
SHA,H,76,INFLOW,20130605,0200,3510, ,CFS
SHA,H,76,INFLOW,20130605,0300,75, ,CFS
SHA,H,76,INFLOW,20130605,0400,1739, ,CFS
SHA,H,76,INFLOW,20130605,0500,-253, ,CFS
SHA,H,76,INFLOW,20130605,0600,4097, ,CFS
SHA,H,76,INFLOW,20130605,0700,-1776, ,CFS
SHA,H,76,INFLOW,20130605,0800,2085, ,CFS
SHA,H,76,INFLOW,20130605,0900,306, ,CFS
SHA,H,76,INFLOW,20130605,1000,5936, ,CFS
SHA,H,76,INFLOW,20130605,1100,1067, ,CFS
SHA,H,76,INFLOW,20130605,1200,1581, ,CFS
SHA,H,76,INFLOW,20130605,1300,9872, ,CFS
SHA,H,76,INFLOW,20130605,1400,6894, ,CFS
SHA,H,76,INFLOW,20130605,1500,4033, ,CFS
SHA,H,76,INFLOW,20130605,1600,7012, ,CFS
SHA,H,76,INFLOW,20130605,1700,5425, ,CFS
SHA,H,76,INFLOW,20130605,1800,8331, ,CFS
SHA,H,76,INFLOW,20130605,1900,4241, ,CFS
SHA,H,76,INFLOW,20130605,2000,4448, ,CFS
SHA,H,76,INFLOW,20130605,2100,4145, ,CFS
SHA,H,76,INFLOW,20130605,2200,9692, ,CFS
SHA,H,76,INFLOW,20130605,2300,5270, ,CFS
SHA,H,76,INFLOW,20130606,0000,4309, ,CFS
SHA,H,76,INFLOW,20130606,0100,319, ,CFS
SHA,H,76,INFLOW,20130606,0200,1685, ,CFS
SHA,H,76,INFLOW,20130606,0300,1546, ,CFS
SHA,H,76,INFLOW,20130606,0400,1622, ,CFS
SHA,H,76,INFLOW,20130606,0500,2366, ,CFS
SHA,H,76,INFLOW,20130606,0600,-724, ,CFS
SHA,H,76,INFLOW,20130606,0700,1491, ,CFS
SHA,H,76,INFLOW,20130606,0800,673, ,CFS
SHA,H,76,INFLOW,20130606,0900,-338, ,CFS
SHA,H,76,INFLOW,20130606,1000,3241, ,CFS
SHA,H,76,INFLOW,20130606,1100,2164, ,CFS
SHA,H,76,INFLOW,20130606,1200,1829, ,CFS
SHA,H,76,INFLOW,20130606,1300,4867, ,CFS
SHA,H,76,INFLOW,20130606,1400,4949, ,CFS
SHA,H,76,INFLOW,20130606,1500,7905, ,CFS
SHA,H,76,INFLOW,20130606,1600,7428, ,CFS
SHA,H,76,INFLOW,20130606,1700,4446, ,CFS
SHA,H,76,INFLOW,20130606,1800,7380, ,CFS
SHA,H,76,INFLOW,20130606,1900,4872, ,CFS
SHA,H,76,INFLOW,20130606,2000,4993, ,CFS
SHA,H,76,INFLOW,20130606,2100,7547, ,CFS
SHA,H,76,INFLOW,20130606,2200,7748, ,CFS
SHA,H,76,INFLOW,20130606,2300,-710, ,CFS
SHA,H,76,INFLOW,20130607,0000,4338, ,CFS
SHA,H,76,INFLOW,20130607,0100,425, ,CFS
SHA,H,76,INFLOW,20130607,0200,2591, ,CFS
SHA,H,76,INFLOW,20130607,0300,-767, ,CFS
SHA,H,76,INFLOW,20130607,0400,2080, ,CFS
SHA,H,76,INFLOW,20130607,0500,1212, ,CFS
SHA,H,76,INFLOW,20130607,0600,1871, ,CFS
SHA,H,76,INFLOW,20130607,0700,101, ,CFS
SHA,H,76,INFLOW,20130607,0800,2832, ,CFS
SHA,H,76,INFLOW,20130607,0900,-7289, ,CFS
SHA,H,76,INFLOW,20130607,1000,2247, ,CFS
SHA,H,76,INFLOW,20130607,1100,1039, ,CFS
SHA,H,76,INFLOW,20130607,1200,4269, ,CFS
SHA,H,76,INFLOW,20130607,1300,4191, ,CFS
SHA,H,76,INFLOW,20130607,1400,4127, ,CFS
SHA,H,76,INFLOW,20130607,1500,5058, ,CFS
SHA,H,76,INFLOW,20130607,1600,4944, ,CFS
SHA,H,76,INFLOW,20130607,1700,4940, ,CFS
SHA,H,76,INFLOW,20130607,1800,7838, ,CFS
SHA,H,76,INFLOW,20130607,1900,2073, ,CFS
SHA,H,76,INFLOW,20130607,2000,6156, ,CFS
SHA,H,76,INFLOW,20130607,2100,9120, ,CFS
SHA,H,76,INFLOW,20130607,2200,3274, ,CFS
SHA,H,76,INFLOW,20130607,2300,8740, ,CFS
SHA,H,76,INFLOW,20130608,0000,6470, ,CFS
SHA,H,76,INFLOW,20130608,0100,-2389, ,CFS
SHA,H,76,INFLOW,20130608,0200,2571, ,CFS
SHA,H,76,INFLOW,20130608,0300,-3262, ,CFS
SHA,H,76,INFLOW,20130608,0400,2749, ,CFS
SHA,H,76,INFLOW,20130608,0500,3055, ,CFS
SHA,H,76,INFLOW,20130608,0600,5, ,CFS
SHA,H,76,INFLOW,20130608,0700,840, ,CFS
SHA,H,76,INFLOW,20130608,0800,-2807, ,CFS
SHA,H,76,INFLOW,20130608,0900,2304, ,CFS
SHA,H,76,INFLOW,20130608,1000,1781, ,CFS
SHA,H,76,INFLOW,20130608,1100,-703, ,CFS
SHA,H,76,INFLOW,20130608,1200,2504, ,CFS
SHA,H,76,INFLOW,20130608,1300,2635, ,CFS
SHA,H,76,INFLOW,20130608,1400,2574, ,CFS
SHA,H,76,INFLOW,20130608,1500,6775, ,CFS
SHA,H,76,INFLOW,20130608,1600,1384, ,CFS
SHA,H,76,INFLOW,20130608,1700,3736, ,CFS
SHA,H,76,INFLOW,20130608,1800,3076, ,CFS
SHA,H,76,INFLOW,20130608,1900,125, ,CFS
SHA,H,76,INFLOW,20130608,2000,5691, ,CFS
SHA,H,76,INFLOW,20130608,2100,2744, ,CFS
SHA,H,76,INFLOW,20130608,2200,5688, ,CFS
SHA,H,76,INFLOW,20130608,2300,6802, ,CFS
SHA,H,76,INFLOW,20130609,0000,-1964, ,CFS
SHA,H,76,INFLOW,20130609,0100,3874, ,CFS
SHA,H,76,INFLOW,20130609,0200,1064, ,CFS
SHA,H,76,INFLOW,20130609,0300,-5448, ,CFS
SHA,H,76,INFLOW,20130609,0400,3564, ,CFS
SHA,H,76,INFLOW,20130609,0500,3495, ,CFS
SHA,H,76,INFLOW,20130609,0600,-970, ,CFS
SHA,H,76,INFLOW,20130609,0700,570, ,CFS
SHA,H,76,INFLOW,20130609,0800,-1177, ,CFS
SHA,H,76,INFLOW,20130609,0900,398, ,CFS
SHA,H,76,INFLOW,20130609,1000,3067, ,CFS
SHA,H,76,INFLOW,20130609,1100,1689, ,CFS
SHA,H,76,INFLOW,20130609,1200,5619, ,CFS
SHA,H,76,INFLOW,20130609,1300,2951, ,CFS
SHA,H,76,INFLOW,20130609,1400,3181, ,CFS
SHA,H,76,INFLOW,20130609,1500,3299, ,CFS
SHA,H,76,INFLOW,20130609,1600,8655, ,CFS
SHA,H,76,INFLOW,20130609,1700,5952, ,CFS
SHA,H,76,INFLOW,20130609,1800,3263, ,CFS
SHA,H,76,INFLOW,20130609,1900,6221, ,CFS
SHA,H,76,INFLOW,20130609,2000,3147, ,CFS
SHA,H,76,INFLOW,20130609,2100,3614, ,CFS
SHA,H,76,INFLOW,20130609,2200,5897, ,CFS
SHA,H,76,INFLOW,20130609,2300,2548, ,CFS
SHA,H,76,INFLOW,20130610,0000,-270, ,CFS
SHA,H,76,INFLOW,20130610,0100,3117, ,CFS
SHA,H,76,INFLOW,20130610,0200,-755, ,CFS
SHA,H,76,INFLOW,20130610,0300,3377, ,CFS
SHA,H,76,INFLOW,20130610,0400,619, ,CFS
SHA,H,76,INFLOW,20130610,0500,684, ,CFS
SHA,H,76,INFLOW,20130610,0600,3645, ,CFS
SHA,H,76,INFLOW,20130610,0700,-1875, ,CFS
SHA,H,76,INFLOW,20130610,0800,1036, ,CFS
SHA,H,76,INFLOW,20130610,0900,1032, ,CFS
SHA,H,76,INFLOW,20130610,1000,6622, ,CFS
SHA,H,76,INFLOW,20130610,1100,1324, ,CFS
SHA,H,76,INFLOW,20130610,1200,7339, ,CFS
SHA,H,76,INFLOW,20130610,1300,3896, ,CFS
SHA,H,76,INFLOW,20130610,1400,4310, ,CFS
SHA,H,76,INFLOW,20130610,1500,7209, ,CFS
SHA,H,76,INFLOW,20130610,1600,4338, ,CFS
SHA,H,76,INFLOW,20130610,1700,4330, ,CFS
SHA,H,76,INFLOW,20130610,1800,4388, ,CFS
SHA,H,76,INFLOW,20130610,1900,4518, ,CFS
SHA,H,76,INFLOW,20130610,2000,7375, ,CFS
SHA,H,76,INFLOW,20130610,2100,4477, ,CFS
SHA,H,76,INFLOW,20130610,2200,10351, ,CFS
SHA,H,76,INFLOW,20130610,2300,3350, ,CFS
SHA,H,76,INFLOW,20130611,0000,9600, ,CFS
SHA,H,76,INFLOW,20130611,0100,1691, ,CFS
SHA,H,76,INFLOW,20130611,0200,5560, ,CFS
SHA,H,76,INFLOW,20130611,0300,-517, ,CFS
SHA,H,76,INFLOW,20130611,0400,3010, ,CFS
SHA,H,76,INFLOW,20130611,0500,3070, ,CFS
SHA,H,76,INFLOW,20130611,0600,541, ,CFS
SHA,H,76,INFLOW,20130611,0700,-194, ,CFS
SHA,H,76,INFLOW,20130611,0800,4988, ,CFS
SHA,H,76,INFLOW,20130611,0900,1839, ,CFS
SHA,H,76,INFLOW,20130611,1000,1030, ,CFS
SHA,H,76,INFLOW,20130611,1100,5349, ,CFS
SHA,H,76,INFLOW,20130611,1200,2005, ,CFS
SHA,H,76,INFLOW,20130611,1300,2024, ,CFS
SHA,H,76,INFLOW,20130611,1400,2018, ,CFS
SHA,H,76,INFLOW,20130611,1500,4864, ,CFS
SHA,H,76,INFLOW,20130611,1600,4938, ,CFS
SHA,H,76,INFLOW,20130611,1700,4872, ,CFS
SHA,H,76,INFLOW,20130611,1800,7832, ,CFS
SHA,H,76,INFLOW,20130611,1900,4899, ,CFS
SHA,H,76,INFLOW,20130611,2000,4937, ,CFS
SHA,H,76,INFLOW,20130611,2100,4950, ,CFS
SHA,H,76,INFLOW,20130611,2200,2014, ,CFS
SHA,H,76,INFLOW,20130611,2300,9651, ,CFS
SHA,H,76,INFLOW,20130612,0000,1036, ,CFS
SHA,H,76,INFLOW,20130612,0100,3428, ,CFS
SHA,H,76,INFLOW,20130612,0200,1019, ,CFS
SHA,H,76,INFLOW,20130612,0300,2408, ,CFS
SHA,H,76,INFLOW,20130612,0400,1763, ,CFS
SHA,H,76,INFLOW,20130612,0500,-978, ,CFS
SHA,H,76,INFLOW,20130612,0600,1832, ,CFS
SHA,H,76,INFLOW,20130612,0700,1368, ,CFS
SHA,H,76,INFLOW,20130612,0800,-3323, ,CFS
SHA,H,76,INFLOW,20130612,0900,2320, ,CFS
SHA,H,76,INFLOW,20130612,1000,315, ,CFS
SHA,H,76,INFLOW,20130612,1100,3885, ,CFS
SHA,H,76,INFLOW,20130612,1200,4091, ,CFS
SHA,H,76,INFLOW,20130612,1300,4406, ,CFS
SHA,H,76,INFLOW,20130612,1400,7214, ,CFS
SHA,H,76,INFLOW,20130612,1500,1516, ,CFS
SHA,H,76,INFLOW,20130612,1600,7276, ,CFS
SHA,H,76,INFLOW,20130612,1700,7033, ,CFS
SHA,H,76,INFLOW,20130612,1800,1295, ,CFS
SHA,H,76,INFLOW,20130612,1900,4061, ,CFS
SHA,H,76,INFLOW,20130612,2000,3954, ,CFS
SHA,H,76,INFLOW,20130612,2100,6692, ,CFS
SHA,H,76,INFLOW,20130612,2200,6943, ,CFS
SHA,H,76,INFLOW,20130612,2300,3473, ,CFS
SHA,H,76,INFLOW,20130613,0000,3788, ,CFS
SHA,H,76,INFLOW,20130613,0100,740, ,CFS
SHA,H,76,INFLOW,20130613,0200,1814, ,CFS
SHA,H,76,INFLOW,20130613,0300,1828, ,CFS
SHA,H,76,INFLOW,20130613,0400,1746, ,CFS
SHA,H,76,INFLOW,20130613,0500,1949, ,CFS
SHA,H,76,INFLOW,20130613,0600,41, ,CFS
SHA,H,76,INFLOW,20130613,0700,550, ,CFS
SHA,H,76,INFLOW,20130613,0800,861, ,CFS
SHA,H,76,INFLOW,20130613,0900,1664, ,CFS
SHA,H,76,INFLOW,20130613,1000,868, ,CFS
SHA,H,76,INFLOW,20130613,1100,4367, ,CFS
SHA,H,76,INFLOW,20130613,1200,-1344, ,CFS
SHA,H,76,INFLOW,20130613,1300,4474, ,CFS
SHA,H,76,INFLOW,20130613,1400,4600, ,CFS
SHA,H,76,INFLOW,20130613,1500,7489, ,CFS
SHA,H,76,INFLOW,20130613,1600,4443, ,CFS
SHA,H,76,INFLOW,20130613,1700,7357, ,CFS
SHA,H,76,INFLOW,20130613,1800,4554, ,CFS
SHA,H,76,INFLOW,20130613,1900,4487, ,CFS
SHA,H,76,INFLOW,20130613,2000,7600, ,CFS
SHA,H,76,INFLOW,20130613,2100,1934, ,CFS
SHA,H,76,INFLOW,20130613,2200,4719, ,CFS
SHA,H,76,INFLOW,20130613,2300,7124, ,CFS
SHA,H,76,INFLOW,20130614,0000,-2544, ,CFS
SHA,H,76,INFLOW,20130614,0100,1866, ,CFS
SHA,H,76,INFLOW,20130614,0200,977, ,CFS
SHA,H,76,INFLOW,20130614,0300,2460, ,CFS
SHA,H,76,INFLOW,20130614,0400,2122, ,CFS
SHA,H,76,INFLOW,20130614,0500,2556, ,CFS
SHA,H,76,INFLOW,20130614,0600,2706, ,CFS
SHA,H,76,INFLOW,20130614,0700,-2672, ,CFS
SHA,H,76,INFLOW,20130614,0800,2750, ,CFS
SHA,H,76,INFLOW,20130614,0900,1636, ,CFS
SHA,H,76,INFLOW,20130614,1000,1662, ,CFS
SHA,H,76,INFLOW,20130614,1100,1649, ,CFS
SHA,H,76,INFLOW,20130614,1200,1687, ,CFS
SHA,H,76,INFLOW,20130614,1300,4741, ,CFS
SHA,H,76,INFLOW,20130614,1400,4734, ,CFS
SHA,H,76,INFLOW,20130614,1500,4764, ,CFS
SHA,H,76,INFLOW,20130614,1600,4707, ,CFS
SHA,H,76,INFLOW,20130614,1700,4797, ,CFS
SHA,H,76,INFLOW,20130614,1800,7553, ,CFS
SHA,H,76,INFLOW,20130614,1900,1707, ,CFS
SHA,H,76,INFLOW,20130614,2000,10295, ,CFS
SHA,H,76,INFLOW,20130614,2100,7457, ,CFS
SHA,H,76,INFLOW,20130614,2200,4534, ,CFS
SHA,H,76,INFLOW,20130614,2300,4512, ,CFS
SHA,H,76,INFLOW,20130615,0000,9, ,CFS
SHA,H,76,INFLOW,20130615,0100,2773, ,CFS
SHA,H,76,INFLOW,20130615,0200,1584, ,CFS
SHA,H,76,INFLOW,20130615,0300,-222, ,CFS
SHA,H,76,INFLOW,20130615,0400,2567, ,CFS
SHA,H,76,INFLOW,20130615,0500,-330, ,CFS
SHA,H,76,INFLOW,20130615,0600,2575, ,CFS
SHA,H,76,INFLOW,20130615,0700,-1313, ,CFS
SHA,H,76,INFLOW,20130615,0800,2198, ,CFS
SHA,H,76,INFLOW,20130615,0900,467, ,CFS
SHA,H,76,INFLOW,20130615,1000,-1124, ,CFS
SHA,H,76,INFLOW,20130615,1100,1995, ,CFS
SHA,H,76,INFLOW,20130615,1200,2036, ,CFS
SHA,H,76,INFLOW,20130615,1300,4899, ,CFS
SHA,H,76,INFLOW,20130615,1400,7764, ,CFS
SHA,H,76,INFLOW,20130615,1500,4836, ,CFS
SHA,H,76,INFLOW,20130615,1600,4851, ,CFS
SHA,H,76,INFLOW,20130615,1700,7660, ,CFS
SHA,H,76,INFLOW,20130615,1800,5127, ,CFS
SHA,H,76,INFLOW,20130615,1900,2890, ,CFS
SHA,H,76,INFLOW,20130615,2000,8028, ,CFS
SHA,H,76,INFLOW,20130615,2100,1795, ,CFS
SHA,H,76,INFLOW,20130615,2200,7483, ,CFS
SHA,H,76,INFLOW,20130615,2300,7381, ,CFS
SHA,H,76,INFLOW,20130616,0000,-2315, ,CFS
SHA,H,76,INFLOW,20130616,0100,3434, ,CFS
SHA,H,76,INFLOW,20130616,0200,5136, ,CFS
SHA,H,76,INFLOW,20130616,0300,-3431, ,CFS
SHA,H,76,INFLOW,20130616,0400,5227, ,CFS
SHA,H,76,INFLOW,20130616,0500,-429, ,CFS
SHA,H,76,INFLOW,20130616,0600,2410, ,CFS
SHA,H,76,INFLOW,20130616,0700,-225, ,CFS
SHA,H,76,INFLOW,20130616,0800,-1667, ,CFS
SHA,H,76,INFLOW,20130616,0900,1636, ,CFS
SHA,H,76,INFLOW,20130616,1000,670, ,CFS
SHA,H,76,INFLOW,20130616,1100,4882, ,CFS
SHA,H,76,INFLOW,20130616,1200,-862, ,CFS
SHA,H,76,INFLOW,20130616,1300,-964, ,CFS
SHA,H,76,INFLOW,20130616,1400,1857, ,CFS
SHA,H,76,INFLOW,20130616,1500,1859, ,CFS
SHA,H,76,INFLOW,20130616,1600,1926, ,CFS
SHA,H,76,INFLOW,20130616,1700,7588, ,CFS
SHA,H,76,INFLOW,20130616,1800,-921, ,CFS
SHA,H,76,INFLOW,20130616,1900,4746, ,CFS
SHA,H,76,INFLOW,20130616,2000,4775, ,CFS
SHA,H,76,INFLOW,20130616,2100,4804, ,CFS
SHA,H,76,INFLOW,20130616,2200,4742, ,CFS
SHA,H,76,INFLOW,20130616,2300,6677, ,CFS
SHA,H,76,INFLOW,20130617,0000,5968, ,CFS
SHA,H,76,INFLOW,20130617,0100,3599, ,CFS
SHA,H,76,INFLOW,20130617,0200,3414, ,CFS
SHA,H,76,INFLOW,20130617,0300,2971, ,CFS
SHA,H,76,INFLOW,20130617,0400,382, ,CFS
SHA,H,76,INFLOW,20130617,0500,3450, ,CFS
SHA,H,76,INFLOW,20130617,0600,1515, ,CFS
SHA,H,76,INFLOW,20130617,0700,1364, ,CFS
SHA,H,76,INFLOW,20130617,0800,-659, ,CFS
SHA,H,76,INFLOW,20130617,0900,1826, ,CFS
SHA,H,76,INFLOW,20130617,1000,1971, ,CFS
SHA,H,76,INFLOW,20130617,1100,2198, ,CFS
SHA,H,76,INFLOW,20130617,1200,2312, ,CFS
SHA,H,76,INFLOW,20130617,1300,7808, ,CFS
SHA,H,76,INFLOW,20130617,1400,-502, ,CFS
SHA,H,76,INFLOW,20130617,1500,5127, ,CFS
SHA,H,76,INFLOW,20130617,1600,7719, ,CFS
SHA,H,76,INFLOW,20130617,1700,4830, ,CFS
SHA,H,76,INFLOW,20130617,1800,4787, ,CFS
SHA,H,76,INFLOW,20130617,1900,7549, ,CFS
SHA,H,76,INFLOW,20130617,2000,7546, ,CFS
SHA,H,76,INFLOW,20130617,2100,1892, ,CFS
SHA,H,76,INFLOW,20130617,2200,10392, ,CFS
SHA,H,76,INFLOW,20130617,2300,4822, ,CFS
SHA,H,76,INFLOW,20130618,0000,1713, ,CFS
SHA,H,76,INFLOW,20130618,0100,9124, ,CFS
SHA,H,76,INFLOW,20130618,0200,-1201, ,CFS
SHA,H,76,INFLOW,20130618,0300,3671, ,CFS
SHA,H,76,INFLOW,20130618,0400,-1970, ,CFS
SHA,H,76,INFLOW,20130618,0500,6485, ,CFS
SHA,H,76,INFLOW,20130618,0600,899, ,CFS
SHA,H,76,INFLOW,20130618,0700,-1057, ,CFS
SHA,H,76,INFLOW,20130618,0800,3373, ,CFS
SHA,H,76,INFLOW,20130618,0900,-948, ,CFS
SHA,H,76,INFLOW,20130618,1000,1738, ,CFS
SHA,H,76,INFLOW,20130618,1100,2497, ,CFS
SHA,H,76,INFLOW,20130618,1200,388, ,CFS
SHA,H,76,INFLOW,20130618,1300,9896, ,CFS
SHA,H,76,INFLOW,20130618,1400,2134, ,CFS
SHA,H,76,INFLOW,20130618,1500,-813, ,CFS
SHA,H,76,INFLOW,20130618,1600,4761, ,CFS
SHA,H,76,INFLOW,20130618,1700,-948, ,CFS
SHA,H,76,INFLOW,20130618,1800,7498, ,CFS
SHA,H,76,INFLOW,20130618,1900,7497, ,CFS
SHA,H,76,INFLOW,20130618,2000,-918, ,CFS
SHA,H,76,INFLOW,20130618,2100,4766, ,CFS
SHA,H,76,INFLOW,20130618,2200,7538, ,CFS
SHA,H,76,INFLOW,20130618,2300,4961, ,CFS
SHA,H,76,INFLOW,20130619,0000,1939, ,CFS
SHA,H,76,INFLOW,20130619,0100,681, ,CFS
SHA,H,76,INFLOW,20130619,0200,1182, ,CFS
SHA,H,76,INFLOW,20130619,0300,-1607, ,CFS
SHA,H,76,INFLOW,20130619,0400,4231, ,CFS
SHA,H,76,INFLOW,20130619,0500,-2785, ,CFS
SHA,H,76,INFLOW,20130619,0600,2684, ,CFS
SHA,H,76,INFLOW,20130619,0700,3105, ,CFS
SHA,H,76,INFLOW,20130619,0800,1615, ,CFS
SHA,H,76,INFLOW,20130619,0900,1922, ,CFS
SHA,H,76,INFLOW,20130619,1000,1958, ,CFS
SHA,H,76,INFLOW,20130619,1100,1837, ,CFS
SHA,H,76,INFLOW,20130619,1200,7609, ,CFS
SHA,H,76,INFLOW,20130619,1300,-926, ,CFS
SHA,H,76,INFLOW,20130619,1400,4701, ,CFS
SHA,H,76,INFLOW,20130619,1500,1926, ,CFS
SHA,H,76,INFLOW,20130619,1600,1895, ,CFS
SHA,H,76,INFLOW,20130619,1700,3976, ,CFS
SHA,H,76,INFLOW,20130619,1800,1331, ,CFS
SHA,H,76,INFLOW,20130619,1900,4863, ,CFS
SHA,H,76,INFLOW,20130619,2000,4747, ,CFS
SHA,H,76,INFLOW,20130619,2100,3699, ,CFS
SHA,H,76,INFLOW,20130619,2200,6504, ,CFS
SHA,H,76,INFLOW,20130619,2300,3954, ,CFS
SHA,H,76,INFLOW,20130620,0000,1006, ,CFS
SHA,H,76,INFLOW,20130620,0100,4532, ,CFS
SHA,H,76,INFLOW,20130620,0200,1616, ,CFS
SHA,H,76,INFLOW,20130620,0300,210, ,CFS
SHA,H,76,INFLOW,20130620,0400,2667, ,CFS
SHA,H,76,INFLOW,20130620,0500,-222, ,CFS
SHA,H,76,INFLOW,20130620,0600,3258, ,CFS
SHA,H,76,INFLOW,20130620,0700,479, ,CFS
SHA,H,76,INFLOW,20130620,0800,929, ,CFS
SHA,H,76,INFLOW,20130620,0900,-547, ,CFS
SHA,H,76,INFLOW,20130620,1000,-858, ,CFS
SHA,H,76,INFLOW,20130620,1100,2413, ,CFS
SHA,H,76,INFLOW,20130620,1200,2353, ,CFS
SHA,H,76,INFLOW,20130620,1300,5336, ,CFS
SHA,H,76,INFLOW,20130620,1400,5353, ,CFS
SHA,H,76,INFLOW,20130620,1500,5703, ,CFS
SHA,H,76,INFLOW,20130620,1600,4975, ,CFS
SHA,H,76,INFLOW,20130620,1700,2315, ,CFS
SHA,H,76,INFLOW,20130620,1800,8162, ,CFS
SHA,H,76,INFLOW,20130620,1900,1862, ,CFS
SHA,H,76,INFLOW,20130620,2000,7401, ,CFS
SHA,H,76,INFLOW,20130620,2100,4647, ,CFS
SHA,H,76,INFLOW,20130620,2200,4647, ,CFS
SHA,H,76,INFLOW,20130620,2300,7079, ,CFS
SHA,H,76,INFLOW,20130621,0000,-1736, ,CFS
SHA,H,76,INFLOW,20130621,0100,5106, ,CFS
SHA,H,76,INFLOW,20130621,0200,3173, ,CFS
SHA,H,76,INFLOW,20130621,0300,1084, ,CFS
SHA,H,76,INFLOW,20130621,0400,1279, ,CFS
SHA,H,76,INFLOW,20130621,0500,1369, ,CFS
SHA,H,76,INFLOW,20130621,0600,1261, ,CFS
SHA,H,76,INFLOW,20130621,0700,-1974, ,CFS
SHA,H,76,INFLOW,20130621,0800,1174, ,CFS
SHA,H,76,INFLOW,20130621,0900,-355, ,CFS
SHA,H,76,INFLOW,20130621,1000,2201, ,CFS
SHA,H,76,INFLOW,20130621,1100,6361, ,CFS
SHA,H,76,INFLOW,20130621,1200,-696, ,CFS
SHA,H,76,INFLOW,20130621,1300,9408, ,CFS
SHA,H,76,INFLOW,20130621,1400,-1471, ,CFS
SHA,H,76,INFLOW,20130621,1500,5045, ,CFS
SHA,H,76,INFLOW,20130621,1600,2095, ,CFS
SHA,H,76,INFLOW,20130621,1700,7075, ,CFS
SHA,H,76,INFLOW,20130621,1800,1652, ,CFS
SHA,H,76,INFLOW,20130621,1900,6905, ,CFS
SHA,H,76,INFLOW,20130621,2000,6435, ,CFS
SHA,H,76,INFLOW,20130621,2100,3483, ,CFS
SHA,H,76,INFLOW,20130621,2200,724, ,CFS
SHA,H,76,INFLOW,20130621,2300,8131, ,CFS
SHA,H,76,INFLOW,20130622,0000,4150, ,CFS
SHA,H,76,INFLOW,20130622,0100,1480, ,CFS
SHA,H,76,INFLOW,20130622,0200,3813, ,CFS
SHA,H,76,INFLOW,20130622,0300,869, ,CFS
SHA,H,76,INFLOW,20130622,0400,390, ,CFS
SHA,H,76,INFLOW,20130622,0500,570, ,CFS
SHA,H,76,INFLOW,20130622,0600,421, ,CFS
SHA,H,76,INFLOW,20130622,0700,1830, ,CFS
SHA,H,76,INFLOW,20130622,0800,2731, ,CFS
SHA,H,76,INFLOW,20130622,0900,-1361, ,CFS
SHA,H,76,INFLOW,20130622,1000,1833, ,CFS
SHA,H,76,INFLOW,20130622,1100,1586, ,CFS
SHA,H,76,INFLOW,20130622,1200,2196, ,CFS
SHA,H,76,INFLOW,20130622,1300,12578, ,CFS
SHA,H,76,INFLOW,20130622,1400,-463, ,CFS
SHA,H,76,INFLOW,20130622,1500,8858, ,CFS
SHA,H,76,INFLOW,20130622,1600,6311, ,CFS
SHA,H,76,INFLOW,20130622,1700,6403, ,CFS
SHA,H,76,INFLOW,20130622,1800,4015, ,CFS
SHA,H,76,INFLOW,20130622,1900,3651, ,CFS
SHA,H,76,INFLOW,20130622,2000,6661, ,CFS
SHA,H,76,INFLOW,20130622,2100,7306, ,CFS
SHA,H,76,INFLOW,20130622,2200,6600, ,CFS
SHA,H,76,INFLOW,20130622,2300,2961, ,CFS
SHA,H,76,INFLOW,20130623,0000,5405, ,CFS
SHA,H,76,INFLOW,20130623,0100,4353, ,CFS
SHA,H,76,INFLOW,20130623,0200,106, ,CFS
SHA,H,76,INFLOW,20130623,0300,2038, ,CFS
SHA,H,76,INFLOW,20130623,0400,2115, ,CFS
SHA,H,76,INFLOW,20130623,0500,2156, ,CFS
SHA,H,76,INFLOW,20130623,0600,-1432, ,CFS
SHA,H,76,INFLOW,20130623,0700,3504, ,CFS
SHA,H,76,INFLOW,20130623,0800,-1500, ,CFS
SHA,H,76,INFLOW,20130623,0900,4717, ,CFS
SHA,H,76,INFLOW,20130623,1000,-3425, ,CFS
SHA,H,76,INFLOW,20130623,1100,1547, ,CFS
SHA,H,76,INFLOW,20130623,1200,1817, ,CFS
SHA,H,76,INFLOW,20130623,1300,-4684, ,CFS
SHA,H,76,INFLOW,20130623,1400,3153, ,CFS
SHA,H,76,INFLOW,20130623,1500,3746, ,CFS
SHA,H,76,INFLOW,20130623,1600,1088, ,CFS
SHA,H,76,INFLOW,20130623,1700,8963, ,CFS
SHA,H,76,INFLOW,20130623,1800,4078, ,CFS
SHA,H,76,INFLOW,20130623,1900,9323, ,CFS
SHA,H,76,INFLOW,20130623,2000,1101, ,CFS
SHA,H,76,INFLOW,20130623,2100,9490, ,CFS
SHA,H,76,INFLOW,20130623,2200,3761, ,CFS
SHA,H,76,INFLOW,20130623,2300,9138, ,CFS
SHA,H,76,INFLOW,20130624,0000,5417, ,CFS
SHA,H,76,INFLOW,20130624,0100,5890, ,CFS
SHA,H,76,INFLOW,20130624,0200,-2170, ,CFS
SHA,H,76,INFLOW,20130624,0300,6592, ,CFS
SHA,H,76,INFLOW,20130624,0400,1080, ,CFS
SHA,H,76,INFLOW,20130624,0500,3738, ,CFS
SHA,H,76,INFLOW,20130624,0600,496, ,CFS
SHA,H,76,INFLOW,20130624,0700,-1126, ,CFS
SHA,H,76,INFLOW,20130624,0800,7258, ,CFS
SHA,H,76,INFLOW,20130624,0900,397, ,CFS
SHA,H,76,INFLOW,20130624,1000,5041, ,CFS
SHA,H,76,INFLOW,20130624,1100,-6608, ,CFS
SHA,H,76,INFLOW,20130624,1200,5549, ,CFS
SHA,H,76,INFLOW,20130624,1300,8211, ,CFS
SHA,H,76,INFLOW,20130624,1400,3088, ,CFS
SHA,H,76,INFLOW,20130624,1500,7724, ,CFS
SHA,H,76,INFLOW,20130624,1600,3841, ,CFS
SHA,H,76,INFLOW,20130624,1700,3663, ,CFS
SHA,H,76,INFLOW,20130624,1800,8395, ,CFS
SHA,H,76,INFLOW,20130624,1900,5538, ,CFS
SHA,H,76,INFLOW,20130624,2000,8122, ,CFS
SHA,H,76,INFLOW,20130624,2100,5280, ,CFS
SHA,H,76,INFLOW,20130624,2200,9338, ,CFS
SHA,H,76,INFLOW,20130624,2300,4388, ,CFS
SHA,H,76,INFLOW,20130625,0000,3929, ,CFS
SHA,H,76,INFLOW,20130625,0100,7166, ,CFS
SHA,H,76,INFLOW,20130625,0200,2659, ,CFS
SHA,H,76,INFLOW,20130625,0300,3390, ,CFS
SHA,H,76,INFLOW,20130625,0400,3605, ,CFS
SHA,H,76,INFLOW,20130625,0500,-1751, ,CFS
SHA,H,76,INFLOW,20130625,0600,8562, ,CFS
SHA,H,76,INFLOW,20130625,0700,2537, ,CFS
SHA,H,76,INFLOW,20130625,0800,3130, ,CFS
SHA,H,76,INFLOW,20130625,0900,7511, ,CFS
SHA,H,76,INFLOW,20130625,1000,3660, ,CFS
SHA,H,76,INFLOW,20130625,1100,3491, ,CFS
SHA,H,76,INFLOW,20130625,1200,7318, ,CFS
SHA,H,76,INFLOW,20130625,1300,4649, ,CFS
SHA,H,76,INFLOW,20130625,1400,7025, ,CFS
SHA,H,76,INFLOW,20130625,1500,2098, ,CFS
SHA,H,76,INFLOW,20130625,1600,11528, ,CFS
SHA,H,76,INFLOW,20130625,1700,6629, ,CFS
SHA,H,76,INFLOW,20130625,1800,3984, ,CFS
SHA,H,76,INFLOW,20130625,1900,17735, ,CFS
SHA,H,76,INFLOW,20130625,2000,14849, ,CFS
SHA,H,76,INFLOW,20130625,2100,12149, ,CFS
SHA,H,76,INFLOW,20130625,2200,14764, ,CFS
SHA,H,76,INFLOW,20130625,2300,12701, ,CFS
SHA,H,76,INFLOW,20130626,0000,5566, ,CFS
SHA,H,76,INFLOW,20130626,0100,6121, ,CFS
SHA,H,76,INFLOW,20130626,0200,13032, ,CFS
SHA,H,76,INFLOW,20130626,0300,3212, ,CFS
SHA,H,76,INFLOW,20130626,0400,8450, ,CFS
SHA,H,76,INFLOW,20130626,0500,3073, ,CFS
SHA,H,76,INFLOW,20130626,0600,5360, ,CFS
SHA,H,76,INFLOW,20130626,0700,-1789, ,CFS
SHA,H,76,INFLOW,20130626,0800,6223, ,CFS
SHA,H,76,INFLOW,20130626,0900,4250, ,CFS
SHA,H,76,INFLOW,20130626,1000,6294, ,CFS
SHA,H,76,INFLOW,20130626,1100,6564, ,CFS
SHA,H,76,INFLOW,20130626,1200,3820, ,CFS
SHA,H,76,INFLOW,20130626,1300,9230, ,CFS
SHA,H,76,INFLOW,20130626,1400,1158, ,CFS
SHA,H,76,INFLOW,20130626,1500,6734, ,CFS
SHA,H,76,INFLOW,20130626,1600,4393, ,CFS
SHA,H,76,INFLOW,20130626,1700,4806, ,CFS
SHA,H,76,INFLOW,20130626,1800,10060, ,CFS
SHA,H,76,INFLOW,20130626,1900,7234, ,CFS
SHA,H,76,INFLOW,20130626,2000,9404, ,CFS
SHA,H,76,INFLOW,20130626,2100,6151, ,CFS
SHA,H,76,INFLOW,20130626,2200,8848, ,CFS
SHA,H,76,INFLOW,20130626,2300,11777, ,CFS
SHA,H,76,INFLOW,20130627,0000,537, ,CFS
SHA,H,76,INFLOW,20130627,0100,8590, ,CFS
SHA,H,76,INFLOW,20130627,0200,1396, ,CFS
SHA,H,76,INFLOW,20130627,0300,3243, ,CFS
SHA,H,76,INFLOW,20130627,0400,3098, ,CFS
SHA,H,76,INFLOW,20130627,0500,643, ,CFS
SHA,H,76,INFLOW,20130627,0600,3645, ,CFS
SHA,H,76,INFLOW,20130627,0700,550, ,CFS
SHA,H,76,INFLOW,20130627,0800,-157, ,CFS
SHA,H,76,INFLOW,20130627,0900,3414, ,CFS
SHA,H,76,INFLOW,20130627,1000,-727, ,CFS
SHA,H,76,INFLOW,20130627,1100,3228, ,CFS
SHA,H,76,INFLOW,20130627,1200,4434, ,CFS
SHA,H,76,INFLOW,20130627,1300,6458, ,CFS
SHA,H,76,INFLOW,20130627,1400,4770, ,CFS
SHA,H,76,INFLOW,20130627,1500,7404, ,CFS
SHA,H,76,INFLOW,20130627,1600,7528, ,CFS
SHA,H,76,INFLOW,20130627,1700,5965, ,CFS
SHA,H,76,INFLOW,20130627,1800,7558, ,CFS
SHA,H,76,INFLOW,20130627,1900,7466, ,CFS
SHA,H,76,INFLOW,20130627,2000,7437, ,CFS
SHA,H,76,INFLOW,20130627,2100,7362, ,CFS
SHA,H,76,INFLOW,20130627,2200,6936, ,CFS
SHA,H,76,INFLOW,20130627,2300,11658, ,CFS
SHA,H,76,INFLOW,20130628,0000,3737, ,CFS
SHA,H,76,INFLOW,20130628,0100,2973, ,CFS
SHA,H,76,INFLOW,20130628,0200,4650, ,CFS
SHA,H,76,INFLOW,20130628,0300,1884, ,CFS
SHA,H,76,INFLOW,20130628,0400,1198, ,CFS
SHA,H,76,INFLOW,20130628,0500,1152, ,CFS
SHA,H,76,INFLOW,20130628,0600,1479, ,CFS
SHA,H,76,INFLOW,20130628,0700,2229, ,CFS
SHA,H,76,INFLOW,20130628,0800,2336, ,CFS
SHA,H,76,INFLOW,20130628,0900,3064, ,CFS
SHA,H,76,INFLOW,20130628,1000,153, ,CFS
SHA,H,76,INFLOW,20130628,1100,-3096, ,CFS
SHA,H,76,INFLOW,20130628,1200,2799, ,CFS
SHA,H,76,INFLOW,20130628,1300,-1152, ,CFS
SHA,H,76,INFLOW,20130628,1400,1503, ,CFS
SHA,H,76,INFLOW,20130628,1500,7504, ,CFS
SHA,H,76,INFLOW,20130628,1600,10669, ,CFS
SHA,H,76,INFLOW,20130628,1700,5107, ,CFS
SHA,H,76,INFLOW,20130628,1800,9967, ,CFS
SHA,H,76,INFLOW,20130628,1900,6697, ,CFS
SHA,H,76,INFLOW,20130628,2000,7611, ,CFS
SHA,H,76,INFLOW,20130628,2100,4720, ,CFS
SHA,H,76,INFLOW,20130628,2200,3933, ,CFS
SHA,H,76,INFLOW,20130628,2300,6016, ,CFS
SHA,H,76,INFLOW,20130629,0000,7070, ,CFS
SHA,H,76,INFLOW,20130629,0100,262, ,CFS
SHA,H,76,INFLOW,20130629,0200,10112, ,CFS
SHA,H,76,INFLOW,20130629,0300,3244, ,CFS
SHA,H,76,INFLOW,20130629,0400,793, ,CFS
SHA,H,76,INFLOW,20130629,0500,4095, ,CFS
SHA,H,76,INFLOW,20130629,0600,-1521, ,CFS
SHA,H,76,INFLOW,20130629,0700,6607, ,CFS
SHA,H,76,INFLOW,20130629,0800,7908, ,CFS
SHA,H,76,INFLOW,20130629,0900,-4697, ,CFS
SHA,H,76,INFLOW,20130629,1000,9642, ,CFS
SHA,H,76,INFLOW,20130629,1100,1953, ,CFS
SHA,H,76,INFLOW,20130629,1200,2417, ,CFS
SHA,H,76,INFLOW,20130629,1300,8553, ,CFS
SHA,H,76,INFLOW,20130629,1400,3235, ,CFS
SHA,H,76,INFLOW,20130629,1500,6300, ,CFS
SHA,H,76,INFLOW,20130629,1600,4817, ,CFS
SHA,H,76,INFLOW,20130629,1700,7648, ,CFS
SHA,H,76,INFLOW,20130629,1800,7912, ,CFS
SHA,H,76,INFLOW,20130629,1900,2549, ,CFS
SHA,H,76,INFLOW,20130629,2000,12014, ,CFS
SHA,H,76,INFLOW,20130629,2100,543, ,CFS
SHA,H,76,INFLOW,20130629,2200,8859, ,CFS
SHA,H,76,INFLOW,20130629,2300,10514, ,CFS
SHA,H,76,INFLOW,20130630,0000,-5215, ,CFS
SHA,H,76,INFLOW,20130630,0100,5123, ,CFS
SHA,H,76,INFLOW,20130630,0200,1768, ,CFS
SHA,H,76,INFLOW,20130630,0300,-1134, ,CFS
SHA,H,76,INFLOW,20130630,0400,3952, ,CFS
SHA,H,76,INFLOW,20130630,0500,1468, ,CFS
SHA,H,76,INFLOW,20130630,0600,1820, ,CFS
SHA,H,76,INFLOW,20130630,0700,3873, ,CFS
SHA,H,76,INFLOW,20130630,0800,-1999, ,CFS
SHA,H,76,INFLOW,20130630,0900,4372, ,CFS
SHA,H,76,INFLOW,20130630,1000,-331, ,CFS
SHA,H,76,INFLOW,20130630,1100,2350, ,CFS
SHA,H,76,INFLOW,20130630,1200,2196, ,CFS
SHA,H,76,INFLOW,20130630,1300,1801, ,CFS
SHA,H,76,INFLOW,20130630,1400,1845, ,CFS
SHA,H,76,INFLOW,20130630,1500,4887, ,CFS
SHA,H,76,INFLOW,20130630,1600,2309, ,CFS
SHA,H,76,INFLOW,20130630,1700,5015, ,CFS
SHA,H,76,INFLOW,20130630,1800,5078, ,CFS
SHA,H,76,INFLOW,20130630,1900,4403, ,CFS
SHA,H,76,INFLOW,20130630,2000,4070, ,CFS
SHA,H,76,INFLOW,20130630,2100,2296, ,CFS
SHA,H,76,INFLOW,20130630,2200,5036, ,CFS
SHA,H,76,INFLOW,20130630,2300,400, ,CFS
SHA,H,76,INFLOW,20130701,0000,4348, ,CFS
SHA,H,76,INFLOW,20130701,0100,-1102, ,CFS
SHA,H,76,INFLOW,20130701,0200,1091, ,CFS
SHA,H,76,INFLOW,20130701,0300,869, ,CFS
SHA,H,76,INFLOW,20130701,0400,999, ,CFS
SHA,H,76,INFLOW,20130701,0500,1017, ,CFS
SHA,H,76,INFLOW,20130701,0600,1619, ,CFS
SHA,H,76,INFLOW,20130701,0700,1117, ,CFS
SHA,H,76,INFLOW,20130701,0800,4540, ,CFS
SHA,H,76,INFLOW,20130701,0900,-5328, ,CFS
SHA,H,76,INFLOW,20130701,1000,5211, ,CFS
SHA,H,76,INFLOW,20130701,1100,811, ,CFS
SHA,H,76,INFLOW,20130701,1200,1424, ,CFS
SHA,H,76,INFLOW,20130701,1300,1436, ,CFS
SHA,H,76,INFLOW,20130701,1400,7359, ,CFS
SHA,H,76,INFLOW,20130701,1500,4560, ,CFS
SHA,H,76,INFLOW,20130701,1600,4501, ,CFS
SHA,H,76,INFLOW,20130701,1700,4808, ,CFS
SHA,H,76,INFLOW,20130701,1800,4917, ,CFS
SHA,H,76,INFLOW,20130701,1900,7631, ,CFS
SHA,H,76,INFLOW,20130701,2000,3398, ,CFS
SHA,H,76,INFLOW,20130701,2100,6330, ,CFS
SHA,H,76,INFLOW,20130701,2200,3214, ,CFS
SHA,H,76,INFLOW,20130701,2300,676, ,CFS
SHA,H,76,INFLOW,20130702,0000,8158, ,CFS
SHA,H,76,INFLOW,20130702,0100,2108, ,CFS
SHA,H,76,INFLOW,20130702,0200,3909, ,CFS
SHA,H,76,INFLOW,20130702,0300,1362, ,CFS
SHA,H,76,INFLOW,20130702,0400,982, ,CFS
SHA,H,76,INFLOW,20130702,0500,1211, ,CFS
SHA,H,76,INFLOW,20130702,0600,997, ,CFS
SHA,H,76,INFLOW,20130702,0700,445, ,CFS
SHA,H,76,INFLOW,20130702,0800,4890, ,CFS
SHA,H,76,INFLOW,20130702,0900,-1981, ,CFS
SHA,H,76,INFLOW,20130702,1000,6299, ,CFS
SHA,H,76,INFLOW,20130702,1100,-1364, ,CFS
SHA,H,76,INFLOW,20130702,1200,4006, ,CFS
SHA,H,76,INFLOW,20130702,1300,4032, ,CFS
SHA,H,76,INFLOW,20130702,1400,1751, ,CFS
SHA,H,76,INFLOW,20130702,1500,1732, ,CFS
SHA,H,76,INFLOW,20130702,1600,3524, ,CFS
SHA,H,76,INFLOW,20130702,1700,6101, ,CFS
SHA,H,76,INFLOW,20130702,1800,3293, ,CFS
SHA,H,76,INFLOW,20130702,1900,6215, ,CFS
SHA,H,76,INFLOW,20130702,2000,8846, ,CFS
SHA,H,76,INFLOW,20130702,2100,-2551, ,CFS
SHA,H,76,INFLOW,20130702,2200,5320, ,CFS
SHA,H,76,INFLOW,20130702,2300,5414, ,CFS
SHA,H,76,INFLOW,20130703,0000,-1834, ,CFS
SHA,H,76,INFLOW,20130703,0100,5794, ,CFS
SHA,H,76,INFLOW,20130703,0200,-488, ,CFS
SHA,H,76,INFLOW,20130703,0300,2971, ,CFS
SHA,H,76,INFLOW,20130703,0400,2808, ,CFS
SHA,H,76,INFLOW,20130703,0500,520, ,CFS
SHA,H,76,INFLOW,20130703,0600,3496, ,CFS
SHA,H,76,INFLOW,20130703,0700,1799, ,CFS
SHA,H,76,INFLOW,20130703,0800,3380, ,CFS
SHA,H,76,INFLOW,20130703,0900,3082, ,CFS
SHA,H,76,INFLOW,20130703,1000,2889, ,CFS
SHA,H,76,INFLOW,20130703,1100,7153, ,CFS
SHA,H,76,INFLOW,20130703,1200,4015, ,CFS
SHA,H,76,INFLOW,20130703,1300,4985, ,CFS
SHA,H,76,INFLOW,20130703,1400,6119, ,CFS
SHA,H,76,INFLOW,20130703,1500,410, ,CFS
SHA,H,76,INFLOW,20130703,1600,3676, ,CFS
SHA,H,76,INFLOW,20130703,1700,3902, ,CFS
SHA,H,76,INFLOW,20130703,1800,6546, ,CFS
SHA,H,76,INFLOW,20130703,1900,1203, ,CFS
SHA,H,76,INFLOW,20130703,2000,3394, ,CFS
SHA,H,76,INFLOW,20130703,2100,8403, ,CFS
SHA,H,76,INFLOW,20130703,2200,778, ,CFS
SHA,H,76,INFLOW,20130703,2300,5208, ,CFS
SHA,H,76,INFLOW,20130704,0000,7497, ,CFS
SHA,H,76,INFLOW,20130704,0100,-1904, ,CFS
SHA,H,76,INFLOW,20130704,0200,-3648, ,CFS
SHA,H,76,INFLOW,20130704,0300,9085, ,CFS
SHA,H,76,INFLOW,20130704,0400,1490, ,CFS
SHA,H,76,INFLOW,20130704,0500,1617, ,CFS
SHA,H,76,INFLOW,20130704,0600,991, ,CFS
SHA,H,76,INFLOW,20130704,0700,1563, ,CFS
SHA,H,76,INFLOW,20130704,0800,6169, ,CFS
SHA,H,76,INFLOW,20130704,0900,-1136, ,CFS
SHA,H,76,INFLOW,20130704,1000,-4071, ,CFS
SHA,H,76,INFLOW,20130704,1100,9060, ,CFS
SHA,H,76,INFLOW,20130704,1200,-1241, ,CFS
SHA,H,76,INFLOW,20130704,1300,1404, ,CFS
SHA,H,76,INFLOW,20130704,1400,1814, ,CFS
SHA,H,76,INFLOW,20130704,1500,2019, ,CFS
SHA,H,76,INFLOW,20130704,1600,4704, ,CFS
SHA,H,76,INFLOW,20130704,1700,-624, ,CFS
SHA,H,76,INFLOW,20130704,1800,4758, ,CFS
SHA,H,76,INFLOW,20130704,1900,2055, ,CFS
SHA,H,76,INFLOW,20130704,2000,2047, ,CFS
SHA,H,76,INFLOW,20130704,2100,1346, ,CFS
SHA,H,76,INFLOW,20130704,2200,1126, ,CFS
SHA,H,76,INFLOW,20130704,2300,4160, ,CFS
SHA,H,76,INFLOW,20130705,0000,2384, ,CFS
SHA,H,76,INFLOW,20130705,0100,205, ,CFS
SHA,H,76,INFLOW,20130705,0200,2391, ,CFS
SHA,H,76,INFLOW,20130705,0300,3588, ,CFS
SHA,H,76,INFLOW,20130705,0400,5840, ,CFS
SHA,H,76,INFLOW,20130705,0500,5787, ,CFS
SHA,H,76,INFLOW,20130705,0600,814, ,CFS
SHA,H,76,INFLOW,20130705,0700,2131, ,CFS
SHA,H,76,INFLOW,20130705,0800,879, ,CFS
SHA,H,76,INFLOW,20130705,0900,-2147, ,CFS
SHA,H,76,INFLOW,20130705,1000,3954, ,CFS
SHA,H,76,INFLOW,20130705,1100,1599, ,CFS
SHA,H,76,INFLOW,20130705,1200,2023, ,CFS
SHA,H,76,INFLOW,20130705,1300,2027, ,CFS
SHA,H,76,INFLOW,20130705,1400,2054, ,CFS
SHA,H,76,INFLOW,20130705,1500,4652, ,CFS
SHA,H,76,INFLOW,20130705,1600,4751, ,CFS
SHA,H,76,INFLOW,20130705,1700,2032, ,CFS
SHA,H,76,INFLOW,20130705,1800,2027, ,CFS
SHA,H,76,INFLOW,20130705,1900,4261, ,CFS
SHA,H,76,INFLOW,20130705,2000,3870, ,CFS
SHA,H,76,INFLOW,20130705,2100,3633, ,CFS
SHA,H,76,INFLOW,20130705,2200,4259, ,CFS
SHA,H,76,INFLOW,20130705,2300,6775, ,CFS
SHA,H,76,INFLOW,20130706,0000,1554, ,CFS
SHA,H,76,INFLOW,20130706,0100,4026, ,CFS
SHA,H,76,INFLOW,20130706,0200,4262, ,CFS
SHA,H,76,INFLOW,20130706,0300,43, ,CFS
SHA,H,76,INFLOW,20130706,0400,5035, ,CFS
SHA,H,76,INFLOW,20130706,0500,-2551, ,CFS
SHA,H,76,INFLOW,20130706,0600,2922, ,CFS
SHA,H,76,INFLOW,20130706,0700,215, ,CFS
SHA,H,76,INFLOW,20130706,0800,2933, ,CFS
SHA,H,76,INFLOW,20130706,0900,2664, ,CFS
SHA,H,76,INFLOW,20130706,1000,4618, ,CFS
SHA,H,76,INFLOW,20130706,1100,813, ,CFS
SHA,H,76,INFLOW,20130706,1200,4055, ,CFS
SHA,H,76,INFLOW,20130706,1300,-1261, ,CFS
SHA,H,76,INFLOW,20130706,1400,4111, ,CFS
SHA,H,76,INFLOW,20130706,1500,4823, ,CFS
SHA,H,76,INFLOW,20130706,1600,4787, ,CFS
SHA,H,76,INFLOW,20130706,1700,4929, ,CFS
SHA,H,76,INFLOW,20130706,1800,4940, ,CFS
SHA,H,76,INFLOW,20130706,1900,4883, ,CFS
SHA,H,76,INFLOW,20130706,2000,4448, ,CFS
SHA,H,76,INFLOW,20130706,2100,1797, ,CFS
SHA,H,76,INFLOW,20130706,2200,4829, ,CFS
SHA,H,76,INFLOW,20130706,2300,6663, ,CFS
SHA,H,76,INFLOW,20130707,0000,1632, ,CFS
SHA,H,76,INFLOW,20130707,0100,9145, ,CFS
SHA,H,76,INFLOW,20130707,0200,242, ,CFS
SHA,H,76,INFLOW,20130707,0300,998, ,CFS
SHA,H,76,INFLOW,20130707,0400,3358, ,CFS
SHA,H,76,INFLOW,20130707,0500,668, ,CFS
SHA,H,76,INFLOW,20130707,0600,3166, ,CFS
SHA,H,76,INFLOW,20130707,0700,1009, ,CFS
SHA,H,76,INFLOW,20130707,0800,5939, ,CFS
SHA,H,76,INFLOW,20130707,0900,1157, ,CFS
SHA,H,76,INFLOW,20130707,1000,3497, ,CFS
SHA,H,76,INFLOW,20130707,1100,4625, ,CFS
SHA,H,76,INFLOW,20130707,1200,2089, ,CFS
SHA,H,76,INFLOW,20130707,1300,4751, ,CFS
SHA,H,76,INFLOW,20130707,1400,4858, ,CFS
SHA,H,76,INFLOW,20130707,1500,2242, ,CFS
SHA,H,76,INFLOW,20130707,1600,7534, ,CFS
SHA,H,76,INFLOW,20130707,1700,2247, ,CFS
SHA,H,76,INFLOW,20130707,1800,4922, ,CFS
SHA,H,76,INFLOW,20130707,1900,4931, ,CFS
SHA,H,76,INFLOW,20130707,2000,4766, ,CFS
SHA,H,76,INFLOW,20130707,2100,4900, ,CFS
SHA,H,76,INFLOW,20130707,2200,7289, ,CFS
SHA,H,76,INFLOW,20130707,2300,3241, ,CFS
SHA,H,76,INFLOW,20130708,0000,859, ,CFS
SHA,H,76,INFLOW,20130708,0100,5521, ,CFS
SHA,H,76,INFLOW,20130708,0200,246, ,CFS
SHA,H,76,INFLOW,20130708,0300,5621, ,CFS
SHA,H,76,INFLOW,20130708,0400,-1, ,CFS
SHA,H,76,INFLOW,20130708,0500,897, ,CFS
SHA,H,76,INFLOW,20130708,0600,3462, ,CFS
SHA,H,76,INFLOW,20130708,0700,778, ,CFS
SHA,H,76,INFLOW,20130708,0800,6077, ,CFS
SHA,H,76,INFLOW,20130708,0900,1310, ,CFS
SHA,H,76,INFLOW,20130708,1000,4319, ,CFS
SHA,H,76,INFLOW,20130708,1100,2111, ,CFS
SHA,H,76,INFLOW,20130708,1200,2232, ,CFS
SHA,H,76,INFLOW,20130708,1300,4865, ,CFS
SHA,H,76,INFLOW,20130708,1400,4909, ,CFS
SHA,H,76,INFLOW,20130708,1500,4867, ,CFS
SHA,H,76,INFLOW,20130708,1600,7470, ,CFS
SHA,H,76,INFLOW,20130708,1700,4076, ,CFS
SHA,H,76,INFLOW,20130708,1800,3748, ,CFS
SHA,H,76,INFLOW,20130708,1900,7167, ,CFS
SHA,H,76,INFLOW,20130708,2000,4247, ,CFS
SHA,H,76,INFLOW,20130708,2100,4179, ,CFS
SHA,H,76,INFLOW,20130708,2200,4193, ,CFS
SHA,H,76,INFLOW,20130708,2300,1872, ,CFS
SHA,H,76,INFLOW,20130709,0000,4152, ,CFS
SHA,H,76,INFLOW,20130709,0100,4120, ,CFS
SHA,H,76,INFLOW,20130709,0200,691, ,CFS
SHA,H,76,INFLOW,20130709,0300,3162, ,CFS
SHA,H,76,INFLOW,20130709,0400,-2257, ,CFS
SHA,H,76,INFLOW,20130709,0500,3209, ,CFS
SHA,H,76,INFLOW,20130709,0600,-1807, ,CFS
SHA,H,76,INFLOW,20130709,0700,1063, ,CFS
SHA,H,76,INFLOW,20130709,0800,1626, ,CFS
SHA,H,76,INFLOW,20130709,0900,1984, ,CFS
SHA,H,76,INFLOW,20130709,1000,-3972, ,CFS
SHA,H,76,INFLOW,20130709,1100,1286, ,CFS
SHA,H,76,INFLOW,20130709,1200,1910, ,CFS
SHA,H,76,INFLOW,20130709,1300,455, ,CFS
SHA,H,76,INFLOW,20130709,1400,3363, ,CFS
SHA,H,76,INFLOW,20130709,1500,-1655, ,CFS
SHA,H,76,INFLOW,20130709,1600,6558, ,CFS
SHA,H,76,INFLOW,20130709,1700,3513, ,CFS
SHA,H,76,INFLOW,20130709,1800,3478, ,CFS
SHA,H,76,INFLOW,20130709,1900,5770, ,CFS
SHA,H,76,INFLOW,20130709,2000,7336, ,CFS
SHA,H,76,INFLOW,20130709,2100,4926, ,CFS
SHA,H,76,INFLOW,20130709,2200,5682, ,CFS
SHA,H,76,INFLOW,20130709,2300,4585, ,CFS
SHA,H,76,INFLOW,20130710,0000,4588, ,CFS
SHA,H,76,INFLOW,20130710,0100,2408, ,CFS
SHA,H,76,INFLOW,20130710,0200,-1376, ,CFS
SHA,H,76,INFLOW,20130710,0300,2618, ,CFS
SHA,H,76,INFLOW,20130710,0400,59, ,CFS
SHA,H,76,INFLOW,20130710,0500,522, ,CFS
SHA,H,76,INFLOW,20130710,0600,1016, ,CFS
SHA,H,76,INFLOW,20130710,0700,1957, ,CFS
SHA,H,76,INFLOW,20130710,0800,3879, ,CFS
SHA,H,76,INFLOW,20130710,0900,-4698, ,CFS
SHA,H,76,INFLOW,20130710,1000,9011, ,CFS
SHA,H,76,INFLOW,20130710,1100,-560, ,CFS
SHA,H,76,INFLOW,20130710,1200,4242, ,CFS
SHA,H,76,INFLOW,20130710,1300,6602, ,CFS
SHA,H,76,INFLOW,20130710,1400,---, ,CFS
SHA,H,76,INFLOW,20130710,1500,7066, ,CFS
SHA,H,76,INFLOW,20130710,1600,7021, ,CFS
SHA,H,76,INFLOW,20130710,1700,4616, ,CFS
SHA,H,76,INFLOW,20130710,1800,9776, ,CFS
SHA,H,76,INFLOW,20130710,1900,4546, ,CFS
SHA,H,76,INFLOW,20130710,2000,5179, ,CFS
SHA,H,76,INFLOW,20130710,2100,6864, ,CFS
SHA,H,76,INFLOW,20130710,2200,1591, ,CFS
SHA,H,76,INFLOW,20130710,2300,6570, ,CFS
SHA,H,76,INFLOW,20130711,0000,3156, ,CFS
SHA,H,76,INFLOW,20130711,0100,889, ,CFS
SHA,H,76,INFLOW,20130711,0200,3077, ,CFS
SHA,H,76,INFLOW,20130711,0300,-810, ,CFS
SHA,H,76,INFLOW,20130711,0400,4120, ,CFS
SHA,H,76,INFLOW,20130711,0500,1715, ,CFS
SHA,H,76,INFLOW,20130711,0600,-955, ,CFS
SHA,H,76,INFLOW,20130711,0700,2922, ,CFS
SHA,H,76,INFLOW,20130711,0800,753, ,CFS
SHA,H,76,INFLOW,20130711,0900,835, ,CFS
SHA,H,76,INFLOW,20130711,1000,1624, ,CFS
SHA,H,76,INFLOW,20130711,1100,-1084, ,CFS
SHA,H,76,INFLOW,20130711,1200,3928, ,CFS
SHA,H,76,INFLOW,20130711,1300,3849, ,CFS
SHA,H,76,INFLOW,20130711,1400,9203, ,CFS
SHA,H,76,INFLOW,20130711,1500,4320, ,CFS
SHA,H,76,INFLOW,20130711,1600,4298, ,CFS
SHA,H,76,INFLOW,20130711,1700,6780, ,CFS
SHA,H,76,INFLOW,20130711,1800,6589, ,CFS
SHA,H,76,INFLOW,20130711,1900,6513, ,CFS
SHA,H,76,INFLOW,20130711,2000,4296, ,CFS
SHA,H,76,INFLOW,20130711,2100,7217, ,CFS
SHA,H,76,INFLOW,20130711,2200,4485, ,CFS
SHA,H,76,INFLOW,20130711,2300,8794, ,CFS
SHA,H,76,INFLOW,20130712,0000,1005, ,CFS
SHA,H,76,INFLOW,20130712,0100,1355, ,CFS
SHA,H,76,INFLOW,20130712,0200,776, ,CFS
SHA,H,76,INFLOW,20130712,0300,-650, ,CFS
SHA,H,76,INFLOW,20130712,0400,4753, ,CFS
SHA,H,76,INFLOW,20130712,0500,-2166, ,CFS
SHA,H,76,INFLOW,20130712,0600,699, ,CFS
SHA,H,76,INFLOW,20130712,0700,2826, ,CFS
SHA,H,76,INFLOW,20130712,0800,553, ,CFS
SHA,H,76,INFLOW,20130712,0900,1810, ,CFS
SHA,H,76,INFLOW,20130712,1000,-637, ,CFS
SHA,H,76,INFLOW,20130712,1100,-3003, ,CFS
SHA,H,76,INFLOW,20130712,1200,2541, ,CFS
SHA,H,76,INFLOW,20130712,1300,-347, ,CFS
SHA,H,76,INFLOW,20130712,1400,7328, ,CFS
SHA,H,76,INFLOW,20130712,1500,4796, ,CFS
SHA,H,76,INFLOW,20130712,1600,7334, ,CFS
SHA,H,76,INFLOW,20130712,1700,7344, ,CFS
SHA,H,76,INFLOW,20130712,1800,4554, ,CFS
SHA,H,76,INFLOW,20130712,1900,7479, ,CFS
SHA,H,76,INFLOW,20130712,2000,5211, ,CFS
SHA,H,76,INFLOW,20130712,2100,4742, ,CFS
SHA,H,76,INFLOW,20130712,2200,7326, ,CFS
SHA,H,76,INFLOW,20130712,2300,1734, ,CFS
SHA,H,76,INFLOW,20130713,0000,2162, ,CFS
SHA,H,76,INFLOW,20130713,0100,727, ,CFS
SHA,H,76,INFLOW,20130713,0200,-1940, ,CFS
SHA,H,76,INFLOW,20130713,0300,3417, ,CFS
SHA,H,76,INFLOW,20130713,0400,720, ,CFS
SHA,H,76,INFLOW,20130713,0500,-1876, ,CFS
SHA,H,76,INFLOW,20130713,0600,3885, ,CFS
SHA,H,76,INFLOW,20130713,0700,-1361, ,CFS
SHA,H,76,INFLOW,20130713,0800,2036, ,CFS
SHA,H,76,INFLOW,20130713,0900,-2213, ,CFS
SHA,H,76,INFLOW,20130713,1000,6659, ,CFS
SHA,H,76,INFLOW,20130713,1100,2132, ,CFS
SHA,H,76,INFLOW,20130713,1200,2222, ,CFS
SHA,H,76,INFLOW,20130713,1300,3831, ,CFS
SHA,H,76,INFLOW,20130713,1400,3388, ,CFS
SHA,H,76,INFLOW,20130713,1500,5942, ,CFS
SHA,H,76,INFLOW,20130713,1600,9001, ,CFS
SHA,H,76,INFLOW,20130713,1700,3945, ,CFS
SHA,H,76,INFLOW,20130713,1800,9045, ,CFS
SHA,H,76,INFLOW,20130713,1900,4379, ,CFS
SHA,H,76,INFLOW,20130713,2000,6591, ,CFS
SHA,H,76,INFLOW,20130713,2100,6028, ,CFS
SHA,H,76,INFLOW,20130713,2200,6039, ,CFS
SHA,H,76,INFLOW,20130713,2300,4906, ,CFS
SHA,H,76,INFLOW,20130714,0000,3909, ,CFS
SHA,H,76,INFLOW,20130714,0100,1131, ,CFS
SHA,H,76,INFLOW,20130714,0200,2534, ,CFS
SHA,H,76,INFLOW,20130714,0300,2547, ,CFS
SHA,H,76,INFLOW,20130714,0400,-187, ,CFS
SHA,H,76,INFLOW,20130714,0500,2632, ,CFS
SHA,H,76,INFLOW,20130714,0600,-2116, ,CFS
SHA,H,76,INFLOW,20130714,0700,677, ,CFS
SHA,H,76,INFLOW,20130714,0800,3754, ,CFS
SHA,H,76,INFLOW,20130714,0900,-1052, ,CFS
SHA,H,76,INFLOW,20130714,1000,2244, ,CFS
SHA,H,76,INFLOW,20130714,1100,792, ,CFS
SHA,H,76,INFLOW,20130714,1200,1168, ,CFS
SHA,H,76,INFLOW,20130714,1300,1378, ,CFS
SHA,H,76,INFLOW,20130714,1400,1621, ,CFS
SHA,H,76,INFLOW,20130714,1500,4799, ,CFS
SHA,H,76,INFLOW,20130714,1600,7342, ,CFS
SHA,H,76,INFLOW,20130714,1700,5018, ,CFS
SHA,H,76,INFLOW,20130714,1800,7575, ,CFS
SHA,H,76,INFLOW,20130714,1900,7324, ,CFS
SHA,H,76,INFLOW,20130714,2000,4962, ,CFS
SHA,H,76,INFLOW,20130714,2100,7475, ,CFS
SHA,H,76,INFLOW,20130714,2200,4872, ,CFS
SHA,H,76,INFLOW,20130714,2300,7722, ,CFS
SHA,H,76,INFLOW,20130715,0000,2023, ,CFS
SHA,H,76,INFLOW,20130715,0100,1057, ,CFS
SHA,H,76,INFLOW,20130715,0200,2663, ,CFS
SHA,H,76,INFLOW,20130715,0300,-2716, ,CFS
SHA,H,76,INFLOW,20130715,0400,2147, ,CFS
SHA,H,76,INFLOW,20130715,0500,2252, ,CFS
SHA,H,76,INFLOW,20130715,0600,-1467, ,CFS
SHA,H,76,INFLOW,20130715,0700,5205, ,CFS
SHA,H,76,INFLOW,20130715,0800,-2620, ,CFS
SHA,H,76,INFLOW,20130715,0900,-1227, ,CFS
SHA,H,76,INFLOW,20130715,1000,-807, ,CFS
SHA,H,76,INFLOW,20130715,1100,1699, ,CFS
SHA,H,76,INFLOW,20130715,1200,104, ,CFS
SHA,H,76,INFLOW,20130715,1300,4706, ,CFS
SHA,H,76,INFLOW,20130715,1400,2590, ,CFS
SHA,H,76,INFLOW,20130715,1500,9245, ,CFS
SHA,H,76,INFLOW,20130715,1600,6490, ,CFS
SHA,H,76,INFLOW,20130715,1700,3937, ,CFS
SHA,H,76,INFLOW,20130715,1800,9251, ,CFS
SHA,H,76,INFLOW,20130715,1900,4345, ,CFS
SHA,H,76,INFLOW,20130715,2000,6883, ,CFS
SHA,H,76,INFLOW,20130715,2100,4159, ,CFS
SHA,H,76,INFLOW,20130715,2200,4222, ,CFS
SHA,H,76,INFLOW,20130715,2300,4616, ,CFS
SHA,H,76,INFLOW,20130716,0000,3306, ,CFS
SHA,H,76,INFLOW,20130716,0100,426, ,CFS
SHA,H,76,INFLOW,20130716,0200,2135, ,CFS
SHA,H,76,INFLOW,20130716,0300,-2115, ,CFS
SHA,H,76,INFLOW,20130716,0400,2850, ,CFS
SHA,H,76,INFLOW,20130716,0500,587, ,CFS
SHA,H,76,INFLOW,20130716,0600,-1389, ,CFS
SHA,H,76,INFLOW,20130716,0700,2985, ,CFS
SHA,H,76,INFLOW,20130716,0800,-1852, ,CFS
SHA,H,76,INFLOW,20130716,0900,2950, ,CFS
SHA,H,76,INFLOW,20130716,1000,2970, ,CFS
SHA,H,76,INFLOW,20130716,1100,-3428, ,CFS
SHA,H,76,INFLOW,20130716,1200,4596, ,CFS
SHA,H,76,INFLOW,20130716,1300,2153, ,CFS
SHA,H,76,INFLOW,20130716,1400,10814, ,CFS
SHA,H,76,INFLOW,20130716,1500,812, ,CFS
SHA,H,76,INFLOW,20130716,1600,8590, ,CFS
SHA,H,76,INFLOW,20130716,1700,5909, ,CFS
SHA,H,76,INFLOW,20130716,1800,5243, ,CFS
SHA,H,76,INFLOW,20130716,1900,5212, ,CFS
SHA,H,76,INFLOW,20130716,2000,5036, ,CFS
SHA,H,76,INFLOW,20130716,2100,4760, ,CFS
SHA,H,76,INFLOW,20130716,2200,7358, ,CFS
SHA,H,76,INFLOW,20130716,2300,4633, ,CFS
SHA,H,76,INFLOW,20130717,0000,-1235, ,CFS
SHA,H,76,INFLOW,20130717,0100,5552, ,CFS
SHA,H,76,INFLOW,20130717,0200,-368, ,CFS
SHA,H,76,INFLOW,20130717,0300,28, ,CFS
SHA,H,76,INFLOW,20130717,0400,1928, ,CFS
SHA,H,76,INFLOW,20130717,0500,85, ,CFS
SHA,H,76,INFLOW,20130717,0600,-1760, ,CFS
SHA,H,76,INFLOW,20130717,0700,4406, ,CFS
SHA,H,76,INFLOW,20130717,0800,-1016, ,CFS
SHA,H,76,INFLOW,20130717,0900,-5, ,CFS
SHA,H,76,INFLOW,20130717,1000,-4410, ,CFS
SHA,H,76,INFLOW,20130717,1100,2250, ,CFS
SHA,H,76,INFLOW,20130717,1200,2287, ,CFS
SHA,H,76,INFLOW,20130717,1300,-169, ,CFS
SHA,H,76,INFLOW,20130717,1400,4205, ,CFS
SHA,H,76,INFLOW,20130717,1500,4337, ,CFS
SHA,H,76,INFLOW,20130717,1600,2361, ,CFS
SHA,H,76,INFLOW,20130717,1700,4783, ,CFS
SHA,H,76,INFLOW,20130717,1800,4792, ,CFS
SHA,H,76,INFLOW,20130717,1900,4777, ,CFS
SHA,H,76,INFLOW,20130717,2000,2032, ,CFS
SHA,H,76,INFLOW,20130717,2100,4550, ,CFS
SHA,H,76,INFLOW,20130717,2200,4102, ,CFS
SHA,H,76,INFLOW,20130717,2300,1138, ,CFS
SHA,H,76,INFLOW,20130718,0000,4859, ,CFS
SHA,H,76,INFLOW,20130718,0100,3457, ,CFS
SHA,H,76,INFLOW,20130718,0200,-1899, ,CFS
SHA,H,76,INFLOW,20130718,0300,4921, ,CFS
SHA,H,76,INFLOW,20130718,0400,-2271, ,CFS
SHA,H,76,INFLOW,20130718,0500,250, ,CFS
SHA,H,76,INFLOW,20130718,0600,3487, ,CFS
SHA,H,76,INFLOW,20130718,0700,-286, ,CFS
SHA,H,76,INFLOW,20130718,0800,-56, ,CFS
SHA,H,76,INFLOW,20130718,0900,2416, ,CFS
SHA,H,76,INFLOW,20130718,1000,-2692, ,CFS
SHA,H,76,INFLOW,20130718,1100,3510, ,CFS
SHA,H,76,INFLOW,20130718,1200,7193, ,CFS
SHA,H,76,INFLOW,20130718,1300,1635, ,CFS
SHA,H,76,INFLOW,20130718,1400,7123, ,CFS
SHA,H,76,INFLOW,20130718,1500,5067, ,CFS
SHA,H,76,INFLOW,20130718,1600,4966, ,CFS
SHA,H,76,INFLOW,20130718,1700,9764, ,CFS
SHA,H,76,INFLOW,20130718,1800,7261, ,CFS
SHA,H,76,INFLOW,20130718,1900,4954, ,CFS
SHA,H,76,INFLOW,20130718,2000,4228, ,CFS
SHA,H,76,INFLOW,20130718,2100,6730, ,CFS
SHA,H,76,INFLOW,20130718,2200,3740, ,CFS
SHA,H,76,INFLOW,20130718,2300,5407, ,CFS
SHA,H,76,INFLOW,20130719,0000,-1341, ,CFS
SHA,H,76,INFLOW,20130719,0100,6025, ,CFS
SHA,H,76,INFLOW,20130719,0200,968, ,CFS
SHA,H,76,INFLOW,20130719,0300,-308, ,CFS
SHA,H,76,INFLOW,20130719,0400,-284, ,CFS
SHA,H,76,INFLOW,20130719,0500,2354, ,CFS
SHA,H,76,INFLOW,20130719,0600,193, ,CFS
SHA,H,76,INFLOW,20130719,0700,-31, ,CFS
SHA,H,76,INFLOW,20130719,0800,796, ,CFS
SHA,H,76,INFLOW,20130719,0900,-2839, ,CFS
SHA,H,76,INFLOW,20130719,1000,4543, ,CFS
SHA,H,76,INFLOW,20130719,1100,-2214, ,CFS
SHA,H,76,INFLOW,20130719,1200,263, ,CFS
SHA,H,76,INFLOW,20130719,1300,2778, ,CFS
SHA,H,76,INFLOW,20130719,1400,275, ,CFS
SHA,H,76,INFLOW,20130719,1500,2790, ,CFS
SHA,H,76,INFLOW,20130719,1600,7851, ,CFS
SHA,H,76,INFLOW,20130719,1700,5316, ,CFS
SHA,H,76,INFLOW,20130719,1800,5361, ,CFS
SHA,H,76,INFLOW,20130719,1900,5335, ,CFS
SHA,H,76,INFLOW,20130719,2000,5272, ,CFS
SHA,H,76,INFLOW,20130719,2100,2763, ,CFS
SHA,H,76,INFLOW,20130719,2200,2690, ,CFS
SHA,H,76,INFLOW,20130719,2300,2566, ,CFS
SHA,H,76,INFLOW,20130720,0000,536, ,CFS
SHA,H,76,INFLOW,20130720,0100,3608, ,CFS
SHA,H,76,INFLOW,20130720,0200,-1622, ,CFS
SHA,H,76,INFLOW,20130720,0300,181, ,CFS
SHA,H,76,INFLOW,20130720,0400,2517, ,CFS
SHA,H,76,INFLOW,20130720,0500,-2386, ,CFS
SHA,H,76,INFLOW,20130720,0600,107, ,CFS
SHA,H,76,INFLOW,20130720,0700,2340, ,CFS
SHA,H,76,INFLOW,20130720,0800,-423, ,CFS
SHA,H,76,INFLOW,20130720,0900,1456, ,CFS
SHA,H,76,INFLOW,20130720,1000,5024, ,CFS
SHA,H,76,INFLOW,20130720,1100,2873, ,CFS
SHA,H,76,INFLOW,20130720,1200,431, ,CFS
SHA,H,76,INFLOW,20130720,1300,7860, ,CFS
SHA,H,76,INFLOW,20130720,1400,2886, ,CFS
SHA,H,76,INFLOW,20130720,1500,5430, ,CFS
SHA,H,76,INFLOW,20130720,1600,7879, ,CFS
SHA,H,76,INFLOW,20130720,1700,5440, ,CFS
SHA,H,76,INFLOW,20130720,1800,7885, ,CFS
SHA,H,76,INFLOW,20130720,1900,5442, ,CFS
SHA,H,76,INFLOW,20130720,2000,5400, ,CFS
SHA,H,76,INFLOW,20130720,2100,10377, ,CFS
SHA,H,76,INFLOW,20130720,2200,2808, ,CFS
SHA,H,76,INFLOW,20130720,2300,6713, ,CFS
SHA,H,76,INFLOW,20130721,0000,445, ,CFS
SHA,H,76,INFLOW,20130721,0100,1937, ,CFS
SHA,H,76,INFLOW,20130721,0200,2758, ,CFS
SHA,H,76,INFLOW,20130721,0300,-179, ,CFS
SHA,H,76,INFLOW,20130721,0400,-1718, ,CFS
SHA,H,76,INFLOW,20130721,0500,3156, ,CFS
SHA,H,76,INFLOW,20130721,0600,-3325, ,CFS
SHA,H,76,INFLOW,20130721,0700,5480, ,CFS
SHA,H,76,INFLOW,20130721,0800,-1246, ,CFS
SHA,H,76,INFLOW,20130721,0900,-451, ,CFS
SHA,H,76,INFLOW,20130721,1000,2420, ,CFS
SHA,H,76,INFLOW,20130721,1100,-434, ,CFS
SHA,H,76,INFLOW,20130721,1200,2720, ,CFS
SHA,H,76,INFLOW,20130721,1300,433, ,CFS
SHA,H,76,INFLOW,20130721,1400,2919, ,CFS
SHA,H,76,INFLOW,20130721,1500,5454, ,CFS
SHA,H,76,INFLOW,20130721,1600,5494, ,CFS
SHA,H,76,INFLOW,20130721,1700,7856, ,CFS
SHA,H,76,INFLOW,20130721,1800,5398, ,CFS
SHA,H,76,INFLOW,20130721,1900,7867, ,CFS
SHA,H,76,INFLOW,20130721,2000,5441, ,CFS
SHA,H,76,INFLOW,20130721,2100,5453, ,CFS
SHA,H,76,INFLOW,20130721,2200,7716, ,CFS
SHA,H,76,INFLOW,20130721,2300,3162, ,CFS
SHA,H,76,INFLOW,20130722,0000,8132, ,CFS
SHA,H,76,INFLOW,20130722,0100,67, ,CFS
SHA,H,76,INFLOW,20130722,0200,1312, ,CFS
SHA,H,76,INFLOW,20130722,0300,-35, ,CFS
SHA,H,76,INFLOW,20130722,0400,2278, ,CFS
SHA,H,76,INFLOW,20130722,0500,-101, ,CFS
SHA,H,76,INFLOW,20130722,0600,-166, ,CFS
SHA,H,76,INFLOW,20130722,0700,1396, ,CFS
SHA,H,76,INFLOW,20130722,0800,956, ,CFS
SHA,H,76,INFLOW,20130722,0900,-4281, ,CFS
SHA,H,76,INFLOW,20130722,1000,2384, ,CFS
SHA,H,76,INFLOW,20130722,1100,1804, ,CFS
SHA,H,76,INFLOW,20130722,1200,4896, ,CFS
SHA,H,76,INFLOW,20130722,1300,4875, ,CFS
SHA,H,76,INFLOW,20130722,1400,5067, ,CFS
SHA,H,76,INFLOW,20130722,1500,4792, ,CFS
SHA,H,76,INFLOW,20130722,1600,7867, ,CFS
SHA,H,76,INFLOW,20130722,1700,5389, ,CFS
SHA,H,76,INFLOW,20130722,1800,5382, ,CFS
SHA,H,76,INFLOW,20130722,1900,7644, ,CFS
SHA,H,76,INFLOW,20130722,2000,4468, ,CFS
SHA,H,76,INFLOW,20130722,2100,4220, ,CFS
SHA,H,76,INFLOW,20130722,2200,6706, ,CFS
SHA,H,76,INFLOW,20130722,2300,4225, ,CFS
SHA,H,76,INFLOW,20130723,0000,7777, ,CFS
SHA,H,76,INFLOW,20130723,0100,2261, ,CFS
SHA,H,76,INFLOW,20130723,0200,3766, ,CFS
SHA,H,76,INFLOW,20130723,0300,-203, ,CFS
SHA,H,76,INFLOW,20130723,0400,2282, ,CFS
SHA,H,76,INFLOW,20130723,0500,241, ,CFS
SHA,H,76,INFLOW,20130723,0600,1209, ,CFS
SHA,H,76,INFLOW,20130723,0700,869, ,CFS
SHA,H,76,INFLOW,20130723,0800,974, ,CFS
SHA,H,76,INFLOW,20130723,0900,-501, ,CFS
SHA,H,76,INFLOW,20130723,1000,500, ,CFS
SHA,H,76,INFLOW,20130723,1100,-183, ,CFS
SHA,H,76,INFLOW,20130723,1200,-267, ,CFS
SHA,H,76,INFLOW,20130723,1300,2217, ,CFS
SHA,H,76,INFLOW,20130723,1400,-2, ,CFS
SHA,H,76,INFLOW,20130723,1500,5278, ,CFS
SHA,H,76,INFLOW,20130723,1600,5355, ,CFS
SHA,H,76,INFLOW,20130723,1700,7809, ,CFS
SHA,H,76,INFLOW,20130723,1800,5425, ,CFS
SHA,H,76,INFLOW,20130723,1900,5398, ,CFS
SHA,H,76,INFLOW,20130723,2000,-234, ,CFS
SHA,H,76,INFLOW,20130723,2100,6293, ,CFS
SHA,H,76,INFLOW,20130723,2200,-920, ,CFS
SHA,H,76,INFLOW,20130723,2300,1148, ,CFS
SHA,H,76,INFLOW,20130724,0000,719, ,CFS
SHA,H,76,INFLOW,20130724,0100,2007, ,CFS
SHA,H,76,INFLOW,20130724,0200,896, ,CFS
SHA,H,76,INFLOW,20130724,0300,882, ,CFS
SHA,H,76,INFLOW,20130724,0400,-4334, ,CFS
SHA,H,76,INFLOW,20130724,0500,1317, ,CFS
SHA,H,76,INFLOW,20130724,0600,1038, ,CFS
SHA,H,76,INFLOW,20130724,0700,1465, ,CFS
SHA,H,76,INFLOW,20130724,0800,3220, ,CFS
SHA,H,76,INFLOW,20130724,0900,512, ,CFS
SHA,H,76,INFLOW,20130724,1000,3050, ,CFS
SHA,H,76,INFLOW,20130724,1100,2263, ,CFS
SHA,H,76,INFLOW,20130724,1200,2513, ,CFS
SHA,H,76,INFLOW,20130724,1300,5071, ,CFS
SHA,H,76,INFLOW,20130724,1400,7565, ,CFS
SHA,H,76,INFLOW,20130724,1500,5024, ,CFS
SHA,H,76,INFLOW,20130724,1600,5195, ,CFS
SHA,H,76,INFLOW,20130724,1700,5143, ,CFS
SHA,H,76,INFLOW,20130724,1800,10115, ,CFS
SHA,H,76,INFLOW,20130724,1900,2708, ,CFS
SHA,H,76,INFLOW,20130724,2000,5228, ,CFS
SHA,H,76,INFLOW,20130724,2100,10094, ,CFS
SHA,H,76,INFLOW,20130724,2200,5065, ,CFS
SHA,H,76,INFLOW,20130724,2300,3748, ,CFS
SHA,H,76,INFLOW,20130725,0000,2766, ,CFS
SHA,H,76,INFLOW,20130725,0100,549, ,CFS
SHA,H,76,INFLOW,20130725,0200,2904, ,CFS
SHA,H,76,INFLOW,20130725,0300,1081, ,CFS
SHA,H,76,INFLOW,20130725,0400,-1690, ,CFS
SHA,H,76,INFLOW,20130725,0500,3146, ,CFS
SHA,H,76,INFLOW,20130725,0600,-1535, ,CFS
SHA,H,76,INFLOW,20130725,0700,216, ,CFS
SHA,H,76,INFLOW,20130725,0800,4258, ,CFS
SHA,H,76,INFLOW,20130725,0900,-3132, ,CFS
SHA,H,76,INFLOW,20130725,1000,-248, ,CFS
SHA,H,76,INFLOW,20130725,1100,2654, ,CFS
SHA,H,76,INFLOW,20130725,1200,394, ,CFS
SHA,H,76,INFLOW,20130725,1300,7671, ,CFS
SHA,H,76,INFLOW,20130725,1400,5290, ,CFS
SHA,H,76,INFLOW,20130725,1500,5302, ,CFS
SHA,H,76,INFLOW,20130725,1600,9499, ,CFS
SHA,H,76,INFLOW,20130725,1700,4842, ,CFS
SHA,H,76,INFLOW,20130725,1800,4916, ,CFS
SHA,H,76,INFLOW,20130725,1900,7043, ,CFS
SHA,H,76,INFLOW,20130725,2000,7115, ,CFS
SHA,H,76,INFLOW,20130725,2100,7275, ,CFS
SHA,H,76,INFLOW,20130725,2200,4867, ,CFS
SHA,H,76,INFLOW,20130725,2300,954, ,CFS
SHA,H,76,INFLOW,20130726,0000,-1534, ,CFS
SHA,H,76,INFLOW,20130726,0100,3327, ,CFS
SHA,H,76,INFLOW,20130726,0200,-2486, ,CFS
SHA,H,76,INFLOW,20130726,0300,2455, ,CFS
SHA,H,76,INFLOW,20130726,0400,2261, ,CFS
SHA,H,76,INFLOW,20130726,0500,0, ,CFS
SHA,H,76,INFLOW,20130726,0600,2924, ,CFS
SHA,H,76,INFLOW,20130726,0700,-896, ,CFS
SHA,H,76,INFLOW,20130726,0800,3676, ,CFS
SHA,H,76,INFLOW,20130726,0900,-1036, ,CFS
SHA,H,76,INFLOW,20130726,1000,-347, ,CFS
SHA,H,76,INFLOW,20130726,1100,614, ,CFS
SHA,H,76,INFLOW,20130726,1200,5748, ,CFS
SHA,H,76,INFLOW,20130726,1300,3420, ,CFS
SHA,H,76,INFLOW,20130726,1400,9849, ,CFS
SHA,H,76,INFLOW,20130726,1500,5012, ,CFS
SHA,H,76,INFLOW,20130726,1600,7660, ,CFS
SHA,H,76,INFLOW,20130726,1700,5311, ,CFS
SHA,H,76,INFLOW,20130726,1800,7746, ,CFS
SHA,H,76,INFLOW,20130726,1900,2984, ,CFS
SHA,H,76,INFLOW,20130726,2000,7844, ,CFS
SHA,H,76,INFLOW,20130726,2100,3012, ,CFS
SHA,H,76,INFLOW,20130726,2200,2982, ,CFS
SHA,H,76,INFLOW,20130726,2300,3035, ,CFS
SHA,H,76,INFLOW,20130727,0000,2844, ,CFS
SHA,H,76,INFLOW,20130727,0100,-1519, ,CFS
SHA,H,76,INFLOW,20130727,0200,2188, ,CFS
SHA,H,76,INFLOW,20130727,0300,1843, ,CFS
SHA,H,76,INFLOW,20130727,0400,1797, ,CFS
SHA,H,76,INFLOW,20130727,0500,2133, ,CFS
SHA,H,76,INFLOW,20130727,0600,449, ,CFS
SHA,H,76,INFLOW,20130727,0700,-632, ,CFS
SHA,H,76,INFLOW,20130727,0800,2619, ,CFS
SHA,H,76,INFLOW,20130727,0900,-4721, ,CFS
SHA,H,76,INFLOW,20130727,1000,2524, ,CFS
SHA,H,76,INFLOW,20130727,1100,-2845, ,CFS
SHA,H,76,INFLOW,20130727,1200,137, ,CFS
SHA,H,76,INFLOW,20130727,1300,2857, ,CFS
SHA,H,76,INFLOW,20130727,1400,4707, ,CFS
SHA,H,76,INFLOW,20130727,1500,7547, ,CFS
SHA,H,76,INFLOW,20130727,1600,2799, ,CFS
SHA,H,76,INFLOW,20130727,1700,10214, ,CFS
SHA,H,76,INFLOW,20130727,1800,5489, ,CFS
SHA,H,76,INFLOW,20130727,1900,7941, ,CFS
SHA,H,76,INFLOW,20130727,2000,5081, ,CFS
SHA,H,76,INFLOW,20130727,2100,2751, ,CFS
SHA,H,76,INFLOW,20130727,2200,5134, ,CFS
SHA,H,76,INFLOW,20130727,2300,5245, ,CFS
SHA,H,76,INFLOW,20130728,0000,321, ,CFS
SHA,H,76,INFLOW,20130728,0100,3307, ,CFS
SHA,H,76,INFLOW,20130728,0200,-1339, ,CFS
SHA,H,76,INFLOW,20130728,0300,3570, ,CFS
SHA,H,76,INFLOW,20130728,0400,2259, ,CFS
SHA,H,76,INFLOW,20130728,0500,-465, ,CFS
SHA,H,76,INFLOW,20130728,0600,1986, ,CFS
SHA,H,76,INFLOW,20130728,0700,1452, ,CFS
SHA,H,76,INFLOW,20130728,0800,-123, ,CFS
SHA,H,76,INFLOW,20130728,0900,202, ,CFS
SHA,H,76,INFLOW,20130728,1000,-1538, ,CFS
SHA,H,76,INFLOW,20130728,1100,1255, ,CFS
SHA,H,76,INFLOW,20130728,1200,-258, ,CFS
SHA,H,76,INFLOW,20130728,1300,49, ,CFS
SHA,H,76,INFLOW,20130728,1400,4369, ,CFS
SHA,H,76,INFLOW,20130728,1500,-556, ,CFS
SHA,H,76,INFLOW,20130728,1600,6766, ,CFS
SHA,H,76,INFLOW,20130728,1700,4364, ,CFS
SHA,H,76,INFLOW,20130728,1800,9703, ,CFS
SHA,H,76,INFLOW,20130728,1900,7432, ,CFS
SHA,H,76,INFLOW,20130728,2000,4291, ,CFS
SHA,H,76,INFLOW,20130728,2100,9001, ,CFS
SHA,H,76,INFLOW,20130728,2200,1586, ,CFS
SHA,H,76,INFLOW,20130728,2300,7207, ,CFS
SHA,H,76,INFLOW,20130729,0000,792, ,CFS
SHA,H,76,INFLOW,20130729,0100,3298, ,CFS
SHA,H,76,INFLOW,20130729,0200,1846, ,CFS
SHA,H,76,INFLOW,20130729,0300,70, ,CFS
SHA,H,76,INFLOW,20130729,0400,1706, ,CFS
SHA,H,76,INFLOW,20130729,0500,2124, ,CFS
SHA,H,76,INFLOW,20130729,0600,306, ,CFS
SHA,H,76,INFLOW,20130729,0700,320, ,CFS
SHA,H,76,INFLOW,20130729,0800,3118, ,CFS
SHA,H,76,INFLOW,20130729,0900,-3802, ,CFS
SHA,H,76,INFLOW,20130729,1000,1289, ,CFS
SHA,H,76,INFLOW,20130729,1100,1042, ,CFS
SHA,H,76,INFLOW,20130729,1200,-386, ,CFS
SHA,H,76,INFLOW,20130729,1300,1954, ,CFS
SHA,H,76,INFLOW,20130729,1400,6608, ,CFS
SHA,H,76,INFLOW,20130729,1500,5369, ,CFS
SHA,H,76,INFLOW,20130729,1600,5498, ,CFS
SHA,H,76,INFLOW,20130729,1700,5597, ,CFS
SHA,H,76,INFLOW,20130729,1800,8022, ,CFS
SHA,H,76,INFLOW,20130729,1900,8052, ,CFS
SHA,H,76,INFLOW,20130729,2000,4555, ,CFS
SHA,H,76,INFLOW,20130729,2100,5971, ,CFS
SHA,H,76,INFLOW,20130729,2200,3371, ,CFS
SHA,H,76,INFLOW,20130729,2300,5647, ,CFS
SHA,H,76,INFLOW,20130730,0000,-1118, ,CFS
SHA,H,76,INFLOW,20130730,0100,2689, ,CFS
SHA,H,76,INFLOW,20130730,0200,1292, ,CFS
SHA,H,76,INFLOW,20130730,0300,632, ,CFS
SHA,H,76,INFLOW,20130730,0400,305, ,CFS
SHA,H,76,INFLOW,20130730,0500,298, ,CFS
SHA,H,76,INFLOW,20130730,0600,2791, ,CFS
SHA,H,76,INFLOW,20130730,0700,-383, ,CFS
SHA,H,76,INFLOW,20130730,0800,2158, ,CFS
SHA,H,76,INFLOW,20130730,0900,-695, ,CFS
SHA,H,76,INFLOW,20130730,1000,1681, ,CFS
SHA,H,76,INFLOW,20130730,1100,-138, ,CFS
SHA,H,76,INFLOW,20130730,1200,1085, ,CFS
SHA,H,76,INFLOW,20130730,1300,1612, ,CFS
SHA,H,76,INFLOW,20130730,1400,-841, ,CFS
SHA,H,76,INFLOW,20130730,1500,4136, ,CFS
SHA,H,76,INFLOW,20130730,1600,3036, ,CFS
SHA,H,76,INFLOW,20130730,1700,8171, ,CFS
SHA,H,76,INFLOW,20130730,1800,5628, ,CFS
SHA,H,76,INFLOW,20130730,1900,5443, ,CFS
SHA,H,76,INFLOW,20130730,2000,9630, ,CFS
SHA,H,76,INFLOW,20130730,2100,4155, ,CFS
SHA,H,76,INFLOW,20130730,2200,6236, ,CFS
SHA,H,76,INFLOW,20130730,2300,2103, ,CFS
SHA,H,76,INFLOW,20130731,0000,1670, ,CFS
SHA,H,76,INFLOW,20130731,0100,461, ,CFS
SHA,H,76,INFLOW,20130731,0200,189, ,CFS
SHA,H,76,INFLOW,20130731,0300,318, ,CFS
SHA,H,76,INFLOW,20130731,0400,2550, ,CFS
SHA,H,76,INFLOW,20130731,0500,-1944, ,CFS
SHA,H,76,INFLOW,20130731,0600,5597, ,CFS
SHA,H,76,INFLOW,20130731,0700,-1648, ,CFS
SHA,H,76,INFLOW,20130731,0800,4025, ,CFS
SHA,H,76,INFLOW,20130731,0900,-1997, ,CFS
SHA,H,76,INFLOW,20130731,1000,1640, ,CFS
SHA,H,76,INFLOW,20130731,1100,-2149, ,CFS
SHA,H,76,INFLOW,20130731,1200,697, ,CFS
SHA,H,76,INFLOW,20130731,1300,5213, ,CFS
SHA,H,76,INFLOW,20130731,1400,3482, ,CFS
SHA,H,76,INFLOW,20130731,1500,8345, ,CFS
SHA,H,76,INFLOW,20130731,1600,3406, ,CFS
SHA,H,76,INFLOW,20130731,1700,8217, ,CFS
SHA,H,76,INFLOW,20130731,1800,8245, ,CFS
SHA,H,76,INFLOW,20130731,1900,5895, ,CFS
SHA,H,76,INFLOW,20130731,2000,6569, ,CFS
SHA,H,76,INFLOW,20130731,2100,4306, ,CFS
SHA,H,76,INFLOW,20130731,2200,5677, ,CFS
SHA,H,76,INFLOW,20130731,2300,-518, ,CFS
SHA,H,76,INFLOW,20130801,0000,5900, ,CFS
SHA,H,76,INFLOW,20130801,0100,-2227, ,CFS
SHA,H,76,INFLOW,20130801,0200,442, ,CFS
SHA,H,76,INFLOW,20130801,0300,2977, ,CFS
SHA,H,76,INFLOW,20130801,0400,-1882, ,CFS
SHA,H,76,INFLOW,20130801,0500,3173, ,CFS
SHA,H,76,INFLOW,20130801,0600,1093, ,CFS
SHA,H,76,INFLOW,20130801,0700,-1631, ,CFS
SHA,H,76,INFLOW,20130801,0800,2341, ,CFS
SHA,H,76,INFLOW,20130801,0900,-1175, ,CFS
SHA,H,76,INFLOW,20130801,1000,234, ,CFS
SHA,H,76,INFLOW,20130801,1100,-319, ,CFS
SHA,H,76,INFLOW,20130801,1200,5091, ,CFS
SHA,H,76,INFLOW,20130801,1300,-2273, ,CFS
SHA,H,76,INFLOW,20130801,1400,7230, ,CFS
SHA,H,76,INFLOW,20130801,1500,2157, ,CFS
SHA,H,76,INFLOW,20130801,1600,6854, ,CFS
SHA,H,76,INFLOW,20130801,1700,6857, ,CFS
SHA,H,76,INFLOW,20130801,1800,4510, ,CFS
SHA,H,76,INFLOW,20130801,1900,9221, ,CFS
SHA,H,76,INFLOW,20130801,2000,3073, ,CFS
SHA,H,76,INFLOW,20130801,2100,5409, ,CFS
SHA,H,76,INFLOW,20130801,2200,5490, ,CFS
SHA,H,76,INFLOW,20130801,2300,448, ,CFS
SHA,H,76,INFLOW,20130802,0000,4033, ,CFS
SHA,H,76,INFLOW,20130802,0100,601, ,CFS
SHA,H,76,INFLOW,20130802,0200,195, ,CFS
SHA,H,76,INFLOW,20130802,0300,472, ,CFS
SHA,H,76,INFLOW,20130802,0400,2553, ,CFS
SHA,H,76,INFLOW,20130802,0500,-2163, ,CFS
SHA,H,76,INFLOW,20130802,0600,2829, ,CFS
SHA,H,76,INFLOW,20130802,0700,645, ,CFS
SHA,H,76,INFLOW,20130802,0800,2081, ,CFS
SHA,H,76,INFLOW,20130802,0900,1473, ,CFS
SHA,H,76,INFLOW,20130802,1000,854, ,CFS
SHA,H,76,INFLOW,20130802,1100,-3108, ,CFS
SHA,H,76,INFLOW,20130802,1200,2364, ,CFS
SHA,H,76,INFLOW,20130802,1300,-2574, ,CFS
SHA,H,76,INFLOW,20130802,1400,4134, ,CFS
SHA,H,76,INFLOW,20130802,1500,4206, ,CFS
SHA,H,76,INFLOW,20130802,1600,6363, ,CFS
SHA,H,76,INFLOW,20130802,1700,3861, ,CFS
SHA,H,76,INFLOW,20130802,1800,8193, ,CFS
SHA,H,76,INFLOW,20130802,1900,3698, ,CFS
SHA,H,76,INFLOW,20130802,2000,5952, ,CFS
SHA,H,76,INFLOW,20130802,2100,6063, ,CFS
SHA,H,76,INFLOW,20130802,2200,4690, ,CFS
SHA,H,76,INFLOW,20130802,2300,5657, ,CFS
SHA,H,76,INFLOW,20130803,0000,-1718, ,CFS
SHA,H,76,INFLOW,20130803,0100,3703, ,CFS
SHA,H,76,INFLOW,20130803,0200,918, ,CFS
SHA,H,76,INFLOW,20130803,0300,545, ,CFS
SHA,H,76,INFLOW,20130803,0400,566, ,CFS
SHA,H,76,INFLOW,20130803,0500,1211, ,CFS
SHA,H,76,INFLOW,20130803,0600,3651, ,CFS
SHA,H,76,INFLOW,20130803,0700,-676, ,CFS
SHA,H,76,INFLOW,20130803,0800,2747, ,CFS
SHA,H,76,INFLOW,20130803,0900,229, ,CFS
SHA,H,76,INFLOW,20130803,1000,737, ,CFS
SHA,H,76,INFLOW,20130803,1100,-208, ,CFS
SHA,H,76,INFLOW,20130803,1200,-1421, ,CFS
SHA,H,76,INFLOW,20130803,1300,957, ,CFS
SHA,H,76,INFLOW,20130803,1400,4482, ,CFS
SHA,H,76,INFLOW,20130803,1500,3763, ,CFS
SHA,H,76,INFLOW,20130803,1600,4836, ,CFS
SHA,H,76,INFLOW,20130803,1700,7557, ,CFS
SHA,H,76,INFLOW,20130803,1800,7606, ,CFS
SHA,H,76,INFLOW,20130803,1900,7595, ,CFS
SHA,H,76,INFLOW,20130803,2000,7587, ,CFS
SHA,H,76,INFLOW,20130803,2100,4972, ,CFS
SHA,H,76,INFLOW,20130803,2200,7223, ,CFS
SHA,H,76,INFLOW,20130803,2300,5638, ,CFS
SHA,H,76,INFLOW,20130804,0000,1137, ,CFS
SHA,H,76,INFLOW,20130804,0100,3381, ,CFS
SHA,H,76,INFLOW,20130804,0200,2858, ,CFS
SHA,H,76,INFLOW,20130804,0300,359, ,CFS
SHA,H,76,INFLOW,20130804,0400,2549, ,CFS
SHA,H,76,INFLOW,20130804,0500,221, ,CFS
SHA,H,76,INFLOW,20130804,0600,346, ,CFS
SHA,H,76,INFLOW,20130804,0700,2153, ,CFS
SHA,H,76,INFLOW,20130804,0800,833, ,CFS
SHA,H,76,INFLOW,20130804,0900,663, ,CFS
SHA,H,76,INFLOW,20130804,1000,-2055, ,CFS
SHA,H,76,INFLOW,20130804,1100,-1377, ,CFS
SHA,H,76,INFLOW,20130804,1200,1618, ,CFS
SHA,H,76,INFLOW,20130804,1300,219, ,CFS
SHA,H,76,INFLOW,20130804,1400,2741, ,CFS
SHA,H,76,INFLOW,20130804,1500,-499, ,CFS
SHA,H,76,INFLOW,20130804,1600,1360, ,CFS
SHA,H,76,INFLOW,20130804,1700,3702, ,CFS
SHA,H,76,INFLOW,20130804,1800,6125, ,CFS
SHA,H,76,INFLOW,20130804,1900,8359, ,CFS
SHA,H,76,INFLOW,20130804,2000,4435, ,CFS
SHA,H,76,INFLOW,20130804,2100,6517, ,CFS
SHA,H,76,INFLOW,20130804,2200,6877, ,CFS
SHA,H,76,INFLOW,20130804,2300,4113, ,CFS
SHA,H,76,INFLOW,20130805,0000,4046, ,CFS
SHA,H,76,INFLOW,20130805,0100,2991, ,CFS
SHA,H,76,INFLOW,20130805,0200,2824, ,CFS
SHA,H,76,INFLOW,20130805,0300,369, ,CFS
SHA,H,76,INFLOW,20130805,0400,2570, ,CFS
SHA,H,76,INFLOW,20130805,0500,-1980, ,CFS
SHA,H,76,INFLOW,20130805,0600,3423, ,CFS
SHA,H,76,INFLOW,20130805,0700,1633, ,CFS
SHA,H,76,INFLOW,20130805,0800,1510, ,CFS
SHA,H,76,INFLOW,20130805,0900,56214, ,CFS
SHA,H,76,INFLOW,20130805,1000,-2399, ,CFS
SHA,H,76,INFLOW,20130805,1100,20, ,CFS
SHA,H,76,INFLOW,20130805,1200,2726, ,CFS
SHA,H,76,INFLOW,20130805,1300,5234, ,CFS
SHA,H,76,INFLOW,20130805,1400,5419, ,CFS
SHA,H,76,INFLOW,20130805,1500,7206, ,CFS
SHA,H,76,INFLOW,20130805,1600,6461, ,CFS
SHA,H,76,INFLOW,20130805,1700,6329, ,CFS
SHA,H,76,INFLOW,20130805,1800,6179, ,CFS
SHA,H,76,INFLOW,20130805,1900,6245, ,CFS
SHA,H,76,INFLOW,20130805,2000,3686, ,CFS
SHA,H,76,INFLOW,20130805,2100,6211, ,CFS
SHA,H,76,INFLOW,20130805,2200,6107, ,CFS
SHA,H,76,INFLOW,20130805,2300,9114, ,CFS
SHA,H,76,INFLOW,20130806,0000,-1445, ,CFS
SHA,H,76,INFLOW,20130806,0100,4881, ,CFS
SHA,H,76,INFLOW,20130806,0200,806, ,CFS
SHA,H,76,INFLOW,20130806,0300,1627, ,CFS
SHA,H,76,INFLOW,20130806,0400,318, ,CFS
SHA,H,76,INFLOW,20130806,0500,348, ,CFS
SHA,H,76,INFLOW,20130806,0600,272, ,CFS
SHA,H,76,INFLOW,20130806,0700,2757, ,CFS
SHA,H,76,INFLOW,20130806,0800,-108, ,CFS
SHA,H,76,INFLOW,20130806,0900,-64, ,CFS
SHA,H,76,INFLOW,20130806,1000,-121, ,CFS
SHA,H,76,INFLOW,20130806,1100,460, ,CFS
SHA,H,76,INFLOW,20130806,1200,728, ,CFS
SHA,H,76,INFLOW,20130806,1300,2115, ,CFS
SHA,H,76,INFLOW,20130806,1400,2414, ,CFS
SHA,H,76,INFLOW,20130806,1500,4179, ,CFS
SHA,H,76,INFLOW,20130806,1600,3409, ,CFS
SHA,H,76,INFLOW,20130806,1700,5839, ,CFS
SHA,H,76,INFLOW,20130806,1800,5775, ,CFS
SHA,H,76,INFLOW,20130806,1900,4042, ,CFS
SHA,H,76,INFLOW,20130806,2000,6042, ,CFS
SHA,H,76,INFLOW,20130806,2100,6139, ,CFS
SHA,H,76,INFLOW,20130806,2200,4356, ,CFS
SHA,H,76,INFLOW,20130806,2300,9092, ,CFS
SHA,H,76,INFLOW,20130807,0000,-1594, ,CFS
SHA,H,76,INFLOW,20130807,0100,6363, ,CFS
SHA,H,76,INFLOW,20130807,0200,-4678, ,CFS
SHA,H,76,INFLOW,20130807,0300,7078, ,CFS
SHA,H,76,INFLOW,20130807,0400,1214, ,CFS
SHA,H,76,INFLOW,20130807,0500,-975, ,CFS
SHA,H,76,INFLOW,20130807,0600,808, ,CFS
SHA,H,76,INFLOW,20130807,0700,642, ,CFS
SHA,H,76,INFLOW,20130807,0800,-2637, ,CFS
SHA,H,76,INFLOW,20130807,0900,3478, ,CFS
SHA,H,76,INFLOW,20130807,1000,1179, ,CFS
SHA,H,76,INFLOW,20130807,1100,-804, ,CFS
SHA,H,76,INFLOW,20130807,1200,330, ,CFS
SHA,H,76,INFLOW,20130807,1300,1422, ,CFS
SHA,H,76,INFLOW,20130807,1400,2189, ,CFS
SHA,H,76,INFLOW,20130807,1500,4510, ,CFS
SHA,H,76,INFLOW,20130807,1600,4677, ,CFS
SHA,H,76,INFLOW,20130807,1700,4624, ,CFS
SHA,H,76,INFLOW,20130807,1800,6909, ,CFS
SHA,H,76,INFLOW,20130807,1900,4646, ,CFS
SHA,H,76,INFLOW,20130807,2000,2664, ,CFS
SHA,H,76,INFLOW,20130807,2100,6557, ,CFS
SHA,H,76,INFLOW,20130807,2200,3049, ,CFS
SHA,H,76,INFLOW,20130807,2300,3404, ,CFS
SHA,H,76,INFLOW,20130808,0000,7595, ,CFS
SHA,H,76,INFLOW,20130808,0100,1353, ,CFS
SHA,H,76,INFLOW,20130808,0200,3004, ,CFS
SHA,H,76,INFLOW,20130808,0300,-197, ,CFS
SHA,H,76,INFLOW,20130808,0400,1411, ,CFS
SHA,H,76,INFLOW,20130808,0500,1707, ,CFS
SHA,H,76,INFLOW,20130808,0600,1262, ,CFS
SHA,H,76,INFLOW,20130808,0700,48, ,CFS
SHA,H,76,INFLOW,20130808,0800,112, ,CFS
SHA,H,76,INFLOW,20130808,0900,-4220, ,CFS
SHA,H,76,INFLOW,20130808,1000,3631, ,CFS
SHA,H,76,INFLOW,20130808,1100,-547, ,CFS
SHA,H,76,INFLOW,20130808,1200,358, ,CFS
SHA,H,76,INFLOW,20130808,1300,-1182, ,CFS
SHA,H,76,INFLOW,20130808,1400,8871, ,CFS
SHA,H,76,INFLOW,20130808,1500,4698, ,CFS
SHA,H,76,INFLOW,20130808,1600,6648, ,CFS
SHA,H,76,INFLOW,20130808,1700,6782, ,CFS
SHA,H,76,INFLOW,20130808,1800,4389, ,CFS
SHA,H,76,INFLOW,20130808,1900,8960, ,CFS
SHA,H,76,INFLOW,20130808,2000,4012, ,CFS
SHA,H,76,INFLOW,20130808,2100,5595, ,CFS
SHA,H,76,INFLOW,20130808,2200,5360, ,CFS
SHA,H,76,INFLOW,20130808,2300,6564, ,CFS
SHA,H,76,INFLOW,20130809,0000,614, ,CFS
SHA,H,76,INFLOW,20130809,0100,6119, ,CFS
SHA,H,76,INFLOW,20130809,0200,-3036, ,CFS
SHA,H,76,INFLOW,20130809,0300,2358, ,CFS
SHA,H,76,INFLOW,20130809,0400,1618, ,CFS
SHA,H,76,INFLOW,20130809,0500,-2408, ,CFS
SHA,H,76,INFLOW,20130809,0600,2532, ,CFS
SHA,H,76,INFLOW,20130809,0700,109, ,CFS
SHA,H,76,INFLOW,20130809,0800,-1199, ,CFS
SHA,H,76,INFLOW,20130809,0900,-1996, ,CFS
SHA,H,76,INFLOW,20130809,1000,-950, ,CFS
SHA,H,76,INFLOW,20130809,1100,91, ,CFS
SHA,H,76,INFLOW,20130809,1200,2646, ,CFS
SHA,H,76,INFLOW,20130809,1300,3136, ,CFS
SHA,H,76,INFLOW,20130809,1400,-3587, ,CFS
SHA,H,76,INFLOW,20130809,1500,6404, ,CFS
SHA,H,76,INFLOW,20130809,1600,1416, ,CFS
SHA,H,76,INFLOW,20130809,1700,5582, ,CFS
SHA,H,76,INFLOW,20130809,1800,8096, ,CFS
SHA,H,76,INFLOW,20130809,1900,3442, ,CFS
SHA,H,76,INFLOW,20130809,2000,6962, ,CFS
SHA,H,76,INFLOW,20130809,2100,-114, ,CFS
SHA,H,76,INFLOW,20130809,2200,4088, ,CFS
SHA,H,76,INFLOW,20130809,2300,4568, ,CFS
SHA,H,76,INFLOW,20130810,0000,-782, ,CFS
SHA,H,76,INFLOW,20130810,0100,5270, ,CFS
SHA,H,76,INFLOW,20130810,0200,-1435, ,CFS
SHA,H,76,INFLOW,20130810,0300,822, ,CFS
SHA,H,76,INFLOW,20130810,0400,2565, ,CFS
SHA,H,76,INFLOW,20130810,0500,-979, ,CFS
SHA,H,76,INFLOW,20130810,0600,2168, ,CFS
SHA,H,76,INFLOW,20130810,0700,-993, ,CFS
SHA,H,76,INFLOW,20130810,0800,-74, ,CFS
SHA,H,76,INFLOW,20130810,0900,-2047, ,CFS
SHA,H,76,INFLOW,20130810,1000,2910, ,CFS
SHA,H,76,INFLOW,20130810,1100,108, ,CFS
SHA,H,76,INFLOW,20130810,1200,570, ,CFS
SHA,H,76,INFLOW,20130810,1300,-280, ,CFS
SHA,H,76,INFLOW,20130810,1400,1284, ,CFS
SHA,H,76,INFLOW,20130810,1500,6340, ,CFS
SHA,H,76,INFLOW,20130810,1600,1916, ,CFS
SHA,H,76,INFLOW,20130810,1700,7098, ,CFS
SHA,H,76,INFLOW,20130810,1800,4471, ,CFS
SHA,H,76,INFLOW,20130810,1900,6088, ,CFS
SHA,H,76,INFLOW,20130810,2000,6181, ,CFS
SHA,H,76,INFLOW,20130810,2100,6326, ,CFS
SHA,H,76,INFLOW,20130810,2200,5815, ,CFS
SHA,H,76,INFLOW,20130810,2300,6371, ,CFS
SHA,H,76,INFLOW,20130811,0000,-1874, ,CFS
SHA,H,76,INFLOW,20130811,0100,6847, ,CFS
SHA,H,76,INFLOW,20130811,0200,-653, ,CFS
SHA,H,76,INFLOW,20130811,0300,2214, ,CFS
SHA,H,76,INFLOW,20130811,0400,577, ,CFS
SHA,H,76,INFLOW,20130811,0500,-3, ,CFS
SHA,H,76,INFLOW,20130811,0600,1014, ,CFS
SHA,H,76,INFLOW,20130811,0700,1963, ,CFS
SHA,H,76,INFLOW,20130811,0800,-1802, ,CFS
SHA,H,76,INFLOW,20130811,0900,2831, ,CFS
SHA,H,76,INFLOW,20130811,1000,-1566, ,CFS
SHA,H,76,INFLOW,20130811,1100,1793, ,CFS
SHA,H,76,INFLOW,20130811,1200,1986, ,CFS
SHA,H,76,INFLOW,20130811,1300,3865, ,CFS
SHA,H,76,INFLOW,20130811,1400,4167, ,CFS
SHA,H,76,INFLOW,20130811,1500,93, ,CFS
SHA,H,76,INFLOW,20130811,1600,6326, ,CFS
SHA,H,76,INFLOW,20130811,1700,4211, ,CFS
SHA,H,76,INFLOW,20130811,1800,6503, ,CFS
SHA,H,76,INFLOW,20130811,1900,4233, ,CFS
SHA,H,76,INFLOW,20130811,2000,7659, ,CFS
SHA,H,76,INFLOW,20130811,2100,7388, ,CFS
SHA,H,76,INFLOW,20130811,2200,5977, ,CFS
SHA,H,76,INFLOW,20130811,2300,5092, ,CFS
SHA,H,76,INFLOW,20130812,0000,5131, ,CFS
SHA,H,76,INFLOW,20130812,0100,-757, ,CFS
SHA,H,76,INFLOW,20130812,0200,3596, ,CFS
SHA,H,76,INFLOW,20130812,0300,2148, ,CFS
SHA,H,76,INFLOW,20130812,0400,1521, ,CFS
SHA,H,76,INFLOW,20130812,0500,23, ,CFS
SHA,H,76,INFLOW,20130812,0600,-659, ,CFS
SHA,H,76,INFLOW,20130812,0700,1851, ,CFS
SHA,H,76,INFLOW,20130812,0800,-1489, ,CFS
SHA,H,76,INFLOW,20130812,0900,637, ,CFS
SHA,H,76,INFLOW,20130812,1000,-740, ,CFS
SHA,H,76,INFLOW,20130812,1100,389, ,CFS
SHA,H,76,INFLOW,20130812,1200,423, ,CFS
SHA,H,76,INFLOW,20130812,1300,-975, ,CFS
SHA,H,76,INFLOW,20130812,1400,8728, ,CFS
SHA,H,76,INFLOW,20130812,1500,5869, ,CFS
SHA,H,76,INFLOW,20130812,1600,3491, ,CFS
SHA,H,76,INFLOW,20130812,1700,8062, ,CFS
SHA,H,76,INFLOW,20130812,1800,5835, ,CFS
SHA,H,76,INFLOW,20130812,1900,5407, ,CFS
SHA,H,76,INFLOW,20130812,2000,5661, ,CFS
SHA,H,76,INFLOW,20130812,2100,3662, ,CFS
SHA,H,76,INFLOW,20130812,2200,7716, ,CFS
SHA,H,76,INFLOW,20130812,2300,2793, ,CFS
SHA,H,76,INFLOW,20130813,0000,747, ,CFS
SHA,H,76,INFLOW,20130813,0100,3044, ,CFS
SHA,H,76,INFLOW,20130813,0200,401, ,CFS
SHA,H,76,INFLOW,20130813,0300,3274, ,CFS
SHA,H,76,INFLOW,20130813,0400,299, ,CFS
SHA,H,76,INFLOW,20130813,0500,207, ,CFS
SHA,H,76,INFLOW,20130813,0600,662, ,CFS
SHA,H,76,INFLOW,20130813,0700,1814, ,CFS
SHA,H,76,INFLOW,20130813,0800,-569, ,CFS
SHA,H,76,INFLOW,20130813,0900,-3267, ,CFS
SHA,H,76,INFLOW,20130813,1000,-707, ,CFS
SHA,H,76,INFLOW,20130813,1100,-2418, ,CFS
SHA,H,76,INFLOW,20130813,1200,2588, ,CFS
SHA,H,76,INFLOW,20130813,1300,796, ,CFS
SHA,H,76,INFLOW,20130813,1400,2940, ,CFS
SHA,H,76,INFLOW,20130813,1500,4870, ,CFS
SHA,H,76,INFLOW,20130813,1600,7933, ,CFS
SHA,H,76,INFLOW,20130813,1700,5746, ,CFS
SHA,H,76,INFLOW,20130813,1800,5699, ,CFS
SHA,H,76,INFLOW,20130813,1900,5680, ,CFS
SHA,H,76,INFLOW,20130813,2000,4346, ,CFS
SHA,H,76,INFLOW,20130813,2100,6081, ,CFS
SHA,H,76,INFLOW,20130813,2200,8316, ,CFS
SHA,H,76,INFLOW,20130813,2300,1461, ,CFS
SHA,H,76,INFLOW,20130814,0000,2735, ,CFS
SHA,H,76,INFLOW,20130814,0100,2304, ,CFS
SHA,H,76,INFLOW,20130814,0200,-2466, ,CFS
SHA,H,76,INFLOW,20130814,0300,3977, ,CFS
SHA,H,76,INFLOW,20130814,0400,-561, ,CFS
SHA,H,76,INFLOW,20130814,0500,485, ,CFS
SHA,H,76,INFLOW,20130814,0600,323, ,CFS
SHA,H,76,INFLOW,20130814,0700,-46, ,CFS
SHA,H,76,INFLOW,20130814,0800,2772, ,CFS
SHA,H,76,INFLOW,20130814,0900,40, ,CFS
SHA,H,76,INFLOW,20130814,1000,-3803, ,CFS
SHA,H,76,INFLOW,20130814,1100,243, ,CFS
SHA,H,76,INFLOW,20130814,1200,1016, ,CFS
SHA,H,76,INFLOW,20130814,1300,54, ,CFS
SHA,H,76,INFLOW,20130814,1400,2436, ,CFS
SHA,H,76,INFLOW,20130814,1500,5544, ,CFS
SHA,H,76,INFLOW,20130814,1600,5366, ,CFS
SHA,H,76,INFLOW,20130814,1700,5269, ,CFS
SHA,H,76,INFLOW,20130814,1800,5279, ,CFS
SHA,H,76,INFLOW,20130814,1900,7178, ,CFS
SHA,H,76,INFLOW,20130814,2000,4837, ,CFS
SHA,H,76,INFLOW,20130814,2100,6639, ,CFS
SHA,H,76,INFLOW,20130814,2200,8420, ,CFS
SHA,H,76,INFLOW,20130814,2300,-3656, ,CFS
SHA,H,76,INFLOW,20130815,0000,5170, ,CFS
SHA,H,76,INFLOW,20130815,0100,1812, ,CFS
SHA,H,76,INFLOW,20130815,0200,5238, ,CFS
SHA,H,76,INFLOW,20130815,0300,3391, ,CFS
SHA,H,76,INFLOW,20130815,0400,-813, ,CFS
SHA,H,76,INFLOW,20130815,0500,3823, ,CFS
SHA,H,76,INFLOW,20130815,0600,1325, ,CFS
SHA,H,76,INFLOW,20130815,0700,174, ,CFS
SHA,H,76,INFLOW,20130815,0800,1880, ,CFS
SHA,H,76,INFLOW,20130815,0900,-4364, ,CFS
SHA,H,76,INFLOW,20130815,1000,1205, ,CFS
SHA,H,76,INFLOW,20130815,1100,-2140, ,CFS
SHA,H,76,INFLOW,20130815,1200,3369, ,CFS
SHA,H,76,INFLOW,20130815,1300,2661, ,CFS
SHA,H,76,INFLOW,20130815,1400,7993, ,CFS
SHA,H,76,INFLOW,20130815,1500,5681, ,CFS
SHA,H,76,INFLOW,20130815,1600,5026, ,CFS
SHA,H,76,INFLOW,20130815,1700,8218, ,CFS
SHA,H,76,INFLOW,20130815,1800,1567, ,CFS
SHA,H,76,INFLOW,20130815,1900,12779, ,CFS
SHA,H,76,INFLOW,20130815,2000,3239, ,CFS
SHA,H,76,INFLOW,20130815,2100,5194, ,CFS
SHA,H,76,INFLOW,20130815,2200,9563, ,CFS
SHA,H,76,INFLOW,20130815,2300,952, ,CFS
SHA,H,76,INFLOW,20130816,0000,2296, ,CFS
SHA,H,76,INFLOW,20130816,0100,3893, ,CFS
SHA,H,76,INFLOW,20130816,0200,-748, ,CFS
SHA,H,76,INFLOW,20130816,0300,89, ,CFS
SHA,H,76,INFLOW,20130816,0400,2432, ,CFS
SHA,H,76,INFLOW,20130816,0500,-1811, ,CFS
SHA,H,76,INFLOW,20130816,0600,1377, ,CFS
SHA,H,76,INFLOW,20130816,0700,1137, ,CFS
SHA,H,76,INFLOW,20130816,0800,-8, ,CFS
SHA,H,76,INFLOW,20130816,0900,1324, ,CFS
SHA,H,76,INFLOW,20130816,1000,32, ,CFS
SHA,H,76,INFLOW,20130816,1100,-986, ,CFS
SHA,H,76,INFLOW,20130816,1200,2342, ,CFS
SHA,H,76,INFLOW,20130816,1300,1219, ,CFS
SHA,H,76,INFLOW,20130816,1400,6758, ,CFS
SHA,H,76,INFLOW,20130816,1500,6189, ,CFS
SHA,H,76,INFLOW,20130816,1600,6431, ,CFS
SHA,H,76,INFLOW,20130816,1700,6429, ,CFS
SHA,H,76,INFLOW,20130816,1800,4207, ,CFS
SHA,H,76,INFLOW,20130816,1900,6472, ,CFS
SHA,H,76,INFLOW,20130816,2000,6450, ,CFS
SHA,H,76,INFLOW,20130816,2100,4530, ,CFS
SHA,H,76,INFLOW,20130816,2200,5714, ,CFS
SHA,H,76,INFLOW,20130816,2300,1828, ,CFS
SHA,H,76,INFLOW,20130817,0000,3098, ,CFS
SHA,H,76,INFLOW,20130817,0100,3491, ,CFS
SHA,H,76,INFLOW,20130817,0200,-456, ,CFS
SHA,H,76,INFLOW,20130817,0300,3014, ,CFS
SHA,H,76,INFLOW,20130817,0400,-1005, ,CFS
SHA,H,76,INFLOW,20130817,0500,698, ,CFS
SHA,H,76,INFLOW,20130817,0600,763, ,CFS
SHA,H,76,INFLOW,20130817,0700,87, ,CFS
SHA,H,76,INFLOW,20130817,0800,116, ,CFS
SHA,H,76,INFLOW,20130817,0900,377, ,CFS
SHA,H,76,INFLOW,20130817,1000,1348, ,CFS
SHA,H,76,INFLOW,20130817,1100,-191, ,CFS
SHA,H,76,INFLOW,20130817,1200,-481, ,CFS
SHA,H,76,INFLOW,20130817,1300,5224, ,CFS
SHA,H,76,INFLOW,20130817,1400,-1353, ,CFS
SHA,H,76,INFLOW,20130817,1500,5117, ,CFS
SHA,H,76,INFLOW,20130817,1600,2372, ,CFS
SHA,H,76,INFLOW,20130817,1700,5003, ,CFS
SHA,H,76,INFLOW,20130817,1800,9332, ,CFS
SHA,H,76,INFLOW,20130817,1900,5205, ,CFS
SHA,H,76,INFLOW,20130817,2000,6757, ,CFS
SHA,H,76,INFLOW,20130817,2100,7243, ,CFS
SHA,H,76,INFLOW,20130817,2200,5870, ,CFS
SHA,H,76,INFLOW,20130817,2300,4917, ,CFS
SHA,H,76,INFLOW,20130818,0000,-803, ,CFS
SHA,H,76,INFLOW,20130818,0100,4664, ,CFS
SHA,H,76,INFLOW,20130818,0200,289, ,CFS
SHA,H,76,INFLOW,20130818,0300,518, ,CFS
SHA,H,76,INFLOW,20130818,0400,-1847, ,CFS
SHA,H,76,INFLOW,20130818,0500,625, ,CFS
SHA,H,76,INFLOW,20130818,0600,203, ,CFS
SHA,H,76,INFLOW,20130818,0700,4082, ,CFS
SHA,H,76,INFLOW,20130818,0800,337, ,CFS
SHA,H,76,INFLOW,20130818,0900,-2399, ,CFS
SHA,H,76,INFLOW,20130818,1000,2818, ,CFS
SHA,H,76,INFLOW,20130818,1100,-3911, ,CFS
SHA,H,76,INFLOW,20130818,1200,-136, ,CFS
SHA,H,76,INFLOW,20130818,1300,2409, ,CFS
SHA,H,76,INFLOW,20130818,1400,481, ,CFS
SHA,H,76,INFLOW,20130818,1500,8351, ,CFS
SHA,H,76,INFLOW,20130818,1600,3760, ,CFS
SHA,H,76,INFLOW,20130818,1700,5697, ,CFS
SHA,H,76,INFLOW,20130818,1800,10549, ,CFS
SHA,H,76,INFLOW,20130818,1900,6617, ,CFS
SHA,H,76,INFLOW,20130818,2000,8249, ,CFS
SHA,H,76,INFLOW,20130818,2100,8104, ,CFS
SHA,H,76,INFLOW,20130818,2200,3571, ,CFS
SHA,H,76,INFLOW,20130818,2300,4974, ,CFS
SHA,H,76,INFLOW,20130819,0000,4390, ,CFS
SHA,H,76,INFLOW,20130819,0100,3565, ,CFS
SHA,H,76,INFLOW,20130819,0200,1628, ,CFS
SHA,H,76,INFLOW,20130819,0300,383, ,CFS
SHA,H,76,INFLOW,20130819,0400,2460, ,CFS
SHA,H,76,INFLOW,20130819,0500,-2027, ,CFS
SHA,H,76,INFLOW,20130819,0600,3526, ,CFS
SHA,H,76,INFLOW,20130819,0700,-2439, ,CFS
SHA,H,76,INFLOW,20130819,0800,2400, ,CFS
SHA,H,76,INFLOW,20130819,0900,1770, ,CFS
SHA,H,76,INFLOW,20130819,1000,-3317, ,CFS
SHA,H,76,INFLOW,20130819,1100,1452, ,CFS
SHA,H,76,INFLOW,20130819,1200,1089, ,CFS
SHA,H,76,INFLOW,20130819,1300,-1673, ,CFS
SHA,H,76,INFLOW,20130819,1400,8558, ,CFS
SHA,H,76,INFLOW,20130819,1500,6693, ,CFS
SHA,H,76,INFLOW,20130819,1600,2608, ,CFS
SHA,H,76,INFLOW,20130819,1700,10771, ,CFS
SHA,H,76,INFLOW,20130819,1800,4992, ,CFS
SHA,H,76,INFLOW,20130819,1900,3101, ,CFS
SHA,H,76,INFLOW,20130819,2000,9428, ,CFS
SHA,H,76,INFLOW,20130819,2100,6520, ,CFS
SHA,H,76,INFLOW,20130819,2200,8265, ,CFS
SHA,H,76,INFLOW,20130819,2300,5817, ,CFS
SHA,H,76,INFLOW,20130820,0000,-2858, ,CFS
SHA,H,76,INFLOW,20130820,0100,5744, ,CFS
SHA,H,76,INFLOW,20130820,0200,-140, ,CFS
SHA,H,76,INFLOW,20130820,0300,-104, ,CFS
SHA,H,76,INFLOW,20130820,0400,2037, ,CFS
SHA,H,76,INFLOW,20130820,0500,-1862, ,CFS
SHA,H,76,INFLOW,20130820,0600,-275, ,CFS
SHA,H,76,INFLOW,20130820,0700,-1953, ,CFS
SHA,H,76,INFLOW,20130820,0800,2474, ,CFS
SHA,H,76,INFLOW,20130820,0900,-3156, ,CFS
SHA,H,76,INFLOW,20130820,1000,2443, ,CFS
SHA,H,76,INFLOW,20130820,1100,-2415, ,CFS
SHA,H,76,INFLOW,20130820,1200,4933, ,CFS
SHA,H,76,INFLOW,20130820,1300,-2872, ,CFS
SHA,H,76,INFLOW,20130820,1400,2774, ,CFS
SHA,H,76,INFLOW,20130820,1500,10095, ,CFS
SHA,H,76,INFLOW,20130820,1600,4358, ,CFS
SHA,H,76,INFLOW,20130820,1700,6908, ,CFS
SHA,H,76,INFLOW,20130820,1800,7170, ,CFS
SHA,H,76,INFLOW,20130820,1900,2660, ,CFS
SHA,H,76,INFLOW,20130820,2000,3902, ,CFS
SHA,H,76,INFLOW,20130820,2100,7535, ,CFS
SHA,H,76,INFLOW,20130820,2200,4206, ,CFS
SHA,H,76,INFLOW,20130820,2300,5355, ,CFS
SHA,H,76,INFLOW,20130821,0000,2317, ,CFS
SHA,H,76,INFLOW,20130821,0100,1426, ,CFS
SHA,H,76,INFLOW,20130821,0200,2451, ,CFS
SHA,H,76,INFLOW,20130821,0300,3658, ,CFS
SHA,H,76,INFLOW,20130821,0400,-2921, ,CFS
SHA,H,76,INFLOW,20130821,0500,1661, ,CFS
SHA,H,76,INFLOW,20130821,0600,2445, ,CFS
SHA,H,76,INFLOW,20130821,0700,17, ,CFS
SHA,H,76,INFLOW,20130821,0800,665, ,CFS
SHA,H,76,INFLOW,20130821,0900,341, ,CFS
SHA,H,76,INFLOW,20130821,1000,2438, ,CFS
SHA,H,76,INFLOW,20130821,1100,147, ,CFS
SHA,H,76,INFLOW,20130821,1200,3069, ,CFS
SHA,H,76,INFLOW,20130821,1300,2193, ,CFS
SHA,H,76,INFLOW,20130821,1400,5281, ,CFS
SHA,H,76,INFLOW,20130821,1500,7877, ,CFS
SHA,H,76,INFLOW,20130821,1600,5588, ,CFS
SHA,H,76,INFLOW,20130821,1700,7478, ,CFS
SHA,H,76,INFLOW,20130821,1800,4738, ,CFS
SHA,H,76,INFLOW,20130821,1900,6865, ,CFS
SHA,H,76,INFLOW,20130821,2000,4214, ,CFS
SHA,H,76,INFLOW,20130821,2100,8287, ,CFS
SHA,H,76,INFLOW,20130821,2200,2854, ,CFS
SHA,H,76,INFLOW,20130821,2300,7744, ,CFS
SHA,H,76,INFLOW,20130822,0000,-397, ,CFS
SHA,H,76,INFLOW,20130822,0100,1748, ,CFS
SHA,H,76,INFLOW,20130822,0200,-689, ,CFS
SHA,H,76,INFLOW,20130822,0300,3484, ,CFS
SHA,H,76,INFLOW,20130822,0400,1760, ,CFS
SHA,H,76,INFLOW,20130822,0500,-161, ,CFS
SHA,H,76,INFLOW,20130822,0600,2665, ,CFS
SHA,H,76,INFLOW,20130822,0700,1847, ,CFS
SHA,H,76,INFLOW,20130822,0800,-248, ,CFS
SHA,H,76,INFLOW,20130822,0900,-3887, ,CFS
SHA,H,76,INFLOW,20130822,1000,1484, ,CFS
SHA,H,76,INFLOW,20130822,1100,-3765, ,CFS
SHA,H,76,INFLOW,20130822,1200,3039, ,CFS
SHA,H,76,INFLOW,20130822,1300,2557, ,CFS
SHA,H,76,INFLOW,20130822,1400,-549, ,CFS
SHA,H,76,INFLOW,20130822,1500,10500, ,CFS
SHA,H,76,INFLOW,20130822,1600,2074, ,CFS
SHA,H,76,INFLOW,20130822,1700,5921, ,CFS
SHA,H,76,INFLOW,20130822,1800,8128, ,CFS
SHA,H,76,INFLOW,20130822,1900,6009, ,CFS
SHA,H,76,INFLOW,20130822,2000,6737, ,CFS
SHA,H,76,INFLOW,20130822,2100,5045, ,CFS
SHA,H,76,INFLOW,20130822,2200,7837, ,CFS
SHA,H,76,INFLOW,20130822,2300,504, ,CFS
SHA,H,76,INFLOW,20130823,0000,5595, ,CFS
SHA,H,76,INFLOW,20130823,0100,2288, ,CFS
SHA,H,76,INFLOW,20130823,0200,4729, ,CFS
SHA,H,76,INFLOW,20130823,0300,2576, ,CFS
SHA,H,76,INFLOW,20130823,0400,-1856, ,CFS
SHA,H,76,INFLOW,20130823,0500,2874, ,CFS
SHA,H,76,INFLOW,20130823,0600,-2431, ,CFS
SHA,H,76,INFLOW,20130823,0700,1960, ,CFS
SHA,H,76,INFLOW,20130823,0800,620, ,CFS
SHA,H,76,INFLOW,20130823,0900,-1598, ,CFS
SHA,H,76,INFLOW,20130823,1000,-1729, ,CFS
SHA,H,76,INFLOW,20130823,1100,1302, ,CFS
SHA,H,76,INFLOW,20130823,1200,-2134, ,CFS
SHA,H,76,INFLOW,20130823,1300,522, ,CFS
SHA,H,76,INFLOW,20130823,1400,1422, ,CFS
SHA,H,76,INFLOW,20130823,1500,1740, ,CFS
SHA,H,76,INFLOW,20130823,1600,8770, ,CFS
SHA,H,76,INFLOW,20130823,1700,4254, ,CFS
SHA,H,76,INFLOW,20130823,1800,5127, ,CFS
SHA,H,76,INFLOW,20130823,1900,5395, ,CFS
SHA,H,76,INFLOW,20130823,2000,3067, ,CFS
SHA,H,76,INFLOW,20130823,2100,7258, ,CFS
SHA,H,76,INFLOW,20130823,2200,6973, ,CFS
SHA,H,76,INFLOW,20130823,2300,323, ,CFS
SHA,H,76,INFLOW,20130824,0000,5595, ,CFS
SHA,H,76,INFLOW,20130824,0100,783, ,CFS
SHA,H,76,INFLOW,20130824,0200,758, ,CFS
SHA,H,76,INFLOW,20130824,0300,2247, ,CFS
SHA,H,76,INFLOW,20130824,0400,115, ,CFS
SHA,H,76,INFLOW,20130824,0500,443, ,CFS
SHA,H,76,INFLOW,20130824,0600,-1187, ,CFS
SHA,H,76,INFLOW,20130824,0700,3302, ,CFS
SHA,H,76,INFLOW,20130824,0800,-2278, ,CFS
SHA,H,76,INFLOW,20130824,0900,-902, ,CFS
SHA,H,76,INFLOW,20130824,1000,568, ,CFS
SHA,H,76,INFLOW,20130824,1100,1209, ,CFS
SHA,H,76,INFLOW,20130824,1200,-310, ,CFS
SHA,H,76,INFLOW,20130824,1300,6370, ,CFS
SHA,H,76,INFLOW,20130824,1400,4808, ,CFS
SHA,H,76,INFLOW,20130824,1500,7642, ,CFS
SHA,H,76,INFLOW,20130824,1600,6169, ,CFS
SHA,H,76,INFLOW,20130824,1700,4195, ,CFS
SHA,H,76,INFLOW,20130824,1800,7339, ,CFS
SHA,H,76,INFLOW,20130824,1900,3333, ,CFS
SHA,H,76,INFLOW,20130824,2000,7689, ,CFS
SHA,H,76,INFLOW,20130824,2100,5236, ,CFS
SHA,H,76,INFLOW,20130824,2200,6132, ,CFS
SHA,H,76,INFLOW,20130824,2300,3523, ,CFS
SHA,H,76,INFLOW,20130825,0000,7449, ,CFS
SHA,H,76,INFLOW,20130825,0100,505, ,CFS
SHA,H,76,INFLOW,20130825,0200,4603, ,CFS
SHA,H,76,INFLOW,20130825,0300,2909, ,CFS
SHA,H,76,INFLOW,20130825,0400,668, ,CFS
SHA,H,76,INFLOW,20130825,0500,2702, ,CFS
SHA,H,76,INFLOW,20130825,0600,2608, ,CFS
SHA,H,76,INFLOW,20130825,0700,-1156, ,CFS
SHA,H,76,INFLOW,20130825,0800,-1003, ,CFS
SHA,H,76,INFLOW,20130825,0900,1681, ,CFS
SHA,H,76,INFLOW,20130825,1000,-1973, ,CFS
SHA,H,76,INFLOW,20130825,1100,3129, ,CFS
SHA,H,76,INFLOW,20130825,1200,-1380, ,CFS
SHA,H,76,INFLOW,20130825,1300,6856, ,CFS
SHA,H,76,INFLOW,20130825,1400,4615, ,CFS
SHA,H,76,INFLOW,20130825,1500,6470, ,CFS
SHA,H,76,INFLOW,20130825,1600,8166, ,CFS
SHA,H,76,INFLOW,20130825,1700,5698, ,CFS
SHA,H,76,INFLOW,20130825,1800,6020, ,CFS
SHA,H,76,INFLOW,20130825,1900,8386, ,CFS
SHA,H,76,INFLOW,20130825,2000,6638, ,CFS
SHA,H,76,INFLOW,20130825,2100,2580, ,CFS
SHA,H,76,INFLOW,20130825,2200,7780, ,CFS
SHA,H,76,INFLOW,20130825,2300,5386, ,CFS
SHA,H,76,INFLOW,20130826,0000,7162, ,CFS
SHA,H,76,INFLOW,20130826,0100,3219, ,CFS
SHA,H,76,INFLOW,20130826,0200,6593, ,CFS
SHA,H,76,INFLOW,20130826,0300,2675, ,CFS
SHA,H,76,INFLOW,20130826,0400,7335, ,CFS
SHA,H,76,INFLOW,20130826,0500,7623, ,CFS
SHA,H,76,INFLOW,20130826,0600,5298, ,CFS
SHA,H,76,INFLOW,20130826,0700,5874, ,CFS
SHA,H,76,INFLOW,20130826,0800,6990, ,CFS
SHA,H,76,INFLOW,20130826,0900,6846, ,CFS
SHA,H,76,INFLOW,20130826,1000,2234, ,CFS
SHA,H,76,INFLOW,20130826,1100,1441, ,CFS
SHA,H,76,INFLOW,20130826,1200,4027, ,CFS
SHA,H,76,INFLOW,20130826,1300,2577, ,CFS
SHA,H,76,INFLOW,20130826,1400,2968, ,CFS
SHA,H,76,INFLOW,20130826,1500,786, ,CFS
SHA,H,76,INFLOW,20130826,1600,6853, ,CFS
SHA,H,76,INFLOW,20130826,1700,6818, ,CFS
SHA,H,76,INFLOW,20130826,1800,5104, ,CFS
SHA,H,76,INFLOW,20130826,1900,7998, ,CFS
SHA,H,76,INFLOW,20130826,2000,5445, ,CFS
SHA,H,76,INFLOW,20130826,2100,9316, ,CFS
SHA,H,76,INFLOW,20130826,2200,6656, ,CFS
SHA,H,76,INFLOW,20130826,2300,6577, ,CFS
SHA,H,76,INFLOW,20130827,0000,4468, ,CFS
SHA,H,76,INFLOW,20130827,0100,3970, ,CFS
SHA,H,76,INFLOW,20130827,0200,3306, ,CFS
SHA,H,76,INFLOW,20130827,0300,3618, ,CFS
SHA,H,76,INFLOW,20130827,0400,-565, ,CFS
SHA,H,76,INFLOW,20130827,0500,1854, ,CFS
SHA,H,76,INFLOW,20130827,0600,2157, ,CFS
SHA,H,76,INFLOW,20130827,0700,282, ,CFS
SHA,H,76,INFLOW,20130827,0800,1988, ,CFS
SHA,H,76,INFLOW,20130827,0900,-993, ,CFS
SHA,H,76,INFLOW,20130827,1000,-2716, ,CFS
SHA,H,76,INFLOW,20130827,1100,2340, ,CFS
SHA,H,76,INFLOW,20130827,1200,-396, ,CFS
SHA,H,76,INFLOW,20130827,1300,-520, ,CFS
SHA,H,76,INFLOW,20130827,1400,2068, ,CFS
SHA,H,76,INFLOW,20130827,1500,195, ,CFS
SHA,H,76,INFLOW,20130827,1600,179, ,CFS
SHA,H,76,INFLOW,20130827,1700,9186, ,CFS
SHA,H,76,INFLOW,20130827,1800,4547, ,CFS
SHA,H,76,INFLOW,20130827,1900,6826, ,CFS
SHA,H,76,INFLOW,20130827,2000,6776, ,CFS
SHA,H,76,INFLOW,20130827,2100,3997, ,CFS
SHA,H,76,INFLOW,20130827,2200,5047, ,CFS
SHA,H,76,INFLOW,20130827,2300,5825, ,CFS
SHA,H,76,INFLOW,20130828,0000,2378, ,CFS
SHA,H,76,INFLOW,20130828,0100,4088, ,CFS
SHA,H,76,INFLOW,20130828,0200,-1960, ,CFS
SHA,H,76,INFLOW,20130828,0300,2268, ,CFS
SHA,H,76,INFLOW,20130828,0400,2169, ,CFS
SHA,H,76,INFLOW,20130828,0500,67, ,CFS
SHA,H,76,INFLOW,20130828,0600,1410, ,CFS
SHA,H,76,INFLOW,20130828,0700,1230, ,CFS
SHA,H,76,INFLOW,20130828,0800,1348, ,CFS
SHA,H,76,INFLOW,20130828,0900,-637, ,CFS
SHA,H,76,INFLOW,20130828,1000,-2478, ,CFS
SHA,H,76,INFLOW,20130828,1100,1261, ,CFS
SHA,H,76,INFLOW,20130828,1200,-794, ,CFS
SHA,H,76,INFLOW,20130828,1300,2513, ,CFS
SHA,H,76,INFLOW,20130828,1400,5677, ,CFS
SHA,H,76,INFLOW,20130828,1500,5374, ,CFS
SHA,H,76,INFLOW,20130828,1600,1313, ,CFS
SHA,H,76,INFLOW,20130828,1700,5624, ,CFS
SHA,H,76,INFLOW,20130828,1800,5537, ,CFS
SHA,H,76,INFLOW,20130828,1900,6471, ,CFS
SHA,H,76,INFLOW,20130828,2000,6540, ,CFS
SHA,H,76,INFLOW,20130828,2100,4409, ,CFS
SHA,H,76,INFLOW,20130828,2200,4827, ,CFS
SHA,H,76,INFLOW,20130828,2300,3934, ,CFS
SHA,H,76,INFLOW,20130829,0000,1963, ,CFS
SHA,H,76,INFLOW,20130829,0100,4897, ,CFS
SHA,H,76,INFLOW,20130829,0200,-186, ,CFS
SHA,H,76,INFLOW,20130829,0300,-1714, ,CFS
SHA,H,76,INFLOW,20130829,0400,346, ,CFS
SHA,H,76,INFLOW,20130829,0500,196, ,CFS
SHA,H,76,INFLOW,20130829,0600,-1290, ,CFS
SHA,H,76,INFLOW,20130829,0700,2812, ,CFS
SHA,H,76,INFLOW,20130829,0800,-111, ,CFS
SHA,H,76,INFLOW,20130829,0900,2297, ,CFS
SHA,H,76,INFLOW,20130829,1000,-3640, ,CFS
SHA,H,76,INFLOW,20130829,1100,1621, ,CFS
SHA,H,76,INFLOW,20130829,1200,-623, ,CFS
SHA,H,76,INFLOW,20130829,1300,405, ,CFS
SHA,H,76,INFLOW,20130829,1400,5163, ,CFS
SHA,H,76,INFLOW,20130829,1500,-3321, ,CFS
SHA,H,76,INFLOW,20130829,1600,-781, ,CFS
SHA,H,76,INFLOW,20130829,1700,5869, ,CFS
SHA,H,76,INFLOW,20130829,1800,1547, ,CFS
SHA,H,76,INFLOW,20130829,1900,3644, ,CFS
SHA,H,76,INFLOW,20130829,2000,2034, ,CFS
SHA,H,76,INFLOW,20130829,2100,3747, ,CFS
SHA,H,76,INFLOW,20130829,2200,4552, ,CFS
SHA,H,76,INFLOW,20130829,2300,-721, ,CFS
SHA,H,76,INFLOW,20130830,0000,3230, ,CFS
SHA,H,76,INFLOW,20130830,0100,595, ,CFS
SHA,H,76,INFLOW,20130830,0200,2180, ,CFS
SHA,H,76,INFLOW,20130830,0300,-120, ,CFS
SHA,H,76,INFLOW,20130830,0400,2106, ,CFS
SHA,H,76,INFLOW,20130830,0500,2, ,CFS
SHA,H,76,INFLOW,20130830,0600,440, ,CFS
SHA,H,76,INFLOW,20130830,0700,319, ,CFS
SHA,H,76,INFLOW,20130830,0800,2913, ,CFS
SHA,H,76,INFLOW,20130830,0900,-560, ,CFS
SHA,H,76,INFLOW,20130830,1000,-695, ,CFS
SHA,H,76,INFLOW,20130830,1100,-2522, ,CFS
SHA,H,76,INFLOW,20130830,1200,348, ,CFS
SHA,H,76,INFLOW,20130830,1300,2048, ,CFS
SHA,H,76,INFLOW,20130830,1400,-1825, ,CFS
SHA,H,76,INFLOW,20130830,1500,8839, ,CFS
SHA,H,76,INFLOW,20130830,1600,401, ,CFS
SHA,H,76,INFLOW,20130830,1700,8634, ,CFS
SHA,H,76,INFLOW,20130830,1800,6331, ,CFS
SHA,H,76,INFLOW,20130830,1900,2338, ,CFS
SHA,H,76,INFLOW,20130830,2000,8314, ,CFS
SHA,H,76,INFLOW,20130830,2100,5086, ,CFS
SHA,H,76,INFLOW,20130830,2200,6304, ,CFS
SHA,H,76,INFLOW,20130830,2300,2719, ,CFS
SHA,H,76,INFLOW,20130831,0000,-1178, ,CFS
SHA,H,76,INFLOW,20130831,0100,4624, ,CFS
SHA,H,76,INFLOW,20130831,0200,-1424, ,CFS
SHA,H,76,INFLOW,20130831,0300,2121, ,CFS
SHA,H,76,INFLOW,20130831,0400,-409, ,CFS
SHA,H,76,INFLOW,20130831,0500,1769, ,CFS
SHA,H,76,INFLOW,20130831,0600,-284, ,CFS
SHA,H,76,INFLOW,20130831,0700,1710, ,CFS
SHA,H,76,INFLOW,20130831,0800,-1031, ,CFS
SHA,H,76,INFLOW,20130831,0900,544, ,CFS
SHA,H,76,INFLOW,20130831,1000,-1860, ,CFS
SHA,H,76,INFLOW,20130831,1100,-114, ,CFS
SHA,H,76,INFLOW,20130831,1200,1171, ,CFS
SHA,H,76,INFLOW,20130831,1300,-469, ,CFS
SHA,H,76,INFLOW,20130831,1400,-285, ,CFS
SHA,H,76,INFLOW,20130831,1500,2288, ,CFS
SHA,H,76,INFLOW,20130831,1600,-1054, ,CFS
SHA,H,76,INFLOW,20130831,1700,7651, ,CFS
SHA,H,76,INFLOW,20130831,1800,7691, ,CFS
SHA,H,76,INFLOW,20130831,1900,3392, ,CFS
SHA,H,76,INFLOW,20130831,2000,8138, ,CFS
SHA,H,76,INFLOW,20130831,2100,5864, ,CFS
SHA,H,76,INFLOW,20130831,2200,5866, ,CFS
SHA,H,76,INFLOW,20130831,2300,8046, ,CFS
SHA,H,76,INFLOW,20130901,0000,-1059, ,CFS
SHA,H,76,INFLOW,20130901,0100,4394, ,CFS
SHA,H,76,INFLOW,20130901,0200,-1006, ,CFS
SHA,H,76,INFLOW,20130901,0300,1310, ,CFS
SHA,H,76,INFLOW,20130901,0400,1157, ,CFS
SHA,H,76,INFLOW,20130901,0500,1048, ,CFS
SHA,H,76,INFLOW,20130901,0600,-511, ,CFS
SHA,H,76,INFLOW,20130901,0700,2028, ,CFS
SHA,H,76,INFLOW,20130901,0800,6, ,CFS
SHA,H,76,INFLOW,20130901,0900,-1590, ,CFS
SHA,H,76,INFLOW,20130901,1000,475, ,CFS
SHA,H,76,INFLOW,20130901,1100,551, ,CFS
SHA,H,76,INFLOW,20130901,1200,5, ,CFS
SHA,H,76,INFLOW,20130901,1300,585, ,CFS
SHA,H,76,INFLOW,20130901,1400,-386, ,CFS
SHA,H,76,INFLOW,20130901,1500,357, ,CFS
SHA,H,76,INFLOW,20130901,1600,-246, ,CFS
SHA,H,76,INFLOW,20130901,1700,-185, ,CFS
SHA,H,76,INFLOW,20130901,1800,8355, ,CFS
SHA,H,76,INFLOW,20130901,1900,5901, ,CFS
SHA,H,76,INFLOW,20130901,2000,3600, ,CFS
SHA,H,76,INFLOW,20130901,2100,7313, ,CFS
SHA,H,76,INFLOW,20130901,2200,6701, ,CFS
SHA,H,76,INFLOW,20130901,2300,4626, ,CFS
SHA,H,76,INFLOW,20130902,0000,4396, ,CFS
SHA,H,76,INFLOW,20130902,0100,-74, ,CFS
SHA,H,76,INFLOW,20130902,0200,1716, ,CFS
SHA,H,76,INFLOW,20130902,0300,1278, ,CFS
SHA,H,76,INFLOW,20130902,0400,1211, ,CFS
SHA,H,76,INFLOW,20130902,0500,-735, ,CFS
SHA,H,76,INFLOW,20130902,0600,1617, ,CFS
SHA,H,76,INFLOW,20130902,0700,-499, ,CFS
SHA,H,76,INFLOW,20130902,0800,1450, ,CFS
SHA,H,76,INFLOW,20130902,0900,-3536, ,CFS
SHA,H,76,INFLOW,20130902,1000,3703, ,CFS
SHA,H,76,INFLOW,20130902,1100,-1337, ,CFS
SHA,H,76,INFLOW,20130902,1200,795, ,CFS
SHA,H,76,INFLOW,20130902,1300,695, ,CFS
SHA,H,76,INFLOW,20130902,1400,-1031, ,CFS
SHA,H,76,INFLOW,20130902,1500,11061, ,CFS
SHA,H,76,INFLOW,20130902,1600,3028, ,CFS
SHA,H,76,INFLOW,20130902,1700,7440, ,CFS
SHA,H,76,INFLOW,20130902,1800,7522, ,CFS
SHA,H,76,INFLOW,20130902,1900,3230, ,CFS
SHA,H,76,INFLOW,20130902,2000,5401, ,CFS
SHA,H,76,INFLOW,20130902,2100,9652, ,CFS
SHA,H,76,INFLOW,20130902,2200,3374, ,CFS
SHA,H,76,INFLOW,20130902,2300,6887, ,CFS
SHA,H,76,INFLOW,20130903,0000,3982, ,CFS
SHA,H,76,INFLOW,20130903,0100,-297, ,CFS
SHA,H,76,INFLOW,20130903,0200,2712, ,CFS
SHA,H,76,INFLOW,20130903,0300,-1102, ,CFS
SHA,H,76,INFLOW,20130903,0400,1172, ,CFS
SHA,H,76,INFLOW,20130903,0500,1100, ,CFS
SHA,H,76,INFLOW,20130903,0600,1253, ,CFS
SHA,H,76,INFLOW,20130903,0700,306, ,CFS
SHA,H,76,INFLOW,20130903,0800,614, ,CFS
SHA,H,76,INFLOW,20130903,0900,-1820, ,CFS
SHA,H,76,INFLOW,20130903,1000,911, ,CFS
SHA,H,76,INFLOW,20130903,1100,1824, ,CFS
SHA,H,76,INFLOW,20130903,1200,199, ,CFS
SHA,H,76,INFLOW,20130903,1300,6218, ,CFS
SHA,H,76,INFLOW,20130903,1400,3962, ,CFS
SHA,H,76,INFLOW,20130903,1500,7445, ,CFS
SHA,H,76,INFLOW,20130903,1600,3125, ,CFS
SHA,H,76,INFLOW,20130903,1700,7066, ,CFS
SHA,H,76,INFLOW,20130903,1800,5245, ,CFS
SHA,H,76,INFLOW,20130903,1900,7663, ,CFS
SHA,H,76,INFLOW,20130903,2000,7013, ,CFS
SHA,H,76,INFLOW,20130903,2100,4271, ,CFS
SHA,H,76,INFLOW,20130903,2200,7635, ,CFS
SHA,H,76,INFLOW,20130903,2300,6630, ,CFS
SHA,H,76,INFLOW,20130904,0000,762, ,CFS
SHA,H,76,INFLOW,20130904,0100,3178, ,CFS
SHA,H,76,INFLOW,20130904,0200,2331, ,CFS
SHA,H,76,INFLOW,20130904,0300,-1968, ,CFS
SHA,H,76,INFLOW,20130904,0400,2307, ,CFS
SHA,H,76,INFLOW,20130904,0500,170, ,CFS
SHA,H,76,INFLOW,20130904,0600,-1221, ,CFS
SHA,H,76,INFLOW,20130904,0700,2265, ,CFS
SHA,H,76,INFLOW,20130904,0800,-1305, ,CFS
SHA,H,76,INFLOW,20130904,0900,456, ,CFS
SHA,H,76,INFLOW,20130904,1000,-183, ,CFS
SHA,H,76,INFLOW,20130904,1100,1584, ,CFS
SHA,H,76,INFLOW,20130904,1200,-22526, ,CFS
SHA,H,76,INFLOW,20130904,1300,428, ,CFS
SHA,H,76,INFLOW,20130904,1400,971, ,CFS
SHA,H,76,INFLOW,20130904,1500,9548, ,CFS
SHA,H,76,INFLOW,20130904,1600,2178, ,CFS
SHA,H,76,INFLOW,20130904,1700,5606, ,CFS
SHA,H,76,INFLOW,20130904,1800,7819, ,CFS
SHA,H,76,INFLOW,20130904,1900,5529, ,CFS
SHA,H,76,INFLOW,20130904,2000,5822, ,CFS
SHA,H,76,INFLOW,20130904,2100,6430, ,CFS
SHA,H,76,INFLOW,20130904,2200,10412, ,CFS
SHA,H,76,INFLOW,20130904,2300,-3430, ,CFS
SHA,H,76,INFLOW,20130905,0000,6679, ,CFS
SHA,H,76,INFLOW,20130905,0100,-1906, ,CFS
SHA,H,76,INFLOW,20130905,0200,120, ,CFS
SHA,H,76,INFLOW,20130905,0300,4368, ,CFS
SHA,H,76,INFLOW,20130905,0400,-2003, ,CFS
SHA,H,76,INFLOW,20130905,0500,125, ,CFS
SHA,H,76,INFLOW,20130905,0600,-1607, ,CFS
SHA,H,76,INFLOW,20130905,0700,2498, ,CFS
SHA,H,76,INFLOW,20130905,0800,-1033, ,CFS
SHA,H,76,INFLOW,20130905,0900,1893, ,CFS
SHA,H,76,INFLOW,20130905,1000,-3955, ,CFS
SHA,H,76,INFLOW,20130905,1100,3527, ,CFS
SHA,H,76,INFLOW,20130905,1200,-892, ,CFS
SHA,H,76,INFLOW,20130905,1300,-724, ,CFS
SHA,H,76,INFLOW,20130905,1400,1227, ,CFS
SHA,H,76,INFLOW,20130905,1500,9628, ,CFS
SHA,H,76,INFLOW,20130905,1600,2080, ,CFS
SHA,H,76,INFLOW,20130905,1700,5080, ,CFS
SHA,H,76,INFLOW,20130905,1800,3843, ,CFS
SHA,H,76,INFLOW,20130905,1900,5825, ,CFS
SHA,H,76,INFLOW,20130905,2000,7798, ,CFS
SHA,H,76,INFLOW,20130905,2100,7649, ,CFS
SHA,H,76,INFLOW,20130905,2200,7288, ,CFS
SHA,H,76,INFLOW,20130905,2300,5132, ,CFS
SHA,H,76,INFLOW,20130906,0000,3866, ,CFS
SHA,H,76,INFLOW,20130906,0100,2440, ,CFS
SHA,H,76,INFLOW,20130906,0200,-1912, ,CFS
SHA,H,76,INFLOW,20130906,0300,2352, ,CFS
SHA,H,76,INFLOW,20130906,0400,2362, ,CFS
SHA,H,76,INFLOW,20130906,0500,-1795, ,CFS
SHA,H,76,INFLOW,20130906,0600,635, ,CFS
SHA,H,76,INFLOW,20130906,0700,1508, ,CFS
SHA,H,76,INFLOW,20130906,0800,-1926, ,CFS
SHA,H,76,INFLOW,20130906,0900,-1524, ,CFS
SHA,H,76,INFLOW,20130906,1000,3216, ,CFS
SHA,H,76,INFLOW,20130906,1100,-1502, ,CFS
SHA,H,76,INFLOW,20130906,1200,988, ,CFS
SHA,H,76,INFLOW,20130906,1300,-1526, ,CFS
SHA,H,76,INFLOW,20130906,1400,744, ,CFS
SHA,H,76,INFLOW,20130906,1500,-42, ,CFS
SHA,H,76,INFLOW,20130906,1600,-1804, ,CFS
SHA,H,76,INFLOW,20130906,1700,11855, ,CFS
SHA,H,76,INFLOW,20130906,1800,3016, ,CFS
SHA,H,76,INFLOW,20130906,1900,5160, ,CFS
SHA,H,76,INFLOW,20130906,2000,11044, ,CFS
SHA,H,76,INFLOW,20130906,2100,5308, ,CFS
SHA,H,76,INFLOW,20130906,2200,6468, ,CFS
SHA,H,76,INFLOW,20130906,2300,7244, ,CFS
SHA,H,76,INFLOW,20130907,0000,338, ,CFS
SHA,H,76,INFLOW,20130907,0100,4379, ,CFS
SHA,H,76,INFLOW,20130907,0200,154, ,CFS
SHA,H,76,INFLOW,20130907,0300,-1958, ,CFS
SHA,H,76,INFLOW,20130907,0400,4379, ,CFS
SHA,H,76,INFLOW,20130907,0500,-1958, ,CFS
SHA,H,76,INFLOW,20130907,0600,-1695, ,CFS
SHA,H,76,INFLOW,20130907,0700,3040, ,CFS
SHA,H,76,INFLOW,20130907,0800,2251, ,CFS
SHA,H,76,INFLOW,20130907,0900,-1993, ,CFS
SHA,H,76,INFLOW,20130907,1000,-259, ,CFS
SHA,H,76,INFLOW,20130907,1100,-1185, ,CFS
SHA,H,76,INFLOW,20130907,1200,-1406, ,CFS
SHA,H,76,INFLOW,20130907,1300,974, ,CFS
SHA,H,76,INFLOW,20130907,1400,504, ,CFS
SHA,H,76,INFLOW,20130907,1500,1306, ,CFS
SHA,H,76,INFLOW,20130907,1600,-616, ,CFS
SHA,H,76,INFLOW,20130907,1700,6109, ,CFS
SHA,H,76,INFLOW,20130907,1800,4440, ,CFS
SHA,H,76,INFLOW,20130907,1900,4434, ,CFS
SHA,H,76,INFLOW,20130907,2000,6376, ,CFS
SHA,H,76,INFLOW,20130907,2100,5550, ,CFS
SHA,H,76,INFLOW,20130907,2200,7872, ,CFS
SHA,H,76,INFLOW,20130907,2300,5785, ,CFS
SHA,H,76,INFLOW,20130908,0000,1504, ,CFS
SHA,H,76,INFLOW,20130908,0100,4522, ,CFS
SHA,H,76,INFLOW,20130908,0200,2269, ,CFS
SHA,H,76,INFLOW,20130908,0300,415, ,CFS
SHA,H,76,INFLOW,20130908,0400,550, ,CFS
SHA,H,76,INFLOW,20130908,0500,420, ,CFS
SHA,H,76,INFLOW,20130908,0600,-1381, ,CFS
SHA,H,76,INFLOW,20130908,0700,4321, ,CFS
SHA,H,76,INFLOW,20130908,0800,-3290, ,CFS
SHA,H,76,INFLOW,20130908,0900,3253, ,CFS
SHA,H,76,INFLOW,20130908,1000,-3155, ,CFS
SHA,H,76,INFLOW,20130908,1100,-868, ,CFS
SHA,H,76,INFLOW,20130908,1200,343, ,CFS
SHA,H,76,INFLOW,20130908,1300,-740, ,CFS
SHA,H,76,INFLOW,20130908,1400,1936, ,CFS
SHA,H,76,INFLOW,20130908,1500,-3486, ,CFS
SHA,H,76,INFLOW,20130908,1600,4118, ,CFS
SHA,H,76,INFLOW,20130908,1700,-2706, ,CFS
SHA,H,76,INFLOW,20130908,1800,8266, ,CFS
SHA,H,76,INFLOW,20130908,1900,5037, ,CFS
SHA,H,76,INFLOW,20130908,2000,1515, ,CFS
SHA,H,76,INFLOW,20130908,2100,14310, ,CFS
SHA,H,76,INFLOW,20130908,2200,37, ,CFS
SHA,H,76,INFLOW,20130908,2300,6666, ,CFS
SHA,H,76,INFLOW,20130909,0000,6694, ,CFS
SHA,H,76,INFLOW,20130909,0100,470, ,CFS
SHA,H,76,INFLOW,20130909,0200,4602, ,CFS
SHA,H,76,INFLOW,20130909,0300,2291, ,CFS
SHA,H,76,INFLOW,20130909,0400,197, ,CFS
SHA,H,76,INFLOW,20130909,0500,2304, ,CFS
SHA,H,76,INFLOW,20130909,0600,-3544, ,CFS
SHA,H,76,INFLOW,20130909,0700,3573, ,CFS
SHA,H,76,INFLOW,20130909,0800,343, ,CFS
SHA,H,76,INFLOW,20130909,0900,-1391, ,CFS
SHA,H,76,INFLOW,20130909,1000,361, ,CFS
SHA,H,76,INFLOW,20130909,1100,-2651, ,CFS
SHA,H,76,INFLOW,20130909,1200,851, ,CFS
SHA,H,76,INFLOW,20130909,1300,958, ,CFS
SHA,H,76,INFLOW,20130909,1400,-4686, ,CFS
SHA,H,76,INFLOW,20130909,1500,2198, ,CFS
SHA,H,76,INFLOW,20130909,1600,10388, ,CFS
SHA,H,76,INFLOW,20130909,1700,4247, ,CFS
SHA,H,76,INFLOW,20130909,1800,6266, ,CFS
SHA,H,76,INFLOW,20130909,1900,10813, ,CFS
SHA,H,76,INFLOW,20130909,2000,1766, ,CFS
SHA,H,76,INFLOW,20130909,2100,5585, ,CFS
SHA,H,76,INFLOW,20130909,2200,8123, ,CFS
SHA,H,76,INFLOW,20130909,2300,4295, ,CFS
SHA,H,76,INFLOW,20130910,0000,4162, ,CFS
SHA,H,76,INFLOW,20130910,0100,3522, ,CFS
SHA,H,76,INFLOW,20130910,0200,-567, ,CFS
SHA,H,76,INFLOW,20130910,0300,3666, ,CFS
SHA,H,76,INFLOW,20130910,0400,1559, ,CFS
SHA,H,76,INFLOW,20130910,0500,-2684, ,CFS
SHA,H,76,INFLOW,20130910,0600,1624, ,CFS
SHA,H,76,INFLOW,20130910,0700,1198, ,CFS
SHA,H,76,INFLOW,20130910,0800,-967, ,CFS
SHA,H,76,INFLOW,20130910,0900,1244, ,CFS
SHA,H,76,INFLOW,20130910,1000,-1977, ,CFS
SHA,H,76,INFLOW,20130910,1100,4309, ,CFS
SHA,H,76,INFLOW,20130910,1200,4487, ,CFS
SHA,H,76,INFLOW,20130910,1300,6246, ,CFS
SHA,H,76,INFLOW,20130910,1400,3450, ,CFS
SHA,H,76,INFLOW,20130910,1500,5574, ,CFS
SHA,H,76,INFLOW,20130910,1600,8048, ,CFS
SHA,H,76,INFLOW,20130910,1700,6207, ,CFS
SHA,H,76,INFLOW,20130910,1800,5513, ,CFS
SHA,H,76,INFLOW,20130910,1900,6466, ,CFS
SHA,H,76,INFLOW,20130910,2000,6257, ,CFS
SHA,H,76,INFLOW,20130910,2100,6480, ,CFS
SHA,H,76,INFLOW,20130910,2200,3886, ,CFS
SHA,H,76,INFLOW,20130910,2300,5287, ,CFS
SHA,H,76,INFLOW,20130911,0000,3072, ,CFS
SHA,H,76,INFLOW,20130911,0100,4068, ,CFS
SHA,H,76,INFLOW,20130911,0200,3360, ,CFS
SHA,H,76,INFLOW,20130911,0300,1529, ,CFS
SHA,H,76,INFLOW,20130911,0400,1387, ,CFS
SHA,H,76,INFLOW,20130911,0500,-503, ,CFS
SHA,H,76,INFLOW,20130911,0600,1756, ,CFS
SHA,H,76,INFLOW,20130911,0700,303, ,CFS
SHA,H,76,INFLOW,20130911,0800,193, ,CFS
SHA,H,76,INFLOW,20130911,0900,193, ,CFS
SHA,H,76,INFLOW,20130911,1000,193, ,CFS
SHA,H,76,INFLOW,20130911,1100,193, ,CFS
SHA,H,76,INFLOW,20130911,1200,6489, ,CFS
SHA,H,76,INFLOW,20130911,1300,-1174, ,CFS
SHA,H,76,INFLOW,20130911,1400,9432, ,CFS
SHA,H,76,INFLOW,20130911,1500,3962, ,CFS
SHA,H,76,INFLOW,20130911,1600,5287, ,CFS
SHA,H,76,INFLOW,20130911,1700,5317, ,CFS
SHA,H,76,INFLOW,20130911,1800,3759, ,CFS
SHA,H,76,INFLOW,20130911,1900,3450, ,CFS
SHA,H,76,INFLOW,20130911,2000,6474, ,CFS
SHA,H,76,INFLOW,20130911,2100,3736, ,CFS
SHA,H,76,INFLOW,20130911,2200,2598, ,CFS
SHA,H,76,INFLOW,20130911,2300,6899, ,CFS
SHA,H,76,INFLOW,20130912,0000,-844, ,CFS
SHA,H,76,INFLOW,20130912,0100,2217, ,CFS
SHA,H,76,INFLOW,20130912,0200,1601, ,CFS
SHA,H,76,INFLOW,20130912,0300,7, ,CFS
SHA,H,76,INFLOW,20130912,0400,1828, ,CFS
SHA,H,76,INFLOW,20130912,0500,-47, ,CFS
SHA,H,76,INFLOW,20130912,0600,333, ,CFS
SHA,H,76,INFLOW,20130912,0700,341, ,CFS
SHA,H,76,INFLOW,20130912,0800,2216, ,CFS
SHA,H,76,INFLOW,20130912,0900,117, ,CFS
SHA,H,76,INFLOW,20130912,1000,117, ,CFS
SHA,H,76,INFLOW,20130912,1100,117, ,CFS
SHA,H,76,INFLOW,20130912,1200,117, ,CFS
SHA,H,76,INFLOW,20130912,1300,4933, ,CFS
SHA,H,76,INFLOW,20130912,1400,7049, ,CFS
SHA,H,76,INFLOW,20130912,1500,-418, ,CFS
SHA,H,76,INFLOW,20130912,1600,12179, ,CFS
SHA,H,76,INFLOW,20130912,1700,1771, ,CFS
SHA,H,76,INFLOW,20130912,1800,6127, ,CFS
SHA,H,76,INFLOW,20130912,1900,3914, ,CFS
SHA,H,76,INFLOW,20130912,2000,1739, ,CFS
SHA,H,76,INFLOW,20130912,2100,9541, ,CFS
SHA,H,76,INFLOW,20130912,2200,4586, ,CFS
SHA,H,76,INFLOW,20130912,2300,3445, ,CFS
SHA,H,76,INFLOW,20130913,0000,3429, ,CFS
SHA,H,76,INFLOW,20130913,0100,629, ,CFS
SHA,H,76,INFLOW,20130913,0200,557, ,CFS
SHA,H,76,INFLOW,20130913,0300,587, ,CFS
SHA,H,76,INFLOW,20130913,0400,4910, ,CFS
SHA,H,76,INFLOW,20130913,0500,-857, ,CFS
SHA,H,76,INFLOW,20130913,0600,585, ,CFS
SHA,H,76,INFLOW,20130913,0700,1551, ,CFS
SHA,H,76,INFLOW,20130913,0800,306, ,CFS
SHA,H,76,INFLOW,20130913,0900,2514, ,CFS
SHA,H,76,INFLOW,20130913,1000,-5116, ,CFS
SHA,H,76,INFLOW,20130913,1100,197, ,CFS
SHA,H,76,INFLOW,20130913,1200,557, ,CFS
SHA,H,76,INFLOW,20130913,1300,8036, ,CFS
SHA,H,76,INFLOW,20130913,1400,4202, ,CFS
SHA,H,76,INFLOW,20130913,1500,6916, ,CFS
SHA,H,76,INFLOW,20130913,1600,6570, ,CFS
SHA,H,76,INFLOW,20130913,1700,4860, ,CFS
SHA,H,76,INFLOW,20130913,1800,6781, ,CFS
SHA,H,76,INFLOW,20130913,1900,6872, ,CFS
SHA,H,76,INFLOW,20130913,2000,3503, ,CFS
SHA,H,76,INFLOW,20130913,2100,6634, ,CFS
SHA,H,76,INFLOW,20130913,2200,6948, ,CFS
SHA,H,76,INFLOW,20130913,2300,5646, ,CFS
SHA,H,76,INFLOW,20130914,0000,1919, ,CFS
SHA,H,76,INFLOW,20130914,0100,3890, ,CFS
SHA,H,76,INFLOW,20130914,0200,-1226, ,CFS
SHA,H,76,INFLOW,20130914,0300,2887, ,CFS
SHA,H,76,INFLOW,20130914,0400,2360, ,CFS
SHA,H,76,INFLOW,20130914,0500,-1389, ,CFS
SHA,H,76,INFLOW,20130914,0600,1227, ,CFS
SHA,H,76,INFLOW,20130914,0700,2417, ,CFS
SHA,H,76,INFLOW,20130914,0800,-5010, ,CFS
SHA,H,76,INFLOW,20130914,0900,3704, ,CFS
SHA,H,76,INFLOW,20130914,1000,760, ,CFS
SHA,H,76,INFLOW,20130914,1100,-2585, ,CFS
SHA,H,76,INFLOW,20130914,1200,1031, ,CFS
SHA,H,76,INFLOW,20130914,1300,1516, ,CFS
SHA,H,76,INFLOW,20130914,1400,1541, ,CFS
SHA,H,76,INFLOW,20130914,1500,5917, ,CFS
SHA,H,76,INFLOW,20130914,1600,3359, ,CFS
SHA,H,76,INFLOW,20130914,1700,3244, ,CFS
SHA,H,76,INFLOW,20130914,1800,10059, ,CFS
SHA,H,76,INFLOW,20130914,1900,5246, ,CFS
SHA,H,76,INFLOW,20130914,2000,5178, ,CFS
SHA,H,76,INFLOW,20130914,2100,9100, ,CFS
SHA,H,76,INFLOW,20130914,2200,4700, ,CFS
SHA,H,76,INFLOW,20130914,2300,6127, ,CFS
SHA,H,76,INFLOW,20130915,0000,6105, ,CFS
SHA,H,76,INFLOW,20130915,0100,-2208, ,CFS
SHA,H,76,INFLOW,20130915,0200,1525, ,CFS
SHA,H,76,INFLOW,20130915,0300,1398, ,CFS
SHA,H,76,INFLOW,20130915,0400,-1039, ,CFS
SHA,H,76,INFLOW,20130915,0500,1037, ,CFS
SHA,H,76,INFLOW,20130915,0600,-696, ,CFS
SHA,H,76,INFLOW,20130915,0700,2038, ,CFS
SHA,H,76,INFLOW,20130915,0800,-431, ,CFS
SHA,H,76,INFLOW,20130915,0900,35, ,CFS
SHA,H,76,INFLOW,20130915,1000,582, ,CFS
SHA,H,76,INFLOW,20130915,1100,1594, ,CFS
SHA,H,76,INFLOW,20130915,1200,3083, ,CFS
SHA,H,76,INFLOW,20130915,1300,1628, ,CFS
SHA,H,76,INFLOW,20130915,1400,8878, ,CFS
SHA,H,76,INFLOW,20130915,1500,3689, ,CFS
SHA,H,76,INFLOW,20130915,1600,6318, ,CFS
SHA,H,76,INFLOW,20130915,1700,6801, ,CFS
SHA,H,76,INFLOW,20130915,1800,6417, ,CFS
SHA,H,76,INFLOW,20130915,1900,3066, ,CFS
SHA,H,76,INFLOW,20130915,2000,7048, ,CFS
SHA,H,76,INFLOW,20130915,2100,7201, ,CFS
SHA,H,76,INFLOW,20130915,2200,5724, ,CFS
SHA,H,76,INFLOW,20130915,2300,7526, ,CFS
SHA,H,76,INFLOW,20130916,0000,6033, ,CFS
SHA,H,76,INFLOW,20130916,0100,2094, ,CFS
SHA,H,76,INFLOW,20130916,0200,4049, ,CFS
SHA,H,76,INFLOW,20130916,0300,-161, ,CFS
SHA,H,76,INFLOW,20130916,0400,-388, ,CFS
SHA,H,76,INFLOW,20130916,0500,2125, ,CFS
SHA,H,76,INFLOW,20130916,0600,-1764, ,CFS
SHA,H,76,INFLOW,20130916,0700,1290, ,CFS
SHA,H,76,INFLOW,20130916,0800,58, ,CFS
SHA,H,76,INFLOW,20130916,0900,2326, ,CFS
SHA,H,76,INFLOW,20130916,1000,-540, ,CFS
SHA,H,76,INFLOW,20130916,1100,-910, ,CFS
SHA,H,76,INFLOW,20130916,1200,501, ,CFS
SHA,H,76,INFLOW,20130916,1300,2751, ,CFS
SHA,H,76,INFLOW,20130916,1400,1246, ,CFS
SHA,H,76,INFLOW,20130916,1500,3898, ,CFS
SHA,H,76,INFLOW,20130916,1600,4694, ,CFS
SHA,H,76,INFLOW,20130916,1700,1380, ,CFS
SHA,H,76,INFLOW,20130916,1800,3372, ,CFS
SHA,H,76,INFLOW,20130916,1900,-217, ,CFS
SHA,H,76,INFLOW,20130916,2000,4905, ,CFS
SHA,H,76,INFLOW,20130916,2100,6787, ,CFS
SHA,H,76,INFLOW,20130916,2200,2240, ,CFS
SHA,H,76,INFLOW,20130916,2300,4495, ,CFS
SHA,H,76,INFLOW,20130917,0000,3591, ,CFS
SHA,H,76,INFLOW,20130917,0100,2290, ,CFS
SHA,H,76,INFLOW,20130917,0200,-185, ,CFS
SHA,H,76,INFLOW,20130917,0300,1613, ,CFS
SHA,H,76,INFLOW,20130917,0400,-409, ,CFS
SHA,H,76,INFLOW,20130917,0500,-239, ,CFS
SHA,H,76,INFLOW,20130917,0600,59, ,CFS
SHA,H,76,INFLOW,20130917,0700,2412, ,CFS
SHA,H,76,INFLOW,20130917,0800,-419, ,CFS
SHA,H,76,INFLOW,20130917,0900,2228, ,CFS
SHA,H,76,INFLOW,20130917,1000,998, ,CFS
SHA,H,76,INFLOW,20130917,1100,1376, ,CFS
SHA,H,76,INFLOW,20130917,1200,-230, ,CFS
SHA,H,76,INFLOW,20130917,1300,2058, ,CFS
SHA,H,76,INFLOW,20130917,1400,2616, ,CFS
SHA,H,76,INFLOW,20130917,1500,9188, ,CFS
SHA,H,76,INFLOW,20130917,1600,6904, ,CFS
SHA,H,76,INFLOW,20130917,1700,1613, ,CFS
SHA,H,76,INFLOW,20130917,1800,5460, ,CFS
SHA,H,76,INFLOW,20130917,1900,2636, ,CFS
SHA,H,76,INFLOW,20130917,2000,6439, ,CFS
SHA,H,76,INFLOW,20130917,2100,4651, ,CFS
SHA,H,76,INFLOW,20130917,2200,6264, ,CFS
SHA,H,76,INFLOW,20130917,2300,1940, ,CFS
SHA,H,76,INFLOW,20130918,0000,3609, ,CFS
SHA,H,76,INFLOW,20130918,0100,-119, ,CFS
SHA,H,76,INFLOW,20130918,0200,3412, ,CFS
SHA,H,76,INFLOW,20130918,0300,-768, ,CFS
SHA,H,76,INFLOW,20130918,0400,-612, ,CFS
SHA,H,76,INFLOW,20130918,0500,3948, ,CFS
SHA,H,76,INFLOW,20130918,0600,-78, ,CFS
SHA,H,76,INFLOW,20130918,0700,556, ,CFS
SHA,H,76,INFLOW,20130918,0800,950, ,CFS
SHA,H,76,INFLOW,20130918,0900,-1319, ,CFS
SHA,H,76,INFLOW,20130918,1000,-510, ,CFS
SHA,H,76,INFLOW,20130918,1100,934, ,CFS
SHA,H,76,INFLOW,20130918,1200,-2208, ,CFS
SHA,H,76,INFLOW,20130918,1300,-1015, ,CFS
SHA,H,76,INFLOW,20130918,1400,9682, ,CFS
SHA,H,76,INFLOW,20130918,1500,2239, ,CFS
SHA,H,76,INFLOW,20130918,1600,6218, ,CFS
SHA,H,76,INFLOW,20130918,1700,6331, ,CFS
SHA,H,76,INFLOW,20130918,1800,5424, ,CFS
SHA,H,76,INFLOW,20130918,1900,7182, ,CFS
SHA,H,76,INFLOW,20130918,2000,6129, ,CFS
SHA,H,76,INFLOW,20130918,2100,5858, ,CFS
SHA,H,76,INFLOW,20130918,2200,7922, ,CFS
SHA,H,76,INFLOW,20130918,2300,4765, ,CFS
SHA,H,76,INFLOW,20130919,0000,2594, ,CFS
SHA,H,76,INFLOW,20130919,0100,4155, ,CFS
SHA,H,76,INFLOW,20130919,0200,-814, ,CFS
SHA,H,76,INFLOW,20130919,0300,1008, ,CFS
SHA,H,76,INFLOW,20130919,0400,118, ,CFS
SHA,H,76,INFLOW,20130919,0500,134, ,CFS
SHA,H,76,INFLOW,20130919,0600,-953, ,CFS
SHA,H,76,INFLOW,20130919,0700,1862, ,CFS
SHA,H,76,INFLOW,20130919,0800,132, ,CFS
SHA,H,76,INFLOW,20130919,0900,-1478, ,CFS
SHA,H,76,INFLOW,20130919,1000,905, ,CFS
SHA,H,76,INFLOW,20130919,1100,-944, ,CFS
SHA,H,76,INFLOW,20130919,1200,-3219, ,CFS
SHA,H,76,INFLOW,20130919,1300,10929, ,CFS
SHA,H,76,INFLOW,20130919,1400,2543, ,CFS
SHA,H,76,INFLOW,20130919,1500,4466, ,CFS
SHA,H,76,INFLOW,20130919,1600,10782, ,CFS
SHA,H,76,INFLOW,20130919,1700,4541, ,CFS
SHA,H,76,INFLOW,20130919,1800,1843, ,CFS
SHA,H,76,INFLOW,20130919,1900,8240, ,CFS
SHA,H,76,INFLOW,20130919,2000,3922, ,CFS
SHA,H,76,INFLOW,20130919,2100,9012, ,CFS
SHA,H,76,INFLOW,20130919,2200,8622, ,CFS
SHA,H,76,INFLOW,20130919,2300,-606, ,CFS
SHA,H,76,INFLOW,20130920,0000,5361, ,CFS
SHA,H,76,INFLOW,20130920,0100,1246, ,CFS
SHA,H,76,INFLOW,20130920,0200,1159, ,CFS
SHA,H,76,INFLOW,20130920,0300,3342, ,CFS
SHA,H,76,INFLOW,20130920,0400,-817, ,CFS
SHA,H,76,INFLOW,20130920,0500,-432, ,CFS
SHA,H,76,INFLOW,20130920,0600,2228, ,CFS
SHA,H,76,INFLOW,20130920,0700,-1786, ,CFS
SHA,H,76,INFLOW,20130920,0800,2667, ,CFS
SHA,H,76,INFLOW,20130920,0900,-1103, ,CFS
SHA,H,76,INFLOW,20130920,1000,-2443, ,CFS
SHA,H,76,INFLOW,20130920,1100,168, ,CFS
SHA,H,76,INFLOW,20130920,1200,2102, ,CFS
SHA,H,76,INFLOW,20130920,1300,4106, ,CFS
SHA,H,76,INFLOW,20130920,1400,6521, ,CFS
SHA,H,76,INFLOW,20130920,1500,4181, ,CFS
SHA,H,76,INFLOW,20130920,1600,7725, ,CFS
SHA,H,76,INFLOW,20130920,1700,7931, ,CFS
SHA,H,76,INFLOW,20130920,1800,5067, ,CFS
SHA,H,76,INFLOW,20130920,1900,3364, ,CFS
SHA,H,76,INFLOW,20130920,2000,5124, ,CFS
SHA,H,76,INFLOW,20130920,2100,4793, ,CFS
SHA,H,76,INFLOW,20130920,2200,17931, ,CFS
SHA,H,76,INFLOW,20130920,2300,-21, ,CFS
SHA,H,76,INFLOW,20130921,0000,-2629, ,CFS
SHA,H,76,INFLOW,20130921,0100,4365, ,CFS
SHA,H,76,INFLOW,20130921,0200,6237, ,CFS
SHA,H,76,INFLOW,20130921,0300,-782, ,CFS
SHA,H,76,INFLOW,20130921,0400,1241, ,CFS
SHA,H,76,INFLOW,20130921,0500,5392, ,CFS
SHA,H,76,INFLOW,20130921,0600,-2765, ,CFS
SHA,H,76,INFLOW,20130921,0700,2294, ,CFS
SHA,H,76,INFLOW,20130921,0800,-1095, ,CFS
SHA,H,76,INFLOW,20130921,0900,1778, ,CFS
SHA,H,76,INFLOW,20130921,1000,6954, ,CFS
SHA,H,76,INFLOW,20130921,1100,-1675, ,CFS
SHA,H,76,INFLOW,20130921,1200,6331, ,CFS
SHA,H,76,INFLOW,20130921,1300,8095, ,CFS
SHA,H,76,INFLOW,20130921,1400,-4196, ,CFS
SHA,H,76,INFLOW,20130921,1500,5097, ,CFS
SHA,H,76,INFLOW,20130921,1600,4273, ,CFS
SHA,H,76,INFLOW,20130921,1700,10767, ,CFS
SHA,H,76,INFLOW,20130921,1800,6188, ,CFS
SHA,H,76,INFLOW,20130921,1900,4006, ,CFS
SHA,H,76,INFLOW,20130921,2000,6578, ,CFS
SHA,H,76,INFLOW,20130921,2100,7531, ,CFS
SHA,H,76,INFLOW,20130921,2200,4371, ,CFS
SHA,H,76,INFLOW,20130921,2300,5018, ,CFS
SHA,H,76,INFLOW,20130922,0000,3024, ,CFS
SHA,H,76,INFLOW,20130922,0100,1090, ,CFS
SHA,H,76,INFLOW,20130922,0200,890, ,CFS
SHA,H,76,INFLOW,20130922,0300,3301, ,CFS
SHA,H,76,INFLOW,20130922,0400,1256, ,CFS
SHA,H,76,INFLOW,20130922,0500,-527, ,CFS
SHA,H,76,INFLOW,20130922,0600,1268, ,CFS
SHA,H,76,INFLOW,20130922,0700,1942, ,CFS
SHA,H,76,INFLOW,20130922,0800,252, ,CFS
SHA,H,76,INFLOW,20130922,0900,1414, ,CFS
SHA,H,76,INFLOW,20130922,1000,-431, ,CFS
SHA,H,76,INFLOW,20130922,1100,2709, ,CFS
SHA,H,76,INFLOW,20130922,1200,1585, ,CFS
SHA,H,76,INFLOW,20130922,1300,-1162, ,CFS
SHA,H,76,INFLOW,20130922,1400,6658, ,CFS
SHA,H,76,INFLOW,20130922,1500,6004, ,CFS
SHA,H,76,INFLOW,20130922,1600,6824, ,CFS
SHA,H,76,INFLOW,20130922,1700,5181, ,CFS
SHA,H,76,INFLOW,20130922,1800,8504, ,CFS
SHA,H,76,INFLOW,20130922,1900,6325, ,CFS
SHA,H,76,INFLOW,20130922,2000,4428, ,CFS
SHA,H,76,INFLOW,20130922,2100,7796, ,CFS
SHA,H,76,INFLOW,20130922,2200,3652, ,CFS
SHA,H,76,INFLOW,20130922,2300,4807, ,CFS
SHA,H,76,INFLOW,20130923,0000,3440, ,CFS
SHA,H,76,INFLOW,20130923,0100,321, ,CFS
SHA,H,76,INFLOW,20130923,0200,4318, ,CFS
SHA,H,76,INFLOW,20130923,0300,255, ,CFS
SHA,H,76,INFLOW,20130923,0400,1583, ,CFS
SHA,H,76,INFLOW,20130923,0500,1948, ,CFS
SHA,H,76,INFLOW,20130923,0600,-2080, ,CFS
SHA,H,76,INFLOW,20130923,0700,328, ,CFS
SHA,H,76,INFLOW,20130923,0800,470, ,CFS
SHA,H,76,INFLOW,20130923,0900,326, ,CFS
SHA,H,76,INFLOW,20130923,1000,1004, ,CFS
SHA,H,76,INFLOW,20130923,1100,331, ,CFS
SHA,H,76,INFLOW,20130923,1200,144, ,CFS
SHA,H,76,INFLOW,20130923,1300,7615, ,CFS
SHA,H,76,INFLOW,20130923,1400,1768, ,CFS
SHA,H,76,INFLOW,20130923,1500,4957, ,CFS
SHA,H,76,INFLOW,20130923,1600,11098, ,CFS
SHA,H,76,INFLOW,20130923,1700,3658, ,CFS
SHA,H,76,INFLOW,20130923,1800,7130, ,CFS
SHA,H,76,INFLOW,20130923,1900,5616, ,CFS
SHA,H,76,INFLOW,20130923,2000,5134, ,CFS
SHA,H,76,INFLOW,20130923,2100,6281, ,CFS
SHA,H,76,INFLOW,20130923,2200,6194, ,CFS
SHA,H,76,INFLOW,20130923,2300,5864, ,CFS
SHA,H,76,INFLOW,20130924,0000,2699, ,CFS
SHA,H,76,INFLOW,20130924,0100,1857, ,CFS
SHA,H,76,INFLOW,20130924,0200,-820, ,CFS
SHA,H,76,INFLOW,20130924,0300,1717, ,CFS
SHA,H,76,INFLOW,20130924,0400,1481, ,CFS
SHA,H,76,INFLOW,20130924,0500,-363, ,CFS
SHA,H,76,INFLOW,20130924,0600,1962, ,CFS
SHA,H,76,INFLOW,20130924,0700,841, ,CFS
SHA,H,76,INFLOW,20130924,0800,-885, ,CFS
SHA,H,76,INFLOW,20130924,0900,705, ,CFS
SHA,H,76,INFLOW,20130924,1000,1253, ,CFS
SHA,H,76,INFLOW,20130924,1100,-157, ,CFS
SHA,H,76,INFLOW,20130924,1200,6088, ,CFS
SHA,H,76,INFLOW,20130924,1300,3136, ,CFS
SHA,H,76,INFLOW,20130924,1400,6814, ,CFS
SHA,H,76,INFLOW,20130924,1500,6494, ,CFS
SHA,H,76,INFLOW,20130924,1600,2554, ,CFS
SHA,H,76,INFLOW,20130924,1700,7018, ,CFS
SHA,H,76,INFLOW,20130924,1800,4482, ,CFS
SHA,H,76,INFLOW,20130924,1900,3576, ,CFS
SHA,H,76,INFLOW,20130924,2000,10438, ,CFS
SHA,H,76,INFLOW,20130924,2100,4150, ,CFS
SHA,H,76,INFLOW,20130924,2200,-2852, ,CFS
SHA,H,76,INFLOW,20130924,2300,8711, ,CFS
SHA,H,76,INFLOW,20130925,0000,2511, ,CFS
SHA,H,76,INFLOW,20130925,0100,5513, ,CFS
SHA,H,76,INFLOW,20130925,0200,672, ,CFS
SHA,H,76,INFLOW,20130925,0300,1339, ,CFS
SHA,H,76,INFLOW,20130925,0400,1702, ,CFS
SHA,H,76,INFLOW,20130925,0500,1850, ,CFS
SHA,H,76,INFLOW,20130925,0600,419, ,CFS
SHA,H,76,INFLOW,20130925,0700,778, ,CFS
SHA,H,76,INFLOW,20130925,0800,-208, ,CFS
SHA,H,76,INFLOW,20130925,0900,-224, ,CFS
SHA,H,76,INFLOW,20130925,1000,2380, ,CFS
SHA,H,76,INFLOW,20130925,1100,-1799, ,CFS
SHA,H,76,INFLOW,20130925,1200,227, ,CFS
SHA,H,76,INFLOW,20130925,1300,386, ,CFS
SHA,H,76,INFLOW,20130925,1400,9201, ,CFS
SHA,H,76,INFLOW,20130925,1500,-3670, ,CFS
SHA,H,76,INFLOW,20130925,1600,8753, ,CFS
SHA,H,76,INFLOW,20130925,1700,10585, ,CFS
SHA,H,76,INFLOW,20130925,1800,8050, ,CFS
SHA,H,76,INFLOW,20130925,1900,2705, ,CFS
SHA,H,76,INFLOW,20130925,2000,4827, ,CFS
SHA,H,76,INFLOW,20130925,2100,10515, ,CFS
SHA,H,76,INFLOW,20130925,2200,4845, ,CFS
SHA,H,76,INFLOW,20130925,2300,194, ,CFS
SHA,H,76,INFLOW,20130926,0000,4291, ,CFS
SHA,H,76,INFLOW,20130926,0100,3456, ,CFS
SHA,H,76,INFLOW,20130926,0200,-2574, ,CFS
SHA,H,76,INFLOW,20130926,0300,5489, ,CFS
SHA,H,76,INFLOW,20130926,0400,-2791, ,CFS
SHA,H,76,INFLOW,20130926,0500,1662, ,CFS
SHA,H,76,INFLOW,20130926,0600,30, ,CFS
SHA,H,76,INFLOW,20130926,0700,1870, ,CFS
SHA,H,76,INFLOW,20130926,0800,-1988, ,CFS
SHA,H,76,INFLOW,20130926,0900,1940, ,CFS
SHA,H,76,INFLOW,20130926,1000,6063, ,CFS
SHA,H,76,INFLOW,20130926,1100,1640, ,CFS
SHA,H,76,INFLOW,20130926,1200,6127, ,CFS
SHA,H,76,INFLOW,20130926,1300,4886, ,CFS
SHA,H,76,INFLOW,20130926,1400,4055, ,CFS
SHA,H,76,INFLOW,20130926,1500,8162, ,CFS
SHA,H,76,INFLOW,20130926,1600,3228, ,CFS
SHA,H,76,INFLOW,20130926,1700,5814, ,CFS
SHA,H,76,INFLOW,20130926,1800,494, ,CFS
SHA,H,76,INFLOW,20130926,1900,11149, ,CFS
SHA,H,76,INFLOW,20130926,2000,6021, ,CFS
SHA,H,76,INFLOW,20130926,2100,7369, ,CFS
SHA,H,76,INFLOW,20130926,2200,4838, ,CFS
SHA,H,76,INFLOW,20130926,2300,4603, ,CFS
SHA,H,76,INFLOW,20130927,0000,4430, ,CFS
SHA,H,76,INFLOW,20130927,0100,-234, ,CFS
SHA,H,76,INFLOW,20130927,0200,1434, ,CFS
SHA,H,76,INFLOW,20130927,0300,-626, ,CFS
SHA,H,76,INFLOW,20130927,0400,3612, ,CFS
SHA,H,76,INFLOW,20130927,0500,-276, ,CFS
SHA,H,76,INFLOW,20130927,0600,-1749, ,CFS
SHA,H,76,INFLOW,20130927,0700,3261, ,CFS
SHA,H,76,INFLOW,20130927,0800,-1880, ,CFS
SHA,H,76,INFLOW,20130927,0900,8118, ,CFS
SHA,H,76,INFLOW,20130927,1000,5779, ,CFS
SHA,H,76,INFLOW,20130927,1100,1015, ,CFS
SHA,H,76,INFLOW,20130927,1200,5719, ,CFS
SHA,H,76,INFLOW,20130927,1300,2675, ,CFS
SHA,H,76,INFLOW,20130927,1400,4612, ,CFS
SHA,H,76,INFLOW,20130927,1500,4183, ,CFS
SHA,H,76,INFLOW,20130927,1600,4042, ,CFS
SHA,H,76,INFLOW,20130927,1700,4026, ,CFS
SHA,H,76,INFLOW,20130927,1800,4058, ,CFS
SHA,H,76,INFLOW,20130927,1900,2533, ,CFS
SHA,H,76,INFLOW,20130927,2000,11770, ,CFS
SHA,H,76,INFLOW,20130927,2100,7875, ,CFS
SHA,H,76,INFLOW,20130927,2200,251, ,CFS
SHA,H,76,INFLOW,20130927,2300,3259, ,CFS
SHA,H,76,INFLOW,20130928,0000,2753, ,CFS
SHA,H,76,INFLOW,20130928,0100,1286, ,CFS
SHA,H,76,INFLOW,20130928,0200,4808, ,CFS
SHA,H,76,INFLOW,20130928,0300,-2981, ,CFS
SHA,H,76,INFLOW,20130928,0400,795, ,CFS
SHA,H,76,INFLOW,20130928,0500,3607, ,CFS
SHA,H,76,INFLOW,20130928,0600,-2041, ,CFS
SHA,H,76,INFLOW,20130928,0700,425, ,CFS
SHA,H,76,INFLOW,20130928,0800,546, ,CFS
SHA,H,76,INFLOW,20130928,0900,763, ,CFS
SHA,H,76,INFLOW,20130928,1000,-623, ,CFS
SHA,H,76,INFLOW,20130928,1100,729, ,CFS
SHA,H,76,INFLOW,20130928,1200,712, ,CFS
SHA,H,76,INFLOW,20130928,1300,7052, ,CFS
SHA,H,76,INFLOW,20130928,1400,2372, ,CFS
SHA,H,76,INFLOW,20130928,1500,5371, ,CFS
SHA,H,76,INFLOW,20130928,1600,7943, ,CFS
SHA,H,76,INFLOW,20130928,1700,2693, ,CFS
SHA,H,76,INFLOW,20130928,1800,7618, ,CFS
SHA,H,76,INFLOW,20130928,1900,5361, ,CFS
SHA,H,76,INFLOW,20130928,2000,3429, ,CFS
SHA,H,76,INFLOW,20130928,2100,11534, ,CFS
SHA,H,76,INFLOW,20130928,2200,2759, ,CFS
SHA,H,76,INFLOW,20130928,2300,1382, ,CFS
SHA,H,76,INFLOW,20130929,0000,5295, ,CFS
SHA,H,76,INFLOW,20130929,0100,-306, ,CFS
SHA,H,76,INFLOW,20130929,0200,1900, ,CFS
SHA,H,76,INFLOW,20130929,0300,-219, ,CFS
SHA,H,76,INFLOW,20130929,0400,-344, ,CFS
SHA,H,76,INFLOW,20130929,0500,3877, ,CFS
SHA,H,76,INFLOW,20130929,0600,-2062, ,CFS
SHA,H,76,INFLOW,20130929,0700,971, ,CFS
SHA,H,76,INFLOW,20130929,0800,-79, ,CFS
SHA,H,76,INFLOW,20130929,0900,4557, ,CFS
SHA,H,76,INFLOW,20130929,1000,-1331, ,CFS
SHA,H,76,INFLOW,20130929,1100,-1443, ,CFS
SHA,H,76,INFLOW,20130929,1200,7814, ,CFS
SHA,H,76,INFLOW,20130929,1300,5785, ,CFS
SHA,H,76,INFLOW,20130929,1400,2037, ,CFS
SHA,H,76,INFLOW,20130929,1500,4420, ,CFS
SHA,H,76,INFLOW,20130929,1600,11631, ,CFS
SHA,H,76,INFLOW,20130929,1700,5585, ,CFS
SHA,H,76,INFLOW,20130929,1800,9583, ,CFS
SHA,H,76,INFLOW,20130929,1900,5883, ,CFS
SHA,H,76,INFLOW,20130929,2000,7533, ,CFS
SHA,H,76,INFLOW,20130929,2100,11568, ,CFS
SHA,H,76,INFLOW,20130929,2200,4776, ,CFS
SHA,H,76,INFLOW,20130929,2300,905, ,CFS
SHA,H,76,INFLOW,20130930,0000,7130, ,CFS
SHA,H,76,INFLOW,20130930,0100,-56, ,CFS
SHA,H,76,INFLOW,20130930,0200,3977, ,CFS
SHA,H,76,INFLOW,20130930,0300,3960, ,CFS
SHA,H,76,INFLOW,20130930,0400,-179, ,CFS
SHA,H,76,INFLOW,20130930,0500,115, ,CFS
SHA,H,76,INFLOW,20130930,0600,8330, ,CFS
SHA,H,76,INFLOW,20130930,0700,622, ,CFS
SHA,H,76,INFLOW,20130930,0800,2678, ,CFS
SHA,H,76,INFLOW,20130930,0900,2497, ,CFS
SHA,H,76,INFLOW,20130930,1000,2753, ,CFS
SHA,H,76,INFLOW,20130930,1100,1219, ,CFS
SHA,H,76,INFLOW,20130930,1200,2531, ,CFS
SHA,H,76,INFLOW,20130930,1300,-112, ,CFS
SHA,H,76,INFLOW,20130930,1400,5656, ,CFS
SHA,H,76,INFLOW,20130930,1500,9121, ,CFS
SHA,H,76,INFLOW,20130930,1600,4667, ,CFS
SHA,H,76,INFLOW,20130930,1700,5990, ,CFS
SHA,H,76,INFLOW,20130930,1800,5886, ,CFS
SHA,H,76,INFLOW,20130930,1900,3023, ,CFS
SHA,H,76,INFLOW,20130930,2000,11516, ,CFS
SHA,H,76,INFLOW,20130930,2100,9561, ,CFS
SHA,H,76,INFLOW,20130930,2200,2963, ,CFS
SHA,H,76,INFLOW,20130930,2300,6569, ,CFS
SHA,H,76,INFLOW,20131001,0000,358, ,CFS
SHA,H,76,INFLOW,20131001,0100,1704, ,CFS
SHA,H,76,INFLOW,20131001,0200,1365, ,CFS
SHA,H,76,INFLOW,20131001,0300,1414, ,CFS
SHA,H,76,INFLOW,20131001,0400,1414, ,CFS
SHA,H,76,INFLOW,20131001,0500,233, ,CFS
SHA,H,76,INFLOW,20131001,0600,3163, ,CFS
SHA,H,76,INFLOW,20131001,0700,-1965, ,CFS
SHA,H,76,INFLOW,20131001,0800,2955, ,CFS
SHA,H,76,INFLOW,20131001,0900,862, ,CFS
SHA,H,76,INFLOW,20131001,1000,1060, ,CFS
SHA,H,76,INFLOW,20131001,1100,1402, ,CFS
SHA,H,76,INFLOW,20131001,1200,-1167, ,CFS
SHA,H,76,INFLOW,20131001,1300,1325, ,CFS
SHA,H,76,INFLOW,20131001,1400,1268, ,CFS
SHA,H,76,INFLOW,20131001,1500,532, ,CFS
SHA,H,76,INFLOW,20131001,1600,9165, ,CFS
SHA,H,76,INFLOW,20131001,1700,3015, ,CFS
SHA,H,76,INFLOW,20131001,1800,4199, ,CFS
SHA,H,76,INFLOW,20131001,1900,7599, ,CFS
SHA,H,76,INFLOW,20131001,2000,3756, ,CFS
SHA,H,76,INFLOW,20131001,2100,9620, ,CFS
SHA,H,76,INFLOW,20131001,2200,3223, ,CFS
SHA,H,76,INFLOW,20131001,2300,4097, ,CFS
SHA,H,76,INFLOW,20131002,0000,2302, ,CFS
SHA,H,76,INFLOW,20131002,0100,-1875, ,CFS
SHA,H,76,INFLOW,20131002,0200,1064, ,CFS
SHA,H,76,INFLOW,20131002,0300,1289, ,CFS
SHA,H,76,INFLOW,20131002,0400,-750, ,CFS
SHA,H,76,INFLOW,20131002,0500,-697, ,CFS
SHA,H,76,INFLOW,20131002,0600,1683, ,CFS
SHA,H,76,INFLOW,20131002,0700,-1761, ,CFS
SHA,H,76,INFLOW,20131002,0800,2228, ,CFS
SHA,H,76,INFLOW,20131002,0900,2377, ,CFS
SHA,H,76,INFLOW,20131002,1000,-1178, ,CFS
SHA,H,76,INFLOW,20131002,1100,592, ,CFS
SHA,H,76,INFLOW,20131002,1200,7688, ,CFS
SHA,H,76,INFLOW,20131002,1300,3457, ,CFS
SHA,H,76,INFLOW,20131002,1400,5260, ,CFS
SHA,H,76,INFLOW,20131002,1500,6043, ,CFS
SHA,H,76,INFLOW,20131002,1600,1604, ,CFS
SHA,H,76,INFLOW,20131002,1700,4877, ,CFS
SHA,H,76,INFLOW,20131002,1800,11123, ,CFS
SHA,H,76,INFLOW,20131002,1900,-1070, ,CFS
SHA,H,76,INFLOW,20131002,2000,14187, ,CFS
SHA,H,76,INFLOW,20131002,2100,4302, ,CFS
SHA,H,76,INFLOW,20131002,2200,3161, ,CFS
SHA,H,76,INFLOW,20131002,2300,5554, ,CFS
SHA,H,76,INFLOW,20131003,0000,3856, ,CFS
SHA,H,76,INFLOW,20131003,0100,-3020, ,CFS
SHA,H,76,INFLOW,20131003,0200,5493, ,CFS
SHA,H,76,INFLOW,20131003,0300,1513, ,CFS
SHA,H,76,INFLOW,20131003,0400,-469, ,CFS
SHA,H,76,INFLOW,20131003,0500,1541, ,CFS
SHA,H,76,INFLOW,20131003,0600,67, ,CFS
SHA,H,76,INFLOW,20131003,0700,-785, ,CFS
SHA,H,76,INFLOW,20131003,0800,263, ,CFS
SHA,H,76,INFLOW,20131003,0900,1177, ,CFS
SHA,H,76,INFLOW,20131003,1000,3912, ,CFS
SHA,H,76,INFLOW,20131003,1100,-1752, ,CFS
SHA,H,76,INFLOW,20131003,1200,-602, ,CFS
SHA,H,76,INFLOW,20131003,1300,8248, ,CFS
SHA,H,76,INFLOW,20131003,1400,1913, ,CFS
SHA,H,76,INFLOW,20131003,1500,6124, ,CFS
SHA,H,76,INFLOW,20131003,1600,4993, ,CFS
SHA,H,76,INFLOW,20131003,1700,4407, ,CFS
SHA,H,76,INFLOW,20131003,1800,5420, ,CFS
SHA,H,76,INFLOW,20131003,1900,4898, ,CFS
SHA,H,76,INFLOW,20131003,2000,7121, ,CFS
SHA,H,76,INFLOW,20131003,2100,4431, ,CFS
SHA,H,76,INFLOW,20131003,2200,9739, ,CFS
SHA,H,76,INFLOW,20131003,2300,4555, ,CFS
SHA,H,76,INFLOW,20131004,0000,704, ,CFS
SHA,H,76,INFLOW,20131004,0100,5708, ,CFS
SHA,H,76,INFLOW,20131004,0200,-516, ,CFS
SHA,H,76,INFLOW,20131004,0300,1228, ,CFS
SHA,H,76,INFLOW,20131004,0400,3194, ,CFS
SHA,H,76,INFLOW,20131004,0500,1296, ,CFS
SHA,H,76,INFLOW,20131004,0600,-4498, ,CFS
SHA,H,76,INFLOW,20131004,0700,4834, ,CFS
SHA,H,76,INFLOW,20131004,0800,1142, ,CFS
SHA,H,76,INFLOW,20131004,0900,-1193, ,CFS
SHA,H,76,INFLOW,20131004,1000,508, ,CFS
SHA,H,76,INFLOW,20131004,1100,-875, ,CFS
SHA,H,76,INFLOW,20131004,1200,3929, ,CFS
SHA,H,76,INFLOW,20131004,1300,-566, ,CFS
SHA,H,76,INFLOW,20131004,1400,-3010, ,CFS
SHA,H,76,INFLOW,20131004,1500,2792, ,CFS
SHA,H,76,INFLOW,20131004,1600,4082, ,CFS
SHA,H,76,INFLOW,20131004,1700,3189, ,CFS
SHA,H,76,INFLOW,20131004,1800,3738, ,CFS
SHA,H,76,INFLOW,20131004,1900,7359, ,CFS
SHA,H,76,INFLOW,20131004,2000,7339, ,CFS
SHA,H,76,INFLOW,20131004,2100,3000, ,CFS
SHA,H,76,INFLOW,20131004,2200,11514, ,CFS
SHA,H,76,INFLOW,20131004,2300,-1826, ,CFS
SHA,H,76,INFLOW,20131005,0000,8917, ,CFS
SHA,H,76,INFLOW,20131005,0100,-2135, ,CFS
SHA,H,76,INFLOW,20131005,0200,1264, ,CFS
SHA,H,76,INFLOW,20131005,0300,-654, ,CFS
SHA,H,76,INFLOW,20131005,0400,3182, ,CFS
SHA,H,76,INFLOW,20131005,0500,-2880, ,CFS
SHA,H,76,INFLOW,20131005,0600,3228, ,CFS
SHA,H,76,INFLOW,20131005,0700,-135, ,CFS
SHA,H,76,INFLOW,20131005,0800,691, ,CFS
SHA,H,76,INFLOW,20131005,0900,994, ,CFS
SHA,H,76,INFLOW,20131005,1000,-700, ,CFS
SHA,H,76,INFLOW,20131005,1100,377, ,CFS
SHA,H,76,INFLOW,20131005,1200,392, ,CFS
SHA,H,76,INFLOW,20131005,1300,1620, ,CFS
SHA,H,76,INFLOW,20131005,1400,1154, ,CFS
SHA,H,76,INFLOW,20131005,1500,-1135, ,CFS
SHA,H,76,INFLOW,20131005,1600,3351, ,CFS
SHA,H,76,INFLOW,20131005,1700,5253, ,CFS
SHA,H,76,INFLOW,20131005,1800,7320, ,CFS
SHA,H,76,INFLOW,20131005,1900,1018, ,CFS
SHA,H,76,INFLOW,20131005,2000,8855, ,CFS
SHA,H,76,INFLOW,20131005,2100,5930, ,CFS
SHA,H,76,INFLOW,20131005,2200,7150, ,CFS
SHA,H,76,INFLOW,20131005,2300,6793, ,CFS
SHA,H,76,INFLOW,20131006,0000,2310, ,CFS
SHA,H,76,INFLOW,20131006,0100,1710, ,CFS
SHA,H,76,INFLOW,20131006,0200,-581, ,CFS
SHA,H,76,INFLOW,20131006,0300,1463, ,CFS
SHA,H,76,INFLOW,20131006,0400,1529, ,CFS
SHA,H,76,INFLOW,20131006,0500,-453, ,CFS
SHA,H,76,INFLOW,20131006,0600,1648, ,CFS
SHA,H,76,INFLOW,20131006,0700,96, ,CFS
SHA,H,76,INFLOW,20131006,0800,220, ,CFS
SHA,H,76,INFLOW,20131006,0900,1062, ,CFS
SHA,H,76,INFLOW,20131006,1000,514, ,CFS
SHA,H,76,INFLOW,20131006,1100,-1533, ,CFS
SHA,H,76,INFLOW,20131006,1200,428, ,CFS
SHA,H,76,INFLOW,20131006,1300,6546, ,CFS
SHA,H,76,INFLOW,20131006,1400,2446, ,CFS
SHA,H,76,INFLOW,20131006,1500,7537, ,CFS
SHA,H,76,INFLOW,20131006,1600,7681, ,CFS
SHA,H,76,INFLOW,20131006,1700,2924, ,CFS
SHA,H,76,INFLOW,20131006,1800,7367, ,CFS
SHA,H,76,INFLOW,20131006,1900,4233, ,CFS
SHA,H,76,INFLOW,20131006,2000,7661, ,CFS
SHA,H,76,INFLOW,20131006,2100,4588, ,CFS
SHA,H,76,INFLOW,20131006,2200,8437, ,CFS
SHA,H,76,INFLOW,20131006,2300,7833, ,CFS
SHA,H,76,INFLOW,20131007,0000,1222, ,CFS
SHA,H,76,INFLOW,20131007,0100,4196, ,CFS
SHA,H,76,INFLOW,20131007,0200,-568, ,CFS
SHA,H,76,INFLOW,20131007,0300,967, ,CFS
SHA,H,76,INFLOW,20131007,0400,2966, ,CFS
SHA,H,76,INFLOW,20131007,0500,-2877, ,CFS
SHA,H,76,INFLOW,20131007,0600,3109, ,CFS
SHA,H,76,INFLOW,20131007,0700,1876, ,CFS
SHA,H,76,INFLOW,20131007,0800,-1613, ,CFS
SHA,H,76,INFLOW,20131007,0900,643, ,CFS
SHA,H,76,INFLOW,20131007,1000,1214, ,CFS
SHA,H,76,INFLOW,20131007,1100,-2567, ,CFS
SHA,H,76,INFLOW,20131007,1200,3667, ,CFS
SHA,H,76,INFLOW,20131007,1300,4021, ,CFS
SHA,H,76,INFLOW,20131007,1400,2324, ,CFS
SHA,H,76,INFLOW,20131007,1500,6940, ,CFS
SHA,H,76,INFLOW,20131007,1600,2051, ,CFS
SHA,H,76,INFLOW,20131007,1700,8508, ,CFS
SHA,H,76,INFLOW,20131007,1800,4880, ,CFS
SHA,H,76,INFLOW,20131007,1900,-1098, ,CFS
SHA,H,76,INFLOW,20131007,2000,9126, ,CFS
SHA,H,76,INFLOW,20131007,2100,-2345, ,CFS
SHA,H,76,INFLOW,20131007,2200,8743, ,CFS
SHA,H,76,INFLOW,20131007,2300,8002, ,CFS
SHA,H,76,INFLOW,20131008,0000,98, ,CFS
SHA,H,76,INFLOW,20131008,0100,4211, ,CFS
SHA,H,76,INFLOW,20131008,0200,3264, ,CFS
SHA,H,76,INFLOW,20131008,0300,1212, ,CFS
SHA,H,76,INFLOW,20131008,0400,1136, ,CFS
SHA,H,76,INFLOW,20131008,0500,3219, ,CFS
SHA,H,76,INFLOW,20131008,0600,-4375, ,CFS
SHA,H,76,INFLOW,20131008,0700,3680, ,CFS
SHA,H,76,INFLOW,20131008,0800,405, ,CFS
SHA,H,76,INFLOW,20131008,0900,-1705, ,CFS
SHA,H,76,INFLOW,20131008,1000,902, ,CFS
SHA,H,76,INFLOW,20131008,1100,2301, ,CFS
SHA,H,76,INFLOW,20131008,1200,-3465, ,CFS
SHA,H,76,INFLOW,20131008,1300,475, ,CFS
SHA,H,76,INFLOW,20131008,1400,1528, ,CFS
SHA,H,76,INFLOW,20131008,1500,2479, ,CFS
SHA,H,76,INFLOW,20131008,1600,-1813, ,CFS
SHA,H,76,INFLOW,20131008,1700,737, ,CFS
SHA,H,76,INFLOW,20131008,1800,-1186, ,CFS
SHA,H,76,INFLOW,20131008,1900,-1019, ,CFS
SHA,H,76,INFLOW,20131008,2000,7752, ,CFS
SHA,H,76,INFLOW,20131008,2100,6962, ,CFS
SHA,H,76,INFLOW,20131008,2200,6010, ,CFS
SHA,H,76,INFLOW,20131008,2300,3095, ,CFS
SHA,H,76,INFLOW,20131009,0000,3915, ,CFS
SHA,H,76,INFLOW,20131009,0100,-4784, ,CFS
SHA,H,76,INFLOW,20131009,0200,2750, ,CFS
SHA,H,76,INFLOW,20131009,0300,2948, ,CFS
SHA,H,76,INFLOW,20131009,0400,-724, ,CFS
SHA,H,76,INFLOW,20131009,0500,-2408, ,CFS
SHA,H,76,INFLOW,20131009,0600,6381, ,CFS
SHA,H,76,INFLOW,20131009,0700,-4327, ,CFS
SHA,H,76,INFLOW,20131009,0800,4833, ,CFS
SHA,H,76,INFLOW,20131009,0900,-263, ,CFS
SHA,H,76,INFLOW,20131009,1000,1476, ,CFS
SHA,H,76,INFLOW,20131009,1100,5653, ,CFS
SHA,H,76,INFLOW,20131009,1200,-6248, ,CFS
SHA,H,76,INFLOW,20131009,1300,5099, ,CFS
SHA,H,76,INFLOW,20131009,1400,6195, ,CFS
SHA,H,76,INFLOW,20131009,1500,5202, ,CFS
SHA,H,76,INFLOW,20131009,1600,1618, ,CFS
SHA,H,76,INFLOW,20131009,1700,3698, ,CFS
SHA,H,76,INFLOW,20131009,1800,7692, ,CFS
SHA,H,76,INFLOW,20131009,1900,2579, ,CFS
SHA,H,76,INFLOW,20131009,2000,10331, ,CFS
SHA,H,76,INFLOW,20131009,2100,9843, ,CFS
SHA,H,76,INFLOW,20131009,2200,2438, ,CFS
SHA,H,76,INFLOW,20131009,2300,5374, ,CFS
SHA,H,76,INFLOW,20131010,0000,2509, ,CFS
SHA,H,76,INFLOW,20131010,0100,5593, ,CFS
SHA,H,76,INFLOW,20131010,0200,3459, ,CFS
SHA,H,76,INFLOW,20131010,0300,663, ,CFS
SHA,H,76,INFLOW,20131010,0400,770, ,CFS
SHA,H,76,INFLOW,20131010,0500,2722, ,CFS
SHA,H,76,INFLOW,20131010,0600,-865, ,CFS
SHA,H,76,INFLOW,20131010,0700,855, ,CFS
SHA,H,76,INFLOW,20131010,0800,1514, ,CFS
SHA,H,76,INFLOW,20131010,0900,-2357, ,CFS
SHA,H,76,INFLOW,20131010,1000,1159, ,CFS
SHA,H,76,INFLOW,20131010,1100,-269, ,CFS
SHA,H,76,INFLOW,20131010,1200,336, ,CFS
SHA,H,76,INFLOW,20131010,1300,-14087, ,CFS
SHA,H,76,INFLOW,20131010,1400,9166, ,CFS
SHA,H,76,INFLOW,20131010,1500,2091, ,CFS
SHA,H,76,INFLOW,20131010,1600,6871, ,CFS
SHA,H,76,INFLOW,20131010,1700,7864, ,CFS
SHA,H,76,INFLOW,20131010,1800,5021, ,CFS
SHA,H,76,INFLOW,20131010,1900,1790, ,CFS
SHA,H,76,INFLOW,20131010,2000,9459, ,CFS
SHA,H,76,INFLOW,20131010,2100,1517, ,CFS
SHA,H,76,INFLOW,20131010,2200,9079, ,CFS
SHA,H,76,INFLOW,20131010,2300,4197, ,CFS
SHA,H,76,INFLOW,20131011,0000,3334, ,CFS
SHA,H,76,INFLOW,20131011,0100,1450, ,CFS
SHA,H,76,INFLOW,20131011,0200,1178, ,CFS
SHA,H,76,INFLOW,20131011,0300,1303, ,CFS
SHA,H,76,INFLOW,20131011,0400,1424, ,CFS
SHA,H,76,INFLOW,20131011,0500,1555, ,CFS
SHA,H,76,INFLOW,20131011,0600,9, ,CFS
SHA,H,76,INFLOW,20131011,0700,1411, ,CFS
SHA,H,76,INFLOW,20131011,0800,898, ,CFS
SHA,H,76,INFLOW,20131011,0900,6061, ,CFS
SHA,H,76,INFLOW,20131011,1000,576, ,CFS
SHA,H,76,INFLOW,20131011,1100,7435, ,CFS
SHA,H,76,INFLOW,20131011,1200,6592, ,CFS
SHA,H,76,INFLOW,20131011,1300,2035, ,CFS
SHA,H,76,INFLOW,20131011,1400,7357, ,CFS
SHA,H,76,INFLOW,20131011,1500,5179, ,CFS
SHA,H,76,INFLOW,20131011,1600,3392, ,CFS
SHA,H,76,INFLOW,20131011,1700,8785, ,CFS
SHA,H,76,INFLOW,20131011,1800,5679, ,CFS
SHA,H,76,INFLOW,20131011,1900,3151, ,CFS
SHA,H,76,INFLOW,20131011,2000,9312, ,CFS
SHA,H,76,INFLOW,20131011,2100,2718, ,CFS
SHA,H,76,INFLOW,20131011,2200,8517, ,CFS
SHA,H,76,INFLOW,20131011,2300,6522, ,CFS
SHA,H,76,INFLOW,20131012,0000,5043, ,CFS
SHA,H,76,INFLOW,20131012,0100,3234, ,CFS
SHA,H,76,INFLOW,20131012,0200,2812, ,CFS
SHA,H,76,INFLOW,20131012,0300,-822, ,CFS
SHA,H,76,INFLOW,20131012,0400,3057, ,CFS
SHA,H,76,INFLOW,20131012,0500,1389, ,CFS
SHA,H,76,INFLOW,20131012,0600,-170, ,CFS
SHA,H,76,INFLOW,20131012,0700,1004, ,CFS
SHA,H,76,INFLOW,20131012,0800,172, ,CFS
SHA,H,76,INFLOW,20131012,0900,-1108, ,CFS
SHA,H,76,INFLOW,20131012,1000,1300, ,CFS
SHA,H,76,INFLOW,20131012,1100,-2275, ,CFS
SHA,H,76,INFLOW,20131012,1200,-1282, ,CFS
SHA,H,76,INFLOW,20131012,1300,1553, ,CFS
SHA,H,76,INFLOW,20131012,1400,1695, ,CFS
SHA,H,76,INFLOW,20131012,1500,3430, ,CFS
SHA,H,76,INFLOW,20131012,1600,4055, ,CFS
SHA,H,76,INFLOW,20131012,1700,5202, ,CFS
SHA,H,76,INFLOW,20131012,1800,8900, ,CFS
SHA,H,76,INFLOW,20131012,1900,6098, ,CFS
SHA,H,76,INFLOW,20131012,2000,7881, ,CFS
SHA,H,76,INFLOW,20131012,2100,1427, ,CFS
SHA,H,76,INFLOW,20131012,2200,10012, ,CFS
SHA,H,76,INFLOW,20131012,2300,5321, ,CFS
SHA,H,76,INFLOW,20131013,0000,881, ,CFS
SHA,H,76,INFLOW,20131013,0100,1252, ,CFS
SHA,H,76,INFLOW,20131013,0200,2273, ,CFS
SHA,H,76,INFLOW,20131013,0300,-3134, ,CFS
SHA,H,76,INFLOW,20131013,0400,4761, ,CFS
SHA,H,76,INFLOW,20131013,0500,2878, ,CFS
SHA,H,76,INFLOW,20131013,0600,-2485, ,CFS
SHA,H,76,INFLOW,20131013,0700,1779, ,CFS
SHA,H,76,INFLOW,20131013,0800,2173, ,CFS
SHA,H,76,INFLOW,20131013,0900,-1425, ,CFS
SHA,H,76,INFLOW,20131013,1000,2694, ,CFS
SHA,H,76,INFLOW,20131013,1100,-3029, ,CFS
SHA,H,76,INFLOW,20131013,1200,3179, ,CFS
SHA,H,76,INFLOW,20131013,1300,1675, ,CFS
SHA,H,76,INFLOW,20131013,1400,627, ,CFS
SHA,H,76,INFLOW,20131013,1500,2207, ,CFS
SHA,H,76,INFLOW,20131013,1600,3032, ,CFS
SHA,H,76,INFLOW,20131013,1700,6645, ,CFS
SHA,H,76,INFLOW,20131013,1800,2449, ,CFS
SHA,H,76,INFLOW,20131013,1900,8149, ,CFS
SHA,H,76,INFLOW,20131013,2000,6920, ,CFS
SHA,H,76,INFLOW,20131013,2100,5448, ,CFS
SHA,H,76,INFLOW,20131013,2200,9975, ,CFS
SHA,H,76,INFLOW,20131013,2300,2723, ,CFS
SHA,H,76,INFLOW,20131014,0000,6301, ,CFS
SHA,H,76,INFLOW,20131014,0100,3007, ,CFS
SHA,H,76,INFLOW,20131014,0200,-1281, ,CFS
SHA,H,76,INFLOW,20131014,0300,811, ,CFS
SHA,H,76,INFLOW,20131014,0400,4927, ,CFS
SHA,H,76,INFLOW,20131014,0500,-689, ,CFS
SHA,H,76,INFLOW,20131014,0600,1856, ,CFS
SHA,H,76,INFLOW,20131014,0700,1783, ,CFS
SHA,H,76,INFLOW,20131014,0800,236, ,CFS
SHA,H,76,INFLOW,20131014,0900,2305, ,CFS
SHA,H,76,INFLOW,20131014,1000,1890, ,CFS
SHA,H,76,INFLOW,20131014,1100,763, ,CFS
SHA,H,76,INFLOW,20131014,1200,1758, ,CFS
SHA,H,76,INFLOW,20131014,1300,3130, ,CFS
SHA,H,76,INFLOW,20131014,1400,1172, ,CFS
SHA,H,76,INFLOW,20131014,1500,5023, ,CFS
SHA,H,76,INFLOW,20131014,1600,4554, ,CFS
SHA,H,76,INFLOW,20131014,1700,5841, ,CFS
SHA,H,76,INFLOW,20131014,1800,6494, ,CFS
SHA,H,76,INFLOW,20131014,1900,7687, ,CFS
SHA,H,76,INFLOW,20131014,2000,6543, ,CFS
SHA,H,76,INFLOW,20131014,2100,9834, ,CFS
SHA,H,76,INFLOW,20131014,2200,-661, ,CFS
SHA,H,76,INFLOW,20131014,2300,8208, ,CFS
SHA,H,76,INFLOW,20131015,0000,2308, ,CFS
SHA,H,76,INFLOW,20131015,0100,4775, ,CFS
SHA,H,76,INFLOW,20131015,0200,-2999, ,CFS
SHA,H,76,INFLOW,20131015,0300,1257, ,CFS
SHA,H,76,INFLOW,20131015,0400,1708, ,CFS
SHA,H,76,INFLOW,20131015,0500,5767, ,CFS
SHA,H,76,INFLOW,20131015,0600,-5029, ,CFS
SHA,H,76,INFLOW,20131015,0700,4090, ,CFS
SHA,H,76,INFLOW,20131015,0800,-3107, ,CFS
SHA,H,76,INFLOW,20131015,0900,415, ,CFS
SHA,H,76,INFLOW,20131015,1000,975, ,CFS
SHA,H,76,INFLOW,20131015,1100,-317, ,CFS
SHA,H,76,INFLOW,20131015,1200,1022, ,CFS
SHA,H,76,INFLOW,20131015,1300,-1361, ,CFS
SHA,H,76,INFLOW,20131015,1400,-71, ,CFS
SHA,H,76,INFLOW,20131015,1500,7214, ,CFS
SHA,H,76,INFLOW,20131015,1600,3315, ,CFS
SHA,H,76,INFLOW,20131015,1700,2764, ,CFS
SHA,H,76,INFLOW,20131015,1800,8800, ,CFS
SHA,H,76,INFLOW,20131015,1900,240, ,CFS
SHA,H,76,INFLOW,20131015,2000,11624, ,CFS
SHA,H,76,INFLOW,20131015,2100,2588, ,CFS
SHA,H,76,INFLOW,20131015,2200,9036, ,CFS
SHA,H,76,INFLOW,20131015,2300,4493, ,CFS
SHA,H,76,INFLOW,20131016,0000,3897, ,CFS
SHA,H,76,INFLOW,20131016,0100,-2279, ,CFS
SHA,H,76,INFLOW,20131016,0200,3369, ,CFS
SHA,H,76,INFLOW,20131016,0300,-627, ,CFS
SHA,H,76,INFLOW,20131016,0400,3338, ,CFS
SHA,H,76,INFLOW,20131016,0500,-397, ,CFS
SHA,H,76,INFLOW,20131016,0600,52, ,CFS
SHA,H,76,INFLOW,20131016,0700,4370, ,CFS
SHA,H,76,INFLOW,20131016,0800,-978, ,CFS
SHA,H,76,INFLOW,20131016,0900,-1054, ,CFS
SHA,H,76,INFLOW,20131016,1000,3224, ,CFS
SHA,H,76,INFLOW,20131016,1100,-1531, ,CFS
SHA,H,76,INFLOW,20131016,1200,-3162, ,CFS
SHA,H,76,INFLOW,20131016,1300,1269, ,CFS
SHA,H,76,INFLOW,20131016,1400,2592, ,CFS
SHA,H,76,INFLOW,20131016,1500,3235, ,CFS
SHA,H,76,INFLOW,20131016,1600,3343, ,CFS
SHA,H,76,INFLOW,20131016,1700,3192, ,CFS
SHA,H,76,INFLOW,20131016,1800,6580, ,CFS
SHA,H,76,INFLOW,20131016,1900,6613, ,CFS
SHA,H,76,INFLOW,20131016,2000,4092, ,CFS
SHA,H,76,INFLOW,20131016,2100,8508, ,CFS
SHA,H,76,INFLOW,20131016,2200,6369, ,CFS
SHA,H,76,INFLOW,20131016,2300,1798, ,CFS
SHA,H,76,INFLOW,20131017,0000,4575, ,CFS
SHA,H,76,INFLOW,20131017,0100,-2273, ,CFS
SHA,H,76,INFLOW,20131017,0200,3311, ,CFS
SHA,H,76,INFLOW,20131017,0300,-358, ,CFS
SHA,H,76,INFLOW,20131017,0400,1614, ,CFS
SHA,H,76,INFLOW,20131017,0500,-314, ,CFS
SHA,H,76,INFLOW,20131017,0600,-106, ,CFS
SHA,H,76,INFLOW,20131017,0700,2833, ,CFS
SHA,H,76,INFLOW,20131017,0800,10755, ,CFS
SHA,H,76,INFLOW,20131017,0900,2151, ,CFS
SHA,H,76,INFLOW,20131017,1000,-3432, ,CFS
SHA,H,76,INFLOW,20131017,1100,5020, ,CFS
SHA,H,76,INFLOW,20131017,1200,-413, ,CFS
SHA,H,76,INFLOW,20131017,1300,2172, ,CFS
SHA,H,76,INFLOW,20131017,1400,3673, ,CFS
SHA,H,76,INFLOW,20131017,1500,2061, ,CFS
SHA,H,76,INFLOW,20131017,1600,7030, ,CFS
SHA,H,76,INFLOW,20131017,1700,5956, ,CFS
SHA,H,76,INFLOW,20131017,1800,3542, ,CFS
SHA,H,76,INFLOW,20131017,1900,7361, ,CFS
SHA,H,76,INFLOW,20131017,2000,5311, ,CFS
SHA,H,76,INFLOW,20131017,2100,6791, ,CFS
SHA,H,76,INFLOW,20131017,2200,6024, ,CFS
SHA,H,76,INFLOW,20131017,2300,3008, ,CFS
SHA,H,76,INFLOW,20131018,0000,2449, ,CFS
SHA,H,76,INFLOW,20131018,0100,36, ,CFS
SHA,H,76,INFLOW,20131018,0200,1411, ,CFS
SHA,H,76,INFLOW,20131018,0300,-596, ,CFS
SHA,H,76,INFLOW,20131018,0400,1208, ,CFS
SHA,H,76,INFLOW,20131018,0500,1372, ,CFS
SHA,H,76,INFLOW,20131018,0600,149, ,CFS
SHA,H,76,INFLOW,20131018,0700,2495, ,CFS
SHA,H,76,INFLOW,20131018,0800,-2586, ,CFS
SHA,H,76,INFLOW,20131018,0900,440, ,CFS
SHA,H,76,INFLOW,20131018,1000,2089, ,CFS
SHA,H,76,INFLOW,20131018,1100,423, ,CFS
SHA,H,76,INFLOW,20131018,1200,453, ,CFS
SHA,H,76,INFLOW,20131018,1300,549, ,CFS
SHA,H,76,INFLOW,20131018,1400,4794, ,CFS
SHA,H,76,INFLOW,20131018,1500,422, ,CFS
SHA,H,76,INFLOW,20131018,1600,4062, ,CFS
SHA,H,76,INFLOW,20131018,1700,3754, ,CFS
SHA,H,76,INFLOW,20131018,1800,711, ,CFS
SHA,H,76,INFLOW,20131018,1900,6803, ,CFS
SHA,H,76,INFLOW,20131018,2000,9055, ,CFS
SHA,H,76,INFLOW,20131018,2100,4378, ,CFS
SHA,H,76,INFLOW,20131018,2200,5350, ,CFS
SHA,H,76,INFLOW,20131018,2300,7689, ,CFS
SHA,H,76,INFLOW,20131019,0000,509, ,CFS
SHA,H,76,INFLOW,20131019,0100,4410, ,CFS
SHA,H,76,INFLOW,20131019,0200,1610, ,CFS
SHA,H,76,INFLOW,20131019,0300,-573, ,CFS
SHA,H,76,INFLOW,20131019,0400,3402, ,CFS
SHA,H,76,INFLOW,20131019,0500,-551, ,CFS
SHA,H,76,INFLOW,20131019,0600,-2085, ,CFS
SHA,H,76,INFLOW,20131019,0700,2881, ,CFS
SHA,H,76,INFLOW,20131019,0800,-784, ,CFS
SHA,H,76,INFLOW,20131019,0900,-223, ,CFS
SHA,H,76,INFLOW,20131019,1000,1834, ,CFS
SHA,H,76,INFLOW,20131019,1100,-475, ,CFS
SHA,H,76,INFLOW,20131019,1200,1990, ,CFS
SHA,H,76,INFLOW,20131019,1300,3207, ,CFS
SHA,H,76,INFLOW,20131019,1400,2580, ,CFS
SHA,H,76,INFLOW,20131019,1500,3448, ,CFS
SHA,H,76,INFLOW,20131019,1600,1769, ,CFS
SHA,H,76,INFLOW,20131019,1700,829, ,CFS
SHA,H,76,INFLOW,20131019,1800,5877, ,CFS
SHA,H,76,INFLOW,20131019,1900,2011, ,CFS
SHA,H,76,INFLOW,20131019,2000,8466, ,CFS
SHA,H,76,INFLOW,20131019,2100,5156, ,CFS
SHA,H,76,INFLOW,20131019,2200,5408, ,CFS
SHA,H,76,INFLOW,20131019,2300,3103, ,CFS
SHA,H,76,INFLOW,20131020,0000,7124, ,CFS
SHA,H,76,INFLOW,20131020,0100,-503, ,CFS
SHA,H,76,INFLOW,20131020,0200,2830, ,CFS
SHA,H,76,INFLOW,20131020,0300,1188, ,CFS
SHA,H,76,INFLOW,20131020,0400,1163, ,CFS
SHA,H,76,INFLOW,20131020,0500,-682, ,CFS
SHA,H,76,INFLOW,20131020,0600,168, ,CFS
SHA,H,76,INFLOW,20131020,0700,2046, ,CFS
SHA,H,76,INFLOW,20131020,0800,-1520, ,CFS
SHA,H,76,INFLOW,20131020,0900,950, ,CFS
SHA,H,76,INFLOW,20131020,1000,-39, ,CFS
SHA,H,76,INFLOW,20131020,1100,970, ,CFS
SHA,H,76,INFLOW,20131020,1200,77, ,CFS
SHA,H,76,INFLOW,20131020,1300,345, ,CFS
SHA,H,76,INFLOW,20131020,1400,1452, ,CFS
SHA,H,76,INFLOW,20131020,1500,2158, ,CFS
SHA,H,76,INFLOW,20131020,1600,2269, ,CFS
SHA,H,76,INFLOW,20131020,1700,2843, ,CFS
SHA,H,76,INFLOW,20131020,1800,3255, ,CFS
SHA,H,76,INFLOW,20131020,1900,9272, ,CFS
SHA,H,76,INFLOW,20131020,2000,8367, ,CFS
SHA,H,76,INFLOW,20131020,2100,2306, ,CFS
SHA,H,76,INFLOW,20131020,2200,6808, ,CFS
SHA,H,76,INFLOW,20131020,2300,8624, ,CFS
SHA,H,76,INFLOW,20131021,0000,3947, ,CFS
SHA,H,76,INFLOW,20131021,0100,5314, ,CFS
SHA,H,76,INFLOW,20131021,0200,954, ,CFS
SHA,H,76,INFLOW,20131021,0300,-453, ,CFS
SHA,H,76,INFLOW,20131021,0400,1519, ,CFS
SHA,H,76,INFLOW,20131021,0500,1669, ,CFS
SHA,H,76,INFLOW,20131021,0600,-3342, ,CFS
SHA,H,76,INFLOW,20131021,0700,3542, ,CFS
SHA,H,76,INFLOW,20131021,0800,2240, ,CFS
SHA,H,76,INFLOW,20131021,0900,-1921, ,CFS
SHA,H,76,INFLOW,20131021,1000,1675, ,CFS
SHA,H,76,INFLOW,20131021,1100,3136, ,CFS
SHA,H,76,INFLOW,20131021,1200,1367, ,CFS
SHA,H,76,INFLOW,20131021,1300,3393, ,CFS
SHA,H,76,INFLOW,20131021,1400,-20, ,CFS
SHA,H,76,INFLOW,20131021,1500,3755, ,CFS
SHA,H,76,INFLOW,20131021,1600,4410, ,CFS
SHA,H,76,INFLOW,20131021,1700,1956, ,CFS
SHA,H,76,INFLOW,20131021,1800,2096, ,CFS
SHA,H,76,INFLOW,20131021,1900,9823, ,CFS
SHA,H,76,INFLOW,20131021,2000,4284, ,CFS
SHA,H,76,INFLOW,20131021,2100,4793, ,CFS
SHA,H,76,INFLOW,20131021,2200,9356, ,CFS
SHA,H,76,INFLOW,20131021,2300,3444, ,CFS
SHA,H,76,INFLOW,20131022,0000,5767, ,CFS
SHA,H,76,INFLOW,20131022,0100,3243, ,CFS
SHA,H,76,INFLOW,20131022,0200,3240, ,CFS
SHA,H,76,INFLOW,20131022,0300,3571, ,CFS
SHA,H,76,INFLOW,20131022,0400,1439, ,CFS
SHA,H,76,INFLOW,20131022,0500,-260, ,CFS
SHA,H,76,INFLOW,20131022,0600,417, ,CFS
SHA,H,76,INFLOW,20131022,0700,141, ,CFS
SHA,H,76,INFLOW,20131022,0800,2270, ,CFS
SHA,H,76,INFLOW,20131022,0900,-931, ,CFS
SHA,H,76,INFLOW,20131022,1000,2895, ,CFS
SHA,H,76,INFLOW,20131022,1100,5349, ,CFS
SHA,H,76,INFLOW,20131022,1200,1164, ,CFS
SHA,H,76,INFLOW,20131022,1300,2349, ,CFS
SHA,H,76,INFLOW,20131022,1400,4164, ,CFS
SHA,H,76,INFLOW,20131022,1500,2532, ,CFS
SHA,H,76,INFLOW,20131022,1600,7617, ,CFS
SHA,H,76,INFLOW,20131022,1700,6543, ,CFS
SHA,H,76,INFLOW,20131022,1800,1453, ,CFS
SHA,H,76,INFLOW,20131022,1900,10285, ,CFS
SHA,H,76,INFLOW,20131022,2000,6355, ,CFS
SHA,H,76,INFLOW,20131022,2100,3657, ,CFS
SHA,H,76,INFLOW,20131022,2200,7185, ,CFS
SHA,H,76,INFLOW,20131022,2300,5034, ,CFS
SHA,H,76,INFLOW,20131023,0000,2308, ,CFS
SHA,H,76,INFLOW,20131023,0100,5475, ,CFS
SHA,H,76,INFLOW,20131023,0200,1672, ,CFS
SHA,H,76,INFLOW,20131023,0300,1594, ,CFS
SHA,H,76,INFLOW,20131023,0400,2173, ,CFS
SHA,H,76,INFLOW,20131023,0500,147, ,CFS
SHA,H,76,INFLOW,20131023,0600,447, ,CFS
SHA,H,76,INFLOW,20131023,0700,2536, ,CFS
SHA,H,76,INFLOW,20131023,0800,-504, ,CFS
SHA,H,76,INFLOW,20131023,0900,-369, ,CFS
SHA,H,76,INFLOW,20131023,1000,1500, ,CFS
SHA,H,76,INFLOW,20131023,1100,769, ,CFS
SHA,H,76,INFLOW,20131023,1200,1571, ,CFS
SHA,H,76,INFLOW,20131023,1300,4997, ,CFS
SHA,H,76,INFLOW,20131023,1400,2558, ,CFS
SHA,H,76,INFLOW,20131023,1500,1458, ,CFS
SHA,H,76,INFLOW,20131023,1600,6375, ,CFS
SHA,H,76,INFLOW,20131023,1700,1610, ,CFS
SHA,H,76,INFLOW,20131023,1800,8356, ,CFS
SHA,H,76,INFLOW,20131023,1900,6669, ,CFS
SHA,H,76,INFLOW,20131023,2000,6117, ,CFS
SHA,H,76,INFLOW,20131023,2100,7579, ,CFS
SHA,H,76,INFLOW,20131023,2200,7283, ,CFS
SHA,H,76,INFLOW,20131023,2300,5245, ,CFS
SHA,H,76,INFLOW,20131024,0000,2115, ,CFS
SHA,H,76,INFLOW,20131024,0100,4013, ,CFS
SHA,H,76,INFLOW,20131024,0200,-174, ,CFS
SHA,H,76,INFLOW,20131024,0300,-127, ,CFS
SHA,H,76,INFLOW,20131024,0400,3776, ,CFS
SHA,H,76,INFLOW,20131024,0500,-1879, ,CFS
SHA,H,76,INFLOW,20131024,0600,339, ,CFS
SHA,H,76,INFLOW,20131024,0700,554, ,CFS
SHA,H,76,INFLOW,20131024,0800,2418, ,CFS
SHA,H,76,INFLOW,20131024,0900,119, ,CFS
SHA,H,76,INFLOW,20131024,1000,4291, ,CFS
SHA,H,76,INFLOW,20131024,1100,-1551, ,CFS
SHA,H,76,INFLOW,20131024,1200,1767, ,CFS
SHA,H,76,INFLOW,20131024,1300,2173, ,CFS
SHA,H,76,INFLOW,20131024,1400,-1411, ,CFS
SHA,H,76,INFLOW,20131024,1500,1928, ,CFS
SHA,H,76,INFLOW,20131024,1600,7907, ,CFS
SHA,H,76,INFLOW,20131024,1700,823, ,CFS
SHA,H,76,INFLOW,20131024,1800,4221, ,CFS
SHA,H,76,INFLOW,20131024,1900,4366, ,CFS
SHA,H,76,INFLOW,20131024,2000,4221, ,CFS
SHA,H,76,INFLOW,20131024,2100,4839, ,CFS
SHA,H,76,INFLOW,20131024,2200,8171, ,CFS
SHA,H,76,INFLOW,20131024,2300,4775, ,CFS
SHA,H,76,INFLOW,20131025,0000,1272, ,CFS
SHA,H,76,INFLOW,20131025,0100,5436, ,CFS
SHA,H,76,INFLOW,20131025,0200,-539, ,CFS
SHA,H,76,INFLOW,20131025,0300,2058, ,CFS
SHA,H,76,INFLOW,20131025,0400,150, ,CFS
SHA,H,76,INFLOW,20131025,0500,367, ,CFS
SHA,H,76,INFLOW,20131025,0600,-1335, ,CFS
SHA,H,76,INFLOW,20131025,0700,3278, ,CFS
SHA,H,76,INFLOW,20131025,0800,-1151, ,CFS
SHA,H,76,INFLOW,20131025,0900,10534, ,CFS
SHA,H,76,INFLOW,20131025,1000,2862, ,CFS
SHA,H,76,INFLOW,20131025,1100,1683, ,CFS
SHA,H,76,INFLOW,20131025,1200,10524, ,CFS
SHA,H,76,INFLOW,20131025,1300,-272, ,CFS
SHA,H,76,INFLOW,20131025,1400,6666, ,CFS
SHA,H,76,INFLOW,20131025,1500,5857, ,CFS
SHA,H,76,INFLOW,20131025,1600,2432, ,CFS
SHA,H,76,INFLOW,20131025,1700,6538, ,CFS
SHA,H,76,INFLOW,20131025,1800,6806, ,CFS
SHA,H,76,INFLOW,20131025,1900,3515, ,CFS
SHA,H,76,INFLOW,20131025,2000,8950, ,CFS
SHA,H,76,INFLOW,20131025,2100,2810, ,CFS
SHA,H,76,INFLOW,20131025,2200,8009, ,CFS
SHA,H,76,INFLOW,20131025,2300,6485, ,CFS
SHA,H,76,INFLOW,20131026,0000,3968, ,CFS
SHA,H,76,INFLOW,20131026,0100,5287, ,CFS
SHA,H,76,INFLOW,20131026,0200,1421, ,CFS
SHA,H,76,INFLOW,20131026,0300,-49, ,CFS
SHA,H,76,INFLOW,20131026,0400,1977, ,CFS
SHA,H,76,INFLOW,20131026,0500,2372, ,CFS
SHA,H,76,INFLOW,20131026,0600,-1180, ,CFS
SHA,H,76,INFLOW,20131026,0700,2811, ,CFS
SHA,H,76,INFLOW,20131026,0800,1140, ,CFS
SHA,H,76,INFLOW,20131026,0900,-2377, ,CFS
SHA,H,76,INFLOW,20131026,1000,1503, ,CFS
SHA,H,76,INFLOW,20131026,1100,-1868, ,CFS
SHA,H,76,INFLOW,20131026,1200,838, ,CFS
SHA,H,76,INFLOW,20131026,1300,-1565, ,CFS
SHA,H,76,INFLOW,20131026,1400,1162, ,CFS
SHA,H,76,INFLOW,20131026,1500,2441, ,CFS
SHA,H,76,INFLOW,20131026,1600,6978, ,CFS
SHA,H,76,INFLOW,20131026,1700,6721, ,CFS
SHA,H,76,INFLOW,20131026,1800,4780, ,CFS
SHA,H,76,INFLOW,20131026,1900,8279, ,CFS
SHA,H,76,INFLOW,20131026,2000,8114, ,CFS
SHA,H,76,INFLOW,20131026,2100,4516, ,CFS
SHA,H,76,INFLOW,20131026,2200,7986, ,CFS
SHA,H,76,INFLOW,20131026,2300,6761, ,CFS
SHA,H,76,INFLOW,20131027,0000,5877, ,CFS
SHA,H,76,INFLOW,20131027,0100,3507, ,CFS
SHA,H,76,INFLOW,20131027,0200,1604, ,CFS
SHA,H,76,INFLOW,20131027,0300,754, ,CFS
SHA,H,76,INFLOW,20131027,0400,685, ,CFS
SHA,H,76,INFLOW,20131027,0500,2877, ,CFS
SHA,H,76,INFLOW,20131027,0600,-1056, ,CFS
SHA,H,76,INFLOW,20131027,0700,1157, ,CFS
SHA,H,76,INFLOW,20131027,0800,1640, ,CFS
SHA,H,76,INFLOW,20131027,0900,-1804, ,CFS
SHA,H,76,INFLOW,20131027,1000,2034, ,CFS
SHA,H,76,INFLOW,20131027,1100,-581, ,CFS
SHA,H,76,INFLOW,20131027,1200,-2051, ,CFS
SHA,H,76,INFLOW,20131027,1300,1599, ,CFS
SHA,H,76,INFLOW,20131027,1400,2713, ,CFS
SHA,H,76,INFLOW,20131027,1500,7359, ,CFS
SHA,H,76,INFLOW,20131027,1600,953, ,CFS
SHA,H,76,INFLOW,20131027,1700,1085, ,CFS
SHA,H,76,INFLOW,20131027,1800,998, ,CFS
SHA,H,76,INFLOW,20131027,1900,5005, ,CFS
SHA,H,76,INFLOW,20131027,2000,12620, ,CFS
SHA,H,76,INFLOW,20131027,2100,-6191, ,CFS
SHA,H,76,INFLOW,20131027,2200,8372, ,CFS
SHA,H,76,INFLOW,20131027,2300,3605, ,CFS
SHA,H,76,INFLOW,20131028,0000,1504, ,CFS
SHA,H,76,INFLOW,20131028,0100,1744, ,CFS
SHA,H,76,INFLOW,20131028,0200,3884, ,CFS
SHA,H,76,INFLOW,20131028,0300,1987, ,CFS
SHA,H,76,INFLOW,20131028,0400,2079, ,CFS
SHA,H,76,INFLOW,20131028,0500,-1613, ,CFS
SHA,H,76,INFLOW,20131028,0600,2372, ,CFS
SHA,H,76,INFLOW,20131028,0700,1645, ,CFS
SHA,H,76,INFLOW,20131028,0800,503, ,CFS
SHA,H,76,INFLOW,20131028,0900,2386, ,CFS
SHA,H,76,INFLOW,20131028,1000,1808, ,CFS
SHA,H,76,INFLOW,20131028,1100,3531, ,CFS
SHA,H,76,INFLOW,20131028,1200,745, ,CFS
SHA,H,76,INFLOW,20131028,1300,6090, ,CFS
SHA,H,76,INFLOW,20131028,1400,716, ,CFS
SHA,H,76,INFLOW,20131028,1500,1672, ,CFS
SHA,H,76,INFLOW,20131028,1600,6101, ,CFS
SHA,H,76,INFLOW,20131028,1700,-805, ,CFS
SHA,H,76,INFLOW,20131028,1800,6795, ,CFS
SHA,H,76,INFLOW,20131028,1900,3730, ,CFS
SHA,H,76,INFLOW,20131028,2000,8089, ,CFS
SHA,H,76,INFLOW,20131028,2100,6822, ,CFS
SHA,H,76,INFLOW,20131028,2200,7785, ,CFS
SHA,H,76,INFLOW,20131028,2300,3974, ,CFS
SHA,H,76,INFLOW,20131029,0000,2294, ,CFS
SHA,H,76,INFLOW,20131029,0100,3496, ,CFS
SHA,H,76,INFLOW,20131029,0200,-295, ,CFS
SHA,H,76,INFLOW,20131029,0300,-360, ,CFS
SHA,H,76,INFLOW,20131029,0400,5537, ,CFS
SHA,H,76,INFLOW,20131029,0500,-3889, ,CFS
SHA,H,76,INFLOW,20131029,0600,4378, ,CFS
SHA,H,76,INFLOW,20131029,0700,1127, ,CFS
SHA,H,76,INFLOW,20131029,0800,-3246, ,CFS
SHA,H,76,INFLOW,20131029,0900,4054, ,CFS
SHA,H,76,INFLOW,20131029,1000,2598, ,CFS
SHA,H,76,INFLOW,20131029,1100,3482, ,CFS
SHA,H,76,INFLOW,20131029,1200,1421, ,CFS
SHA,H,76,INFLOW,20131029,1300,6490, ,CFS
SHA,H,76,INFLOW,20131029,1400,-147, ,CFS
SHA,H,76,INFLOW,20131029,1500,3141, ,CFS
SHA,H,76,INFLOW,20131029,1600,5194, ,CFS
SHA,H,76,INFLOW,20131029,1700,-1873, ,CFS
SHA,H,76,INFLOW,20131029,1800,5638, ,CFS
SHA,H,76,INFLOW,20131029,1900,8425, ,CFS
SHA,H,76,INFLOW,20131029,2000,5168, ,CFS
SHA,H,76,INFLOW,20131029,2100,7743, ,CFS
SHA,H,76,INFLOW,20131029,2200,5647, ,CFS
SHA,H,76,INFLOW,20131029,2300,6171, ,CFS
SHA,H,76,INFLOW,20131030,0000,4092, ,CFS
SHA,H,76,INFLOW,20131030,0100,3369, ,CFS
SHA,H,76,INFLOW,20131030,0200,-471, ,CFS
SHA,H,76,INFLOW,20131030,0300,1543, ,CFS
SHA,H,76,INFLOW,20131030,0400,1762, ,CFS
SHA,H,76,INFLOW,20131030,0500,312, ,CFS
SHA,H,76,INFLOW,20131030,0600,-842, ,CFS
SHA,H,76,INFLOW,20131030,0700,869, ,CFS
SHA,H,76,INFLOW,20131030,0800,1944, ,CFS
SHA,H,76,INFLOW,20131030,0900,5355, ,CFS
SHA,H,76,INFLOW,20131030,1000,6429, ,CFS
SHA,H,76,INFLOW,20131030,1100,1549, ,CFS
SHA,H,76,INFLOW,20131030,1200,2169, ,CFS
SHA,H,76,INFLOW,20131030,1300,-1858, ,CFS
SHA,H,76,INFLOW,20131030,1400,2505, ,CFS
SHA,H,76,INFLOW,20131030,1500,593, ,CFS
SHA,H,76,INFLOW,20131030,1600,231, ,CFS
SHA,H,76,INFLOW,20131030,1700,-528, ,CFS
SHA,H,76,INFLOW,20131030,1800,4063, ,CFS
SHA,H,76,INFLOW,20131030,1900,914, ,CFS
SHA,H,76,INFLOW,20131030,2000,7532, ,CFS
SHA,H,76,INFLOW,20131030,2100,9633, ,CFS
SHA,H,76,INFLOW,20131030,2200,3765, ,CFS
SHA,H,76,INFLOW,20131030,2300,7246, ,CFS
SHA,H,76,INFLOW,20131031,0000,2608, ,CFS
SHA,H,76,INFLOW,20131031,0100,3458, ,CFS
SHA,H,76,INFLOW,20131031,0200,-2223, ,CFS
SHA,H,76,INFLOW,20131031,0300,1467, ,CFS
SHA,H,76,INFLOW,20131031,0400,-280, ,CFS
SHA,H,76,INFLOW,20131031,0500,386, ,CFS
SHA,H,76,INFLOW,20131031,0600,2836, ,CFS
SHA,H,76,INFLOW,20131031,0700,1096, ,CFS
SHA,H,76,INFLOW,20131031,0800,-17, ,CFS
SHA,H,76,INFLOW,20131031,0900,3743, ,CFS
SHA,H,76,INFLOW,20131031,1000,1608, ,CFS
SHA,H,76,INFLOW,20131031,1100,8403, ,CFS
SHA,H,76,INFLOW,20131031,1200,-2741, ,CFS
SHA,H,76,INFLOW,20131031,1300,-2899, ,CFS
SHA,H,76,INFLOW,20131031,1400,3678, ,CFS
SHA,H,76,INFLOW,20131031,1500,-600, ,CFS
SHA,H,76,INFLOW,20131031,1600,-648, ,CFS
SHA,H,76,INFLOW,20131031,1700,2171, ,CFS
SHA,H,76,INFLOW,20131031,1800,-558, ,CFS
SHA,H,76,INFLOW,20131031,1900,5823, ,CFS
SHA,H,76,INFLOW,20131031,2000,3526, ,CFS
SHA,H,76,INFLOW,20131031,2100,8529, ,CFS
SHA,H,76,INFLOW,20131031,2200,9259, ,CFS
SHA,H,76,INFLOW,20131031,2300,2030, ,CFS
SHA,H,76,INFLOW,20131101,0000,9056, ,CFS
SHA,H,76,INFLOW,20131101,0100,-223, ,CFS
SHA,H,76,INFLOW,20131101,0200,1597, ,CFS
SHA,H,76,INFLOW,20131101,0300,1573, ,CFS
SHA,H,76,INFLOW,20131101,0400,1465, ,CFS
SHA,H,76,INFLOW,20131101,0500,-414, ,CFS
SHA,H,76,INFLOW,20131101,0600,1819, ,CFS
SHA,H,76,INFLOW,20131101,0700,1145, ,CFS
SHA,H,76,INFLOW,20131101,0800,-1178, ,CFS
SHA,H,76,INFLOW,20131101,0900,9762, ,CFS
SHA,H,76,INFLOW,20131101,1000,-733, ,CFS
SHA,H,76,INFLOW,20131101,1100,1602, ,CFS
SHA,H,76,INFLOW,20131101,1200,1937, ,CFS
SHA,H,76,INFLOW,20131101,1300,-1266, ,CFS
SHA,H,76,INFLOW,20131101,1400,1281, ,CFS
SHA,H,76,INFLOW,20131101,1500,960, ,CFS
SHA,H,76,INFLOW,20131101,1600,-1985, ,CFS
SHA,H,76,INFLOW,20131101,1700,865, ,CFS
SHA,H,76,INFLOW,20131101,1800,87, ,CFS
SHA,H,76,INFLOW,20131101,1900,1152, ,CFS
SHA,H,76,INFLOW,20131101,2000,7677, ,CFS
SHA,H,76,INFLOW,20131101,2100,2170, ,CFS
SHA,H,76,INFLOW,20131101,2200,9793, ,CFS
SHA,H,76,INFLOW,20131101,2300,5620, ,CFS
SHA,H,76,INFLOW,20131102,0000,930, ,CFS
SHA,H,76,INFLOW,20131102,0100,9387, ,CFS
SHA,H,76,INFLOW,20131102,0200,-257, ,CFS
SHA,H,76,INFLOW,20131102,0300,1628, ,CFS
SHA,H,76,INFLOW,20131102,0400,1650, ,CFS
SHA,H,76,INFLOW,20131102,0500,-74, ,CFS
SHA,H,76,INFLOW,20131102,0600,1975, ,CFS
SHA,H,76,INFLOW,20131102,0700,-434, ,CFS
SHA,H,76,INFLOW,20131102,0800,139, ,CFS
SHA,H,76,INFLOW,20131102,0900,64, ,CFS
SHA,H,76,INFLOW,20131102,1000,144, ,CFS
SHA,H,76,INFLOW,20131102,1100,1033, ,CFS
SHA,H,76,INFLOW,20131102,1200,-2616, ,CFS
SHA,H,76,INFLOW,20131102,1300,3056, ,CFS
SHA,H,76,INFLOW,20131102,1400,-1468, ,CFS
SHA,H,76,INFLOW,20131102,1500,890, ,CFS
SHA,H,76,INFLOW,20131102,1600,-1241, ,CFS
SHA,H,76,INFLOW,20131102,1700,-717, ,CFS
SHA,H,76,INFLOW,20131102,1800,2991, ,CFS
SHA,H,76,INFLOW,20131102,1900,1509, ,CFS
SHA,H,76,INFLOW,20131102,2000,10532, ,CFS
SHA,H,76,INFLOW,20131102,2100,3002, ,CFS
SHA,H,76,INFLOW,20131102,2200,6524, ,CFS
SHA,H,76,INFLOW,20131102,2300,7431, ,CFS
SHA,H,76,INFLOW,20131103,0000,804, ,CFS
SHA,H,76,INFLOW,20131103,0100,3875, ,CFS
SHA,H,76,INFLOW,20131103,0200,-410, ,CFS
SHA,H,76,INFLOW,20131103,0300,3595, ,CFS
SHA,H,76,INFLOW,20131103,0400,-1899, ,CFS
SHA,H,76,INFLOW,20131103,0500,106, ,CFS
SHA,H,76,INFLOW,20131103,0600,-170, ,CFS
SHA,H,76,INFLOW,20131103,0700,2410, ,CFS
SHA,H,76,INFLOW,20131103,0800,-34, ,CFS
SHA,H,76,INFLOW,20131103,0900,327, ,CFS
SHA,H,76,INFLOW,20131103,1000,5033, ,CFS
SHA,H,76,INFLOW,20131103,1100,1367, ,CFS
SHA,H,76,INFLOW,20131103,1200,1149, ,CFS
SHA,H,76,INFLOW,20131103,1300,1233, ,CFS
SHA,H,76,INFLOW,20131103,1400,1133, ,CFS
SHA,H,76,INFLOW,20131103,1500,615, ,CFS
SHA,H,76,INFLOW,20131103,1600,-343, ,CFS
SHA,H,76,INFLOW,20131103,1700,34, ,CFS
SHA,H,76,INFLOW,20131103,1800,592, ,CFS
SHA,H,76,INFLOW,20131103,1900,1707, ,CFS
SHA,H,76,INFLOW,20131103,2000,8262, ,CFS
SHA,H,76,INFLOW,20131103,2100,5623, ,CFS
SHA,H,76,INFLOW,20131103,2200,5966, ,CFS
SHA,H,76,INFLOW,20131103,2300,6309, ,CFS
SHA,H,76,INFLOW,20131104,0000,2101, ,CFS
SHA,H,76,INFLOW,20131104,0100,3604, ,CFS
SHA,H,76,INFLOW,20131104,0200,3427, ,CFS
SHA,H,76,INFLOW,20131104,0300,3396, ,CFS
SHA,H,76,INFLOW,20131104,0400,-2072, ,CFS
SHA,H,76,INFLOW,20131104,0500,2039, ,CFS
SHA,H,76,INFLOW,20131104,0600,-1731, ,CFS
SHA,H,76,INFLOW,20131104,0700,-558, ,CFS
SHA,H,76,INFLOW,20131104,0800,2416, ,CFS
SHA,H,76,INFLOW,20131104,0900,3846, ,CFS
SHA,H,76,INFLOW,20131104,1000,-139, ,CFS
SHA,H,76,INFLOW,20131104,1100,8725, ,CFS
SHA,H,76,INFLOW,20131104,1200,-844, ,CFS
SHA,H,76,INFLOW,20131104,1300,233, ,CFS
SHA,H,76,INFLOW,20131104,1400,7807, ,CFS
SHA,H,76,INFLOW,20131104,1500,283, ,CFS
SHA,H,76,INFLOW,20131104,1600,2281, ,CFS
SHA,H,76,INFLOW,20131104,1700,4586, ,CFS
SHA,H,76,INFLOW,20131104,1800,662, ,CFS
SHA,H,76,INFLOW,20131104,1900,3269, ,CFS
SHA,H,76,INFLOW,20131104,2000,10951, ,CFS
SHA,H,76,INFLOW,20131104,2100,4619, ,CFS
SHA,H,76,INFLOW,20131104,2200,5289, ,CFS
SHA,H,76,INFLOW,20131104,2300,6731, ,CFS
SHA,H,76,INFLOW,20131105,0000,5040, ,CFS
SHA,H,76,INFLOW,20131105,0100,-134, ,CFS
SHA,H,76,INFLOW,20131105,0200,3500, ,CFS
SHA,H,76,INFLOW,20131105,0300,1534, ,CFS
SHA,H,76,INFLOW,20131105,0400,1657, ,CFS
SHA,H,76,INFLOW,20131105,0500,-2077, ,CFS
SHA,H,76,INFLOW,20131105,0600,2108, ,CFS
SHA,H,76,INFLOW,20131105,0700,-656, ,CFS
SHA,H,76,INFLOW,20131105,0800,1523, ,CFS
SHA,H,76,INFLOW,20131105,0900,6584, ,CFS
SHA,H,76,INFLOW,20131105,1000,1770, ,CFS
SHA,H,76,INFLOW,20131105,1100,4559, ,CFS
SHA,H,76,INFLOW,20131105,1200,4647, ,CFS
SHA,H,76,INFLOW,20131105,1300,-3107, ,CFS
SHA,H,76,INFLOW,20131105,1400,2382, ,CFS
SHA,H,76,INFLOW,20131105,1500,1571, ,CFS
SHA,H,76,INFLOW,20131105,1600,-2858, ,CFS
SHA,H,76,INFLOW,20131105,1700,4596, ,CFS
SHA,H,76,INFLOW,20131105,1800,2663, ,CFS
SHA,H,76,INFLOW,20131105,1900,5403, ,CFS
SHA,H,76,INFLOW,20131105,2000,7733, ,CFS
SHA,H,76,INFLOW,20131105,2100,8996, ,CFS
SHA,H,76,INFLOW,20131105,2200,2651, ,CFS
SHA,H,76,INFLOW,20131105,2300,7972, ,CFS
SHA,H,76,INFLOW,20131106,0000,2693, ,CFS
SHA,H,76,INFLOW,20131106,0100,3565, ,CFS
SHA,H,76,INFLOW,20131106,0200,1198, ,CFS
SHA,H,76,INFLOW,20131106,0300,-616, ,CFS
SHA,H,76,INFLOW,20131106,0400,1228, ,CFS
SHA,H,76,INFLOW,20131106,0500,1397, ,CFS
SHA,H,76,INFLOW,20131106,0600,-189, ,CFS
SHA,H,76,INFLOW,20131106,0700,-1125, ,CFS
SHA,H,76,INFLOW,20131106,0800,1875, ,CFS
SHA,H,76,INFLOW,20131106,0900,3895, ,CFS
SHA,H,76,INFLOW,20131106,1000,4609, ,CFS
SHA,H,76,INFLOW,20131106,1100,4481, ,CFS
SHA,H,76,INFLOW,20131106,1200,4633, ,CFS
SHA,H,76,INFLOW,20131106,1300,-1425, ,CFS
SHA,H,76,INFLOW,20131106,1400,647, ,CFS
SHA,H,76,INFLOW,20131106,1500,2861, ,CFS
SHA,H,76,INFLOW,20131106,1600,-892, ,CFS
SHA,H,76,INFLOW,20131106,1700,2303, ,CFS
SHA,H,76,INFLOW,20131106,1800,3906, ,CFS
SHA,H,76,INFLOW,20131106,1900,8237, ,CFS
SHA,H,76,INFLOW,20131106,2000,6705, ,CFS
SHA,H,76,INFLOW,20131106,2100,3492, ,CFS
SHA,H,76,INFLOW,20131106,2200,7974, ,CFS
SHA,H,76,INFLOW,20131106,2300,4306, ,CFS
SHA,H,76,INFLOW,20131107,0000,5648, ,CFS
SHA,H,76,INFLOW,20131107,0100,-69, ,CFS
SHA,H,76,INFLOW,20131107,0200,2974, ,CFS
SHA,H,76,INFLOW,20131107,0300,1244, ,CFS
SHA,H,76,INFLOW,20131107,0400,-288, ,CFS
SHA,H,76,INFLOW,20131107,0500,35, ,CFS
SHA,H,76,INFLOW,20131107,0600,2163, ,CFS
SHA,H,76,INFLOW,20131107,0700,306, ,CFS
SHA,H,76,INFLOW,20131107,0800,1800, ,CFS
SHA,H,76,INFLOW,20131107,0900,3153, ,CFS
SHA,H,76,INFLOW,20131107,1000,3121, ,CFS
SHA,H,76,INFLOW,20131107,1100,6870, ,CFS
SHA,H,76,INFLOW,20131107,1200,8811, ,CFS
SHA,H,76,INFLOW,20131107,1300,2049, ,CFS
SHA,H,76,INFLOW,20131107,1400,4248, ,CFS
SHA,H,76,INFLOW,20131107,1500,-1242, ,CFS
SHA,H,76,INFLOW,20131107,1600,1131, ,CFS
SHA,H,76,INFLOW,20131107,1700,576, ,CFS
SHA,H,76,INFLOW,20131107,1800,3812, ,CFS
SHA,H,76,INFLOW,20131107,1900,3263, ,CFS
SHA,H,76,INFLOW,20131107,2000,7246, ,CFS
SHA,H,76,INFLOW,20131107,2100,6171, ,CFS
SHA,H,76,INFLOW,20131107,2200,5251, ,CFS
SHA,H,76,INFLOW,20131107,2300,5398, ,CFS
SHA,H,76,INFLOW,20131108,0000,4677, ,CFS
SHA,H,76,INFLOW,20131108,0100,1689, ,CFS
SHA,H,76,INFLOW,20131108,0200,1114, ,CFS
SHA,H,76,INFLOW,20131108,0300,1064, ,CFS
SHA,H,76,INFLOW,20131108,0400,1575, ,CFS
SHA,H,76,INFLOW,20131108,0500,-204, ,CFS
SHA,H,76,INFLOW,20131108,0600,496, ,CFS
SHA,H,76,INFLOW,20131108,0700,1818, ,CFS
SHA,H,76,INFLOW,20131108,0800,-728, ,CFS
SHA,H,76,INFLOW,20131108,0900,6466, ,CFS
SHA,H,76,INFLOW,20131108,1000,2119, ,CFS
SHA,H,76,INFLOW,20131108,1100,4480, ,CFS
SHA,H,76,INFLOW,20131108,1200,6388, ,CFS
SHA,H,76,INFLOW,20131108,1300,1028, ,CFS
SHA,H,76,INFLOW,20131108,1400,918, ,CFS
SHA,H,76,INFLOW,20131108,1500,535, ,CFS
SHA,H,76,INFLOW,20131108,1600,854, ,CFS
SHA,H,76,INFLOW,20131108,1700,-1117, ,CFS
SHA,H,76,INFLOW,20131108,1800,3814, ,CFS
SHA,H,76,INFLOW,20131108,1900,3783, ,CFS
SHA,H,76,INFLOW,20131108,2000,3012, ,CFS
SHA,H,76,INFLOW,20131108,2100,11275, ,CFS
SHA,H,76,INFLOW,20131108,2200,4563, ,CFS
SHA,H,76,INFLOW,20131108,2300,2850, ,CFS
SHA,H,76,INFLOW,20131109,0000,6536, ,CFS
SHA,H,76,INFLOW,20131109,0100,47, ,CFS
SHA,H,76,INFLOW,20131109,0200,1136, ,CFS
SHA,H,76,INFLOW,20131109,0300,3268, ,CFS
SHA,H,76,INFLOW,20131109,0400,-348, ,CFS
SHA,H,76,INFLOW,20131109,0500,-222, ,CFS
SHA,H,76,INFLOW,20131109,0600,3703, ,CFS
SHA,H,76,INFLOW,20131109,0700,-279, ,CFS
SHA,H,76,INFLOW,20131109,0800,-265, ,CFS
SHA,H,76,INFLOW,20131109,0900,-143, ,CFS
SHA,H,76,INFLOW,20131109,1000,200, ,CFS
SHA,H,76,INFLOW,20131109,1100,781, ,CFS
SHA,H,76,INFLOW,20131109,1200,2933, ,CFS
SHA,H,76,INFLOW,20131109,1300,2920, ,CFS
SHA,H,76,INFLOW,20131109,1400,2854, ,CFS
SHA,H,76,INFLOW,20131109,1500,3131, ,CFS
SHA,H,76,INFLOW,20131109,1600,3152, ,CFS
SHA,H,76,INFLOW,20131109,1700,-553, ,CFS
SHA,H,76,INFLOW,20131109,1800,8333, ,CFS
SHA,H,76,INFLOW,20131109,1900,4291, ,CFS
SHA,H,76,INFLOW,20131109,2000,5570, ,CFS
SHA,H,76,INFLOW,20131109,2100,7118, ,CFS
SHA,H,76,INFLOW,20131109,2200,4853, ,CFS
SHA,H,76,INFLOW,20131109,2300,6019, ,CFS
SHA,H,76,INFLOW,20131110,0000,3375, ,CFS
SHA,H,76,INFLOW,20131110,0100,1554, ,CFS
SHA,H,76,INFLOW,20131110,0200,2654, ,CFS
SHA,H,76,INFLOW,20131110,0300,667, ,CFS
SHA,H,76,INFLOW,20131110,0400,3049, ,CFS
SHA,H,76,INFLOW,20131110,0500,-502, ,CFS
SHA,H,76,INFLOW,20131110,0600,1790, ,CFS
SHA,H,76,INFLOW,20131110,0700,431, ,CFS
SHA,H,76,INFLOW,20131110,0800,521, ,CFS
SHA,H,76,INFLOW,20131110,0900,-866, ,CFS
SHA,H,76,INFLOW,20131110,1000,-825, ,CFS
SHA,H,76,INFLOW,20131110,1100,2105, ,CFS
SHA,H,76,INFLOW,20131110,1200,4312, ,CFS
SHA,H,76,INFLOW,20131110,1300,596, ,CFS
SHA,H,76,INFLOW,20131110,1400,4071, ,CFS
SHA,H,76,INFLOW,20131110,1500,2115, ,CFS
SHA,H,76,INFLOW,20131110,1600,366, ,CFS
SHA,H,76,INFLOW,20131110,1700,2285, ,CFS
SHA,H,76,INFLOW,20131110,1800,4152, ,CFS
SHA,H,76,INFLOW,20131110,1900,-3001, ,CFS
SHA,H,76,INFLOW,20131110,2000,10045, ,CFS
SHA,H,76,INFLOW,20131110,2100,6644, ,CFS
SHA,H,76,INFLOW,20131110,2200,5384, ,CFS
SHA,H,76,INFLOW,20131110,2300,5627, ,CFS
SHA,H,76,INFLOW,20131111,0000,8702, ,CFS
SHA,H,76,INFLOW,20131111,0100,-42, ,CFS
SHA,H,76,INFLOW,20131111,0200,5166, ,CFS
SHA,H,76,INFLOW,20131111,0300,1194, ,CFS
SHA,H,76,INFLOW,20131111,0400,-614, ,CFS
SHA,H,76,INFLOW,20131111,0500,2176, ,CFS
SHA,H,76,INFLOW,20131111,0600,245, ,CFS
SHA,H,76,INFLOW,20131111,0700,-242, ,CFS
SHA,H,76,INFLOW,20131111,0800,249, ,CFS
SHA,H,76,INFLOW,20131111,0900,7541, ,CFS
SHA,H,76,INFLOW,20131111,1000,277, ,CFS
SHA,H,76,INFLOW,20131111,1100,5836, ,CFS
SHA,H,76,INFLOW,20131111,1200,6019, ,CFS
SHA,H,76,INFLOW,20131111,1300,223, ,CFS
SHA,H,76,INFLOW,20131111,1400,262, ,CFS
SHA,H,76,INFLOW,20131111,1500,7805, ,CFS
SHA,H,76,INFLOW,20131111,1600,-3537, ,CFS
SHA,H,76,INFLOW,20131111,1700,1393, ,CFS
SHA,H,76,INFLOW,20131111,1800,7955, ,CFS
SHA,H,76,INFLOW,20131111,1900,2782, ,CFS
SHA,H,76,INFLOW,20131111,2000,8897, ,CFS
SHA,H,76,INFLOW,20131111,2100,3969, ,CFS
SHA,H,76,INFLOW,20131111,2200,4802, ,CFS
SHA,H,76,INFLOW,20131111,2300,7333, ,CFS
SHA,H,76,INFLOW,20131112,0000,4666, ,CFS
SHA,H,76,INFLOW,20131112,0100,-470, ,CFS
SHA,H,76,INFLOW,20131112,0200,6595, ,CFS
SHA,H,76,INFLOW,20131112,0300,1208, ,CFS
SHA,H,76,INFLOW,20131112,0400,3071, ,CFS
SHA,H,76,INFLOW,20131112,0500,-375, ,CFS
SHA,H,76,INFLOW,20131112,0600,-1727, ,CFS
SHA,H,76,INFLOW,20131112,0700,-3504, ,CFS
SHA,H,76,INFLOW,20131112,0800,6252, ,CFS
SHA,H,76,INFLOW,20131112,0900,7821, ,CFS
SHA,H,76,INFLOW,20131112,1000,7860, ,CFS
SHA,H,76,INFLOW,20131112,1100,-3530, ,CFS
SHA,H,76,INFLOW,20131112,1200,9423, ,CFS
SHA,H,76,INFLOW,20131112,1300,-5938, ,CFS
SHA,H,76,INFLOW,20131112,1400,2832, ,CFS
SHA,H,76,INFLOW,20131112,1500,2674, ,CFS
SHA,H,76,INFLOW,20131112,1600,4432, ,CFS
SHA,H,76,INFLOW,20131112,1700,3849, ,CFS
SHA,H,76,INFLOW,20131112,1800,5245, ,CFS
SHA,H,76,INFLOW,20131112,1900,4275, ,CFS
SHA,H,76,INFLOW,20131112,2000,8162, ,CFS
SHA,H,76,INFLOW,20131112,2100,7178, ,CFS
SHA,H,76,INFLOW,20131112,2200,4959, ,CFS
SHA,H,76,INFLOW,20131112,2300,4011, ,CFS
SHA,H,76,INFLOW,20131113,0000,6934, ,CFS
SHA,H,76,INFLOW,20131113,0100,3660, ,CFS
SHA,H,76,INFLOW,20131113,0200,5159, ,CFS
SHA,H,76,INFLOW,20131113,0300,3338, ,CFS
SHA,H,76,INFLOW,20131113,0400,1383, ,CFS
SHA,H,76,INFLOW,20131113,0500,1685, ,CFS
SHA,H,76,INFLOW,20131113,0600,261, ,CFS
SHA,H,76,INFLOW,20131113,0700,-1144, ,CFS
SHA,H,76,INFLOW,20131113,0800,2942, ,CFS
SHA,H,76,INFLOW,20131113,0900,4134, ,CFS
SHA,H,76,INFLOW,20131113,1000,501, ,CFS
SHA,H,76,INFLOW,20131113,1100,-14477, ,CFS
SHA,H,76,INFLOW,20131113,1200,4124, ,CFS
SHA,H,76,INFLOW,20131113,1300,-3416, ,CFS
SHA,H,76,INFLOW,20131113,1400,2330, ,CFS
SHA,H,76,INFLOW,20131113,1500,2197, ,CFS
SHA,H,76,INFLOW,20131113,1600,446, ,CFS
SHA,H,76,INFLOW,20131113,1700,627, ,CFS
SHA,H,76,INFLOW,20131113,1800,3864, ,CFS
SHA,H,76,INFLOW,20131113,1900,5994, ,CFS
SHA,H,76,INFLOW,20131113,2000,5599, ,CFS
SHA,H,76,INFLOW,20131113,2100,8240, ,CFS
SHA,H,76,INFLOW,20131113,2200,4009, ,CFS
SHA,H,76,INFLOW,20131113,2300,6516, ,CFS
SHA,H,76,INFLOW,20131114,0000,4291, ,CFS
SHA,H,76,INFLOW,20131114,0100,295, ,CFS
SHA,H,76,INFLOW,20131114,0200,70, ,CFS
SHA,H,76,INFLOW,20131114,0300,3807, ,CFS
SHA,H,76,INFLOW,20131114,0400,70, ,CFS
SHA,H,76,INFLOW,20131114,0500,70, ,CFS
SHA,H,76,INFLOW,20131114,0600,326, ,CFS
SHA,H,76,INFLOW,20131114,0700,15, ,CFS
SHA,H,76,INFLOW,20131114,0800,1862, ,CFS
SHA,H,76,INFLOW,20131114,0900,7390, ,CFS
SHA,H,76,INFLOW,20131114,1000,1917, ,CFS
SHA,H,76,INFLOW,20131114,1100,9826, ,CFS
SHA,H,76,INFLOW,20131114,1200,2390, ,CFS
SHA,H,76,INFLOW,20131114,1300,4359, ,CFS
SHA,H,76,INFLOW,20131114,1400,2422, ,CFS
SHA,H,76,INFLOW,20131114,1500,5994, ,CFS
SHA,H,76,INFLOW,20131114,1600,-1561, ,CFS
SHA,H,76,INFLOW,20131114,1700,6517, ,CFS
SHA,H,76,INFLOW,20131114,1800,3291, ,CFS
SHA,H,76,INFLOW,20131114,1900,5514, ,CFS
SHA,H,76,INFLOW,20131114,2000,10207, ,CFS
SHA,H,76,INFLOW,20131114,2100,3723, ,CFS
SHA,H,76,INFLOW,20131114,2200,3776, ,CFS
SHA,H,76,INFLOW,20131114,2300,8435, ,CFS
SHA,H,76,INFLOW,20131115,0000,2516, ,CFS
SHA,H,76,INFLOW,20131115,0100,4028, ,CFS
SHA,H,76,INFLOW,20131115,0200,7553, ,CFS
SHA,H,76,INFLOW,20131115,0300,-1790, ,CFS
SHA,H,76,INFLOW,20131115,0400,1948, ,CFS
SHA,H,76,INFLOW,20131115,0500,3816, ,CFS
SHA,H,76,INFLOW,20131115,0600,328, ,CFS
SHA,H,76,INFLOW,20131115,0700,420, ,CFS
SHA,H,76,INFLOW,20131115,0800,2284, ,CFS
SHA,H,76,INFLOW,20131115,0900,4205, ,CFS
SHA,H,76,INFLOW,20131115,1000,3307, ,CFS
SHA,H,76,INFLOW,20131115,1100,3587, ,CFS
SHA,H,76,INFLOW,20131115,1200,4646, ,CFS
SHA,H,76,INFLOW,20131115,1300,-991, ,CFS
SHA,H,76,INFLOW,20131115,1400,4576, ,CFS
SHA,H,76,INFLOW,20131115,1500,1018, ,CFS
SHA,H,76,INFLOW,20131115,1600,1196, ,CFS
SHA,H,76,INFLOW,20131115,1700,2071, ,CFS
SHA,H,76,INFLOW,20131115,1800,5115, ,CFS
SHA,H,76,INFLOW,20131115,1900,5958, ,CFS
SHA,H,76,INFLOW,20131115,2000,7185, ,CFS
SHA,H,76,INFLOW,20131115,2100,3600, ,CFS
SHA,H,76,INFLOW,20131115,2200,8497, ,CFS
SHA,H,76,INFLOW,20131115,2300,3407, ,CFS
SHA,H,76,INFLOW,20131116,0000,5218, ,CFS
SHA,H,76,INFLOW,20131116,0100,2116, ,CFS
SHA,H,76,INFLOW,20131116,0200,1948, ,CFS
SHA,H,76,INFLOW,20131116,0300,-1790, ,CFS
SHA,H,76,INFLOW,20131116,0400,1948, ,CFS
SHA,H,76,INFLOW,20131116,0500,1948, ,CFS
SHA,H,76,INFLOW,20131116,0600,-1613, ,CFS
SHA,H,76,INFLOW,20131116,0700,2825, ,CFS
SHA,H,76,INFLOW,20131116,0800,1226, ,CFS
SHA,H,76,INFLOW,20131116,0900,-2297, ,CFS
SHA,H,76,INFLOW,20131116,1000,-120, ,CFS
SHA,H,76,INFLOW,20131116,1100,1868, ,CFS
SHA,H,76,INFLOW,20131116,1200,-150, ,CFS
SHA,H,76,INFLOW,20131116,1300,1697, ,CFS
SHA,H,76,INFLOW,20131116,1400,-2224, ,CFS
SHA,H,76,INFLOW,20131116,1500,-325, ,CFS
SHA,H,76,INFLOW,20131116,1600,-814, ,CFS
SHA,H,76,INFLOW,20131116,1700,-218, ,CFS
SHA,H,76,INFLOW,20131116,1800,2726, ,CFS
SHA,H,76,INFLOW,20131116,1900,4977, ,CFS
SHA,H,76,INFLOW,20131116,2000,7792, ,CFS
SHA,H,76,INFLOW,20131116,2100,1677, ,CFS
SHA,H,76,INFLOW,20131116,2200,5207, ,CFS
SHA,H,76,INFLOW,20131116,2300,9786, ,CFS
SHA,H,76,INFLOW,20131117,0000,3948, ,CFS
SHA,H,76,INFLOW,20131117,0100,4002, ,CFS
SHA,H,76,INFLOW,20131117,0200,5663, ,CFS
SHA,H,76,INFLOW,20131117,0300,57, ,CFS
SHA,H,76,INFLOW,20131117,0400,57, ,CFS
SHA,H,76,INFLOW,20131117,0500,5663, ,CFS
SHA,H,76,INFLOW,20131117,0600,-3517, ,CFS
SHA,H,76,INFLOW,20131117,0700,2440, ,CFS
SHA,H,76,INFLOW,20131117,0800,2568, ,CFS
SHA,H,76,INFLOW,20131117,0900,724, ,CFS
SHA,H,76,INFLOW,20131117,1000,2759, ,CFS
SHA,H,76,INFLOW,20131117,1100,1324, ,CFS
SHA,H,76,INFLOW,20131117,1200,1359, ,CFS
SHA,H,76,INFLOW,20131117,1300,4537, ,CFS
SHA,H,76,INFLOW,20131117,1400,4397, ,CFS
SHA,H,76,INFLOW,20131117,1500,708, ,CFS
SHA,H,76,INFLOW,20131117,1600,2878, ,CFS
SHA,H,76,INFLOW,20131117,1700,4073, ,CFS
SHA,H,76,INFLOW,20131117,1800,2524, ,CFS
SHA,H,76,INFLOW,20131117,1900,5059, ,CFS
SHA,H,76,INFLOW,20131117,2000,7765, ,CFS
SHA,H,76,INFLOW,20131117,2100,4731, ,CFS
SHA,H,76,INFLOW,20131117,2200,7097, ,CFS
SHA,H,76,INFLOW,20131117,2300,5197, ,CFS
SHA,H,76,INFLOW,20131118,0000,6642, ,CFS
SHA,H,76,INFLOW,20131118,0100,280, ,CFS
SHA,H,76,INFLOW,20131118,0200,3816, ,CFS
SHA,H,76,INFLOW,20131118,0300,1948, ,CFS
SHA,H,76,INFLOW,20131118,0400,79, ,CFS
SHA,H,76,INFLOW,20131118,0500,79, ,CFS
SHA,H,76,INFLOW,20131118,0600,2173, ,CFS
SHA,H,76,INFLOW,20131118,0700,-1159, ,CFS
SHA,H,76,INFLOW,20131118,0800,1298, ,CFS
SHA,H,76,INFLOW,20131118,0900,7938, ,CFS
SHA,H,76,INFLOW,20131118,1000,124, ,CFS
SHA,H,76,INFLOW,20131118,1100,3899, ,CFS
SHA,H,76,INFLOW,20131118,1200,5576, ,CFS
SHA,H,76,INFLOW,20131118,1300,-3948, ,CFS
SHA,H,76,INFLOW,20131118,1400,9247, ,CFS
SHA,H,76,INFLOW,20131118,1500,-676, ,CFS
SHA,H,76,INFLOW,20131118,1600,1395, ,CFS
SHA,H,76,INFLOW,20131118,1700,4170, ,CFS
SHA,H,76,INFLOW,20131118,1800,5032, ,CFS
SHA,H,76,INFLOW,20131118,1900,1844, ,CFS
SHA,H,76,INFLOW,20131118,2000,11716, ,CFS
SHA,H,76,INFLOW,20131118,2100,4998, ,CFS
SHA,H,76,INFLOW,20131118,2200,6359, ,CFS
SHA,H,76,INFLOW,20131118,2300,9156, ,CFS
SHA,H,76,INFLOW,20131119,0000,3016, ,CFS
SHA,H,76,INFLOW,20131119,0100,5827, ,CFS
SHA,H,76,INFLOW,20131119,0200,3794, ,CFS
SHA,H,76,INFLOW,20131119,0300,3794, ,CFS
SHA,H,76,INFLOW,20131119,0400,1926, ,CFS
SHA,H,76,INFLOW,20131119,0500,5663, ,CFS
SHA,H,76,INFLOW,20131119,0600,2086, ,CFS
SHA,H,76,INFLOW,20131119,0700,4658, ,CFS
SHA,H,76,INFLOW,20131119,0800,3313, ,CFS
SHA,H,76,INFLOW,20131119,0900,8857, ,CFS
SHA,H,76,INFLOW,20131119,1000,9635, ,CFS
SHA,H,76,INFLOW,20131119,1100,9533, ,CFS
SHA,H,76,INFLOW,20131119,1200,5643, ,CFS
SHA,H,76,INFLOW,20131119,1300,7915, ,CFS
SHA,H,76,INFLOW,20131119,1400,8081, ,CFS
SHA,H,76,INFLOW,20131119,1500,7715, ,CFS
SHA,H,76,INFLOW,20131119,1600,9806, ,CFS
SHA,H,76,INFLOW,20131119,1700,4501, ,CFS
SHA,H,76,INFLOW,20131119,1800,8553, ,CFS
SHA,H,76,INFLOW,20131119,1900,8938, ,CFS
SHA,H,76,INFLOW,20131119,2000,7678, ,CFS
SHA,H,76,INFLOW,20131119,2100,6152, ,CFS
SHA,H,76,INFLOW,20131119,2200,8064, ,CFS
SHA,H,76,INFLOW,20131119,2300,8494, ,CFS
SHA,H,76,INFLOW,20131120,0000,6238, ,CFS
SHA,H,76,INFLOW,20131120,0100,2082, ,CFS
SHA,H,76,INFLOW,20131120,0200,7544, ,CFS
SHA,H,76,INFLOW,20131120,0300,5676, ,CFS
SHA,H,76,INFLOW,20131120,0400,11282, ,CFS
SHA,H,76,INFLOW,20131120,0500,7544, ,CFS
SHA,H,76,INFLOW,20131120,0600,7690, ,CFS
SHA,H,76,INFLOW,20131120,0700,10157, ,CFS
SHA,H,76,INFLOW,20131120,0800,6154, ,CFS
SHA,H,76,INFLOW,20131120,0900,6129, ,CFS
SHA,H,76,INFLOW,20131120,1000,8078, ,CFS
SHA,H,76,INFLOW,20131120,1100,6342, ,CFS
SHA,H,76,INFLOW,20131120,1200,6311, ,CFS
SHA,H,76,INFLOW,20131120,1300,8139, ,CFS
SHA,H,76,INFLOW,20131120,1400,8318, ,CFS
SHA,H,76,INFLOW,20131120,1500,8279, ,CFS
SHA,H,76,INFLOW,20131120,1600,10082, ,CFS
SHA,H,76,INFLOW,20131120,1700,8681, ,CFS
SHA,H,76,INFLOW,20131120,1800,11497, ,CFS
SHA,H,76,INFLOW,20131120,1900,8306, ,CFS
SHA,H,76,INFLOW,20131120,2000,11838, ,CFS
SHA,H,76,INFLOW,20131120,2100,6003, ,CFS
SHA,H,76,INFLOW,20131120,2200,10322, ,CFS
SHA,H,76,INFLOW,20131120,2300,12304, ,CFS
SHA,H,76,INFLOW,20131121,0000,2516, ,CFS
SHA,H,76,INFLOW,20131121,0100,13330, ,CFS
SHA,H,76,INFLOW,20131121,0200,9442, ,CFS
SHA,H,76,INFLOW,20131121,0300,11322, ,CFS
SHA,H,76,INFLOW,20131121,0400,5681, ,CFS
SHA,H,76,INFLOW,20131121,0500,9442, ,CFS
SHA,H,76,INFLOW,20131121,0600,5813, ,CFS
SHA,H,76,INFLOW,20131121,0700,7876, ,CFS
SHA,H,76,INFLOW,20131121,0800,8710, ,CFS
SHA,H,76,INFLOW,20131121,0900,8504, ,CFS
SHA,H,76,INFLOW,20131121,1000,1105, ,CFS
SHA,H,76,INFLOW,20131121,1100,2356, ,CFS
SHA,H,76,INFLOW,20131121,1200,5924, ,CFS
SHA,H,76,INFLOW,20131121,1300,2145, ,CFS
SHA,H,76,INFLOW,20131121,1400,-5055, ,CFS
SHA,H,76,INFLOW,20131121,1500,1047, ,CFS
SHA,H,76,INFLOW,20131121,1600,-2290, ,CFS
SHA,H,76,INFLOW,20131121,1700,-25, ,CFS
SHA,H,76,INFLOW,20131121,1800,6680, ,CFS
SHA,H,76,INFLOW,20131121,1900,378, ,CFS
SHA,H,76,INFLOW,20131121,2000,2613, ,CFS
SHA,H,76,INFLOW,20131121,2100,5550, ,CFS
SHA,H,76,INFLOW,20131121,2200,-4727, ,CFS
SHA,H,76,INFLOW,20131121,2300,14278, ,CFS
SHA,H,76,INFLOW,20131122,0000,2496, ,CFS
SHA,H,76,INFLOW,20131122,0100,-3374, ,CFS
SHA,H,76,INFLOW,20131122,0200,4014, ,CFS
SHA,H,76,INFLOW,20131122,0300,4014, ,CFS
SHA,H,76,INFLOW,20131122,0400,-3508, ,CFS
SHA,H,76,INFLOW,20131122,0500,253, ,CFS
SHA,H,76,INFLOW,20131122,0600,2279, ,CFS
SHA,H,76,INFLOW,20131122,0700,4872, ,CFS
SHA,H,76,INFLOW,20131122,0800,-944, ,CFS
SHA,H,76,INFLOW,20131122,0900,2709, ,CFS
SHA,H,76,INFLOW,20131122,1000,-3316, ,CFS
SHA,H,76,INFLOW,20131122,1100,-3300, ,CFS
SHA,H,76,INFLOW,20131122,1200,2169, ,CFS
SHA,H,76,INFLOW,20131122,1300,2119, ,CFS
SHA,H,76,INFLOW,20131122,1400,905, ,CFS
SHA,H,76,INFLOW,20131122,1500,2713, ,CFS
SHA,H,76,INFLOW,20131122,1600,1605, ,CFS
SHA,H,76,INFLOW,20131122,1700,383, ,CFS
SHA,H,76,INFLOW,20131122,1800,-986, ,CFS
SHA,H,76,INFLOW,20131122,1900,-2704, ,CFS
SHA,H,76,INFLOW,20131122,2000,3599, ,CFS
SHA,H,76,INFLOW,20131122,2100,5537, ,CFS
SHA,H,76,INFLOW,20131122,2200,2968, ,CFS
SHA,H,76,INFLOW,20131122,2300,1577, ,CFS
SHA,H,76,INFLOW,20131123,0000,1100, ,CFS
SHA,H,76,INFLOW,20131123,0100,2134, ,CFS
SHA,H,76,INFLOW,20131123,0200,2010, ,CFS
SHA,H,76,INFLOW,20131123,0300,3898, ,CFS
SHA,H,76,INFLOW,20131123,0400,-1786, ,CFS
SHA,H,76,INFLOW,20131123,0500,1974, ,CFS
SHA,H,76,INFLOW,20131123,0600,-1661, ,CFS
SHA,H,76,INFLOW,20131123,0700,3688, ,CFS
SHA,H,76,INFLOW,20131123,0800,2212, ,CFS
SHA,H,76,INFLOW,20131123,0900,-1498, ,CFS
SHA,H,76,INFLOW,20131123,1000,425, ,CFS
SHA,H,76,INFLOW,20131123,1100,3035, ,CFS
SHA,H,76,INFLOW,20131123,1200,1035, ,CFS
SHA,H,76,INFLOW,20131123,1300,677, ,CFS
SHA,H,76,INFLOW,20131123,1400,-1240, ,CFS
SHA,H,76,INFLOW,20131123,1500,878, ,CFS
SHA,H,76,INFLOW,20131123,1600,1246, ,CFS
SHA,H,76,INFLOW,20131123,1700,-179, ,CFS
SHA,H,76,INFLOW,20131123,1800,689, ,CFS
SHA,H,76,INFLOW,20131123,1900,2496, ,CFS
SHA,H,76,INFLOW,20131123,2000,6817, ,CFS
SHA,H,76,INFLOW,20131123,2100,6759, ,CFS
SHA,H,76,INFLOW,20131123,2200,8643, ,CFS
SHA,H,76,INFLOW,20131123,2300,2883, ,CFS
SHA,H,76,INFLOW,20131124,0000,2329, ,CFS
SHA,H,76,INFLOW,20131124,0100,3987, ,CFS
SHA,H,76,INFLOW,20131124,0200,1996, ,CFS
SHA,H,76,INFLOW,20131124,0300,3997, ,CFS
SHA,H,76,INFLOW,20131124,0400,135, ,CFS
SHA,H,76,INFLOW,20131124,0500,541, ,CFS
SHA,H,76,INFLOW,20131124,0600,2295, ,CFS
SHA,H,76,INFLOW,20131124,0700,-1169, ,CFS
SHA,H,76,INFLOW,20131124,0800,543, ,CFS
SHA,H,76,INFLOW,20131124,0900,2580, ,CFS
SHA,H,76,INFLOW,20131124,1000,-1259, ,CFS
SHA,H,76,INFLOW,20131124,1100,550, ,CFS
SHA,H,76,INFLOW,20131124,1200,718, ,CFS
SHA,H,76,INFLOW,20131124,1300,606, ,CFS
SHA,H,76,INFLOW,20131124,1400,-1108, ,CFS
SHA,H,76,INFLOW,20131124,1500,2837, ,CFS
SHA,H,76,INFLOW,20131124,1600,3300, ,CFS
SHA,H,76,INFLOW,20131124,1700,4021, ,CFS
SHA,H,76,INFLOW,20131124,1800,7138, ,CFS
SHA,H,76,INFLOW,20131124,1900,6207, ,CFS
SHA,H,76,INFLOW,20131124,2000,9837, ,CFS
SHA,H,76,INFLOW,20131124,2100,7461, ,CFS
SHA,H,76,INFLOW,20131124,2200,6859, ,CFS
SHA,H,76,INFLOW,20131124,2300,7739, ,CFS
SHA,H,76,INFLOW,20131125,0000,7228, ,CFS
SHA,H,76,INFLOW,20131125,0100,3924, ,CFS
SHA,H,76,INFLOW,20131125,0200,5710, ,CFS
SHA,H,76,INFLOW,20131125,0300,3866, ,CFS
SHA,H,76,INFLOW,20131125,0400,-1787, ,CFS
SHA,H,76,INFLOW,20131125,0500,4039, ,CFS
SHA,H,76,INFLOW,20131125,0600,586, ,CFS
SHA,H,76,INFLOW,20131125,0700,-1052, ,CFS
SHA,H,76,INFLOW,20131125,0800,2724, ,CFS
SHA,H,76,INFLOW,20131125,0900,10464, ,CFS
SHA,H,76,INFLOW,20131125,1000,1175, ,CFS
SHA,H,76,INFLOW,20131125,1100,6733, ,CFS
SHA,H,76,INFLOW,20131125,1200,10723, ,CFS
SHA,H,76,INFLOW,20131125,1300,1318, ,CFS
SHA,H,76,INFLOW,20131125,1400,5026, ,CFS
SHA,H,76,INFLOW,20131125,1500,5000, ,CFS
SHA,H,76,INFLOW,20131125,1600,-2547, ,CFS
SHA,H,76,INFLOW,20131125,1700,3120, ,CFS
SHA,H,76,INFLOW,20131125,1800,4472, ,CFS
SHA,H,76,INFLOW,20131125,1900,8332, ,CFS
SHA,H,76,INFLOW,20131125,2000,5313, ,CFS
SHA,H,76,INFLOW,20131125,2100,9460, ,CFS
SHA,H,76,INFLOW,20131125,2200,5222, ,CFS
SHA,H,76,INFLOW,20131125,2300,5627, ,CFS
SHA,H,76,INFLOW,20131126,0000,6262, ,CFS
SHA,H,76,INFLOW,20131126,0100,-1668, ,CFS
SHA,H,76,INFLOW,20131126,0200,5717, ,CFS
SHA,H,76,INFLOW,20131126,0300,1956, ,CFS
SHA,H,76,INFLOW,20131126,0400,75, ,CFS
SHA,H,76,INFLOW,20131126,0500,1956, ,CFS
SHA,H,76,INFLOW,20131126,0600,1411, ,CFS
SHA,H,76,INFLOW,20131126,0700,-1432, ,CFS
SHA,H,76,INFLOW,20131126,0800,2535, ,CFS
SHA,H,76,INFLOW,20131126,0900,7551, ,CFS
SHA,H,76,INFLOW,20131126,1000,2636, ,CFS
SHA,H,76,INFLOW,20131126,1100,4337, ,CFS
SHA,H,76,INFLOW,20131126,1200,4332, ,CFS
SHA,H,76,INFLOW,20131126,1300,-3384, ,CFS
SHA,H,76,INFLOW,20131126,1400,2337, ,CFS
SHA,H,76,INFLOW,20131126,1500,4684, ,CFS
SHA,H,76,INFLOW,20131126,1600,-2773, ,CFS
SHA,H,76,INFLOW,20131126,1700,1889, ,CFS
SHA,H,76,INFLOW,20131126,1800,2958, ,CFS
SHA,H,76,INFLOW,20131126,1900,4059, ,CFS
SHA,H,76,INFLOW,20131126,2000,5486, ,CFS
SHA,H,76,INFLOW,20131126,2100,11595, ,CFS
SHA,H,76,INFLOW,20131126,2200,4601, ,CFS
SHA,H,76,INFLOW,20131126,2300,3567, ,CFS
SHA,H,76,INFLOW,20131127,0000,6427, ,CFS
SHA,H,76,INFLOW,20131127,0100,-1708, ,CFS
SHA,H,76,INFLOW,20131127,0200,1924, ,CFS
SHA,H,76,INFLOW,20131127,0300,1924, ,CFS
SHA,H,76,INFLOW,20131127,0400,1924, ,CFS
SHA,H,76,INFLOW,20131127,0500,43, ,CFS
SHA,H,76,INFLOW,20131127,0600,186, ,CFS
SHA,H,76,INFLOW,20131127,0700,2286, ,CFS
SHA,H,76,INFLOW,20131127,0800,-304, ,CFS
SHA,H,76,INFLOW,20131127,0900,1068, ,CFS
SHA,H,76,INFLOW,20131127,1000,2929, ,CFS
SHA,H,76,INFLOW,20131127,1100,2754, ,CFS
SHA,H,76,INFLOW,20131127,1200,2694, ,CFS
SHA,H,76,INFLOW,20131127,1300,-1255, ,CFS
SHA,H,76,INFLOW,20131127,1400,625, ,CFS
SHA,H,76,INFLOW,20131127,1500,2581, ,CFS
SHA,H,76,INFLOW,20131127,1600,-1068, ,CFS
SHA,H,76,INFLOW,20131127,1700,-280, ,CFS
SHA,H,76,INFLOW,20131127,1800,5184, ,CFS
SHA,H,76,INFLOW,20131127,1900,-2032, ,CFS
SHA,H,76,INFLOW,20131127,2000,10265, ,CFS
SHA,H,76,INFLOW,20131127,2100,3510, ,CFS
SHA,H,76,INFLOW,20131127,2200,1568, ,CFS
SHA,H,76,INFLOW,20131127,2300,7112, ,CFS
SHA,H,76,INFLOW,20131128,0000,-1004, ,CFS
SHA,H,76,INFLOW,20131128,0100,189, ,CFS
SHA,H,76,INFLOW,20131128,0200,5672, ,CFS
SHA,H,76,INFLOW,20131128,0300,-1803, ,CFS
SHA,H,76,INFLOW,20131128,0400,66, ,CFS
SHA,H,76,INFLOW,20131128,0500,1935, ,CFS
SHA,H,76,INFLOW,20131128,0600,154, ,CFS
SHA,H,76,INFLOW,20131128,0700,1440, ,CFS
SHA,H,76,INFLOW,20131128,0800,1599, ,CFS
SHA,H,76,INFLOW,20131128,0900,973, ,CFS
SHA,H,76,INFLOW,20131128,1000,4016, ,CFS
SHA,H,76,INFLOW,20131128,1100,2808, ,CFS
SHA,H,76,INFLOW,20131128,1200,6600, ,CFS
SHA,H,76,INFLOW,20131128,1300,6097, ,CFS
SHA,H,76,INFLOW,20131128,1400,-1783, ,CFS
SHA,H,76,INFLOW,20131128,1500,2236, ,CFS
SHA,H,76,INFLOW,20131128,1600,-1339, ,CFS
SHA,H,76,INFLOW,20131128,1700,-292, ,CFS
SHA,H,76,INFLOW,20131128,1800,1246, ,CFS
SHA,H,76,INFLOW,20131128,1900,2541, ,CFS
SHA,H,76,INFLOW,20131128,2000,2399, ,CFS
SHA,H,76,INFLOW,20131128,2100,7311, ,CFS
SHA,H,76,INFLOW,20131128,2200,8636, ,CFS
SHA,H,76,INFLOW,20131128,2300,427, ,CFS
SHA,H,76,INFLOW,20131129,0000,5659, ,CFS
SHA,H,76,INFLOW,20131129,0100,178, ,CFS
SHA,H,76,INFLOW,20131129,0200,57, ,CFS
SHA,H,76,INFLOW,20131129,0300,1926, ,CFS
SHA,H,76,INFLOW,20131129,0400,57, ,CFS
SHA,H,76,INFLOW,20131129,0500,2022, ,CFS
SHA,H,76,INFLOW,20131129,0600,144, ,CFS
SHA,H,76,INFLOW,20131129,0700,979, ,CFS
SHA,H,76,INFLOW,20131129,0800,1140, ,CFS
SHA,H,76,INFLOW,20131129,0900,8639, ,CFS
SHA,H,76,INFLOW,20131129,1000,721, ,CFS
SHA,H,76,INFLOW,20131129,1100,4650, ,CFS
SHA,H,76,INFLOW,20131129,1200,4597, ,CFS
SHA,H,76,INFLOW,20131129,1300,536, ,CFS
SHA,H,76,INFLOW,20131129,1400,4243, ,CFS
SHA,H,76,INFLOW,20131129,1500,2378, ,CFS
SHA,H,76,INFLOW,20131129,1600,-1194, ,CFS
SHA,H,76,INFLOW,20131129,1700,4198, ,CFS
SHA,H,76,INFLOW,20131129,1800,937, ,CFS
SHA,H,76,INFLOW,20131129,1900,8307, ,CFS
SHA,H,76,INFLOW,20131129,2000,4453, ,CFS
SHA,H,76,INFLOW,20131129,2100,5722, ,CFS
SHA,H,76,INFLOW,20131129,2200,7347, ,CFS
SHA,H,76,INFLOW,20131129,2300,7054, ,CFS
SHA,H,76,INFLOW,20131130,0000,3965, ,CFS
SHA,H,76,INFLOW,20131130,0100,2053, ,CFS
SHA,H,76,INFLOW,20131130,0200,66, ,CFS
SHA,H,76,INFLOW,20131130,0300,1938, ,CFS
SHA,H,76,INFLOW,20131130,0400,1937, ,CFS
SHA,H,76,INFLOW,20131130,0500,-3661, ,CFS
SHA,H,76,INFLOW,20131130,0600,5720, ,CFS
SHA,H,76,INFLOW,20131130,0700,-1067, ,CFS
SHA,H,76,INFLOW,20131130,0800,3143, ,CFS
SHA,H,76,INFLOW,20131130,0900,-3961, ,CFS
SHA,H,76,INFLOW,20131130,1000,3107, ,CFS
SHA,H,76,INFLOW,20131130,1100,-1111, ,CFS
SHA,H,76,INFLOW,20131130,1200,4462, ,CFS
SHA,H,76,INFLOW,20131130,1300,2600, ,CFS
SHA,H,76,INFLOW,20131130,1400,810, ,CFS
SHA,H,76,INFLOW,20131130,1500,2791, ,CFS
SHA,H,76,INFLOW,20131130,1600,3114, ,CFS
SHA,H,76,INFLOW,20131130,1700,127, ,CFS
SHA,H,76,INFLOW,20131130,1800,6006, ,CFS
SHA,H,76,INFLOW,20131130,1900,7949, ,CFS
SHA,H,76,INFLOW,20131130,2000,6874, ,CFS
SHA,H,76,INFLOW,20131130,2100,8062, ,CFS
SHA,H,76,INFLOW,20131130,2200,7768, ,CFS
SHA,H,76,INFLOW,20131130,2300,5808, ,CFS
SHA,H,76,INFLOW,20131201,0000,7657, ,CFS
SHA,H,76,INFLOW,20131201,0100,3921, ,CFS
SHA,H,76,INFLOW,20131201,0200,3794, ,CFS
SHA,H,76,INFLOW,20131201,0300,1926, ,CFS
SHA,H,76,INFLOW,20131201,0400,57, ,CFS
SHA,H,76,INFLOW,20131201,0500,1926, ,CFS
SHA,H,76,INFLOW,20131201,0600,233, ,CFS
SHA,H,76,INFLOW,20131201,0700,2117, ,CFS
SHA,H,76,INFLOW,20131201,0800,209, ,CFS
SHA,H,76,INFLOW,20131201,0900,-1445, ,CFS
SHA,H,76,INFLOW,20131201,1000,1945, ,CFS
SHA,H,76,INFLOW,20131201,1100,-1606, ,CFS
SHA,H,76,INFLOW,20131201,1200,3762, ,CFS
SHA,H,76,INFLOW,20131201,1300,-2386, ,CFS
SHA,H,76,INFLOW,20131201,1400,3020, ,CFS
SHA,H,76,INFLOW,20131201,1500,1179, ,CFS
SHA,H,76,INFLOW,20131201,1600,-19, ,CFS
SHA,H,76,INFLOW,20131201,1700,-3280, ,CFS
SHA,H,76,INFLOW,20131201,1800,9214, ,CFS
SHA,H,76,INFLOW,20131201,1900,952, ,CFS
SHA,H,76,INFLOW,20131201,2000,8215, ,CFS
SHA,H,76,INFLOW,20131201,2100,11385, ,CFS
SHA,H,76,INFLOW,20131201,2200,-1881, ,CFS
SHA,H,76,INFLOW,20131201,2300,10800, ,CFS
SHA,H,76,INFLOW,20131202,0000,5393, ,CFS
SHA,H,76,INFLOW,20131202,0100,-1630, ,CFS
SHA,H,76,INFLOW,20131202,0200,13114, ,CFS
SHA,H,76,INFLOW,20131202,0300,-3703, ,CFS
SHA,H,76,INFLOW,20131202,0400,1903, ,CFS
SHA,H,76,INFLOW,20131202,0500,5640, ,CFS
SHA,H,76,INFLOW,20131202,0600,-5491, ,CFS
SHA,H,76,INFLOW,20131202,0700,1420, ,CFS
SHA,H,76,INFLOW,20131202,0800,2227, ,CFS
SHA,H,76,INFLOW,20131202,0900,8978, ,CFS
SHA,H,76,INFLOW,20131202,1000,923, ,CFS
SHA,H,76,INFLOW,20131202,1100,1388, ,CFS
SHA,H,76,INFLOW,20131202,1200,3038, ,CFS
SHA,H,76,INFLOW,20131202,1300,2800, ,CFS
SHA,H,76,INFLOW,20131202,1400,895, ,CFS
SHA,H,76,INFLOW,20131202,1500,6693, ,CFS
SHA,H,76,INFLOW,20131202,1600,-1005, ,CFS
SHA,H,76,INFLOW,20131202,1700,-140, ,CFS
SHA,H,76,INFLOW,20131202,1800,4921, ,CFS
SHA,H,76,INFLOW,20131202,1900,2604, ,CFS
SHA,H,76,INFLOW,20131202,2000,8264, ,CFS
SHA,H,76,INFLOW,20131202,2100,6782, ,CFS
SHA,H,76,INFLOW,20131202,2200,5037, ,CFS
SHA,H,76,INFLOW,20131202,2300,6141, ,CFS
SHA,H,76,INFLOW,20131203,0000,4458, ,CFS
SHA,H,76,INFLOW,20131203,0100,238, ,CFS
SHA,H,76,INFLOW,20131203,0200,1949, ,CFS
SHA,H,76,INFLOW,20131203,0300,1930, ,CFS
SHA,H,76,INFLOW,20131203,0400,3800, ,CFS
SHA,H,76,INFLOW,20131203,0500,1961, ,CFS
SHA,H,76,INFLOW,20131203,0600,-3523, ,CFS
SHA,H,76,INFLOW,20131203,0700,-550, ,CFS
SHA,H,76,INFLOW,20131203,0800,2679, ,CFS
SHA,H,76,INFLOW,20131203,0900,-3798, ,CFS
SHA,H,76,INFLOW,20131203,1000,8445, ,CFS
SHA,H,76,INFLOW,20131203,1100,-2503, ,CFS
SHA,H,76,INFLOW,20131203,1200,1051, ,CFS
SHA,H,76,INFLOW,20131203,1300,895, ,CFS
SHA,H,76,INFLOW,20131203,1400,4683, ,CFS
SHA,H,76,INFLOW,20131203,1500,-983, ,CFS
SHA,H,76,INFLOW,20131203,1600,2796, ,CFS
SHA,H,76,INFLOW,20131203,1700,-3026, ,CFS
SHA,H,76,INFLOW,20131203,1800,3196, ,CFS
SHA,H,76,INFLOW,20131203,1900,624, ,CFS
SHA,H,76,INFLOW,20131203,2000,7052, ,CFS
SHA,H,76,INFLOW,20131203,2100,4047, ,CFS
SHA,H,76,INFLOW,20131203,2200,7291, ,CFS
SHA,H,76,INFLOW,20131203,2300,5820, ,CFS
SHA,H,76,INFLOW,20131204,0000,2503, ,CFS
SHA,H,76,INFLOW,20131204,0100,4059, ,CFS
SHA,H,76,INFLOW,20131204,0200,-1835, ,CFS
SHA,H,76,INFLOW,20131204,0300,59, ,CFS
SHA,H,76,INFLOW,20131204,0400,3795, ,CFS
SHA,H,76,INFLOW,20131204,0500,1971, ,CFS
SHA,H,76,INFLOW,20131204,0600,-1683, ,CFS
SHA,H,76,INFLOW,20131204,0700,3952, ,CFS
SHA,H,76,INFLOW,20131204,0800,-3610, ,CFS
SHA,H,76,INFLOW,20131204,0900,11466, ,CFS
SHA,H,76,INFLOW,20131204,1000,3571, ,CFS
SHA,H,76,INFLOW,20131204,1100,5059, ,CFS
SHA,H,76,INFLOW,20131204,1200,1430, ,CFS
SHA,H,76,INFLOW,20131204,1300,3751, ,CFS
SHA,H,76,INFLOW,20131204,1400,-1885, ,CFS
SHA,H,76,INFLOW,20131204,1500,2316, ,CFS
SHA,H,76,INFLOW,20131204,1600,362, ,CFS
SHA,H,76,INFLOW,20131204,1700,-849, ,CFS
SHA,H,76,INFLOW,20131204,1800,6114, ,CFS
SHA,H,76,INFLOW,20131204,1900,148, ,CFS
SHA,H,76,INFLOW,20131204,2000,7835, ,CFS
SHA,H,76,INFLOW,20131204,2100,9636, ,CFS
SHA,H,76,INFLOW,20131204,2200,2844, ,CFS
SHA,H,76,INFLOW,20131204,2300,7639, ,CFS
SHA,H,76,INFLOW,20131205,0000,3056, ,CFS
SHA,H,76,INFLOW,20131205,0100,3925, ,CFS
SHA,H,76,INFLOW,20131205,0200,55, ,CFS
SHA,H,76,INFLOW,20131205,0300,1915, ,CFS
SHA,H,76,INFLOW,20131205,0400,31, ,CFS
SHA,H,76,INFLOW,20131205,0500,1913, ,CFS
SHA,H,76,INFLOW,20131205,0600,-1706, ,CFS
SHA,H,76,INFLOW,20131205,0700,2634, ,CFS
SHA,H,76,INFLOW,20131205,0800,261, ,CFS
SHA,H,76,INFLOW,20131205,0900,8082, ,CFS
SHA,H,76,INFLOW,20131205,1000,4591, ,CFS
SHA,H,76,INFLOW,20131205,1100,5095, ,CFS
SHA,H,76,INFLOW,20131205,1200,7218, ,CFS
SHA,H,76,INFLOW,20131205,1300,-2464, ,CFS
SHA,H,76,INFLOW,20131205,1400,-423, ,CFS
SHA,H,76,INFLOW,20131205,1500,2884, ,CFS
SHA,H,76,INFLOW,20131205,1600,2320, ,CFS
SHA,H,76,INFLOW,20131205,1700,-2986, ,CFS
SHA,H,76,INFLOW,20131205,1800,7606, ,CFS
SHA,H,76,INFLOW,20131205,1900,4886, ,CFS
SHA,H,76,INFLOW,20131205,2000,8480, ,CFS
SHA,H,76,INFLOW,20131205,2100,5319, ,CFS
SHA,H,76,INFLOW,20131205,2200,8631, ,CFS
SHA,H,76,INFLOW,20131205,2300,8312, ,CFS
SHA,H,76,INFLOW,20131206,0000,5529, ,CFS
SHA,H,76,INFLOW,20131206,0100,2020, ,CFS
SHA,H,76,INFLOW,20131206,0200,55, ,CFS
SHA,H,76,INFLOW,20131206,0300,67, ,CFS
SHA,H,76,INFLOW,20131206,0400,5681, ,CFS
SHA,H,76,INFLOW,20131206,0500,-3654, ,CFS
SHA,H,76,INFLOW,20131206,0600,2084, ,CFS
SHA,H,76,INFLOW,20131206,0700,526, ,CFS
SHA,H,76,INFLOW,20131206,0800,-1824, ,CFS
SHA,H,76,INFLOW,20131206,0900,7755, ,CFS
SHA,H,76,INFLOW,20131206,1000,6759, ,CFS
SHA,H,76,INFLOW,20131206,1100,3377, ,CFS
SHA,H,76,INFLOW,20131206,1200,8828, ,CFS
SHA,H,76,INFLOW,20131206,1300,2606, ,CFS
SHA,H,76,INFLOW,20131206,1400,72, ,CFS
SHA,H,76,INFLOW,20131206,1500,3207, ,CFS
SHA,H,76,INFLOW,20131206,1600,957, ,CFS
SHA,H,76,INFLOW,20131206,1700,-2806, ,CFS
SHA,H,76,INFLOW,20131206,1800,3311, ,CFS
SHA,H,76,INFLOW,20131206,1900,10836, ,CFS
SHA,H,76,INFLOW,20131206,2000,2831, ,CFS
SHA,H,76,INFLOW,20131206,2100,12116, ,CFS
SHA,H,76,INFLOW,20131206,2200,5772, ,CFS
SHA,H,76,INFLOW,20131206,2300,6526, ,CFS
SHA,H,76,INFLOW,20131207,0000,3043, ,CFS
SHA,H,76,INFLOW,20131207,0100,7684, ,CFS
SHA,H,76,INFLOW,20131207,0200,-1802, ,CFS
SHA,H,76,INFLOW,20131207,0300,1935, ,CFS
SHA,H,76,INFLOW,20131207,0400,1937, ,CFS
SHA,H,76,INFLOW,20131207,0500,88, ,CFS
SHA,H,76,INFLOW,20131207,0600,264, ,CFS
SHA,H,76,INFLOW,20131207,0700,-47, ,CFS
SHA,H,76,INFLOW,20131207,0800,1742, ,CFS
SHA,H,76,INFLOW,20131207,0900,-1744, ,CFS
SHA,H,76,INFLOW,20131207,1000,3402, ,CFS
SHA,H,76,INFLOW,20131207,1100,6885, ,CFS
SHA,H,76,INFLOW,20131207,1200,3598, ,CFS
SHA,H,76,INFLOW,20131207,1300,5622, ,CFS
SHA,H,76,INFLOW,20131207,1400,5465, ,CFS
SHA,H,76,INFLOW,20131207,1500,1785, ,CFS
SHA,H,76,INFLOW,20131207,1600,281, ,CFS
SHA,H,76,INFLOW,20131207,1700,2532, ,CFS
SHA,H,76,INFLOW,20131207,1800,3257, ,CFS
SHA,H,76,INFLOW,20131207,1900,-3652, ,CFS
SHA,H,76,INFLOW,20131207,2000,11426, ,CFS
SHA,H,76,INFLOW,20131207,2100,8378, ,CFS
SHA,H,76,INFLOW,20131207,2200,-225, ,CFS
SHA,H,76,INFLOW,20131207,2300,10681, ,CFS
SHA,H,76,INFLOW,20131208,0000,6655, ,CFS
SHA,H,76,INFLOW,20131208,0100,666, ,CFS
SHA,H,76,INFLOW,20131208,0200,5783, ,CFS
SHA,H,76,INFLOW,20131208,0300,1903, ,CFS
SHA,H,76,INFLOW,20131208,0400,-1835, ,CFS
SHA,H,76,INFLOW,20131208,0500,3840, ,CFS
SHA,H,76,INFLOW,20131208,0600,2054, ,CFS
SHA,H,76,INFLOW,20131208,0700,-6057, ,CFS
SHA,H,76,INFLOW,20131208,0800,6333, ,CFS
SHA,H,76,INFLOW,20131208,0900,-3389, ,CFS
SHA,H,76,INFLOW,20131208,1000,2700, ,CFS
SHA,H,76,INFLOW,20131208,1100,-537, ,CFS
SHA,H,76,INFLOW,20131208,1200,-770, ,CFS
SHA,H,76,INFLOW,20131208,1300,-1280, ,CFS
SHA,H,76,INFLOW,20131208,1400,341, ,CFS
SHA,H,76,INFLOW,20131208,1500,1139, ,CFS
SHA,H,76,INFLOW,20131208,1600,-545, ,CFS
SHA,H,76,INFLOW,20131208,1700,310, ,CFS
SHA,H,76,INFLOW,20131208,1800,9289, ,CFS
SHA,H,76,INFLOW,20131208,1900,3203, ,CFS
SHA,H,76,INFLOW,20131208,2000,5792, ,CFS
SHA,H,76,INFLOW,20131208,2100,9617, ,CFS
SHA,H,76,INFLOW,20131208,2200,5957, ,CFS
SHA,H,76,INFLOW,20131208,2300,4121, ,CFS
SHA,H,76,INFLOW,20131209,0000,11121, ,CFS
SHA,H,76,INFLOW,20131209,0100,574, ,CFS
SHA,H,76,INFLOW,20131209,0200,1933, ,CFS
SHA,H,76,INFLOW,20131209,0300,3771, ,CFS
SHA,H,76,INFLOW,20131209,0400,-1835, ,CFS
SHA,H,76,INFLOW,20131209,0500,3877, ,CFS
SHA,H,76,INFLOW,20131209,0600,640, ,CFS
SHA,H,76,INFLOW,20131209,0700,-1178, ,CFS
SHA,H,76,INFLOW,20131209,0800,4331, ,CFS
SHA,H,76,INFLOW,20131209,0900,2082, ,CFS
SHA,H,76,INFLOW,20131209,1000,6105, ,CFS
SHA,H,76,INFLOW,20131209,1100,881, ,CFS
SHA,H,76,INFLOW,20131209,1200,8456, ,CFS
SHA,H,76,INFLOW,20131209,1300,-3534, ,CFS
SHA,H,76,INFLOW,20131209,1400,2535, ,CFS
SHA,H,76,INFLOW,20131209,1500,-1207, ,CFS
SHA,H,76,INFLOW,20131209,1600,666, ,CFS
SHA,H,76,INFLOW,20131209,1700,2747, ,CFS
SHA,H,76,INFLOW,20131209,1800,-468, ,CFS
SHA,H,76,INFLOW,20131209,1900,3530, ,CFS
SHA,H,76,INFLOW,20131209,2000,5472, ,CFS
SHA,H,76,INFLOW,20131209,2100,4983, ,CFS
SHA,H,76,INFLOW,20131209,2200,6331, ,CFS
SHA,H,76,INFLOW,20131209,2300,5189, ,CFS
SHA,H,76,INFLOW,20131210,0000,6196, ,CFS
SHA,H,76,INFLOW,20131210,0100,2158, ,CFS
SHA,H,76,INFLOW,20131210,0200,46, ,CFS
SHA,H,76,INFLOW,20131210,0300,68, ,CFS
SHA,H,76,INFLOW,20131210,0400,4011, ,CFS
SHA,H,76,INFLOW,20131210,0500,-1469, ,CFS
SHA,H,76,INFLOW,20131210,0600,2124, ,CFS
SHA,H,76,INFLOW,20131210,0700,-205, ,CFS
SHA,H,76,INFLOW,20131210,0800,208, ,CFS
SHA,H,76,INFLOW,20131210,0900,7926, ,CFS
SHA,H,76,INFLOW,20131210,1000,2039, ,CFS
SHA,H,76,INFLOW,20131210,1100,3550, ,CFS
SHA,H,76,INFLOW,20131210,1200,5572, ,CFS
SHA,H,76,INFLOW,20131210,1300,796, ,CFS
SHA,H,76,INFLOW,20131210,1400,1053, ,CFS
SHA,H,76,INFLOW,20131210,1500,950, ,CFS
SHA,H,76,INFLOW,20131210,1600,-920, ,CFS
SHA,H,76,INFLOW,20131210,1700,783, ,CFS
SHA,H,76,INFLOW,20131210,1800,2900, ,CFS
SHA,H,76,INFLOW,20131210,1900,7203, ,CFS
SHA,H,76,INFLOW,20131210,2000,3371, ,CFS
SHA,H,76,INFLOW,20131210,2100,8065, ,CFS
SHA,H,76,INFLOW,20131210,2200,10653, ,CFS
SHA,H,76,INFLOW,20131210,2300,-233, ,CFS
SHA,H,76,INFLOW,20131211,0000,8458, ,CFS
SHA,H,76,INFLOW,20131211,0100,197, ,CFS
SHA,H,76,INFLOW,20131211,0200,1940, ,CFS
SHA,H,76,INFLOW,20131211,0300,76, ,CFS
SHA,H,76,INFLOW,20131211,0400,5837, ,CFS
SHA,H,76,INFLOW,20131211,0500,-1593, ,CFS
SHA,H,76,INFLOW,20131211,0600,-3406, ,CFS
SHA,H,76,INFLOW,20131211,0700,1717, ,CFS
SHA,H,76,INFLOW,20131211,0800,959, ,CFS
SHA,H,76,INFLOW,20131211,0900,8103, ,CFS
SHA,H,76,INFLOW,20131211,1000,1678, ,CFS
SHA,H,76,INFLOW,20131211,1100,2079, ,CFS
SHA,H,76,INFLOW,20131211,1200,5779, ,CFS
SHA,H,76,INFLOW,20131211,1300,-82, ,CFS
SHA,H,76,INFLOW,20131211,1400,-2245, ,CFS
SHA,H,76,INFLOW,20131211,1500,3282, ,CFS
SHA,H,76,INFLOW,20131211,1600,-3423, ,CFS
SHA,H,76,INFLOW,20131211,1700,4299, ,CFS
SHA,H,76,INFLOW,20131211,1800,1319, ,CFS
SHA,H,76,INFLOW,20131211,1900,2534, ,CFS
SHA,H,76,INFLOW,20131211,2000,9628, ,CFS
SHA,H,76,INFLOW,20131211,2100,5586, ,CFS
SHA,H,76,INFLOW,20131211,2200,4113, ,CFS
SHA,H,76,INFLOW,20131211,2300,5389, ,CFS
SHA,H,76,INFLOW,20131212,0000,5246, ,CFS
SHA,H,76,INFLOW,20131212,0100,2152, ,CFS
SHA,H,76,INFLOW,20131212,0200,1982, ,CFS
SHA,H,76,INFLOW,20131212,0300,-1682, ,CFS
SHA,H,76,INFLOW,20131212,0400,1987, ,CFS
SHA,H,76,INFLOW,20131212,0500,1952, ,CFS
SHA,H,76,INFLOW,20131212,0600,559, ,CFS
SHA,H,76,INFLOW,20131212,0700,-120, ,CFS
SHA,H,76,INFLOW,20131212,0800,3574, ,CFS
SHA,H,76,INFLOW,20131212,0900,929, ,CFS
SHA,H,76,INFLOW,20131212,1000,3393, ,CFS
SHA,H,76,INFLOW,20131212,1100,3781, ,CFS
SHA,H,76,INFLOW,20131212,1200,2977, ,CFS
SHA,H,76,INFLOW,20131212,1300,-1055, ,CFS
SHA,H,76,INFLOW,20131212,1400,887, ,CFS
SHA,H,76,INFLOW,20131212,1500,935, ,CFS
SHA,H,76,INFLOW,20131212,1600,826, ,CFS
SHA,H,76,INFLOW,20131212,1700,-3816, ,CFS
SHA,H,76,INFLOW,20131212,1800,5473, ,CFS
SHA,H,76,INFLOW,20131212,1900,-447, ,CFS
SHA,H,76,INFLOW,20131212,2000,10847, ,CFS
SHA,H,76,INFLOW,20131212,2100,614, ,CFS
SHA,H,76,INFLOW,20131212,2200,3308, ,CFS
SHA,H,76,INFLOW,20131212,2300,12344, ,CFS
SHA,H,76,INFLOW,20131213,0000,1132, ,CFS
SHA,H,76,INFLOW,20131213,0100,2109, ,CFS
SHA,H,76,INFLOW,20131213,0200,1929, ,CFS
SHA,H,76,INFLOW,20131213,0300,218, ,CFS
SHA,H,76,INFLOW,20131213,0400,337, ,CFS
SHA,H,76,INFLOW,20131213,0500,4072, ,CFS
SHA,H,76,INFLOW,20131213,0600,646, ,CFS
SHA,H,76,INFLOW,20131213,0700,-1299, ,CFS
SHA,H,76,INFLOW,20131213,0800,3806, ,CFS
SHA,H,76,INFLOW,20131213,0900,4419, ,CFS
SHA,H,76,INFLOW,20131213,1000,2707, ,CFS
SHA,H,76,INFLOW,20131213,1100,7471, ,CFS
SHA,H,76,INFLOW,20131213,1200,6830, ,CFS
SHA,H,76,INFLOW,20131213,1300,-2869, ,CFS
SHA,H,76,INFLOW,20131213,1400,4375, ,CFS
SHA,H,76,INFLOW,20131213,1500,529, ,CFS
SHA,H,76,INFLOW,20131213,1600,-2454, ,CFS
SHA,H,76,INFLOW,20131213,1700,2551, ,CFS
SHA,H,76,INFLOW,20131213,1800,4879, ,CFS
SHA,H,76,INFLOW,20131213,1900,6525, ,CFS
SHA,H,76,INFLOW,20131213,2000,6370, ,CFS
SHA,H,76,INFLOW,20131213,2100,9491, ,CFS
SHA,H,76,INFLOW,20131213,2200,4650, ,CFS
SHA,H,76,INFLOW,20131213,2300,11623, ,CFS
SHA,H,76,INFLOW,20131214,0000,5978, ,CFS
SHA,H,76,INFLOW,20131214,0100,3910, ,CFS
SHA,H,76,INFLOW,20131214,0200,1957, ,CFS
SHA,H,76,INFLOW,20131214,0300,172, ,CFS
SHA,H,76,INFLOW,20131214,0400,2159, ,CFS
SHA,H,76,INFLOW,20131214,0500,518, ,CFS
SHA,H,76,INFLOW,20131214,0600,-1475, ,CFS
SHA,H,76,INFLOW,20131214,0700,1806, ,CFS
SHA,H,76,INFLOW,20131214,0800,2035, ,CFS
SHA,H,76,INFLOW,20131214,0900,-2228, ,CFS
SHA,H,76,INFLOW,20131214,1000,314, ,CFS
SHA,H,76,INFLOW,20131214,1100,4271, ,CFS
SHA,H,76,INFLOW,20131214,1200,3965, ,CFS
SHA,H,76,INFLOW,20131214,1300,3983, ,CFS
SHA,H,76,INFLOW,20131214,1400,5518, ,CFS
SHA,H,76,INFLOW,20131214,1500,-3788, ,CFS
SHA,H,76,INFLOW,20131214,1600,4019, ,CFS
SHA,H,76,INFLOW,20131214,1700,-2461, ,CFS
SHA,H,76,INFLOW,20131214,1800,1716, ,CFS
SHA,H,76,INFLOW,20131214,1900,9261, ,CFS
SHA,H,76,INFLOW,20131214,2000,10304, ,CFS
SHA,H,76,INFLOW,20131214,2100,2358, ,CFS
SHA,H,76,INFLOW,20131214,2200,12921, ,CFS
SHA,H,76,INFLOW,20131214,2300,5725, ,CFS
SHA,H,76,INFLOW,20131215,0000,4986, ,CFS
SHA,H,76,INFLOW,20131215,0100,5888, ,CFS
SHA,H,76,INFLOW,20131215,0200,2198, ,CFS
SHA,H,76,INFLOW,20131215,0300,-1753, ,CFS
SHA,H,76,INFLOW,20131215,0400,3784, ,CFS
SHA,H,76,INFLOW,20131215,0500,67, ,CFS
SHA,H,76,INFLOW,20131215,0600,-1239, ,CFS
SHA,H,76,INFLOW,20131215,0700,1813, ,CFS
SHA,H,76,INFLOW,20131215,0800,3278, ,CFS
SHA,H,76,INFLOW,20131215,0900,-2192, ,CFS
SHA,H,76,INFLOW,20131215,1000,636, ,CFS
SHA,H,76,INFLOW,20131215,1100,-1189, ,CFS
SHA,H,76,INFLOW,20131215,1200,-1424, ,CFS
SHA,H,76,INFLOW,20131215,1300,2256, ,CFS
SHA,H,76,INFLOW,20131215,1400,506, ,CFS
SHA,H,76,INFLOW,20131215,1500,350, ,CFS
SHA,H,76,INFLOW,20131215,1600,317, ,CFS
SHA,H,76,INFLOW,20131215,1700,-14, ,CFS
SHA,H,76,INFLOW,20131215,1800,1263, ,CFS
SHA,H,76,INFLOW,20131215,1900,12172, ,CFS
SHA,H,76,INFLOW,20131215,2000,1339, ,CFS
SHA,H,76,INFLOW,20131215,2100,12335, ,CFS
SHA,H,76,INFLOW,20131215,2200,9287, ,CFS
SHA,H,76,INFLOW,20131215,2300,5459, ,CFS
SHA,H,76,INFLOW,20131216,0000,4806, ,CFS
SHA,H,76,INFLOW,20131216,0100,5763, ,CFS
SHA,H,76,INFLOW,20131216,0200,-1766, ,CFS
SHA,H,76,INFLOW,20131216,0300,9377, ,CFS
SHA,H,76,INFLOW,20131216,0400,-1560, ,CFS
SHA,H,76,INFLOW,20131216,0500,369, ,CFS
SHA,H,76,INFLOW,20131216,0600,-3287, ,CFS
SHA,H,76,INFLOW,20131216,0700,1782, ,CFS
SHA,H,76,INFLOW,20131216,0800,-1949, ,CFS
SHA,H,76,INFLOW,20131216,0900,11883, ,CFS
SHA,H,76,INFLOW,20131216,1000,728, ,CFS
SHA,H,76,INFLOW,20131216,1100,7973, ,CFS
SHA,H,76,INFLOW,20131216,1200,7788, ,CFS
SHA,H,76,INFLOW,20131216,1300,4238, ,CFS
SHA,H,76,INFLOW,20131216,1400,4182, ,CFS
SHA,H,76,INFLOW,20131216,1500,7874, ,CFS
SHA,H,76,INFLOW,20131216,1600,4439, ,CFS
SHA,H,76,INFLOW,20131216,1700,6781, ,CFS
SHA,H,76,INFLOW,20131216,1800,10636, ,CFS
SHA,H,76,INFLOW,20131216,1900,6368, ,CFS
SHA,H,76,INFLOW,20131216,2000,5250, ,CFS
SHA,H,76,INFLOW,20131216,2100,10158, ,CFS
SHA,H,76,INFLOW,20131216,2200,7942, ,CFS
SHA,H,76,INFLOW,20131216,2300,7428, ,CFS
SHA,H,76,INFLOW,20131217,0000,7528, ,CFS
SHA,H,76,INFLOW,20131217,0100,8024, ,CFS
SHA,H,76,INFLOW,20131217,0200,3931, ,CFS
SHA,H,76,INFLOW,20131217,0300,7749, ,CFS
SHA,H,76,INFLOW,20131217,0400,6001, ,CFS
SHA,H,76,INFLOW,20131217,0500,6429, ,CFS
SHA,H,76,INFLOW,20131217,0600,6458, ,CFS
SHA,H,76,INFLOW,20131217,0700,7099, ,CFS
SHA,H,76,INFLOW,20131217,0800,6469, ,CFS
SHA,H,76,INFLOW,20131217,0900,1178, ,CFS
SHA,H,76,INFLOW,20131217,1000,1008, ,CFS
SHA,H,76,INFLOW,20131217,1100,1024, ,CFS
SHA,H,76,INFLOW,20131217,1200,2916, ,CFS
SHA,H,76,INFLOW,20131217,1300,4026, ,CFS
SHA,H,76,INFLOW,20131217,1400,2062, ,CFS
SHA,H,76,INFLOW,20131217,1500,2116, ,CFS
SHA,H,76,INFLOW,20131217,1600,1965, ,CFS
SHA,H,76,INFLOW,20131217,1700,2623, ,CFS
SHA,H,76,INFLOW,20131217,1800,3307, ,CFS
SHA,H,76,INFLOW,20131217,1900,3627, ,CFS
SHA,H,76,INFLOW,20131217,2000,3148, ,CFS
SHA,H,76,INFLOW,20131217,2100,5789, ,CFS
SHA,H,76,INFLOW,20131217,2200,-172, ,CFS
SHA,H,76,INFLOW,20131217,2300,2881, ,CFS
SHA,H,76,INFLOW,20131218,0000,1448, ,CFS
SHA,H,76,INFLOW,20131218,0100,3925, ,CFS
SHA,H,76,INFLOW,20131218,0200,70, ,CFS
SHA,H,76,INFLOW,20131218,0300,3810, ,CFS
SHA,H,76,INFLOW,20131218,0400,-1788, ,CFS
SHA,H,76,INFLOW,20131218,0500,70, ,CFS
SHA,H,76,INFLOW,20131218,0600,2362, ,CFS
SHA,H,76,INFLOW,20131218,0700,1373, ,CFS
SHA,H,76,INFLOW,20131218,0800,994, ,CFS
SHA,H,76,INFLOW,20131218,0900,-596, ,CFS
SHA,H,76,INFLOW,20131218,1000,-548, ,CFS
SHA,H,76,INFLOW,20131218,1100,2698, ,CFS
SHA,H,76,INFLOW,20131218,1200,509, ,CFS
SHA,H,76,INFLOW,20131218,1300,-1205, ,CFS
SHA,H,76,INFLOW,20131218,1400,2779, ,CFS
SHA,H,76,INFLOW,20131218,1500,-1136, ,CFS
SHA,H,76,INFLOW,20131218,1600,1096, ,CFS
SHA,H,76,INFLOW,20131218,1700,2191, ,CFS
SHA,H,76,INFLOW,20131218,1800,-1059, ,CFS
SHA,H,76,INFLOW,20131218,1900,2950, ,CFS
SHA,H,76,INFLOW,20131218,2000,-1669, ,CFS
SHA,H,76,INFLOW,20131218,2100,7606, ,CFS
SHA,H,76,INFLOW,20131218,2200,-2128, ,CFS
SHA,H,76,INFLOW,20131218,2300,3339, ,CFS
SHA,H,76,INFLOW,20131219,0000,1303, ,CFS
SHA,H,76,INFLOW,20131219,0100,246, ,CFS
SHA,H,76,INFLOW,20131219,0200,70, ,CFS
SHA,H,76,INFLOW,20131219,0300,70, ,CFS
SHA,H,76,INFLOW,20131219,0400,1967, ,CFS
SHA,H,76,INFLOW,20131219,0500,3835, ,CFS
SHA,H,76,INFLOW,20131219,0600,-3540, ,CFS
SHA,H,76,INFLOW,20131219,0700,1133, ,CFS
SHA,H,76,INFLOW,20131219,0800,659, ,CFS
SHA,H,76,INFLOW,20131219,0900,-1721, ,CFS
SHA,H,76,INFLOW,20131219,1000,4523, ,CFS
SHA,H,76,INFLOW,20131219,1100,2540, ,CFS
SHA,H,76,INFLOW,20131219,1200,4265, ,CFS
SHA,H,76,INFLOW,20131219,1300,-5297, ,CFS
SHA,H,76,INFLOW,20131219,1400,2049, ,CFS
SHA,H,76,INFLOW,20131219,1500,-1206, ,CFS
SHA,H,76,INFLOW,20131219,1600,2399, ,CFS
SHA,H,76,INFLOW,20131219,1700,797, ,CFS
SHA,H,76,INFLOW,20131219,1800,2549, ,CFS
SHA,H,76,INFLOW,20131219,1900,-1062, ,CFS
SHA,H,76,INFLOW,20131219,2000,4788, ,CFS
SHA,H,76,INFLOW,20131219,2100,2882, ,CFS
SHA,H,76,INFLOW,20131219,2200,3420, ,CFS
SHA,H,76,INFLOW,20131219,2300,6645, ,CFS
SHA,H,76,INFLOW,20131220,0000,5409, ,CFS
SHA,H,76,INFLOW,20131220,0100,-720, ,CFS
SHA,H,76,INFLOW,20131220,0200,1942, ,CFS
SHA,H,76,INFLOW,20131220,0300,97, ,CFS
SHA,H,76,INFLOW,20131220,0400,402, ,CFS
SHA,H,76,INFLOW,20131220,0500,728, ,CFS
SHA,H,76,INFLOW,20131220,0600,4164, ,CFS
SHA,H,76,INFLOW,20131220,0700,-1951, ,CFS
SHA,H,76,INFLOW,20131220,0800,836, ,CFS
SHA,H,76,INFLOW,20131220,0900,719, ,CFS
SHA,H,76,INFLOW,20131220,1000,-767, ,CFS
SHA,H,76,INFLOW,20131220,1100,2983, ,CFS
SHA,H,76,INFLOW,20131220,1200,6112, ,CFS
SHA,H,76,INFLOW,20131220,1300,-591, ,CFS
SHA,H,76,INFLOW,20131220,1400,-2532, ,CFS
SHA,H,76,INFLOW,20131220,1500,2894, ,CFS
SHA,H,76,INFLOW,20131220,1600,-1706, ,CFS
SHA,H,76,INFLOW,20131220,1700,-5170, ,CFS
SHA,H,76,INFLOW,20131220,1800,5512, ,CFS
SHA,H,76,INFLOW,20131220,1900,2897, ,CFS
SHA,H,76,INFLOW,20131220,2000,7002, ,CFS
SHA,H,76,INFLOW,20131220,2100,10240, ,CFS
SHA,H,76,INFLOW,20131220,2200,-4190, ,CFS
SHA,H,76,INFLOW,20131220,2300,12733, ,CFS
SHA,H,76,INFLOW,20131221,0000,-2049, ,CFS
SHA,H,76,INFLOW,20131221,0100,9618, ,CFS
SHA,H,76,INFLOW,20131221,0200,-1777, ,CFS
SHA,H,76,INFLOW,20131221,0300,3806, ,CFS
SHA,H,76,INFLOW,20131221,0400,-5426, ,CFS
SHA,H,76,INFLOW,20131221,0500,3852, ,CFS
SHA,H,76,INFLOW,20131221,0600,-5288, ,CFS
SHA,H,76,INFLOW,20131221,0700,12025, ,CFS
SHA,H,76,INFLOW,20131221,0800,-4711, ,CFS
SHA,H,76,INFLOW,20131221,0900,1168, ,CFS
SHA,H,76,INFLOW,20131221,1000,-1518, ,CFS
SHA,H,76,INFLOW,20131221,1100,382, ,CFS
SHA,H,76,INFLOW,20131221,1200,3919, ,CFS
SHA,H,76,INFLOW,20131221,1300,3933, ,CFS
SHA,H,76,INFLOW,20131221,1400,3615, ,CFS
SHA,H,76,INFLOW,20131221,1500,-1548, ,CFS
SHA,H,76,INFLOW,20131221,1600,2124, ,CFS
SHA,H,76,INFLOW,20131221,1700,-1897, ,CFS
SHA,H,76,INFLOW,20131221,1800,6111, ,CFS
SHA,H,76,INFLOW,20131221,1900,-6350, ,CFS
SHA,H,76,INFLOW,20131221,2000,11701, ,CFS
SHA,H,76,INFLOW,20131221,2100,388, ,CFS
SHA,H,76,INFLOW,20131221,2200,10219, ,CFS
SHA,H,76,INFLOW,20131221,2300,7460, ,CFS
SHA,H,76,INFLOW,20131222,0000,-1743, ,CFS
SHA,H,76,INFLOW,20131222,0100,5810, ,CFS
SHA,H,76,INFLOW,20131222,0200,1918, ,CFS
SHA,H,76,INFLOW,20131222,0300,-1795, ,CFS
SHA,H,76,INFLOW,20131222,0400,1945, ,CFS
SHA,H,76,INFLOW,20131222,0500,3788, ,CFS
SHA,H,76,INFLOW,20131222,0600,-7277, ,CFS
SHA,H,76,INFLOW,20131222,0700,7512, ,CFS
SHA,H,76,INFLOW,20131222,0800,-5240, ,CFS
SHA,H,76,INFLOW,20131222,0900,4080, ,CFS
SHA,H,76,INFLOW,20131222,1000,2316, ,CFS
SHA,H,76,INFLOW,20131222,1100,7450, ,CFS
SHA,H,76,INFLOW,20131222,1200,-3721, ,CFS
SHA,H,76,INFLOW,20131222,1300,5470, ,CFS
SHA,H,76,INFLOW,20131222,1400,-1912, ,CFS
SHA,H,76,INFLOW,20131222,1500,3293, ,CFS
SHA,H,76,INFLOW,20131222,1600,-43, ,CFS
SHA,H,76,INFLOW,20131222,1700,-109, ,CFS
SHA,H,76,INFLOW,20131222,1800,3175, ,CFS
SHA,H,76,INFLOW,20131222,1900,5644, ,CFS
SHA,H,76,INFLOW,20131222,2000,3404, ,CFS
SHA,H,76,INFLOW,20131222,2100,9305, ,CFS
SHA,H,76,INFLOW,20131222,2200,8241, ,CFS
SHA,H,76,INFLOW,20131222,2300,2185, ,CFS
SHA,H,76,INFLOW,20131223,0000,10489, ,CFS
SHA,H,76,INFLOW,20131223,0100,183, ,CFS
SHA,H,76,INFLOW,20131223,0200,1938, ,CFS
SHA,H,76,INFLOW,20131223,0300,1947, ,CFS
SHA,H,76,INFLOW,20131223,0400,401, ,CFS
SHA,H,76,INFLOW,20131223,0500,739, ,CFS
SHA,H,76,INFLOW,20131223,0600,607, ,CFS
SHA,H,76,INFLOW,20131223,0700,-1588, ,CFS
SHA,H,76,INFLOW,20131223,0800,2886, ,CFS
SHA,H,76,INFLOW,20131223,0900,5004, ,CFS
SHA,H,76,INFLOW,20131223,1000,3785, ,CFS
SHA,H,76,INFLOW,20131223,1100,4840, ,CFS
SHA,H,76,INFLOW,20131223,1200,2736, ,CFS
SHA,H,76,INFLOW,20131223,1300,-2114, ,CFS
SHA,H,76,INFLOW,20131223,1400,3184, ,CFS
SHA,H,76,INFLOW,20131223,1500,-496, ,CFS
SHA,H,76,INFLOW,20131223,1600,714, ,CFS
SHA,H,76,INFLOW,20131223,1700,401, ,CFS
SHA,H,76,INFLOW,20131223,1800,4639, ,CFS
SHA,H,76,INFLOW,20131223,1900,4193, ,CFS
SHA,H,76,INFLOW,20131223,2000,4782, ,CFS
SHA,H,76,INFLOW,20131223,2100,6101, ,CFS
SHA,H,76,INFLOW,20131223,2200,9472, ,CFS
SHA,H,76,INFLOW,20131223,2300,2701, ,CFS
SHA,H,76,INFLOW,20131224,0000,4647, ,CFS
SHA,H,76,INFLOW,20131224,0100,5780, ,CFS
SHA,H,76,INFLOW,20131224,0200,-1805, ,CFS
SHA,H,76,INFLOW,20131224,0300,1926, ,CFS
SHA,H,76,INFLOW,20131224,0400,72, ,CFS
SHA,H,76,INFLOW,20131224,0500,1927, ,CFS
SHA,H,76,INFLOW,20131224,0600,-1710, ,CFS
SHA,H,76,INFLOW,20131224,0700,5427, ,CFS
SHA,H,76,INFLOW,20131224,0800,-2462, ,CFS
SHA,H,76,INFLOW,20131224,0900,8505, ,CFS
SHA,H,76,INFLOW,20131224,1000,58, ,CFS
SHA,H,76,INFLOW,20131224,1100,5913, ,CFS
SHA,H,76,INFLOW,20131224,1200,3504, ,CFS
SHA,H,76,INFLOW,20131224,1300,1183, ,CFS
SHA,H,76,INFLOW,20131224,1400,-1134, ,CFS
SHA,H,76,INFLOW,20131224,1500,746, ,CFS
SHA,H,76,INFLOW,20131224,1600,-1199, ,CFS
SHA,H,76,INFLOW,20131224,1700,3945, ,CFS
SHA,H,76,INFLOW,20131224,1800,590, ,CFS
SHA,H,76,INFLOW,20131224,1900,3766, ,CFS
SHA,H,76,INFLOW,20131224,2000,3860, ,CFS
SHA,H,76,INFLOW,20131224,2100,10224, ,CFS
SHA,H,76,INFLOW,20131224,2200,4533, ,CFS
SHA,H,76,INFLOW,20131224,2300,7212, ,CFS
SHA,H,76,INFLOW,20131225,0000,6295, ,CFS
SHA,H,76,INFLOW,20131225,0100,265, ,CFS
SHA,H,76,INFLOW,20131225,0200,-3632, ,CFS
SHA,H,76,INFLOW,20131225,0300,3752, ,CFS
SHA,H,76,INFLOW,20131225,0400,1912, ,CFS
SHA,H,76,INFLOW,20131225,0500,1953, ,CFS
SHA,H,76,INFLOW,20131225,0600,146, ,CFS
SHA,H,76,INFLOW,20131225,0700,-395, ,CFS
SHA,H,76,INFLOW,20131225,0800,-1490, ,CFS
SHA,H,76,INFLOW,20131225,0900,491, ,CFS
SHA,H,76,INFLOW,20131225,1000,2912, ,CFS
SHA,H,76,INFLOW,20131225,1100,-2879, ,CFS
SHA,H,76,INFLOW,20131225,1200,2896, ,CFS
SHA,H,76,INFLOW,20131225,1300,-2715, ,CFS
SHA,H,76,INFLOW,20131225,1400,-1335, ,CFS
SHA,H,76,INFLOW,20131225,1500,-1194, ,CFS
SHA,H,76,INFLOW,20131225,1600,2662, ,CFS
SHA,H,76,INFLOW,20131225,1700,-294, ,CFS
SHA,H,76,INFLOW,20131225,1800,3464, ,CFS
SHA,H,76,INFLOW,20131225,1900,-1207, ,CFS
SHA,H,76,INFLOW,20131225,2000,5546, ,CFS
SHA,H,76,INFLOW,20131225,2100,12734, ,CFS
SHA,H,76,INFLOW,20131225,2200,505, ,CFS
SHA,H,76,INFLOW,20131225,2300,8502, ,CFS
SHA,H,76,INFLOW,20131226,0000,9380, ,CFS
SHA,H,76,INFLOW,20131226,0100,-1638, ,CFS
SHA,H,76,INFLOW,20131226,0200,-1783, ,CFS
SHA,H,76,INFLOW,20131226,0300,1901, ,CFS
SHA,H,76,INFLOW,20131226,0400,1904, ,CFS
SHA,H,76,INFLOW,20131226,0500,-1416, ,CFS
SHA,H,76,INFLOW,20131226,0600,4028, ,CFS
SHA,H,76,INFLOW,20131226,0700,-4767, ,CFS
SHA,H,76,INFLOW,20131226,0800,3681, ,CFS
SHA,H,76,INFLOW,20131226,0900,4977, ,CFS
SHA,H,76,INFLOW,20131226,1000,544, ,CFS
SHA,H,76,INFLOW,20131226,1100,4188, ,CFS
SHA,H,76,INFLOW,20131226,1200,4137, ,CFS
SHA,H,76,INFLOW,20131226,1300,652, ,CFS
SHA,H,76,INFLOW,20131226,1400,4006, ,CFS
SHA,H,76,INFLOW,20131226,1500,1950, ,CFS
SHA,H,76,INFLOW,20131226,1600,-2075, ,CFS
SHA,H,76,INFLOW,20131226,1700,3816, ,CFS
SHA,H,76,INFLOW,20131226,1800,-827, ,CFS
SHA,H,76,INFLOW,20131226,1900,7315, ,CFS
SHA,H,76,INFLOW,20131226,2000,3784, ,CFS
SHA,H,76,INFLOW,20131226,2100,11449, ,CFS
SHA,H,76,INFLOW,20131226,2200,3830, ,CFS
SHA,H,76,INFLOW,20131226,2300,6218, ,CFS
SHA,H,76,INFLOW,20131227,0000,1746, ,CFS
SHA,H,76,INFLOW,20131227,0100,4101, ,CFS
SHA,H,76,INFLOW,20131227,0200,-1699, ,CFS
SHA,H,76,INFLOW,20131227,0300,3782, ,CFS
SHA,H,76,INFLOW,20131227,0400,97, ,CFS
SHA,H,76,INFLOW,20131227,0500,1981, ,CFS
SHA,H,76,INFLOW,20131227,0600,-1668, ,CFS
SHA,H,76,INFLOW,20131227,0700,1387, ,CFS
SHA,H,76,INFLOW,20131227,0800,1822, ,CFS
SHA,H,76,INFLOW,20131227,0900,5773, ,CFS
SHA,H,76,INFLOW,20131227,1000,3222, ,CFS
SHA,H,76,INFLOW,20131227,1100,5225, ,CFS
SHA,H,76,INFLOW,20131227,1200,6701, ,CFS
SHA,H,76,INFLOW,20131227,1300,-1813, ,CFS
SHA,H,76,INFLOW,20131227,1400,1596, ,CFS
SHA,H,76,INFLOW,20131227,1500,-225, ,CFS
SHA,H,76,INFLOW,20131227,1600,1692, ,CFS
SHA,H,76,INFLOW,20131227,1700,-1213, ,CFS
SHA,H,76,INFLOW,20131227,1800,3922, ,CFS
SHA,H,76,INFLOW,20131227,1900,6510, ,CFS
SHA,H,76,INFLOW,20131227,2000,-415, ,CFS
SHA,H,76,INFLOW,20131227,2100,13919, ,CFS
SHA,H,76,INFLOW,20131227,2200,5254, ,CFS
SHA,H,76,INFLOW,20131227,2300,1926, ,CFS
SHA,H,76,INFLOW,20131228,0000,9044, ,CFS
SHA,H,76,INFLOW,20131228,0100,-996, ,CFS
SHA,H,76,INFLOW,20131228,0200,-1483, ,CFS
SHA,H,76,INFLOW,20131228,0300,4334, ,CFS
SHA,H,76,INFLOW,20131228,0400,70, ,CFS
SHA,H,76,INFLOW,20131228,0500,-1775, ,CFS
SHA,H,76,INFLOW,20131228,0600,3858, ,CFS
SHA,H,76,INFLOW,20131228,0700,490, ,CFS
SHA,H,76,INFLOW,20131228,0800,1208, ,CFS
SHA,H,76,INFLOW,20131228,0900,-2556, ,CFS
SHA,H,76,INFLOW,20131228,1000,5602, ,CFS
SHA,H,76,INFLOW,20131228,1100,5750, ,CFS
SHA,H,76,INFLOW,20131228,1200,6109, ,CFS
SHA,H,76,INFLOW,20131228,1300,2395, ,CFS
SHA,H,76,INFLOW,20131228,1400,5223, ,CFS
SHA,H,76,INFLOW,20131228,1500,1474, ,CFS
SHA,H,76,INFLOW,20131228,1600,5742, ,CFS
SHA,H,76,INFLOW,20131228,1700,6976, ,CFS
SHA,H,76,INFLOW,20131228,1800,5147, ,CFS
SHA,H,76,INFLOW,20131228,1900,4080, ,CFS
SHA,H,76,INFLOW,20131228,2000,10121, ,CFS
SHA,H,76,INFLOW,20131228,2100,6220, ,CFS
SHA,H,76,INFLOW,20131228,2200,5936, ,CFS
SHA,H,76,INFLOW,20131228,2300,7225, ,CFS
SHA,H,76,INFLOW,20131229,0000,3110, ,CFS
SHA,H,76,INFLOW,20131229,0100,4027, ,CFS
SHA,H,76,INFLOW,20131229,0200,5587, ,CFS
SHA,H,76,INFLOW,20131229,0300,5604, ,CFS
SHA,H,76,INFLOW,20131229,0400,9294, ,CFS
SHA,H,76,INFLOW,20131229,0500,7866, ,CFS
SHA,H,76,INFLOW,20131229,0600,9783, ,CFS
SHA,H,76,INFLOW,20131229,0700,3871, ,CFS
SHA,H,76,INFLOW,20131229,0800,5933, ,CFS
SHA,H,76,INFLOW,20131229,0900,13056, ,CFS
SHA,H,76,INFLOW,20131229,1000,3442, ,CFS
SHA,H,76,INFLOW,20131229,1100,9619, ,CFS
SHA,H,76,INFLOW,20131229,1200,2054, ,CFS
SHA,H,76,INFLOW,20131229,1300,9453, ,CFS
SHA,H,76,INFLOW,20131229,1400,6359, ,CFS
SHA,H,76,INFLOW,20131229,1500,7879, ,CFS
SHA,H,76,INFLOW,20131229,1600,6400, ,CFS
SHA,H,76,INFLOW,20131229,1700,8994, ,CFS
SHA,H,76,INFLOW,20131229,1800,7194, ,CFS
SHA,H,76,INFLOW,20131229,1900,4702, ,CFS
SHA,H,76,INFLOW,20131229,2000,3596, ,CFS
SHA,H,76,INFLOW,20131229,2100,14077, ,CFS
SHA,H,76,INFLOW,20131229,2200,7950, ,CFS
SHA,H,76,INFLOW,20131229,2300,5764, ,CFS
SHA,H,76,INFLOW,20131230,0000,8991, ,CFS
SHA,H,76,INFLOW,20131230,0100,5826, ,CFS
SHA,H,76,INFLOW,20131230,0200,3778, ,CFS
SHA,H,76,INFLOW,20131230,0300,6065, ,CFS
SHA,H,76,INFLOW,20131230,0400,347, ,CFS
SHA,H,76,INFLOW,20131230,0500,4299, ,CFS
SHA,H,76,INFLOW,20131230,0600,6986, ,CFS
SHA,H,76,INFLOW,20131230,0700,1295, ,CFS
SHA,H,76,INFLOW,20131230,0800,2473, ,CFS
SHA,H,76,INFLOW,20131230,0900,4368, ,CFS
SHA,H,76,INFLOW,20131230,1000,-389, ,CFS
SHA,H,76,INFLOW,20131230,1100,5021, ,CFS
SHA,H,76,INFLOW,20131230,1200,4549, ,CFS
SHA,H,76,INFLOW,20131230,1300,-1725, ,CFS
SHA,H,76,INFLOW,20131230,1400,3743, ,CFS
SHA,H,76,INFLOW,20131230,1500,3918, ,CFS
SHA,H,76,INFLOW,20131230,1600,1452, ,CFS
SHA,H,76,INFLOW,20131230,1700,3593, ,CFS
SHA,H,76,INFLOW,20131230,1800,3465, ,CFS
SHA,H,76,INFLOW,20131230,1900,4883, ,CFS
SHA,H,76,INFLOW,20131230,2000,4189, ,CFS
SHA,H,76,INFLOW,20131230,2100,2119, ,CFS
SHA,H,76,INFLOW,20131230,2200,5854, ,CFS
SHA,H,76,INFLOW,20131230,2300,5540, ,CFS
SHA,H,76,INFLOW,20131231,0000,7013, ,CFS
SHA,H,76,INFLOW,20131231,0100,5824, ,CFS
SHA,H,76,INFLOW,20131231,0200,85, ,CFS
SHA,H,76,INFLOW,20131231,0300,1940, ,CFS
SHA,H,76,INFLOW,20131231,0400,89, ,CFS
SHA,H,76,INFLOW,20131231,0500,3807, ,CFS
SHA,H,76,INFLOW,20131231,0600,-1701, ,CFS
SHA,H,76,INFLOW,20131231,0700,4894, ,CFS
SHA,H,76,INFLOW,20131231,0800,-437, ,CFS
SHA,H,76,INFLOW,20131231,0900,1982, ,CFS
SHA,H,76,INFLOW,20131231,1000,5628, ,CFS
SHA,H,76,INFLOW,20131231,1100,8469, ,CFS
SHA,H,76,INFLOW,20131231,1200,-942, ,CFS
SHA,H,76,INFLOW,20131231,1300,2731, ,CFS
SHA,H,76,INFLOW,20131231,1400,2637, ,CFS
SHA,H,76,INFLOW,20131231,1500,-2954, ,CFS
SHA,H,76,INFLOW,20131231,1600,2644, ,CFS
SHA,H,76,INFLOW,20131231,1700,1671, ,CFS
SHA,H,76,INFLOW,20131231,1800,2792, ,CFS
SHA,H,76,INFLOW,20131231,1900,-2411, ,CFS
SHA,H,76,INFLOW,20131231,2000,11706, ,CFS
SHA,H,76,INFLOW,20131231,2100,179, ,CFS
SHA,H,76,INFLOW,20131231,2200,10504, ,CFS
SHA,H,76,INFLOW,20131231,2300,3379, ,CFS
SHA,H,76,INFLOW,20140101,0000,5233, ,CFS
SHA,H,76,INFLOW,20140101,0100,-1617, ,CFS
SHA,H,76,INFLOW,20140101,0200,5628, ,CFS
SHA,H,76,INFLOW,20140101,0300,-3653, ,CFS
SHA,H,76,INFLOW,20140101,0400,1913, ,CFS
SHA,H,76,INFLOW,20140101,0500,58, ,CFS
SHA,H,76,INFLOW,20140101,0600,145, ,CFS
SHA,H,76,INFLOW,20140101,0700,1230, ,CFS
SHA,H,76,INFLOW,20140101,0800,2484, ,CFS
SHA,H,76,INFLOW,20140101,0900,-1950, ,CFS
SHA,H,76,INFLOW,20140101,1000,957, ,CFS
SHA,H,76,INFLOW,20140101,1100,-770, ,CFS
SHA,H,76,INFLOW,20140101,1200,-875, ,CFS
SHA,H,76,INFLOW,20140101,1300,601, ,CFS
SHA,H,76,INFLOW,20140101,1400,802, ,CFS
SHA,H,76,INFLOW,20140101,1500,912, ,CFS
SHA,H,76,INFLOW,20140101,1600,-2561, ,CFS
SHA,H,76,INFLOW,20140101,1700,1719, ,CFS
SHA,H,76,INFLOW,20140101,1800,1710, ,CFS
SHA,H,76,INFLOW,20140101,1900,-1364, ,CFS
SHA,H,76,INFLOW,20140101,2000,663, ,CFS
SHA,H,76,INFLOW,20140101,2100,139, ,CFS
SHA,H,76,INFLOW,20140101,2200,2108, ,CFS
SHA,H,76,INFLOW,20140101,2300,1474, ,CFS
SHA,H,76,INFLOW,20140102,0000,677, ,CFS
SHA,H,76,INFLOW,20140102,0100,-1613, ,CFS
SHA,H,76,INFLOW,20140102,0200,3784, ,CFS
SHA,H,76,INFLOW,20140102,0300,-1739, ,CFS
SHA,H,76,INFLOW,20140102,0400,1957, ,CFS
SHA,H,76,INFLOW,20140102,0500,115, ,CFS
SHA,H,76,INFLOW,20140102,0600,655, ,CFS
SHA,H,76,INFLOW,20140102,0700,-3169, ,CFS
SHA,H,76,INFLOW,20140102,0800,4691, ,CFS
SHA,H,76,INFLOW,20140102,0900,944, ,CFS
SHA,H,76,INFLOW,20140102,1000,-1931, ,CFS
SHA,H,76,INFLOW,20140102,1100,1304, ,CFS
SHA,H,76,INFLOW,20140102,1200,-1579, ,CFS
SHA,H,76,INFLOW,20140102,1300,-406, ,CFS
SHA,H,76,INFLOW,20140102,1400,1554, ,CFS
SHA,H,76,INFLOW,20140102,1500,-974, ,CFS
SHA,H,76,INFLOW,20140102,1600,2225, ,CFS
SHA,H,76,INFLOW,20140102,1700,142, ,CFS
SHA,H,76,INFLOW,20140102,1800,1174, ,CFS
SHA,H,76,INFLOW,20140102,1900,-1443, ,CFS
SHA,H,76,INFLOW,20140102,2000,2203, ,CFS
SHA,H,76,INFLOW,20140102,2100,8145, ,CFS
SHA,H,76,INFLOW,20140102,2200,6482, ,CFS
SHA,H,76,INFLOW,20140102,2300,5344, ,CFS
SHA,H,76,INFLOW,20140103,0000,5367, ,CFS
SHA,H,76,INFLOW,20140103,0100,199, ,CFS
SHA,H,76,INFLOW,20140103,0200,1985, ,CFS
SHA,H,76,INFLOW,20140103,0300,-1725, ,CFS
SHA,H,76,INFLOW,20140103,0400,7502, ,CFS
SHA,H,76,INFLOW,20140103,0500,-3558, ,CFS
SHA,H,76,INFLOW,20140103,0600,168, ,CFS
SHA,H,76,INFLOW,20140103,0700,-2137, ,CFS
SHA,H,76,INFLOW,20140103,0800,5953, ,CFS
SHA,H,76,INFLOW,20140103,0900,-4475, ,CFS
SHA,H,76,INFLOW,20140103,1000,2218, ,CFS
SHA,H,76,INFLOW,20140103,1100,4, ,CFS
SHA,H,76,INFLOW,20140103,1200,1495, ,CFS
SHA,H,76,INFLOW,20140103,1300,1535, ,CFS
SHA,H,76,INFLOW,20140103,1400,-2323, ,CFS
SHA,H,76,INFLOW,20140103,1500,-378, ,CFS
SHA,H,76,INFLOW,20140103,1600,3119, ,CFS
SHA,H,76,INFLOW,20140103,1700,-1362, ,CFS
SHA,H,76,INFLOW,20140103,1800,1937, ,CFS
SHA,H,76,INFLOW,20140103,1900,1810, ,CFS
SHA,H,76,INFLOW,20140103,2000,-1002, ,CFS
SHA,H,76,INFLOW,20140103,2100,7044, ,CFS
SHA,H,76,INFLOW,20140103,2200,6099, ,CFS
SHA,H,76,INFLOW,20140103,2300,11630, ,CFS
SHA,H,76,INFLOW,20140104,0000,-2484, ,CFS
SHA,H,76,INFLOW,20140104,0100,5621, ,CFS
SHA,H,76,INFLOW,20140104,0200,64, ,CFS
SHA,H,76,INFLOW,20140104,0300,1906, ,CFS
SHA,H,76,INFLOW,20140104,0400,3761, ,CFS
SHA,H,76,INFLOW,20140104,0500,-1770, ,CFS
SHA,H,76,INFLOW,20140104,0600,148, ,CFS
SHA,H,76,INFLOW,20140104,0700,3052, ,CFS
SHA,H,76,INFLOW,20140104,0800,1138, ,CFS
SHA,H,76,INFLOW,20140104,0900,-3704, ,CFS
SHA,H,76,INFLOW,20140104,1000,6594, ,CFS
SHA,H,76,INFLOW,20140104,1100,-5918, ,CFS
SHA,H,76,INFLOW,20140104,1200,-255, ,CFS
SHA,H,76,INFLOW,20140104,1300,-1111, ,CFS
SHA,H,76,INFLOW,20140104,1400,521, ,CFS
SHA,H,76,INFLOW,20140104,1500,-1211, ,CFS
SHA,H,76,INFLOW,20140104,1600,-1112, ,CFS
SHA,H,76,INFLOW,20140104,1700,1950, ,CFS
SHA,H,76,INFLOW,20140104,1800,-709, ,CFS
SHA,H,76,INFLOW,20140104,1900,3016, ,CFS
SHA,H,76,INFLOW,20140104,2000,937, ,CFS
SHA,H,76,INFLOW,20140104,2100,588, ,CFS
SHA,H,76,INFLOW,20140104,2200,2992, ,CFS
SHA,H,76,INFLOW,20140104,2300,4244, ,CFS
SHA,H,76,INFLOW,20140105,0000,730, ,CFS
SHA,H,76,INFLOW,20140105,0100,3860, ,CFS
SHA,H,76,INFLOW,20140105,0200,47, ,CFS
SHA,H,76,INFLOW,20140105,0300,3737, ,CFS
SHA,H,76,INFLOW,20140105,0400,-5488, ,CFS
SHA,H,76,INFLOW,20140105,0500,5583, ,CFS
SHA,H,76,INFLOW,20140105,0600,-5418, ,CFS
SHA,H,76,INFLOW,20140105,0700,1203, ,CFS
SHA,H,76,INFLOW,20140105,0800,3120, ,CFS
SHA,H,76,INFLOW,20140105,0900,-1954, ,CFS
SHA,H,76,INFLOW,20140105,1000,6468, ,CFS
SHA,H,76,INFLOW,20140105,1100,-784, ,CFS
SHA,H,76,INFLOW,20140105,1200,962, ,CFS
SHA,H,76,INFLOW,20140105,1300,2706, ,CFS
SHA,H,76,INFLOW,20140105,1400,865, ,CFS
SHA,H,76,INFLOW,20140105,1500,835, ,CFS
SHA,H,76,INFLOW,20140105,1600,729, ,CFS
SHA,H,76,INFLOW,20140105,1700,-2530, ,CFS
SHA,H,76,INFLOW,20140105,1800,5647, ,CFS
SHA,H,76,INFLOW,20140105,1900,-1103, ,CFS
SHA,H,76,INFLOW,20140105,2000,10486, ,CFS
SHA,H,76,INFLOW,20140105,2100,6142, ,CFS
SHA,H,76,INFLOW,20140105,2200,1194, ,CFS
SHA,H,76,INFLOW,20140105,2300,9656, ,CFS
SHA,H,76,INFLOW,20140106,0000,5601, ,CFS
SHA,H,76,INFLOW,20140106,0100,3877, ,CFS
SHA,H,76,INFLOW,20140106,0200,5614, ,CFS
SHA,H,76,INFLOW,20140106,0300,79, ,CFS
SHA,H,76,INFLOW,20140106,0400,1924, ,CFS
SHA,H,76,INFLOW,20140106,0500,1924, ,CFS
SHA,H,76,INFLOW,20140106,0600,-1474, ,CFS
SHA,H,76,INFLOW,20140106,0700,1812, ,CFS
SHA,H,76,INFLOW,20140106,0800,838, ,CFS
SHA,H,76,INFLOW,20140106,0900,6372, ,CFS
SHA,H,76,INFLOW,20140106,1000,2168, ,CFS
SHA,H,76,INFLOW,20140106,1100,5293, ,CFS
SHA,H,76,INFLOW,20140106,1200,7280, ,CFS
SHA,H,76,INFLOW,20140106,1300,-4273, ,CFS
SHA,H,76,INFLOW,20140106,1400,4515, ,CFS
SHA,H,76,INFLOW,20140106,1500,2814, ,CFS
SHA,H,76,INFLOW,20140106,1600,-2691, ,CFS
SHA,H,76,INFLOW,20140106,1700,3705, ,CFS
SHA,H,76,INFLOW,20140106,1800,916, ,CFS
SHA,H,76,INFLOW,20140106,1900,9450, ,CFS
SHA,H,76,INFLOW,20140106,2000,2840, ,CFS
SHA,H,76,INFLOW,20140106,2100,8921, ,CFS
SHA,H,76,INFLOW,20140106,2200,4712, ,CFS
SHA,H,76,INFLOW,20140106,2300,9772, ,CFS
SHA,H,76,INFLOW,20140107,0000,5863, ,CFS
SHA,H,76,INFLOW,20140107,0100,2023, ,CFS
SHA,H,76,INFLOW,20140107,0200,3768, ,CFS
SHA,H,76,INFLOW,20140107,0300,1920, ,CFS
SHA,H,76,INFLOW,20140107,0400,-1771, ,CFS
SHA,H,76,INFLOW,20140107,0500,3767, ,CFS
SHA,H,76,INFLOW,20140107,0600,-1290, ,CFS
SHA,H,76,INFLOW,20140107,0700,-159, ,CFS
SHA,H,76,INFLOW,20140107,0800,2702, ,CFS
SHA,H,76,INFLOW,20140107,0900,5239, ,CFS
SHA,H,76,INFLOW,20140107,1000,1174, ,CFS
SHA,H,76,INFLOW,20140107,1100,5571, ,CFS
SHA,H,76,INFLOW,20140107,1200,1790, ,CFS
SHA,H,76,INFLOW,20140107,1300,-313, ,CFS
SHA,H,76,INFLOW,20140107,1400,4684, ,CFS
SHA,H,76,INFLOW,20140107,1500,-1490, ,CFS
SHA,H,76,INFLOW,20140107,1600,2248, ,CFS
SHA,H,76,INFLOW,20140107,1700,2556, ,CFS
SHA,H,76,INFLOW,20140107,1800,-1089, ,CFS
SHA,H,76,INFLOW,20140107,1900,766, ,CFS
SHA,H,76,INFLOW,20140107,2000,7736, ,CFS
SHA,H,76,INFLOW,20140107,2100,7759, ,CFS
SHA,H,76,INFLOW,20140107,2200,4023, ,CFS
SHA,H,76,INFLOW,20140107,2300,7998, ,CFS
SHA,H,76,INFLOW,20140108,0000,5844, ,CFS
SHA,H,76,INFLOW,20140108,0100,2028, ,CFS
SHA,H,76,INFLOW,20140108,0200,70, ,CFS
SHA,H,76,INFLOW,20140108,0300,1915, ,CFS
SHA,H,76,INFLOW,20140108,0400,1915, ,CFS
SHA,H,76,INFLOW,20140108,0500,70, ,CFS
SHA,H,76,INFLOW,20140108,0600,3902, ,CFS
SHA,H,76,INFLOW,20140108,0700,-2743, ,CFS
SHA,H,76,INFLOW,20140108,0800,624, ,CFS
SHA,H,76,INFLOW,20140108,0900,6427, ,CFS
SHA,H,76,INFLOW,20140108,1000,3313, ,CFS
SHA,H,76,INFLOW,20140108,1100,7964, ,CFS
SHA,H,76,INFLOW,20140108,1200,3752, ,CFS
SHA,H,76,INFLOW,20140108,1300,-4237, ,CFS
SHA,H,76,INFLOW,20140108,1400,2925, ,CFS
SHA,H,76,INFLOW,20140108,1500,6553, ,CFS
SHA,H,76,INFLOW,20140108,1600,-4755, ,CFS
SHA,H,76,INFLOW,20140108,1700,396, ,CFS
SHA,H,76,INFLOW,20140108,1800,8844, ,CFS
SHA,H,76,INFLOW,20140108,1900,1373, ,CFS
SHA,H,76,INFLOW,20140108,2000,8322, ,CFS
SHA,H,76,INFLOW,20140108,2100,5862, ,CFS
SHA,H,76,INFLOW,20140108,2200,5241, ,CFS
SHA,H,76,INFLOW,20140108,2300,6286, ,CFS
SHA,H,76,INFLOW,20140109,0000,8543, ,CFS
SHA,H,76,INFLOW,20140109,0100,265, ,CFS
SHA,H,76,INFLOW,20140109,0200,3769, ,CFS
SHA,H,76,INFLOW,20140109,0300,86, ,CFS
SHA,H,76,INFLOW,20140109,0400,74, ,CFS
SHA,H,76,INFLOW,20140109,0500,4104, ,CFS
SHA,H,76,INFLOW,20140109,0600,-1326, ,CFS
SHA,H,76,INFLOW,20140109,0700,2732, ,CFS
SHA,H,76,INFLOW,20140109,0800,-3579, ,CFS
SHA,H,76,INFLOW,20140109,0900,6613, ,CFS
SHA,H,76,INFLOW,20140109,1000,2452, ,CFS
SHA,H,76,INFLOW,20140109,1100,13650, ,CFS
SHA,H,76,INFLOW,20140109,1200,5844, ,CFS
SHA,H,76,INFLOW,20140109,1300,931, ,CFS
SHA,H,76,INFLOW,20140109,1400,2558, ,CFS
SHA,H,76,INFLOW,20140109,1500,-1432, ,CFS
SHA,H,76,INFLOW,20140109,1600,2218, ,CFS
SHA,H,76,INFLOW,20140109,1700,2095, ,CFS
SHA,H,76,INFLOW,20140109,1800,2211, ,CFS
SHA,H,76,INFLOW,20140109,1900,2332, ,CFS
SHA,H,76,INFLOW,20140109,2000,4463, ,CFS
SHA,H,76,INFLOW,20140109,2100,10313, ,CFS
SHA,H,76,INFLOW,20140109,2200,2618, ,CFS
SHA,H,76,INFLOW,20140109,2300,6985, ,CFS
SHA,H,76,INFLOW,20140110,0000,8725, ,CFS
SHA,H,76,INFLOW,20140110,0100,700, ,CFS
SHA,H,76,INFLOW,20140110,0200,7508, ,CFS
SHA,H,76,INFLOW,20140110,0300,-3606, ,CFS
SHA,H,76,INFLOW,20140110,0400,5606, ,CFS
SHA,H,76,INFLOW,20140110,0500,-1551, ,CFS
SHA,H,76,INFLOW,20140110,0600,4974, ,CFS
SHA,H,76,INFLOW,20140110,0700,-6023, ,CFS
SHA,H,76,INFLOW,20140110,0800,4295, ,CFS
SHA,H,76,INFLOW,20140110,0900,3405, ,CFS
SHA,H,76,INFLOW,20140110,1000,5628, ,CFS
SHA,H,76,INFLOW,20140110,1100,3399, ,CFS
SHA,H,76,INFLOW,20140110,1200,4882, ,CFS
SHA,H,76,INFLOW,20140110,1300,-2251, ,CFS
SHA,H,76,INFLOW,20140110,1400,3228, ,CFS
SHA,H,76,INFLOW,20140110,1500,1017, ,CFS
SHA,H,76,INFLOW,20140110,1600,-1357, ,CFS
SHA,H,76,INFLOW,20140110,1700,4594, ,CFS
SHA,H,76,INFLOW,20140110,1800,1887, ,CFS
SHA,H,76,INFLOW,20140110,1900,1058, ,CFS
SHA,H,76,INFLOW,20140110,2000,4452, ,CFS
SHA,H,76,INFLOW,20140110,2100,6859, ,CFS
SHA,H,76,INFLOW,20140110,2200,5081, ,CFS
SHA,H,76,INFLOW,20140110,2300,9399, ,CFS
SHA,H,76,INFLOW,20140111,0000,-301, ,CFS
SHA,H,76,INFLOW,20140111,0100,4330, ,CFS
SHA,H,76,INFLOW,20140111,0200,145, ,CFS
SHA,H,76,INFLOW,20140111,0300,72, ,CFS
SHA,H,76,INFLOW,20140111,0400,82, ,CFS
SHA,H,76,INFLOW,20140111,0500,1985, ,CFS
SHA,H,76,INFLOW,20140111,0600,-547, ,CFS
SHA,H,76,INFLOW,20140111,0700,3943, ,CFS
SHA,H,76,INFLOW,20140111,0800,2697, ,CFS
SHA,H,76,INFLOW,20140111,0900,-249, ,CFS
SHA,H,76,INFLOW,20140111,1000,2029, ,CFS
SHA,H,76,INFLOW,20140111,1100,2025, ,CFS
SHA,H,76,INFLOW,20140111,1200,8739, ,CFS
SHA,H,76,INFLOW,20140111,1300,2982, ,CFS
SHA,H,76,INFLOW,20140111,1400,-80, ,CFS
SHA,H,76,INFLOW,20140111,1500,9300, ,CFS
SHA,H,76,INFLOW,20140111,1600,-5412, ,CFS
SHA,H,76,INFLOW,20140111,1700,905, ,CFS
SHA,H,76,INFLOW,20140111,1800,-2303, ,CFS
SHA,H,76,INFLOW,20140111,1900,8293, ,CFS
SHA,H,76,INFLOW,20140111,2000,-1644, ,CFS
SHA,H,76,INFLOW,20140111,2100,19595, ,CFS
SHA,H,76,INFLOW,20140111,2200,-594, ,CFS
SHA,H,76,INFLOW,20140111,2300,9122, ,CFS
SHA,H,76,INFLOW,20140112,0000,3028, ,CFS
SHA,H,76,INFLOW,20140112,0100,8215, ,CFS
SHA,H,76,INFLOW,20140112,0200,-3133, ,CFS
SHA,H,76,INFLOW,20140112,0300,2349, ,CFS
SHA,H,76,INFLOW,20140112,0400,2087, ,CFS
SHA,H,76,INFLOW,20140112,0500,807, ,CFS
SHA,H,76,INFLOW,20140112,0600,1291, ,CFS
SHA,H,76,INFLOW,20140112,0700,1466, ,CFS
SHA,H,76,INFLOW,20140112,0800,-3235, ,CFS
SHA,H,76,INFLOW,20140112,0900,2941, ,CFS
SHA,H,76,INFLOW,20140112,1000,2964, ,CFS
SHA,H,76,INFLOW,20140112,1100,2957, ,CFS
SHA,H,76,INFLOW,20140112,1200,4689, ,CFS
SHA,H,76,INFLOW,20140112,1300,613, ,CFS
SHA,H,76,INFLOW,20140112,1400,-896, ,CFS
SHA,H,76,INFLOW,20140112,1500,1985, ,CFS
SHA,H,76,INFLOW,20140112,1600,-1433, ,CFS
SHA,H,76,INFLOW,20140112,1700,-2812, ,CFS
SHA,H,76,INFLOW,20140112,1800,6036, ,CFS
SHA,H,76,INFLOW,20140112,1900,5903, ,CFS
SHA,H,76,INFLOW,20140112,2000,2669, ,CFS
SHA,H,76,INFLOW,20140112,2100,9559, ,CFS
SHA,H,76,INFLOW,20140112,2200,6692, ,CFS
SHA,H,76,INFLOW,20140112,2300,2768, ,CFS
SHA,H,76,INFLOW,20140113,0000,9571, ,CFS
SHA,H,76,INFLOW,20140113,0100,6100, ,CFS
SHA,H,76,INFLOW,20140113,0200,77, ,CFS
SHA,H,76,INFLOW,20140113,0300,1873, ,CFS
SHA,H,76,INFLOW,20140113,0400,-1818, ,CFS
SHA,H,76,INFLOW,20140113,0500,3946, ,CFS
SHA,H,76,INFLOW,20140113,0600,2902, ,CFS
SHA,H,76,INFLOW,20140113,0700,2440, ,CFS
SHA,H,76,INFLOW,20140113,0800,2176, ,CFS
SHA,H,76,INFLOW,20140113,0900,6246, ,CFS
SHA,H,76,INFLOW,20140113,1000,5441, ,CFS
SHA,H,76,INFLOW,20140113,1100,591, ,CFS
SHA,H,76,INFLOW,20140113,1200,6142, ,CFS
SHA,H,76,INFLOW,20140113,1300,8135, ,CFS
SHA,H,76,INFLOW,20140113,1400,902, ,CFS
SHA,H,76,INFLOW,20140113,1500,737, ,CFS
SHA,H,76,INFLOW,20140113,1600,2523, ,CFS
SHA,H,76,INFLOW,20140113,1700,-3222, ,CFS
SHA,H,76,INFLOW,20140113,1800,1738, ,CFS
SHA,H,76,INFLOW,20140113,1900,7872, ,CFS
SHA,H,76,INFLOW,20140113,2000,6328, ,CFS
SHA,H,76,INFLOW,20140113,2100,5120, ,CFS
SHA,H,76,INFLOW,20140113,2200,7920, ,CFS
SHA,H,76,INFLOW,20140113,2300,5986, ,CFS
SHA,H,76,INFLOW,20140114,0000,6199, ,CFS
SHA,H,76,INFLOW,20140114,0100,6275, ,CFS
SHA,H,76,INFLOW,20140114,0200,377, ,CFS
SHA,H,76,INFLOW,20140114,0300,-1757, ,CFS
SHA,H,76,INFLOW,20140114,0400,81, ,CFS
SHA,H,76,INFLOW,20140114,0500,2087, ,CFS
SHA,H,76,INFLOW,20140114,0600,1250, ,CFS
SHA,H,76,INFLOW,20140114,0700,538, ,CFS
SHA,H,76,INFLOW,20140114,0800,1572, ,CFS
SHA,H,76,INFLOW,20140114,0900,5268, ,CFS
SHA,H,76,INFLOW,20140114,1000,1606, ,CFS
SHA,H,76,INFLOW,20140114,1100,5243, ,CFS
SHA,H,76,INFLOW,20140114,1200,4876, ,CFS
SHA,H,76,INFLOW,20140114,1300,-4306, ,CFS
SHA,H,76,INFLOW,20140114,1400,4797, ,CFS
SHA,H,76,INFLOW,20140114,1500,-920, ,CFS
SHA,H,76,INFLOW,20140114,1600,-715, ,CFS
SHA,H,76,INFLOW,20140114,1700,807, ,CFS
SHA,H,76,INFLOW,20140114,1800,3283, ,CFS
SHA,H,76,INFLOW,20140114,1900,1338, ,CFS
SHA,H,76,INFLOW,20140114,2000,7199, ,CFS
SHA,H,76,INFLOW,20140114,2100,7054, ,CFS
SHA,H,76,INFLOW,20140114,2200,2437, ,CFS
SHA,H,76,INFLOW,20140114,2300,5178, ,CFS
SHA,H,76,INFLOW,20140115,0000,5281, ,CFS
SHA,H,76,INFLOW,20140115,0100,2342, ,CFS
SHA,H,76,INFLOW,20140115,0200,-1741, ,CFS
SHA,H,76,INFLOW,20140115,0300,3772, ,CFS
SHA,H,76,INFLOW,20140115,0400,-1755, ,CFS
SHA,H,76,INFLOW,20140115,0500,146, ,CFS
SHA,H,76,INFLOW,20140115,0600,4812, ,CFS
SHA,H,76,INFLOW,20140115,0700,1994, ,CFS
SHA,H,76,INFLOW,20140115,0800,436, ,CFS
SHA,H,76,INFLOW,20140115,0900,2046, ,CFS
SHA,H,76,INFLOW,20140115,1000,2154, ,CFS
SHA,H,76,INFLOW,20140115,1100,9515, ,CFS
SHA,H,76,INFLOW,20140115,1200,-1524, ,CFS
SHA,H,76,INFLOW,20140115,1300,-922, ,CFS
SHA,H,76,INFLOW,20140115,1400,2375, ,CFS
SHA,H,76,INFLOW,20140115,1500,948, ,CFS
SHA,H,76,INFLOW,20140115,1600,-2563, ,CFS
SHA,H,76,INFLOW,20140115,1700,3354, ,CFS
SHA,H,76,INFLOW,20140115,1800,877, ,CFS
SHA,H,76,INFLOW,20140115,1900,3353, ,CFS
SHA,H,76,INFLOW,20140115,2000,7790, ,CFS
SHA,H,76,INFLOW,20140115,2100,3796, ,CFS
SHA,H,76,INFLOW,20140115,2200,3268, ,CFS
SHA,H,76,INFLOW,20140115,2300,11244, ,CFS
SHA,H,76,INFLOW,20140116,0000,1174, ,CFS
SHA,H,76,INFLOW,20140116,0100,3912, ,CFS
SHA,H,76,INFLOW,20140116,0200,5635, ,CFS
SHA,H,76,INFLOW,20140116,0300,1941, ,CFS
SHA,H,76,INFLOW,20140116,0400,137, ,CFS
SHA,H,76,INFLOW,20140116,0500,2251, ,CFS
SHA,H,76,INFLOW,20140116,0600,-941, ,CFS
SHA,H,76,INFLOW,20140116,0700,-2417, ,CFS
SHA,H,76,INFLOW,20140116,0800,7788, ,CFS
SHA,H,76,INFLOW,20140116,0900,2401, ,CFS
SHA,H,76,INFLOW,20140116,1000,9732, ,CFS
SHA,H,76,INFLOW,20140116,1100,-1479, ,CFS
SHA,H,76,INFLOW,20140116,1200,443, ,CFS
SHA,H,76,INFLOW,20140116,1300,3074, ,CFS
SHA,H,76,INFLOW,20140116,1400,1127, ,CFS
SHA,H,76,INFLOW,20140116,1500,-562, ,CFS
SHA,H,76,INFLOW,20140116,1600,3333, ,CFS
SHA,H,76,INFLOW,20140116,1700,915, ,CFS
SHA,H,76,INFLOW,20140116,1800,-1369, ,CFS
SHA,H,76,INFLOW,20140116,1900,12185, ,CFS
SHA,H,76,INFLOW,20140116,2000,3278, ,CFS
SHA,H,76,INFLOW,20140116,2100,4151, ,CFS
SHA,H,76,INFLOW,20140116,2200,11169, ,CFS
SHA,H,76,INFLOW,20140116,2300,5971, ,CFS
SHA,H,76,INFLOW,20140117,0000,7507, ,CFS
SHA,H,76,INFLOW,20140117,0100,3881, ,CFS
SHA,H,76,INFLOW,20140117,0200,1929, ,CFS
SHA,H,76,INFLOW,20140117,0300,87, ,CFS
SHA,H,76,INFLOW,20140117,0400,1935, ,CFS
SHA,H,76,INFLOW,20140117,0500,389, ,CFS
SHA,H,76,INFLOW,20140117,0600,-4391, ,CFS
SHA,H,76,INFLOW,20140117,0700,4936, ,CFS
SHA,H,76,INFLOW,20140117,0800,2330, ,CFS
SHA,H,76,INFLOW,20140117,0900,6182, ,CFS
SHA,H,76,INFLOW,20140117,1000,7685, ,CFS
SHA,H,76,INFLOW,20140117,1100,-445, ,CFS
SHA,H,76,INFLOW,20140117,1200,2466, ,CFS
SHA,H,76,INFLOW,20140117,1300,1275, ,CFS
SHA,H,76,INFLOW,20140117,1400,-902, ,CFS
SHA,H,76,INFLOW,20140117,1500,986, ,CFS
SHA,H,76,INFLOW,20140117,1600,2965, ,CFS
SHA,H,76,INFLOW,20140117,1700,-2744, ,CFS
SHA,H,76,INFLOW,20140117,1800,9484, ,CFS
SHA,H,76,INFLOW,20140117,1900,1813, ,CFS
SHA,H,76,INFLOW,20140117,2000,9044, ,CFS
SHA,H,76,INFLOW,20140117,2100,7274, ,CFS
SHA,H,76,INFLOW,20140117,2200,4383, ,CFS
SHA,H,76,INFLOW,20140117,2300,8107, ,CFS
SHA,H,76,INFLOW,20140118,0000,5027, ,CFS
SHA,H,76,INFLOW,20140118,0100,2088, ,CFS
SHA,H,76,INFLOW,20140118,0200,3809, ,CFS
SHA,H,76,INFLOW,20140118,0300,1964, ,CFS
SHA,H,76,INFLOW,20140118,0400,-1726, ,CFS
SHA,H,76,INFLOW,20140118,0500,2349, ,CFS
SHA,H,76,INFLOW,20140118,0600,311, ,CFS
SHA,H,76,INFLOW,20140118,0700,528, ,CFS
SHA,H,76,INFLOW,20140118,0800,108, ,CFS
SHA,H,76,INFLOW,20140118,0900,4372, ,CFS
SHA,H,76,INFLOW,20140118,1000,2558, ,CFS
SHA,H,76,INFLOW,20140118,1100,3213, ,CFS
SHA,H,76,INFLOW,20140118,1200,455, ,CFS
SHA,H,76,INFLOW,20140118,1300,4840, ,CFS
SHA,H,76,INFLOW,20140118,1400,-657, ,CFS
SHA,H,76,INFLOW,20140118,1500,1231, ,CFS
SHA,H,76,INFLOW,20140118,1600,1188, ,CFS
SHA,H,76,INFLOW,20140118,1700,1593, ,CFS
SHA,H,76,INFLOW,20140118,1800,902, ,CFS
SHA,H,76,INFLOW,20140118,1900,8541, ,CFS
SHA,H,76,INFLOW,20140118,2000,1892, ,CFS
SHA,H,76,INFLOW,20140118,2100,11623, ,CFS
SHA,H,76,INFLOW,20140118,2200,5342, ,CFS
SHA,H,76,INFLOW,20140118,2300,4889, ,CFS
SHA,H,76,INFLOW,20140119,0000,5951, ,CFS
SHA,H,76,INFLOW,20140119,0100,5727, ,CFS
SHA,H,76,INFLOW,20140119,0200,1919, ,CFS
SHA,H,76,INFLOW,20140119,0300,1919, ,CFS
SHA,H,76,INFLOW,20140119,0400,1919, ,CFS
SHA,H,76,INFLOW,20140119,0500,627, ,CFS
SHA,H,76,INFLOW,20140119,0600,575, ,CFS
SHA,H,76,INFLOW,20140119,0700,1013, ,CFS
SHA,H,76,INFLOW,20140119,0800,1396, ,CFS
SHA,H,76,INFLOW,20140119,0900,-75, ,CFS
SHA,H,76,INFLOW,20140119,1000,5382, ,CFS
SHA,H,76,INFLOW,20140119,1100,2924, ,CFS
SHA,H,76,INFLOW,20140119,1200,3375, ,CFS
SHA,H,76,INFLOW,20140119,1300,4401, ,CFS
SHA,H,76,INFLOW,20140119,1400,179, ,CFS
SHA,H,76,INFLOW,20140119,1500,312, ,CFS
SHA,H,76,INFLOW,20140119,1600,469, ,CFS
SHA,H,76,INFLOW,20140119,1700,2775, ,CFS
SHA,H,76,INFLOW,20140119,1800,-1020, ,CFS
SHA,H,76,INFLOW,20140119,1900,2131, ,CFS
SHA,H,76,INFLOW,20140119,2000,7375, ,CFS
SHA,H,76,INFLOW,20140119,2100,7240, ,CFS
SHA,H,76,INFLOW,20140119,2200,1143, ,CFS
SHA,H,76,INFLOW,20140119,2300,10376, ,CFS
SHA,H,76,INFLOW,20140120,0000,7653, ,CFS
SHA,H,76,INFLOW,20140120,0100,174, ,CFS
SHA,H,76,INFLOW,20140120,0200,7432, ,CFS
SHA,H,76,INFLOW,20140120,0300,60, ,CFS
SHA,H,76,INFLOW,20140120,0400,-1397, ,CFS
SHA,H,76,INFLOW,20140120,0500,4385, ,CFS
SHA,H,76,INFLOW,20140120,0600,-946, ,CFS
SHA,H,76,INFLOW,20140120,0700,432, ,CFS
SHA,H,76,INFLOW,20140120,0800,1877, ,CFS
SHA,H,76,INFLOW,20140120,0900,7255, ,CFS
SHA,H,76,INFLOW,20140120,1000,293, ,CFS
SHA,H,76,INFLOW,20140120,1100,7888, ,CFS
SHA,H,76,INFLOW,20140120,1200,4192, ,CFS
SHA,H,76,INFLOW,20140120,1300,-2335, ,CFS
SHA,H,76,INFLOW,20140120,1400,4255, ,CFS
SHA,H,76,INFLOW,20140120,1500,2394, ,CFS
SHA,H,76,INFLOW,20140120,1600,-1202, ,CFS
SHA,H,76,INFLOW,20140120,1700,3313, ,CFS
SHA,H,76,INFLOW,20140120,1800,2888, ,CFS
SHA,H,76,INFLOW,20140120,1900,5081, ,CFS
SHA,H,76,INFLOW,20140120,2000,7134, ,CFS
SHA,H,76,INFLOW,20140120,2100,6764, ,CFS
SHA,H,76,INFLOW,20140120,2200,5986, ,CFS
SHA,H,76,INFLOW,20140120,2300,7210, ,CFS
SHA,H,76,INFLOW,20140121,0000,6708, ,CFS
SHA,H,76,INFLOW,20140121,0100,1992, ,CFS
SHA,H,76,INFLOW,20140121,0200,5623, ,CFS
SHA,H,76,INFLOW,20140121,0300,88, ,CFS
SHA,H,76,INFLOW,20140121,0400,1933, ,CFS
SHA,H,76,INFLOW,20140121,0500,1933, ,CFS
SHA,H,76,INFLOW,20140121,0600,216, ,CFS
SHA,H,76,INFLOW,20140121,0700,-840, ,CFS
SHA,H,76,INFLOW,20140121,0800,1951, ,CFS
SHA,H,76,INFLOW,20140121,0900,7487, ,CFS
SHA,H,76,INFLOW,20140121,1000,5012, ,CFS
SHA,H,76,INFLOW,20140121,1100,2495, ,CFS
SHA,H,76,INFLOW,20140121,1200,3790, ,CFS
SHA,H,76,INFLOW,20140121,1300,4284, ,CFS
SHA,H,76,INFLOW,20140121,1400,-792, ,CFS
SHA,H,76,INFLOW,20140121,1500,3082, ,CFS
SHA,H,76,INFLOW,20140121,1600,1162, ,CFS
SHA,H,76,INFLOW,20140121,1700,1152, ,CFS
SHA,H,76,INFLOW,20140121,1800,221, ,CFS
SHA,H,76,INFLOW,20140121,1900,11454, ,CFS
SHA,H,76,INFLOW,20140121,2000,4481, ,CFS
SHA,H,76,INFLOW,20140121,2100,7183, ,CFS
SHA,H,76,INFLOW,20140121,2200,4940, ,CFS
SHA,H,76,INFLOW,20140121,2300,8829, ,CFS
SHA,H,76,INFLOW,20140122,0000,5922, ,CFS
SHA,H,76,INFLOW,20140122,0100,3908, ,CFS
SHA,H,76,INFLOW,20140122,0200,3801, ,CFS
SHA,H,76,INFLOW,20140122,0300,1942, ,CFS
SHA,H,76,INFLOW,20140122,0400,1944, ,CFS
SHA,H,76,INFLOW,20140122,0500,-1671, ,CFS
SHA,H,76,INFLOW,20140122,0600,4550, ,CFS
SHA,H,76,INFLOW,20140122,0700,-4328, ,CFS
SHA,H,76,INFLOW,20140122,0800,2244, ,CFS
SHA,H,76,INFLOW,20140122,0900,5956, ,CFS
SHA,H,76,INFLOW,20140122,1000,475, ,CFS
SHA,H,76,INFLOW,20140122,1100,7559, ,CFS
SHA,H,76,INFLOW,20140122,1200,3579, ,CFS
SHA,H,76,INFLOW,20140122,1300,-2670, ,CFS
SHA,H,76,INFLOW,20140122,1400,2564, ,CFS
SHA,H,76,INFLOW,20140122,1500,620, ,CFS
SHA,H,76,INFLOW,20140122,1600,-4844, ,CFS
SHA,H,76,INFLOW,20140122,1700,5475, ,CFS
SHA,H,76,INFLOW,20140122,1800,-977, ,CFS
SHA,H,76,INFLOW,20140122,1900,2909, ,CFS
SHA,H,76,INFLOW,20140122,2000,8522, ,CFS
SHA,H,76,INFLOW,20140122,2100,5082, ,CFS
SHA,H,76,INFLOW,20140122,2200,1762, ,CFS
SHA,H,76,INFLOW,20140122,2300,9010, ,CFS
SHA,H,76,INFLOW,20140123,0000,9817, ,CFS
SHA,H,76,INFLOW,20140123,0100,213, ,CFS
SHA,H,76,INFLOW,20140123,0200,7470, ,CFS
SHA,H,76,INFLOW,20140123,0300,85, ,CFS
SHA,H,76,INFLOW,20140123,0400,-1761, ,CFS
SHA,H,76,INFLOW,20140123,0500,1933, ,CFS
SHA,H,76,INFLOW,20140123,0600,5901, ,CFS
SHA,H,76,INFLOW,20140123,0700,-5485, ,CFS
SHA,H,76,INFLOW,20140123,0800,549, ,CFS
SHA,H,76,INFLOW,20140123,0900,2691, ,CFS
SHA,H,76,INFLOW,20140123,1000,1876, ,CFS
SHA,H,76,INFLOW,20140123,1100,5509, ,CFS
SHA,H,76,INFLOW,20140123,1200,-69, ,CFS
SHA,H,76,INFLOW,20140123,1300,-347, ,CFS
SHA,H,76,INFLOW,20140123,1400,6958, ,CFS
SHA,H,76,INFLOW,20140123,1500,-2048, ,CFS
SHA,H,76,INFLOW,20140123,1600,-4113, ,CFS
SHA,H,76,INFLOW,20140123,1700,7287, ,CFS
SHA,H,76,INFLOW,20140123,1800,678, ,CFS
SHA,H,76,INFLOW,20140123,1900,3748, ,CFS
SHA,H,76,INFLOW,20140123,2000,5917, ,CFS
SHA,H,76,INFLOW,20140123,2100,8044, ,CFS
SHA,H,76,INFLOW,20140123,2200,4943, ,CFS
SHA,H,76,INFLOW,20140123,2300,4116, ,CFS
SHA,H,76,INFLOW,20140124,0000,11240, ,CFS
SHA,H,76,INFLOW,20140124,0100,-1721, ,CFS
SHA,H,76,INFLOW,20140124,0200,3799, ,CFS
SHA,H,76,INFLOW,20140124,0300,-5424, ,CFS
SHA,H,76,INFLOW,20140124,0400,5646, ,CFS
SHA,H,76,INFLOW,20140124,0500,-1723, ,CFS
SHA,H,76,INFLOW,20140124,0600,3963, ,CFS
SHA,H,76,INFLOW,20140124,0700,-863, ,CFS
SHA,H,76,INFLOW,20140124,0800,1085, ,CFS
SHA,H,76,INFLOW,20140124,0900,8540, ,CFS
SHA,H,76,INFLOW,20140124,1000,6236, ,CFS
SHA,H,76,INFLOW,20140124,1100,-3110, ,CFS
SHA,H,76,INFLOW,20140124,1200,5829, ,CFS
SHA,H,76,INFLOW,20140124,1300,5102, ,CFS
SHA,H,76,INFLOW,20140124,1400,-2304, ,CFS
SHA,H,76,INFLOW,20140124,1500,1555, ,CFS
SHA,H,76,INFLOW,20140124,1600,3412, ,CFS
SHA,H,76,INFLOW,20140124,1700,34, ,CFS
SHA,H,76,INFLOW,20140124,1800,2016, ,CFS
SHA,H,76,INFLOW,20140124,1900,1248, ,CFS
SHA,H,76,INFLOW,20140124,2000,6222, ,CFS
SHA,H,76,INFLOW,20140124,2100,4698, ,CFS
SHA,H,76,INFLOW,20140124,2200,7541, ,CFS
SHA,H,76,INFLOW,20140124,2300,6029, ,CFS
SHA,H,76,INFLOW,20140125,0000,5188, ,CFS
SHA,H,76,INFLOW,20140125,0100,2265, ,CFS
SHA,H,76,INFLOW,20140125,0200,3833, ,CFS
SHA,H,76,INFLOW,20140125,0300,268, ,CFS
SHA,H,76,INFLOW,20140125,0400,3818, ,CFS
SHA,H,76,INFLOW,20140125,0500,-1608, ,CFS
SHA,H,76,INFLOW,20140125,0600,318, ,CFS
SHA,H,76,INFLOW,20140125,0700,106, ,CFS
SHA,H,76,INFLOW,20140125,0800,4308, ,CFS
SHA,H,76,INFLOW,20140125,0900,-1573, ,CFS
SHA,H,76,INFLOW,20140125,1000,9449, ,CFS
SHA,H,76,INFLOW,20140125,1100,2311, ,CFS
SHA,H,76,INFLOW,20140125,1200,1883, ,CFS
SHA,H,76,INFLOW,20140125,1300,2066, ,CFS
SHA,H,76,INFLOW,20140125,1400,-380, ,CFS
SHA,H,76,INFLOW,20140125,1500,-99, ,CFS
SHA,H,76,INFLOW,20140125,1600,1919, ,CFS
SHA,H,76,INFLOW,20140125,1700,2172, ,CFS
SHA,H,76,INFLOW,20140125,1800,-175, ,CFS
SHA,H,76,INFLOW,20140125,1900,8651, ,CFS
SHA,H,76,INFLOW,20140125,2000,2114, ,CFS
SHA,H,76,INFLOW,20140125,2100,9957, ,CFS
SHA,H,76,INFLOW,20140125,2200,5082, ,CFS
SHA,H,76,INFLOW,20140125,2300,5694, ,CFS
SHA,H,76,INFLOW,20140126,0000,5832, ,CFS
SHA,H,76,INFLOW,20140126,0100,5721, ,CFS
SHA,H,76,INFLOW,20140126,0200,94, ,CFS
SHA,H,76,INFLOW,20140126,0300,378, ,CFS
SHA,H,76,INFLOW,20140126,0400,2145, ,CFS
SHA,H,76,INFLOW,20140126,0500,93, ,CFS
SHA,H,76,INFLOW,20140126,0600,287, ,CFS
SHA,H,76,INFLOW,20140126,0700,1854, ,CFS
SHA,H,76,INFLOW,20140126,0800,479, ,CFS
SHA,H,76,INFLOW,20140126,0900,714, ,CFS
SHA,H,76,INFLOW,20140126,1000,2586, ,CFS
SHA,H,76,INFLOW,20140126,1100,3980, ,CFS
SHA,H,76,INFLOW,20140126,1200,331, ,CFS
SHA,H,76,INFLOW,20140126,1300,3770, ,CFS
SHA,H,76,INFLOW,20140126,1400,3781, ,CFS
SHA,H,76,INFLOW,20140126,1500,3679, ,CFS
SHA,H,76,INFLOW,20140126,1600,2261, ,CFS
SHA,H,76,INFLOW,20140126,1700,2468, ,CFS
SHA,H,76,INFLOW,20140126,1800,6810, ,CFS
SHA,H,76,INFLOW,20140126,1900,6443, ,CFS
SHA,H,76,INFLOW,20140126,2000,5166, ,CFS
SHA,H,76,INFLOW,20140126,2100,7341, ,CFS
SHA,H,76,INFLOW,20140126,2200,3589, ,CFS
SHA,H,76,INFLOW,20140126,2300,8990, ,CFS
SHA,H,76,INFLOW,20140127,0000,4806, ,CFS
SHA,H,76,INFLOW,20140127,0100,3940, ,CFS
SHA,H,76,INFLOW,20140127,0200,3779, ,CFS
SHA,H,76,INFLOW,20140127,0300,102, ,CFS
SHA,H,76,INFLOW,20140127,0400,1940, ,CFS
SHA,H,76,INFLOW,20140127,0500,1942, ,CFS
SHA,H,76,INFLOW,20140127,0600,848, ,CFS
SHA,H,76,INFLOW,20140127,0700,-1424, ,CFS
SHA,H,76,INFLOW,20140127,0800,1773, ,CFS
SHA,H,76,INFLOW,20140127,0900,2148, ,CFS
SHA,H,76,INFLOW,20140127,1000,5337, ,CFS
SHA,H,76,INFLOW,20140127,1100,1137, ,CFS
SHA,H,76,INFLOW,20140127,1200,2760, ,CFS
SHA,H,76,INFLOW,20140127,1300,2276, ,CFS
SHA,H,76,INFLOW,20140127,1400,2035, ,CFS
SHA,H,76,INFLOW,20140127,1500,-3627, ,CFS
SHA,H,76,INFLOW,20140127,1600,4218, ,CFS
SHA,H,76,INFLOW,20140127,1700,-1015, ,CFS
SHA,H,76,INFLOW,20140127,1800,2843, ,CFS
SHA,H,76,INFLOW,20140127,1900,5369, ,CFS
SHA,H,76,INFLOW,20140127,2000,5749, ,CFS
SHA,H,76,INFLOW,20140127,2100,3304, ,CFS
SHA,H,76,INFLOW,20140127,2200,11564, ,CFS
SHA,H,76,INFLOW,20140127,2300,1475, ,CFS
SHA,H,76,INFLOW,20140128,0000,10228, ,CFS
SHA,H,76,INFLOW,20140128,0100,5742, ,CFS
SHA,H,76,INFLOW,20140128,0200,101, ,CFS
SHA,H,76,INFLOW,20140128,0300,83, ,CFS
SHA,H,76,INFLOW,20140128,0400,88, ,CFS
SHA,H,76,INFLOW,20140128,0500,1938, ,CFS
SHA,H,76,INFLOW,20140128,0600,237, ,CFS
SHA,H,76,INFLOW,20140128,0700,1277, ,CFS
SHA,H,76,INFLOW,20140128,0800,4438, ,CFS
SHA,H,76,INFLOW,20140128,0900,5647, ,CFS
SHA,H,76,INFLOW,20140128,1000,5506, ,CFS
SHA,H,76,INFLOW,20140128,1100,3155, ,CFS
SHA,H,76,INFLOW,20140128,1200,2569, ,CFS
SHA,H,76,INFLOW,20140128,1300,4876, ,CFS
SHA,H,76,INFLOW,20140128,1400,216, ,CFS
SHA,H,76,INFLOW,20140128,1500,-2547, ,CFS
SHA,H,76,INFLOW,20140128,1600,5407, ,CFS
SHA,H,76,INFLOW,20140128,1700,-1634, ,CFS
SHA,H,76,INFLOW,20140128,1800,-150, ,CFS
SHA,H,76,INFLOW,20140128,1900,9637, ,CFS
SHA,H,76,INFLOW,20140128,2000,2146, ,CFS
SHA,H,76,INFLOW,20140128,2100,6643, ,CFS
SHA,H,76,INFLOW,20140128,2200,7154, ,CFS
SHA,H,76,INFLOW,20140128,2300,5042, ,CFS
SHA,H,76,INFLOW,20140129,0000,6411, ,CFS
SHA,H,76,INFLOW,20140129,0100,5777, ,CFS
SHA,H,76,INFLOW,20140129,0200,83, ,CFS
SHA,H,76,INFLOW,20140129,0300,83, ,CFS
SHA,H,76,INFLOW,20140129,0400,1928, ,CFS
SHA,H,76,INFLOW,20140129,0500,1928, ,CFS
SHA,H,76,INFLOW,20140129,0600,-3349, ,CFS
SHA,H,76,INFLOW,20140129,0700,6383, ,CFS
SHA,H,76,INFLOW,20140129,0800,-3170, ,CFS
SHA,H,76,INFLOW,20140129,0900,6155, ,CFS
SHA,H,76,INFLOW,20140129,1000,5480, ,CFS
SHA,H,76,INFLOW,20140129,1100,12810, ,CFS
SHA,H,76,INFLOW,20140129,1200,1300, ,CFS
SHA,H,76,INFLOW,20140129,1300,2754, ,CFS
SHA,H,76,INFLOW,20140129,1400,139, ,CFS
SHA,H,76,INFLOW,20140129,1500,2045, ,CFS
SHA,H,76,INFLOW,20140129,1600,-5275, ,CFS
SHA,H,76,INFLOW,20140129,1700,5932, ,CFS
SHA,H,76,INFLOW,20140129,1800,-3199, ,CFS
SHA,H,76,INFLOW,20140129,1900,6806, ,CFS
SHA,H,76,INFLOW,20140129,2000,3186, ,CFS
SHA,H,76,INFLOW,20140129,2100,13696, ,CFS
SHA,H,76,INFLOW,20140129,2200,-1115, ,CFS
SHA,H,76,INFLOW,20140129,2300,10569, ,CFS
SHA,H,76,INFLOW,20140130,0000,4497, ,CFS
SHA,H,76,INFLOW,20140130,0100,216, ,CFS
SHA,H,76,INFLOW,20140130,0200,1945, ,CFS
SHA,H,76,INFLOW,20140130,0300,1930, ,CFS
SHA,H,76,INFLOW,20140130,0400,85, ,CFS
SHA,H,76,INFLOW,20140130,0500,100, ,CFS
SHA,H,76,INFLOW,20140130,0600,3854, ,CFS
SHA,H,76,INFLOW,20140130,0700,-3197, ,CFS
SHA,H,76,INFLOW,20140130,0800,2879, ,CFS
SHA,H,76,INFLOW,20140130,0900,3821, ,CFS
SHA,H,76,INFLOW,20140130,1000,4009, ,CFS
SHA,H,76,INFLOW,20140130,1100,5313, ,CFS
SHA,H,76,INFLOW,20140130,1200,2931, ,CFS
SHA,H,76,INFLOW,20140130,1300,-1161, ,CFS
SHA,H,76,INFLOW,20140130,1400,452, ,CFS
SHA,H,76,INFLOW,20140130,1500,1936, ,CFS
SHA,H,76,INFLOW,20140130,1600,-3406, ,CFS
SHA,H,76,INFLOW,20140130,1700,4219, ,CFS
SHA,H,76,INFLOW,20140130,1800,-512, ,CFS
SHA,H,76,INFLOW,20140130,1900,7325, ,CFS
SHA,H,76,INFLOW,20140130,2000,3011, ,CFS
SHA,H,76,INFLOW,20140130,2100,10419, ,CFS
SHA,H,76,INFLOW,20140130,2200,6720, ,CFS
SHA,H,76,INFLOW,20140130,2300,4872, ,CFS
SHA,H,76,INFLOW,20140131,0000,7945, ,CFS
SHA,H,76,INFLOW,20140131,0100,2031, ,CFS
SHA,H,76,INFLOW,20140131,0200,3728, ,CFS
SHA,H,76,INFLOW,20140131,0300,-1807, ,CFS
SHA,H,76,INFLOW,20140131,0400,1883, ,CFS
SHA,H,76,INFLOW,20140131,0500,38, ,CFS
SHA,H,76,INFLOW,20140131,0600,317, ,CFS
SHA,H,76,INFLOW,20140131,0700,-1537, ,CFS
SHA,H,76,INFLOW,20140131,0800,5303, ,CFS
SHA,H,76,INFLOW,20140131,0900,2794, ,CFS
SHA,H,76,INFLOW,20140131,1000,4029, ,CFS
SHA,H,76,INFLOW,20140131,1100,4706, ,CFS
SHA,H,76,INFLOW,20140131,1200,-995, ,CFS
SHA,H,76,INFLOW,20140131,1300,478, ,CFS
SHA,H,76,INFLOW,20140131,1400,352, ,CFS
SHA,H,76,INFLOW,20140131,1500,2284, ,CFS
SHA,H,76,INFLOW,20140131,1600,-3329, ,CFS
SHA,H,76,INFLOW,20140131,1700,2746, ,CFS
SHA,H,76,INFLOW,20140131,1800,-2420, ,CFS
SHA,H,76,INFLOW,20140131,1900,6345, ,CFS
SHA,H,76,INFLOW,20140131,2000,3018, ,CFS
SHA,H,76,INFLOW,20140131,2100,14315, ,CFS
SHA,H,76,INFLOW,20140131,2200,3104, ,CFS
SHA,H,76,INFLOW,20140131,2300,6925, ,CFS
SHA,H,76,INFLOW,20140201,0000,6081, ,CFS
SHA,H,76,INFLOW,20140201,0100,3872, ,CFS
SHA,H,76,INFLOW,20140201,0200,1894, ,CFS
SHA,H,76,INFLOW,20140201,0300,50, ,CFS
SHA,H,76,INFLOW,20140201,0400,1897, ,CFS
SHA,H,76,INFLOW,20140201,0500,47, ,CFS
SHA,H,76,INFLOW,20140201,0600,192, ,CFS
SHA,H,76,INFLOW,20140201,0700,-773, ,CFS
SHA,H,76,INFLOW,20140201,0800,2457, ,CFS
SHA,H,76,INFLOW,20140201,0900,-1442, ,CFS
SHA,H,76,INFLOW,20140201,1000,5101, ,CFS
SHA,H,76,INFLOW,20140201,1100,903, ,CFS
SHA,H,76,INFLOW,20140201,1200,2238, ,CFS
SHA,H,76,INFLOW,20140201,1300,2020, ,CFS
SHA,H,76,INFLOW,20140201,1400,193, ,CFS
SHA,H,76,INFLOW,20140201,1500,152, ,CFS
SHA,H,76,INFLOW,20140201,1600,251, ,CFS
SHA,H,76,INFLOW,20140201,1700,-697, ,CFS
SHA,H,76,INFLOW,20140201,1800,3208, ,CFS
SHA,H,76,INFLOW,20140201,1900,7610, ,CFS
SHA,H,76,INFLOW,20140201,2000,4100, ,CFS
SHA,H,76,INFLOW,20140201,2100,7913, ,CFS
SHA,H,76,INFLOW,20140201,2200,9820, ,CFS
SHA,H,76,INFLOW,20140201,2300,3508, ,CFS
SHA,H,76,INFLOW,20140202,0000,8285, ,CFS
SHA,H,76,INFLOW,20140202,0100,2042, ,CFS
SHA,H,76,INFLOW,20140202,0200,1894, ,CFS
SHA,H,76,INFLOW,20140202,0300,1899, ,CFS
SHA,H,76,INFLOW,20140202,0400,69, ,CFS
SHA,H,76,INFLOW,20140202,0500,68, ,CFS
SHA,H,76,INFLOW,20140202,0600,480, ,CFS
SHA,H,76,INFLOW,20140202,0700,369, ,CFS
SHA,H,76,INFLOW,20140202,0800,538, ,CFS
SHA,H,76,INFLOW,20140202,0900,375, ,CFS
SHA,H,76,INFLOW,20140202,1000,3917, ,CFS
SHA,H,76,INFLOW,20140202,1100,1820, ,CFS
SHA,H,76,INFLOW,20140202,1200,3454, ,CFS
SHA,H,76,INFLOW,20140202,1300,862, ,CFS
SHA,H,76,INFLOW,20140202,1400,-754, ,CFS
SHA,H,76,INFLOW,20140202,1500,4749, ,CFS
SHA,H,76,INFLOW,20140202,1600,-239, ,CFS
SHA,H,76,INFLOW,20140202,1700,-1478, ,CFS
SHA,H,76,INFLOW,20140202,1800,3903, ,CFS
SHA,H,76,INFLOW,20140202,1900,1395, ,CFS
SHA,H,76,INFLOW,20140202,2000,6976, ,CFS
SHA,H,76,INFLOW,20140202,2100,6067, ,CFS
SHA,H,76,INFLOW,20140202,2200,9369, ,CFS
SHA,H,76,INFLOW,20140202,2300,1781, ,CFS
SHA,H,76,INFLOW,20140203,0000,9413, ,CFS
SHA,H,76,INFLOW,20140203,0100,3869, ,CFS
SHA,H,76,INFLOW,20140203,0200,1898, ,CFS
SHA,H,76,INFLOW,20140203,0300,1910, ,CFS
SHA,H,76,INFLOW,20140203,0400,1896, ,CFS
SHA,H,76,INFLOW,20140203,0500,198, ,CFS
SHA,H,76,INFLOW,20140203,0600,-3260, ,CFS
SHA,H,76,INFLOW,20140203,0700,7846, ,CFS
SHA,H,76,INFLOW,20140203,0800,-6591, ,CFS
SHA,H,76,INFLOW,20140203,0900,12502, ,CFS
SHA,H,76,INFLOW,20140203,1000,-66, ,CFS
SHA,H,76,INFLOW,20140203,1100,7177, ,CFS
SHA,H,76,INFLOW,20140203,1200,3560, ,CFS
SHA,H,76,INFLOW,20140203,1300,-5010, ,CFS
SHA,H,76,INFLOW,20140203,1400,2617, ,CFS
SHA,H,76,INFLOW,20140203,1500,2881, ,CFS
SHA,H,76,INFLOW,20140203,1600,-2484, ,CFS
SHA,H,76,INFLOW,20140203,1700,1919, ,CFS
SHA,H,76,INFLOW,20140203,1800,1443, ,CFS
SHA,H,76,INFLOW,20140203,1900,3949, ,CFS
SHA,H,76,INFLOW,20140203,2000,4498, ,CFS
SHA,H,76,INFLOW,20140203,2100,12973, ,CFS
SHA,H,76,INFLOW,20140203,2200,6214, ,CFS
SHA,H,76,INFLOW,20140203,2300,1834, ,CFS
SHA,H,76,INFLOW,20140204,0000,10325, ,CFS
SHA,H,76,INFLOW,20140204,0100,-1617, ,CFS
SHA,H,76,INFLOW,20140204,0200,53, ,CFS
SHA,H,76,INFLOW,20140204,0300,5552, ,CFS
SHA,H,76,INFLOW,20140204,0400,53, ,CFS
SHA,H,76,INFLOW,20140204,0500,94, ,CFS
SHA,H,76,INFLOW,20140204,0600,2258, ,CFS
SHA,H,76,INFLOW,20140204,0700,-829, ,CFS
SHA,H,76,INFLOW,20140204,0800,622, ,CFS
SHA,H,76,INFLOW,20140204,0900,10278, ,CFS
SHA,H,76,INFLOW,20140204,1000,2237, ,CFS
SHA,H,76,INFLOW,20140204,1100,3608, ,CFS
SHA,H,76,INFLOW,20140204,1200,3043, ,CFS
SHA,H,76,INFLOW,20140204,1300,-1344, ,CFS
SHA,H,76,INFLOW,20140204,1400,2397, ,CFS
SHA,H,76,INFLOW,20140204,1500,6144, ,CFS
SHA,H,76,INFLOW,20140204,1600,-2884, ,CFS
SHA,H,76,INFLOW,20140204,1700,1220, ,CFS
SHA,H,76,INFLOW,20140204,1800,285, ,CFS
SHA,H,76,INFLOW,20140204,1900,9387, ,CFS
SHA,H,76,INFLOW,20140204,2000,2953, ,CFS
SHA,H,76,INFLOW,20140204,2100,12388, ,CFS
SHA,H,76,INFLOW,20140204,2200,2565, ,CFS
SHA,H,76,INFLOW,20140204,2300,8965, ,CFS
SHA,H,76,INFLOW,20140205,0000,4096, ,CFS
SHA,H,76,INFLOW,20140205,0100,2045, ,CFS
SHA,H,76,INFLOW,20140205,0200,1920, ,CFS
SHA,H,76,INFLOW,20140205,0300,80, ,CFS
SHA,H,76,INFLOW,20140205,0400,3771, ,CFS
SHA,H,76,INFLOW,20140205,0500,1942, ,CFS
SHA,H,76,INFLOW,20140205,0600,316, ,CFS
SHA,H,76,INFLOW,20140205,0700,1738, ,CFS
SHA,H,76,INFLOW,20140205,0800,3660, ,CFS
SHA,H,76,INFLOW,20140205,0900,7512, ,CFS
SHA,H,76,INFLOW,20140205,1000,3563, ,CFS
SHA,H,76,INFLOW,20140205,1100,6352, ,CFS
SHA,H,76,INFLOW,20140205,1200,5938, ,CFS
SHA,H,76,INFLOW,20140205,1300,7348, ,CFS
SHA,H,76,INFLOW,20140205,1400,3496, ,CFS
SHA,H,76,INFLOW,20140205,1500,6981, ,CFS
SHA,H,76,INFLOW,20140205,1600,1735, ,CFS
SHA,H,76,INFLOW,20140205,1700,3676, ,CFS
SHA,H,76,INFLOW,20140205,1800,7018, ,CFS
SHA,H,76,INFLOW,20140205,1900,5511, ,CFS
SHA,H,76,INFLOW,20140205,2000,6957, ,CFS
SHA,H,76,INFLOW,20140205,2100,9879, ,CFS
SHA,H,76,INFLOW,20140205,2200,5029, ,CFS
SHA,H,76,INFLOW,20140205,2300,8552, ,CFS
SHA,H,76,INFLOW,20140206,0000,4325, ,CFS
SHA,H,76,INFLOW,20140206,0100,2032, ,CFS
SHA,H,76,INFLOW,20140206,0200,5665, ,CFS
SHA,H,76,INFLOW,20140206,0300,-1738, ,CFS
SHA,H,76,INFLOW,20140206,0400,1922, ,CFS
SHA,H,76,INFLOW,20140206,0500,2554, ,CFS
SHA,H,76,INFLOW,20140206,0600,484, ,CFS
SHA,H,76,INFLOW,20140206,0700,648, ,CFS
SHA,H,76,INFLOW,20140206,0800,7015, ,CFS
SHA,H,76,INFLOW,20140206,0900,2716, ,CFS
SHA,H,76,INFLOW,20140206,1000,6721, ,CFS
SHA,H,76,INFLOW,20140206,1100,11923, ,CFS
SHA,H,76,INFLOW,20140206,1200,2365, ,CFS
SHA,H,76,INFLOW,20140206,1300,11682, ,CFS
SHA,H,76,INFLOW,20140206,1400,7742, ,CFS
SHA,H,76,INFLOW,20140206,1500,7489, ,CFS
SHA,H,76,INFLOW,20140206,1600,5994, ,CFS
SHA,H,76,INFLOW,20140206,1700,8123, ,CFS
SHA,H,76,INFLOW,20140206,1800,3461, ,CFS
SHA,H,76,INFLOW,20140206,1900,9892, ,CFS
SHA,H,76,INFLOW,20140206,2000,6313, ,CFS
SHA,H,76,INFLOW,20140206,2100,10340, ,CFS
SHA,H,76,INFLOW,20140206,2200,3735, ,CFS
SHA,H,76,INFLOW,20140206,2300,6612, ,CFS
SHA,H,76,INFLOW,20140207,0000,4147, ,CFS
SHA,H,76,INFLOW,20140207,0100,172, ,CFS
SHA,H,76,INFLOW,20140207,0200,3758, ,CFS
SHA,H,76,INFLOW,20140207,0300,1901, ,CFS
SHA,H,76,INFLOW,20140207,0400,1921, ,CFS
SHA,H,76,INFLOW,20140207,0500,-1554, ,CFS
SHA,H,76,INFLOW,20140207,0600,2223, ,CFS
SHA,H,76,INFLOW,20140207,0700,-981, ,CFS
SHA,H,76,INFLOW,20140207,0800,1775, ,CFS
SHA,H,76,INFLOW,20140207,0900,-301, ,CFS
SHA,H,76,INFLOW,20140207,1000,5375, ,CFS
SHA,H,76,INFLOW,20140207,1100,820, ,CFS
SHA,H,76,INFLOW,20140207,1200,3773, ,CFS
SHA,H,76,INFLOW,20140207,1300,1417, ,CFS
SHA,H,76,INFLOW,20140207,1400,8564, ,CFS
SHA,H,76,INFLOW,20140207,1500,-930, ,CFS
SHA,H,76,INFLOW,20140207,1600,7680, ,CFS
SHA,H,76,INFLOW,20140207,1700,7879, ,CFS
SHA,H,76,INFLOW,20140207,1800,3865, ,CFS
SHA,H,76,INFLOW,20140207,1900,-574, ,CFS
SHA,H,76,INFLOW,20140207,2000,12220, ,CFS
SHA,H,76,INFLOW,20140207,2100,3680, ,CFS
SHA,H,76,INFLOW,20140207,2200,2416, ,CFS
SHA,H,76,INFLOW,20140207,2300,5427, ,CFS
SHA,H,76,INFLOW,20140208,0000,3803, ,CFS
SHA,H,76,INFLOW,20140208,0100,155, ,CFS
SHA,H,76,INFLOW,20140208,0200,3728, ,CFS
SHA,H,76,INFLOW,20140208,0300,45, ,CFS
SHA,H,76,INFLOW,20140208,0400,3739, ,CFS
SHA,H,76,INFLOW,20140208,0500,7428, ,CFS
SHA,H,76,INFLOW,20140208,0600,2145, ,CFS
SHA,H,76,INFLOW,20140208,0700,2300, ,CFS
SHA,H,76,INFLOW,20140208,0800,10961, ,CFS
SHA,H,76,INFLOW,20140208,0900,3825, ,CFS
SHA,H,76,INFLOW,20140208,1000,6992, ,CFS
SHA,H,76,INFLOW,20140208,1100,10310, ,CFS
SHA,H,76,INFLOW,20140208,1200,7907, ,CFS
SHA,H,76,INFLOW,20140208,1300,4268, ,CFS
SHA,H,76,INFLOW,20140208,1400,10557, ,CFS
SHA,H,76,INFLOW,20140208,1500,4643, ,CFS
SHA,H,76,INFLOW,20140208,1600,4662, ,CFS
SHA,H,76,INFLOW,20140208,1700,6499, ,CFS
SHA,H,76,INFLOW,20140208,1800,2533, ,CFS
SHA,H,76,INFLOW,20140208,1900,13290, ,CFS
SHA,H,76,INFLOW,20140208,2000,13441, ,CFS
SHA,H,76,INFLOW,20140208,2100,6224, ,CFS
SHA,H,76,INFLOW,20140208,2200,13531, ,CFS
SHA,H,76,INFLOW,20140208,2300,3789, ,CFS
SHA,H,76,INFLOW,20140209,0000,8270, ,CFS
SHA,H,76,INFLOW,20140209,0100,562, ,CFS
SHA,H,76,INFLOW,20140209,0200,5981, ,CFS
SHA,H,76,INFLOW,20140209,0300,446, ,CFS
SHA,H,76,INFLOW,20140209,0400,11510, ,CFS
SHA,H,76,INFLOW,20140209,0500,-4973, ,CFS
SHA,H,76,INFLOW,20140209,0600,7367, ,CFS
SHA,H,76,INFLOW,20140209,0700,-4868, ,CFS
SHA,H,76,INFLOW,20140209,0800,10157, ,CFS
SHA,H,76,INFLOW,20140209,0900,-802, ,CFS
SHA,H,76,INFLOW,20140209,1000,15154, ,CFS
SHA,H,76,INFLOW,20140209,1100,-3277, ,CFS
SHA,H,76,INFLOW,20140209,1200,11156, ,CFS
SHA,H,76,INFLOW,20140209,1300,11122, ,CFS
SHA,H,76,INFLOW,20140209,1400,5031, ,CFS
SHA,H,76,INFLOW,20140209,1500,12587, ,CFS
SHA,H,76,INFLOW,20140209,1600,2798, ,CFS
SHA,H,76,INFLOW,20140209,1700,1726, ,CFS
SHA,H,76,INFLOW,20140209,1800,10755, ,CFS
SHA,H,76,INFLOW,20140209,1900,6665, ,CFS
SHA,H,76,INFLOW,20140209,2000,14341, ,CFS
SHA,H,76,INFLOW,20140209,2100,7249, ,CFS
SHA,H,76,INFLOW,20140209,2200,12522, ,CFS
SHA,H,76,INFLOW,20140209,2300,10917, ,CFS
SHA,H,76,INFLOW,20140210,0000,1908, ,CFS
SHA,H,76,INFLOW,20140210,0100,19529, ,CFS
SHA,H,76,INFLOW,20140210,0200,2938, ,CFS
SHA,H,76,INFLOW,20140210,0300,8576, ,CFS
SHA,H,76,INFLOW,20140210,0400,-522, ,CFS
SHA,H,76,INFLOW,20140210,0500,5513, ,CFS
SHA,H,76,INFLOW,20140210,0600,-929, ,CFS
SHA,H,76,INFLOW,20140210,0700,7247, ,CFS
SHA,H,76,INFLOW,20140210,0800,2202, ,CFS
SHA,H,76,INFLOW,20140210,0900,9963, ,CFS
SHA,H,76,INFLOW,20140210,1000,9434, ,CFS
SHA,H,76,INFLOW,20140210,1100,3669, ,CFS
SHA,H,76,INFLOW,20140210,1200,7184, ,CFS
SHA,H,76,INFLOW,20140210,1300,7016, ,CFS
SHA,H,76,INFLOW,20140210,1400,2662, ,CFS
SHA,H,76,INFLOW,20140210,1500,2837, ,CFS
SHA,H,76,INFLOW,20140210,1600,4388, ,CFS
SHA,H,76,INFLOW,20140210,1700,863, ,CFS
SHA,H,76,INFLOW,20140210,1800,3523, ,CFS
SHA,H,76,INFLOW,20140210,1900,11250, ,CFS
SHA,H,76,INFLOW,20140210,2000,5962, ,CFS
SHA,H,76,INFLOW,20140210,2100,6644, ,CFS
SHA,H,76,INFLOW,20140210,2200,10215, ,CFS
SHA,H,76,INFLOW,20140210,2300,4480, ,CFS
SHA,H,76,INFLOW,20140211,0000,5354, ,CFS
SHA,H,76,INFLOW,20140211,0100,4645, ,CFS
SHA,H,76,INFLOW,20140211,0200,6311, ,CFS
SHA,H,76,INFLOW,20140211,0300,148, ,CFS
SHA,H,76,INFLOW,20140211,0400,3849, ,CFS
SHA,H,76,INFLOW,20140211,0500,270, ,CFS
SHA,H,76,INFLOW,20140211,0600,1731, ,CFS
SHA,H,76,INFLOW,20140211,0700,716, ,CFS
SHA,H,76,INFLOW,20140211,0800,3216, ,CFS
SHA,H,76,INFLOW,20140211,0900,10366, ,CFS
SHA,H,76,INFLOW,20140211,1000,2211, ,CFS
SHA,H,76,INFLOW,20140211,1100,7536, ,CFS
SHA,H,76,INFLOW,20140211,1200,3390, ,CFS
SHA,H,76,INFLOW,20140211,1300,4650, ,CFS
SHA,H,76,INFLOW,20140211,1400,4403, ,CFS
SHA,H,76,INFLOW,20140211,1500,4376, ,CFS
SHA,H,76,INFLOW,20140211,1600,2813, ,CFS
SHA,H,76,INFLOW,20140211,1700,6087, ,CFS
SHA,H,76,INFLOW,20140211,1800,7376, ,CFS
SHA,H,76,INFLOW,20140211,1900,4575, ,CFS
SHA,H,76,INFLOW,20140211,2000,7255, ,CFS
SHA,H,76,INFLOW,20140211,2100,8500, ,CFS
SHA,H,76,INFLOW,20140211,2200,7742, ,CFS
SHA,H,76,INFLOW,20140211,2300,4087, ,CFS
SHA,H,76,INFLOW,20140212,0000,5415, ,CFS
SHA,H,76,INFLOW,20140212,0100,5484, ,CFS
SHA,H,76,INFLOW,20140212,0200,-1887, ,CFS
SHA,H,76,INFLOW,20140212,0300,5486, ,CFS
SHA,H,76,INFLOW,20140212,0400,-3629, ,CFS
SHA,H,76,INFLOW,20140212,0500,1700, ,CFS
SHA,H,76,INFLOW,20140212,0600,1981, ,CFS
SHA,H,76,INFLOW,20140212,0700,4098, ,CFS
SHA,H,76,INFLOW,20140212,0800,-369, ,CFS
SHA,H,76,INFLOW,20140212,0900,8402, ,CFS
SHA,H,76,INFLOW,20140212,1000,6810, ,CFS
SHA,H,76,INFLOW,20140212,1100,344, ,CFS
SHA,H,76,INFLOW,20140212,1200,13169, ,CFS
SHA,H,76,INFLOW,20140212,1300,887, ,CFS
SHA,H,76,INFLOW,20140212,1400,2678, ,CFS
SHA,H,76,INFLOW,20140212,1500,8481, ,CFS
SHA,H,76,INFLOW,20140212,1600,-719, ,CFS
SHA,H,76,INFLOW,20140212,1700,6909, ,CFS
SHA,H,76,INFLOW,20140212,1800,4838, ,CFS
SHA,H,76,INFLOW,20140212,1900,13127, ,CFS
SHA,H,76,INFLOW,20140212,2000,3251, ,CFS
SHA,H,76,INFLOW,20140212,2100,11887, ,CFS
SHA,H,76,INFLOW,20140212,2200,9615, ,CFS
SHA,H,76,INFLOW,20140212,2300,2234, ,CFS
SHA,H,76,INFLOW,20140213,0000,9380, ,CFS
SHA,H,76,INFLOW,20140213,0100,3299, ,CFS
SHA,H,76,INFLOW,20140213,0200,3214, ,CFS
SHA,H,76,INFLOW,20140213,0300,8231, ,CFS
SHA,H,76,INFLOW,20140213,0400,784, ,CFS
SHA,H,76,INFLOW,20140213,0500,-2794, ,CFS
SHA,H,76,INFLOW,20140213,0600,6611, ,CFS
SHA,H,76,INFLOW,20140213,0700,-1428, ,CFS
SHA,H,76,INFLOW,20140213,0800,4903, ,CFS
SHA,H,76,INFLOW,20140213,0900,10457, ,CFS
SHA,H,76,INFLOW,20140213,1000,4892, ,CFS
SHA,H,76,INFLOW,20140213,1100,3330, ,CFS
SHA,H,76,INFLOW,20140213,1200,10673, ,CFS
SHA,H,76,INFLOW,20140213,1300,3352, ,CFS
SHA,H,76,INFLOW,20140213,1400,7085, ,CFS
SHA,H,76,INFLOW,20140213,1500,9047, ,CFS
SHA,H,76,INFLOW,20140213,1600,3591, ,CFS
SHA,H,76,INFLOW,20140213,1700,7466, ,CFS
SHA,H,76,INFLOW,20140213,1800,6006, ,CFS
SHA,H,76,INFLOW,20140213,1900,9031, ,CFS
SHA,H,76,INFLOW,20140213,2000,9038, ,CFS
SHA,H,76,INFLOW,20140213,2100,12523, ,CFS
SHA,H,76,INFLOW,20140213,2200,4863, ,CFS
SHA,H,76,INFLOW,20140213,2300,7664, ,CFS
SHA,H,76,INFLOW,20140214,0000,1881, ,CFS
SHA,H,76,INFLOW,20140214,0100,10730, ,CFS
SHA,H,76,INFLOW,20140214,0200,1311, ,CFS
SHA,H,76,INFLOW,20140214,0300,10483, ,CFS
SHA,H,76,INFLOW,20140214,0400,-4309, ,CFS
SHA,H,76,INFLOW,20140214,0500,3340, ,CFS
SHA,H,76,INFLOW,20140214,0600,2000, ,CFS
SHA,H,76,INFLOW,20140214,0700,-2227, ,CFS
SHA,H,76,INFLOW,20140214,0800,5095, ,CFS
SHA,H,76,INFLOW,20140214,0900,14295, ,CFS
SHA,H,76,INFLOW,20140214,1000,3527, ,CFS
SHA,H,76,INFLOW,20140214,1100,9042, ,CFS
SHA,H,76,INFLOW,20140214,1200,6945, ,CFS
SHA,H,76,INFLOW,20140214,1300,4748, ,CFS
SHA,H,76,INFLOW,20140214,1400,6555, ,CFS
SHA,H,76,INFLOW,20140214,1500,6556, ,CFS
SHA,H,76,INFLOW,20140214,1600,2752, ,CFS
SHA,H,76,INFLOW,20140214,1700,11121, ,CFS
SHA,H,76,INFLOW,20140214,1800,3486, ,CFS
SHA,H,76,INFLOW,20140214,1900,8531, ,CFS
SHA,H,76,INFLOW,20140214,2000,7549, ,CFS
SHA,H,76,INFLOW,20140214,2100,7548, ,CFS
SHA,H,76,INFLOW,20140214,2200,11151, ,CFS
SHA,H,76,INFLOW,20140214,2300,7534, ,CFS
SHA,H,76,INFLOW,20140215,0000,11214, ,CFS
SHA,H,76,INFLOW,20140215,0100,4434, ,CFS
SHA,H,76,INFLOW,20140215,0200,8142, ,CFS
SHA,H,76,INFLOW,20140215,0300,-1240, ,CFS
SHA,H,76,INFLOW,20140215,0400,4072, ,CFS
SHA,H,76,INFLOW,20140215,0500,6172, ,CFS
SHA,H,76,INFLOW,20140215,0600,495, ,CFS
SHA,H,76,INFLOW,20140215,0700,12013, ,CFS
SHA,H,76,INFLOW,20140215,0800,1460, ,CFS
SHA,H,76,INFLOW,20140215,0900,8910, ,CFS
SHA,H,76,INFLOW,20140215,1000,7304, ,CFS
SHA,H,76,INFLOW,20140215,1100,8844, ,CFS
SHA,H,76,INFLOW,20140215,1200,6624, ,CFS
SHA,H,76,INFLOW,20140215,1300,10247, ,CFS
SHA,H,76,INFLOW,20140215,1400,8490, ,CFS
SHA,H,76,INFLOW,20140215,1500,2833, ,CFS
SHA,H,76,INFLOW,20140215,1600,4844, ,CFS
SHA,H,76,INFLOW,20140215,1700,4892, ,CFS
SHA,H,76,INFLOW,20140215,1800,9828, ,CFS
SHA,H,76,INFLOW,20140215,1900,14666, ,CFS
SHA,H,76,INFLOW,20140215,2000,10987, ,CFS
SHA,H,76,INFLOW,20140215,2100,18236, ,CFS
SHA,H,76,INFLOW,20140215,2200,1246, ,CFS
SHA,H,76,INFLOW,20140215,2300,18453, ,CFS
SHA,H,76,INFLOW,20140216,0000,8861, ,CFS
SHA,H,76,INFLOW,20140216,0100,15340, ,CFS
SHA,H,76,INFLOW,20140216,0200,4152, ,CFS
SHA,H,76,INFLOW,20140216,0300,7671, ,CFS
SHA,H,76,INFLOW,20140216,0400,3955, ,CFS
SHA,H,76,INFLOW,20140216,0500,9946, ,CFS
SHA,H,76,INFLOW,20140216,0600,-618, ,CFS
SHA,H,76,INFLOW,20140216,0700,10672, ,CFS
SHA,H,76,INFLOW,20140216,0800,776, ,CFS
SHA,H,76,INFLOW,20140216,0900,6009, ,CFS
SHA,H,76,INFLOW,20140216,1000,9844, ,CFS
SHA,H,76,INFLOW,20140216,1100,6528, ,CFS
SHA,H,76,INFLOW,20140216,1200,8537, ,CFS
SHA,H,76,INFLOW,20140216,1300,8014, ,CFS
SHA,H,76,INFLOW,20140216,1400,7667, ,CFS
SHA,H,76,INFLOW,20140216,1500,5821, ,CFS
SHA,H,76,INFLOW,20140216,1600,5902, ,CFS
SHA,H,76,INFLOW,20140216,1700,6215, ,CFS
SHA,H,76,INFLOW,20140216,1800,4432, ,CFS
SHA,H,76,INFLOW,20140216,1900,13243, ,CFS
SHA,H,76,INFLOW,20140216,2000,5635, ,CFS
SHA,H,76,INFLOW,20140216,2100,10895, ,CFS
SHA,H,76,INFLOW,20140216,2200,10856, ,CFS
SHA,H,76,INFLOW,20140216,2300,10444, ,CFS
SHA,H,76,INFLOW,20140217,0000,6547, ,CFS
SHA,H,76,INFLOW,20140217,0100,7894, ,CFS
SHA,H,76,INFLOW,20140217,0200,9629, ,CFS
SHA,H,76,INFLOW,20140217,0300,2317, ,CFS
SHA,H,76,INFLOW,20140217,0400,2210, ,CFS
SHA,H,76,INFLOW,20140217,0500,4266, ,CFS
SHA,H,76,INFLOW,20140217,0600,2583, ,CFS
SHA,H,76,INFLOW,20140217,0700,1960, ,CFS
SHA,H,76,INFLOW,20140217,0800,2051, ,CFS
SHA,H,76,INFLOW,20140217,0900,7763, ,CFS
SHA,H,76,INFLOW,20140217,1000,2095, ,CFS
SHA,H,76,INFLOW,20140217,1100,9610, ,CFS
SHA,H,76,INFLOW,20140217,1200,9559, ,CFS
SHA,H,76,INFLOW,20140217,1300,6674, ,CFS
SHA,H,76,INFLOW,20140217,1400,8166, ,CFS
SHA,H,76,INFLOW,20140217,1500,8228, ,CFS
SHA,H,76,INFLOW,20140217,1600,2627, ,CFS
SHA,H,76,INFLOW,20140217,1700,4601, ,CFS
SHA,H,76,INFLOW,20140217,1800,3598, ,CFS
SHA,H,76,INFLOW,20140217,1900,7659, ,CFS
SHA,H,76,INFLOW,20140217,2000,7204, ,CFS
SHA,H,76,INFLOW,20140217,2100,10949, ,CFS
SHA,H,76,INFLOW,20140217,2200,5532, ,CFS
SHA,H,76,INFLOW,20140217,2300,4905, ,CFS
SHA,H,76,INFLOW,20140218,0000,4934, ,CFS
SHA,H,76,INFLOW,20140218,0100,6524, ,CFS
SHA,H,76,INFLOW,20140218,0200,622, ,CFS
SHA,H,76,INFLOW,20140218,0300,4640, ,CFS
SHA,H,76,INFLOW,20140218,0400,740, ,CFS
SHA,H,76,INFLOW,20140218,0500,2768, ,CFS
SHA,H,76,INFLOW,20140218,0600,774, ,CFS
SHA,H,76,INFLOW,20140218,0700,1557, ,CFS
SHA,H,76,INFLOW,20140218,0800,1445, ,CFS
SHA,H,76,INFLOW,20140218,0900,3297, ,CFS
SHA,H,76,INFLOW,20140218,1000,8943, ,CFS
SHA,H,76,INFLOW,20140218,1100,8914, ,CFS
SHA,H,76,INFLOW,20140218,1200,5063, ,CFS
SHA,H,76,INFLOW,20140218,1300,5420, ,CFS
SHA,H,76,INFLOW,20140218,1400,9106, ,CFS
SHA,H,76,INFLOW,20140218,1500,3375, ,CFS
SHA,H,76,INFLOW,20140218,1600,6950, ,CFS
SHA,H,76,INFLOW,20140218,1700,5599, ,CFS
SHA,H,76,INFLOW,20140218,1800,2735, ,CFS
SHA,H,76,INFLOW,20140218,1900,7339, ,CFS
SHA,H,76,INFLOW,20140218,2000,9172, ,CFS
SHA,H,76,INFLOW,20140218,2100,11183, ,CFS
SHA,H,76,INFLOW,20140218,2200,5226, ,CFS
SHA,H,76,INFLOW,20140218,2300,5401, ,CFS
SHA,H,76,INFLOW,20140219,0000,7239, ,CFS
SHA,H,76,INFLOW,20140219,0100,4537, ,CFS
SHA,H,76,INFLOW,20140219,0200,5848, ,CFS
SHA,H,76,INFLOW,20140219,0300,4873, ,CFS
SHA,H,76,INFLOW,20140219,0400,1136, ,CFS
SHA,H,76,INFLOW,20140219,0500,3753, ,CFS
SHA,H,76,INFLOW,20140219,0600,2131, ,CFS
SHA,H,76,INFLOW,20140219,0700,-513, ,CFS
SHA,H,76,INFLOW,20140219,0800,6474, ,CFS
SHA,H,76,INFLOW,20140219,0900,9491, ,CFS
SHA,H,76,INFLOW,20140219,1000,3665, ,CFS
SHA,H,76,INFLOW,20140219,1100,7026, ,CFS
SHA,H,76,INFLOW,20140219,1200,5034, ,CFS
SHA,H,76,INFLOW,20140219,1300,-148, ,CFS
SHA,H,76,INFLOW,20140219,1400,9068, ,CFS
SHA,H,76,INFLOW,20140219,1500,-395, ,CFS
SHA,H,76,INFLOW,20140219,1600,5949, ,CFS
SHA,H,76,INFLOW,20140219,1700,4878, ,CFS
SHA,H,76,INFLOW,20140219,1800,1729, ,CFS
SHA,H,76,INFLOW,20140219,1900,3176, ,CFS
SHA,H,76,INFLOW,20140219,2000,10607, ,CFS
SHA,H,76,INFLOW,20140219,2100,5848, ,CFS
SHA,H,76,INFLOW,20140219,2200,7456, ,CFS
SHA,H,76,INFLOW,20140219,2300,9044, ,CFS
SHA,H,76,INFLOW,20140220,0000,8554, ,CFS
SHA,H,76,INFLOW,20140220,0100,3282, ,CFS
SHA,H,76,INFLOW,20140220,0200,4785, ,CFS
SHA,H,76,INFLOW,20140220,0300,-885, ,CFS
SHA,H,76,INFLOW,20140220,0400,1005, ,CFS
SHA,H,76,INFLOW,20140220,0500,4868, ,CFS
SHA,H,76,INFLOW,20140220,0600,-2395, ,CFS
SHA,H,76,INFLOW,20140220,0700,4903, ,CFS
SHA,H,76,INFLOW,20140220,0800,2506, ,CFS
SHA,H,76,INFLOW,20140220,0900,4314, ,CFS
SHA,H,76,INFLOW,20140220,1000,2345, ,CFS
SHA,H,76,INFLOW,20140220,1100,4241, ,CFS
SHA,H,76,INFLOW,20140220,1200,2079, ,CFS
SHA,H,76,INFLOW,20140220,1300,184, ,CFS
SHA,H,76,INFLOW,20140220,1400,2486, ,CFS
SHA,H,76,INFLOW,20140220,1500,3000, ,CFS
SHA,H,76,INFLOW,20140220,1600,1099, ,CFS
SHA,H,76,INFLOW,20140220,1700,768, ,CFS
SHA,H,76,INFLOW,20140220,1800,1511, ,CFS
SHA,H,76,INFLOW,20140220,1900,10381, ,CFS
SHA,H,76,INFLOW,20140220,2000,1416, ,CFS
SHA,H,76,INFLOW,20140220,2100,10214, ,CFS
SHA,H,76,INFLOW,20140220,2200,8314, ,CFS
SHA,H,76,INFLOW,20140220,2300,2829, ,CFS
SHA,H,76,INFLOW,20140221,0000,9798, ,CFS
SHA,H,76,INFLOW,20140221,0100,4126, ,CFS
SHA,H,76,INFLOW,20140221,0200,177, ,CFS
SHA,H,76,INFLOW,20140221,0300,2001, ,CFS
SHA,H,76,INFLOW,20140221,0400,4316, ,CFS
SHA,H,76,INFLOW,20140221,0500,-3059, ,CFS
SHA,H,76,INFLOW,20140221,0600,4662, ,CFS
SHA,H,76,INFLOW,20140221,0700,-1105, ,CFS
SHA,H,76,INFLOW,20140221,0800,1424, ,CFS
SHA,H,76,INFLOW,20140221,0900,10457, ,CFS
SHA,H,76,INFLOW,20140221,1000,3277, ,CFS
SHA,H,76,INFLOW,20140221,1100,6348, ,CFS
SHA,H,76,INFLOW,20140221,1200,6326, ,CFS
SHA,H,76,INFLOW,20140221,1300,294, ,CFS
SHA,H,76,INFLOW,20140221,1400,369, ,CFS
SHA,H,76,INFLOW,20140221,1500,4061, ,CFS
SHA,H,76,INFLOW,20140221,1600,371, ,CFS
SHA,H,76,INFLOW,20140221,1700,2547, ,CFS
SHA,H,76,INFLOW,20140221,1800,6806, ,CFS
SHA,H,76,INFLOW,20140221,1900,4251, ,CFS
SHA,H,76,INFLOW,20140221,2000,7216, ,CFS
SHA,H,76,INFLOW,20140221,2100,10653, ,CFS
SHA,H,76,INFLOW,20140221,2200,6347, ,CFS
SHA,H,76,INFLOW,20140221,2300,9325, ,CFS
SHA,H,76,INFLOW,20140222,0000,6875, ,CFS
SHA,H,76,INFLOW,20140222,0100,4409, ,CFS
SHA,H,76,INFLOW,20140222,0200,4336, ,CFS
SHA,H,76,INFLOW,20140222,0300,6115, ,CFS
SHA,H,76,INFLOW,20140222,0400,465, ,CFS
SHA,H,76,INFLOW,20140222,0500,2521, ,CFS
SHA,H,76,INFLOW,20140222,0600,2393, ,CFS
SHA,H,76,INFLOW,20140222,0700,1812, ,CFS
SHA,H,76,INFLOW,20140222,0800,1604, ,CFS
SHA,H,76,INFLOW,20140222,0900,3474, ,CFS
SHA,H,76,INFLOW,20140222,1000,4272, ,CFS
SHA,H,76,INFLOW,20140222,1100,4351, ,CFS
SHA,H,76,INFLOW,20140222,1200,6376, ,CFS
SHA,H,76,INFLOW,20140222,1300,2400, ,CFS
SHA,H,76,INFLOW,20140222,1400,2547, ,CFS
SHA,H,76,INFLOW,20140222,1500,4221, ,CFS
SHA,H,76,INFLOW,20140222,1600,6503, ,CFS
SHA,H,76,INFLOW,20140222,1700,3010, ,CFS
SHA,H,76,INFLOW,20140222,1800,2608, ,CFS
SHA,H,76,INFLOW,20140222,1900,13696, ,CFS
SHA,H,76,INFLOW,20140222,2000,2604, ,CFS
SHA,H,76,INFLOW,20140222,2100,11402, ,CFS
SHA,H,76,INFLOW,20140222,2200,4550, ,CFS
SHA,H,76,INFLOW,20140222,2300,6418, ,CFS
SHA,H,76,INFLOW,20140223,0000,6006, ,CFS
SHA,H,76,INFLOW,20140223,0100,2926, ,CFS
SHA,H,76,INFLOW,20140223,0200,3879, ,CFS
SHA,H,76,INFLOW,20140223,0300,3813, ,CFS
SHA,H,76,INFLOW,20140223,0400,1934, ,CFS
SHA,H,76,INFLOW,20140223,0500,5710, ,CFS
SHA,H,76,INFLOW,20140223,0600,4076, ,CFS
SHA,H,76,INFLOW,20140223,0700,743, ,CFS
SHA,H,76,INFLOW,20140223,0800,3257, ,CFS
SHA,H,76,INFLOW,20140223,0900,-535, ,CFS
SHA,H,76,INFLOW,20140223,1000,4001, ,CFS
SHA,H,76,INFLOW,20140223,1100,2396, ,CFS
SHA,H,76,INFLOW,20140223,1200,2228, ,CFS
SHA,H,76,INFLOW,20140223,1300,4059, ,CFS
SHA,H,76,INFLOW,20140223,1400,2756, ,CFS
SHA,H,76,INFLOW,20140223,1500,4547, ,CFS
SHA,H,76,INFLOW,20140223,1600,2893, ,CFS
SHA,H,76,INFLOW,20140223,1700,4959, ,CFS
SHA,H,76,INFLOW,20140223,1800,2112, ,CFS
SHA,H,76,INFLOW,20140223,1900,8150, ,CFS
SHA,H,76,INFLOW,20140223,2000,6174, ,CFS
SHA,H,76,INFLOW,20140223,2100,9479, ,CFS
SHA,H,76,INFLOW,20140223,2200,9168, ,CFS
SHA,H,76,INFLOW,20140223,2300,7110, ,CFS
SHA,H,76,INFLOW,20140224,0000,6845, ,CFS
SHA,H,76,INFLOW,20140224,0100,6743, ,CFS
SHA,H,76,INFLOW,20140224,0200,2998, ,CFS
SHA,H,76,INFLOW,20140224,0300,1494, ,CFS
SHA,H,76,INFLOW,20140224,0400,3405, ,CFS
SHA,H,76,INFLOW,20140224,0500,1536, ,CFS
SHA,H,76,INFLOW,20140224,0600,-62, ,CFS
SHA,H,76,INFLOW,20140224,0700,1115, ,CFS
SHA,H,76,INFLOW,20140224,0800,1991, ,CFS
SHA,H,76,INFLOW,20140224,0900,6395, ,CFS
SHA,H,76,INFLOW,20140224,1000,692, ,CFS
SHA,H,76,INFLOW,20140224,1100,7637, ,CFS
SHA,H,76,INFLOW,20140224,1200,3910, ,CFS
SHA,H,76,INFLOW,20140224,1300,322, ,CFS
SHA,H,76,INFLOW,20140224,1400,4656, ,CFS
SHA,H,76,INFLOW,20140224,1500,-786, ,CFS
SHA,H,76,INFLOW,20140224,1600,844, ,CFS
SHA,H,76,INFLOW,20140224,1700,2716, ,CFS
SHA,H,76,INFLOW,20140224,1800,-152, ,CFS
SHA,H,76,INFLOW,20140224,1900,5035, ,CFS
SHA,H,76,INFLOW,20140224,2000,2175, ,CFS
SHA,H,76,INFLOW,20140224,2100,10766, ,CFS
SHA,H,76,INFLOW,20140224,2200,1903, ,CFS
SHA,H,76,INFLOW,20140224,2300,8137, ,CFS
SHA,H,76,INFLOW,20140225,0000,7819, ,CFS
SHA,H,76,INFLOW,20140225,0100,3028, ,CFS
SHA,H,76,INFLOW,20140225,0200,2990, ,CFS
SHA,H,76,INFLOW,20140225,0300,3629, ,CFS
SHA,H,76,INFLOW,20140225,0400,-1829, ,CFS
SHA,H,76,INFLOW,20140225,0500,4079, ,CFS
SHA,H,76,INFLOW,20140225,0600,2346, ,CFS
SHA,H,76,INFLOW,20140225,0700,1753, ,CFS
SHA,H,76,INFLOW,20140225,0800,3944, ,CFS
SHA,H,76,INFLOW,20140225,0900,1491, ,CFS
SHA,H,76,INFLOW,20140225,1000,3603, ,CFS
SHA,H,76,INFLOW,20140225,1100,2932, ,CFS
SHA,H,76,INFLOW,20140225,1200,-1137, ,CFS
SHA,H,76,INFLOW,20140225,1300,4736, ,CFS
SHA,H,76,INFLOW,20140225,1400,845, ,CFS
SHA,H,76,INFLOW,20140225,1500,1019, ,CFS
SHA,H,76,INFLOW,20140225,1600,1430, ,CFS
SHA,H,76,INFLOW,20140225,1700,697, ,CFS
SHA,H,76,INFLOW,20140225,1800,213, ,CFS
SHA,H,76,INFLOW,20140225,1900,6264, ,CFS
SHA,H,76,INFLOW,20140225,2000,4860, ,CFS
SHA,H,76,INFLOW,20140225,2100,9651, ,CFS
SHA,H,76,INFLOW,20140225,2200,7848, ,CFS
SHA,H,76,INFLOW,20140225,2300,3829, ,CFS
SHA,H,76,INFLOW,20140226,0000,7636, ,CFS
SHA,H,76,INFLOW,20140226,0100,2915, ,CFS
SHA,H,76,INFLOW,20140226,0200,-2949, ,CFS
SHA,H,76,INFLOW,20140226,0300,5133, ,CFS
SHA,H,76,INFLOW,20140226,0400,-481, ,CFS
SHA,H,76,INFLOW,20140226,0500,-1998, ,CFS
SHA,H,76,INFLOW,20140226,0600,4104, ,CFS
SHA,H,76,INFLOW,20140226,0700,1502, ,CFS
SHA,H,76,INFLOW,20140226,0800,3277, ,CFS
SHA,H,76,INFLOW,20140226,0900,9194, ,CFS
SHA,H,76,INFLOW,20140226,1000,1858, ,CFS
SHA,H,76,INFLOW,20140226,1100,4857, ,CFS
SHA,H,76,INFLOW,20140226,1200,4353, ,CFS
SHA,H,76,INFLOW,20140226,1300,214, ,CFS
SHA,H,76,INFLOW,20140226,1400,235, ,CFS
SHA,H,76,INFLOW,20140226,1500,4116, ,CFS
SHA,H,76,INFLOW,20140226,1600,-606, ,CFS
SHA,H,76,INFLOW,20140226,1700,3618, ,CFS
SHA,H,76,INFLOW,20140226,1800,5875, ,CFS
SHA,H,76,INFLOW,20140226,1900,2223, ,CFS
SHA,H,76,INFLOW,20140226,2000,10104, ,CFS
SHA,H,76,INFLOW,20140226,2100,15575, ,CFS
SHA,H,76,INFLOW,20140226,2200,14065, ,CFS
SHA,H,76,INFLOW,20140226,2300,3895, ,CFS
SHA,H,76,INFLOW,20140227,0000,24263, ,CFS
SHA,H,76,INFLOW,20140227,0100,-2355, ,CFS
SHA,H,76,INFLOW,20140227,0200,8736, ,CFS
SHA,H,76,INFLOW,20140227,0300,3044, ,CFS
SHA,H,76,INFLOW,20140227,0400,4996, ,CFS
SHA,H,76,INFLOW,20140227,0500,-355, ,CFS
SHA,H,76,INFLOW,20140227,0600,9193, ,CFS
SHA,H,76,INFLOW,20140227,0700,7722, ,CFS
SHA,H,76,INFLOW,20140227,0800,4394, ,CFS
SHA,H,76,INFLOW,20140227,0900,17441, ,CFS
SHA,H,76,INFLOW,20140227,1000,11845, ,CFS
SHA,H,76,INFLOW,20140227,1100,15580, ,CFS
SHA,H,76,INFLOW,20140227,1200,15552, ,CFS
SHA,H,76,INFLOW,20140227,1300,13440, ,CFS
SHA,H,76,INFLOW,20140227,1400,13390, ,CFS
SHA,H,76,INFLOW,20140227,1500,20724, ,CFS
SHA,H,76,INFLOW,20140227,1600,11193, ,CFS
SHA,H,76,INFLOW,20140227,1700,22496, ,CFS
SHA,H,76,INFLOW,20140227,1800,21219, ,CFS
SHA,H,76,INFLOW,20140227,1900,10855, ,CFS
SHA,H,76,INFLOW,20140227,2000,19380, ,CFS
SHA,H,76,INFLOW,20140227,2100,15970, ,CFS
SHA,H,76,INFLOW,20140227,2200,15168, ,CFS
SHA,H,76,INFLOW,20140227,2300,18255, ,CFS
SHA,H,76,INFLOW,20140228,0000,10342, ,CFS
SHA,H,76,INFLOW,20140228,0100,18221, ,CFS
SHA,H,76,INFLOW,20140228,0200,10427, ,CFS
SHA,H,76,INFLOW,20140228,0300,14414, ,CFS
SHA,H,76,INFLOW,20140228,0400,10884, ,CFS
SHA,H,76,INFLOW,20140228,0500,3714, ,CFS
SHA,H,76,INFLOW,20140228,0600,9463, ,CFS
SHA,H,76,INFLOW,20140228,0700,9688, ,CFS
SHA,H,76,INFLOW,20140228,0800,13632, ,CFS
SHA,H,76,INFLOW,20140228,0900,9798, ,CFS
SHA,H,76,INFLOW,20140228,1000,15813, ,CFS
SHA,H,76,INFLOW,20140228,1100,10001, ,CFS
SHA,H,76,INFLOW,20140228,1200,14794, ,CFS
SHA,H,76,INFLOW,20140228,1300,8923, ,CFS
SHA,H,76,INFLOW,20140228,1400,11807, ,CFS
SHA,H,76,INFLOW,20140228,1500,7711, ,CFS
SHA,H,76,INFLOW,20140228,1600,13387, ,CFS
SHA,H,76,INFLOW,20140228,1700,5776, ,CFS
SHA,H,76,INFLOW,20140228,1800,13581, ,CFS
SHA,H,76,INFLOW,20140228,1900,16654, ,CFS
SHA,H,76,INFLOW,20140228,2000,10156, ,CFS
SHA,H,76,INFLOW,20140228,2100,11389, ,CFS
SHA,H,76,INFLOW,20140228,2200,11523, ,CFS
SHA,H,76,INFLOW,20140228,2300,11049, ,CFS
SHA,H,76,INFLOW,20140301,0000,9095, ,CFS
SHA,H,76,INFLOW,20140301,0100,10136, ,CFS
SHA,H,76,INFLOW,20140301,0200,8007, ,CFS
SHA,H,76,INFLOW,20140301,0300,6136, ,CFS
SHA,H,76,INFLOW,20140301,0400,7911, ,CFS
SHA,H,76,INFLOW,20140301,0500,6599, ,CFS
SHA,H,76,INFLOW,20140301,0600,4538, ,CFS
SHA,H,76,INFLOW,20140301,0700,7038, ,CFS
SHA,H,76,INFLOW,20140301,0800,4573, ,CFS
SHA,H,76,INFLOW,20140301,0900,5969, ,CFS
SHA,H,76,INFLOW,20140301,1000,5631, ,CFS
SHA,H,76,INFLOW,20140301,1100,5546, ,CFS
SHA,H,76,INFLOW,20140301,1200,4149, ,CFS
SHA,H,76,INFLOW,20140301,1300,5918, ,CFS
SHA,H,76,INFLOW,20140301,1400,3888, ,CFS
SHA,H,76,INFLOW,20140301,1500,4052, ,CFS
SHA,H,76,INFLOW,20140301,1600,5980, ,CFS
SHA,H,76,INFLOW,20140301,1700,1379, ,CFS
SHA,H,76,INFLOW,20140301,1800,6467, ,CFS
SHA,H,76,INFLOW,20140301,1900,9964, ,CFS
SHA,H,76,INFLOW,20140301,2000,13288, ,CFS
SHA,H,76,INFLOW,20140301,2100,6152, ,CFS
SHA,H,76,INFLOW,20140301,2200,13251, ,CFS
SHA,H,76,INFLOW,20140301,2300,8382, ,CFS
SHA,H,76,INFLOW,20140302,0000,6790, ,CFS
SHA,H,76,INFLOW,20140302,0100,7859, ,CFS
SHA,H,76,INFLOW,20140302,0200,3925, ,CFS
SHA,H,76,INFLOW,20140302,0300,5852, ,CFS
SHA,H,76,INFLOW,20140302,0400,5852, ,CFS
SHA,H,76,INFLOW,20140302,0500,1999, ,CFS
SHA,H,76,INFLOW,20140302,0600,4145, ,CFS
SHA,H,76,INFLOW,20140302,0700,5739, ,CFS
SHA,H,76,INFLOW,20140302,0800,3002, ,CFS
SHA,H,76,INFLOW,20140302,0900,7919, ,CFS
SHA,H,76,INFLOW,20140302,1000,10004, ,CFS
SHA,H,76,INFLOW,20140302,1100,11841, ,CFS
SHA,H,76,INFLOW,20140302,1200,11632, ,CFS
SHA,H,76,INFLOW,20140302,1300,7965, ,CFS
SHA,H,76,INFLOW,20140302,1400,7055, ,CFS
SHA,H,76,INFLOW,20140302,1500,9350, ,CFS
SHA,H,76,INFLOW,20140302,1600,9781, ,CFS
SHA,H,76,INFLOW,20140302,1700,10719, ,CFS
SHA,H,76,INFLOW,20140302,1800,6113, ,CFS
SHA,H,76,INFLOW,20140302,1900,14452, ,CFS
SHA,H,76,INFLOW,20140302,2000,6413, ,CFS
SHA,H,76,INFLOW,20140302,2100,17609, ,CFS
SHA,H,76,INFLOW,20140302,2200,13329, ,CFS
SHA,H,76,INFLOW,20140302,2300,16788, ,CFS
SHA,H,76,INFLOW,20140303,0000,11704, ,CFS
SHA,H,76,INFLOW,20140303,0100,14310, ,CFS
SHA,H,76,INFLOW,20140303,0200,6628, ,CFS
SHA,H,76,INFLOW,20140303,0300,8529, ,CFS
SHA,H,76,INFLOW,20140303,0400,10518, ,CFS
SHA,H,76,INFLOW,20140303,0500,10672, ,CFS
SHA,H,76,INFLOW,20140303,0600,14905, ,CFS
SHA,H,76,INFLOW,20140303,0700,13055, ,CFS
SHA,H,76,INFLOW,20140303,0800,21324, ,CFS
SHA,H,76,INFLOW,20140303,0900,19262, ,CFS
SHA,H,76,INFLOW,20140303,1000,19238, ,CFS
SHA,H,76,INFLOW,20140303,1100,21107, ,CFS
SHA,H,76,INFLOW,20140303,1200,21119, ,CFS
SHA,H,76,INFLOW,20140303,1300,22595, ,CFS
SHA,H,76,INFLOW,20140303,1400,23765, ,CFS
SHA,H,76,INFLOW,20140303,1500,22092, ,CFS
SHA,H,76,INFLOW,20140303,1600,20037, ,CFS
SHA,H,76,INFLOW,20140303,1700,20494, ,CFS
SHA,H,76,INFLOW,20140303,1800,25219, ,CFS
SHA,H,76,INFLOW,20140303,1900,23380, ,CFS
SHA,H,76,INFLOW,20140303,2000,23154, ,CFS
SHA,H,76,INFLOW,20140303,2100,23238, ,CFS
SHA,H,76,INFLOW,20140303,2200,23418, ,CFS
SHA,H,76,INFLOW,20140303,2300,24395, ,CFS
SHA,H,76,INFLOW,20140304,0000,20750, ,CFS
SHA,H,76,INFLOW,20140304,0100,23317, ,CFS
SHA,H,76,INFLOW,20140304,0200,15249, ,CFS
SHA,H,76,INFLOW,20140304,0300,19238, ,CFS
SHA,H,76,INFLOW,20140304,0400,13387, ,CFS
SHA,H,76,INFLOW,20140304,0500,15485, ,CFS
SHA,H,76,INFLOW,20140304,0600,15774, ,CFS
SHA,H,76,INFLOW,20140304,0700,13866, ,CFS
SHA,H,76,INFLOW,20140304,0800,17701, ,CFS
SHA,H,76,INFLOW,20140304,0900,13776, ,CFS
SHA,H,76,INFLOW,20140304,1000,15739, ,CFS
SHA,H,76,INFLOW,20140304,1100,17702, ,CFS
SHA,H,76,INFLOW,20140304,1200,13776, ,CFS
SHA,H,76,INFLOW,20140304,1300,17826, ,CFS
SHA,H,76,INFLOW,20140304,1400,17916, ,CFS
SHA,H,76,INFLOW,20140304,1500,12132, ,CFS
SHA,H,76,INFLOW,20140304,1600,17215, ,CFS
SHA,H,76,INFLOW,20140304,1700,13704, ,CFS
SHA,H,76,INFLOW,20140304,1800,16262, ,CFS
SHA,H,76,INFLOW,20140304,1900,13171, ,CFS
SHA,H,76,INFLOW,20140304,2000,20816, ,CFS
SHA,H,76,INFLOW,20140304,2100,13588, ,CFS
SHA,H,76,INFLOW,20140304,2200,15329, ,CFS
SHA,H,76,INFLOW,20140304,2300,15007, ,CFS
SHA,H,76,INFLOW,20140305,0000,16794, ,CFS
SHA,H,76,INFLOW,20140305,0100,14056, ,CFS
SHA,H,76,INFLOW,20140305,0200,11895, ,CFS
SHA,H,76,INFLOW,20140305,0300,11887, ,CFS
SHA,H,76,INFLOW,20140305,0400,15838, ,CFS
SHA,H,76,INFLOW,20140305,0500,7938, ,CFS
SHA,H,76,INFLOW,20140305,0600,12131, ,CFS
SHA,H,76,INFLOW,20140305,0700,14137, ,CFS
SHA,H,76,INFLOW,20140305,0800,10883, ,CFS
SHA,H,76,INFLOW,20140305,0900,8804, ,CFS
SHA,H,76,INFLOW,20140305,1000,16876, ,CFS
SHA,H,76,INFLOW,20140305,1100,10966, ,CFS
SHA,H,76,INFLOW,20140305,1200,12906, ,CFS
SHA,H,76,INFLOW,20140305,1300,11400, ,CFS
SHA,H,76,INFLOW,20140305,1400,11687, ,CFS
SHA,H,76,INFLOW,20140305,1500,6629, ,CFS
SHA,H,76,INFLOW,20140305,1600,14039, ,CFS
SHA,H,76,INFLOW,20140305,1700,16164, ,CFS
SHA,H,76,INFLOW,20140305,1800,12782, ,CFS
SHA,H,76,INFLOW,20140305,1900,18651, ,CFS
SHA,H,76,INFLOW,20140305,2000,16796, ,CFS
SHA,H,76,INFLOW,20140305,2100,18308, ,CFS
SHA,H,76,INFLOW,20140305,2200,28230, ,CFS
SHA,H,76,INFLOW,20140305,2300,24231, ,CFS
SHA,H,76,INFLOW,20140306,0000,17982, ,CFS
SHA,H,76,INFLOW,20140306,0100,22809, ,CFS
SHA,H,76,INFLOW,20140306,0200,16217, ,CFS
SHA,H,76,INFLOW,20140306,0300,22059, ,CFS
SHA,H,76,INFLOW,20140306,0400,20051, ,CFS
SHA,H,76,INFLOW,20140306,0500,12056, ,CFS
SHA,H,76,INFLOW,20140306,0600,16212, ,CFS
SHA,H,76,INFLOW,20140306,0700,14150, ,CFS
SHA,H,76,INFLOW,20140306,0800,22675, ,CFS
SHA,H,76,INFLOW,20140306,0900,20628, ,CFS
SHA,H,76,INFLOW,20140306,1000,18899, ,CFS
SHA,H,76,INFLOW,20140306,1100,16878, ,CFS
SHA,H,76,INFLOW,20140306,1200,20874, ,CFS
SHA,H,76,INFLOW,20140306,1300,17021, ,CFS
SHA,H,76,INFLOW,20140306,1400,20909, ,CFS
SHA,H,76,INFLOW,20140306,1500,10794, ,CFS
SHA,H,76,INFLOW,20140306,1600,17002, ,CFS
SHA,H,76,INFLOW,20140306,1700,14911, ,CFS
SHA,H,76,INFLOW,20140306,1800,16902, ,CFS
SHA,H,76,INFLOW,20140306,1900,15400, ,CFS
SHA,H,76,INFLOW,20140306,2000,15051, ,CFS
SHA,H,76,INFLOW,20140306,2100,17318, ,CFS
SHA,H,76,INFLOW,20140306,2200,10863, ,CFS
SHA,H,76,INFLOW,20140306,2300,14797, ,CFS
SHA,H,76,INFLOW,20140307,0000,13368, ,CFS
SHA,H,76,INFLOW,20140307,0100,14209, ,CFS
SHA,H,76,INFLOW,20140307,0200,16176, ,CFS
SHA,H,76,INFLOW,20140307,0300,10146, ,CFS
SHA,H,76,INFLOW,20140307,0400,10188, ,CFS
SHA,H,76,INFLOW,20140307,0500,8185, ,CFS
SHA,H,76,INFLOW,20140307,0600,10660, ,CFS
SHA,H,76,INFLOW,20140307,0700,9561, ,CFS
SHA,H,76,INFLOW,20140307,0800,17946, ,CFS
SHA,H,76,INFLOW,20140307,0900,9985, ,CFS
SHA,H,76,INFLOW,20140307,1000,14330, ,CFS
SHA,H,76,INFLOW,20140307,1100,14080, ,CFS
SHA,H,76,INFLOW,20140307,1200,10460, ,CFS
SHA,H,76,INFLOW,20140307,1300,28797, ,CFS
SHA,H,76,INFLOW,20140307,1400,10530, ,CFS
SHA,H,76,INFLOW,20140307,1500,10617, ,CFS
SHA,H,76,INFLOW,20140307,1600,12118, ,CFS
SHA,H,76,INFLOW,20140307,1700,13902, ,CFS
SHA,H,76,INFLOW,20140307,1800,9382, ,CFS
SHA,H,76,INFLOW,20140307,1900,11697, ,CFS
SHA,H,76,INFLOW,20140307,2000,15732, ,CFS
SHA,H,76,INFLOW,20140307,2100,12131, ,CFS
SHA,H,76,INFLOW,20140307,2200,14005, ,CFS
SHA,H,76,INFLOW,20140307,2300,13724, ,CFS
SHA,H,76,INFLOW,20140308,0000,11490, ,CFS
SHA,H,76,INFLOW,20140308,0100,10355, ,CFS
SHA,H,76,INFLOW,20140308,0200,10240, ,CFS
SHA,H,76,INFLOW,20140308,0300,10258, ,CFS
SHA,H,76,INFLOW,20140308,0400,8216, ,CFS
SHA,H,76,INFLOW,20140308,0500,8232, ,CFS
SHA,H,76,INFLOW,20140308,0600,8418, ,CFS
SHA,H,76,INFLOW,20140308,0700,7171, ,CFS
SHA,H,76,INFLOW,20140308,0800,11930, ,CFS
SHA,H,76,INFLOW,20140308,0900,7807, ,CFS
SHA,H,76,INFLOW,20140308,1000,12064, ,CFS
SHA,H,76,INFLOW,20140308,1100,4351, ,CFS
SHA,H,76,INFLOW,20140308,1200,2560, ,CFS
SHA,H,76,INFLOW,20140308,1300,10750, ,CFS
SHA,H,76,INFLOW,20140308,1400,8132, ,CFS
SHA,H,76,INFLOW,20140308,1500,7971, ,CFS
SHA,H,76,INFLOW,20140308,1600,10129, ,CFS
SHA,H,76,INFLOW,20140308,1700,9577, ,CFS
SHA,H,76,INFLOW,20140308,1800,7449, ,CFS
SHA,H,76,INFLOW,20140308,1900,11925, ,CFS
SHA,H,76,INFLOW,20140308,2000,13912, ,CFS
SHA,H,76,INFLOW,20140308,2100,7994, ,CFS
SHA,H,76,INFLOW,20140308,2200,11992, ,CFS
SHA,H,76,INFLOW,20140308,2300,9923, ,CFS
SHA,H,76,INFLOW,20140309,0000,14074, ,CFS
SHA,H,76,INFLOW,20140309,0100,10477, ,CFS
SHA,H,76,INFLOW,20140309,0300,12252, ,CFS
SHA,H,76,INFLOW,20140309,0400,8175, ,CFS
SHA,H,76,INFLOW,20140309,0500,8225, ,CFS
SHA,H,76,INFLOW,20140309,0600,6291, ,CFS
SHA,H,76,INFLOW,20140309,0700,4127, ,CFS
SHA,H,76,INFLOW,20140309,0800,14510, ,CFS
SHA,H,76,INFLOW,20140309,0900,8388, ,CFS
SHA,H,76,INFLOW,20140309,1000,14680, ,CFS
SHA,H,76,INFLOW,20140309,1100,6677, ,CFS
SHA,H,76,INFLOW,20140309,1200,6406, ,CFS
SHA,H,76,INFLOW,20140309,1300,14770, ,CFS
SHA,H,76,INFLOW,20140309,1400,10503, ,CFS
SHA,H,76,INFLOW,20140309,1500,8487, ,CFS
SHA,H,76,INFLOW,20140309,1600,12603, ,CFS
SHA,H,76,INFLOW,20140309,1700,10486, ,CFS
SHA,H,76,INFLOW,20140309,1800,14663, ,CFS
SHA,H,76,INFLOW,20140309,1900,12580, ,CFS
SHA,H,76,INFLOW,20140309,2000,6581, ,CFS
SHA,H,76,INFLOW,20140309,2100,18946, ,CFS
SHA,H,76,INFLOW,20140309,2200,9471, ,CFS
SHA,H,76,INFLOW,20140309,2300,10625, ,CFS
SHA,H,76,INFLOW,20140310,0000,18509, ,CFS
SHA,H,76,INFLOW,20140310,0100,6196, ,CFS
SHA,H,76,INFLOW,20140310,0200,18483, ,CFS
SHA,H,76,INFLOW,20140310,0300,10349, ,CFS
SHA,H,76,INFLOW,20140310,0400,12425, ,CFS
SHA,H,76,INFLOW,20140310,0500,6253, ,CFS
SHA,H,76,INFLOW,20140310,0600,12592, ,CFS
SHA,H,76,INFLOW,20140310,0700,4627, ,CFS
SHA,H,76,INFLOW,20140310,0800,21899, ,CFS
SHA,H,76,INFLOW,20140310,0900,11603, ,CFS
SHA,H,76,INFLOW,20140310,1000,15742, ,CFS
SHA,H,76,INFLOW,20140310,1100,13901, ,CFS
SHA,H,76,INFLOW,20140310,1200,13835, ,CFS
SHA,H,76,INFLOW,20140310,1300,13611, ,CFS
SHA,H,76,INFLOW,20140310,1400,9468, ,CFS
SHA,H,76,INFLOW,20140310,1500,14178, ,CFS
SHA,H,76,INFLOW,20140310,1600,13944, ,CFS
SHA,H,76,INFLOW,20140310,1700,13902, ,CFS
SHA,H,76,INFLOW,20140310,1800,18125, ,CFS
SHA,H,76,INFLOW,20140310,1900,10091, ,CFS
SHA,H,76,INFLOW,20140310,2000,15130, ,CFS
SHA,H,76,INFLOW,20140310,2100,15358, ,CFS
SHA,H,76,INFLOW,20140310,2200,13571, ,CFS
SHA,H,76,INFLOW,20140310,2300,12861, ,CFS
SHA,H,76,INFLOW,20140311,0000,16851, ,CFS
SHA,H,76,INFLOW,20140311,0100,14334, ,CFS
SHA,H,76,INFLOW,20140311,0200,10214, ,CFS
SHA,H,76,INFLOW,20140311,0300,12097, ,CFS
SHA,H,76,INFLOW,20140311,0400,3841, ,CFS
SHA,H,76,INFLOW,20140311,0500,10400, ,CFS
SHA,H,76,INFLOW,20140311,0600,20658, ,CFS
SHA,H,76,INFLOW,20140311,0700,5470, ,CFS
SHA,H,76,INFLOW,20140311,0800,15791, ,CFS
SHA,H,76,INFLOW,20140311,0900,10458, ,CFS
SHA,H,76,INFLOW,20140311,1000,8347, ,CFS
SHA,H,76,INFLOW,20140311,1100,12481, ,CFS
SHA,H,76,INFLOW,20140311,1200,8335, ,CFS
SHA,H,76,INFLOW,20140311,1300,10412, ,CFS
SHA,H,76,INFLOW,20140311,1400,10408, ,CFS
SHA,H,76,INFLOW,20140311,1500,14567, ,CFS
SHA,H,76,INFLOW,20140311,1600,12488, ,CFS
SHA,H,76,INFLOW,20140311,1700,10458, ,CFS
SHA,H,76,INFLOW,20140311,1800,10904, ,CFS
SHA,H,76,INFLOW,20140311,1900,12064, ,CFS
SHA,H,76,INFLOW,20140311,2000,14445, ,CFS
SHA,H,76,INFLOW,20140311,2100,16264, ,CFS
SHA,H,76,INFLOW,20140311,2200,4694, ,CFS
SHA,H,76,INFLOW,20140311,2300,12000, ,CFS
SHA,H,76,INFLOW,20140312,0000,11800, ,CFS
SHA,H,76,INFLOW,20140312,0100,12616, ,CFS
SHA,H,76,INFLOW,20140312,0200,6293, ,CFS
SHA,H,76,INFLOW,20140312,0300,12552, ,CFS
SHA,H,76,INFLOW,20140312,0400,6293, ,CFS
SHA,H,76,INFLOW,20140312,0500,12552, ,CFS
SHA,H,76,INFLOW,20140312,0600,6293, ,CFS
SHA,H,76,INFLOW,20140312,0700,12607, ,CFS
SHA,H,76,INFLOW,20140312,0800,13553, ,CFS
SHA,H,76,INFLOW,20140312,0900,7401, ,CFS
SHA,H,76,INFLOW,20140312,1000,9246, ,CFS
SHA,H,76,INFLOW,20140312,1100,11026, ,CFS
SHA,H,76,INFLOW,20140312,1200,5027, ,CFS
SHA,H,76,INFLOW,20140312,1300,5176, ,CFS
SHA,H,76,INFLOW,20140312,1400,5530, ,CFS
SHA,H,76,INFLOW,20140312,1500,9277, ,CFS
SHA,H,76,INFLOW,20140312,1600,11382, ,CFS
SHA,H,76,INFLOW,20140312,1700,11488, ,CFS
SHA,H,76,INFLOW,20140312,1800,9473, ,CFS
SHA,H,76,INFLOW,20140312,1900,9872, ,CFS
SHA,H,76,INFLOW,20140312,2000,12184, ,CFS
SHA,H,76,INFLOW,20140312,2100,12116, ,CFS
SHA,H,76,INFLOW,20140312,2200,9409, ,CFS
SHA,H,76,INFLOW,20140312,2300,11596, ,CFS
SHA,H,76,INFLOW,20140313,0000,10912, ,CFS
SHA,H,76,INFLOW,20140313,0100,10592, ,CFS
SHA,H,76,INFLOW,20140313,0200,8429, ,CFS
SHA,H,76,INFLOW,20140313,0300,12627, ,CFS
SHA,H,76,INFLOW,20140313,0400,8429, ,CFS
SHA,H,76,INFLOW,20140313,0500,8429, ,CFS
SHA,H,76,INFLOW,20140313,0600,6397, ,CFS
SHA,H,76,INFLOW,20140313,0700,9500, ,CFS
SHA,H,76,INFLOW,20140313,0800,7383, ,CFS
SHA,H,76,INFLOW,20140313,0900,11843, ,CFS
SHA,H,76,INFLOW,20140313,1000,7751, ,CFS
SHA,H,76,INFLOW,20140313,1100,9953, ,CFS
SHA,H,76,INFLOW,20140313,1200,7298, ,CFS
SHA,H,76,INFLOW,20140313,1300,5090, ,CFS
SHA,H,76,INFLOW,20140313,1400,7444, ,CFS
SHA,H,76,INFLOW,20140313,1500,11602, ,CFS
SHA,H,76,INFLOW,20140313,1600,5217, ,CFS
SHA,H,76,INFLOW,20140313,1700,9409, ,CFS
SHA,H,76,INFLOW,20140313,1800,11432, ,CFS
SHA,H,76,INFLOW,20140313,1900,5311, ,CFS
SHA,H,76,INFLOW,20140313,2000,13587, ,CFS
SHA,H,76,INFLOW,20140313,2100,11804, ,CFS
SHA,H,76,INFLOW,20140313,2200,6972, ,CFS
SHA,H,76,INFLOW,20140313,2300,10960, ,CFS
SHA,H,76,INFLOW,20140314,0000,8733, ,CFS
SHA,H,76,INFLOW,20140314,0100,12774, ,CFS
SHA,H,76,INFLOW,20140314,0200,4399, ,CFS
SHA,H,76,INFLOW,20140314,0300,6430, ,CFS
SHA,H,76,INFLOW,20140314,0400,4323, ,CFS
SHA,H,76,INFLOW,20140314,0500,2213, ,CFS
SHA,H,76,INFLOW,20140314,0600,4431, ,CFS
SHA,H,76,INFLOW,20140314,0700,1682, ,CFS
SHA,H,76,INFLOW,20140314,0800,3668, ,CFS
SHA,H,76,INFLOW,20140314,0900,13302, ,CFS
SHA,H,76,INFLOW,20140314,1000,5178, ,CFS
SHA,H,76,INFLOW,20140314,1100,2824, ,CFS
SHA,H,76,INFLOW,20140314,1200,11472, ,CFS
SHA,H,76,INFLOW,20140314,1300,522, ,CFS
SHA,H,76,INFLOW,20140314,1400,2737, ,CFS
SHA,H,76,INFLOW,20140314,1500,7074, ,CFS
SHA,H,76,INFLOW,20140314,1600,-868, ,CFS
SHA,H,76,INFLOW,20140314,1700,7569, ,CFS
SHA,H,76,INFLOW,20140314,1800,6993, ,CFS
SHA,H,76,INFLOW,20140314,1900,6987, ,CFS
SHA,H,76,INFLOW,20140314,2000,9842, ,CFS
SHA,H,76,INFLOW,20140314,2100,9744, ,CFS
SHA,H,76,INFLOW,20140314,2200,8551, ,CFS
SHA,H,76,INFLOW,20140314,2300,7943, ,CFS
SHA,H,76,INFLOW,20140315,0000,7974, ,CFS
SHA,H,76,INFLOW,20140315,0100,5026, ,CFS
SHA,H,76,INFLOW,20140315,0200,8551, ,CFS
SHA,H,76,INFLOW,20140315,0300,4326, ,CFS
SHA,H,76,INFLOW,20140315,0400,2223, ,CFS
SHA,H,76,INFLOW,20140315,0500,2220, ,CFS
SHA,H,76,INFLOW,20140315,0600,196, ,CFS
SHA,H,76,INFLOW,20140315,0700,7460, ,CFS
SHA,H,76,INFLOW,20140315,0800,7960, ,CFS
SHA,H,76,INFLOW,20140315,0900,4511, ,CFS
SHA,H,76,INFLOW,20140315,1000,11044, ,CFS
SHA,H,76,INFLOW,20140315,1100,2745, ,CFS
SHA,H,76,INFLOW,20140315,1200,6989, ,CFS
SHA,H,76,INFLOW,20140315,1300,9374, ,CFS
SHA,H,76,INFLOW,20140315,1400,7181, ,CFS
SHA,H,76,INFLOW,20140315,1500,5219, ,CFS
SHA,H,76,INFLOW,20140315,1600,3099, ,CFS
SHA,H,76,INFLOW,20140315,1700,7750, ,CFS
SHA,H,76,INFLOW,20140315,1800,6441, ,CFS
SHA,H,76,INFLOW,20140315,1900,10424, ,CFS
SHA,H,76,INFLOW,20140315,2000,5715, ,CFS
SHA,H,76,INFLOW,20140315,2100,10165, ,CFS
SHA,H,76,INFLOW,20140315,2200,12702, ,CFS
SHA,H,76,INFLOW,20140315,2300,3984, ,CFS
SHA,H,76,INFLOW,20140316,0000,12470, ,CFS
SHA,H,76,INFLOW,20140316,0100,4430, ,CFS
SHA,H,76,INFLOW,20140316,0200,8586, ,CFS
SHA,H,76,INFLOW,20140316,0300,4356, ,CFS
SHA,H,76,INFLOW,20140316,0400,4354, ,CFS
SHA,H,76,INFLOW,20140316,0500,2241, ,CFS
SHA,H,76,INFLOW,20140316,0600,2412, ,CFS
SHA,H,76,INFLOW,20140316,0700,1614, ,CFS
SHA,H,76,INFLOW,20140316,0800,3685, ,CFS
SHA,H,76,INFLOW,20140316,0900,6009, ,CFS
SHA,H,76,INFLOW,20140316,1000,6377, ,CFS
SHA,H,76,INFLOW,20140316,1100,4426, ,CFS
SHA,H,76,INFLOW,20140316,1200,8520, ,CFS
SHA,H,76,INFLOW,20140316,1300,4012, ,CFS
SHA,H,76,INFLOW,20140316,1400,8360, ,CFS
SHA,H,76,INFLOW,20140316,1500,8368, ,CFS
SHA,H,76,INFLOW,20140316,1600,4630, ,CFS
SHA,H,76,INFLOW,20140316,1700,3939, ,CFS
SHA,H,76,INFLOW,20140316,1800,4883, ,CFS
SHA,H,76,INFLOW,20140316,1900,9253, ,CFS
SHA,H,76,INFLOW,20140316,2000,2933, ,CFS
SHA,H,76,INFLOW,20140316,2100,2911, ,CFS
SHA,H,76,INFLOW,20140316,2200,9053, ,CFS
SHA,H,76,INFLOW,20140316,2300,1610, ,CFS
SHA,H,76,INFLOW,20140317,0000,7490, ,CFS
SHA,H,76,INFLOW,20140317,0100,9059, ,CFS
SHA,H,76,INFLOW,20140317,0200,-4087, ,CFS
SHA,H,76,INFLOW,20140317,0300,10696, ,CFS
SHA,H,76,INFLOW,20140317,0400,137, ,CFS
SHA,H,76,INFLOW,20140317,0500,4341, ,CFS
SHA,H,76,INFLOW,20140317,0600,2383, ,CFS
SHA,H,76,INFLOW,20140317,0700,2962, ,CFS
SHA,H,76,INFLOW,20140317,0800,7279, ,CFS
SHA,H,76,INFLOW,20140317,0900,9226, ,CFS
SHA,H,76,INFLOW,20140317,1000,2829, ,CFS
SHA,H,76,INFLOW,20140317,1100,9313, ,CFS
SHA,H,76,INFLOW,20140317,1200,7352, ,CFS
SHA,H,76,INFLOW,20140317,1300,7466, ,CFS
SHA,H,76,INFLOW,20140317,1400,7544, ,CFS
SHA,H,76,INFLOW,20140317,1500,7389, ,CFS
SHA,H,76,INFLOW,20140317,1600,5069, ,CFS
SHA,H,76,INFLOW,20140317,1700,2908, ,CFS
SHA,H,76,INFLOW,20140317,1800,11182, ,CFS
SHA,H,76,INFLOW,20140317,1900,9697, ,CFS
SHA,H,76,INFLOW,20140317,2000,7304, ,CFS
SHA,H,76,INFLOW,20140317,2100,8523, ,CFS
SHA,H,76,INFLOW,20140317,2200,8454, ,CFS
SHA,H,76,INFLOW,20140317,2300,8786, ,CFS
SHA,H,76,INFLOW,20140318,0000,6617, ,CFS
SHA,H,76,INFLOW,20140318,0100,4783, ,CFS
SHA,H,76,INFLOW,20140318,0200,1334, ,CFS
SHA,H,76,INFLOW,20140318,0300,5775, ,CFS
SHA,H,76,INFLOW,20140318,0400,1114, ,CFS
SHA,H,76,INFLOW,20140318,0500,3436, ,CFS
SHA,H,76,INFLOW,20140318,0600,1579, ,CFS
SHA,H,76,INFLOW,20140318,0700,2830, ,CFS
SHA,H,76,INFLOW,20140318,0800,3307, ,CFS
SHA,H,76,INFLOW,20140318,0900,4977, ,CFS
SHA,H,76,INFLOW,20140318,1000,5366, ,CFS
SHA,H,76,INFLOW,20140318,1100,6741, ,CFS
SHA,H,76,INFLOW,20140318,1200,4652, ,CFS
SHA,H,76,INFLOW,20140318,1300,2671, ,CFS
SHA,H,76,INFLOW,20140318,1400,4734, ,CFS
SHA,H,76,INFLOW,20140318,1500,6522, ,CFS
SHA,H,76,INFLOW,20140318,1600,758, ,CFS
SHA,H,76,INFLOW,20140318,1700,7179, ,CFS
SHA,H,76,INFLOW,20140318,1800,4193, ,CFS
SHA,H,76,INFLOW,20140318,1900,3649, ,CFS
SHA,H,76,INFLOW,20140318,2000,8880, ,CFS
SHA,H,76,INFLOW,20140318,2100,11662, ,CFS
SHA,H,76,INFLOW,20140318,2200,4867, ,CFS
SHA,H,76,INFLOW,20140318,2300,6502, ,CFS
SHA,H,76,INFLOW,20140319,0000,10528, ,CFS
SHA,H,76,INFLOW,20140319,0100,1150, ,CFS
SHA,H,76,INFLOW,20140319,0200,7847, ,CFS
SHA,H,76,INFLOW,20140319,0300,3523, ,CFS
SHA,H,76,INFLOW,20140319,0400,2323, ,CFS
SHA,H,76,INFLOW,20140319,0500,8622, ,CFS
SHA,H,76,INFLOW,20140319,0600,380, ,CFS
SHA,H,76,INFLOW,20140319,0700,7141, ,CFS
SHA,H,76,INFLOW,20140319,0800,6883, ,CFS
SHA,H,76,INFLOW,20140319,0900,3595, ,CFS
SHA,H,76,INFLOW,20140319,1000,5706, ,CFS
SHA,H,76,INFLOW,20140319,1100,2997, ,CFS
SHA,H,76,INFLOW,20140319,1200,5023, ,CFS
SHA,H,76,INFLOW,20140319,1300,2475, ,CFS
SHA,H,76,INFLOW,20140319,1400,8551, ,CFS
SHA,H,76,INFLOW,20140319,1500,4267, ,CFS
SHA,H,76,INFLOW,20140319,1600,4212, ,CFS
SHA,H,76,INFLOW,20140319,1700,6700, ,CFS
SHA,H,76,INFLOW,20140319,1800,2637, ,CFS
SHA,H,76,INFLOW,20140319,1900,5573, ,CFS
SHA,H,76,INFLOW,20140319,2000,6491, ,CFS
SHA,H,76,INFLOW,20140319,2100,8296, ,CFS
SHA,H,76,INFLOW,20140319,2200,6030, ,CFS
SHA,H,76,INFLOW,20140319,2300,5736, ,CFS
SHA,H,76,INFLOW,20140320,0000,3745, ,CFS
SHA,H,76,INFLOW,20140320,0100,5935, ,CFS
SHA,H,76,INFLOW,20140320,0200,5897, ,CFS
SHA,H,76,INFLOW,20140320,0300,5736, ,CFS
SHA,H,76,INFLOW,20140320,0400,5168, ,CFS
SHA,H,76,INFLOW,20140320,0500,3383, ,CFS
SHA,H,76,INFLOW,20140320,0600,5766, ,CFS
SHA,H,76,INFLOW,20140320,0700,735, ,CFS
SHA,H,76,INFLOW,20140320,0800,7106, ,CFS
SHA,H,76,INFLOW,20140320,0900,5081, ,CFS
SHA,H,76,INFLOW,20140320,1000,4717, ,CFS
SHA,H,76,INFLOW,20140320,1100,5139, ,CFS
SHA,H,76,INFLOW,20140320,1200,4406, ,CFS
SHA,H,76,INFLOW,20140320,1300,4548, ,CFS
SHA,H,76,INFLOW,20140320,1400,7004, ,CFS
SHA,H,76,INFLOW,20140320,1500,4355, ,CFS
SHA,H,76,INFLOW,20140320,1600,8869, ,CFS
SHA,H,76,INFLOW,20140320,1700,4397, ,CFS
SHA,H,76,INFLOW,20140320,1800,4697, ,CFS
SHA,H,76,INFLOW,20140320,1900,8208, ,CFS
SHA,H,76,INFLOW,20140320,2000,6152, ,CFS
SHA,H,76,INFLOW,20140320,2100,6085, ,CFS
SHA,H,76,INFLOW,20140320,2200,5945, ,CFS
SHA,H,76,INFLOW,20140320,2300,4551, ,CFS
SHA,H,76,INFLOW,20140321,0000,8290, ,CFS
SHA,H,76,INFLOW,20140321,0100,5642, ,CFS
SHA,H,76,INFLOW,20140321,0200,3109, ,CFS
SHA,H,76,INFLOW,20140321,0300,2915, ,CFS
SHA,H,76,INFLOW,20140321,0400,2732, ,CFS
SHA,H,76,INFLOW,20140321,0500,3241, ,CFS
SHA,H,76,INFLOW,20140321,0600,3566, ,CFS
SHA,H,76,INFLOW,20140321,0700,-303, ,CFS
SHA,H,76,INFLOW,20140321,0800,5250, ,CFS
SHA,H,76,INFLOW,20140321,0900,5614, ,CFS
SHA,H,76,INFLOW,20140321,1000,3521, ,CFS
SHA,H,76,INFLOW,20140321,1100,1095, ,CFS
SHA,H,76,INFLOW,20140321,1200,7405, ,CFS
SHA,H,76,INFLOW,20140321,1300,3144, ,CFS
SHA,H,76,INFLOW,20140321,1400,5404, ,CFS
SHA,H,76,INFLOW,20140321,1500,6442, ,CFS
SHA,H,76,INFLOW,20140321,1600,4933, ,CFS
SHA,H,76,INFLOW,20140321,1700,5879, ,CFS
SHA,H,76,INFLOW,20140321,1800,4476, ,CFS
SHA,H,76,INFLOW,20140321,1900,5974, ,CFS
SHA,H,76,INFLOW,20140321,2000,5642, ,CFS
SHA,H,76,INFLOW,20140321,2100,7561, ,CFS
SHA,H,76,INFLOW,20140321,2200,3161, ,CFS
SHA,H,76,INFLOW,20140321,2300,6636, ,CFS
SHA,H,76,INFLOW,20140322,0000,2313, ,CFS
SHA,H,76,INFLOW,20140322,0100,8894, ,CFS
SHA,H,76,INFLOW,20140322,0200,144, ,CFS
SHA,H,76,INFLOW,20140322,0300,6524, ,CFS
SHA,H,76,INFLOW,20140322,0400,2248, ,CFS
SHA,H,76,INFLOW,20140322,0500,2243, ,CFS
SHA,H,76,INFLOW,20140322,0600,294, ,CFS
SHA,H,76,INFLOW,20140322,0700,3431, ,CFS
SHA,H,76,INFLOW,20140322,0800,3134, ,CFS
SHA,H,76,INFLOW,20140322,0900,647, ,CFS
SHA,H,76,INFLOW,20140322,1000,1681, ,CFS
SHA,H,76,INFLOW,20140322,1100,-67, ,CFS
SHA,H,76,INFLOW,20140322,1200,-725, ,CFS
SHA,H,76,INFLOW,20140322,1300,5882, ,CFS
SHA,H,76,INFLOW,20140322,1400,3792, ,CFS
SHA,H,76,INFLOW,20140322,1500,2606, ,CFS
SHA,H,76,INFLOW,20140322,1600,5836, ,CFS
SHA,H,76,INFLOW,20140322,1700,4250, ,CFS
SHA,H,76,INFLOW,20140322,1800,3545, ,CFS
SHA,H,76,INFLOW,20140322,1900,2368, ,CFS
SHA,H,76,INFLOW,20140322,2000,6177, ,CFS
SHA,H,76,INFLOW,20140322,2100,4411, ,CFS
SHA,H,76,INFLOW,20140322,2200,11483, ,CFS
SHA,H,76,INFLOW,20140322,2300,1905, ,CFS
SHA,H,76,INFLOW,20140323,0000,4675, ,CFS
SHA,H,76,INFLOW,20140323,0100,2282, ,CFS
SHA,H,76,INFLOW,20140323,0200,4389, ,CFS
SHA,H,76,INFLOW,20140323,0300,2264, ,CFS
SHA,H,76,INFLOW,20140323,0400,2361, ,CFS
SHA,H,76,INFLOW,20140323,0500,3931, ,CFS
SHA,H,76,INFLOW,20140323,0600,-92, ,CFS
SHA,H,76,INFLOW,20140323,0700,3828, ,CFS
SHA,H,76,INFLOW,20140323,0800,3334, ,CFS
SHA,H,76,INFLOW,20140323,0900,1474, ,CFS
SHA,H,76,INFLOW,20140323,1000,-70, ,CFS
SHA,H,76,INFLOW,20140323,1100,1680, ,CFS
SHA,H,76,INFLOW,20140323,1200,1871, ,CFS
SHA,H,76,INFLOW,20140323,1300,4788, ,CFS
SHA,H,76,INFLOW,20140323,1400,4794, ,CFS
SHA,H,76,INFLOW,20140323,1500,5009, ,CFS
SHA,H,76,INFLOW,20140323,1600,428, ,CFS
SHA,H,76,INFLOW,20140323,1700,7523, ,CFS
SHA,H,76,INFLOW,20140323,1800,5511, ,CFS
SHA,H,76,INFLOW,20140323,1900,8071, ,CFS
SHA,H,76,INFLOW,20140323,2000,9785, ,CFS
SHA,H,76,INFLOW,20140323,2100,6669, ,CFS
SHA,H,76,INFLOW,20140323,2200,8118, ,CFS
SHA,H,76,INFLOW,20140323,2300,6306, ,CFS
SHA,H,76,INFLOW,20140324,0000,10914, ,CFS
SHA,H,76,INFLOW,20140324,0100,4413, ,CFS
SHA,H,76,INFLOW,20140324,0200,4476, ,CFS
SHA,H,76,INFLOW,20140324,0300,3560, ,CFS
SHA,H,76,INFLOW,20140324,0400,3425, ,CFS
SHA,H,76,INFLOW,20140324,0500,-656, ,CFS
SHA,H,76,INFLOW,20140324,0600,1701, ,CFS
SHA,H,76,INFLOW,20140324,0700,2178, ,CFS
SHA,H,76,INFLOW,20140324,0800,5820, ,CFS
SHA,H,76,INFLOW,20140324,0900,5704, ,CFS
SHA,H,76,INFLOW,20140324,1000,7886, ,CFS
SHA,H,76,INFLOW,20140324,1100,4622, ,CFS
SHA,H,76,INFLOW,20140324,1200,3092, ,CFS
SHA,H,76,INFLOW,20140324,1300,3521, ,CFS
SHA,H,76,INFLOW,20140324,1400,1560, ,CFS
SHA,H,76,INFLOW,20140324,1500,1337, ,CFS
SHA,H,76,INFLOW,20140324,1600,3601, ,CFS
SHA,H,76,INFLOW,20140324,1700,3060, ,CFS
SHA,H,76,INFLOW,20140324,1800,2942, ,CFS
SHA,H,76,INFLOW,20140324,1900,10187, ,CFS
SHA,H,76,INFLOW,20140324,2000,7671, ,CFS
SHA,H,76,INFLOW,20140324,2100,9688, ,CFS
SHA,H,76,INFLOW,20140324,2200,6122, ,CFS
SHA,H,76,INFLOW,20140324,2300,8920, ,CFS
SHA,H,76,INFLOW,20140325,0000,7749, ,CFS
SHA,H,76,INFLOW,20140325,0100,4838, ,CFS
SHA,H,76,INFLOW,20140325,0200,2270, ,CFS
SHA,H,76,INFLOW,20140325,0300,2261, ,CFS
SHA,H,76,INFLOW,20140325,0400,-2014, ,CFS
SHA,H,76,INFLOW,20140325,0500,4551, ,CFS
SHA,H,76,INFLOW,20140325,0600,569, ,CFS
SHA,H,76,INFLOW,20140325,0700,-289, ,CFS
SHA,H,76,INFLOW,20140325,0800,4169, ,CFS
SHA,H,76,INFLOW,20140325,0900,8650, ,CFS
SHA,H,76,INFLOW,20140325,1000,7305, ,CFS
SHA,H,76,INFLOW,20140325,1100,1717, ,CFS
SHA,H,76,INFLOW,20140325,1200,1369, ,CFS
SHA,H,76,INFLOW,20140325,1300,134, ,CFS
SHA,H,76,INFLOW,20140325,1400,4587, ,CFS
SHA,H,76,INFLOW,20140325,1500,346, ,CFS
SHA,H,76,INFLOW,20140325,1600,2610, ,CFS
SHA,H,76,INFLOW,20140325,1700,2458, ,CFS
SHA,H,76,INFLOW,20140325,1800,-1344, ,CFS
SHA,H,76,INFLOW,20140325,1900,4845, ,CFS
SHA,H,76,INFLOW,20140325,2000,5713, ,CFS
SHA,H,76,INFLOW,20140325,2100,5787, ,CFS
SHA,H,76,INFLOW,20140325,2200,8019, ,CFS
SHA,H,76,INFLOW,20140325,2300,8781, ,CFS
SHA,H,76,INFLOW,20140326,0000,2806, ,CFS
SHA,H,76,INFLOW,20140326,0100,4416, ,CFS
SHA,H,76,INFLOW,20140326,0200,2267, ,CFS
SHA,H,76,INFLOW,20140326,0300,-2025, ,CFS
SHA,H,76,INFLOW,20140326,0400,4399, ,CFS
SHA,H,76,INFLOW,20140326,0500,2346, ,CFS
SHA,H,76,INFLOW,20140326,0600,2474, ,CFS
SHA,H,76,INFLOW,20140326,0700,4815, ,CFS
SHA,H,76,INFLOW,20140326,0800,5289, ,CFS
SHA,H,76,INFLOW,20140326,0900,9120, ,CFS
SHA,H,76,INFLOW,20140326,1000,12832, ,CFS
SHA,H,76,INFLOW,20140326,1100,5610, ,CFS
SHA,H,76,INFLOW,20140326,1200,9750, ,CFS
SHA,H,76,INFLOW,20140326,1300,4873, ,CFS
SHA,H,76,INFLOW,20140326,1400,8763, ,CFS
SHA,H,76,INFLOW,20140326,1500,4208, ,CFS
SHA,H,76,INFLOW,20140326,1600,4166, ,CFS
SHA,H,76,INFLOW,20140326,1700,5823, ,CFS
SHA,H,76,INFLOW,20140326,1800,1425, ,CFS
SHA,H,76,INFLOW,20140326,1900,10031, ,CFS
SHA,H,76,INFLOW,20140326,2000,13487, ,CFS
SHA,H,76,INFLOW,20140326,2100,4182, ,CFS
SHA,H,76,INFLOW,20140326,2200,7712, ,CFS
SHA,H,76,INFLOW,20140326,2300,10041, ,CFS
SHA,H,76,INFLOW,20140327,0000,5841, ,CFS
SHA,H,76,INFLOW,20140327,0100,6911, ,CFS
SHA,H,76,INFLOW,20140327,0200,2246, ,CFS
SHA,H,76,INFLOW,20140327,0300,2347, ,CFS
SHA,H,76,INFLOW,20140327,0400,2265, ,CFS
SHA,H,76,INFLOW,20140327,0500,235, ,CFS
SHA,H,76,INFLOW,20140327,0600,2568, ,CFS
SHA,H,76,INFLOW,20140327,0700,4545, ,CFS
SHA,H,76,INFLOW,20140327,0800,557, ,CFS
SHA,H,76,INFLOW,20140327,0900,9810, ,CFS
SHA,H,76,INFLOW,20140327,1000,5201, ,CFS
SHA,H,76,INFLOW,20140327,1100,7023, ,CFS
SHA,H,76,INFLOW,20140327,1200,10732, ,CFS
SHA,H,76,INFLOW,20140327,1300,2040, ,CFS
SHA,H,76,INFLOW,20140327,1400,10141, ,CFS
SHA,H,76,INFLOW,20140327,1500,1785, ,CFS
SHA,H,76,INFLOW,20140327,1600,4014, ,CFS
SHA,H,76,INFLOW,20140327,1700,3205, ,CFS
SHA,H,76,INFLOW,20140327,1800,2967, ,CFS
SHA,H,76,INFLOW,20140327,1900,9522, ,CFS
SHA,H,76,INFLOW,20140327,2000,4020, ,CFS
SHA,H,76,INFLOW,20140327,2100,9833, ,CFS
SHA,H,76,INFLOW,20140327,2200,9978, ,CFS
SHA,H,76,INFLOW,20140327,2300,3458, ,CFS
SHA,H,76,INFLOW,20140328,0000,9632, ,CFS
SHA,H,76,INFLOW,20140328,0100,4535, ,CFS
SHA,H,76,INFLOW,20140328,0200,2429, ,CFS
SHA,H,76,INFLOW,20140328,0300,4348, ,CFS
SHA,H,76,INFLOW,20140328,0400,2210, ,CFS
SHA,H,76,INFLOW,20140328,0500,2304, ,CFS
SHA,H,76,INFLOW,20140328,0600,2492, ,CFS
SHA,H,76,INFLOW,20140328,0700,4754, ,CFS
SHA,H,76,INFLOW,20140328,0800,8152, ,CFS
SHA,H,76,INFLOW,20140328,0900,11815, ,CFS
SHA,H,76,INFLOW,20140328,1000,6572, ,CFS
SHA,H,76,INFLOW,20140328,1100,11561, ,CFS
SHA,H,76,INFLOW,20140328,1200,7991, ,CFS
SHA,H,76,INFLOW,20140328,1300,4660, ,CFS
SHA,H,76,INFLOW,20140328,1400,15339, ,CFS
SHA,H,76,INFLOW,20140328,1500,6758, ,CFS
SHA,H,76,INFLOW,20140328,1600,9378, ,CFS
SHA,H,76,INFLOW,20140328,1700,14683, ,CFS
SHA,H,76,INFLOW,20140328,1800,17312, ,CFS
SHA,H,76,INFLOW,20140328,1900,17956, ,CFS
SHA,H,76,INFLOW,20140328,2000,20220, ,CFS
SHA,H,76,INFLOW,20140328,2100,26956, ,CFS
SHA,H,76,INFLOW,20140328,2200,24239, ,CFS
SHA,H,76,INFLOW,20140328,2300,27647, ,CFS
SHA,H,76,INFLOW,20140329,0000,19479, ,CFS
SHA,H,76,INFLOW,20140329,0100,32708, ,CFS
SHA,H,76,INFLOW,20140329,0200,13119, ,CFS
SHA,H,76,INFLOW,20140329,0300,21663, ,CFS
SHA,H,76,INFLOW,20140329,0400,17347, ,CFS
SHA,H,76,INFLOW,20140329,0500,28194, ,CFS
SHA,H,76,INFLOW,20140329,0600,19703, ,CFS
SHA,H,76,INFLOW,20140329,0700,22162, ,CFS
SHA,H,76,INFLOW,20140329,0800,27196, ,CFS
SHA,H,76,INFLOW,20140329,0900,29062, ,CFS
SHA,H,76,INFLOW,20140329,1000,20975, ,CFS
SHA,H,76,INFLOW,20140329,1100,26009, ,CFS
SHA,H,76,INFLOW,20140329,1200,25476, ,CFS
SHA,H,76,INFLOW,20140329,1300,22298, ,CFS
SHA,H,76,INFLOW,20140329,1400,24132, ,CFS
SHA,H,76,INFLOW,20140329,1500,21815, ,CFS
SHA,H,76,INFLOW,20140329,1600,17482, ,CFS
SHA,H,76,INFLOW,20140329,1700,21815, ,CFS
SHA,H,76,INFLOW,20140329,1800,17603, ,CFS
SHA,H,76,INFLOW,20140329,1900,21415, ,CFS
SHA,H,76,INFLOW,20140329,2000,18502, ,CFS
SHA,H,76,INFLOW,20140329,2100,21369, ,CFS
SHA,H,76,INFLOW,20140329,2200,17671, ,CFS
SHA,H,76,INFLOW,20140329,2300,19634, ,CFS
SHA,H,76,INFLOW,20140330,0000,19738, ,CFS
SHA,H,76,INFLOW,20140330,0100,17576, ,CFS
SHA,H,76,INFLOW,20140330,0200,17566, ,CFS
SHA,H,76,INFLOW,20140330,0300,10997, ,CFS
SHA,H,76,INFLOW,20140330,0400,13185, ,CFS
SHA,H,76,INFLOW,20140330,0500,10997, ,CFS
SHA,H,76,INFLOW,20140330,0600,8943, ,CFS
SHA,H,76,INFLOW,20140330,0700,10721, ,CFS
SHA,H,76,INFLOW,20140330,0800,8627, ,CFS
SHA,H,76,INFLOW,20140330,0900,15703, ,CFS
SHA,H,76,INFLOW,20140330,1000,13319, ,CFS
SHA,H,76,INFLOW,20140330,1100,16081, ,CFS
SHA,H,76,INFLOW,20140330,1200,7124, ,CFS
SHA,H,76,INFLOW,20140330,1300,11307, ,CFS
SHA,H,76,INFLOW,20140330,1400,12868, ,CFS
SHA,H,76,INFLOW,20140330,1500,11104, ,CFS
SHA,H,76,INFLOW,20140330,1600,6605, ,CFS
SHA,H,76,INFLOW,20140330,1700,13194, ,CFS
SHA,H,76,INFLOW,20140330,1800,9003, ,CFS
SHA,H,76,INFLOW,20140330,1900,13679, ,CFS
SHA,H,76,INFLOW,20140330,2000,14828, ,CFS
SHA,H,76,INFLOW,20140330,2100,14932, ,CFS
SHA,H,76,INFLOW,20140330,2200,18619, ,CFS
SHA,H,76,INFLOW,20140330,2300,13271, ,CFS
SHA,H,76,INFLOW,20140331,0000,13382, ,CFS
SHA,H,76,INFLOW,20140331,0100,15957, ,CFS
SHA,H,76,INFLOW,20140331,0200,15792, ,CFS
SHA,H,76,INFLOW,20140331,0300,11372, ,CFS
SHA,H,76,INFLOW,20140331,0400,15488, ,CFS
SHA,H,76,INFLOW,20140331,0500,8854, ,CFS
SHA,H,76,INFLOW,20140331,0600,9041, ,CFS
SHA,H,76,INFLOW,20140331,0700,16423, ,CFS
SHA,H,76,INFLOW,20140331,0800,10254, ,CFS
SHA,H,76,INFLOW,20140331,0900,14832, ,CFS
SHA,H,76,INFLOW,20140331,1000,12359, ,CFS
SHA,H,76,INFLOW,20140331,1100,14766, ,CFS
SHA,H,76,INFLOW,20140331,1200,10209, ,CFS
SHA,H,76,INFLOW,20140331,1300,17173, ,CFS
SHA,H,76,INFLOW,20140331,1400,6256, ,CFS
SHA,H,76,INFLOW,20140331,1500,17277, ,CFS
SHA,H,76,INFLOW,20140331,1600,14081, ,CFS
SHA,H,76,INFLOW,20140331,1700,13501, ,CFS
SHA,H,76,INFLOW,20140331,1800,15763, ,CFS
SHA,H,76,INFLOW,20140331,1900,17123, ,CFS
SHA,H,76,INFLOW,20140331,2000,10925, ,CFS
SHA,H,76,INFLOW,20140331,2100,10793, ,CFS
SHA,H,76,INFLOW,20140331,2200,14906, ,CFS
SHA,H,76,INFLOW,20140331,2300,14755, ,CFS
SHA,H,76,INFLOW,20140401,0000,14139, ,CFS
SHA,H,76,INFLOW,20140401,0100,8973, ,CFS
SHA,H,76,INFLOW,20140401,0200,15548, ,CFS
SHA,H,76,INFLOW,20140401,0300,13323, ,CFS
SHA,H,76,INFLOW,20140401,0400,8970, ,CFS
SHA,H,76,INFLOW,20140401,0500,11732, ,CFS
SHA,H,76,INFLOW,20140401,0600,11861, ,CFS
SHA,H,76,INFLOW,20140401,0700,8599, ,CFS
SHA,H,76,INFLOW,20140401,0800,18490, ,CFS
SHA,H,76,INFLOW,20140401,0900,9049, ,CFS
SHA,H,76,INFLOW,20140401,1000,15570, ,CFS
SHA,H,76,INFLOW,20140401,1100,17849, ,CFS
SHA,H,76,INFLOW,20140401,1200,15623, ,CFS
SHA,H,76,INFLOW,20140401,1300,13396, ,CFS
SHA,H,76,INFLOW,20140401,1400,17849, ,CFS
SHA,H,76,INFLOW,20140401,1500,13396, ,CFS
SHA,H,76,INFLOW,20140401,1600,17849, ,CFS
SHA,H,76,INFLOW,20140401,1700,15623, ,CFS
SHA,H,76,INFLOW,20140401,1800,13396, ,CFS
SHA,H,76,INFLOW,20140401,1900,15920, ,CFS
SHA,H,76,INFLOW,20140401,2000,14133, ,CFS
SHA,H,76,INFLOW,20140401,2100,14467, ,CFS
SHA,H,76,INFLOW,20140401,2200,18646, ,CFS
SHA,H,76,INFLOW,20140401,2300,12895, ,CFS
SHA,H,76,INFLOW,20140402,0000,17474, ,CFS
SHA,H,76,INFLOW,20140402,0100,15742, ,CFS
SHA,H,76,INFLOW,20140402,0200,8982, ,CFS
SHA,H,76,INFLOW,20140402,0300,11276, ,CFS
SHA,H,76,INFLOW,20140402,0400,6964, ,CFS
SHA,H,76,INFLOW,20140402,0500,4953, ,CFS
SHA,H,76,INFLOW,20140402,0600,9461, ,CFS
SHA,H,76,INFLOW,20140402,0700,5190, ,CFS
SHA,H,76,INFLOW,20140402,0800,13800, ,CFS
SHA,H,76,INFLOW,20140402,0900,13768, ,CFS
SHA,H,76,INFLOW,20140402,1000,10728, ,CFS
SHA,H,76,INFLOW,20140402,1100,10069, ,CFS
SHA,H,76,INFLOW,20140402,1200,14165, ,CFS
SHA,H,76,INFLOW,20140402,1300,11836, ,CFS
SHA,H,76,INFLOW,20140402,1400,15264, ,CFS
SHA,H,76,INFLOW,20140402,1500,9176, ,CFS
SHA,H,76,INFLOW,20140402,1600,13559, ,CFS
SHA,H,76,INFLOW,20140402,1700,12145, ,CFS
SHA,H,76,INFLOW,20140402,1800,10975, ,CFS
SHA,H,76,INFLOW,20140402,1900,12254, ,CFS
SHA,H,76,INFLOW,20140402,2000,14342, ,CFS
SHA,H,76,INFLOW,20140402,2100,10197, ,CFS
SHA,H,76,INFLOW,20140402,2200,13533, ,CFS
SHA,H,76,INFLOW,20140402,2300,11509, ,CFS
SHA,H,76,INFLOW,20140403,0000,11271, ,CFS
SHA,H,76,INFLOW,20140403,0100,9112, ,CFS
SHA,H,76,INFLOW,20140403,0200,6776, ,CFS
SHA,H,76,INFLOW,20140403,0300,9068, ,CFS
SHA,H,76,INFLOW,20140403,0400,4663, ,CFS
SHA,H,76,INFLOW,20140403,0500,4154, ,CFS
SHA,H,76,INFLOW,20140403,0600,6832, ,CFS
SHA,H,76,INFLOW,20140403,0700,10077, ,CFS
SHA,H,76,INFLOW,20140403,0800,11766, ,CFS
SHA,H,76,INFLOW,20140403,0900,10770, ,CFS
SHA,H,76,INFLOW,20140403,1000,8111, ,CFS
SHA,H,76,INFLOW,20140403,1100,12071, ,CFS
SHA,H,76,INFLOW,20140403,1200,7803, ,CFS
SHA,H,76,INFLOW,20140403,1300,7661, ,CFS
SHA,H,76,INFLOW,20140403,1400,9960, ,CFS
SHA,H,76,INFLOW,20140403,1500,7639, ,CFS
SHA,H,76,INFLOW,20140403,1600,6982, ,CFS
SHA,H,76,INFLOW,20140403,1700,6849, ,CFS
SHA,H,76,INFLOW,20140403,1800,11359, ,CFS
SHA,H,76,INFLOW,20140403,1900,9300, ,CFS
SHA,H,76,INFLOW,20140403,2000,12465, ,CFS
SHA,H,76,INFLOW,20140403,2100,10221, ,CFS
SHA,H,76,INFLOW,20140403,2200,14255, ,CFS
SHA,H,76,INFLOW,20140403,2300,11309, ,CFS
SHA,H,76,INFLOW,20140404,0000,7210, ,CFS
SHA,H,76,INFLOW,20140404,0100,11117, ,CFS
SHA,H,76,INFLOW,20140404,0200,10806, ,CFS
SHA,H,76,INFLOW,20140404,0300,6939, ,CFS
SHA,H,76,INFLOW,20140404,0400,9089, ,CFS
SHA,H,76,INFLOW,20140404,0500,4584, ,CFS
SHA,H,76,INFLOW,20140404,0600,6852, ,CFS
SHA,H,76,INFLOW,20140404,0700,4899, ,CFS
SHA,H,76,INFLOW,20140404,0800,13452, ,CFS
SHA,H,76,INFLOW,20140404,0900,8176, ,CFS
SHA,H,76,INFLOW,20140404,1000,10110, ,CFS
SHA,H,76,INFLOW,20140404,1100,7190, ,CFS
SHA,H,76,INFLOW,20140404,1200,11630, ,CFS
SHA,H,76,INFLOW,20140404,1300,9239, ,CFS
SHA,H,76,INFLOW,20140404,1400,6951, ,CFS
SHA,H,76,INFLOW,20140404,1500,11416, ,CFS
SHA,H,76,INFLOW,20140404,1600,6878, ,CFS
SHA,H,76,INFLOW,20140404,1700,9202, ,CFS
SHA,H,76,INFLOW,20140404,1800,9995, ,CFS
SHA,H,76,INFLOW,20140404,1900,12190, ,CFS
SHA,H,76,INFLOW,20140404,2000,5867, ,CFS
SHA,H,76,INFLOW,20140404,2100,12869, ,CFS
SHA,H,76,INFLOW,20140404,2200,8528, ,CFS
SHA,H,76,INFLOW,20140404,2300,12204, ,CFS
SHA,H,76,INFLOW,20140405,0000,9539, ,CFS
SHA,H,76,INFLOW,20140405,0100,10708, ,CFS
SHA,H,76,INFLOW,20140405,0200,8095, ,CFS
SHA,H,76,INFLOW,20140405,0300,10309, ,CFS
SHA,H,76,INFLOW,20140405,0400,4652, ,CFS
SHA,H,76,INFLOW,20140405,0500,2300, ,CFS
SHA,H,76,INFLOW,20140405,0600,6832, ,CFS
SHA,H,76,INFLOW,20140405,0700,4565, ,CFS
SHA,H,76,INFLOW,20140405,0800,6861, ,CFS
SHA,H,76,INFLOW,20140405,0900,6858, ,CFS
SHA,H,76,INFLOW,20140405,1000,9101, ,CFS
SHA,H,76,INFLOW,20140405,1100,9093, ,CFS
SHA,H,76,INFLOW,20140405,1200,6828, ,CFS
SHA,H,76,INFLOW,20140405,1300,11358, ,CFS
SHA,H,76,INFLOW,20140405,1400,9142, ,CFS
SHA,H,76,INFLOW,20140405,1500,7183, ,CFS
SHA,H,76,INFLOW,20140405,1600,9559, ,CFS
SHA,H,76,INFLOW,20140405,1700,5201, ,CFS
SHA,H,76,INFLOW,20140405,1800,7095, ,CFS
SHA,H,76,INFLOW,20140405,1900,4762, ,CFS
SHA,H,76,INFLOW,20140405,2000,6934, ,CFS
SHA,H,76,INFLOW,20140405,2100,9119, ,CFS
SHA,H,76,INFLOW,20140405,2200,11559, ,CFS
SHA,H,76,INFLOW,20140405,2300,6877, ,CFS
SHA,H,76,INFLOW,20140406,0000,13808, ,CFS
SHA,H,76,INFLOW,20140406,0100,10601, ,CFS
SHA,H,76,INFLOW,20140406,0200,8386, ,CFS
SHA,H,76,INFLOW,20140406,0300,3593, ,CFS
SHA,H,76,INFLOW,20140406,0400,8072, ,CFS
SHA,H,76,INFLOW,20140406,0500,2416, ,CFS
SHA,H,76,INFLOW,20140406,0600,4612, ,CFS
SHA,H,76,INFLOW,20140406,0700,4617, ,CFS
SHA,H,76,INFLOW,20140406,0800,2487, ,CFS
SHA,H,76,INFLOW,20140406,0900,7149, ,CFS
SHA,H,76,INFLOW,20140406,1000,6945, ,CFS
SHA,H,76,INFLOW,20140406,1100,6943, ,CFS
SHA,H,76,INFLOW,20140406,1200,4665, ,CFS
SHA,H,76,INFLOW,20140406,1300,9221, ,CFS
SHA,H,76,INFLOW,20140406,1400,9221, ,CFS
SHA,H,76,INFLOW,20140406,1500,4665, ,CFS
SHA,H,76,INFLOW,20140406,1600,6943, ,CFS
SHA,H,76,INFLOW,20140406,1700,9309, ,CFS
SHA,H,76,INFLOW,20140406,1800,3877, ,CFS
SHA,H,76,INFLOW,20140406,1900,13039, ,CFS
SHA,H,76,INFLOW,20140406,2000,8682, ,CFS
SHA,H,76,INFLOW,20140406,2100,12208, ,CFS
SHA,H,76,INFLOW,20140406,2200,12165, ,CFS
SHA,H,76,INFLOW,20140406,2300,6591, ,CFS
SHA,H,76,INFLOW,20140407,0000,11009, ,CFS
SHA,H,76,INFLOW,20140407,0100,5952, ,CFS
SHA,H,76,INFLOW,20140407,0200,8113, ,CFS
SHA,H,76,INFLOW,20140407,0300,3283, ,CFS
SHA,H,76,INFLOW,20140407,0400,7856, ,CFS
SHA,H,76,INFLOW,20140407,0500,5815, ,CFS
SHA,H,76,INFLOW,20140407,0600,4817, ,CFS
SHA,H,76,INFLOW,20140407,0700,4821, ,CFS
SHA,H,76,INFLOW,20140407,0800,2230, ,CFS
SHA,H,76,INFLOW,20140407,0900,10191, ,CFS
SHA,H,76,INFLOW,20140407,1000,9349, ,CFS
SHA,H,76,INFLOW,20140407,1100,4724, ,CFS
SHA,H,76,INFLOW,20140407,1200,6992, ,CFS
SHA,H,76,INFLOW,20140407,1300,9276, ,CFS
SHA,H,76,INFLOW,20140407,1400,7337, ,CFS
SHA,H,76,INFLOW,20140407,1500,13879, ,CFS
SHA,H,76,INFLOW,20140407,1600,6982, ,CFS
SHA,H,76,INFLOW,20140407,1700,7033, ,CFS
SHA,H,76,INFLOW,20140407,1800,11580, ,CFS
SHA,H,76,INFLOW,20140407,1900,5040, ,CFS
SHA,H,76,INFLOW,20140407,2000,13155, ,CFS
SHA,H,76,INFLOW,20140407,2100,6440, ,CFS
SHA,H,76,INFLOW,20140407,2200,13526, ,CFS
SHA,H,76,INFLOW,20140407,2300,9716, ,CFS
SHA,H,76,INFLOW,20140408,0000,9273, ,CFS
SHA,H,76,INFLOW,20140408,0100,4691, ,CFS
SHA,H,76,INFLOW,20140408,0200,6996, ,CFS
SHA,H,76,INFLOW,20140408,0300,6990, ,CFS
SHA,H,76,INFLOW,20140408,0400,2416, ,CFS
SHA,H,76,INFLOW,20140408,0500,4712, ,CFS
SHA,H,76,INFLOW,20140408,0600,2428, ,CFS
SHA,H,76,INFLOW,20140408,0700,2412, ,CFS
SHA,H,76,INFLOW,20140408,0800,4691, ,CFS
SHA,H,76,INFLOW,20140408,0900,9273, ,CFS
SHA,H,76,INFLOW,20140408,1000,9273, ,CFS
SHA,H,76,INFLOW,20140408,1100,7010, ,CFS
SHA,H,76,INFLOW,20140408,1200,11593, ,CFS
SHA,H,76,INFLOW,20140408,1300,7010, ,CFS
SHA,H,76,INFLOW,20140408,1400,7037, ,CFS
SHA,H,76,INFLOW,20140408,1500,9356, ,CFS
SHA,H,76,INFLOW,20140408,1600,7051, ,CFS
SHA,H,76,INFLOW,20140408,1700,9356, ,CFS
SHA,H,76,INFLOW,20140408,1800,11660, ,CFS
SHA,H,76,INFLOW,20140408,1900,7394, ,CFS
SHA,H,76,INFLOW,20140408,2000,10897, ,CFS
SHA,H,76,INFLOW,20140408,2100,8562, ,CFS
SHA,H,76,INFLOW,20140408,2200,8418, ,CFS
SHA,H,76,INFLOW,20140408,2300,8143, ,CFS
SHA,H,76,INFLOW,20140409,0000,7132, ,CFS
SHA,H,76,INFLOW,20140409,0100,14784, ,CFS
SHA,H,76,INFLOW,20140409,0200,3145, ,CFS
SHA,H,76,INFLOW,20140409,0300,8023, ,CFS
SHA,H,76,INFLOW,20140409,0400,7714, ,CFS
SHA,H,76,INFLOW,20140409,0500,2660, ,CFS
SHA,H,76,INFLOW,20140409,0600,7332, ,CFS
SHA,H,76,INFLOW,20140409,0700,7138, ,CFS
SHA,H,76,INFLOW,20140409,0800,2467, ,CFS
SHA,H,76,INFLOW,20140409,0900,7117, ,CFS
SHA,H,76,INFLOW,20140409,1000,10571, ,CFS
SHA,H,76,INFLOW,20140409,1100,6411, ,CFS
SHA,H,76,INFLOW,20140409,1200,9176, ,CFS
SHA,H,76,INFLOW,20140409,1300,11878, ,CFS
SHA,H,76,INFLOW,20140409,1400,5641, ,CFS
SHA,H,76,INFLOW,20140409,1500,7093, ,CFS
SHA,H,76,INFLOW,20140409,1600,9356, ,CFS
SHA,H,76,INFLOW,20140409,1700,7051, ,CFS
SHA,H,76,INFLOW,20140409,1800,11660, ,CFS
SHA,H,76,INFLOW,20140409,1900,7226, ,CFS
SHA,H,76,INFLOW,20140409,2000,10126, ,CFS
SHA,H,76,INFLOW,20140409,2100,10109, ,CFS
SHA,H,76,INFLOW,20140409,2200,9522, ,CFS
SHA,H,76,INFLOW,20140409,2300,7089, ,CFS
SHA,H,76,INFLOW,20140410,0000,7119, ,CFS
SHA,H,76,INFLOW,20140410,0100,7723, ,CFS
SHA,H,76,INFLOW,20140410,0200,7394, ,CFS
SHA,H,76,INFLOW,20140410,0300,4787, ,CFS
SHA,H,76,INFLOW,20140410,0400,4772, ,CFS
SHA,H,76,INFLOW,20140410,0500,152, ,CFS
SHA,H,76,INFLOW,20140410,0600,5080, ,CFS
SHA,H,76,INFLOW,20140410,0700,2496, ,CFS
SHA,H,76,INFLOW,20140410,0800,11726, ,CFS
SHA,H,76,INFLOW,20140410,0900,4772, ,CFS
SHA,H,76,INFLOW,20140410,1000,7089, ,CFS
SHA,H,76,INFLOW,20140410,1100,4772, ,CFS
SHA,H,76,INFLOW,20140410,1200,7084, ,CFS
SHA,H,76,INFLOW,20140410,1300,4767, ,CFS
SHA,H,76,INFLOW,20140410,1400,4993, ,CFS
SHA,H,76,INFLOW,20140410,1500,8671, ,CFS
SHA,H,76,INFLOW,20140410,1600,6376, ,CFS
SHA,H,76,INFLOW,20140410,1700,8552, ,CFS
SHA,H,76,INFLOW,20140410,1800,8836, ,CFS
SHA,H,76,INFLOW,20140410,1900,9578, ,CFS
SHA,H,76,INFLOW,20140410,2000,7365, ,CFS
SHA,H,76,INFLOW,20140410,2100,11536, ,CFS
SHA,H,76,INFLOW,20140410,2200,3070, ,CFS
SHA,H,76,INFLOW,20140410,2300,12545, ,CFS
SHA,H,76,INFLOW,20140411,0000,7176, ,CFS
SHA,H,76,INFLOW,20140411,0100,9699, ,CFS
SHA,H,76,INFLOW,20140411,0200,7593, ,CFS
SHA,H,76,INFLOW,20140411,0300,9394, ,CFS
SHA,H,76,INFLOW,20140411,0400,2592, ,CFS
SHA,H,76,INFLOW,20140411,0500,7028, ,CFS
SHA,H,76,INFLOW,20140411,0600,421, ,CFS
SHA,H,76,INFLOW,20140411,0700,1208, ,CFS
SHA,H,76,INFLOW,20140411,0800,2500, ,CFS
SHA,H,76,INFLOW,20140411,0900,9402, ,CFS
SHA,H,76,INFLOW,20140411,1000,7084, ,CFS
SHA,H,76,INFLOW,20140411,1100,7084, ,CFS
SHA,H,76,INFLOW,20140411,1200,9402, ,CFS
SHA,H,76,INFLOW,20140411,1300,4767, ,CFS
SHA,H,76,INFLOW,20140411,1400,7084, ,CFS
SHA,H,76,INFLOW,20140411,1500,9402, ,CFS
SHA,H,76,INFLOW,20140411,1600,7102, ,CFS
SHA,H,76,INFLOW,20140411,1700,7299, ,CFS
SHA,H,76,INFLOW,20140411,1800,10311, ,CFS
SHA,H,76,INFLOW,20140411,1900,3656, ,CFS
SHA,H,76,INFLOW,20140411,2000,9654, ,CFS
SHA,H,76,INFLOW,20140411,2100,9673, ,CFS
SHA,H,76,INFLOW,20140411,2200,5544, ,CFS
SHA,H,76,INFLOW,20140411,2300,10211, ,CFS
SHA,H,76,INFLOW,20140412,0000,7550, ,CFS
SHA,H,76,INFLOW,20140412,0100,4786, ,CFS
SHA,H,76,INFLOW,20140412,0200,7282, ,CFS
SHA,H,76,INFLOW,20140412,0300,2471, ,CFS
SHA,H,76,INFLOW,20140412,0400,294, ,CFS
SHA,H,76,INFLOW,20140412,0500,2717, ,CFS
SHA,H,76,INFLOW,20140412,0600,2681, ,CFS
SHA,H,76,INFLOW,20140412,0700,2602, ,CFS
SHA,H,76,INFLOW,20140412,0800,4811, ,CFS
SHA,H,76,INFLOW,20140412,0900,149, ,CFS
SHA,H,76,INFLOW,20140412,1000,2480, ,CFS
SHA,H,76,INFLOW,20140412,1100,4772, ,CFS
SHA,H,76,INFLOW,20140412,1200,2441, ,CFS
SHA,H,76,INFLOW,20140412,1300,4772, ,CFS
SHA,H,76,INFLOW,20140412,1400,4772, ,CFS
SHA,H,76,INFLOW,20140412,1500,4772, ,CFS
SHA,H,76,INFLOW,20140412,1600,4772, ,CFS
SHA,H,76,INFLOW,20140412,1700,4889, ,CFS
SHA,H,76,INFLOW,20140412,1800,11473, ,CFS
SHA,H,76,INFLOW,20140412,1900,6413, ,CFS
SHA,H,76,INFLOW,20140412,2000,7046, ,CFS
SHA,H,76,INFLOW,20140412,2100,11470, ,CFS
SHA,H,76,INFLOW,20140412,2200,11670, ,CFS
SHA,H,76,INFLOW,20140412,2300,5044, ,CFS
SHA,H,76,INFLOW,20140413,0000,11873, ,CFS
SHA,H,76,INFLOW,20140413,0100,6161, ,CFS
SHA,H,76,INFLOW,20140413,0200,8537, ,CFS
SHA,H,76,INFLOW,20140413,0300,3877, ,CFS
SHA,H,76,INFLOW,20140413,0400,4015, ,CFS
SHA,H,76,INFLOW,20140413,0500,3958, ,CFS
SHA,H,76,INFLOW,20140413,0600,2169, ,CFS
SHA,H,76,INFLOW,20140413,0700,4283, ,CFS
SHA,H,76,INFLOW,20140413,0800,3444, ,CFS
SHA,H,76,INFLOW,20140413,0900,-693, ,CFS
SHA,H,76,INFLOW,20140413,1000,6403, ,CFS
SHA,H,76,INFLOW,20140413,1100,1815, ,CFS
SHA,H,76,INFLOW,20140413,1200,1929, ,CFS
SHA,H,76,INFLOW,20140413,1300,7042, ,CFS
SHA,H,76,INFLOW,20140413,1400,4723, ,CFS
SHA,H,76,INFLOW,20140413,1500,6496, ,CFS
SHA,H,76,INFLOW,20140413,1600,4157, ,CFS
SHA,H,76,INFLOW,20140413,1700,8989, ,CFS
SHA,H,76,INFLOW,20140413,1800,10183, ,CFS
SHA,H,76,INFLOW,20140413,1900,6186, ,CFS
SHA,H,76,INFLOW,20140413,2000,8969, ,CFS
SHA,H,76,INFLOW,20140413,2100,6236, ,CFS
SHA,H,76,INFLOW,20140413,2200,7497, ,CFS
SHA,H,76,INFLOW,20140413,2300,9159, ,CFS
SHA,H,76,INFLOW,20140414,0000,6805, ,CFS
SHA,H,76,INFLOW,20140414,0100,9588, ,CFS
SHA,H,76,INFLOW,20140414,0200,4861, ,CFS
SHA,H,76,INFLOW,20140414,0300,2504, ,CFS
SHA,H,76,INFLOW,20140414,0400,4835, ,CFS
SHA,H,76,INFLOW,20140414,0500,173, ,CFS
SHA,H,76,INFLOW,20140414,0600,2504, ,CFS
SHA,H,76,INFLOW,20140414,0700,2504, ,CFS
SHA,H,76,INFLOW,20140414,0800,173, ,CFS
SHA,H,76,INFLOW,20140414,0900,9496, ,CFS
SHA,H,76,INFLOW,20140414,1000,4835, ,CFS
SHA,H,76,INFLOW,20140414,1100,7302, ,CFS
SHA,H,76,INFLOW,20140414,1200,7005, ,CFS
SHA,H,76,INFLOW,20140414,1300,5333, ,CFS
SHA,H,76,INFLOW,20140414,1400,7704, ,CFS
SHA,H,76,INFLOW,20140414,1500,7804, ,CFS
SHA,H,76,INFLOW,20140414,1600,7238, ,CFS
SHA,H,76,INFLOW,20140414,1700,7264, ,CFS
SHA,H,76,INFLOW,20140414,1800,9760, ,CFS
SHA,H,76,INFLOW,20140414,1900,5031, ,CFS
SHA,H,76,INFLOW,20140414,2000,7652, ,CFS
SHA,H,76,INFLOW,20140414,2100,7627, ,CFS
SHA,H,76,INFLOW,20140414,2200,9419, ,CFS
SHA,H,76,INFLOW,20140414,2300,8470, ,CFS
SHA,H,76,INFLOW,20140415,0000,7191, ,CFS
SHA,H,76,INFLOW,20140415,0100,4972, ,CFS
SHA,H,76,INFLOW,20140415,0200,4856, ,CFS
SHA,H,76,INFLOW,20140415,0300,170, ,CFS
SHA,H,76,INFLOW,20140415,0400,2521, ,CFS
SHA,H,76,INFLOW,20140415,0500,2514, ,CFS
SHA,H,76,INFLOW,20140415,0600,5038, ,CFS
SHA,H,76,INFLOW,20140415,0700,-2555, ,CFS
SHA,H,76,INFLOW,20140415,0800,5044, ,CFS
SHA,H,76,INFLOW,20140415,0900,9414, ,CFS
SHA,H,76,INFLOW,20140415,1000,2638, ,CFS
SHA,H,76,INFLOW,20140415,1100,4650, ,CFS
SHA,H,76,INFLOW,20140415,1200,8791, ,CFS
SHA,H,76,INFLOW,20140415,1300,6589, ,CFS
SHA,H,76,INFLOW,20140415,1400,7025, ,CFS
SHA,H,76,INFLOW,20140415,1500,7034, ,CFS
SHA,H,76,INFLOW,20140415,1600,4188, ,CFS
SHA,H,76,INFLOW,20140415,1700,9165, ,CFS
SHA,H,76,INFLOW,20140415,1800,4000, ,CFS
SHA,H,76,INFLOW,20140415,1900,9198, ,CFS
SHA,H,76,INFLOW,20140415,2000,6062, ,CFS
SHA,H,76,INFLOW,20140415,2100,6245, ,CFS
SHA,H,76,INFLOW,20140415,2200,9729, ,CFS
SHA,H,76,INFLOW,20140415,2300,5481, ,CFS
SHA,H,76,INFLOW,20140416,0000,7228, ,CFS
SHA,H,76,INFLOW,20140416,0100,2517, ,CFS
SHA,H,76,INFLOW,20140416,0200,4861, ,CFS
SHA,H,76,INFLOW,20140416,0300,2517, ,CFS
SHA,H,76,INFLOW,20140416,0400,2517, ,CFS
SHA,H,76,INFLOW,20140416,0500,2517, ,CFS
SHA,H,76,INFLOW,20140416,0600,2641, ,CFS
SHA,H,76,INFLOW,20140416,0700,-192, ,CFS
SHA,H,76,INFLOW,20140416,0800,2600, ,CFS
SHA,H,76,INFLOW,20140416,0900,2864, ,CFS
SHA,H,76,INFLOW,20140416,1000,5150, ,CFS
SHA,H,76,INFLOW,20140416,1100,6736, ,CFS
SHA,H,76,INFLOW,20140416,1200,2428, ,CFS
SHA,H,76,INFLOW,20140416,1300,4919, ,CFS
SHA,H,76,INFLOW,20140416,1400,4874, ,CFS
SHA,H,76,INFLOW,20140416,1500,7852, ,CFS
SHA,H,76,INFLOW,20140416,1600,3774, ,CFS
SHA,H,76,INFLOW,20140416,1700,5977, ,CFS
SHA,H,76,INFLOW,20140416,1800,8105, ,CFS
SHA,H,76,INFLOW,20140416,1900,7238, ,CFS
SHA,H,76,INFLOW,20140416,2000,8250, ,CFS
SHA,H,76,INFLOW,20140416,2100,8315, ,CFS
SHA,H,76,INFLOW,20140416,2200,6805, ,CFS
SHA,H,76,INFLOW,20140416,2300,7427, ,CFS
SHA,H,76,INFLOW,20140417,0000,4855, ,CFS
SHA,H,76,INFLOW,20140417,0100,4855, ,CFS
SHA,H,76,INFLOW,20140417,0200,7200, ,CFS
SHA,H,76,INFLOW,20140417,0300,2512, ,CFS
SHA,H,76,INFLOW,20140417,0400,2512, ,CFS
SHA,H,76,INFLOW,20140417,0500,4856, ,CFS
SHA,H,76,INFLOW,20140417,0600,-2072, ,CFS
SHA,H,76,INFLOW,20140417,0700,1829, ,CFS
SHA,H,76,INFLOW,20140417,0800,1884, ,CFS
SHA,H,76,INFLOW,20140417,0900,4451, ,CFS
SHA,H,76,INFLOW,20140417,1000,4376, ,CFS
SHA,H,76,INFLOW,20140417,1100,4271, ,CFS
SHA,H,76,INFLOW,20140417,1200,6654, ,CFS
SHA,H,76,INFLOW,20140417,1300,7009, ,CFS
SHA,H,76,INFLOW,20140417,1400,1181, ,CFS
SHA,H,76,INFLOW,20140417,1500,7744, ,CFS
SHA,H,76,INFLOW,20140417,1600,1682, ,CFS
SHA,H,76,INFLOW,20140417,1700,11311, ,CFS
SHA,H,76,INFLOW,20140417,1800,8856, ,CFS
SHA,H,76,INFLOW,20140417,1900,4970, ,CFS
SHA,H,76,INFLOW,20140417,2000,14390, ,CFS
SHA,H,76,INFLOW,20140417,2100,2656, ,CFS
SHA,H,76,INFLOW,20140417,2200,5762, ,CFS
SHA,H,76,INFLOW,20140417,2300,11922, ,CFS
SHA,H,76,INFLOW,20140418,0000,4977, ,CFS
SHA,H,76,INFLOW,20140418,0100,7200, ,CFS
SHA,H,76,INFLOW,20140418,0200,4856, ,CFS
SHA,H,76,INFLOW,20140418,0300,2512, ,CFS
SHA,H,76,INFLOW,20140418,0400,4883, ,CFS
SHA,H,76,INFLOW,20140418,0500,2525, ,CFS
SHA,H,76,INFLOW,20140418,0600,335, ,CFS
SHA,H,76,INFLOW,20140418,0700,5595, ,CFS
SHA,H,76,INFLOW,20140418,0800,1824, ,CFS
SHA,H,76,INFLOW,20140418,0900,8318, ,CFS
SHA,H,76,INFLOW,20140418,1000,3218, ,CFS
SHA,H,76,INFLOW,20140418,1100,896, ,CFS
SHA,H,76,INFLOW,20140418,1200,4381, ,CFS
SHA,H,76,INFLOW,20140418,1300,3948, ,CFS
SHA,H,76,INFLOW,20140418,1400,4244, ,CFS
SHA,H,76,INFLOW,20140418,1500,5759, ,CFS
SHA,H,76,INFLOW,20140418,1600,3498, ,CFS
SHA,H,76,INFLOW,20140418,1700,4092, ,CFS
SHA,H,76,INFLOW,20140418,1800,6440, ,CFS
SHA,H,76,INFLOW,20140418,1900,6457, ,CFS
SHA,H,76,INFLOW,20140418,2000,6430, ,CFS
SHA,H,76,INFLOW,20140418,2100,11179, ,CFS
SHA,H,76,INFLOW,20140418,2200,8711, ,CFS
SHA,H,76,INFLOW,20140418,2300,6779, ,CFS
SHA,H,76,INFLOW,20140419,0000,5093, ,CFS
SHA,H,76,INFLOW,20140419,0100,4871, ,CFS
SHA,H,76,INFLOW,20140419,0200,156, ,CFS
SHA,H,76,INFLOW,20140419,0300,4871, ,CFS
SHA,H,76,INFLOW,20140419,0400,2513, ,CFS
SHA,H,76,INFLOW,20140419,0500,2513, ,CFS
SHA,H,76,INFLOW,20140419,0600,2663, ,CFS
SHA,H,76,INFLOW,20140419,0700,563, ,CFS
SHA,H,76,INFLOW,20140419,0800,-1266, ,CFS
SHA,H,76,INFLOW,20140419,0900,5925, ,CFS
SHA,H,76,INFLOW,20140419,1000,949, ,CFS
SHA,H,76,INFLOW,20140419,1100,3275, ,CFS
SHA,H,76,INFLOW,20140419,1200,6037, ,CFS
SHA,H,76,INFLOW,20140419,1300,1468, ,CFS
SHA,H,76,INFLOW,20140419,1400,4139, ,CFS
SHA,H,76,INFLOW,20140419,1500,5506, ,CFS
SHA,H,76,INFLOW,20140419,1600,4576, ,CFS
SHA,H,76,INFLOW,20140419,1700,6068, ,CFS
SHA,H,76,INFLOW,20140419,1800,3629, ,CFS
SHA,H,76,INFLOW,20140419,1900,9051, ,CFS
SHA,H,76,INFLOW,20140419,2000,6663, ,CFS
SHA,H,76,INFLOW,20140419,2100,8826, ,CFS
SHA,H,76,INFLOW,20140419,2200,6397, ,CFS
SHA,H,76,INFLOW,20140419,2300,6749, ,CFS
SHA,H,76,INFLOW,20140420,0000,7639, ,CFS
SHA,H,76,INFLOW,20140420,0100,6740, ,CFS
SHA,H,76,INFLOW,20140420,0200,6439, ,CFS
SHA,H,76,INFLOW,20140420,0300,4118, ,CFS
SHA,H,76,INFLOW,20140420,0400,1624, ,CFS
SHA,H,76,INFLOW,20140420,0500,1684, ,CFS
SHA,H,76,INFLOW,20140420,0600,4149, ,CFS
SHA,H,76,INFLOW,20140420,0700,2832, ,CFS
SHA,H,76,INFLOW,20140420,0800,1012, ,CFS
SHA,H,76,INFLOW,20140420,0900,2032, ,CFS
SHA,H,76,INFLOW,20140420,1000,2996, ,CFS
SHA,H,76,INFLOW,20140420,1100,-1583, ,CFS
SHA,H,76,INFLOW,20140420,1200,2447, ,CFS
SHA,H,76,INFLOW,20140420,1300,567, ,CFS
SHA,H,76,INFLOW,20140420,1400,3067, ,CFS
SHA,H,76,INFLOW,20140420,1500,5052, ,CFS
SHA,H,76,INFLOW,20140420,1600,3314, ,CFS
SHA,H,76,INFLOW,20140420,1700,6326, ,CFS
SHA,H,76,INFLOW,20140420,1800,3657, ,CFS
SHA,H,76,INFLOW,20140420,1900,8880, ,CFS
SHA,H,76,INFLOW,20140420,2000,6458, ,CFS
SHA,H,76,INFLOW,20140420,2100,8799, ,CFS
SHA,H,76,INFLOW,20140420,2200,6300, ,CFS
SHA,H,76,INFLOW,20140420,2300,8653, ,CFS
SHA,H,76,INFLOW,20140421,0000,7468, ,CFS
SHA,H,76,INFLOW,20140421,0100,6407, ,CFS
SHA,H,76,INFLOW,20140421,0200,1708, ,CFS
SHA,H,76,INFLOW,20140421,0300,3885, ,CFS
SHA,H,76,INFLOW,20140421,0400,4026, ,CFS
SHA,H,76,INFLOW,20140421,0500,1754, ,CFS
SHA,H,76,INFLOW,20140421,0600,1587, ,CFS
SHA,H,76,INFLOW,20140421,0700,1434, ,CFS
SHA,H,76,INFLOW,20140421,0800,-2189, ,CFS
SHA,H,76,INFLOW,20140421,0900,11981, ,CFS
SHA,H,76,INFLOW,20140421,1000,422, ,CFS
SHA,H,76,INFLOW,20140421,1100,11635, ,CFS
SHA,H,76,INFLOW,20140421,1200,13689, ,CFS
SHA,H,76,INFLOW,20140421,1300,-2299, ,CFS
SHA,H,76,INFLOW,20140421,1400,10214, ,CFS
SHA,H,76,INFLOW,20140421,1500,4091, ,CFS
SHA,H,76,INFLOW,20140421,1600,9696, ,CFS
SHA,H,76,INFLOW,20140421,1700,10070, ,CFS
SHA,H,76,INFLOW,20140421,1800,1663, ,CFS
SHA,H,76,INFLOW,20140421,1900,12136, ,CFS
SHA,H,76,INFLOW,20140421,2000,6425, ,CFS
SHA,H,76,INFLOW,20140421,2100,6405, ,CFS
SHA,H,76,INFLOW,20140421,2200,7013, ,CFS
SHA,H,76,INFLOW,20140421,2300,1586, ,CFS
SHA,H,76,INFLOW,20140422,0000,9763, ,CFS
SHA,H,76,INFLOW,20140422,0100,-2219, ,CFS
SHA,H,76,INFLOW,20140422,0200,16641, ,CFS
SHA,H,76,INFLOW,20140422,0300,-2219, ,CFS
SHA,H,76,INFLOW,20140422,0400,2496, ,CFS
SHA,H,76,INFLOW,20140422,0500,2496, ,CFS
SHA,H,76,INFLOW,20140422,0600,-2077, ,CFS
SHA,H,76,INFLOW,20140422,0700,5162, ,CFS
SHA,H,76,INFLOW,20140422,0800,879, ,CFS
SHA,H,76,INFLOW,20140422,0900,5706, ,CFS
SHA,H,76,INFLOW,20140422,1000,8125, ,CFS
SHA,H,76,INFLOW,20140422,1100,2655, ,CFS
SHA,H,76,INFLOW,20140422,1200,4687, ,CFS
SHA,H,76,INFLOW,20140422,1300,4614, ,CFS
SHA,H,76,INFLOW,20140422,1400,-2199, ,CFS
SHA,H,76,INFLOW,20140422,1500,7497, ,CFS
SHA,H,76,INFLOW,20140422,1600,-649, ,CFS
SHA,H,76,INFLOW,20140422,1700,-1228, ,CFS
SHA,H,76,INFLOW,20140422,1800,3758, ,CFS
SHA,H,76,INFLOW,20140422,1900,-236, ,CFS
SHA,H,76,INFLOW,20140422,2000,8556, ,CFS
SHA,H,76,INFLOW,20140422,2100,8767, ,CFS
SHA,H,76,INFLOW,20140422,2200,4112, ,CFS
SHA,H,76,INFLOW,20140422,2300,11022, ,CFS
SHA,H,76,INFLOW,20140423,0000,1538, ,CFS
SHA,H,76,INFLOW,20140423,0100,3086, ,CFS
SHA,H,76,INFLOW,20140423,0200,2709, ,CFS
SHA,H,76,INFLOW,20140423,0300,80, ,CFS
SHA,H,76,INFLOW,20140423,0400,4773, ,CFS
SHA,H,76,INFLOW,20140423,0500,177, ,CFS
SHA,H,76,INFLOW,20140423,0600,2361, ,CFS
SHA,H,76,INFLOW,20140423,0700,4718, ,CFS
SHA,H,76,INFLOW,20140423,0800,-2776, ,CFS
SHA,H,76,INFLOW,20140423,0900,3868, ,CFS
SHA,H,76,INFLOW,20140423,1000,350, ,CFS
SHA,H,76,INFLOW,20140423,1100,-2405, ,CFS
SHA,H,76,INFLOW,20140423,1200,4483, ,CFS
SHA,H,76,INFLOW,20140423,1300,-309, ,CFS
SHA,H,76,INFLOW,20140423,1400,7575, ,CFS
SHA,H,76,INFLOW,20140423,1500,4775, ,CFS
SHA,H,76,INFLOW,20140423,1600,7996, ,CFS
SHA,H,76,INFLOW,20140423,1700,5758, ,CFS
SHA,H,76,INFLOW,20140423,1800,5225, ,CFS
SHA,H,76,INFLOW,20140423,1900,8657, ,CFS
SHA,H,76,INFLOW,20140423,2000,4151, ,CFS
SHA,H,76,INFLOW,20140423,2100,8826, ,CFS
SHA,H,76,INFLOW,20140423,2200,6146, ,CFS
SHA,H,76,INFLOW,20140423,2300,4967, ,CFS
SHA,H,76,INFLOW,20140424,0000,7012, ,CFS
SHA,H,76,INFLOW,20140424,0100,2661, ,CFS
SHA,H,76,INFLOW,20140424,0200,2555, ,CFS
SHA,H,76,INFLOW,20140424,0300,-2159, ,CFS
SHA,H,76,INFLOW,20140424,0400,2557, ,CFS
SHA,H,76,INFLOW,20140424,0500,4919, ,CFS
SHA,H,76,INFLOW,20140424,0600,-1672, ,CFS
SHA,H,76,INFLOW,20140424,0700,4527, ,CFS
SHA,H,76,INFLOW,20140424,0800,129, ,CFS
SHA,H,76,INFLOW,20140424,0900,3009, ,CFS
SHA,H,76,INFLOW,20140424,1000,2789, ,CFS
SHA,H,76,INFLOW,20140424,1100,-2092, ,CFS
SHA,H,76,INFLOW,20140424,1200,4994, ,CFS
SHA,H,76,INFLOW,20140424,1300,3297, ,CFS
SHA,H,76,INFLOW,20140424,1400,3289, ,CFS
SHA,H,76,INFLOW,20140424,1500,10324, ,CFS
SHA,H,76,INFLOW,20140424,1600,7997, ,CFS
SHA,H,76,INFLOW,20140424,1700,2624, ,CFS
SHA,H,76,INFLOW,20140424,1800,15770, ,CFS
SHA,H,76,INFLOW,20140424,1900,1646, ,CFS
SHA,H,76,INFLOW,20140424,2000,11114, ,CFS
SHA,H,76,INFLOW,20140424,2100,6366, ,CFS
SHA,H,76,INFLOW,20140424,2200,6193, ,CFS
SHA,H,76,INFLOW,20140424,2300,4910, ,CFS
SHA,H,76,INFLOW,20140425,0000,3749, ,CFS
SHA,H,76,INFLOW,20140425,0100,3776, ,CFS
SHA,H,76,INFLOW,20140425,0200,1005, ,CFS
SHA,H,76,INFLOW,20140425,0300,1014, ,CFS
SHA,H,76,INFLOW,20140425,0400,1215, ,CFS
SHA,H,76,INFLOW,20140425,0500,1381, ,CFS
SHA,H,76,INFLOW,20140425,0600,4227, ,CFS
SHA,H,76,INFLOW,20140425,0700,2067, ,CFS
SHA,H,76,INFLOW,20140425,0800,521, ,CFS
SHA,H,76,INFLOW,20140425,0900,9783, ,CFS
SHA,H,76,INFLOW,20140425,1000,5149, ,CFS
SHA,H,76,INFLOW,20140425,1100,5005, ,CFS
SHA,H,76,INFLOW,20140425,1200,7363, ,CFS
SHA,H,76,INFLOW,20140425,1300,3276, ,CFS
SHA,H,76,INFLOW,20140425,1400,4233, ,CFS
SHA,H,76,INFLOW,20140425,1500,6591, ,CFS
SHA,H,76,INFLOW,20140425,1600,1181, ,CFS
SHA,H,76,INFLOW,20140425,1700,1396, ,CFS
SHA,H,76,INFLOW,20140425,1800,11687, ,CFS
SHA,H,76,INFLOW,20140425,1900,3145, ,CFS
SHA,H,76,INFLOW,20140425,2000,6310, ,CFS
SHA,H,76,INFLOW,20140425,2100,6397, ,CFS
SHA,H,76,INFLOW,20140425,2200,8834, ,CFS
SHA,H,76,INFLOW,20140425,2300,5047, ,CFS
SHA,H,76,INFLOW,20140426,0000,6856, ,CFS
SHA,H,76,INFLOW,20140426,0100,149, ,CFS
SHA,H,76,INFLOW,20140426,0200,2405, ,CFS
SHA,H,76,INFLOW,20140426,0300,2405, ,CFS
SHA,H,76,INFLOW,20140426,0400,2405, ,CFS
SHA,H,76,INFLOW,20140426,0500,2405, ,CFS
SHA,H,76,INFLOW,20140426,0600,214, ,CFS
SHA,H,76,INFLOW,20140426,0700,7783, ,CFS
SHA,H,76,INFLOW,20140426,0800,-2134, ,CFS
SHA,H,76,INFLOW,20140426,0900,3273, ,CFS
SHA,H,76,INFLOW,20140426,1000,-169, ,CFS
SHA,H,76,INFLOW,20140426,1100,-283, ,CFS
SHA,H,76,INFLOW,20140426,1200,5743, ,CFS
SHA,H,76,INFLOW,20140426,1300,88, ,CFS
SHA,H,76,INFLOW,20140426,1400,8376, ,CFS
SHA,H,76,INFLOW,20140426,1500,4869, ,CFS
SHA,H,76,INFLOW,20140426,1600,-941, ,CFS
SHA,H,76,INFLOW,20140426,1700,2737, ,CFS
SHA,H,76,INFLOW,20140426,1800,6173, ,CFS
SHA,H,76,INFLOW,20140426,1900,-504, ,CFS
SHA,H,76,INFLOW,20140426,2000,8885, ,CFS
SHA,H,76,INFLOW,20140426,2100,6700, ,CFS
SHA,H,76,INFLOW,20140426,2200,8747, ,CFS
SHA,H,76,INFLOW,20140426,2300,4931, ,CFS
SHA,H,76,INFLOW,20140427,0000,4332, ,CFS
SHA,H,76,INFLOW,20140427,0100,3125, ,CFS
SHA,H,76,INFLOW,20140427,0200,5414, ,CFS
SHA,H,76,INFLOW,20140427,0300,-4006, ,CFS
SHA,H,76,INFLOW,20140427,0400,7767, ,CFS
SHA,H,76,INFLOW,20140427,0500,760, ,CFS
SHA,H,76,INFLOW,20140427,0600,-3050, ,CFS
SHA,H,76,INFLOW,20140427,0700,8474, ,CFS
SHA,H,76,INFLOW,20140427,0800,-5909, ,CFS
SHA,H,76,INFLOW,20140427,0900,8426, ,CFS
SHA,H,76,INFLOW,20140427,1000,2494, ,CFS
SHA,H,76,INFLOW,20140427,1100,2974, ,CFS
SHA,H,76,INFLOW,20140427,1200,4905, ,CFS
SHA,H,76,INFLOW,20140427,1300,7986, ,CFS
SHA,H,76,INFLOW,20140427,1400,5554, ,CFS
SHA,H,76,INFLOW,20140427,1500,-1458, ,CFS
SHA,H,76,INFLOW,20140427,1600,5735, ,CFS
SHA,H,76,INFLOW,20140427,1700,-835, ,CFS
SHA,H,76,INFLOW,20140427,1800,1346, ,CFS
SHA,H,76,INFLOW,20140427,1900,1690, ,CFS
SHA,H,76,INFLOW,20140427,2000,8820, ,CFS
SHA,H,76,INFLOW,20140427,2100,6444, ,CFS
SHA,H,76,INFLOW,20140427,2200,8786, ,CFS
SHA,H,76,INFLOW,20140427,2300,8628, ,CFS
SHA,H,76,INFLOW,20140428,0000,6353, ,CFS
SHA,H,76,INFLOW,20140428,0100,103, ,CFS
SHA,H,76,INFLOW,20140428,0200,4689, ,CFS
SHA,H,76,INFLOW,20140428,0300,-113, ,CFS
SHA,H,76,INFLOW,20140428,0400,2204, ,CFS
SHA,H,76,INFLOW,20140428,0500,325, ,CFS
SHA,H,76,INFLOW,20140428,0600,2596, ,CFS
SHA,H,76,INFLOW,20140428,0700,3112, ,CFS
SHA,H,76,INFLOW,20140428,0800,912, ,CFS
SHA,H,76,INFLOW,20140428,0900,7609, ,CFS
SHA,H,76,INFLOW,20140428,1000,5638, ,CFS
SHA,H,76,INFLOW,20140428,1100,1059, ,CFS
SHA,H,76,INFLOW,20140428,1200,5704, ,CFS
SHA,H,76,INFLOW,20140428,1300,2612, ,CFS
SHA,H,76,INFLOW,20140428,1400,1912, ,CFS
SHA,H,76,INFLOW,20140428,1500,4435, ,CFS
SHA,H,76,INFLOW,20140428,1600,2798, ,CFS
SHA,H,76,INFLOW,20140428,1700,2032, ,CFS
SHA,H,76,INFLOW,20140428,1800,4740, ,CFS
SHA,H,76,INFLOW,20140428,1900,2597, ,CFS
SHA,H,76,INFLOW,20140428,2000,8395, ,CFS
SHA,H,76,INFLOW,20140428,2100,8705, ,CFS
SHA,H,76,INFLOW,20140428,2200,6475, ,CFS
SHA,H,76,INFLOW,20140428,2300,6016, ,CFS
SHA,H,76,INFLOW,20140429,0000,3333, ,CFS
SHA,H,76,INFLOW,20140429,0100,6971, ,CFS
SHA,H,76,INFLOW,20140429,0200,-396, ,CFS
SHA,H,76,INFLOW,20140429,0300,1970, ,CFS
SHA,H,76,INFLOW,20140429,0400,1669, ,CFS
SHA,H,76,INFLOW,20140429,0500,1982, ,CFS
SHA,H,76,INFLOW,20140429,0600,-75, ,CFS
SHA,H,76,INFLOW,20140429,0700,1759, ,CFS
SHA,H,76,INFLOW,20140429,0800,-383, ,CFS
SHA,H,76,INFLOW,20140429,0900,48, ,CFS
SHA,H,76,INFLOW,20140429,1000,2979, ,CFS
SHA,H,76,INFLOW,20140429,1100,576, ,CFS
SHA,H,76,INFLOW,20140429,1200,3106, ,CFS
SHA,H,76,INFLOW,20140429,1300,98, ,CFS
SHA,H,76,INFLOW,20140429,1400,3682, ,CFS
SHA,H,76,INFLOW,20140429,1500,2408, ,CFS
SHA,H,76,INFLOW,20140429,1600,4816, ,CFS
SHA,H,76,INFLOW,20140429,1700,6354, ,CFS
SHA,H,76,INFLOW,20140429,1800,6333, ,CFS
SHA,H,76,INFLOW,20140429,1900,6483, ,CFS
SHA,H,76,INFLOW,20140429,2000,8801, ,CFS
SHA,H,76,INFLOW,20140429,2100,8852, ,CFS
SHA,H,76,INFLOW,20140429,2200,8251, ,CFS
SHA,H,76,INFLOW,20140429,2300,10704, ,CFS
SHA,H,76,INFLOW,20140430,0000,197, ,CFS
SHA,H,76,INFLOW,20140430,0100,7024, ,CFS
SHA,H,76,INFLOW,20140430,0200,1900, ,CFS
SHA,H,76,INFLOW,20140430,0300,-582, ,CFS
SHA,H,76,INFLOW,20140430,0400,1625, ,CFS
SHA,H,76,INFLOW,20140430,0500,2060, ,CFS
SHA,H,76,INFLOW,20140430,0600,-398, ,CFS
SHA,H,76,INFLOW,20140430,0700,3871, ,CFS
SHA,H,76,INFLOW,20140430,0800,-530, ,CFS
SHA,H,76,INFLOW,20140430,0900,-266, ,CFS
SHA,H,76,INFLOW,20140430,1000,2236, ,CFS
SHA,H,76,INFLOW,20140430,1100,3975, ,CFS
SHA,H,76,INFLOW,20140430,1200,-3181, ,CFS
SHA,H,76,INFLOW,20140430,1300,1630, ,CFS
SHA,H,76,INFLOW,20140430,1400,1810, ,CFS
SHA,H,76,INFLOW,20140430,1500,3883, ,CFS
SHA,H,76,INFLOW,20140430,1600,8749, ,CFS
SHA,H,76,INFLOW,20140430,1700,6436, ,CFS
SHA,H,76,INFLOW,20140430,1800,8785, ,CFS
SHA,H,76,INFLOW,20140430,1900,8808, ,CFS
SHA,H,76,INFLOW,20140430,2000,8802, ,CFS
SHA,H,76,INFLOW,20140430,2100,8747, ,CFS
SHA,H,76,INFLOW,20140430,2200,7880, ,CFS
SHA,H,76,INFLOW,20140430,2300,3679, ,CFS
SHA,H,76,INFLOW,20140501,0000,3017, ,CFS
SHA,H,76,INFLOW,20140501,0100,2560, ,CFS
SHA,H,76,INFLOW,20140501,0200,2066, ,CFS
SHA,H,76,INFLOW,20140501,0300,4445, ,CFS
SHA,H,76,INFLOW,20140501,0400,-104, ,CFS
SHA,H,76,INFLOW,20140501,0500,2210, ,CFS
SHA,H,76,INFLOW,20140501,0600,127, ,CFS
SHA,H,76,INFLOW,20140501,0700,515, ,CFS
SHA,H,76,INFLOW,20140501,0800,3160, ,CFS
SHA,H,76,INFLOW,20140501,0900,2851, ,CFS
SHA,H,76,INFLOW,20140501,1000,4911, ,CFS
SHA,H,76,INFLOW,20140501,1100,2726, ,CFS
SHA,H,76,INFLOW,20140501,1200,7859, ,CFS
SHA,H,76,INFLOW,20140501,1300,4329, ,CFS
SHA,H,76,INFLOW,20140501,1400,6750, ,CFS
SHA,H,76,INFLOW,20140501,1500,4456, ,CFS
SHA,H,76,INFLOW,20140501,1600,4962, ,CFS
SHA,H,76,INFLOW,20140501,1700,4789, ,CFS
SHA,H,76,INFLOW,20140501,1800,4793, ,CFS
SHA,H,76,INFLOW,20140501,1900,4780, ,CFS
SHA,H,76,INFLOW,20140501,2000,7136, ,CFS
SHA,H,76,INFLOW,20140501,2100,4689, ,CFS
SHA,H,76,INFLOW,20140501,2200,6869, ,CFS
SHA,H,76,INFLOW,20140501,2300,6483, ,CFS
SHA,H,76,INFLOW,20140502,0000,1910, ,CFS
SHA,H,76,INFLOW,20140502,0100,6853, ,CFS
SHA,H,76,INFLOW,20140502,0200,1885, ,CFS
SHA,H,76,INFLOW,20140502,0300,1457, ,CFS
SHA,H,76,INFLOW,20140502,0400,2003, ,CFS
SHA,H,76,INFLOW,20140502,0500,1837, ,CFS
SHA,H,76,INFLOW,20140502,0600,2452, ,CFS
SHA,H,76,INFLOW,20140502,0700,-643, ,CFS
SHA,H,76,INFLOW,20140502,0800,-137, ,CFS
SHA,H,76,INFLOW,20140502,0900,4344, ,CFS
SHA,H,76,INFLOW,20140502,1000,457, ,CFS
SHA,H,76,INFLOW,20140502,1100,6797, ,CFS
SHA,H,76,INFLOW,20140502,1200,7287, ,CFS
SHA,H,76,INFLOW,20140502,1300,2453, ,CFS
SHA,H,76,INFLOW,20140502,1400,7265, ,CFS
SHA,H,76,INFLOW,20140502,1500,4997, ,CFS
SHA,H,76,INFLOW,20140502,1600,5047, ,CFS
SHA,H,76,INFLOW,20140502,1700,5091, ,CFS
SHA,H,76,INFLOW,20140502,1800,5122, ,CFS
SHA,H,76,INFLOW,20140502,1900,5104, ,CFS
SHA,H,76,INFLOW,20140502,2000,5100, ,CFS
SHA,H,76,INFLOW,20140502,2100,2771, ,CFS
SHA,H,76,INFLOW,20140502,2200,7422, ,CFS
SHA,H,76,INFLOW,20140502,2300,4145, ,CFS
SHA,H,76,INFLOW,20140503,0000,6572, ,CFS
SHA,H,76,INFLOW,20140503,0100,4876, ,CFS
SHA,H,76,INFLOW,20140503,0200,1951, ,CFS
SHA,H,76,INFLOW,20140503,0300,1938, ,CFS
SHA,H,76,INFLOW,20140503,0400,1946, ,CFS
SHA,H,76,INFLOW,20140503,0500,97, ,CFS
SHA,H,76,INFLOW,20140503,0600,2537, ,CFS
SHA,H,76,INFLOW,20140503,0700,-490, ,CFS
SHA,H,76,INFLOW,20140503,0800,1961, ,CFS
SHA,H,76,INFLOW,20140503,0900,1989, ,CFS
SHA,H,76,INFLOW,20140503,1000,2720, ,CFS
SHA,H,76,INFLOW,20140503,1100,6206, ,CFS
SHA,H,76,INFLOW,20140503,1200,4094, ,CFS
SHA,H,76,INFLOW,20140503,1300,4772, ,CFS
SHA,H,76,INFLOW,20140503,1400,4092, ,CFS
SHA,H,76,INFLOW,20140503,1500,4906, ,CFS
SHA,H,76,INFLOW,20140503,1600,2447, ,CFS
SHA,H,76,INFLOW,20140503,1700,7199, ,CFS
SHA,H,76,INFLOW,20140503,1800,2588, ,CFS
SHA,H,76,INFLOW,20140503,1900,2472, ,CFS
SHA,H,76,INFLOW,20140503,2000,2415, ,CFS
SHA,H,76,INFLOW,20140503,2100,4779, ,CFS
SHA,H,76,INFLOW,20140503,2200,4768, ,CFS
SHA,H,76,INFLOW,20140503,2300,4912, ,CFS
SHA,H,76,INFLOW,20140504,0000,3366, ,CFS
SHA,H,76,INFLOW,20140504,0100,4980, ,CFS
SHA,H,76,INFLOW,20140504,0200,5122, ,CFS
SHA,H,76,INFLOW,20140504,0300,466, ,CFS
SHA,H,76,INFLOW,20140504,0400,2957, ,CFS
SHA,H,76,INFLOW,20140504,0500,2956, ,CFS
SHA,H,76,INFLOW,20140504,0600,724, ,CFS
SHA,H,76,INFLOW,20140504,0700,-856, ,CFS
SHA,H,76,INFLOW,20140504,0800,1749, ,CFS
SHA,H,76,INFLOW,20140504,0900,1029, ,CFS
SHA,H,76,INFLOW,20140504,1000,6432, ,CFS
SHA,H,76,INFLOW,20140504,1100,3811, ,CFS
SHA,H,76,INFLOW,20140504,1200,6452, ,CFS
SHA,H,76,INFLOW,20140504,1300,1591, ,CFS
SHA,H,76,INFLOW,20140504,1400,4541, ,CFS
SHA,H,76,INFLOW,20140504,1500,4786, ,CFS
SHA,H,76,INFLOW,20140504,1600,4791, ,CFS
SHA,H,76,INFLOW,20140504,1700,7130, ,CFS
SHA,H,76,INFLOW,20140504,1800,2439, ,CFS
SHA,H,76,INFLOW,20140504,1900,2708, ,CFS
SHA,H,76,INFLOW,20140504,2000,5105, ,CFS
SHA,H,76,INFLOW,20140504,2100,5103, ,CFS
SHA,H,76,INFLOW,20140504,2200,5104, ,CFS
SHA,H,76,INFLOW,20140504,2300,2249, ,CFS
SHA,H,76,INFLOW,20140505,0000,2690, ,CFS
SHA,H,76,INFLOW,20140505,0100,4752, ,CFS
SHA,H,76,INFLOW,20140505,0200,2108, ,CFS
SHA,H,76,INFLOW,20140505,0300,4705, ,CFS
SHA,H,76,INFLOW,20140505,0400,2452, ,CFS
SHA,H,76,INFLOW,20140505,0500,271, ,CFS
SHA,H,76,INFLOW,20140505,0600,732, ,CFS
SHA,H,76,INFLOW,20140505,0700,3306, ,CFS
SHA,H,76,INFLOW,20140505,0800,1653, ,CFS
SHA,H,76,INFLOW,20140505,0900,1935, ,CFS
SHA,H,76,INFLOW,20140505,1000,-157, ,CFS
SHA,H,76,INFLOW,20140505,1100,5085, ,CFS
SHA,H,76,INFLOW,20140505,1200,2784, ,CFS
SHA,H,76,INFLOW,20140505,1300,5147, ,CFS
SHA,H,76,INFLOW,20140505,1400,2019, ,CFS
SHA,H,76,INFLOW,20140505,1500,13808, ,CFS
SHA,H,76,INFLOW,20140505,1600,-4715, ,CFS
SHA,H,76,INFLOW,20140505,1700,9165, ,CFS
SHA,H,76,INFLOW,20140505,1800,-223, ,CFS
SHA,H,76,INFLOW,20140505,1900,2713, ,CFS
SHA,H,76,INFLOW,20140505,2000,5112, ,CFS
SHA,H,76,INFLOW,20140505,2100,5097, ,CFS
SHA,H,76,INFLOW,20140505,2200,4403, ,CFS
SHA,H,76,INFLOW,20140505,2300,5086, ,CFS
SHA,H,76,INFLOW,20140506,0000,686, ,CFS
SHA,H,76,INFLOW,20140506,0100,3603, ,CFS
SHA,H,76,INFLOW,20140506,0200,701, ,CFS
SHA,H,76,INFLOW,20140506,0300,4838, ,CFS
SHA,H,76,INFLOW,20140506,0400,193, ,CFS
SHA,H,76,INFLOW,20140506,0500,386, ,CFS
SHA,H,76,INFLOW,20140506,0600,2936, ,CFS
SHA,H,76,INFLOW,20140506,0700,6828, ,CFS
SHA,H,76,INFLOW,20140506,0800,2715, ,CFS
SHA,H,76,INFLOW,20140506,0900,5008, ,CFS
SHA,H,76,INFLOW,20140506,1000,2669, ,CFS
SHA,H,76,INFLOW,20140506,1100,4998, ,CFS
SHA,H,76,INFLOW,20140506,1200,5015, ,CFS
SHA,H,76,INFLOW,20140506,1300,4986, ,CFS
SHA,H,76,INFLOW,20140506,1400,5017, ,CFS
SHA,H,76,INFLOW,20140506,1500,5000, ,CFS
SHA,H,76,INFLOW,20140506,1600,2661, ,CFS
SHA,H,76,INFLOW,20140506,1700,5016, ,CFS
SHA,H,76,INFLOW,20140506,1800,4987, ,CFS
SHA,H,76,INFLOW,20140506,1900,4984, ,CFS
SHA,H,76,INFLOW,20140506,2000,4999, ,CFS
SHA,H,76,INFLOW,20140506,2100,5045, ,CFS
SHA,H,76,INFLOW,20140506,2200,2664, ,CFS
SHA,H,76,INFLOW,20140506,2300,7167, ,CFS
SHA,H,76,INFLOW,20140507,0000,523, ,CFS
SHA,H,76,INFLOW,20140507,0100,7591, ,CFS
SHA,H,76,INFLOW,20140507,0200,675, ,CFS
SHA,H,76,INFLOW,20140507,0300,5478, ,CFS
SHA,H,76,INFLOW,20140507,0400,-1511, ,CFS
SHA,H,76,INFLOW,20140507,0500,1087, ,CFS
SHA,H,76,INFLOW,20140507,0600,1825, ,CFS
SHA,H,76,INFLOW,20140507,0700,263, ,CFS
SHA,H,76,INFLOW,20140507,0800,2675, ,CFS
SHA,H,76,INFLOW,20140507,0900,2684, ,CFS
SHA,H,76,INFLOW,20140507,1000,326, ,CFS
SHA,H,76,INFLOW,20140507,1100,2666, ,CFS
SHA,H,76,INFLOW,20140507,1200,357, ,CFS
SHA,H,76,INFLOW,20140507,1300,2679, ,CFS
SHA,H,76,INFLOW,20140507,1400,5114, ,CFS
SHA,H,76,INFLOW,20140507,1500,2814, ,CFS
SHA,H,76,INFLOW,20140507,1600,2692, ,CFS
SHA,H,76,INFLOW,20140507,1700,2664, ,CFS
SHA,H,76,INFLOW,20140507,1800,5039, ,CFS
SHA,H,76,INFLOW,20140507,1900,5100, ,CFS
SHA,H,76,INFLOW,20140507,2000,5107, ,CFS
SHA,H,76,INFLOW,20140507,2100,4994, ,CFS
SHA,H,76,INFLOW,20140507,2200,2668, ,CFS
SHA,H,76,INFLOW,20140507,2300,2571, ,CFS
SHA,H,76,INFLOW,20140508,0000,4082, ,CFS
SHA,H,76,INFLOW,20140508,0100,5088, ,CFS
SHA,H,76,INFLOW,20140508,0200,50, ,CFS
SHA,H,76,INFLOW,20140508,0300,2297, ,CFS
SHA,H,76,INFLOW,20140508,0400,-24, ,CFS
SHA,H,76,INFLOW,20140508,0500,1556, ,CFS
SHA,H,76,INFLOW,20140508,0600,2386, ,CFS
SHA,H,76,INFLOW,20140508,0700,695, ,CFS
SHA,H,76,INFLOW,20140508,0800,1141, ,CFS
SHA,H,76,INFLOW,20140508,0900,6025, ,CFS
SHA,H,76,INFLOW,20140508,1000,3559, ,CFS
SHA,H,76,INFLOW,20140508,1100,3254, ,CFS
SHA,H,76,INFLOW,20140508,1200,7711, ,CFS
SHA,H,76,INFLOW,20140508,1300,2914, ,CFS
SHA,H,76,INFLOW,20140508,1400,7609, ,CFS
SHA,H,76,INFLOW,20140508,1500,2960, ,CFS
SHA,H,76,INFLOW,20140508,1600,2948, ,CFS
SHA,H,76,INFLOW,20140508,1700,12119, ,CFS
SHA,H,76,INFLOW,20140508,1800,-1481, ,CFS
SHA,H,76,INFLOW,20140508,1900,7819, ,CFS
SHA,H,76,INFLOW,20140508,2000,3167, ,CFS
SHA,H,76,INFLOW,20140508,2100,5349, ,CFS
SHA,H,76,INFLOW,20140508,2200,2982, ,CFS
SHA,H,76,INFLOW,20140508,2300,6859, ,CFS
SHA,H,76,INFLOW,20140509,0000,5820, ,CFS
SHA,H,76,INFLOW,20140509,0100,7379, ,CFS
SHA,H,76,INFLOW,20140509,0200,3874, ,CFS
SHA,H,76,INFLOW,20140509,0300,-979, ,CFS
SHA,H,76,INFLOW,20140509,0400,5734, ,CFS
SHA,H,76,INFLOW,20140509,0500,3649, ,CFS
SHA,H,76,INFLOW,20140509,0600,3829, ,CFS
SHA,H,76,INFLOW,20140509,0700,7044, ,CFS
SHA,H,76,INFLOW,20140509,0800,2865, ,CFS
SHA,H,76,INFLOW,20140509,0900,5261, ,CFS
SHA,H,76,INFLOW,20140509,1000,7675, ,CFS
SHA,H,76,INFLOW,20140509,1100,5329, ,CFS
SHA,H,76,INFLOW,20140509,1200,2933, ,CFS
SHA,H,76,INFLOW,20140509,1300,2953, ,CFS
SHA,H,76,INFLOW,20140509,1400,643, ,CFS
SHA,H,76,INFLOW,20140509,1500,2955, ,CFS
SHA,H,76,INFLOW,20140509,1600,633, ,CFS
SHA,H,76,INFLOW,20140509,1700,636, ,CFS
SHA,H,76,INFLOW,20140509,1800,-1427, ,CFS
SHA,H,76,INFLOW,20140509,1900,3465, ,CFS
SHA,H,76,INFLOW,20140509,2000,9277, ,CFS
SHA,H,76,INFLOW,20140509,2100,9394, ,CFS
SHA,H,76,INFLOW,20140509,2200,2426, ,CFS
SHA,H,76,INFLOW,20140509,2300,4885, ,CFS
SHA,H,76,INFLOW,20140510,0000,4273, ,CFS
SHA,H,76,INFLOW,20140510,0100,1322, ,CFS
SHA,H,76,INFLOW,20140510,0200,3593, ,CFS
SHA,H,76,INFLOW,20140510,0300,3318, ,CFS
SHA,H,76,INFLOW,20140510,0400,1138, ,CFS
SHA,H,76,INFLOW,20140510,0500,1246, ,CFS
SHA,H,76,INFLOW,20140510,0600,3404, ,CFS
SHA,H,76,INFLOW,20140510,0700,-120, ,CFS
SHA,H,76,INFLOW,20140510,0800,3824, ,CFS
SHA,H,76,INFLOW,20140510,0900,-3180, ,CFS
SHA,H,76,INFLOW,20140510,1000,2655, ,CFS
SHA,H,76,INFLOW,20140510,1100,213, ,CFS
SHA,H,76,INFLOW,20140510,1200,-4561, ,CFS
SHA,H,76,INFLOW,20140510,1300,11549, ,CFS
SHA,H,76,INFLOW,20140510,1400,-719, ,CFS
SHA,H,76,INFLOW,20140510,1500,7262, ,CFS
SHA,H,76,INFLOW,20140510,1600,-1958, ,CFS
SHA,H,76,INFLOW,20140510,1700,-2564, ,CFS
SHA,H,76,INFLOW,20140510,1800,2073, ,CFS
SHA,H,76,INFLOW,20140510,1900,2071, ,CFS
SHA,H,76,INFLOW,20140510,2000,2579, ,CFS
SHA,H,76,INFLOW,20140510,2100,7204, ,CFS
SHA,H,76,INFLOW,20140510,2200,4864, ,CFS
SHA,H,76,INFLOW,20140510,2300,7310, ,CFS
SHA,H,76,INFLOW,20140511,0000,7790, ,CFS
SHA,H,76,INFLOW,20140511,0100,-120, ,CFS
SHA,H,76,INFLOW,20140511,0200,4174, ,CFS
SHA,H,76,INFLOW,20140511,0300,-1, ,CFS
SHA,H,76,INFLOW,20140511,0400,2447, ,CFS
SHA,H,76,INFLOW,20140511,0500,2450, ,CFS
SHA,H,76,INFLOW,20140511,0600,-2004, ,CFS
SHA,H,76,INFLOW,20140511,0700,1628, ,CFS
SHA,H,76,INFLOW,20140511,0800,2072, ,CFS
SHA,H,76,INFLOW,20140511,0900,-317, ,CFS
SHA,H,76,INFLOW,20140511,1000,20, ,CFS
SHA,H,76,INFLOW,20140511,1100,-70, ,CFS
SHA,H,76,INFLOW,20140511,1200,-63, ,CFS
SHA,H,76,INFLOW,20140511,1300,1799, ,CFS
SHA,H,76,INFLOW,20140511,1400,2202, ,CFS
SHA,H,76,INFLOW,20140511,1500,-216, ,CFS
SHA,H,76,INFLOW,20140511,1600,4469, ,CFS
SHA,H,76,INFLOW,20140511,1700,-88, ,CFS
SHA,H,76,INFLOW,20140511,1800,2287, ,CFS
SHA,H,76,INFLOW,20140511,1900,4672, ,CFS
SHA,H,76,INFLOW,20140511,2000,4642, ,CFS
SHA,H,76,INFLOW,20140511,2100,4408, ,CFS
SHA,H,76,INFLOW,20140511,2200,7123, ,CFS
SHA,H,76,INFLOW,20140511,2300,4838, ,CFS
SHA,H,76,INFLOW,20140512,0000,4386, ,CFS
SHA,H,76,INFLOW,20140512,0100,2068, ,CFS
SHA,H,76,INFLOW,20140512,0200,1802, ,CFS
SHA,H,76,INFLOW,20140512,0300,2077, ,CFS
SHA,H,76,INFLOW,20140512,0400,4345, ,CFS
SHA,H,76,INFLOW,20140512,0500,-132, ,CFS
SHA,H,76,INFLOW,20140512,0600,471, ,CFS
SHA,H,76,INFLOW,20140512,0700,1074, ,CFS
SHA,H,76,INFLOW,20140512,0800,13379, ,CFS
SHA,H,76,INFLOW,20140512,0900,3913, ,CFS
SHA,H,76,INFLOW,20140512,1000,2478, ,CFS
SHA,H,76,INFLOW,20140512,1100,6727, ,CFS
SHA,H,76,INFLOW,20140512,1200,2481, ,CFS
SHA,H,76,INFLOW,20140512,1300,4757, ,CFS
SHA,H,76,INFLOW,20140512,1400,2506, ,CFS
SHA,H,76,INFLOW,20140512,1500,4515, ,CFS
SHA,H,76,INFLOW,20140512,1600,4901, ,CFS
SHA,H,76,INFLOW,20140512,1700,6842, ,CFS
SHA,H,76,INFLOW,20140512,1800,4909, ,CFS
SHA,H,76,INFLOW,20140512,1900,4990, ,CFS
SHA,H,76,INFLOW,20140512,2000,5016, ,CFS
SHA,H,76,INFLOW,20140512,2100,7354, ,CFS
SHA,H,76,INFLOW,20140512,2200,4916, ,CFS
SHA,H,76,INFLOW,20140512,2300,5567, ,CFS
SHA,H,76,INFLOW,20140513,0000,8345, ,CFS
SHA,H,76,INFLOW,20140513,0100,-364, ,CFS
SHA,H,76,INFLOW,20140513,0200,3617, ,CFS
SHA,H,76,INFLOW,20140513,0300,3422, ,CFS
SHA,H,76,INFLOW,20140513,0400,-1731, ,CFS
SHA,H,76,INFLOW,20140513,0500,5323, ,CFS
SHA,H,76,INFLOW,20140513,0600,-2290, ,CFS
SHA,H,76,INFLOW,20140513,0700,2552, ,CFS
SHA,H,76,INFLOW,20140513,0800,717, ,CFS
SHA,H,76,INFLOW,20140513,0900,3317, ,CFS
SHA,H,76,INFLOW,20140513,1000,3190, ,CFS
SHA,H,76,INFLOW,20140513,1100,4491, ,CFS
SHA,H,76,INFLOW,20140513,1200,3284, ,CFS
SHA,H,76,INFLOW,20140513,1300,6643, ,CFS
SHA,H,76,INFLOW,20140513,1400,2191, ,CFS
SHA,H,76,INFLOW,20140513,1500,6658, ,CFS
SHA,H,76,INFLOW,20140513,1600,4514, ,CFS
SHA,H,76,INFLOW,20140513,1700,4760, ,CFS
SHA,H,76,INFLOW,20140513,1800,4807, ,CFS
SHA,H,76,INFLOW,20140513,1900,4850, ,CFS
SHA,H,76,INFLOW,20140513,2000,7107, ,CFS
SHA,H,76,INFLOW,20140513,2100,4829, ,CFS
SHA,H,76,INFLOW,20140513,2200,4695, ,CFS
SHA,H,76,INFLOW,20140513,2300,7086, ,CFS
SHA,H,76,INFLOW,20140514,0000,6245, ,CFS
SHA,H,76,INFLOW,20140514,0100,3148, ,CFS
SHA,H,76,INFLOW,20140514,0200,2700, ,CFS
SHA,H,76,INFLOW,20140514,0300,2597, ,CFS
SHA,H,76,INFLOW,20140514,0400,-161, ,CFS
SHA,H,76,INFLOW,20140514,0500,4485, ,CFS
SHA,H,76,INFLOW,20140514,0600,2848, ,CFS
SHA,H,76,INFLOW,20140514,0700,1052, ,CFS
SHA,H,76,INFLOW,20140514,0800,3753, ,CFS
SHA,H,76,INFLOW,20140514,0900,4, ,CFS
SHA,H,76,INFLOW,20140514,1000,5390, ,CFS
SHA,H,76,INFLOW,20140514,1100,6271, ,CFS
SHA,H,76,INFLOW,20140514,1200,2627, ,CFS
SHA,H,76,INFLOW,20140514,1300,5202, ,CFS
SHA,H,76,INFLOW,20140514,1400,5341, ,CFS
SHA,H,76,INFLOW,20140514,1500,5027, ,CFS
SHA,H,76,INFLOW,20140514,1600,4960, ,CFS
SHA,H,76,INFLOW,20140514,1700,2658, ,CFS
SHA,H,76,INFLOW,20140514,1800,5488, ,CFS
SHA,H,76,INFLOW,20140514,1900,3578, ,CFS
SHA,H,76,INFLOW,20140514,2000,5459, ,CFS
SHA,H,76,INFLOW,20140514,2100,4746, ,CFS
SHA,H,76,INFLOW,20140514,2200,4479, ,CFS
SHA,H,76,INFLOW,20140514,2300,4540, ,CFS
SHA,H,76,INFLOW,20140515,0000,5298, ,CFS
SHA,H,76,INFLOW,20140515,0100,4000, ,CFS
SHA,H,76,INFLOW,20140515,0200,1289, ,CFS
SHA,H,76,INFLOW,20140515,0300,5961, ,CFS
SHA,H,76,INFLOW,20140515,0400,-1085, ,CFS
SHA,H,76,INFLOW,20140515,0500,1199, ,CFS
SHA,H,76,INFLOW,20140515,0600,1852, ,CFS
SHA,H,76,INFLOW,20140515,0700,-1592, ,CFS
SHA,H,76,INFLOW,20140515,0800,1351, ,CFS
SHA,H,76,INFLOW,20140515,0900,-2166, ,CFS
SHA,H,76,INFLOW,20140515,1000,3764, ,CFS
SHA,H,76,INFLOW,20140515,1100,-4562, ,CFS
SHA,H,76,INFLOW,20140515,1200,5167, ,CFS
SHA,H,76,INFLOW,20140515,1300,3154, ,CFS
SHA,H,76,INFLOW,20140515,1400,5177, ,CFS
SHA,H,76,INFLOW,20140515,1500,5088, ,CFS
SHA,H,76,INFLOW,20140515,1600,2671, ,CFS
SHA,H,76,INFLOW,20140515,1700,5175, ,CFS
SHA,H,76,INFLOW,20140515,1800,4307, ,CFS
SHA,H,76,INFLOW,20140515,1900,4790, ,CFS
SHA,H,76,INFLOW,20140515,2000,4970, ,CFS
SHA,H,76,INFLOW,20140515,2100,4920, ,CFS
SHA,H,76,INFLOW,20140515,2200,2398, ,CFS
SHA,H,76,INFLOW,20140515,2300,9376, ,CFS
SHA,H,76,INFLOW,20140516,0000,4889, ,CFS
SHA,H,76,INFLOW,20140516,0100,1543, ,CFS
SHA,H,76,INFLOW,20140516,0200,3481, ,CFS
SHA,H,76,INFLOW,20140516,0300,1175, ,CFS
SHA,H,76,INFLOW,20140516,0400,3237, ,CFS
SHA,H,76,INFLOW,20140516,0500,3518, ,CFS
SHA,H,76,INFLOW,20140516,0600,-2921, ,CFS
SHA,H,76,INFLOW,20140516,0700,1560, ,CFS
SHA,H,76,INFLOW,20140516,0800,485, ,CFS
SHA,H,76,INFLOW,20140516,0900,3168, ,CFS
SHA,H,76,INFLOW,20140516,1000,5872, ,CFS
SHA,H,76,INFLOW,20140516,1100,2541, ,CFS
SHA,H,76,INFLOW,20140516,1200,4989, ,CFS
SHA,H,76,INFLOW,20140516,1300,4785, ,CFS
SHA,H,76,INFLOW,20140516,1400,4719, ,CFS
SHA,H,76,INFLOW,20140516,1500,4814, ,CFS
SHA,H,76,INFLOW,20140516,1600,4774, ,CFS
SHA,H,76,INFLOW,20140516,1700,4670, ,CFS
SHA,H,76,INFLOW,20140516,1800,4627, ,CFS
SHA,H,76,INFLOW,20140516,1900,4605, ,CFS
SHA,H,76,INFLOW,20140516,2000,4822, ,CFS
SHA,H,76,INFLOW,20140516,2100,6967, ,CFS
SHA,H,76,INFLOW,20140516,2200,4782, ,CFS
SHA,H,76,INFLOW,20140516,2300,5732, ,CFS
SHA,H,76,INFLOW,20140517,0000,5380, ,CFS
SHA,H,76,INFLOW,20140517,0100,3315, ,CFS
SHA,H,76,INFLOW,20140517,0200,5387, ,CFS
SHA,H,76,INFLOW,20140517,0300,3008, ,CFS
SHA,H,76,INFLOW,20140517,0400,5369, ,CFS
SHA,H,76,INFLOW,20140517,0500,1067, ,CFS
SHA,H,76,INFLOW,20140517,0600,3206, ,CFS
SHA,H,76,INFLOW,20140517,0700,2031, ,CFS
SHA,H,76,INFLOW,20140517,0800,1235, ,CFS
SHA,H,76,INFLOW,20140517,0900,2784, ,CFS
SHA,H,76,INFLOW,20140517,1000,2935, ,CFS
SHA,H,76,INFLOW,20140517,1100,2800, ,CFS
SHA,H,76,INFLOW,20140517,1200,7909, ,CFS
SHA,H,76,INFLOW,20140517,1300,597, ,CFS
SHA,H,76,INFLOW,20140517,1400,9654, ,CFS
SHA,H,76,INFLOW,20140517,1500,617, ,CFS
SHA,H,76,INFLOW,20140517,1600,2922, ,CFS
SHA,H,76,INFLOW,20140517,1700,5225, ,CFS
SHA,H,76,INFLOW,20140517,1800,2903, ,CFS
SHA,H,76,INFLOW,20140517,1900,2905, ,CFS
SHA,H,76,INFLOW,20140517,2000,2982, ,CFS
SHA,H,76,INFLOW,20140517,2100,5431, ,CFS
SHA,H,76,INFLOW,20140517,2200,3329, ,CFS
SHA,H,76,INFLOW,20140517,2300,4175, ,CFS
SHA,H,76,INFLOW,20140518,0000,3248, ,CFS
SHA,H,76,INFLOW,20140518,0100,920, ,CFS
SHA,H,76,INFLOW,20140518,0200,3028, ,CFS
SHA,H,76,INFLOW,20140518,0300,323, ,CFS
SHA,H,76,INFLOW,20140518,0400,2792, ,CFS
SHA,H,76,INFLOW,20140518,0500,2760, ,CFS
SHA,H,76,INFLOW,20140518,0600,2622, ,CFS
SHA,H,76,INFLOW,20140518,0700,-568, ,CFS
SHA,H,76,INFLOW,20140518,0800,2261, ,CFS
SHA,H,76,INFLOW,20140518,0900,265, ,CFS
SHA,H,76,INFLOW,20140518,1000,-487, ,CFS
SHA,H,76,INFLOW,20140518,1100,1324, ,CFS
SHA,H,76,INFLOW,20140518,1200,-134, ,CFS
SHA,H,76,INFLOW,20140518,1300,5262, ,CFS
SHA,H,76,INFLOW,20140518,1400,726, ,CFS
SHA,H,76,INFLOW,20140518,1500,724, ,CFS
SHA,H,76,INFLOW,20140518,1600,5464, ,CFS
SHA,H,76,INFLOW,20140518,1700,760, ,CFS
SHA,H,76,INFLOW,20140518,1800,5389, ,CFS
SHA,H,76,INFLOW,20140518,1900,7725, ,CFS
SHA,H,76,INFLOW,20140518,2000,5058, ,CFS
SHA,H,76,INFLOW,20140518,2100,7295, ,CFS
SHA,H,76,INFLOW,20140518,2200,7040, ,CFS
SHA,H,76,INFLOW,20140518,2300,6544, ,CFS
SHA,H,76,INFLOW,20140519,0000,9447, ,CFS
SHA,H,76,INFLOW,20140519,0100,1562, ,CFS
SHA,H,76,INFLOW,20140519,0200,3557, ,CFS
SHA,H,76,INFLOW,20140519,0300,1341, ,CFS
SHA,H,76,INFLOW,20140519,0400,1330, ,CFS
SHA,H,76,INFLOW,20140519,0500,1477, ,CFS
SHA,H,76,INFLOW,20140519,0600,3753, ,CFS
SHA,H,76,INFLOW,20140519,0700,-2928, ,CFS
SHA,H,76,INFLOW,20140519,0800,1805, ,CFS
SHA,H,76,INFLOW,20140519,0900,2319, ,CFS
SHA,H,76,INFLOW,20140519,1000,150, ,CFS
SHA,H,76,INFLOW,20140519,1100,1722, ,CFS
SHA,H,76,INFLOW,20140519,1200,2731, ,CFS
SHA,H,76,INFLOW,20140519,1300,4498, ,CFS
SHA,H,76,INFLOW,20140519,1400,391, ,CFS
SHA,H,76,INFLOW,20140519,1500,5829, ,CFS
SHA,H,76,INFLOW,20140519,1600,-340, ,CFS
SHA,H,76,INFLOW,20140519,1700,4050, ,CFS
SHA,H,76,INFLOW,20140519,1800,1765, ,CFS
SHA,H,76,INFLOW,20140519,1900,10647, ,CFS
SHA,H,76,INFLOW,20140519,2000,144, ,CFS
SHA,H,76,INFLOW,20140519,2100,11975, ,CFS
SHA,H,76,INFLOW,20140519,2200,3168, ,CFS
SHA,H,76,INFLOW,20140519,2300,7363, ,CFS
SHA,H,76,INFLOW,20140520,0000,5586, ,CFS
SHA,H,76,INFLOW,20140520,0100,2709, ,CFS
SHA,H,76,INFLOW,20140520,0200,2359, ,CFS
SHA,H,76,INFLOW,20140520,0300,5082, ,CFS
SHA,H,76,INFLOW,20140520,0400,-1746, ,CFS
SHA,H,76,INFLOW,20140520,0500,3105, ,CFS
SHA,H,76,INFLOW,20140520,0600,896, ,CFS
SHA,H,76,INFLOW,20140520,0700,715, ,CFS
SHA,H,76,INFLOW,20140520,0800,5296, ,CFS
SHA,H,76,INFLOW,20140520,0900,2549, ,CFS
SHA,H,76,INFLOW,20140520,1000,-1967, ,CFS
SHA,H,76,INFLOW,20140520,1100,203, ,CFS
SHA,H,76,INFLOW,20140520,1200,2069, ,CFS
SHA,H,76,INFLOW,20140520,1300,100, ,CFS
SHA,H,76,INFLOW,20140520,1400,437, ,CFS
SHA,H,76,INFLOW,20140520,1500,5014, ,CFS
SHA,H,76,INFLOW,20140520,1600,-1818, ,CFS
SHA,H,76,INFLOW,20140520,1700,10459, ,CFS
SHA,H,76,INFLOW,20140520,1800,3371, ,CFS
SHA,H,76,INFLOW,20140520,1900,4899, ,CFS
SHA,H,76,INFLOW,20140520,2000,7868, ,CFS
SHA,H,76,INFLOW,20140520,2100,3349, ,CFS
SHA,H,76,INFLOW,20140520,2200,7476, ,CFS
SHA,H,76,INFLOW,20140520,2300,6058, ,CFS
SHA,H,76,INFLOW,20140521,0000,6961, ,CFS
SHA,H,76,INFLOW,20140521,0100,2743, ,CFS
SHA,H,76,INFLOW,20140521,0200,7057, ,CFS
SHA,H,76,INFLOW,20140521,0300,-2013, ,CFS
SHA,H,76,INFLOW,20140521,0400,4724, ,CFS
SHA,H,76,INFLOW,20140521,0500,2664, ,CFS
SHA,H,76,INFLOW,20140521,0600,-1345, ,CFS
SHA,H,76,INFLOW,20140521,0700,-1087, ,CFS
SHA,H,76,INFLOW,20140521,0800,3490, ,CFS
SHA,H,76,INFLOW,20140521,0900,1743, ,CFS
SHA,H,76,INFLOW,20140521,1000,-1087, ,CFS
SHA,H,76,INFLOW,20140521,1100,4073, ,CFS
SHA,H,76,INFLOW,20140521,1200,-2240, ,CFS
SHA,H,76,INFLOW,20140521,1300,2271, ,CFS
SHA,H,76,INFLOW,20140521,1400,2332, ,CFS
SHA,H,76,INFLOW,20140521,1500,6938, ,CFS
SHA,H,76,INFLOW,20140521,1600,3149, ,CFS
SHA,H,76,INFLOW,20140521,1700,7726, ,CFS
SHA,H,76,INFLOW,20140521,1800,3750, ,CFS
SHA,H,76,INFLOW,20140521,1900,7971, ,CFS
SHA,H,76,INFLOW,20140521,2000,7087, ,CFS
SHA,H,76,INFLOW,20140521,2100,9166, ,CFS
SHA,H,76,INFLOW,20140521,2200,4036, ,CFS
SHA,H,76,INFLOW,20140521,2300,8756, ,CFS
SHA,H,76,INFLOW,20140522,0000,7311, ,CFS
SHA,H,76,INFLOW,20140522,0100,-478, ,CFS
SHA,H,76,INFLOW,20140522,0200,1432, ,CFS
SHA,H,76,INFLOW,20140522,0300,6188, ,CFS
SHA,H,76,INFLOW,20140522,0400,3834, ,CFS
SHA,H,76,INFLOW,20140522,0500,1621, ,CFS
SHA,H,76,INFLOW,20140522,0600,1772, ,CFS
SHA,H,76,INFLOW,20140522,0700,-677, ,CFS
SHA,H,76,INFLOW,20140522,0800,53, ,CFS
SHA,H,76,INFLOW,20140522,0900,-1723, ,CFS
SHA,H,76,INFLOW,20140522,1000,1599, ,CFS
SHA,H,76,INFLOW,20140522,1100,-1725, ,CFS
SHA,H,76,INFLOW,20140522,1200,2249, ,CFS
SHA,H,76,INFLOW,20140522,1300,143, ,CFS
SHA,H,76,INFLOW,20140522,1400,205, ,CFS
SHA,H,76,INFLOW,20140522,1500,2366, ,CFS
SHA,H,76,INFLOW,20140522,1600,6892, ,CFS
SHA,H,76,INFLOW,20140522,1700,6875, ,CFS
SHA,H,76,INFLOW,20140522,1800,4580, ,CFS
SHA,H,76,INFLOW,20140522,1900,8691, ,CFS
SHA,H,76,INFLOW,20140522,2000,3739, ,CFS
SHA,H,76,INFLOW,20140522,2100,8407, ,CFS
SHA,H,76,INFLOW,20140522,2200,6548, ,CFS
SHA,H,76,INFLOW,20140522,2300,7729, ,CFS
SHA,H,76,INFLOW,20140523,0000,2825, ,CFS
SHA,H,76,INFLOW,20140523,0100,3672, ,CFS
SHA,H,76,INFLOW,20140523,0200,1379, ,CFS
SHA,H,76,INFLOW,20140523,0300,3942, ,CFS
SHA,H,76,INFLOW,20140523,0400,-811, ,CFS
SHA,H,76,INFLOW,20140523,0500,1787, ,CFS
SHA,H,76,INFLOW,20140523,0600,1823, ,CFS
SHA,H,76,INFLOW,20140523,0700,-763, ,CFS
SHA,H,76,INFLOW,20140523,0800,1540, ,CFS
SHA,H,76,INFLOW,20140523,0900,-2729, ,CFS
SHA,H,76,INFLOW,20140523,1000,3013, ,CFS
SHA,H,76,INFLOW,20140523,1100,-713, ,CFS
SHA,H,76,INFLOW,20140523,1200,1178, ,CFS
SHA,H,76,INFLOW,20140523,1300,3061, ,CFS
SHA,H,76,INFLOW,20140523,1400,874, ,CFS
SHA,H,76,INFLOW,20140523,1500,6750, ,CFS
SHA,H,76,INFLOW,20140523,1600,383, ,CFS
SHA,H,76,INFLOW,20140523,1700,4700, ,CFS
SHA,H,76,INFLOW,20140523,1800,6165, ,CFS
SHA,H,76,INFLOW,20140523,1900,6183, ,CFS
SHA,H,76,INFLOW,20140523,2000,6201, ,CFS
SHA,H,76,INFLOW,20140523,2100,6614, ,CFS
SHA,H,76,INFLOW,20140523,2200,8746, ,CFS
SHA,H,76,INFLOW,20140523,2300,3981, ,CFS
SHA,H,76,INFLOW,20140524,0000,5533, ,CFS
SHA,H,76,INFLOW,20140524,0100,3486, ,CFS
SHA,H,76,INFLOW,20140524,0200,1067, ,CFS
SHA,H,76,INFLOW,20140524,0300,1160, ,CFS
SHA,H,76,INFLOW,20140524,0400,1072, ,CFS
SHA,H,76,INFLOW,20140524,0500,3236, ,CFS
SHA,H,76,INFLOW,20140524,0600,-1094, ,CFS
SHA,H,76,INFLOW,20140524,0700,1171, ,CFS
SHA,H,76,INFLOW,20140524,0800,-2853, ,CFS
SHA,H,76,INFLOW,20140524,0900,3835, ,CFS
SHA,H,76,INFLOW,20140524,1000,-698, ,CFS
SHA,H,76,INFLOW,20140524,1100,1430, ,CFS
SHA,H,76,INFLOW,20140524,1200,-865, ,CFS
SHA,H,76,INFLOW,20140524,1300,1545, ,CFS
SHA,H,76,INFLOW,20140524,1400,1538, ,CFS
SHA,H,76,INFLOW,20140524,1500,4016, ,CFS
SHA,H,76,INFLOW,20140524,1600,3873, ,CFS
SHA,H,76,INFLOW,20140524,1700,3831, ,CFS
SHA,H,76,INFLOW,20140524,1800,4003, ,CFS
SHA,H,76,INFLOW,20140524,1900,8628, ,CFS
SHA,H,76,INFLOW,20140524,2000,4354, ,CFS
SHA,H,76,INFLOW,20140524,2100,8110, ,CFS
SHA,H,76,INFLOW,20140524,2200,3572, ,CFS
SHA,H,76,INFLOW,20140524,2300,8528, ,CFS
SHA,H,76,INFLOW,20140525,0000,3750, ,CFS
SHA,H,76,INFLOW,20140525,0100,1742, ,CFS
SHA,H,76,INFLOW,20140525,0200,1688, ,CFS
SHA,H,76,INFLOW,20140525,0300,-462, ,CFS
SHA,H,76,INFLOW,20140525,0400,-696, ,CFS
SHA,H,76,INFLOW,20140525,0500,3901, ,CFS
SHA,H,76,INFLOW,20140525,0600,-572, ,CFS
SHA,H,76,INFLOW,20140525,0700,1201, ,CFS
SHA,H,76,INFLOW,20140525,0800,-787, ,CFS
SHA,H,76,INFLOW,20140525,0900,-409, ,CFS
SHA,H,76,INFLOW,20140525,1000,-624, ,CFS
SHA,H,76,INFLOW,20140525,1100,1741, ,CFS
SHA,H,76,INFLOW,20140525,1200,1787, ,CFS
SHA,H,76,INFLOW,20140525,1300,1721, ,CFS
SHA,H,76,INFLOW,20140525,1400,-38, ,CFS
SHA,H,76,INFLOW,20140525,1500,4326, ,CFS
SHA,H,76,INFLOW,20140525,1600,4240, ,CFS
SHA,H,76,INFLOW,20140525,1700,1985, ,CFS
SHA,H,76,INFLOW,20140525,1800,8766, ,CFS
SHA,H,76,INFLOW,20140525,1900,4175, ,CFS
SHA,H,76,INFLOW,20140525,2000,5939, ,CFS
SHA,H,76,INFLOW,20140525,2100,10372, ,CFS
SHA,H,76,INFLOW,20140525,2200,5859, ,CFS
SHA,H,76,INFLOW,20140525,2300,4324, ,CFS
SHA,H,76,INFLOW,20140526,0000,9366, ,CFS
SHA,H,76,INFLOW,20140526,0100,2409, ,CFS
SHA,H,76,INFLOW,20140526,0200,8413, ,CFS
SHA,H,76,INFLOW,20140526,0300,-502, ,CFS
SHA,H,76,INFLOW,20140526,0400,3940, ,CFS
SHA,H,76,INFLOW,20140526,0500,1840, ,CFS
SHA,H,76,INFLOW,20140526,0600,-163, ,CFS
SHA,H,76,INFLOW,20140526,0700,1333, ,CFS
SHA,H,76,INFLOW,20140526,0800,-2459, ,CFS
SHA,H,76,INFLOW,20140526,0900,1958, ,CFS
SHA,H,76,INFLOW,20140526,1000,-129, ,CFS
SHA,H,76,INFLOW,20140526,1100,-2073, ,CFS
SHA,H,76,INFLOW,20140526,1200,2210, ,CFS
SHA,H,76,INFLOW,20140526,1300,3184, ,CFS
SHA,H,76,INFLOW,20140526,1400,265, ,CFS
SHA,H,76,INFLOW,20140526,1500,4673, ,CFS
SHA,H,76,INFLOW,20140526,1600,169, ,CFS
SHA,H,76,INFLOW,20140526,1700,2221, ,CFS
SHA,H,76,INFLOW,20140526,1800,7086, ,CFS
SHA,H,76,INFLOW,20140526,1900,4516, ,CFS
SHA,H,76,INFLOW,20140526,2000,8694, ,CFS
SHA,H,76,INFLOW,20140526,2100,8555, ,CFS
SHA,H,76,INFLOW,20140526,2200,6250, ,CFS
SHA,H,76,INFLOW,20140526,2300,6842, ,CFS
SHA,H,76,INFLOW,20140527,0000,3787, ,CFS
SHA,H,76,INFLOW,20140527,0100,4400, ,CFS
SHA,H,76,INFLOW,20140527,0200,47, ,CFS
SHA,H,76,INFLOW,20140527,0300,2283, ,CFS
SHA,H,76,INFLOW,20140527,0400,35, ,CFS
SHA,H,76,INFLOW,20140527,0500,1697, ,CFS
SHA,H,76,INFLOW,20140527,0600,-838, ,CFS
SHA,H,76,INFLOW,20140527,0700,2725, ,CFS
SHA,H,76,INFLOW,20140527,0800,-760, ,CFS
SHA,H,76,INFLOW,20140527,0900,1746, ,CFS
SHA,H,76,INFLOW,20140527,1000,-467, ,CFS
SHA,H,76,INFLOW,20140527,1100,102, ,CFS
SHA,H,76,INFLOW,20140527,1200,6388, ,CFS
SHA,H,76,INFLOW,20140527,1300,4129, ,CFS
SHA,H,76,INFLOW,20140527,1400,6429, ,CFS
SHA,H,76,INFLOW,20140527,1500,4415, ,CFS
SHA,H,76,INFLOW,20140527,1600,2197, ,CFS
SHA,H,76,INFLOW,20140527,1700,11048, ,CFS
SHA,H,76,INFLOW,20140527,1800,6184, ,CFS
SHA,H,76,INFLOW,20140527,1900,6402, ,CFS
SHA,H,76,INFLOW,20140527,2000,4026, ,CFS
SHA,H,76,INFLOW,20140527,2100,5900, ,CFS
SHA,H,76,INFLOW,20140527,2200,5932, ,CFS
SHA,H,76,INFLOW,20140527,2300,1833, ,CFS
SHA,H,76,INFLOW,20140528,0000,1979, ,CFS
SHA,H,76,INFLOW,20140528,0100,6548, ,CFS
SHA,H,76,INFLOW,20140528,0200,-3, ,CFS
SHA,H,76,INFLOW,20140528,0300,2135, ,CFS
SHA,H,76,INFLOW,20140528,0400,1889, ,CFS
SHA,H,76,INFLOW,20140528,0500,-2252, ,CFS
SHA,H,76,INFLOW,20140528,0600,2319, ,CFS
SHA,H,76,INFLOW,20140528,0700,1555, ,CFS
SHA,H,76,INFLOW,20140528,0800,-550, ,CFS
SHA,H,76,INFLOW,20140528,0900,-422, ,CFS
SHA,H,76,INFLOW,20140528,1000,1725, ,CFS
SHA,H,76,INFLOW,20140528,1100,-418, ,CFS
SHA,H,76,INFLOW,20140528,1200,1818, ,CFS
SHA,H,76,INFLOW,20140528,1300,1895, ,CFS
SHA,H,76,INFLOW,20140528,1400,4327, ,CFS
SHA,H,76,INFLOW,20140528,1500,4171, ,CFS
SHA,H,76,INFLOW,20140528,1600,6126, ,CFS
SHA,H,76,INFLOW,20140528,1700,8290, ,CFS
SHA,H,76,INFLOW,20140528,1800,3872, ,CFS
SHA,H,76,INFLOW,20140528,1900,8947, ,CFS
SHA,H,76,INFLOW,20140528,2000,1903, ,CFS
SHA,H,76,INFLOW,20140528,2100,8470, ,CFS
SHA,H,76,INFLOW,20140528,2200,4319, ,CFS
SHA,H,76,INFLOW,20140528,2300,5917, ,CFS
SHA,H,76,INFLOW,20140529,0000,2398, ,CFS
SHA,H,76,INFLOW,20140529,0100,1478, ,CFS
SHA,H,76,INFLOW,20140529,0200,1810, ,CFS
SHA,H,76,INFLOW,20140529,0300,-108, ,CFS
SHA,H,76,INFLOW,20140529,0400,1, ,CFS
SHA,H,76,INFLOW,20140529,0500,46, ,CFS
SHA,H,76,INFLOW,20140529,0600,2258, ,CFS
SHA,H,76,INFLOW,20140529,0700,13, ,CFS
SHA,H,76,INFLOW,20140529,0800,604, ,CFS
SHA,H,76,INFLOW,20140529,0900,584, ,CFS
SHA,H,76,INFLOW,20140529,1000,-1739, ,CFS
SHA,H,76,INFLOW,20140529,1100,297, ,CFS
SHA,H,76,INFLOW,20140529,1200,524, ,CFS
SHA,H,76,INFLOW,20140529,1300,144, ,CFS
SHA,H,76,INFLOW,20140529,1400,128, ,CFS
SHA,H,76,INFLOW,20140529,1500,4824, ,CFS
SHA,H,76,INFLOW,20140529,1600,1604, ,CFS
SHA,H,76,INFLOW,20140529,1700,6196, ,CFS
SHA,H,76,INFLOW,20140529,1800,5853, ,CFS
SHA,H,76,INFLOW,20140529,1900,8077, ,CFS
SHA,H,76,INFLOW,20140529,2000,3225, ,CFS
SHA,H,76,INFLOW,20140529,2100,9208, ,CFS
SHA,H,76,INFLOW,20140529,2200,7488, ,CFS
SHA,H,76,INFLOW,20140529,2300,1673, ,CFS
SHA,H,76,INFLOW,20140530,0000,4121, ,CFS
SHA,H,76,INFLOW,20140530,0100,1686, ,CFS
SHA,H,76,INFLOW,20140530,0200,-912, ,CFS
SHA,H,76,INFLOW,20140530,0300,3590, ,CFS
SHA,H,76,INFLOW,20140530,0400,1379, ,CFS
SHA,H,76,INFLOW,20140530,0500,-846, ,CFS
SHA,H,76,INFLOW,20140530,0600,1568, ,CFS
SHA,H,76,INFLOW,20140530,0700,-798, ,CFS
SHA,H,76,INFLOW,20140530,0800,1251, ,CFS
SHA,H,76,INFLOW,20140530,0900,-1080, ,CFS
SHA,H,76,INFLOW,20140530,1000,275, ,CFS
SHA,H,76,INFLOW,20140530,1100,2096, ,CFS
SHA,H,76,INFLOW,20140530,1200,-1437, ,CFS
SHA,H,76,INFLOW,20140530,1300,2161, ,CFS
SHA,H,76,INFLOW,20140530,1400,2368, ,CFS
SHA,H,76,INFLOW,20140530,1500,509, ,CFS
SHA,H,76,INFLOW,20140530,1600,7867, ,CFS
SHA,H,76,INFLOW,20140530,1700,1883, ,CFS
SHA,H,76,INFLOW,20140530,1800,3985, ,CFS
SHA,H,76,INFLOW,20140530,1900,6047, ,CFS
SHA,H,76,INFLOW,20140530,2000,6299, ,CFS
SHA,H,76,INFLOW,20140530,2100,5616, ,CFS
SHA,H,76,INFLOW,20140530,2200,4774, ,CFS
SHA,H,76,INFLOW,20140530,2300,3898, ,CFS
SHA,H,76,INFLOW,20140531,0000,1597, ,CFS
SHA,H,76,INFLOW,20140531,0100,1944, ,CFS
SHA,H,76,INFLOW,20140531,0200,1544, ,CFS
SHA,H,76,INFLOW,20140531,0300,1293, ,CFS
SHA,H,76,INFLOW,20140531,0400,1241, ,CFS
SHA,H,76,INFLOW,20140531,0500,1406, ,CFS
SHA,H,76,INFLOW,20140531,0600,-1274, ,CFS
SHA,H,76,INFLOW,20140531,0700,-102, ,CFS
SHA,H,76,INFLOW,20140531,0800,-1611, ,CFS
SHA,H,76,INFLOW,20140531,0900,621, ,CFS
SHA,H,76,INFLOW,20140531,1000,736, ,CFS
SHA,H,76,INFLOW,20140531,1100,141, ,CFS
SHA,H,76,INFLOW,20140531,1200,-827, ,CFS
SHA,H,76,INFLOW,20140531,1300,2810, ,CFS
SHA,H,76,INFLOW,20140531,1400,4110, ,CFS
SHA,H,76,INFLOW,20140531,1500,1974, ,CFS
SHA,H,76,INFLOW,20140531,1600,11111, ,CFS
SHA,H,76,INFLOW,20140531,1700,914, ,CFS
SHA,H,76,INFLOW,20140531,1800,5845, ,CFS
SHA,H,76,INFLOW,20140531,1900,5658, ,CFS
SHA,H,76,INFLOW,20140531,2000,3687, ,CFS
SHA,H,76,INFLOW,20140531,2100,7485, ,CFS
SHA,H,76,INFLOW,20140531,2200,7782, ,CFS
SHA,H,76,INFLOW,20140531,2300,3227, ,CFS
SHA,H,76,INFLOW,20140601,0000,6634, ,CFS
SHA,H,76,INFLOW,20140601,0100,1739, ,CFS
SHA,H,76,INFLOW,20140601,0200,2630, ,CFS
SHA,H,76,INFLOW,20140601,0300,2437, ,CFS
SHA,H,76,INFLOW,20140601,0400,2307, ,CFS
SHA,H,76,INFLOW,20140601,0500,289, ,CFS
SHA,H,76,INFLOW,20140601,0600,2204, ,CFS
SHA,H,76,INFLOW,20140601,0700,-725, ,CFS
SHA,H,76,INFLOW,20140601,0800,1212, ,CFS
SHA,H,76,INFLOW,20140601,0900,-344, ,CFS
SHA,H,76,INFLOW,20140601,1000,-48, ,CFS
SHA,H,76,INFLOW,20140601,1100,456, ,CFS
SHA,H,76,INFLOW,20140601,1200,-2694, ,CFS
SHA,H,76,INFLOW,20140601,1300,5525, ,CFS
SHA,H,76,INFLOW,20140601,1400,3333, ,CFS
SHA,H,76,INFLOW,20140601,1500,3523, ,CFS
SHA,H,76,INFLOW,20140601,1600,4087, ,CFS
SHA,H,76,INFLOW,20140601,1700,3335, ,CFS
SHA,H,76,INFLOW,20140601,1800,7822, ,CFS
SHA,H,76,INFLOW,20140601,1900,4855, ,CFS
SHA,H,76,INFLOW,20140601,2000,6358, ,CFS
SHA,H,76,INFLOW,20140601,2100,6237, ,CFS
SHA,H,76,INFLOW,20140601,2200,8314, ,CFS
SHA,H,76,INFLOW,20140601,2300,1030, ,CFS
SHA,H,76,INFLOW,20140602,0000,6436, ,CFS
SHA,H,76,INFLOW,20140602,0100,3623, ,CFS
SHA,H,76,INFLOW,20140602,0200,3622, ,CFS
SHA,H,76,INFLOW,20140602,0300,1249, ,CFS
SHA,H,76,INFLOW,20140602,0400,1126, ,CFS
SHA,H,76,INFLOW,20140602,0500,1298, ,CFS
SHA,H,76,INFLOW,20140602,0600,1606, ,CFS
SHA,H,76,INFLOW,20140602,0700,-712, ,CFS
SHA,H,76,INFLOW,20140602,0800,2424, ,CFS
SHA,H,76,INFLOW,20140602,0900,-751, ,CFS
SHA,H,76,INFLOW,20140602,1000,553, ,CFS
SHA,H,76,INFLOW,20140602,1100,-609, ,CFS
SHA,H,76,INFLOW,20140602,1200,321, ,CFS
SHA,H,76,INFLOW,20140602,1300,3803, ,CFS
SHA,H,76,INFLOW,20140602,1400,-63, ,CFS
SHA,H,76,INFLOW,20140602,1500,5969, ,CFS
SHA,H,76,INFLOW,20140602,1600,2578, ,CFS
SHA,H,76,INFLOW,20140602,1700,6812, ,CFS
SHA,H,76,INFLOW,20140602,1800,5105, ,CFS
SHA,H,76,INFLOW,20140602,1900,5699, ,CFS
SHA,H,76,INFLOW,20140602,2000,10166, ,CFS
SHA,H,76,INFLOW,20140602,2100,-813, ,CFS
SHA,H,76,INFLOW,20140602,2200,8084, ,CFS
SHA,H,76,INFLOW,20140602,2300,5768, ,CFS
SHA,H,76,INFLOW,20140603,0000,4862, ,CFS
SHA,H,76,INFLOW,20140603,0100,537, ,CFS
SHA,H,76,INFLOW,20140603,0200,2512, ,CFS
SHA,H,76,INFLOW,20140603,0300,2404, ,CFS
SHA,H,76,INFLOW,20140603,0400,2439, ,CFS
SHA,H,76,INFLOW,20140603,0500,254, ,CFS
SHA,H,76,INFLOW,20140603,0600,-1613, ,CFS
SHA,H,76,INFLOW,20140603,0700,3819, ,CFS
SHA,H,76,INFLOW,20140603,0800,-499, ,CFS
SHA,H,76,INFLOW,20140603,0900,-582, ,CFS
SHA,H,76,INFLOW,20140603,1000,-223, ,CFS
SHA,H,76,INFLOW,20140603,1100,670, ,CFS
SHA,H,76,INFLOW,20140603,1200,-680, ,CFS
SHA,H,76,INFLOW,20140603,1300,1607, ,CFS
SHA,H,76,INFLOW,20140603,1400,-1433, ,CFS
SHA,H,76,INFLOW,20140603,1500,2467, ,CFS
SHA,H,76,INFLOW,20140603,1600,7261, ,CFS
SHA,H,76,INFLOW,20140603,1700,2855, ,CFS
SHA,H,76,INFLOW,20140603,1800,7020, ,CFS
SHA,H,76,INFLOW,20140603,1900,7561, ,CFS
SHA,H,76,INFLOW,20140603,2000,5067, ,CFS
SHA,H,76,INFLOW,20140603,2100,6607, ,CFS
SHA,H,76,INFLOW,20140603,2200,6401, ,CFS
SHA,H,76,INFLOW,20140603,2300,3427, ,CFS
SHA,H,76,INFLOW,20140604,0000,1984, ,CFS
SHA,H,76,INFLOW,20140604,0100,4091, ,CFS
SHA,H,76,INFLOW,20140604,0200,-159, ,CFS
SHA,H,76,INFLOW,20140604,0300,2283, ,CFS
SHA,H,76,INFLOW,20140604,0400,2232, ,CFS
SHA,H,76,INFLOW,20140604,0500,132, ,CFS
SHA,H,76,INFLOW,20140604,0600,2547, ,CFS
SHA,H,76,INFLOW,20140604,0700,522, ,CFS
SHA,H,76,INFLOW,20140604,0800,-1028, ,CFS
SHA,H,76,INFLOW,20140604,0900,1064, ,CFS
SHA,H,76,INFLOW,20140604,1000,-5544, ,CFS
SHA,H,76,INFLOW,20140604,1100,-2957, ,CFS
SHA,H,76,INFLOW,20140604,1200,-1683, ,CFS
SHA,H,76,INFLOW,20140604,1300,-4014, ,CFS
SHA,H,76,INFLOW,20140604,1400,2177, ,CFS
SHA,H,76,INFLOW,20140604,1500,7378, ,CFS
SHA,H,76,INFLOW,20140604,1600,5940, ,CFS
SHA,H,76,INFLOW,20140604,1700,3793, ,CFS
SHA,H,76,INFLOW,20140604,1800,7755, ,CFS
SHA,H,76,INFLOW,20140604,1900,5689, ,CFS
SHA,H,76,INFLOW,20140604,2000,3618, ,CFS
SHA,H,76,INFLOW,20140604,2100,9690, ,CFS
SHA,H,76,INFLOW,20140604,2200,5590, ,CFS
SHA,H,76,INFLOW,20140604,2300,1637, ,CFS
SHA,H,76,INFLOW,20140605,0000,4205, ,CFS
SHA,H,76,INFLOW,20140605,0100,1389, ,CFS
SHA,H,76,INFLOW,20140605,0200,1287, ,CFS
SHA,H,76,INFLOW,20140605,0300,3073, ,CFS
SHA,H,76,INFLOW,20140605,0400,1029, ,CFS
SHA,H,76,INFLOW,20140605,0500,-802, ,CFS
SHA,H,76,INFLOW,20140605,0600,3640, ,CFS
SHA,H,76,INFLOW,20140605,0700,-1498, ,CFS
SHA,H,76,INFLOW,20140605,0800,2266, ,CFS
SHA,H,76,INFLOW,20140605,0900,432, ,CFS
SHA,H,76,INFLOW,20140605,1000,2743, ,CFS
SHA,H,76,INFLOW,20140605,1100,884, ,CFS
SHA,H,76,INFLOW,20140605,1200,3620, ,CFS
SHA,H,76,INFLOW,20140605,1300,2243, ,CFS
SHA,H,76,INFLOW,20140605,1400,3466, ,CFS
SHA,H,76,INFLOW,20140605,1500,1434, ,CFS
SHA,H,76,INFLOW,20140605,1600,5924, ,CFS
SHA,H,76,INFLOW,20140605,1700,3465, ,CFS
SHA,H,76,INFLOW,20140605,1800,2315, ,CFS
SHA,H,76,INFLOW,20140605,1900,6767, ,CFS
SHA,H,76,INFLOW,20140605,2000,1760, ,CFS
SHA,H,76,INFLOW,20140605,2100,4614, ,CFS
SHA,H,76,INFLOW,20140605,2200,7340, ,CFS
SHA,H,76,INFLOW,20140605,2300,685, ,CFS
SHA,H,76,INFLOW,20140606,0000,4969, ,CFS
SHA,H,76,INFLOW,20140606,0100,383, ,CFS
SHA,H,76,INFLOW,20140606,0200,4685, ,CFS
SHA,H,76,INFLOW,20140606,0300,2796, ,CFS
SHA,H,76,INFLOW,20140606,0400,-1228, ,CFS
SHA,H,76,INFLOW,20140606,0500,2982, ,CFS
SHA,H,76,INFLOW,20140606,0600,2711, ,CFS
SHA,H,76,INFLOW,20140606,0700,-1227, ,CFS
SHA,H,76,INFLOW,20140606,0800,1373, ,CFS
SHA,H,76,INFLOW,20140606,0900,970, ,CFS
SHA,H,76,INFLOW,20140606,1000,-2699, ,CFS
SHA,H,76,INFLOW,20140606,1100,1950, ,CFS
SHA,H,76,INFLOW,20140606,1200,-4025, ,CFS
SHA,H,76,INFLOW,20140606,1300,-1546, ,CFS
SHA,H,76,INFLOW,20140606,1400,6853, ,CFS
SHA,H,76,INFLOW,20140606,1500,1791, ,CFS
SHA,H,76,INFLOW,20140606,1600,9691, ,CFS
SHA,H,76,INFLOW,20140606,1700,5356, ,CFS
SHA,H,76,INFLOW,20140606,1800,5551, ,CFS
SHA,H,76,INFLOW,20140606,1900,5541, ,CFS
SHA,H,76,INFLOW,20140606,2000,5750, ,CFS
SHA,H,76,INFLOW,20140606,2100,5500, ,CFS
SHA,H,76,INFLOW,20140606,2200,7354, ,CFS
SHA,H,76,INFLOW,20140606,2300,1801, ,CFS
SHA,H,76,INFLOW,20140607,0000,4584, ,CFS
SHA,H,76,INFLOW,20140607,0100,4110, ,CFS
SHA,H,76,INFLOW,20140607,0200,-3068, ,CFS
SHA,H,76,INFLOW,20140607,0300,3767, ,CFS
SHA,H,76,INFLOW,20140607,0400,3849, ,CFS
SHA,H,76,INFLOW,20140607,0500,-2169, ,CFS
SHA,H,76,INFLOW,20140607,0600,1841, ,CFS
SHA,H,76,INFLOW,20140607,0700,935, ,CFS
SHA,H,76,INFLOW,20140607,0800,-955, ,CFS
SHA,H,76,INFLOW,20140607,0900,3998, ,CFS
SHA,H,76,INFLOW,20140607,1000,-2301, ,CFS
SHA,H,76,INFLOW,20140607,1100,1329, ,CFS
SHA,H,76,INFLOW,20140607,1200,1748, ,CFS
SHA,H,76,INFLOW,20140607,1300,2686, ,CFS
SHA,H,76,INFLOW,20140607,1400,-154, ,CFS
SHA,H,76,INFLOW,20140607,1500,2922, ,CFS
SHA,H,76,INFLOW,20140607,1600,6441, ,CFS
SHA,H,76,INFLOW,20140607,1700,3136, ,CFS
SHA,H,76,INFLOW,20140607,1800,3924, ,CFS
SHA,H,76,INFLOW,20140607,1900,6212, ,CFS
SHA,H,76,INFLOW,20140607,2000,4067, ,CFS
SHA,H,76,INFLOW,20140607,2100,5457, ,CFS
SHA,H,76,INFLOW,20140607,2200,4531, ,CFS
SHA,H,76,INFLOW,20140607,2300,3302, ,CFS
SHA,H,76,INFLOW,20140608,0000,2708, ,CFS
SHA,H,76,INFLOW,20140608,0100,2419, ,CFS
SHA,H,76,INFLOW,20140608,0200,-271, ,CFS
SHA,H,76,INFLOW,20140608,0300,1798, ,CFS
SHA,H,76,INFLOW,20140608,0400,1907, ,CFS
SHA,H,76,INFLOW,20140608,0500,-233, ,CFS
SHA,H,76,INFLOW,20140608,0600,1783, ,CFS
SHA,H,76,INFLOW,20140608,0700,2052, ,CFS
SHA,H,76,INFLOW,20140608,0800,-87, ,CFS
SHA,H,76,INFLOW,20140608,0900,-619, ,CFS
SHA,H,76,INFLOW,20140608,1000,421, ,CFS
SHA,H,76,INFLOW,20140608,1100,-2083, ,CFS
SHA,H,76,INFLOW,20140608,1200,277, ,CFS
SHA,H,76,INFLOW,20140608,1300,-1883, ,CFS
SHA,H,76,INFLOW,20140608,1400,475, ,CFS
SHA,H,76,INFLOW,20140608,1500,3470, ,CFS
SHA,H,76,INFLOW,20140608,1600,3580, ,CFS
SHA,H,76,INFLOW,20140608,1700,6674, ,CFS
SHA,H,76,INFLOW,20140608,1800,4739, ,CFS
SHA,H,76,INFLOW,20140608,1900,7067, ,CFS
SHA,H,76,INFLOW,20140608,2000,7063, ,CFS
SHA,H,76,INFLOW,20140608,2100,4750, ,CFS
SHA,H,76,INFLOW,20140608,2200,8903, ,CFS
SHA,H,76,INFLOW,20140608,2300,1778, ,CFS
SHA,H,76,INFLOW,20140609,0000,3543, ,CFS
SHA,H,76,INFLOW,20140609,0100,1109, ,CFS
SHA,H,76,INFLOW,20140609,0200,2692, ,CFS
SHA,H,76,INFLOW,20140609,0300,-1561, ,CFS
SHA,H,76,INFLOW,20140609,0400,2769, ,CFS
SHA,H,76,INFLOW,20140609,0500,1236, ,CFS
SHA,H,76,INFLOW,20140609,0600,-844, ,CFS
SHA,H,76,INFLOW,20140609,0700,2208, ,CFS
SHA,H,76,INFLOW,20140609,0800,703, ,CFS
SHA,H,76,INFLOW,20140609,0900,-3274, ,CFS
SHA,H,76,INFLOW,20140609,1000,1134, ,CFS
SHA,H,76,INFLOW,20140609,1100,1943, ,CFS
SHA,H,76,INFLOW,20140609,1200,-5102, ,CFS
SHA,H,76,INFLOW,20140609,1300,10662, ,CFS
SHA,H,76,INFLOW,20140609,1400,5916, ,CFS
SHA,H,76,INFLOW,20140609,1500,4101, ,CFS
SHA,H,76,INFLOW,20140609,1600,10435, ,CFS
SHA,H,76,INFLOW,20140609,1700,2617, ,CFS
SHA,H,76,INFLOW,20140609,1800,2476, ,CFS
SHA,H,76,INFLOW,20140609,1900,6706, ,CFS
SHA,H,76,INFLOW,20140609,2000,5446, ,CFS
SHA,H,76,INFLOW,20140609,2100,7080, ,CFS
SHA,H,76,INFLOW,20140609,2200,8071, ,CFS
SHA,H,76,INFLOW,20140609,2300,1002, ,CFS
SHA,H,76,INFLOW,20140610,0000,4316, ,CFS
SHA,H,76,INFLOW,20140610,0100,1237, ,CFS
SHA,H,76,INFLOW,20140610,0200,1024, ,CFS
SHA,H,76,INFLOW,20140610,0300,2980, ,CFS
SHA,H,76,INFLOW,20140610,0400,903, ,CFS
SHA,H,76,INFLOW,20140610,0500,1067, ,CFS
SHA,H,76,INFLOW,20140610,0600,941, ,CFS
SHA,H,76,INFLOW,20140610,0700,2271, ,CFS
SHA,H,76,INFLOW,20140610,0800,-2359, ,CFS
SHA,H,76,INFLOW,20140610,0900,2200, ,CFS
SHA,H,76,INFLOW,20140610,1000,-1401, ,CFS
SHA,H,76,INFLOW,20140610,1100,-2484, ,CFS
SHA,H,76,INFLOW,20140610,1200,-1192, ,CFS
SHA,H,76,INFLOW,20140610,1300,2470, ,CFS
SHA,H,76,INFLOW,20140610,1400,-671, ,CFS
SHA,H,76,INFLOW,20140610,1500,6878, ,CFS
SHA,H,76,INFLOW,20140610,1600,-726, ,CFS
SHA,H,76,INFLOW,20140610,1700,6278, ,CFS
SHA,H,76,INFLOW,20140610,1800,8444, ,CFS
SHA,H,76,INFLOW,20140610,1900,595, ,CFS
SHA,H,76,INFLOW,20140610,2000,6687, ,CFS
SHA,H,76,INFLOW,20140610,2100,2028, ,CFS
SHA,H,76,INFLOW,20140610,2200,2232, ,CFS
SHA,H,76,INFLOW,20140610,2300,3848, ,CFS
SHA,H,76,INFLOW,20140611,0000,1092, ,CFS
SHA,H,76,INFLOW,20140611,0100,4074, ,CFS
SHA,H,76,INFLOW,20140611,0200,1917, ,CFS
SHA,H,76,INFLOW,20140611,0300,5537, ,CFS
SHA,H,76,INFLOW,20140611,0400,-932, ,CFS
SHA,H,76,INFLOW,20140611,0500,3149, ,CFS
SHA,H,76,INFLOW,20140611,0600,-992, ,CFS
SHA,H,76,INFLOW,20140611,0700,-492, ,CFS
SHA,H,76,INFLOW,20140611,0800,2178, ,CFS
SHA,H,76,INFLOW,20140611,0900,2128, ,CFS
SHA,H,76,INFLOW,20140611,1000,2169, ,CFS
SHA,H,76,INFLOW,20140611,1100,651, ,CFS
SHA,H,76,INFLOW,20140611,1200,1813, ,CFS
SHA,H,76,INFLOW,20140611,1300,-1925, ,CFS
SHA,H,76,INFLOW,20140611,1400,6799, ,CFS
SHA,H,76,INFLOW,20140611,1500,2673, ,CFS
SHA,H,76,INFLOW,20140611,1600,6233, ,CFS
SHA,H,76,INFLOW,20140611,1700,6156, ,CFS
SHA,H,76,INFLOW,20140611,1800,3753, ,CFS
SHA,H,76,INFLOW,20140611,1900,5996, ,CFS
SHA,H,76,INFLOW,20140611,2000,4470, ,CFS
SHA,H,76,INFLOW,20140611,2100,6350, ,CFS
SHA,H,76,INFLOW,20140611,2200,5021, ,CFS
SHA,H,76,INFLOW,20140611,2300,5831, ,CFS
SHA,H,76,INFLOW,20140612,0000,3170, ,CFS
SHA,H,76,INFLOW,20140612,0100,1903, ,CFS
SHA,H,76,INFLOW,20140612,0200,2285, ,CFS
SHA,H,76,INFLOW,20140612,0300,1906, ,CFS
SHA,H,76,INFLOW,20140612,0400,140, ,CFS
SHA,H,76,INFLOW,20140612,0500,384, ,CFS
SHA,H,76,INFLOW,20140612,0600,2699, ,CFS
SHA,H,76,INFLOW,20140612,0700,1129, ,CFS
SHA,H,76,INFLOW,20140612,0800,-639, ,CFS
SHA,H,76,INFLOW,20140612,0900,1438, ,CFS
SHA,H,76,INFLOW,20140612,1000,-320, ,CFS
SHA,H,76,INFLOW,20140612,1100,-1315, ,CFS
SHA,H,76,INFLOW,20140612,1200,732, ,CFS
SHA,H,76,INFLOW,20140612,1300,1522, ,CFS
SHA,H,76,INFLOW,20140612,1400,3412, ,CFS
SHA,H,76,INFLOW,20140612,1500,3466, ,CFS
SHA,H,76,INFLOW,20140612,1600,3050, ,CFS
SHA,H,76,INFLOW,20140612,1700,3135, ,CFS
SHA,H,76,INFLOW,20140612,1800,6250, ,CFS
SHA,H,76,INFLOW,20140612,1900,4108, ,CFS
SHA,H,76,INFLOW,20140612,2000,3741, ,CFS
SHA,H,76,INFLOW,20140612,2100,4984, ,CFS
SHA,H,76,INFLOW,20140612,2200,10485, ,CFS
SHA,H,76,INFLOW,20140612,2300,3182, ,CFS
SHA,H,76,INFLOW,20140613,0000,6908, ,CFS
SHA,H,76,INFLOW,20140613,0100,6388, ,CFS
SHA,H,76,INFLOW,20140613,0200,2013, ,CFS
SHA,H,76,INFLOW,20140613,0300,1843, ,CFS
SHA,H,76,INFLOW,20140613,0400,1850, ,CFS
SHA,H,76,INFLOW,20140613,0500,-137, ,CFS
SHA,H,76,INFLOW,20140613,0600,-2, ,CFS
SHA,H,76,INFLOW,20140613,0700,-495, ,CFS
SHA,H,76,INFLOW,20140613,0800,1798, ,CFS
SHA,H,76,INFLOW,20140613,0900,-348, ,CFS
SHA,H,76,INFLOW,20140613,1000,394, ,CFS
SHA,H,76,INFLOW,20140613,1100,-1129, ,CFS
SHA,H,76,INFLOW,20140613,1200,3447, ,CFS
SHA,H,76,INFLOW,20140613,1300,-1097, ,CFS
SHA,H,76,INFLOW,20140613,1400,1262, ,CFS
SHA,H,76,INFLOW,20140613,1500,431, ,CFS
SHA,H,76,INFLOW,20140613,1600,2459, ,CFS
SHA,H,76,INFLOW,20140613,1700,7136, ,CFS
SHA,H,76,INFLOW,20140613,1800,5084, ,CFS
SHA,H,76,INFLOW,20140613,1900,6896, ,CFS
SHA,H,76,INFLOW,20140613,2000,4096, ,CFS
SHA,H,76,INFLOW,20140613,2100,3529, ,CFS
SHA,H,76,INFLOW,20140613,2200,6182, ,CFS
SHA,H,76,INFLOW,20140613,2300,5724, ,CFS
SHA,H,76,INFLOW,20140614,0000,4335, ,CFS
SHA,H,76,INFLOW,20140614,0100,670, ,CFS
SHA,H,76,INFLOW,20140614,0200,343, ,CFS
SHA,H,76,INFLOW,20140614,0300,-303, ,CFS
SHA,H,76,INFLOW,20140614,0400,3530, ,CFS
SHA,H,76,INFLOW,20140614,0500,-1141, ,CFS
SHA,H,76,INFLOW,20140614,0600,-1162, ,CFS
SHA,H,76,INFLOW,20140614,0700,3162, ,CFS
SHA,H,76,INFLOW,20140614,0800,-963, ,CFS
SHA,H,76,INFLOW,20140614,0900,1628, ,CFS
SHA,H,76,INFLOW,20140614,1000,1485, ,CFS
SHA,H,76,INFLOW,20140614,1100,-1458, ,CFS
SHA,H,76,INFLOW,20140614,1200,-2794, ,CFS
SHA,H,76,INFLOW,20140614,1300,1801, ,CFS
SHA,H,76,INFLOW,20140614,1400,5278, ,CFS
SHA,H,76,INFLOW,20140614,1500,3065, ,CFS
SHA,H,76,INFLOW,20140614,1600,5895, ,CFS
SHA,H,76,INFLOW,20140614,1700,3706, ,CFS
SHA,H,76,INFLOW,20140614,1800,2900, ,CFS
SHA,H,76,INFLOW,20140614,1900,5854, ,CFS
SHA,H,76,INFLOW,20140614,2000,6077, ,CFS
SHA,H,76,INFLOW,20140614,2100,4023, ,CFS
SHA,H,76,INFLOW,20140614,2200,5268, ,CFS
SHA,H,76,INFLOW,20140614,2300,6830, ,CFS
SHA,H,76,INFLOW,20140615,0000,3354, ,CFS
SHA,H,76,INFLOW,20140615,0100,3852, ,CFS
SHA,H,76,INFLOW,20140615,0200,-799, ,CFS
SHA,H,76,INFLOW,20140615,0300,2707, ,CFS
SHA,H,76,INFLOW,20140615,0400,2671, ,CFS
SHA,H,76,INFLOW,20140615,0500,-1543, ,CFS
SHA,H,76,INFLOW,20140615,0600,460, ,CFS
SHA,H,76,INFLOW,20140615,0700,4346, ,CFS
SHA,H,76,INFLOW,20140615,0800,-2179, ,CFS
SHA,H,76,INFLOW,20140615,0900,533, ,CFS
SHA,H,76,INFLOW,20140615,1000,701, ,CFS
SHA,H,76,INFLOW,20140615,1100,-2991, ,CFS
SHA,H,76,INFLOW,20140615,1200,2701, ,CFS
SHA,H,76,INFLOW,20140615,1300,-535, ,CFS
SHA,H,76,INFLOW,20140615,1400,4307, ,CFS
SHA,H,76,INFLOW,20140615,1500,-2212, ,CFS
SHA,H,76,INFLOW,20140615,1600,10746, ,CFS
SHA,H,76,INFLOW,20140615,1700,1997, ,CFS
SHA,H,76,INFLOW,20140615,1800,5077, ,CFS
SHA,H,76,INFLOW,20140615,1900,2931, ,CFS
SHA,H,76,INFLOW,20140615,2000,4649, ,CFS
SHA,H,76,INFLOW,20140615,2100,4901, ,CFS
SHA,H,76,INFLOW,20140615,2200,6034, ,CFS
SHA,H,76,INFLOW,20140615,2300,2843, ,CFS
SHA,H,76,INFLOW,20140616,0000,6882, ,CFS
SHA,H,76,INFLOW,20140616,0100,2340, ,CFS
SHA,H,76,INFLOW,20140616,0200,2036, ,CFS
SHA,H,76,INFLOW,20140616,0300,1015, ,CFS
SHA,H,76,INFLOW,20140616,0400,2948, ,CFS
SHA,H,76,INFLOW,20140616,0500,-3265, ,CFS
SHA,H,76,INFLOW,20140616,0600,1623, ,CFS
SHA,H,76,INFLOW,20140616,0700,1198, ,CFS
SHA,H,76,INFLOW,20140616,0800,-2287, ,CFS
SHA,H,76,INFLOW,20140616,0900,1979, ,CFS
SHA,H,76,INFLOW,20140616,1000,326, ,CFS
SHA,H,76,INFLOW,20140616,1100,-954, ,CFS
SHA,H,76,INFLOW,20140616,1200,141, ,CFS
SHA,H,76,INFLOW,20140616,1300,1767, ,CFS
SHA,H,76,INFLOW,20140616,1400,259, ,CFS
SHA,H,76,INFLOW,20140616,1500,2737, ,CFS
SHA,H,76,INFLOW,20140616,1600,-41, ,CFS
SHA,H,76,INFLOW,20140616,1700,4771, ,CFS
SHA,H,76,INFLOW,20140616,1800,4526, ,CFS
SHA,H,76,INFLOW,20140616,1900,6656, ,CFS
SHA,H,76,INFLOW,20140616,2000,4198, ,CFS
SHA,H,76,INFLOW,20140616,2100,3596, ,CFS
SHA,H,76,INFLOW,20140616,2200,4324, ,CFS
SHA,H,76,INFLOW,20140616,2300,5286, ,CFS
SHA,H,76,INFLOW,20140617,0000,3906, ,CFS
SHA,H,76,INFLOW,20140617,0100,6092, ,CFS
SHA,H,76,INFLOW,20140617,0200,1184, ,CFS
SHA,H,76,INFLOW,20140617,0300,4657, ,CFS
SHA,H,76,INFLOW,20140617,0400,-997, ,CFS
SHA,H,76,INFLOW,20140617,0500,-851, ,CFS
SHA,H,76,INFLOW,20140617,0600,1543, ,CFS
SHA,H,76,INFLOW,20140617,0700,4024, ,CFS
SHA,H,76,INFLOW,20140617,0800,-2249, ,CFS
SHA,H,76,INFLOW,20140617,0900,-402, ,CFS
SHA,H,76,INFLOW,20140617,1000,227, ,CFS
SHA,H,76,INFLOW,20140617,1100,521, ,CFS
SHA,H,76,INFLOW,20140617,1200,119, ,CFS
SHA,H,76,INFLOW,20140617,1300,-316, ,CFS
SHA,H,76,INFLOW,20140617,1400,3314, ,CFS
SHA,H,76,INFLOW,20140617,1500,3113, ,CFS
SHA,H,76,INFLOW,20140617,1600,3813, ,CFS
SHA,H,76,INFLOW,20140617,1700,3925, ,CFS
SHA,H,76,INFLOW,20140617,1800,6706, ,CFS
SHA,H,76,INFLOW,20140617,1900,4662, ,CFS
SHA,H,76,INFLOW,20140617,2000,4523, ,CFS
SHA,H,76,INFLOW,20140617,2100,3892, ,CFS
SHA,H,76,INFLOW,20140617,2200,5456, ,CFS
SHA,H,76,INFLOW,20140617,2300,3607, ,CFS
SHA,H,76,INFLOW,20140618,0000,3642, ,CFS
SHA,H,76,INFLOW,20140618,0100,2595, ,CFS
SHA,H,76,INFLOW,20140618,0200,-126, ,CFS
SHA,H,76,INFLOW,20140618,0300,1533, ,CFS
SHA,H,76,INFLOW,20140618,0400,1553, ,CFS
SHA,H,76,INFLOW,20140618,0500,-541, ,CFS
SHA,H,76,INFLOW,20140618,0600,-324, ,CFS
SHA,H,76,INFLOW,20140618,0700,1725, ,CFS
SHA,H,76,INFLOW,20140618,0800,20, ,CFS
SHA,H,76,INFLOW,20140618,0900,-2062, ,CFS
SHA,H,76,INFLOW,20140618,1000,422, ,CFS
SHA,H,76,INFLOW,20140618,1100,-999, ,CFS
SHA,H,76,INFLOW,20140618,1200,2836, ,CFS
SHA,H,76,INFLOW,20140618,1300,642, ,CFS
SHA,H,76,INFLOW,20140618,1400,1379, ,CFS
SHA,H,76,INFLOW,20140618,1500,5315, ,CFS
SHA,H,76,INFLOW,20140618,1600,4752, ,CFS
SHA,H,76,INFLOW,20140618,1700,5448, ,CFS
SHA,H,76,INFLOW,20140618,1800,6457, ,CFS
SHA,H,76,INFLOW,20140618,1900,4481, ,CFS
SHA,H,76,INFLOW,20140618,2000,8540, ,CFS
SHA,H,76,INFLOW,20140618,2100,4443, ,CFS
SHA,H,76,INFLOW,20140618,2200,5725, ,CFS
SHA,H,76,INFLOW,20140618,2300,7799, ,CFS
SHA,H,76,INFLOW,20140619,0000,-264, ,CFS
SHA,H,76,INFLOW,20140619,0100,4802, ,CFS
SHA,H,76,INFLOW,20140619,0200,663, ,CFS
SHA,H,76,INFLOW,20140619,0300,2246, ,CFS
SHA,H,76,INFLOW,20140619,0400,67, ,CFS
SHA,H,76,INFLOW,20140619,0500,2427, ,CFS
SHA,H,76,INFLOW,20140619,0600,381, ,CFS
SHA,H,76,INFLOW,20140619,0700,1554, ,CFS
SHA,H,76,INFLOW,20140619,0800,14, ,CFS
SHA,H,76,INFLOW,20140619,0900,-123, ,CFS
SHA,H,76,INFLOW,20140619,1000,2184, ,CFS
SHA,H,76,INFLOW,20140619,1100,-1182, ,CFS
SHA,H,76,INFLOW,20140619,1200,2408, ,CFS
SHA,H,76,INFLOW,20140619,1300,514, ,CFS
SHA,H,76,INFLOW,20140619,1400,4100, ,CFS
SHA,H,76,INFLOW,20140619,1500,7745, ,CFS
SHA,H,76,INFLOW,20140619,1600,4187, ,CFS
SHA,H,76,INFLOW,20140619,1700,6189, ,CFS
SHA,H,76,INFLOW,20140619,1800,1882, ,CFS
SHA,H,76,INFLOW,20140619,1900,1597, ,CFS
SHA,H,76,INFLOW,20140619,2000,1182, ,CFS
SHA,H,76,INFLOW,20140619,2100,5717, ,CFS
SHA,H,76,INFLOW,20140619,2200,2717, ,CFS
SHA,H,76,INFLOW,20140619,2300,6260, ,CFS
SHA,H,76,INFLOW,20140620,0000,3444, ,CFS
SHA,H,76,INFLOW,20140620,0100,2907, ,CFS
SHA,H,76,INFLOW,20140620,0200,2934, ,CFS
SHA,H,76,INFLOW,20140620,0300,282, ,CFS
SHA,H,76,INFLOW,20140620,0400,4406, ,CFS
SHA,H,76,INFLOW,20140620,0500,2474, ,CFS
SHA,H,76,INFLOW,20140620,0600,-1538, ,CFS
SHA,H,76,INFLOW,20140620,0700,3413, ,CFS
SHA,H,76,INFLOW,20140620,0800,-181, ,CFS
SHA,H,76,INFLOW,20140620,0900,-60, ,CFS
SHA,H,76,INFLOW,20140620,1000,492, ,CFS
SHA,H,76,INFLOW,20140620,1100,1154, ,CFS
SHA,H,76,INFLOW,20140620,1200,493, ,CFS
SHA,H,76,INFLOW,20140620,1300,5883, ,CFS
SHA,H,76,INFLOW,20140620,1400,500, ,CFS
SHA,H,76,INFLOW,20140620,1500,2672, ,CFS
SHA,H,76,INFLOW,20140620,1600,7084, ,CFS
SHA,H,76,INFLOW,20140620,1700,2805, ,CFS
SHA,H,76,INFLOW,20140620,1800,7079, ,CFS
SHA,H,76,INFLOW,20140620,1900,4610, ,CFS
SHA,H,76,INFLOW,20140620,2000,6959, ,CFS
SHA,H,76,INFLOW,20140620,2100,4489, ,CFS
SHA,H,76,INFLOW,20140620,2200,5759, ,CFS
SHA,H,76,INFLOW,20140620,2300,7504, ,CFS
SHA,H,76,INFLOW,20140621,0000,1697, ,CFS
SHA,H,76,INFLOW,20140621,0100,5913, ,CFS
SHA,H,76,INFLOW,20140621,0200,-440, ,CFS
SHA,H,76,INFLOW,20140621,0300,1405, ,CFS
SHA,H,76,INFLOW,20140621,0400,1283, ,CFS
SHA,H,76,INFLOW,20140621,0500,1179, ,CFS
SHA,H,76,INFLOW,20140621,0600,-966, ,CFS
SHA,H,76,INFLOW,20140621,0700,3834, ,CFS
SHA,H,76,INFLOW,20140621,0800,869, ,CFS
SHA,H,76,INFLOW,20140621,0900,1711, ,CFS
SHA,H,76,INFLOW,20140621,1000,139, ,CFS
SHA,H,76,INFLOW,20140621,1100,-1986, ,CFS
SHA,H,76,INFLOW,20140621,1200,1699, ,CFS
SHA,H,76,INFLOW,20140621,1300,1975, ,CFS
SHA,H,76,INFLOW,20140621,1400,2796, ,CFS
SHA,H,76,INFLOW,20140621,1500,596, ,CFS
SHA,H,76,INFLOW,20140621,1600,6054, ,CFS
SHA,H,76,INFLOW,20140621,1700,5049, ,CFS
SHA,H,76,INFLOW,20140621,1800,4716, ,CFS
SHA,H,76,INFLOW,20140621,1900,6553, ,CFS
SHA,H,76,INFLOW,20140621,2000,6323, ,CFS
SHA,H,76,INFLOW,20140621,2100,5987, ,CFS
SHA,H,76,INFLOW,20140621,2200,4232, ,CFS
SHA,H,76,INFLOW,20140621,2300,1894, ,CFS
SHA,H,76,INFLOW,20140622,0000,3833, ,CFS
SHA,H,76,INFLOW,20140622,0100,1010, ,CFS
SHA,H,76,INFLOW,20140622,0200,2888, ,CFS
SHA,H,76,INFLOW,20140622,0300,678, ,CFS
SHA,H,76,INFLOW,20140622,0400,1176, ,CFS
SHA,H,76,INFLOW,20140622,0500,974, ,CFS
SHA,H,76,INFLOW,20140622,0600,-864, ,CFS
SHA,H,76,INFLOW,20140622,0700,2795, ,CFS
SHA,H,76,INFLOW,20140622,0800,940, ,CFS
SHA,H,76,INFLOW,20140622,0900,1410, ,CFS
SHA,H,76,INFLOW,20140622,1000,1888, ,CFS
SHA,H,76,INFLOW,20140622,1100,-1870, ,CFS
SHA,H,76,INFLOW,20140622,1200,776, ,CFS
SHA,H,76,INFLOW,20140622,1300,955, ,CFS
SHA,H,76,INFLOW,20140622,1400,-398, ,CFS
SHA,H,76,INFLOW,20140622,1500,1597, ,CFS
SHA,H,76,INFLOW,20140622,1600,3212, ,CFS
SHA,H,76,INFLOW,20140622,1700,1884, ,CFS
SHA,H,76,INFLOW,20140622,1800,4019, ,CFS
SHA,H,76,INFLOW,20140622,1900,8395, ,CFS
SHA,H,76,INFLOW,20140622,2000,3590, ,CFS
SHA,H,76,INFLOW,20140622,2100,8370, ,CFS
SHA,H,76,INFLOW,20140622,2200,3606, ,CFS
SHA,H,76,INFLOW,20140622,2300,7944, ,CFS
SHA,H,76,INFLOW,20140623,0000,130, ,CFS
SHA,H,76,INFLOW,20140623,0100,3642, ,CFS
SHA,H,76,INFLOW,20140623,0200,1271, ,CFS
SHA,H,76,INFLOW,20140623,0300,2737, ,CFS
SHA,H,76,INFLOW,20140623,0400,2716, ,CFS
SHA,H,76,INFLOW,20140623,0500,671, ,CFS
SHA,H,76,INFLOW,20140623,0600,-811, ,CFS
SHA,H,76,INFLOW,20140623,0700,2207, ,CFS
SHA,H,76,INFLOW,20140623,0800,-1203, ,CFS
SHA,H,76,INFLOW,20140623,0900,2972, ,CFS
SHA,H,76,INFLOW,20140623,1000,-2303, ,CFS
SHA,H,76,INFLOW,20140623,1100,2207, ,CFS
SHA,H,76,INFLOW,20140623,1200,895, ,CFS
SHA,H,76,INFLOW,20140623,1300,470, ,CFS
SHA,H,76,INFLOW,20140623,1400,3843, ,CFS
SHA,H,76,INFLOW,20140623,1500,-659, ,CFS
SHA,H,76,INFLOW,20140623,1600,4876, ,CFS
SHA,H,76,INFLOW,20140623,1700,3784, ,CFS
SHA,H,76,INFLOW,20140623,1800,5400, ,CFS
SHA,H,76,INFLOW,20140623,1900,6737, ,CFS
SHA,H,76,INFLOW,20140623,2000,3826, ,CFS
SHA,H,76,INFLOW,20140623,2100,5871, ,CFS
SHA,H,76,INFLOW,20140623,2200,7057, ,CFS
SHA,H,76,INFLOW,20140623,2300,6299, ,CFS
SHA,H,76,INFLOW,20140624,0000,-176, ,CFS
SHA,H,76,INFLOW,20140624,0100,6490, ,CFS
SHA,H,76,INFLOW,20140624,0200,-3884, ,CFS
SHA,H,76,INFLOW,20140624,0300,1826, ,CFS
SHA,H,76,INFLOW,20140624,0400,3867, ,CFS
SHA,H,76,INFLOW,20140624,0500,60, ,CFS
SHA,H,76,INFLOW,20140624,0600,2275, ,CFS
SHA,H,76,INFLOW,20140624,0700,665, ,CFS
SHA,H,76,INFLOW,20140624,0800,2884, ,CFS
SHA,H,76,INFLOW,20140624,0900,2746, ,CFS
SHA,H,76,INFLOW,20140624,1000,3323, ,CFS
SHA,H,76,INFLOW,20140624,1100,1824, ,CFS
SHA,H,76,INFLOW,20140624,1200,3909, ,CFS
SHA,H,76,INFLOW,20140624,1300,797, ,CFS
SHA,H,76,INFLOW,20140624,1400,4327, ,CFS
SHA,H,76,INFLOW,20140624,1500,2236, ,CFS
SHA,H,76,INFLOW,20140624,1600,2306, ,CFS
SHA,H,76,INFLOW,20140624,1700,3612, ,CFS
SHA,H,76,INFLOW,20140624,1800,3690, ,CFS
SHA,H,76,INFLOW,20140624,1900,1679, ,CFS
SHA,H,76,INFLOW,20140624,2000,5827, ,CFS
SHA,H,76,INFLOW,20140624,2100,3678, ,CFS
SHA,H,76,INFLOW,20140624,2200,5572, ,CFS
SHA,H,76,INFLOW,20140624,2300,5113, ,CFS
SHA,H,76,INFLOW,20140625,0000,2624, ,CFS
SHA,H,76,INFLOW,20140625,0100,4231, ,CFS
SHA,H,76,INFLOW,20140625,0200,4200, ,CFS
SHA,H,76,INFLOW,20140625,0300,-355, ,CFS
SHA,H,76,INFLOW,20140625,0400,1625, ,CFS
SHA,H,76,INFLOW,20140625,0500,-157, ,CFS
SHA,H,76,INFLOW,20140625,0600,1072, ,CFS
SHA,H,76,INFLOW,20140625,0700,-515, ,CFS
SHA,H,76,INFLOW,20140625,0800,810, ,CFS
SHA,H,76,INFLOW,20140625,0900,3124, ,CFS
SHA,H,76,INFLOW,20140625,1000,1087, ,CFS
SHA,H,76,INFLOW,20140625,1100,363, ,CFS
SHA,H,76,INFLOW,20140625,1200,1374, ,CFS
SHA,H,76,INFLOW,20140625,1300,1297, ,CFS
SHA,H,76,INFLOW,20140625,1400,6746, ,CFS
SHA,H,76,INFLOW,20140625,1500,4904, ,CFS
SHA,H,76,INFLOW,20140625,1600,4564, ,CFS
SHA,H,76,INFLOW,20140625,1700,11169, ,CFS
SHA,H,76,INFLOW,20140625,1800,1035, ,CFS
SHA,H,76,INFLOW,20140625,1900,7426, ,CFS
SHA,H,76,INFLOW,20140625,2000,5898, ,CFS
SHA,H,76,INFLOW,20140625,2100,3818, ,CFS
SHA,H,76,INFLOW,20140625,2200,5732, ,CFS
SHA,H,76,INFLOW,20140625,2300,9446, ,CFS
SHA,H,76,INFLOW,20140626,0000,2675, ,CFS
SHA,H,76,INFLOW,20140626,0100,2036, ,CFS
SHA,H,76,INFLOW,20140626,0200,1826, ,CFS
SHA,H,76,INFLOW,20140626,0300,3577, ,CFS
SHA,H,76,INFLOW,20140626,0400,-743, ,CFS
SHA,H,76,INFLOW,20140626,0500,1596, ,CFS
SHA,H,76,INFLOW,20140626,0600,-68, ,CFS
SHA,H,76,INFLOW,20140626,0700,2723, ,CFS
SHA,H,76,INFLOW,20140626,0800,1365, ,CFS
SHA,H,76,INFLOW,20140626,0900,3175, ,CFS
SHA,H,76,INFLOW,20140626,1000,1055, ,CFS
SHA,H,76,INFLOW,20140626,1100,2801, ,CFS
SHA,H,76,INFLOW,20140626,1200,564, ,CFS
SHA,H,76,INFLOW,20140626,1300,-1898, ,CFS
SHA,H,76,INFLOW,20140626,1400,3866, ,CFS
SHA,H,76,INFLOW,20140626,1500,717, ,CFS
SHA,H,76,INFLOW,20140626,1600,1059, ,CFS
SHA,H,76,INFLOW,20140626,1700,5370, ,CFS
SHA,H,76,INFLOW,20140626,1800,2593, ,CFS
SHA,H,76,INFLOW,20140626,1900,661, ,CFS
SHA,H,76,INFLOW,20140626,2000,8239, ,CFS
SHA,H,76,INFLOW,20140626,2100,6426, ,CFS
SHA,H,76,INFLOW,20140626,2200,7957, ,CFS
SHA,H,76,INFLOW,20140626,2300,918, ,CFS
SHA,H,76,INFLOW,20140627,0000,4473, ,CFS
SHA,H,76,INFLOW,20140627,0100,3095, ,CFS
SHA,H,76,INFLOW,20140627,0200,-1037, ,CFS
SHA,H,76,INFLOW,20140627,0300,2489, ,CFS
SHA,H,76,INFLOW,20140627,0400,2663, ,CFS
SHA,H,76,INFLOW,20140627,0500,-1108, ,CFS
SHA,H,76,INFLOW,20140627,0600,779, ,CFS
SHA,H,76,INFLOW,20140627,0700,1836, ,CFS
SHA,H,76,INFLOW,20140627,0800,368, ,CFS
SHA,H,76,INFLOW,20140627,0900,6706, ,CFS
SHA,H,76,INFLOW,20140627,1000,-627, ,CFS
SHA,H,76,INFLOW,20140627,1100,3295, ,CFS
SHA,H,76,INFLOW,20140627,1200,2114, ,CFS
SHA,H,76,INFLOW,20140627,1300,-3150, ,CFS
SHA,H,76,INFLOW,20140627,1400,3755, ,CFS
SHA,H,76,INFLOW,20140627,1500,3226, ,CFS
SHA,H,76,INFLOW,20140627,1600,-4134, ,CFS
SHA,H,76,INFLOW,20140627,1700,3401, ,CFS
SHA,H,76,INFLOW,20140627,1800,3391, ,CFS
SHA,H,76,INFLOW,20140627,1900,3448, ,CFS
SHA,H,76,INFLOW,20140627,2000,3068, ,CFS
SHA,H,76,INFLOW,20140627,2100,6576, ,CFS
SHA,H,76,INFLOW,20140627,2200,5770, ,CFS
SHA,H,76,INFLOW,20140627,2300,2659, ,CFS
SHA,H,76,INFLOW,20140628,0000,7155, ,CFS
SHA,H,76,INFLOW,20140628,0100,693, ,CFS
SHA,H,76,INFLOW,20140628,0200,4923, ,CFS
SHA,H,76,INFLOW,20140628,0300,678, ,CFS
SHA,H,76,INFLOW,20140628,0400,-1698, ,CFS
SHA,H,76,INFLOW,20140628,0500,4681, ,CFS
SHA,H,76,INFLOW,20140628,0600,577, ,CFS
SHA,H,76,INFLOW,20140628,0700,1671, ,CFS
SHA,H,76,INFLOW,20140628,0800,2287, ,CFS
SHA,H,76,INFLOW,20140628,0900,742, ,CFS
SHA,H,76,INFLOW,20140628,1000,-1490, ,CFS
SHA,H,76,INFLOW,20140628,1100,312, ,CFS
SHA,H,76,INFLOW,20140628,1200,2467, ,CFS
SHA,H,76,INFLOW,20140628,1300,-1813, ,CFS
SHA,H,76,INFLOW,20140628,1400,2551, ,CFS
SHA,H,76,INFLOW,20140628,1500,3648, ,CFS
SHA,H,76,INFLOW,20140628,1600,45, ,CFS
SHA,H,76,INFLOW,20140628,1700,2072, ,CFS
SHA,H,76,INFLOW,20140628,1800,6199, ,CFS
SHA,H,76,INFLOW,20140628,1900,2090, ,CFS
SHA,H,76,INFLOW,20140628,2000,-117, ,CFS
SHA,H,76,INFLOW,20140628,2100,5831, ,CFS
SHA,H,76,INFLOW,20140628,2200,5787, ,CFS
SHA,H,76,INFLOW,20140628,2300,7647, ,CFS
SHA,H,76,INFLOW,20140629,0000,1022, ,CFS
SHA,H,76,INFLOW,20140629,0100,708, ,CFS
SHA,H,76,INFLOW,20140629,0200,2583, ,CFS
SHA,H,76,INFLOW,20140629,0300,770, ,CFS
SHA,H,76,INFLOW,20140629,0400,832, ,CFS
SHA,H,76,INFLOW,20140629,0500,2937, ,CFS
SHA,H,76,INFLOW,20140629,0600,-1181, ,CFS
SHA,H,76,INFLOW,20140629,0700,2854, ,CFS
SHA,H,76,INFLOW,20140629,0800,1357, ,CFS
SHA,H,76,INFLOW,20140629,0900,-279, ,CFS
SHA,H,76,INFLOW,20140629,1000,-272, ,CFS
SHA,H,76,INFLOW,20140629,1100,1923, ,CFS
SHA,H,76,INFLOW,20140629,1200,-1160, ,CFS
SHA,H,76,INFLOW,20140629,1300,1295, ,CFS
SHA,H,76,INFLOW,20140629,1400,4897, ,CFS
SHA,H,76,INFLOW,20140629,1500,1896, ,CFS
SHA,H,76,INFLOW,20140629,1600,3992, ,CFS
SHA,H,76,INFLOW,20140629,1700,3217, ,CFS
SHA,H,76,INFLOW,20140629,1800,2128, ,CFS
SHA,H,76,INFLOW,20140629,1900,5875, ,CFS
SHA,H,76,INFLOW,20140629,2000,4576, ,CFS
SHA,H,76,INFLOW,20140629,2100,3727, ,CFS
SHA,H,76,INFLOW,20140629,2200,7882, ,CFS
SHA,H,76,INFLOW,20140629,2300,4072, ,CFS
SHA,H,76,INFLOW,20140630,0000,1901, ,CFS
SHA,H,76,INFLOW,20140630,0100,2837, ,CFS
SHA,H,76,INFLOW,20140630,0200,576, ,CFS
SHA,H,76,INFLOW,20140630,0300,4251, ,CFS
SHA,H,76,INFLOW,20140630,0400,2430, ,CFS
SHA,H,76,INFLOW,20140630,0500,282, ,CFS
SHA,H,76,INFLOW,20140630,0600,-1438, ,CFS
SHA,H,76,INFLOW,20140630,0700,3628, ,CFS
SHA,H,76,INFLOW,20140630,0800,-1462, ,CFS
SHA,H,76,INFLOW,20140630,0900,-150, ,CFS
SHA,H,76,INFLOW,20140630,1000,2395, ,CFS
SHA,H,76,INFLOW,20140630,1100,720, ,CFS
SHA,H,76,INFLOW,20140630,1200,-1578, ,CFS
SHA,H,76,INFLOW,20140630,1300,4092, ,CFS
SHA,H,76,INFLOW,20140630,1400,961, ,CFS
SHA,H,76,INFLOW,20140630,1500,7834, ,CFS
SHA,H,76,INFLOW,20140630,1600,6313, ,CFS
SHA,H,76,INFLOW,20140630,1700,6238, ,CFS
SHA,H,76,INFLOW,20140630,1800,4253, ,CFS
SHA,H,76,INFLOW,20140630,1900,10098, ,CFS
SHA,H,76,INFLOW,20140630,2000,4880, ,CFS
SHA,H,76,INFLOW,20140630,2100,2849, ,CFS
SHA,H,76,INFLOW,20140630,2200,2693, ,CFS
SHA,H,76,INFLOW,20140630,2300,4853, ,CFS
SHA,H,76,INFLOW,20140701,0000,3754, ,CFS
SHA,H,76,INFLOW,20140701,0100,-1841, ,CFS
SHA,H,76,INFLOW,20140701,0200,3657, ,CFS
SHA,H,76,INFLOW,20140701,0300,1768, ,CFS
SHA,H,76,INFLOW,20140701,0400,-434, ,CFS
SHA,H,76,INFLOW,20140701,0500,1851, ,CFS
SHA,H,76,INFLOW,20140701,0600,68, ,CFS
SHA,H,76,INFLOW,20140701,0700,1990, ,CFS
SHA,H,76,INFLOW,20140701,0800,573, ,CFS
SHA,H,76,INFLOW,20140701,0900,199, ,CFS
SHA,H,76,INFLOW,20140701,1000,963, ,CFS
SHA,H,76,INFLOW,20140701,1100,2865, ,CFS
SHA,H,76,INFLOW,20140701,1200,-1285, ,CFS
SHA,H,76,INFLOW,20140701,1300,2671, ,CFS
SHA,H,76,INFLOW,20140701,1400,4587, ,CFS
SHA,H,76,INFLOW,20140701,1500,-13162, ,CFS
SHA,H,76,INFLOW,20140701,1600,3766, ,CFS
SHA,H,76,INFLOW,20140701,1700,7922, ,CFS
SHA,H,76,INFLOW,20140701,1800,8036, ,CFS
SHA,H,76,INFLOW,20140701,1900,6972, ,CFS
SHA,H,76,INFLOW,20140701,2000,3090, ,CFS
SHA,H,76,INFLOW,20140701,2100,3206, ,CFS
SHA,H,76,INFLOW,20140701,2200,7061, ,CFS
SHA,H,76,INFLOW,20140701,2300,639, ,CFS
SHA,H,76,INFLOW,20140702,0000,3178, ,CFS
SHA,H,76,INFLOW,20140702,0100,4262, ,CFS
SHA,H,76,INFLOW,20140702,0200,2227, ,CFS
SHA,H,76,INFLOW,20140702,0300,251, ,CFS
SHA,H,76,INFLOW,20140702,0400,4185, ,CFS
SHA,H,76,INFLOW,20140702,0500,-1686, ,CFS
SHA,H,76,INFLOW,20140702,0600,2361, ,CFS
SHA,H,76,INFLOW,20140702,0700,40, ,CFS
SHA,H,76,INFLOW,20140702,0800,912, ,CFS
SHA,H,76,INFLOW,20140702,0900,870, ,CFS
SHA,H,76,INFLOW,20140702,1000,1415, ,CFS
SHA,H,76,INFLOW,20140702,1100,316, ,CFS
SHA,H,76,INFLOW,20140702,1200,1436, ,CFS
SHA,H,76,INFLOW,20140702,1300,-904, ,CFS
SHA,H,76,INFLOW,20140702,1400,5864, ,CFS
SHA,H,76,INFLOW,20140702,1500,4122, ,CFS
SHA,H,76,INFLOW,20140702,1600,1059, ,CFS
SHA,H,76,INFLOW,20140702,1700,4677, ,CFS
SHA,H,76,INFLOW,20140702,1800,8143, ,CFS
SHA,H,76,INFLOW,20140702,1900,3272, ,CFS
SHA,H,76,INFLOW,20140702,2000,9926, ,CFS
SHA,H,76,INFLOW,20140702,2100,1875, ,CFS
SHA,H,76,INFLOW,20140702,2200,6341, ,CFS
SHA,H,76,INFLOW,20140702,2300,4360, ,CFS
SHA,H,76,INFLOW,20140703,0000,4978, ,CFS
SHA,H,76,INFLOW,20140703,0100,2987, ,CFS
SHA,H,76,INFLOW,20140703,0200,-1483, ,CFS
SHA,H,76,INFLOW,20140703,0300,4314, ,CFS
SHA,H,76,INFLOW,20140703,0400,2116, ,CFS
SHA,H,76,INFLOW,20140703,0500,536, ,CFS
SHA,H,76,INFLOW,20140703,0600,2457, ,CFS
SHA,H,76,INFLOW,20140703,0700,-1050, ,CFS
SHA,H,76,INFLOW,20140703,0800,-455, ,CFS
SHA,H,76,INFLOW,20140703,0900,1964, ,CFS
SHA,H,76,INFLOW,20140703,1000,70, ,CFS
SHA,H,76,INFLOW,20140703,1100,-643, ,CFS
SHA,H,76,INFLOW,20140703,1200,541, ,CFS
SHA,H,76,INFLOW,20140703,1300,538, ,CFS
SHA,H,76,INFLOW,20140703,1400,2389, ,CFS
SHA,H,76,INFLOW,20140703,1500,3215, ,CFS
SHA,H,76,INFLOW,20140703,1600,3405, ,CFS
SHA,H,76,INFLOW,20140703,1700,-715, ,CFS
SHA,H,76,INFLOW,20140703,1800,4490, ,CFS
SHA,H,76,INFLOW,20140703,1900,6587, ,CFS
SHA,H,76,INFLOW,20140703,2000,4987, ,CFS
SHA,H,76,INFLOW,20140703,2100,8076, ,CFS
SHA,H,76,INFLOW,20140703,2200,3028, ,CFS
SHA,H,76,INFLOW,20140703,2300,2676, ,CFS
SHA,H,76,INFLOW,20140704,0000,3853, ,CFS
SHA,H,76,INFLOW,20140704,0100,1550, ,CFS
SHA,H,76,INFLOW,20140704,0200,1047, ,CFS
SHA,H,76,INFLOW,20140704,0300,2493, ,CFS
SHA,H,76,INFLOW,20140704,0400,2691, ,CFS
SHA,H,76,INFLOW,20140704,0500,735, ,CFS
SHA,H,76,INFLOW,20140704,0600,616, ,CFS
SHA,H,76,INFLOW,20140704,0700,2597, ,CFS
SHA,H,76,INFLOW,20140704,0800,1113, ,CFS
SHA,H,76,INFLOW,20140704,0900,187, ,CFS
SHA,H,76,INFLOW,20140704,1000,-677, ,CFS
SHA,H,76,INFLOW,20140704,1100,-798, ,CFS
SHA,H,76,INFLOW,20140704,1200,3735, ,CFS
SHA,H,76,INFLOW,20140704,1300,1066, ,CFS
SHA,H,76,INFLOW,20140704,1400,714, ,CFS
SHA,H,76,INFLOW,20140704,1500,2941, ,CFS
SHA,H,76,INFLOW,20140704,1600,1589, ,CFS
SHA,H,76,INFLOW,20140704,1700,-362, ,CFS
SHA,H,76,INFLOW,20140704,1800,2921, ,CFS
SHA,H,76,INFLOW,20140704,1900,8635, ,CFS
SHA,H,76,INFLOW,20140704,2000,2419, ,CFS
SHA,H,76,INFLOW,20140704,2100,1276, ,CFS
SHA,H,76,INFLOW,20140704,2200,2386, ,CFS
SHA,H,76,INFLOW,20140704,2300,1682, ,CFS
SHA,H,76,INFLOW,20140705,0000,547, ,CFS
SHA,H,76,INFLOW,20140705,0100,2164, ,CFS
SHA,H,76,INFLOW,20140705,0200,142, ,CFS
SHA,H,76,INFLOW,20140705,0300,1983, ,CFS
SHA,H,76,INFLOW,20140705,0400,1854, ,CFS
SHA,H,76,INFLOW,20140705,0500,1755, ,CFS
SHA,H,76,INFLOW,20140705,0600,1817, ,CFS
SHA,H,76,INFLOW,20140705,0700,2596, ,CFS
SHA,H,76,INFLOW,20140705,0800,967, ,CFS
SHA,H,76,INFLOW,20140705,0900,-1936, ,CFS
SHA,H,76,INFLOW,20140705,1000,2461, ,CFS
SHA,H,76,INFLOW,20140705,1100,-361, ,CFS
SHA,H,76,INFLOW,20140705,1200,1323, ,CFS
SHA,H,76,INFLOW,20140705,1300,2752, ,CFS
SHA,H,76,INFLOW,20140705,1400,301, ,CFS
SHA,H,76,INFLOW,20140705,1500,386, ,CFS
SHA,H,76,INFLOW,20140705,1600,3361, ,CFS
SHA,H,76,INFLOW,20140705,1700,3397, ,CFS
SHA,H,76,INFLOW,20140705,1800,4751, ,CFS
SHA,H,76,INFLOW,20140705,1900,8743, ,CFS
SHA,H,76,INFLOW,20140705,2000,4627, ,CFS
SHA,H,76,INFLOW,20140705,2100,4715, ,CFS
SHA,H,76,INFLOW,20140705,2200,3983, ,CFS
SHA,H,76,INFLOW,20140705,2300,3609, ,CFS
SHA,H,76,INFLOW,20140706,0000,314, ,CFS
SHA,H,76,INFLOW,20140706,0100,6316, ,CFS
SHA,H,76,INFLOW,20140706,0200,379, ,CFS
SHA,H,76,INFLOW,20140706,0300,2382, ,CFS
SHA,H,76,INFLOW,20140706,0400,2304, ,CFS
SHA,H,76,INFLOW,20140706,0500,200, ,CFS
SHA,H,76,INFLOW,20140706,0600,1934, ,CFS
SHA,H,76,INFLOW,20140706,0700,3994, ,CFS
SHA,H,76,INFLOW,20140706,0800,-1815, ,CFS
SHA,H,76,INFLOW,20140706,0900,1754, ,CFS
SHA,H,76,INFLOW,20140706,1000,185, ,CFS
SHA,H,76,INFLOW,20140706,1100,-1311, ,CFS
SHA,H,76,INFLOW,20140706,1200,751, ,CFS
SHA,H,76,INFLOW,20140706,1300,2326, ,CFS
SHA,H,76,INFLOW,20140706,1400,-987, ,CFS
SHA,H,76,INFLOW,20140706,1500,3098, ,CFS
SHA,H,76,INFLOW,20140706,1600,1230, ,CFS
SHA,H,76,INFLOW,20140706,1700,3498, ,CFS
SHA,H,76,INFLOW,20140706,1800,7469, ,CFS
SHA,H,76,INFLOW,20140706,1900,7126, ,CFS
SHA,H,76,INFLOW,20140706,2000,4570, ,CFS
SHA,H,76,INFLOW,20140706,2100,7933, ,CFS
SHA,H,76,INFLOW,20140706,2200,6905, ,CFS
SHA,H,76,INFLOW,20140706,2300,706, ,CFS
SHA,H,76,INFLOW,20140707,0000,532, ,CFS
SHA,H,76,INFLOW,20140707,0100,4320, ,CFS
SHA,H,76,INFLOW,20140707,0200,2050, ,CFS
SHA,H,76,INFLOW,20140707,0300,183, ,CFS
SHA,H,76,INFLOW,20140707,0400,4101, ,CFS
SHA,H,76,INFLOW,20140707,0500,543, ,CFS
SHA,H,76,INFLOW,20140707,0600,662, ,CFS
SHA,H,76,INFLOW,20140707,0700,3203, ,CFS
SHA,H,76,INFLOW,20140707,0800,-236, ,CFS
SHA,H,76,INFLOW,20140707,0900,230, ,CFS
SHA,H,76,INFLOW,20140707,1000,317, ,CFS
SHA,H,76,INFLOW,20140707,1100,2160, ,CFS
SHA,H,76,INFLOW,20140707,1200,-541, ,CFS
SHA,H,76,INFLOW,20140707,1300,2777, ,CFS
SHA,H,76,INFLOW,20140707,1400,-1925, ,CFS
SHA,H,76,INFLOW,20140707,1500,3492, ,CFS
SHA,H,76,INFLOW,20140707,1600,6680, ,CFS
SHA,H,76,INFLOW,20140707,1700,5129, ,CFS
SHA,H,76,INFLOW,20140707,1800,4704, ,CFS
SHA,H,76,INFLOW,20140707,1900,7070, ,CFS
SHA,H,76,INFLOW,20140707,2000,2744, ,CFS
SHA,H,76,INFLOW,20140707,2100,8207, ,CFS
SHA,H,76,INFLOW,20140707,2200,5736, ,CFS
SHA,H,76,INFLOW,20140707,2300,8951, ,CFS
SHA,H,76,INFLOW,20140708,0000,-4291, ,CFS
SHA,H,76,INFLOW,20140708,0100,7020, ,CFS
SHA,H,76,INFLOW,20140708,0200,-1009, ,CFS
SHA,H,76,INFLOW,20140708,0300,915, ,CFS
SHA,H,76,INFLOW,20140708,0400,2863, ,CFS
SHA,H,76,INFLOW,20140708,0500,1018, ,CFS
SHA,H,76,INFLOW,20140708,0600,1080, ,CFS
SHA,H,76,INFLOW,20140708,0700,3564, ,CFS
SHA,H,76,INFLOW,20140708,0800,-50, ,CFS
SHA,H,76,INFLOW,20140708,0900,733, ,CFS
SHA,H,76,INFLOW,20140708,1000,1163, ,CFS
SHA,H,76,INFLOW,20140708,1100,1467, ,CFS
SHA,H,76,INFLOW,20140708,1200,4058, ,CFS
SHA,H,76,INFLOW,20140708,1300,-3009, ,CFS
SHA,H,76,INFLOW,20140708,1400,3806, ,CFS
SHA,H,76,INFLOW,20140708,1500,736, ,CFS
SHA,H,76,INFLOW,20140708,1600,-633, ,CFS
SHA,H,76,INFLOW,20140708,1700,5641, ,CFS
SHA,H,76,INFLOW,20140708,1800,3805, ,CFS
SHA,H,76,INFLOW,20140708,1900,7641, ,CFS
SHA,H,76,INFLOW,20140708,2000,6792, ,CFS
SHA,H,76,INFLOW,20140708,2100,5528, ,CFS
SHA,H,76,INFLOW,20140708,2200,4001, ,CFS
SHA,H,76,INFLOW,20140708,2300,5352, ,CFS
SHA,H,76,INFLOW,20140709,0000,1626, ,CFS
SHA,H,76,INFLOW,20140709,0100,1427, ,CFS
SHA,H,76,INFLOW,20140709,0200,-1109, ,CFS
SHA,H,76,INFLOW,20140709,0300,4501, ,CFS
SHA,H,76,INFLOW,20140709,0400,645, ,CFS
SHA,H,76,INFLOW,20140709,0500,633, ,CFS
SHA,H,76,INFLOW,20140709,0600,2397, ,CFS
SHA,H,76,INFLOW,20140709,0700,213, ,CFS
SHA,H,76,INFLOW,20140709,0800,835, ,CFS
SHA,H,76,INFLOW,20140709,0900,1146, ,CFS
SHA,H,76,INFLOW,20140709,1000,1384, ,CFS
SHA,H,76,INFLOW,20140709,1100,-817, ,CFS
SHA,H,76,INFLOW,20140709,1200,2818, ,CFS
SHA,H,76,INFLOW,20140709,1300,2655, ,CFS
SHA,H,76,INFLOW,20140709,1400,1528, ,CFS
SHA,H,76,INFLOW,20140709,1500,4176, ,CFS
SHA,H,76,INFLOW,20140709,1600,4142, ,CFS
SHA,H,76,INFLOW,20140709,1700,6101, ,CFS
SHA,H,76,INFLOW,20140709,1800,3783, ,CFS
SHA,H,76,INFLOW,20140709,1900,7979, ,CFS
SHA,H,76,INFLOW,20140709,2000,4684, ,CFS
SHA,H,76,INFLOW,20140709,2100,6362, ,CFS
SHA,H,76,INFLOW,20140709,2200,3618, ,CFS
SHA,H,76,INFLOW,20140709,2300,4610, ,CFS
SHA,H,76,INFLOW,20140710,0000,2219, ,CFS
SHA,H,76,INFLOW,20140710,0100,1780, ,CFS
SHA,H,76,INFLOW,20140710,0200,2848, ,CFS
SHA,H,76,INFLOW,20140710,0300,816, ,CFS
SHA,H,76,INFLOW,20140710,0400,908, ,CFS
SHA,H,76,INFLOW,20140710,0500,1103, ,CFS
SHA,H,76,INFLOW,20140710,0600,1569, ,CFS
SHA,H,76,INFLOW,20140710,0700,573, ,CFS
SHA,H,76,INFLOW,20140710,0800,388, ,CFS
SHA,H,76,INFLOW,20140710,0900,837, ,CFS
SHA,H,76,INFLOW,20140710,1000,-1262, ,CFS
SHA,H,76,INFLOW,20140710,1100,2599, ,CFS
SHA,H,76,INFLOW,20140710,1200,3158, ,CFS
SHA,H,76,INFLOW,20140710,1300,311, ,CFS
SHA,H,76,INFLOW,20140710,1400,1954, ,CFS
SHA,H,76,INFLOW,20140710,1500,-444, ,CFS
SHA,H,76,INFLOW,20140710,1600,4742, ,CFS
SHA,H,76,INFLOW,20140710,1700,-777, ,CFS
SHA,H,76,INFLOW,20140710,1800,2988, ,CFS
SHA,H,76,INFLOW,20140710,1900,7632, ,CFS
SHA,H,76,INFLOW,20140710,2000,2434, ,CFS
SHA,H,76,INFLOW,20140710,2100,6123, ,CFS
SHA,H,76,INFLOW,20140710,2200,1815, ,CFS
SHA,H,76,INFLOW,20140710,2300,4113, ,CFS
SHA,H,76,INFLOW,20140711,0000,1708, ,CFS
SHA,H,76,INFLOW,20140711,0100,803, ,CFS
SHA,H,76,INFLOW,20140711,0200,2533, ,CFS
SHA,H,76,INFLOW,20140711,0300,358, ,CFS
SHA,H,76,INFLOW,20140711,0400,2222, ,CFS
SHA,H,76,INFLOW,20140711,0500,2195, ,CFS
SHA,H,76,INFLOW,20140711,0600,-1065, ,CFS
SHA,H,76,INFLOW,20140711,0700,-1058, ,CFS
SHA,H,76,INFLOW,20140711,0800,3920, ,CFS
SHA,H,76,INFLOW,20140711,0900,-2021, ,CFS
SHA,H,76,INFLOW,20140711,1000,1095, ,CFS
SHA,H,76,INFLOW,20140711,1100,4229, ,CFS
SHA,H,76,INFLOW,20140711,1200,-1667, ,CFS
SHA,H,76,INFLOW,20140711,1300,1945, ,CFS
SHA,H,76,INFLOW,20140711,1400,3746, ,CFS
SHA,H,76,INFLOW,20140711,1500,-2344, ,CFS
SHA,H,76,INFLOW,20140711,1600,1398, ,CFS
SHA,H,76,INFLOW,20140711,1700,1745, ,CFS
SHA,H,76,INFLOW,20140711,1800,1649, ,CFS
SHA,H,76,INFLOW,20140711,1900,3411, ,CFS
SHA,H,76,INFLOW,20140711,2000,3237, ,CFS
SHA,H,76,INFLOW,20140711,2100,173, ,CFS
SHA,H,76,INFLOW,20140711,2200,4241, ,CFS
SHA,H,76,INFLOW,20140711,2300,-1008, ,CFS
SHA,H,76,INFLOW,20140712,0000,2992, ,CFS
SHA,H,76,INFLOW,20140712,0100,2503, ,CFS
SHA,H,76,INFLOW,20140712,0200,654, ,CFS
SHA,H,76,INFLOW,20140712,0300,2215, ,CFS
SHA,H,76,INFLOW,20140712,0400,310, ,CFS
SHA,H,76,INFLOW,20140712,0500,2525, ,CFS
SHA,H,76,INFLOW,20140712,0600,-1467, ,CFS
SHA,H,76,INFLOW,20140712,0700,2334, ,CFS
SHA,H,76,INFLOW,20140712,0800,-1349, ,CFS
SHA,H,76,INFLOW,20140712,0900,1057, ,CFS
SHA,H,76,INFLOW,20140712,1000,3241, ,CFS
SHA,H,76,INFLOW,20140712,1100,-3571, ,CFS
SHA,H,76,INFLOW,20140712,1200,1996, ,CFS
SHA,H,76,INFLOW,20140712,1300,568, ,CFS
SHA,H,76,INFLOW,20140712,1400,1845, ,CFS
SHA,H,76,INFLOW,20140712,1500,3523, ,CFS
SHA,H,76,INFLOW,20140712,1600,1319, ,CFS
SHA,H,76,INFLOW,20140712,1700,1908, ,CFS
SHA,H,76,INFLOW,20140712,1800,7867, ,CFS
SHA,H,76,INFLOW,20140712,1900,5669, ,CFS
SHA,H,76,INFLOW,20140712,2000,3793, ,CFS
SHA,H,76,INFLOW,20140712,2100,6588, ,CFS
SHA,H,76,INFLOW,20140712,2200,4061, ,CFS
SHA,H,76,INFLOW,20140712,2300,1257, ,CFS
SHA,H,76,INFLOW,20140713,0000,6266, ,CFS
SHA,H,76,INFLOW,20140713,0100,6765, ,CFS
SHA,H,76,INFLOW,20140713,0200,2917, ,CFS
SHA,H,76,INFLOW,20140713,0300,3163, ,CFS
SHA,H,76,INFLOW,20140713,0400,1347, ,CFS
SHA,H,76,INFLOW,20140713,0500,1415, ,CFS
SHA,H,76,INFLOW,20140713,0600,1083, ,CFS
SHA,H,76,INFLOW,20140713,0700,286, ,CFS
SHA,H,76,INFLOW,20140713,0800,-1615, ,CFS
SHA,H,76,INFLOW,20140713,0900,2272, ,CFS
SHA,H,76,INFLOW,20140713,1000,-1023, ,CFS
SHA,H,76,INFLOW,20140713,1100,2717, ,CFS
SHA,H,76,INFLOW,20140713,1200,-465, ,CFS
SHA,H,76,INFLOW,20140713,1300,1047, ,CFS
SHA,H,76,INFLOW,20140713,1400,3750, ,CFS
SHA,H,76,INFLOW,20140713,1500,2135, ,CFS
SHA,H,76,INFLOW,20140713,1600,963, ,CFS
SHA,H,76,INFLOW,20140713,1700,6490, ,CFS
SHA,H,76,INFLOW,20140713,1800,5960, ,CFS
SHA,H,76,INFLOW,20140713,1900,5756, ,CFS
SHA,H,76,INFLOW,20140713,2000,6986, ,CFS
SHA,H,76,INFLOW,20140713,2100,5340, ,CFS
SHA,H,76,INFLOW,20140713,2200,6826, ,CFS
SHA,H,76,INFLOW,20140713,2300,2452, ,CFS
SHA,H,76,INFLOW,20140714,0000,811, ,CFS
SHA,H,76,INFLOW,20140714,0100,4745, ,CFS
SHA,H,76,INFLOW,20140714,0200,978, ,CFS
SHA,H,76,INFLOW,20140714,0300,-1185, ,CFS
SHA,H,76,INFLOW,20140714,0400,4520, ,CFS
SHA,H,76,INFLOW,20140714,0500,-1122, ,CFS
SHA,H,76,INFLOW,20140714,0600,2820, ,CFS
SHA,H,76,INFLOW,20140714,0700,-376, ,CFS
SHA,H,76,INFLOW,20140714,0800,627, ,CFS
SHA,H,76,INFLOW,20140714,0900,2043, ,CFS
SHA,H,76,INFLOW,20140714,1000,735, ,CFS
SHA,H,76,INFLOW,20140714,1100,1642, ,CFS
SHA,H,76,INFLOW,20140714,1200,-726, ,CFS
SHA,H,76,INFLOW,20140714,1300,1189, ,CFS
SHA,H,76,INFLOW,20140714,1400,4441, ,CFS
SHA,H,76,INFLOW,20140714,1500,5106, ,CFS
SHA,H,76,INFLOW,20140714,1600,6980, ,CFS
SHA,H,76,INFLOW,20140714,1700,9030, ,CFS
SHA,H,76,INFLOW,20140714,1800,9042, ,CFS
SHA,H,76,INFLOW,20140714,1900,6550, ,CFS
SHA,H,76,INFLOW,20140714,2000,9647, ,CFS
SHA,H,76,INFLOW,20140714,2100,-1641, ,CFS
SHA,H,76,INFLOW,20140714,2200,3091, ,CFS
SHA,H,76,INFLOW,20140714,2300,7701, ,CFS
SHA,H,76,INFLOW,20140715,0000,-1317, ,CFS
SHA,H,76,INFLOW,20140715,0100,6197, ,CFS
SHA,H,76,INFLOW,20140715,0200,618, ,CFS
SHA,H,76,INFLOW,20140715,0300,-800, ,CFS
SHA,H,76,INFLOW,20140715,0400,2933, ,CFS
SHA,H,76,INFLOW,20140715,0500,2285, ,CFS
SHA,H,76,INFLOW,20140715,0600,514, ,CFS
SHA,H,76,INFLOW,20140715,0700,1949, ,CFS
SHA,H,76,INFLOW,20140715,0800,-1359, ,CFS
SHA,H,76,INFLOW,20140715,0900,1436, ,CFS
SHA,H,76,INFLOW,20140715,1000,2921, ,CFS
SHA,H,76,INFLOW,20140715,1100,-776, ,CFS
SHA,H,76,INFLOW,20140715,1200,952, ,CFS
SHA,H,76,INFLOW,20140715,1300,1485, ,CFS
SHA,H,76,INFLOW,20140715,1400,385, ,CFS
SHA,H,76,INFLOW,20140715,1500,7000, ,CFS
SHA,H,76,INFLOW,20140715,1600,4529, ,CFS
SHA,H,76,INFLOW,20140715,1700,4046, ,CFS
SHA,H,76,INFLOW,20140715,1800,6557, ,CFS
SHA,H,76,INFLOW,20140715,1900,4792, ,CFS
SHA,H,76,INFLOW,20140715,2000,4852, ,CFS
SHA,H,76,INFLOW,20140715,2100,7382, ,CFS
SHA,H,76,INFLOW,20140715,2200,923, ,CFS
SHA,H,76,INFLOW,20140715,2300,3583, ,CFS
SHA,H,76,INFLOW,20140716,0000,1470, ,CFS
SHA,H,76,INFLOW,20140716,0100,584, ,CFS
SHA,H,76,INFLOW,20140716,0200,3616, ,CFS
SHA,H,76,INFLOW,20140716,0300,1221, ,CFS
SHA,H,76,INFLOW,20140716,0400,3188, ,CFS
SHA,H,76,INFLOW,20140716,0500,-375, ,CFS
SHA,H,76,INFLOW,20140716,0600,-170, ,CFS
SHA,H,76,INFLOW,20140716,0700,2192, ,CFS
SHA,H,76,INFLOW,20140716,0800,-578, ,CFS
SHA,H,76,INFLOW,20140716,0900,3070, ,CFS
SHA,H,76,INFLOW,20140716,1000,-742, ,CFS
SHA,H,76,INFLOW,20140716,1100,1357, ,CFS
SHA,H,76,INFLOW,20140716,1200,-1206, ,CFS
SHA,H,76,INFLOW,20140716,1300,2502, ,CFS
SHA,H,76,INFLOW,20140716,1400,2068, ,CFS
SHA,H,76,INFLOW,20140716,1500,1983, ,CFS
SHA,H,76,INFLOW,20140716,1600,415, ,CFS
SHA,H,76,INFLOW,20140716,1700,2052, ,CFS
SHA,H,76,INFLOW,20140716,1800,983, ,CFS
SHA,H,76,INFLOW,20140716,1900,2404, ,CFS
SHA,H,76,INFLOW,20140716,2000,3318, ,CFS
SHA,H,76,INFLOW,20140716,2100,4806, ,CFS
SHA,H,76,INFLOW,20140716,2200,1522, ,CFS
SHA,H,76,INFLOW,20140716,2300,1732, ,CFS
SHA,H,76,INFLOW,20140717,0000,2414, ,CFS
SHA,H,76,INFLOW,20140717,0100,3356, ,CFS
SHA,H,76,INFLOW,20140717,0200,-528, ,CFS
SHA,H,76,INFLOW,20140717,0300,4825, ,CFS
SHA,H,76,INFLOW,20140717,0400,1666, ,CFS
SHA,H,76,INFLOW,20140717,0500,-2, ,CFS
SHA,H,76,INFLOW,20140717,0600,1834, ,CFS
SHA,H,76,INFLOW,20140717,0700,-35, ,CFS
SHA,H,76,INFLOW,20140717,0800,215, ,CFS
SHA,H,76,INFLOW,20140717,0900,4014, ,CFS
SHA,H,76,INFLOW,20140717,1000,-1595, ,CFS
SHA,H,76,INFLOW,20140717,1100,2210, ,CFS
SHA,H,76,INFLOW,20140717,1200,2400, ,CFS
SHA,H,76,INFLOW,20140717,1300,1362, ,CFS
SHA,H,76,INFLOW,20140717,1400,-979, ,CFS
SHA,H,76,INFLOW,20140717,1500,3529, ,CFS
SHA,H,76,INFLOW,20140717,1600,-653, ,CFS
SHA,H,76,INFLOW,20140717,1700,3811, ,CFS
SHA,H,76,INFLOW,20140717,1800,3358, ,CFS
SHA,H,76,INFLOW,20140717,1900,3112, ,CFS
SHA,H,76,INFLOW,20140717,2000,128, ,CFS
SHA,H,76,INFLOW,20140717,2100,4417, ,CFS
SHA,H,76,INFLOW,20140717,2200,86, ,CFS
SHA,H,76,INFLOW,20140717,2300,6935, ,CFS
SHA,H,76,INFLOW,20140718,0000,1023, ,CFS
SHA,H,76,INFLOW,20140718,0100,3698, ,CFS
SHA,H,76,INFLOW,20140718,0200,3421, ,CFS
SHA,H,76,INFLOW,20140718,0300,-795, ,CFS
SHA,H,76,INFLOW,20140718,0400,3262, ,CFS
SHA,H,76,INFLOW,20140718,0500,3208, ,CFS
SHA,H,76,INFLOW,20140718,0600,1054, ,CFS
SHA,H,76,INFLOW,20140718,0700,1101, ,CFS
SHA,H,76,INFLOW,20140718,0800,797, ,CFS
SHA,H,76,INFLOW,20140718,0900,865, ,CFS
SHA,H,76,INFLOW,20140718,1000,1401, ,CFS
SHA,H,76,INFLOW,20140718,1100,474, ,CFS
SHA,H,76,INFLOW,20140718,1200,1419, ,CFS
SHA,H,76,INFLOW,20140718,1300,-2460, ,CFS
SHA,H,76,INFLOW,20140718,1400,4927, ,CFS
SHA,H,76,INFLOW,20140718,1500,-725, ,CFS
SHA,H,76,INFLOW,20140718,1600,3340, ,CFS
SHA,H,76,INFLOW,20140718,1700,2810, ,CFS
SHA,H,76,INFLOW,20140718,1800,320, ,CFS
SHA,H,76,INFLOW,20140718,1900,3749, ,CFS
SHA,H,76,INFLOW,20140718,2000,8666, ,CFS
SHA,H,76,INFLOW,20140718,2100,7275, ,CFS
SHA,H,76,INFLOW,20140718,2200,8267, ,CFS
SHA,H,76,INFLOW,20140718,2300,6948, ,CFS
SHA,H,76,INFLOW,20140719,0000,4665, ,CFS
SHA,H,76,INFLOW,20140719,0100,182, ,CFS
SHA,H,76,INFLOW,20140719,0200,2302, ,CFS
SHA,H,76,INFLOW,20140719,0300,2468, ,CFS
SHA,H,76,INFLOW,20140719,0400,2109, ,CFS
SHA,H,76,INFLOW,20140719,0500,1974, ,CFS
SHA,H,76,INFLOW,20140719,0600,161, ,CFS
SHA,H,76,INFLOW,20140719,0700,2288, ,CFS
SHA,H,76,INFLOW,20140719,0800,950, ,CFS
SHA,H,76,INFLOW,20140719,0900,2503, ,CFS
SHA,H,76,INFLOW,20140719,1000,-3265, ,CFS
SHA,H,76,INFLOW,20140719,1100,466, ,CFS
SHA,H,76,INFLOW,20140719,1200,6489, ,CFS
SHA,H,76,INFLOW,20140719,1300,5244, ,CFS
SHA,H,76,INFLOW,20140719,1400,5955, ,CFS
SHA,H,76,INFLOW,20140719,1500,6192, ,CFS
SHA,H,76,INFLOW,20140719,1600,3136, ,CFS
SHA,H,76,INFLOW,20140719,1700,3477, ,CFS
SHA,H,76,INFLOW,20140719,1800,9082, ,CFS
SHA,H,76,INFLOW,20140719,1900,4944, ,CFS
SHA,H,76,INFLOW,20140719,2000,1858, ,CFS
SHA,H,76,INFLOW,20140719,2100,8419, ,CFS
SHA,H,76,INFLOW,20140719,2200,4358, ,CFS
SHA,H,76,INFLOW,20140719,2300,2769, ,CFS
SHA,H,76,INFLOW,20140720,0000,2411, ,CFS
SHA,H,76,INFLOW,20140720,0100,2313, ,CFS
SHA,H,76,INFLOW,20140720,0200,871, ,CFS
SHA,H,76,INFLOW,20140720,0300,2525, ,CFS
SHA,H,76,INFLOW,20140720,0400,2687, ,CFS
SHA,H,76,INFLOW,20140720,0500,720, ,CFS
SHA,H,76,INFLOW,20140720,0600,525, ,CFS
SHA,H,76,INFLOW,20140720,0700,3122, ,CFS
SHA,H,76,INFLOW,20140720,0800,-999, ,CFS
SHA,H,76,INFLOW,20140720,0900,3002, ,CFS
SHA,H,76,INFLOW,20140720,1000,-200, ,CFS
SHA,H,76,INFLOW,20140720,1100,566, ,CFS
SHA,H,76,INFLOW,20140720,1200,-271, ,CFS
SHA,H,76,INFLOW,20140720,1300,1127, ,CFS
SHA,H,76,INFLOW,20140720,1400,430, ,CFS
SHA,H,76,INFLOW,20140720,1500,1475, ,CFS
SHA,H,76,INFLOW,20140720,1600,1666, ,CFS
SHA,H,76,INFLOW,20140720,1700,1723, ,CFS
SHA,H,76,INFLOW,20140720,1800,3528, ,CFS
SHA,H,76,INFLOW,20140720,1900,1289, ,CFS
SHA,H,76,INFLOW,20140720,2000,545, ,CFS
SHA,H,76,INFLOW,20140720,2100,2816, ,CFS
SHA,H,76,INFLOW,20140720,2200,1178, ,CFS
SHA,H,76,INFLOW,20140720,2300,-86, ,CFS
SHA,H,76,INFLOW,20140721,0000,3140, ,CFS
SHA,H,76,INFLOW,20140721,0100,2128, ,CFS
SHA,H,76,INFLOW,20140721,0200,1929, ,CFS
SHA,H,76,INFLOW,20140721,0300,223, ,CFS
SHA,H,76,INFLOW,20140721,0400,382, ,CFS
SHA,H,76,INFLOW,20140721,0500,2473, ,CFS
SHA,H,76,INFLOW,20140721,0600,1158, ,CFS
SHA,H,76,INFLOW,20140721,0700,1730, ,CFS
SHA,H,76,INFLOW,20140721,0800,1689, ,CFS
SHA,H,76,INFLOW,20140721,0900,-964, ,CFS
SHA,H,76,INFLOW,20140721,1000,191, ,CFS
SHA,H,76,INFLOW,20140721,1100,1162, ,CFS
SHA,H,76,INFLOW,20140721,1200,2128, ,CFS
SHA,H,76,INFLOW,20140721,1300,1073, ,CFS
SHA,H,76,INFLOW,20140721,1400,5370, ,CFS
SHA,H,76,INFLOW,20140721,1500,3470, ,CFS
SHA,H,76,INFLOW,20140721,1600,3532, ,CFS
SHA,H,76,INFLOW,20140721,1700,1720, ,CFS
SHA,H,76,INFLOW,20140721,1800,3043, ,CFS
SHA,H,76,INFLOW,20140721,1900,5942, ,CFS
SHA,H,76,INFLOW,20140721,2000,8335, ,CFS
SHA,H,76,INFLOW,20140721,2100,8407, ,CFS
SHA,H,76,INFLOW,20140721,2200,5609, ,CFS
SHA,H,76,INFLOW,20140721,2300,4106, ,CFS
SHA,H,76,INFLOW,20140722,0000,2144, ,CFS
SHA,H,76,INFLOW,20140722,0100,489, ,CFS
SHA,H,76,INFLOW,20140722,0200,2276, ,CFS
SHA,H,76,INFLOW,20140722,0300,2766, ,CFS
SHA,H,76,INFLOW,20140722,0400,-964, ,CFS
SHA,H,76,INFLOW,20140722,0500,1185, ,CFS
SHA,H,76,INFLOW,20140722,0600,3142, ,CFS
SHA,H,76,INFLOW,20140722,0700,-1592, ,CFS
SHA,H,76,INFLOW,20140722,0800,2129, ,CFS
SHA,H,76,INFLOW,20140722,0900,477, ,CFS
SHA,H,76,INFLOW,20140722,1000,-470, ,CFS
SHA,H,76,INFLOW,20140722,1100,3276, ,CFS
SHA,H,76,INFLOW,20140722,1200,4033, ,CFS
SHA,H,76,INFLOW,20140722,1300,3770, ,CFS
SHA,H,76,INFLOW,20140722,1400,-800, ,CFS
SHA,H,76,INFLOW,20140722,1500,6115, ,CFS
SHA,H,76,INFLOW,20140722,1600,5541, ,CFS
SHA,H,76,INFLOW,20140722,1700,3757, ,CFS
SHA,H,76,INFLOW,20140722,1800,4980, ,CFS
SHA,H,76,INFLOW,20140722,1900,7293, ,CFS
SHA,H,76,INFLOW,20140722,2000,2629, ,CFS
SHA,H,76,INFLOW,20140722,2100,5729, ,CFS
SHA,H,76,INFLOW,20140722,2200,8593, ,CFS
SHA,H,76,INFLOW,20140722,2300,803, ,CFS
SHA,H,76,INFLOW,20140723,0000,2352, ,CFS
SHA,H,76,INFLOW,20140723,0100,1718, ,CFS
SHA,H,76,INFLOW,20140723,0200,-904, ,CFS
SHA,H,76,INFLOW,20140723,0300,2943, ,CFS
SHA,H,76,INFLOW,20140723,0400,983, ,CFS
SHA,H,76,INFLOW,20140723,0500,-569, ,CFS
SHA,H,76,INFLOW,20140723,0600,1408, ,CFS
SHA,H,76,INFLOW,20140723,0700,-35, ,CFS
SHA,H,76,INFLOW,20140723,0800,2411, ,CFS
SHA,H,76,INFLOW,20140723,0900,-697, ,CFS
SHA,H,76,INFLOW,20140723,1000,2399, ,CFS
SHA,H,76,INFLOW,20140723,1100,1972, ,CFS
SHA,H,76,INFLOW,20140723,1200,2731, ,CFS
SHA,H,76,INFLOW,20140723,1300,307, ,CFS
SHA,H,76,INFLOW,20140723,1400,-550, ,CFS
SHA,H,76,INFLOW,20140723,1500,1834, ,CFS
SHA,H,76,INFLOW,20140723,1600,140, ,CFS
SHA,H,76,INFLOW,20140723,1700,8887, ,CFS
SHA,H,76,INFLOW,20140723,1800,1899, ,CFS
SHA,H,76,INFLOW,20140723,1900,5852, ,CFS
SHA,H,76,INFLOW,20140723,2000,3621, ,CFS
SHA,H,76,INFLOW,20140723,2100,7080, ,CFS
SHA,H,76,INFLOW,20140723,2200,6793, ,CFS
SHA,H,76,INFLOW,20140723,2300,4168, ,CFS
SHA,H,76,INFLOW,20140724,0000,1926, ,CFS
SHA,H,76,INFLOW,20140724,0100,-1834, ,CFS
SHA,H,76,INFLOW,20140724,0200,3320, ,CFS
SHA,H,76,INFLOW,20140724,0300,1291, ,CFS
SHA,H,76,INFLOW,20140724,0400,1115, ,CFS
SHA,H,76,INFLOW,20140724,0500,1306, ,CFS
SHA,H,76,INFLOW,20140724,0600,1312, ,CFS
SHA,H,76,INFLOW,20140724,0700,434, ,CFS
SHA,H,76,INFLOW,20140724,0800,4404, ,CFS
SHA,H,76,INFLOW,20140724,0900,-1508, ,CFS
SHA,H,76,INFLOW,20140724,1000,-3037, ,CFS
SHA,H,76,INFLOW,20140724,1100,3577, ,CFS
SHA,H,76,INFLOW,20140724,1200,-1045, ,CFS
SHA,H,76,INFLOW,20140724,1300,1492, ,CFS
SHA,H,76,INFLOW,20140724,1400,371, ,CFS
SHA,H,76,INFLOW,20140724,1500,8199, ,CFS
SHA,H,76,INFLOW,20140724,1600,-767, ,CFS
SHA,H,76,INFLOW,20140724,1700,8679, ,CFS
SHA,H,76,INFLOW,20140724,1800,8814, ,CFS
SHA,H,76,INFLOW,20140724,1900,5086, ,CFS
SHA,H,76,INFLOW,20140724,2000,6775, ,CFS
SHA,H,76,INFLOW,20140724,2100,8638, ,CFS
SHA,H,76,INFLOW,20140724,2200,3936, ,CFS
SHA,H,76,INFLOW,20140724,2300,5558, ,CFS
SHA,H,76,INFLOW,20140725,0000,4214, ,CFS
SHA,H,76,INFLOW,20140725,0100,3026, ,CFS
SHA,H,76,INFLOW,20140725,0200,1068, ,CFS
SHA,H,76,INFLOW,20140725,0300,2355, ,CFS
SHA,H,76,INFLOW,20140725,0400,1825, ,CFS
SHA,H,76,INFLOW,20140725,0500,72, ,CFS
SHA,H,76,INFLOW,20140725,0600,338, ,CFS
SHA,H,76,INFLOW,20140725,0700,1185, ,CFS
SHA,H,76,INFLOW,20140725,0800,1334, ,CFS
SHA,H,76,INFLOW,20140725,0900,612, ,CFS
SHA,H,76,INFLOW,20140725,1000,-967, ,CFS
SHA,H,76,INFLOW,20140725,1100,1163, ,CFS
SHA,H,76,INFLOW,20140725,1200,692, ,CFS
SHA,H,76,INFLOW,20140725,1300,806, ,CFS
SHA,H,76,INFLOW,20140725,1400,2509, ,CFS
SHA,H,76,INFLOW,20140725,1500,-183, ,CFS
SHA,H,76,INFLOW,20140725,1600,7133, ,CFS
SHA,H,76,INFLOW,20140725,1700,3747, ,CFS
SHA,H,76,INFLOW,20140725,1800,4650, ,CFS
SHA,H,76,INFLOW,20140725,1900,10485, ,CFS
SHA,H,76,INFLOW,20140725,2000,4181, ,CFS
SHA,H,76,INFLOW,20140725,2100,6333, ,CFS
SHA,H,76,INFLOW,20140725,2200,9503, ,CFS
SHA,H,76,INFLOW,20140725,2300,4372, ,CFS
SHA,H,76,INFLOW,20140726,0000,-709, ,CFS
SHA,H,76,INFLOW,20140726,0100,3095, ,CFS
SHA,H,76,INFLOW,20140726,0200,984, ,CFS
SHA,H,76,INFLOW,20140726,0300,2534, ,CFS
SHA,H,76,INFLOW,20140726,0400,596, ,CFS
SHA,H,76,INFLOW,20140726,0500,855, ,CFS
SHA,H,76,INFLOW,20140726,0600,2710, ,CFS
SHA,H,76,INFLOW,20140726,0700,-637, ,CFS
SHA,H,76,INFLOW,20140726,0800,392, ,CFS
SHA,H,76,INFLOW,20140726,0900,-850, ,CFS
SHA,H,76,INFLOW,20140726,1000,1945, ,CFS
SHA,H,76,INFLOW,20140726,1100,1141, ,CFS
SHA,H,76,INFLOW,20140726,1200,1382, ,CFS
SHA,H,76,INFLOW,20140726,1300,-926, ,CFS
SHA,H,76,INFLOW,20140726,1400,792, ,CFS
SHA,H,76,INFLOW,20140726,1500,7540, ,CFS
SHA,H,76,INFLOW,20140726,1600,3712, ,CFS
SHA,H,76,INFLOW,20140726,1700,7670, ,CFS
SHA,H,76,INFLOW,20140726,1800,3882, ,CFS
SHA,H,76,INFLOW,20140726,1900,1186, ,CFS
SHA,H,76,INFLOW,20140726,2000,4553, ,CFS
SHA,H,76,INFLOW,20140726,2100,3312, ,CFS
SHA,H,76,INFLOW,20140726,2200,1994, ,CFS
SHA,H,76,INFLOW,20140726,2300,7727, ,CFS
SHA,H,76,INFLOW,20140727,0000,-1291, ,CFS
SHA,H,76,INFLOW,20140727,0100,2940, ,CFS
SHA,H,76,INFLOW,20140727,0200,2954, ,CFS
SHA,H,76,INFLOW,20140727,0300,-722, ,CFS
SHA,H,76,INFLOW,20140727,0400,5090, ,CFS
SHA,H,76,INFLOW,20140727,0500,-316, ,CFS
SHA,H,76,INFLOW,20140727,0600,-594, ,CFS
SHA,H,76,INFLOW,20140727,0700,2902, ,CFS
SHA,H,76,INFLOW,20140727,0800,-1749, ,CFS
SHA,H,76,INFLOW,20140727,0900,753, ,CFS
SHA,H,76,INFLOW,20140727,1000,2507, ,CFS
SHA,H,76,INFLOW,20140727,1100,-4147, ,CFS
SHA,H,76,INFLOW,20140727,1200,5060, ,CFS
SHA,H,76,INFLOW,20140727,1300,-513, ,CFS
SHA,H,76,INFLOW,20140727,1400,1292, ,CFS
SHA,H,76,INFLOW,20140727,1500,3209, ,CFS
SHA,H,76,INFLOW,20140727,1600,-3739, ,CFS
SHA,H,76,INFLOW,20140727,1700,5329, ,CFS
SHA,H,76,INFLOW,20140727,1800,5989, ,CFS
SHA,H,76,INFLOW,20140727,1900,7058, ,CFS
SHA,H,76,INFLOW,20140727,2000,10620, ,CFS
SHA,H,76,INFLOW,20140727,2100,3032, ,CFS
SHA,H,76,INFLOW,20140727,2200,8802, ,CFS
SHA,H,76,INFLOW,20140727,2300,4751, ,CFS
SHA,H,76,INFLOW,20140728,0000,-934, ,CFS
SHA,H,76,INFLOW,20140728,0100,4546, ,CFS
SHA,H,76,INFLOW,20140728,0200,-1014, ,CFS
SHA,H,76,INFLOW,20140728,0300,2306, ,CFS
SHA,H,76,INFLOW,20140728,0400,2272, ,CFS
SHA,H,76,INFLOW,20140728,0500,-1549, ,CFS
SHA,H,76,INFLOW,20140728,0600,2561, ,CFS
SHA,H,76,INFLOW,20140728,0700,816, ,CFS
SHA,H,76,INFLOW,20140728,0800,329, ,CFS
SHA,H,76,INFLOW,20140728,0900,1452, ,CFS
SHA,H,76,INFLOW,20140728,1000,-1536, ,CFS
SHA,H,76,INFLOW,20140728,1100,878, ,CFS
SHA,H,76,INFLOW,20140728,1200,779, ,CFS
SHA,H,76,INFLOW,20140728,1300,923, ,CFS
SHA,H,76,INFLOW,20140728,1400,4325, ,CFS
SHA,H,76,INFLOW,20140728,1500,7078, ,CFS
SHA,H,76,INFLOW,20140728,1600,9231, ,CFS
SHA,H,76,INFLOW,20140728,1700,4134, ,CFS
SHA,H,76,INFLOW,20140728,1800,6063, ,CFS
SHA,H,76,INFLOW,20140728,1900,7843, ,CFS
SHA,H,76,INFLOW,20140728,2000,6079, ,CFS
SHA,H,76,INFLOW,20140728,2100,4157, ,CFS
SHA,H,76,INFLOW,20140728,2200,8744, ,CFS
SHA,H,76,INFLOW,20140728,2300,3398, ,CFS
SHA,H,76,INFLOW,20140729,0000,2580, ,CFS
SHA,H,76,INFLOW,20140729,0100,1062, ,CFS
SHA,H,76,INFLOW,20140729,0200,419, ,CFS
SHA,H,76,INFLOW,20140729,0300,1376, ,CFS
SHA,H,76,INFLOW,20140729,0400,2086, ,CFS
SHA,H,76,INFLOW,20140729,0500,2397, ,CFS
SHA,H,76,INFLOW,20140729,0600,-1172, ,CFS
SHA,H,76,INFLOW,20140729,0700,3209, ,CFS
SHA,H,76,INFLOW,20140729,0800,-923, ,CFS
SHA,H,76,INFLOW,20140729,0900,576, ,CFS
SHA,H,76,INFLOW,20140729,1000,1266, ,CFS
SHA,H,76,INFLOW,20140729,1100,-82, ,CFS
SHA,H,76,INFLOW,20140729,1200,762, ,CFS
SHA,H,76,INFLOW,20140729,1300,2369, ,CFS
SHA,H,76,INFLOW,20140729,1400,-1619, ,CFS
SHA,H,76,INFLOW,20140729,1500,3157, ,CFS
SHA,H,76,INFLOW,20140729,1600,1480, ,CFS
SHA,H,76,INFLOW,20140729,1700,2478, ,CFS
SHA,H,76,INFLOW,20140729,1800,3679, ,CFS
SHA,H,76,INFLOW,20140729,1900,727, ,CFS
SHA,H,76,INFLOW,20140729,2000,4292, ,CFS
SHA,H,76,INFLOW,20140729,2100,5209, ,CFS
SHA,H,76,INFLOW,20140729,2200,8262, ,CFS
SHA,H,76,INFLOW,20140729,2300,3853, ,CFS
SHA,H,76,INFLOW,20140730,0000,478, ,CFS
SHA,H,76,INFLOW,20140730,0100,3787, ,CFS
SHA,H,76,INFLOW,20140730,0200,-1435, ,CFS
SHA,H,76,INFLOW,20140730,0300,3808, ,CFS
SHA,H,76,INFLOW,20140730,0400,1967, ,CFS
SHA,H,76,INFLOW,20140730,0500,285, ,CFS
SHA,H,76,INFLOW,20140730,0600,942, ,CFS
SHA,H,76,INFLOW,20140730,0700,1934, ,CFS
SHA,H,76,INFLOW,20140730,0800,-372, ,CFS
SHA,H,76,INFLOW,20140730,0900,383, ,CFS
SHA,H,76,INFLOW,20140730,1000,-899, ,CFS
SHA,H,76,INFLOW,20140730,1100,-433, ,CFS
SHA,H,76,INFLOW,20140730,1200,2880, ,CFS
SHA,H,76,INFLOW,20140730,1300,-299, ,CFS
SHA,H,76,INFLOW,20140730,1400,3853, ,CFS
SHA,H,76,INFLOW,20140730,1500,-2020, ,CFS
SHA,H,76,INFLOW,20140730,1600,5052, ,CFS
SHA,H,76,INFLOW,20140730,1700,-485, ,CFS
SHA,H,76,INFLOW,20140730,1800,3430, ,CFS
SHA,H,76,INFLOW,20140730,1900,4701, ,CFS
SHA,H,76,INFLOW,20140730,2000,6257, ,CFS
SHA,H,76,INFLOW,20140730,2100,4226, ,CFS
SHA,H,76,INFLOW,20140730,2200,5896, ,CFS
SHA,H,76,INFLOW,20140730,2300,4654, ,CFS
SHA,H,76,INFLOW,20140731,0000,2395, ,CFS
SHA,H,76,INFLOW,20140731,0100,6912, ,CFS
SHA,H,76,INFLOW,20140731,0200,-457, ,CFS
SHA,H,76,INFLOW,20140731,0300,2399, ,CFS
SHA,H,76,INFLOW,20140731,0400,808, ,CFS
SHA,H,76,INFLOW,20140731,0500,1070, ,CFS
SHA,H,76,INFLOW,20140731,0600,2839, ,CFS
SHA,H,76,INFLOW,20140731,0700,-418, ,CFS
SHA,H,76,INFLOW,20140731,0800,703, ,CFS
SHA,H,76,INFLOW,20140731,0900,-236, ,CFS
SHA,H,76,INFLOW,20140731,1000,2542, ,CFS
SHA,H,76,INFLOW,20140731,1100,-134, ,CFS
SHA,H,76,INFLOW,20140731,1200,1275, ,CFS
SHA,H,76,INFLOW,20140731,1300,550, ,CFS
SHA,H,76,INFLOW,20140731,1400,-455, ,CFS
SHA,H,76,INFLOW,20140731,1500,3611, ,CFS
SHA,H,76,INFLOW,20140731,1600,6029, ,CFS
SHA,H,76,INFLOW,20140731,1700,2618, ,CFS
SHA,H,76,INFLOW,20140731,1800,9569, ,CFS
SHA,H,76,INFLOW,20140731,1900,8228, ,CFS
SHA,H,76,INFLOW,20140731,2000,5377, ,CFS
SHA,H,76,INFLOW,20140731,2100,6360, ,CFS
SHA,H,76,INFLOW,20140731,2200,7465, ,CFS
SHA,H,76,INFLOW,20140731,2300,3376, ,CFS
SHA,H,76,INFLOW,20140801,0000,1133, ,CFS
SHA,H,76,INFLOW,20140801,0100,3031, ,CFS
SHA,H,76,INFLOW,20140801,0200,-489, ,CFS
SHA,H,76,INFLOW,20140801,0300,3766, ,CFS
SHA,H,76,INFLOW,20140801,0400,612, ,CFS
SHA,H,76,INFLOW,20140801,0500,876, ,CFS
SHA,H,76,INFLOW,20140801,0600,2860, ,CFS
SHA,H,76,INFLOW,20140801,0700,239, ,CFS
SHA,H,76,INFLOW,20140801,0800,1332, ,CFS
SHA,H,76,INFLOW,20140801,0900,1165, ,CFS
SHA,H,76,INFLOW,20140801,1000,205, ,CFS
SHA,H,76,INFLOW,20140801,1100,880, ,CFS
SHA,H,76,INFLOW,20140801,1200,-1897, ,CFS
SHA,H,76,INFLOW,20140801,1300,-24847, ,CFS
SHA,H,76,INFLOW,20140801,1400,5548, ,CFS
SHA,H,76,INFLOW,20140801,1500,3595, ,CFS
SHA,H,76,INFLOW,20140801,1600,7935, ,CFS
SHA,H,76,INFLOW,20140801,1700,6163, ,CFS
SHA,H,76,INFLOW,20140801,1800,5626, ,CFS
SHA,H,76,INFLOW,20140801,1900,10544, ,CFS
SHA,H,76,INFLOW,20140801,2000,4676, ,CFS
SHA,H,76,INFLOW,20140801,2100,7537, ,CFS
SHA,H,76,INFLOW,20140801,2200,5731, ,CFS
SHA,H,76,INFLOW,20140801,2300,2664, ,CFS
SHA,H,76,INFLOW,20140802,0000,2565, ,CFS
SHA,H,76,INFLOW,20140802,0100,3981, ,CFS
SHA,H,76,INFLOW,20140802,0200,330, ,CFS
SHA,H,76,INFLOW,20140802,0300,2872, ,CFS
SHA,H,76,INFLOW,20140802,0400,3416, ,CFS
SHA,H,76,INFLOW,20140802,0500,-391, ,CFS
SHA,H,76,INFLOW,20140802,0600,1412, ,CFS
SHA,H,76,INFLOW,20140802,0700,1506, ,CFS
SHA,H,76,INFLOW,20140802,0800,-183, ,CFS
SHA,H,76,INFLOW,20140802,0900,2717, ,CFS
SHA,H,76,INFLOW,20140802,1000,-1478, ,CFS
SHA,H,76,INFLOW,20140802,1100,2212, ,CFS
SHA,H,76,INFLOW,20140802,1200,-677, ,CFS
SHA,H,76,INFLOW,20140802,1300,9896, ,CFS
SHA,H,76,INFLOW,20140802,1400,614, ,CFS
SHA,H,76,INFLOW,20140802,1500,7456, ,CFS
SHA,H,76,INFLOW,20140802,1600,4378, ,CFS
SHA,H,76,INFLOW,20140802,1700,4773, ,CFS
SHA,H,76,INFLOW,20140802,1800,6324, ,CFS
SHA,H,76,INFLOW,20140802,1900,6319, ,CFS
SHA,H,76,INFLOW,20140802,2000,7919, ,CFS
SHA,H,76,INFLOW,20140802,2100,7313, ,CFS
SHA,H,76,INFLOW,20140802,2200,7794, ,CFS
SHA,H,76,INFLOW,20140802,2300,7465, ,CFS
SHA,H,76,INFLOW,20140803,0000,6113, ,CFS
SHA,H,76,INFLOW,20140803,0100,7947, ,CFS
SHA,H,76,INFLOW,20140803,0200,2393, ,CFS
SHA,H,76,INFLOW,20140803,0300,1070, ,CFS
SHA,H,76,INFLOW,20140803,0400,4673, ,CFS
SHA,H,76,INFLOW,20140803,0500,-574, ,CFS
SHA,H,76,INFLOW,20140803,0600,1255, ,CFS
SHA,H,76,INFLOW,20140803,0700,3469, ,CFS
SHA,H,76,INFLOW,20140803,0800,-245, ,CFS
SHA,H,76,INFLOW,20140803,0900,-657, ,CFS
SHA,H,76,INFLOW,20140803,1000,4156, ,CFS
SHA,H,76,INFLOW,20140803,1100,-1270, ,CFS
SHA,H,76,INFLOW,20140803,1200,-664, ,CFS
SHA,H,76,INFLOW,20140803,1300,2802, ,CFS
SHA,H,76,INFLOW,20140803,1400,-1111, ,CFS
SHA,H,76,INFLOW,20140803,1500,2632, ,CFS
SHA,H,76,INFLOW,20140803,1600,8292, ,CFS
SHA,H,76,INFLOW,20140803,1700,1705, ,CFS
SHA,H,76,INFLOW,20140803,1800,9697, ,CFS
SHA,H,76,INFLOW,20140803,1900,4937, ,CFS
SHA,H,76,INFLOW,20140803,2000,4091, ,CFS
SHA,H,76,INFLOW,20140803,2100,891, ,CFS
SHA,H,76,INFLOW,20140803,2200,10120, ,CFS
SHA,H,76,INFLOW,20140803,2300,-4883, ,CFS
SHA,H,76,INFLOW,20140804,0000,5782, ,CFS
SHA,H,76,INFLOW,20140804,0100,4434, ,CFS
SHA,H,76,INFLOW,20140804,0200,-2729, ,CFS
SHA,H,76,INFLOW,20140804,0300,3964, ,CFS
SHA,H,76,INFLOW,20140804,0400,2474, ,CFS
SHA,H,76,INFLOW,20140804,0500,-913, ,CFS
SHA,H,76,INFLOW,20140804,0600,3248, ,CFS
SHA,H,76,INFLOW,20140804,0700,2153, ,CFS
SHA,H,76,INFLOW,20140804,0800,950, ,CFS
SHA,H,76,INFLOW,20140804,0900,-213, ,CFS
SHA,H,76,INFLOW,20140804,1000,1817, ,CFS
SHA,H,76,INFLOW,20140804,1100,-120, ,CFS
SHA,H,76,INFLOW,20140804,1200,1817, ,CFS
SHA,H,76,INFLOW,20140804,1300,2288, ,CFS
SHA,H,76,INFLOW,20140804,1400,-484, ,CFS
SHA,H,76,INFLOW,20140804,1500,1235, ,CFS
SHA,H,76,INFLOW,20140804,1600,997, ,CFS
SHA,H,76,INFLOW,20140804,1700,7714, ,CFS
SHA,H,76,INFLOW,20140804,1800,2574, ,CFS
SHA,H,76,INFLOW,20140804,1900,6289, ,CFS
SHA,H,76,INFLOW,20140804,2000,4020, ,CFS
SHA,H,76,INFLOW,20140804,2100,5295, ,CFS
SHA,H,76,INFLOW,20140804,2200,8177, ,CFS
SHA,H,76,INFLOW,20140804,2300,1080, ,CFS
SHA,H,76,INFLOW,20140805,0000,4789, ,CFS
SHA,H,76,INFLOW,20140805,0100,4400, ,CFS
SHA,H,76,INFLOW,20140805,0200,-1039, ,CFS
SHA,H,76,INFLOW,20140805,0300,2765, ,CFS
SHA,H,76,INFLOW,20140805,0400,3200, ,CFS
SHA,H,76,INFLOW,20140805,0500,319, ,CFS
SHA,H,76,INFLOW,20140805,0600,559, ,CFS
SHA,H,76,INFLOW,20140805,0700,769, ,CFS
SHA,H,76,INFLOW,20140805,0800,1490, ,CFS
SHA,H,76,INFLOW,20140805,0900,938, ,CFS
SHA,H,76,INFLOW,20140805,1000,2488, ,CFS
SHA,H,76,INFLOW,20140805,1100,1592, ,CFS
SHA,H,76,INFLOW,20140805,1200,1288, ,CFS
SHA,H,76,INFLOW,20140805,1300,-2191, ,CFS
SHA,H,76,INFLOW,20140805,1400,3797, ,CFS
SHA,H,76,INFLOW,20140805,1500,1027, ,CFS
SHA,H,76,INFLOW,20140805,1600,441, ,CFS
SHA,H,76,INFLOW,20140805,1700,-169, ,CFS
SHA,H,76,INFLOW,20140805,1800,1209, ,CFS
SHA,H,76,INFLOW,20140805,1900,6593, ,CFS
SHA,H,76,INFLOW,20140805,2000,4931, ,CFS
SHA,H,76,INFLOW,20140805,2100,466, ,CFS
SHA,H,76,INFLOW,20140805,2200,-3790, ,CFS
SHA,H,76,INFLOW,20140805,2300,2298, ,CFS
SHA,H,76,INFLOW,20140806,0000,4573, ,CFS
SHA,H,76,INFLOW,20140806,0100,2732, ,CFS
SHA,H,76,INFLOW,20140806,0200,-4167, ,CFS
SHA,H,76,INFLOW,20140806,0300,11470, ,CFS
SHA,H,76,INFLOW,20140806,0400,-5959, ,CFS
SHA,H,76,INFLOW,20140806,0500,3006, ,CFS
SHA,H,76,INFLOW,20140806,0600,1935, ,CFS
SHA,H,76,INFLOW,20140806,0700,-383, ,CFS
SHA,H,76,INFLOW,20140806,0800,1281, ,CFS
SHA,H,76,INFLOW,20140806,0900,4624, ,CFS
SHA,H,76,INFLOW,20140806,1000,-1207, ,CFS
SHA,H,76,INFLOW,20140806,1100,1946, ,CFS
SHA,H,76,INFLOW,20140806,1200,-1546, ,CFS
SHA,H,76,INFLOW,20140806,1300,-1032, ,CFS
SHA,H,76,INFLOW,20140806,1400,997, ,CFS
SHA,H,76,INFLOW,20140806,1500,-526, ,CFS
SHA,H,76,INFLOW,20140806,1600,586, ,CFS
SHA,H,76,INFLOW,20140806,1700,1984, ,CFS
SHA,H,76,INFLOW,20140806,1800,3095, ,CFS
SHA,H,76,INFLOW,20140806,1900,1449, ,CFS
SHA,H,76,INFLOW,20140806,2000,2009, ,CFS
SHA,H,76,INFLOW,20140806,2100,4822, ,CFS
SHA,H,76,INFLOW,20140806,2200,2130, ,CFS
SHA,H,76,INFLOW,20140806,2300,2067, ,CFS
SHA,H,76,INFLOW,20140807,0000,1985, ,CFS
SHA,H,76,INFLOW,20140807,0100,917, ,CFS
SHA,H,76,INFLOW,20140807,0200,2395, ,CFS
SHA,H,76,INFLOW,20140807,0300,2260, ,CFS
SHA,H,76,INFLOW,20140807,0400,-1396, ,CFS
SHA,H,76,INFLOW,20140807,0500,2432, ,CFS
SHA,H,76,INFLOW,20140807,0600,-344, ,CFS
SHA,H,76,INFLOW,20140807,0700,-153, ,CFS
SHA,H,76,INFLOW,20140807,0800,1262, ,CFS
SHA,H,76,INFLOW,20140807,0900,71, ,CFS
SHA,H,76,INFLOW,20140807,1000,-656, ,CFS
SHA,H,76,INFLOW,20140807,1100,913, ,CFS
SHA,H,76,INFLOW,20140807,1200,2909, ,CFS
SHA,H,76,INFLOW,20140807,1300,-539, ,CFS
SHA,H,76,INFLOW,20140807,1400,1861, ,CFS
SHA,H,76,INFLOW,20140807,1500,1892, ,CFS
SHA,H,76,INFLOW,20140807,1600,-1344, ,CFS
SHA,H,76,INFLOW,20140807,1700,2133, ,CFS
SHA,H,76,INFLOW,20140807,1800,5546, ,CFS
SHA,H,76,INFLOW,20140807,1900,5255, ,CFS
SHA,H,76,INFLOW,20140807,2000,3851, ,CFS
SHA,H,76,INFLOW,20140807,2100,4839, ,CFS
SHA,H,76,INFLOW,20140807,2200,8509, ,CFS
SHA,H,76,INFLOW,20140807,2300,-827, ,CFS
SHA,H,76,INFLOW,20140808,0000,4862, ,CFS
SHA,H,76,INFLOW,20140808,0100,1584, ,CFS
SHA,H,76,INFLOW,20140808,0200,-808, ,CFS
SHA,H,76,INFLOW,20140808,0300,2455, ,CFS
SHA,H,76,INFLOW,20140808,0400,-850, ,CFS
SHA,H,76,INFLOW,20140808,0500,2840, ,CFS
SHA,H,76,INFLOW,20140808,0600,1101, ,CFS
SHA,H,76,INFLOW,20140808,0700,-98, ,CFS
SHA,H,76,INFLOW,20140808,0800,1283, ,CFS
SHA,H,76,INFLOW,20140808,0900,2018, ,CFS
SHA,H,76,INFLOW,20140808,1000,-1207, ,CFS
SHA,H,76,INFLOW,20140808,1100,2532, ,CFS
SHA,H,76,INFLOW,20140808,1200,-1430, ,CFS
SHA,H,76,INFLOW,20140808,1300,2149, ,CFS
SHA,H,76,INFLOW,20140808,1400,-103, ,CFS
SHA,H,76,INFLOW,20140808,1500,1611, ,CFS
SHA,H,76,INFLOW,20140808,1600,1650, ,CFS
SHA,H,76,INFLOW,20140808,1700,431, ,CFS
SHA,H,76,INFLOW,20140808,1800,1254, ,CFS
SHA,H,76,INFLOW,20140808,1900,5119, ,CFS
SHA,H,76,INFLOW,20140808,2000,7473, ,CFS
SHA,H,76,INFLOW,20140808,2100,7772, ,CFS
SHA,H,76,INFLOW,20140808,2200,1562, ,CFS
SHA,H,76,INFLOW,20140808,2300,7193, ,CFS
SHA,H,76,INFLOW,20140809,0000,3072, ,CFS
SHA,H,76,INFLOW,20140809,0100,1827, ,CFS
SHA,H,76,INFLOW,20140809,0200,561, ,CFS
SHA,H,76,INFLOW,20140809,0300,3624, ,CFS
SHA,H,76,INFLOW,20140809,0400,-1589, ,CFS
SHA,H,76,INFLOW,20140809,0500,3601, ,CFS
SHA,H,76,INFLOW,20140809,0600,-39, ,CFS
SHA,H,76,INFLOW,20140809,0700,2345, ,CFS
SHA,H,76,INFLOW,20140809,0800,486, ,CFS
SHA,H,76,INFLOW,20140809,0900,29, ,CFS
SHA,H,76,INFLOW,20140809,1000,-448, ,CFS
SHA,H,76,INFLOW,20140809,1100,947, ,CFS
SHA,H,76,INFLOW,20140809,1200,-576, ,CFS
SHA,H,76,INFLOW,20140809,1300,1857, ,CFS
SHA,H,76,INFLOW,20140809,1400,1272, ,CFS
SHA,H,76,INFLOW,20140809,1500,2263, ,CFS
SHA,H,76,INFLOW,20140809,1600,720, ,CFS
SHA,H,76,INFLOW,20140809,1700,1349, ,CFS
SHA,H,76,INFLOW,20140809,1800,4441, ,CFS
SHA,H,76,INFLOW,20140809,1900,6195, ,CFS
SHA,H,76,INFLOW,20140809,2000,4631, ,CFS
SHA,H,76,INFLOW,20140809,2100,6663, ,CFS
SHA,H,76,INFLOW,20140809,2200,3868, ,CFS
SHA,H,76,INFLOW,20140809,2300,6048, ,CFS
SHA,H,76,INFLOW,20140810,0000,3907, ,CFS
SHA,H,76,INFLOW,20140810,0100,1927, ,CFS
SHA,H,76,INFLOW,20140810,0200,3328, ,CFS
SHA,H,76,INFLOW,20140810,0300,-192, ,CFS
SHA,H,76,INFLOW,20140810,0400,-185, ,CFS
SHA,H,76,INFLOW,20140810,0500,2224, ,CFS
SHA,H,76,INFLOW,20140810,0600,673, ,CFS
SHA,H,76,INFLOW,20140810,0700,940, ,CFS
SHA,H,76,INFLOW,20140810,0800,90, ,CFS
SHA,H,76,INFLOW,20140810,0900,2195, ,CFS
SHA,H,76,INFLOW,20140810,1000,574, ,CFS
SHA,H,76,INFLOW,20140810,1100,336, ,CFS
SHA,H,76,INFLOW,20140810,1200,-1298, ,CFS
SHA,H,76,INFLOW,20140810,1300,1273, ,CFS
SHA,H,76,INFLOW,20140810,1400,220, ,CFS
SHA,H,76,INFLOW,20140810,1500,3150, ,CFS
SHA,H,76,INFLOW,20140810,1600,447, ,CFS
SHA,H,76,INFLOW,20140810,1700,128, ,CFS
SHA,H,76,INFLOW,20140810,1800,6881, ,CFS
SHA,H,76,INFLOW,20140810,1900,3262, ,CFS
SHA,H,76,INFLOW,20140810,2000,6949, ,CFS
SHA,H,76,INFLOW,20140810,2100,9630, ,CFS
SHA,H,76,INFLOW,20140810,2200,6743, ,CFS
SHA,H,76,INFLOW,20140810,2300,2682, ,CFS
SHA,H,76,INFLOW,20140811,0000,7021, ,CFS
SHA,H,76,INFLOW,20140811,0100,192, ,CFS
SHA,H,76,INFLOW,20140811,0200,1896, ,CFS
SHA,H,76,INFLOW,20140811,0300,5308, ,CFS
SHA,H,76,INFLOW,20140811,0400,-1515, ,CFS
SHA,H,76,INFLOW,20140811,0500,191, ,CFS
SHA,H,76,INFLOW,20140811,0600,3899, ,CFS
SHA,H,76,INFLOW,20140811,0700,-1709, ,CFS
SHA,H,76,INFLOW,20140811,0800,1167, ,CFS
SHA,H,76,INFLOW,20140811,0900,2258, ,CFS
SHA,H,76,INFLOW,20140811,1000,-2580, ,CFS
SHA,H,76,INFLOW,20140811,1100,1906, ,CFS
SHA,H,76,INFLOW,20140811,1200,-1803, ,CFS
SHA,H,76,INFLOW,20140811,1300,4825, ,CFS
SHA,H,76,INFLOW,20140811,1400,727, ,CFS
SHA,H,76,INFLOW,20140811,1500,6631, ,CFS
SHA,H,76,INFLOW,20140811,1600,4961, ,CFS
SHA,H,76,INFLOW,20140811,1700,6825, ,CFS
SHA,H,76,INFLOW,20140811,1800,5314, ,CFS
SHA,H,76,INFLOW,20140811,1900,5144, ,CFS
SHA,H,76,INFLOW,20140811,2000,7951, ,CFS
SHA,H,76,INFLOW,20140811,2100,6149, ,CFS
SHA,H,76,INFLOW,20140811,2200,9452, ,CFS
SHA,H,76,INFLOW,20140811,2300,893, ,CFS
SHA,H,76,INFLOW,20140812,0000,8766, ,CFS
SHA,H,76,INFLOW,20140812,0100,1807, ,CFS
SHA,H,76,INFLOW,20140812,0200,-501, ,CFS
SHA,H,76,INFLOW,20140812,0300,3385, ,CFS
SHA,H,76,INFLOW,20140812,0400,1815, ,CFS
SHA,H,76,INFLOW,20140812,0500,480, ,CFS
SHA,H,76,INFLOW,20140812,0600,674, ,CFS
SHA,H,76,INFLOW,20140812,0700,102, ,CFS
SHA,H,76,INFLOW,20140812,0800,814, ,CFS
SHA,H,76,INFLOW,20140812,0900,953, ,CFS
SHA,H,76,INFLOW,20140812,1000,3701, ,CFS
SHA,H,76,INFLOW,20140812,1100,-2336, ,CFS
SHA,H,76,INFLOW,20140812,1200,1073, ,CFS
SHA,H,76,INFLOW,20140812,1300,2893, ,CFS
SHA,H,76,INFLOW,20140812,1400,610, ,CFS
SHA,H,76,INFLOW,20140812,1500,1970, ,CFS
SHA,H,76,INFLOW,20140812,1600,3953, ,CFS
SHA,H,76,INFLOW,20140812,1700,1661, ,CFS
SHA,H,76,INFLOW,20140812,1800,5642, ,CFS
SHA,H,76,INFLOW,20140812,1900,10322, ,CFS
SHA,H,76,INFLOW,20140812,2000,3359, ,CFS
SHA,H,76,INFLOW,20140812,2100,4143, ,CFS
SHA,H,76,INFLOW,20140812,2200,8590, ,CFS
SHA,H,76,INFLOW,20140812,2300,-420, ,CFS
SHA,H,76,INFLOW,20140813,0000,7279, ,CFS
SHA,H,76,INFLOW,20140813,0100,-1156, ,CFS
SHA,H,76,INFLOW,20140813,0200,1694, ,CFS
SHA,H,76,INFLOW,20140813,0300,3200, ,CFS
SHA,H,76,INFLOW,20140813,0400,1622, ,CFS
SHA,H,76,INFLOW,20140813,0500,39, ,CFS
SHA,H,76,INFLOW,20140813,0600,2962, ,CFS
SHA,H,76,INFLOW,20140813,0700,-645, ,CFS
SHA,H,76,INFLOW,20140813,0800,1493, ,CFS
SHA,H,76,INFLOW,20140813,0900,1825, ,CFS
SHA,H,76,INFLOW,20140813,1000,245, ,CFS
SHA,H,76,INFLOW,20140813,1100,-528, ,CFS
SHA,H,76,INFLOW,20140813,1200,2104, ,CFS
SHA,H,76,INFLOW,20140813,1300,-198, ,CFS
SHA,H,76,INFLOW,20140813,1400,1629, ,CFS
SHA,H,76,INFLOW,20140813,1500,2961, ,CFS
SHA,H,76,INFLOW,20140813,1600,233, ,CFS
SHA,H,76,INFLOW,20140813,1700,5492, ,CFS
SHA,H,76,INFLOW,20140813,1800,2955, ,CFS
SHA,H,76,INFLOW,20140813,1900,5792, ,CFS
SHA,H,76,INFLOW,20140813,2000,6995, ,CFS
SHA,H,76,INFLOW,20140813,2100,7952, ,CFS
SHA,H,76,INFLOW,20140813,2200,6311, ,CFS
SHA,H,76,INFLOW,20140813,2300,5471, ,CFS
SHA,H,76,INFLOW,20140814,0000,3687, ,CFS
SHA,H,76,INFLOW,20140814,0100,3429, ,CFS
SHA,H,76,INFLOW,20140814,0200,37, ,CFS
SHA,H,76,INFLOW,20140814,0300,2031, ,CFS
SHA,H,76,INFLOW,20140814,0400,2145, ,CFS
SHA,H,76,INFLOW,20140814,0500,435, ,CFS
SHA,H,76,INFLOW,20140814,0600,1074, ,CFS
SHA,H,76,INFLOW,20140814,0700,1619, ,CFS
SHA,H,76,INFLOW,20140814,0800,284, ,CFS
SHA,H,76,INFLOW,20140814,0900,701, ,CFS
SHA,H,76,INFLOW,20140814,1000,898, ,CFS
SHA,H,76,INFLOW,20140814,1100,1325, ,CFS
SHA,H,76,INFLOW,20140814,1200,2429, ,CFS
SHA,H,76,INFLOW,20140814,1300,-1200, ,CFS
SHA,H,76,INFLOW,20140814,1400,3556, ,CFS
SHA,H,76,INFLOW,20140814,1500,-601, ,CFS
SHA,H,76,INFLOW,20140814,1600,1185, ,CFS
SHA,H,76,INFLOW,20140814,1700,8803, ,CFS
SHA,H,76,INFLOW,20140814,1800,2183, ,CFS
SHA,H,76,INFLOW,20140814,1900,7934, ,CFS
SHA,H,76,INFLOW,20140814,2000,8872, ,CFS
SHA,H,76,INFLOW,20140814,2100,3257, ,CFS
SHA,H,76,INFLOW,20140814,2200,7942, ,CFS
SHA,H,76,INFLOW,20140814,2300,-2514, ,CFS
SHA,H,76,INFLOW,20140815,0000,4243, ,CFS
SHA,H,76,INFLOW,20140815,0100,1844, ,CFS
SHA,H,76,INFLOW,20140815,0200,1342, ,CFS
SHA,H,76,INFLOW,20140815,0300,1403, ,CFS
SHA,H,76,INFLOW,20140815,0400,1472, ,CFS
SHA,H,76,INFLOW,20140815,0500,356, ,CFS
SHA,H,76,INFLOW,20140815,0600,769, ,CFS
SHA,H,76,INFLOW,20140815,0700,2578, ,CFS
SHA,H,76,INFLOW,20140815,0800,1114, ,CFS
SHA,H,76,INFLOW,20140815,0900,-1253, ,CFS
SHA,H,76,INFLOW,20140815,1000,1376, ,CFS
SHA,H,76,INFLOW,20140815,1100,-336, ,CFS
SHA,H,76,INFLOW,20140815,1200,894, ,CFS
SHA,H,76,INFLOW,20140815,1300,1052, ,CFS
SHA,H,76,INFLOW,20140815,1400,2672, ,CFS
SHA,H,76,INFLOW,20140815,1500,1137, ,CFS
SHA,H,76,INFLOW,20140815,1600,1987, ,CFS
SHA,H,76,INFLOW,20140815,1700,2620, ,CFS
SHA,H,76,INFLOW,20140815,1800,-603, ,CFS
SHA,H,76,INFLOW,20140815,1900,10544, ,CFS
SHA,H,76,INFLOW,20140815,2000,4238, ,CFS
SHA,H,76,INFLOW,20140815,2100,5926, ,CFS
SHA,H,76,INFLOW,20140815,2200,7047, ,CFS
SHA,H,76,INFLOW,20140815,2300,2326, ,CFS
SHA,H,76,INFLOW,20140816,0000,8719, ,CFS
SHA,H,76,INFLOW,20140816,0100,2348, ,CFS
SHA,H,76,INFLOW,20140816,0200,1886, ,CFS
SHA,H,76,INFLOW,20140816,0300,3660, ,CFS
SHA,H,76,INFLOW,20140816,0400,485, ,CFS
SHA,H,76,INFLOW,20140816,0500,598, ,CFS
SHA,H,76,INFLOW,20140816,0600,2342, ,CFS
SHA,H,76,INFLOW,20140816,0700,635, ,CFS
SHA,H,76,INFLOW,20140816,0800,791, ,CFS
SHA,H,76,INFLOW,20140816,0900,991, ,CFS
SHA,H,76,INFLOW,20140816,1000,2074, ,CFS
SHA,H,76,INFLOW,20140816,1100,-2102, ,CFS
SHA,H,76,INFLOW,20140816,1200,2111, ,CFS
SHA,H,76,INFLOW,20140816,1300,1087, ,CFS
SHA,H,76,INFLOW,20140816,1400,1030, ,CFS
SHA,H,76,INFLOW,20140816,1500,1199, ,CFS
SHA,H,76,INFLOW,20140816,1600,2538, ,CFS
SHA,H,76,INFLOW,20140816,1700,1581, ,CFS
SHA,H,76,INFLOW,20140816,1800,244, ,CFS
SHA,H,76,INFLOW,20140816,1900,9494, ,CFS
SHA,H,76,INFLOW,20140816,2000,4179, ,CFS
SHA,H,76,INFLOW,20140816,2100,3579, ,CFS
SHA,H,76,INFLOW,20140816,2200,9185, ,CFS
SHA,H,76,INFLOW,20140816,2300,2222, ,CFS
SHA,H,76,INFLOW,20140817,0000,5340, ,CFS
SHA,H,76,INFLOW,20140817,0100,2956, ,CFS
SHA,H,76,INFLOW,20140817,0200,-1117, ,CFS
SHA,H,76,INFLOW,20140817,0300,3883, ,CFS
SHA,H,76,INFLOW,20140817,0400,2361, ,CFS
SHA,H,76,INFLOW,20140817,0500,696, ,CFS
SHA,H,76,INFLOW,20140817,0600,2212, ,CFS
SHA,H,76,INFLOW,20140817,0700,2416, ,CFS
SHA,H,76,INFLOW,20140817,0800,-1344, ,CFS
SHA,H,76,INFLOW,20140817,0900,1860, ,CFS
SHA,H,76,INFLOW,20140817,1000,194, ,CFS
SHA,H,76,INFLOW,20140817,1100,196, ,CFS
SHA,H,76,INFLOW,20140817,1200,480, ,CFS
SHA,H,76,INFLOW,20140817,1300,1509, ,CFS
SHA,H,76,INFLOW,20140817,1400,-1339, ,CFS
SHA,H,76,INFLOW,20140817,1500,3920, ,CFS
SHA,H,76,INFLOW,20140817,1600,-3071, ,CFS
SHA,H,76,INFLOW,20140817,1700,3416, ,CFS
SHA,H,76,INFLOW,20140817,1800,2480, ,CFS
SHA,H,76,INFLOW,20140817,1900,7353, ,CFS
SHA,H,76,INFLOW,20140817,2000,5336, ,CFS
SHA,H,76,INFLOW,20140817,2100,7492, ,CFS
SHA,H,76,INFLOW,20140817,2200,8016, ,CFS
SHA,H,76,INFLOW,20140817,2300,699, ,CFS
SHA,H,76,INFLOW,20140818,0000,3654, ,CFS
SHA,H,76,INFLOW,20140818,0100,589, ,CFS
SHA,H,76,INFLOW,20140818,0200,2217, ,CFS
SHA,H,76,INFLOW,20140818,0300,2257, ,CFS
SHA,H,76,INFLOW,20140818,0400,676, ,CFS
SHA,H,76,INFLOW,20140818,0500,669, ,CFS
SHA,H,76,INFLOW,20140818,0600,2658, ,CFS
SHA,H,76,INFLOW,20140818,0700,480, ,CFS
SHA,H,76,INFLOW,20140818,0800,310, ,CFS
SHA,H,76,INFLOW,20140818,0900,1289, ,CFS
SHA,H,76,INFLOW,20140818,1000,1261, ,CFS
SHA,H,76,INFLOW,20140818,1100,277, ,CFS
SHA,H,76,INFLOW,20140818,1200,208, ,CFS
SHA,H,76,INFLOW,20140818,1300,-810, ,CFS
SHA,H,76,INFLOW,20140818,1400,3377, ,CFS
SHA,H,76,INFLOW,20140818,1500,-1740, ,CFS
SHA,H,76,INFLOW,20140818,1600,919, ,CFS
SHA,H,76,INFLOW,20140818,1700,2118, ,CFS
SHA,H,76,INFLOW,20140818,1800,631, ,CFS
SHA,H,76,INFLOW,20140818,1900,11648, ,CFS
SHA,H,76,INFLOW,20140818,2000,4169, ,CFS
SHA,H,76,INFLOW,20140818,2100,3560, ,CFS
SHA,H,76,INFLOW,20140818,2200,10358, ,CFS
SHA,H,76,INFLOW,20140818,2300,2692, ,CFS
SHA,H,76,INFLOW,20140819,0000,3613, ,CFS
SHA,H,76,INFLOW,20140819,0100,3081, ,CFS
SHA,H,76,INFLOW,20140819,0200,1675, ,CFS
SHA,H,76,INFLOW,20140819,0300,1641, ,CFS
SHA,H,76,INFLOW,20140819,0400,1705, ,CFS
SHA,H,76,INFLOW,20140819,0500,139, ,CFS
SHA,H,76,INFLOW,20140819,0600,2223, ,CFS
SHA,H,76,INFLOW,20140819,0700,583, ,CFS
SHA,H,76,INFLOW,20140819,0800,-1098, ,CFS
SHA,H,76,INFLOW,20140819,0900,4722, ,CFS
SHA,H,76,INFLOW,20140819,1000,-1713, ,CFS
SHA,H,76,INFLOW,20140819,1100,487, ,CFS
SHA,H,76,INFLOW,20140819,1200,1692, ,CFS
SHA,H,76,INFLOW,20140819,1300,1045, ,CFS
SHA,H,76,INFLOW,20140819,1400,1162, ,CFS
SHA,H,76,INFLOW,20140819,1500,622, ,CFS
SHA,H,76,INFLOW,20140819,1600,422, ,CFS
SHA,H,76,INFLOW,20140819,1700,1195, ,CFS
SHA,H,76,INFLOW,20140819,1800,1986, ,CFS
SHA,H,76,INFLOW,20140819,1900,6032, ,CFS
SHA,H,76,INFLOW,20140819,2000,-2032, ,CFS
SHA,H,76,INFLOW,20140819,2100,8080, ,CFS
SHA,H,76,INFLOW,20140819,2200,4640, ,CFS
SHA,H,76,INFLOW,20140819,2300,2378, ,CFS
SHA,H,76,INFLOW,20140820,0000,5691, ,CFS
SHA,H,76,INFLOW,20140820,0100,510, ,CFS
SHA,H,76,INFLOW,20140820,0200,556, ,CFS
SHA,H,76,INFLOW,20140820,0300,2481, ,CFS
SHA,H,76,INFLOW,20140820,0400,1060, ,CFS
SHA,H,76,INFLOW,20140820,0500,1313, ,CFS
SHA,H,76,INFLOW,20140820,0600,1508, ,CFS
SHA,H,76,INFLOW,20140820,0700,1760, ,CFS
SHA,H,76,INFLOW,20140820,0800,-1169, ,CFS
SHA,H,76,INFLOW,20140820,0900,5282, ,CFS
SHA,H,76,INFLOW,20140820,1000,-2241, ,CFS
SHA,H,76,INFLOW,20140820,1100,1555, ,CFS
SHA,H,76,INFLOW,20140820,1200,2071, ,CFS
SHA,H,76,INFLOW,20140820,1300,1099, ,CFS
SHA,H,76,INFLOW,20140820,1400,-2411, ,CFS
SHA,H,76,INFLOW,20140820,1500,5015, ,CFS
SHA,H,76,INFLOW,20140820,1600,320, ,CFS
SHA,H,76,INFLOW,20140820,1700,4513, ,CFS
SHA,H,76,INFLOW,20140820,1800,6263, ,CFS
SHA,H,76,INFLOW,20140820,1900,4476, ,CFS
SHA,H,76,INFLOW,20140820,2000,6929, ,CFS
SHA,H,76,INFLOW,20140820,2100,3696, ,CFS
SHA,H,76,INFLOW,20140820,2200,6019, ,CFS
SHA,H,76,INFLOW,20140820,2300,4535, ,CFS
SHA,H,76,INFLOW,20140821,0000,2878, ,CFS
SHA,H,76,INFLOW,20140821,0100,-326, ,CFS
SHA,H,76,INFLOW,20140821,0200,3027, ,CFS
SHA,H,76,INFLOW,20140821,0300,1389, ,CFS
SHA,H,76,INFLOW,20140821,0400,-331, ,CFS
SHA,H,76,INFLOW,20140821,0500,3041, ,CFS
SHA,H,76,INFLOW,20140821,0600,-284, ,CFS
SHA,H,76,INFLOW,20140821,0700,1692, ,CFS
SHA,H,76,INFLOW,20140821,0800,3333, ,CFS
SHA,H,76,INFLOW,20140821,0900,-1722, ,CFS
SHA,H,76,INFLOW,20140821,1000,551, ,CFS
SHA,H,76,INFLOW,20140821,1100,2365, ,CFS
SHA,H,76,INFLOW,20140821,1200,-106, ,CFS
SHA,H,76,INFLOW,20140821,1300,1958, ,CFS
SHA,H,76,INFLOW,20140821,1400,676, ,CFS
SHA,H,76,INFLOW,20140821,1500,-1095, ,CFS
SHA,H,76,INFLOW,20140821,1600,2972, ,CFS
SHA,H,76,INFLOW,20140821,1700,8314, ,CFS
SHA,H,76,INFLOW,20140821,1800,9599, ,CFS
SHA,H,76,INFLOW,20140821,1900,1460, ,CFS
SHA,H,76,INFLOW,20140821,2000,6773, ,CFS
SHA,H,76,INFLOW,20140821,2100,6665, ,CFS
SHA,H,76,INFLOW,20140821,2200,3799, ,CFS
SHA,H,76,INFLOW,20140821,2300,6622, ,CFS
SHA,H,76,INFLOW,20140822,0000,6471, ,CFS
SHA,H,76,INFLOW,20140822,0100,-78, ,CFS
SHA,H,76,INFLOW,20140822,0200,3109, ,CFS
SHA,H,76,INFLOW,20140822,0300,1511, ,CFS
SHA,H,76,INFLOW,20140822,0400,-157, ,CFS
SHA,H,76,INFLOW,20140822,0500,1595, ,CFS
SHA,H,76,INFLOW,20140822,0600,1511, ,CFS
SHA,H,76,INFLOW,20140822,0700,-216, ,CFS
SHA,H,76,INFLOW,20140822,0800,2434, ,CFS
SHA,H,76,INFLOW,20140822,0900,718, ,CFS
SHA,H,76,INFLOW,20140822,1000,690, ,CFS
SHA,H,76,INFLOW,20140822,1100,2609, ,CFS
SHA,H,76,INFLOW,20140822,1200,-654, ,CFS
SHA,H,76,INFLOW,20140822,1300,2949, ,CFS
SHA,H,76,INFLOW,20140822,1400,-67, ,CFS
SHA,H,76,INFLOW,20140822,1500,-433, ,CFS
SHA,H,76,INFLOW,20140822,1600,2900, ,CFS
SHA,H,76,INFLOW,20140822,1700,4275, ,CFS
SHA,H,76,INFLOW,20140822,1800,4381, ,CFS
SHA,H,76,INFLOW,20140822,1900,7020, ,CFS
SHA,H,76,INFLOW,20140822,2000,6422, ,CFS
SHA,H,76,INFLOW,20140822,2100,5790, ,CFS
SHA,H,76,INFLOW,20140822,2200,6840, ,CFS
SHA,H,76,INFLOW,20140822,2300,-984, ,CFS
SHA,H,76,INFLOW,20140823,0000,1248, ,CFS
SHA,H,76,INFLOW,20140823,0100,4410, ,CFS
SHA,H,76,INFLOW,20140823,0200,1148, ,CFS
SHA,H,76,INFLOW,20140823,0300,723, ,CFS
SHA,H,76,INFLOW,20140823,0400,2813, ,CFS
SHA,H,76,INFLOW,20140823,0500,-487, ,CFS
SHA,H,76,INFLOW,20140823,0600,2866, ,CFS
SHA,H,76,INFLOW,20140823,0700,1719, ,CFS
SHA,H,76,INFLOW,20140823,0800,114, ,CFS
SHA,H,76,INFLOW,20140823,0900,1535, ,CFS
SHA,H,76,INFLOW,20140823,1000,1928, ,CFS
SHA,H,76,INFLOW,20140823,1100,1929, ,CFS
SHA,H,76,INFLOW,20140823,1200,2198, ,CFS
SHA,H,76,INFLOW,20140823,1300,-1403, ,CFS
SHA,H,76,INFLOW,20140823,1400,934, ,CFS
SHA,H,76,INFLOW,20140823,1500,2310, ,CFS
SHA,H,76,INFLOW,20140823,1600,631, ,CFS
SHA,H,76,INFLOW,20140823,1700,214, ,CFS
SHA,H,76,INFLOW,20140823,1800,2544, ,CFS
SHA,H,76,INFLOW,20140823,1900,-1366, ,CFS
SHA,H,76,INFLOW,20140823,2000,5459, ,CFS
SHA,H,76,INFLOW,20140823,2100,8306, ,CFS
SHA,H,76,INFLOW,20140823,2200,8262, ,CFS
SHA,H,76,INFLOW,20140823,2300,3938, ,CFS
SHA,H,76,INFLOW,20140824,0000,2703, ,CFS
SHA,H,76,INFLOW,20140824,0100,4996, ,CFS
SHA,H,76,INFLOW,20140824,0200,89, ,CFS
SHA,H,76,INFLOW,20140824,0300,2170, ,CFS
SHA,H,76,INFLOW,20140824,0400,2160, ,CFS
SHA,H,76,INFLOW,20140824,0500,1026, ,CFS
SHA,H,76,INFLOW,20140824,0600,2596, ,CFS
SHA,H,76,INFLOW,20140824,0700,2352, ,CFS
SHA,H,76,INFLOW,20140824,0800,-852, ,CFS
SHA,H,76,INFLOW,20140824,0900,788, ,CFS
SHA,H,76,INFLOW,20140824,1000,1097, ,CFS
SHA,H,76,INFLOW,20140824,1100,-481, ,CFS
SHA,H,76,INFLOW,20140824,1200,1230, ,CFS
SHA,H,76,INFLOW,20140824,1300,1855, ,CFS
SHA,H,76,INFLOW,20140824,1400,2043, ,CFS
SHA,H,76,INFLOW,20140824,1500,2584, ,CFS
SHA,H,76,INFLOW,20140824,1600,4512, ,CFS
SHA,H,76,INFLOW,20140824,1700,-3994, ,CFS
SHA,H,76,INFLOW,20140824,1800,10454, ,CFS
SHA,H,76,INFLOW,20140824,1900,-5009, ,CFS
SHA,H,76,INFLOW,20140824,2000,7865, ,CFS
SHA,H,76,INFLOW,20140824,2100,4668, ,CFS
SHA,H,76,INFLOW,20140824,2200,6214, ,CFS
SHA,H,76,INFLOW,20140824,2300,4947, ,CFS
SHA,H,76,INFLOW,20140825,0000,2909, ,CFS
SHA,H,76,INFLOW,20140825,0100,2064, ,CFS
SHA,H,76,INFLOW,20140825,0200,1661, ,CFS
SHA,H,76,INFLOW,20140825,0300,3844, ,CFS
SHA,H,76,INFLOW,20140825,0400,-785, ,CFS
SHA,H,76,INFLOW,20140825,0500,2486, ,CFS
SHA,H,76,INFLOW,20140825,0600,954, ,CFS
SHA,H,76,INFLOW,20140825,0700,1699, ,CFS
SHA,H,76,INFLOW,20140825,0800,-316, ,CFS
SHA,H,76,INFLOW,20140825,0900,2285, ,CFS
SHA,H,76,INFLOW,20140825,1000,-395, ,CFS
SHA,H,76,INFLOW,20140825,1100,1755, ,CFS
SHA,H,76,INFLOW,20140825,1200,3406, ,CFS
SHA,H,76,INFLOW,20140825,1300,-358, ,CFS
SHA,H,76,INFLOW,20140825,1400,1326, ,CFS
SHA,H,76,INFLOW,20140825,1500,308, ,CFS
SHA,H,76,INFLOW,20140825,1600,2226, ,CFS
SHA,H,76,INFLOW,20140825,1700,276, ,CFS
SHA,H,76,INFLOW,20140825,1800,5754, ,CFS
SHA,H,76,INFLOW,20140825,1900,4129, ,CFS
SHA,H,76,INFLOW,20140825,2000,4009, ,CFS
SHA,H,76,INFLOW,20140825,2100,6470, ,CFS
SHA,H,76,INFLOW,20140825,2200,5539, ,CFS
SHA,H,76,INFLOW,20140825,2300,5857, ,CFS
SHA,H,76,INFLOW,20140826,0000,5232, ,CFS
SHA,H,76,INFLOW,20140826,0100,2159, ,CFS
SHA,H,76,INFLOW,20140826,0200,1618, ,CFS
SHA,H,76,INFLOW,20140826,0300,1510, ,CFS
SHA,H,76,INFLOW,20140826,0400,1504, ,CFS
SHA,H,76,INFLOW,20140826,0500,1682, ,CFS
SHA,H,76,INFLOW,20140826,0600,2080, ,CFS
SHA,H,76,INFLOW,20140826,0700,535, ,CFS
SHA,H,76,INFLOW,20140826,0800,1702, ,CFS
SHA,H,76,INFLOW,20140826,0900,453, ,CFS
SHA,H,76,INFLOW,20140826,1000,872, ,CFS
SHA,H,76,INFLOW,20140826,1100,2703, ,CFS
SHA,H,76,INFLOW,20140826,1200,269, ,CFS
SHA,H,76,INFLOW,20140826,1300,1696, ,CFS
SHA,H,76,INFLOW,20140826,1400,5091, ,CFS
SHA,H,76,INFLOW,20140826,1500,2618, ,CFS
SHA,H,76,INFLOW,20140826,1600,3043, ,CFS
SHA,H,76,INFLOW,20140826,1700,7862, ,CFS
SHA,H,76,INFLOW,20140826,1800,7971, ,CFS
SHA,H,76,INFLOW,20140826,1900,2928, ,CFS
SHA,H,76,INFLOW,20140826,2000,8621, ,CFS
SHA,H,76,INFLOW,20140826,2100,6456, ,CFS
SHA,H,76,INFLOW,20140826,2200,4392, ,CFS
SHA,H,76,INFLOW,20140826,2300,6821, ,CFS
SHA,H,76,INFLOW,20140827,0000,3686, ,CFS
SHA,H,76,INFLOW,20140827,0100,1885, ,CFS
SHA,H,76,INFLOW,20140827,0200,4676, ,CFS
SHA,H,76,INFLOW,20140827,0300,1219, ,CFS
SHA,H,76,INFLOW,20140827,0400,1214, ,CFS
SHA,H,76,INFLOW,20140827,0500,2994, ,CFS
SHA,H,76,INFLOW,20140827,0600,3910, ,CFS
SHA,H,76,INFLOW,20140827,0700,2502, ,CFS
SHA,H,76,INFLOW,20140827,0800,4157, ,CFS
SHA,H,76,INFLOW,20140827,0900,2564, ,CFS
SHA,H,76,INFLOW,20140827,1000,2775, ,CFS
SHA,H,76,INFLOW,20140827,1100,5035, ,CFS
SHA,H,76,INFLOW,20140827,1200,2106, ,CFS
SHA,H,76,INFLOW,20140827,1300,3311, ,CFS
SHA,H,76,INFLOW,20140827,1400,1420, ,CFS
SHA,H,76,INFLOW,20140827,1500,1364, ,CFS
SHA,H,76,INFLOW,20140827,1600,4750, ,CFS
SHA,H,76,INFLOW,20140827,1700,3911, ,CFS
SHA,H,76,INFLOW,20140827,1800,8432, ,CFS
SHA,H,76,INFLOW,20140827,1900,2888, ,CFS
SHA,H,76,INFLOW,20140827,2000,6369, ,CFS
SHA,H,76,INFLOW,20140827,2100,5557, ,CFS
SHA,H,76,INFLOW,20140827,2200,5694, ,CFS
SHA,H,76,INFLOW,20140827,2300,4397, ,CFS
SHA,H,76,INFLOW,20140828,0000,5761, ,CFS
SHA,H,76,INFLOW,20140828,0100,3434, ,CFS
SHA,H,76,INFLOW,20140828,0200,1547, ,CFS
SHA,H,76,INFLOW,20140828,0300,3274, ,CFS
SHA,H,76,INFLOW,20140828,0400,-159, ,CFS
SHA,H,76,INFLOW,20140828,0500,-169, ,CFS
SHA,H,76,INFLOW,20140828,0600,1907, ,CFS
SHA,H,76,INFLOW,20140828,0700,1585, ,CFS
SHA,H,76,INFLOW,20140828,0800,965, ,CFS
SHA,H,76,INFLOW,20140828,0900,1233, ,CFS
SHA,H,76,INFLOW,20140828,1000,-34, ,CFS
SHA,H,76,INFLOW,20140828,1100,2084, ,CFS
SHA,H,76,INFLOW,20140828,1200,2664, ,CFS
SHA,H,76,INFLOW,20140828,1300,1932, ,CFS
SHA,H,76,INFLOW,20140828,1400,336, ,CFS
SHA,H,76,INFLOW,20140828,1500,741, ,CFS
SHA,H,76,INFLOW,20140828,1600,261, ,CFS
SHA,H,76,INFLOW,20140828,1700,2244, ,CFS
SHA,H,76,INFLOW,20140828,1800,1400, ,CFS
SHA,H,76,INFLOW,20140828,1900,3518, ,CFS
SHA,H,76,INFLOW,20140828,2000,6698, ,CFS
SHA,H,76,INFLOW,20140828,2100,5641, ,CFS
SHA,H,76,INFLOW,20140828,2200,5728, ,CFS
SHA,H,76,INFLOW,20140828,2300,5254, ,CFS
SHA,H,76,INFLOW,20140829,0000,2684, ,CFS
SHA,H,76,INFLOW,20140829,0100,3250, ,CFS
SHA,H,76,INFLOW,20140829,0200,1287, ,CFS
SHA,H,76,INFLOW,20140829,0300,1124, ,CFS
SHA,H,76,INFLOW,20140829,0400,1122, ,CFS
SHA,H,76,INFLOW,20140829,0500,1532, ,CFS
SHA,H,76,INFLOW,20140829,0600,1687, ,CFS
SHA,H,76,INFLOW,20140829,0700,1293, ,CFS
SHA,H,76,INFLOW,20140829,0800,157, ,CFS
SHA,H,76,INFLOW,20140829,0900,384, ,CFS
SHA,H,76,INFLOW,20140829,1000,-654, ,CFS
SHA,H,76,INFLOW,20140829,1100,-1971, ,CFS
SHA,H,76,INFLOW,20140829,1200,1211, ,CFS
SHA,H,76,INFLOW,20140829,1300,1979, ,CFS
SHA,H,76,INFLOW,20140829,1400,1297, ,CFS
SHA,H,76,INFLOW,20140829,1500,728, ,CFS
SHA,H,76,INFLOW,20140829,1600,2926, ,CFS
SHA,H,76,INFLOW,20140829,1700,-79, ,CFS
SHA,H,76,INFLOW,20140829,1800,4868, ,CFS
SHA,H,76,INFLOW,20140829,1900,4623, ,CFS
SHA,H,76,INFLOW,20140829,2000,2337, ,CFS
SHA,H,76,INFLOW,20140829,2100,3435, ,CFS
SHA,H,76,INFLOW,20140829,2200,-2203, ,CFS
SHA,H,76,INFLOW,20140829,2300,5550, ,CFS
SHA,H,76,INFLOW,20140830,0000,1975, ,CFS
SHA,H,76,INFLOW,20140830,0100,244, ,CFS
SHA,H,76,INFLOW,20140830,0200,686, ,CFS
SHA,H,76,INFLOW,20140830,0300,1720, ,CFS
SHA,H,76,INFLOW,20140830,0400,3235, ,CFS
SHA,H,76,INFLOW,20140830,0500,-2075, ,CFS
SHA,H,76,INFLOW,20140830,0600,2834, ,CFS
SHA,H,76,INFLOW,20140830,0700,580, ,CFS
SHA,H,76,INFLOW,20140830,0800,832, ,CFS
SHA,H,76,INFLOW,20140830,0900,1462, ,CFS
SHA,H,76,INFLOW,20140830,1000,1881, ,CFS
SHA,H,76,INFLOW,20140830,1100,674, ,CFS
SHA,H,76,INFLOW,20140830,1200,1031, ,CFS
SHA,H,76,INFLOW,20140830,1300,-117, ,CFS
SHA,H,76,INFLOW,20140830,1400,3779, ,CFS
SHA,H,76,INFLOW,20140830,1500,959, ,CFS
SHA,H,76,INFLOW,20140830,1600,255, ,CFS
SHA,H,76,INFLOW,20140830,1700,-1198, ,CFS
SHA,H,76,INFLOW,20140830,1800,3320, ,CFS
SHA,H,76,INFLOW,20140830,1900,5956, ,CFS
SHA,H,76,INFLOW,20140830,2000,10283, ,CFS
SHA,H,76,INFLOW,20140830,2100,1956, ,CFS
SHA,H,76,INFLOW,20140830,2200,6308, ,CFS
SHA,H,76,INFLOW,20140830,2300,4535, ,CFS
SHA,H,76,INFLOW,20140831,0000,3682, ,CFS
SHA,H,76,INFLOW,20140831,0100,2868, ,CFS
SHA,H,76,INFLOW,20140831,0200,1136, ,CFS
SHA,H,76,INFLOW,20140831,0300,2918, ,CFS
SHA,H,76,INFLOW,20140831,0400,2936, ,CFS
SHA,H,76,INFLOW,20140831,0500,1338, ,CFS
SHA,H,76,INFLOW,20140831,0600,1396, ,CFS
SHA,H,76,INFLOW,20140831,0700,1162, ,CFS
SHA,H,76,INFLOW,20140831,0800,-43, ,CFS
SHA,H,76,INFLOW,20140831,0900,2389, ,CFS
SHA,H,76,INFLOW,20140831,1000,861, ,CFS
SHA,H,76,INFLOW,20140831,1100,1049, ,CFS
SHA,H,76,INFLOW,20140831,1200,-337, ,CFS
SHA,H,76,INFLOW,20140831,1300,-1296, ,CFS
SHA,H,76,INFLOW,20140831,1400,1088, ,CFS
SHA,H,76,INFLOW,20140831,1500,1937, ,CFS
SHA,H,76,INFLOW,20140831,1600,-1511, ,CFS
SHA,H,76,INFLOW,20140831,1700,-1033, ,CFS
SHA,H,76,INFLOW,20140831,1800,7445, ,CFS
SHA,H,76,INFLOW,20140831,1900,4355, ,CFS
SHA,H,76,INFLOW,20140831,2000,9692, ,CFS
SHA,H,76,INFLOW,20140831,2100,3503, ,CFS
SHA,H,76,INFLOW,20140831,2200,8074, ,CFS
SHA,H,76,INFLOW,20140831,2300,3959, ,CFS
SHA,H,76,INFLOW,20140901,0000,1954, ,CFS
SHA,H,76,INFLOW,20140901,0100,1661, ,CFS
SHA,H,76,INFLOW,20140901,0200,2124, ,CFS
SHA,H,76,INFLOW,20140901,0300,3493, ,CFS
SHA,H,76,INFLOW,20140901,0400,1751, ,CFS
SHA,H,76,INFLOW,20140901,0500,1887, ,CFS
SHA,H,76,INFLOW,20140901,0600,451, ,CFS
SHA,H,76,INFLOW,20140901,0700,103, ,CFS
SHA,H,76,INFLOW,20140901,0800,-415, ,CFS
SHA,H,76,INFLOW,20140901,0900,3221, ,CFS
SHA,H,76,INFLOW,20140901,1000,-610, ,CFS
SHA,H,76,INFLOW,20140901,1100,59, ,CFS
SHA,H,76,INFLOW,20140901,1200,-519, ,CFS
SHA,H,76,INFLOW,20140901,1300,1345, ,CFS
SHA,H,76,INFLOW,20140901,1400,3474, ,CFS
SHA,H,76,INFLOW,20140901,1500,2915, ,CFS
SHA,H,76,INFLOW,20140901,1600,4679, ,CFS
SHA,H,76,INFLOW,20140901,1700,6618, ,CFS
SHA,H,76,INFLOW,20140901,1800,2863, ,CFS
SHA,H,76,INFLOW,20140901,1900,9305, ,CFS
SHA,H,76,INFLOW,20140901,2000,4937, ,CFS
SHA,H,76,INFLOW,20140901,2100,7667, ,CFS
SHA,H,76,INFLOW,20140901,2200,8004, ,CFS
SHA,H,76,INFLOW,20140901,2300,4202, ,CFS
SHA,H,76,INFLOW,20140902,0000,3463, ,CFS
SHA,H,76,INFLOW,20140902,0100,2104, ,CFS
SHA,H,76,INFLOW,20140902,0200,1956, ,CFS
SHA,H,76,INFLOW,20140902,0300,324, ,CFS
SHA,H,76,INFLOW,20140902,0400,1685, ,CFS
SHA,H,76,INFLOW,20140902,0500,273, ,CFS
SHA,H,76,INFLOW,20140902,0600,440, ,CFS
SHA,H,76,INFLOW,20140902,0700,94, ,CFS
SHA,H,76,INFLOW,20140902,0800,1262, ,CFS
SHA,H,76,INFLOW,20140902,0900,-730, ,CFS
SHA,H,76,INFLOW,20140902,1000,44, ,CFS
SHA,H,76,INFLOW,20140902,1100,682, ,CFS
SHA,H,76,INFLOW,20140902,1200,2108, ,CFS
SHA,H,76,INFLOW,20140902,1300,154, ,CFS
SHA,H,76,INFLOW,20140902,1400,1464, ,CFS
SHA,H,76,INFLOW,20140902,1500,4764, ,CFS
SHA,H,76,INFLOW,20140902,1600,4439, ,CFS
SHA,H,76,INFLOW,20140902,1700,8830, ,CFS
SHA,H,76,INFLOW,20140902,1800,3496, ,CFS
SHA,H,76,INFLOW,20140902,1900,6984, ,CFS
SHA,H,76,INFLOW,20140902,2000,5543, ,CFS
SHA,H,76,INFLOW,20140902,2100,1718, ,CFS
SHA,H,76,INFLOW,20140902,2200,4548, ,CFS
SHA,H,76,INFLOW,20140902,2300,7808, ,CFS
SHA,H,76,INFLOW,20140903,0000,2653, ,CFS
SHA,H,76,INFLOW,20140903,0100,895, ,CFS
SHA,H,76,INFLOW,20140903,0200,-575, ,CFS
SHA,H,76,INFLOW,20140903,0300,1506, ,CFS
SHA,H,76,INFLOW,20140903,0400,1791, ,CFS
SHA,H,76,INFLOW,20140903,0500,1665, ,CFS
SHA,H,76,INFLOW,20140903,0600,3369, ,CFS
SHA,H,76,INFLOW,20140903,0700,1317, ,CFS
SHA,H,76,INFLOW,20140903,0800,-497, ,CFS
SHA,H,76,INFLOW,20140903,0900,2630, ,CFS
SHA,H,76,INFLOW,20140903,1000,-2245, ,CFS
SHA,H,76,INFLOW,20140903,1100,411, ,CFS
SHA,H,76,INFLOW,20140903,1200,3908, ,CFS
SHA,H,76,INFLOW,20140903,1300,-573, ,CFS
SHA,H,76,INFLOW,20140903,1400,-4103, ,CFS
SHA,H,76,INFLOW,20140903,1500,2163, ,CFS
SHA,H,76,INFLOW,20140903,1600,1569, ,CFS
SHA,H,76,INFLOW,20140903,1700,-1965, ,CFS
SHA,H,76,INFLOW,20140903,1800,8378, ,CFS
SHA,H,76,INFLOW,20140903,1900,3124, ,CFS
SHA,H,76,INFLOW,20140903,2000,7926, ,CFS
SHA,H,76,INFLOW,20140903,2100,6289, ,CFS
SHA,H,76,INFLOW,20140903,2200,3280, ,CFS
SHA,H,76,INFLOW,20140903,2300,3958, ,CFS
SHA,H,76,INFLOW,20140904,0000,1905, ,CFS
SHA,H,76,INFLOW,20140904,0100,1087, ,CFS
SHA,H,76,INFLOW,20140904,0200,3712, ,CFS
SHA,H,76,INFLOW,20140904,0300,3606, ,CFS
SHA,H,76,INFLOW,20140904,0400,-2416, ,CFS
SHA,H,76,INFLOW,20140904,0500,2487, ,CFS
SHA,H,76,INFLOW,20140904,0600,1087, ,CFS
SHA,H,76,INFLOW,20140904,0700,585, ,CFS
SHA,H,76,INFLOW,20140904,0800,1880, ,CFS
SHA,H,76,INFLOW,20140904,0900,381, ,CFS
SHA,H,76,INFLOW,20140904,1000,1052, ,CFS
SHA,H,76,INFLOW,20140904,1100,-1506, ,CFS
SHA,H,76,INFLOW,20140904,1200,998, ,CFS
SHA,H,76,INFLOW,20140904,1300,-1613, ,CFS
SHA,H,76,INFLOW,20140904,1400,-279, ,CFS
SHA,H,76,INFLOW,20140904,1500,-703, ,CFS
SHA,H,76,INFLOW,20140904,1600,2494, ,CFS
SHA,H,76,INFLOW,20140904,1700,6921, ,CFS
SHA,H,76,INFLOW,20140904,1800,7071, ,CFS
SHA,H,76,INFLOW,20140904,1900,4475, ,CFS
SHA,H,76,INFLOW,20140904,2000,7684, ,CFS
SHA,H,76,INFLOW,20140904,2100,5840, ,CFS
SHA,H,76,INFLOW,20140904,2200,5477, ,CFS
SHA,H,76,INFLOW,20140904,2300,4744, ,CFS
SHA,H,76,INFLOW,20140905,0000,1307, ,CFS
SHA,H,76,INFLOW,20140905,0100,2051, ,CFS
SHA,H,76,INFLOW,20140905,0200,1550, ,CFS
SHA,H,76,INFLOW,20140905,0300,1638, ,CFS
SHA,H,76,INFLOW,20140905,0400,65, ,CFS
SHA,H,76,INFLOW,20140905,0500,159, ,CFS
SHA,H,76,INFLOW,20140905,0600,438, ,CFS
SHA,H,76,INFLOW,20140905,0700,481, ,CFS
SHA,H,76,INFLOW,20140905,0800,1340, ,CFS
SHA,H,76,INFLOW,20140905,0900,1074, ,CFS
SHA,H,76,INFLOW,20140905,1000,-323, ,CFS
SHA,H,76,INFLOW,20140905,1100,1030, ,CFS
SHA,H,76,INFLOW,20140905,1200,-1704, ,CFS
SHA,H,76,INFLOW,20140905,1300,-2498, ,CFS
SHA,H,76,INFLOW,20140905,1400,3360, ,CFS
SHA,H,76,INFLOW,20140905,1500,1148, ,CFS
SHA,H,76,INFLOW,20140905,1600,2902, ,CFS
SHA,H,76,INFLOW,20140905,1700,7406, ,CFS
SHA,H,76,INFLOW,20140905,1800,9455, ,CFS
SHA,H,76,INFLOW,20140905,1900,2967, ,CFS
SHA,H,76,INFLOW,20140905,2000,4582, ,CFS
SHA,H,76,INFLOW,20140905,2100,6459, ,CFS
SHA,H,76,INFLOW,20140905,2200,5483, ,CFS
SHA,H,76,INFLOW,20140905,2300,6402, ,CFS
SHA,H,76,INFLOW,20140906,0000,1133, ,CFS
SHA,H,76,INFLOW,20140906,0100,3126, ,CFS
SHA,H,76,INFLOW,20140906,0200,-200, ,CFS
SHA,H,76,INFLOW,20140906,0300,1703, ,CFS
SHA,H,76,INFLOW,20140906,0400,1745, ,CFS
SHA,H,76,INFLOW,20140906,0500,402, ,CFS
SHA,H,76,INFLOW,20140906,0600,2282, ,CFS
SHA,H,76,INFLOW,20140906,0700,-1384, ,CFS
SHA,H,76,INFLOW,20140906,0800,688, ,CFS
SHA,H,76,INFLOW,20140906,0900,-516, ,CFS
SHA,H,76,INFLOW,20140906,1000,510, ,CFS
SHA,H,76,INFLOW,20140906,1100,2552, ,CFS
SHA,H,76,INFLOW,20140906,1200,1261, ,CFS
SHA,H,76,INFLOW,20140906,1300,600, ,CFS
SHA,H,76,INFLOW,20140906,1400,1100, ,CFS
SHA,H,76,INFLOW,20140906,1500,243, ,CFS
SHA,H,76,INFLOW,20140906,1600,2445, ,CFS
SHA,H,76,INFLOW,20140906,1700,8001, ,CFS
SHA,H,76,INFLOW,20140906,1800,570, ,CFS
SHA,H,76,INFLOW,20140906,1900,5912, ,CFS
SHA,H,76,INFLOW,20140906,2000,9244, ,CFS
SHA,H,76,INFLOW,20140906,2100,3625, ,CFS
SHA,H,76,INFLOW,20140906,2200,6311, ,CFS
SHA,H,76,INFLOW,20140906,2300,2220, ,CFS
SHA,H,76,INFLOW,20140907,0000,1663, ,CFS
SHA,H,76,INFLOW,20140907,0100,2102, ,CFS
SHA,H,76,INFLOW,20140907,0200,1803, ,CFS
SHA,H,76,INFLOW,20140907,0300,-1488, ,CFS
SHA,H,76,INFLOW,20140907,0400,1617, ,CFS
SHA,H,76,INFLOW,20140907,0500,2055, ,CFS
SHA,H,76,INFLOW,20140907,0600,-1417, ,CFS
SHA,H,76,INFLOW,20140907,0700,2892, ,CFS
SHA,H,76,INFLOW,20140907,0800,1112, ,CFS
SHA,H,76,INFLOW,20140907,0900,-515, ,CFS
SHA,H,76,INFLOW,20140907,1000,1208, ,CFS
SHA,H,76,INFLOW,20140907,1100,614, ,CFS
SHA,H,76,INFLOW,20140907,1200,642, ,CFS
SHA,H,76,INFLOW,20140907,1300,911, ,CFS
SHA,H,76,INFLOW,20140907,1400,865, ,CFS
SHA,H,76,INFLOW,20140907,1500,-802, ,CFS
SHA,H,76,INFLOW,20140907,1600,2031, ,CFS
SHA,H,76,INFLOW,20140907,1700,-1057, ,CFS
SHA,H,76,INFLOW,20140907,1800,3372, ,CFS
SHA,H,76,INFLOW,20140907,1900,4967, ,CFS
SHA,H,76,INFLOW,20140907,2000,10110, ,CFS
SHA,H,76,INFLOW,20140907,2100,5248, ,CFS
SHA,H,76,INFLOW,20140907,2200,5926, ,CFS
SHA,H,76,INFLOW,20140907,2300,5248, ,CFS
SHA,H,76,INFLOW,20140908,0000,3309, ,CFS
SHA,H,76,INFLOW,20140908,0100,1434, ,CFS
SHA,H,76,INFLOW,20140908,0200,2717, ,CFS
SHA,H,76,INFLOW,20140908,0300,2539, ,CFS
SHA,H,76,INFLOW,20140908,0400,241, ,CFS
SHA,H,76,INFLOW,20140908,0500,1879, ,CFS
SHA,H,76,INFLOW,20140908,0600,826, ,CFS
SHA,H,76,INFLOW,20140908,0700,-1564, ,CFS
SHA,H,76,INFLOW,20140908,0800,2823, ,CFS
SHA,H,76,INFLOW,20140908,0900,-295, ,CFS
SHA,H,76,INFLOW,20140908,1000,-975, ,CFS
SHA,H,76,INFLOW,20140908,1100,1998, ,CFS
SHA,H,76,INFLOW,20140908,1200,-1190, ,CFS
SHA,H,76,INFLOW,20140908,1300,929, ,CFS
SHA,H,76,INFLOW,20140908,1400,3270, ,CFS
SHA,H,76,INFLOW,20140908,1500,-2250, ,CFS
SHA,H,76,INFLOW,20140908,1600,1263, ,CFS
SHA,H,76,INFLOW,20140908,1700,-1364, ,CFS
SHA,H,76,INFLOW,20140908,1800,3772, ,CFS
SHA,H,76,INFLOW,20140908,1900,3264, ,CFS
SHA,H,76,INFLOW,20140908,2000,2965, ,CFS
SHA,H,76,INFLOW,20140908,2100,715, ,CFS
SHA,H,76,INFLOW,20140908,2200,5583, ,CFS
SHA,H,76,INFLOW,20140908,2300,2120, ,CFS
SHA,H,76,INFLOW,20140909,0000,3319, ,CFS
SHA,H,76,INFLOW,20140909,0100,1480, ,CFS
SHA,H,76,INFLOW,20140909,0200,1344, ,CFS
SHA,H,76,INFLOW,20140909,0300,1487, ,CFS
SHA,H,76,INFLOW,20140909,0400,1451, ,CFS
SHA,H,76,INFLOW,20140909,0500,106, ,CFS
SHA,H,76,INFLOW,20140909,0600,1860, ,CFS
SHA,H,76,INFLOW,20140909,0700,802, ,CFS
SHA,H,76,INFLOW,20140909,0800,144, ,CFS
SHA,H,76,INFLOW,20140909,0900,1467, ,CFS
SHA,H,76,INFLOW,20140909,1000,-2560, ,CFS
SHA,H,76,INFLOW,20140909,1100,850, ,CFS
SHA,H,76,INFLOW,20140909,1200,3166, ,CFS
SHA,H,76,INFLOW,20140909,1300,709, ,CFS
SHA,H,76,INFLOW,20140909,1400,-2583, ,CFS
SHA,H,76,INFLOW,20140909,1500,3673, ,CFS
SHA,H,76,INFLOW,20140909,1600,1750, ,CFS
SHA,H,76,INFLOW,20140909,1700,-1558, ,CFS
SHA,H,76,INFLOW,20140909,1800,7071, ,CFS
SHA,H,76,INFLOW,20140909,1900,308, ,CFS
SHA,H,76,INFLOW,20140909,2000,10318, ,CFS
SHA,H,76,INFLOW,20140909,2100,5483, ,CFS
SHA,H,76,INFLOW,20140909,2200,1558, ,CFS
SHA,H,76,INFLOW,20140909,2300,3973, ,CFS
SHA,H,76,INFLOW,20140910,0000,3807, ,CFS
SHA,H,76,INFLOW,20140910,0100,929, ,CFS
SHA,H,76,INFLOW,20140910,0200,3590, ,CFS
SHA,H,76,INFLOW,20140910,0300,2141, ,CFS
SHA,H,76,INFLOW,20140910,0400,-968, ,CFS
SHA,H,76,INFLOW,20140910,0500,2362, ,CFS
SHA,H,76,INFLOW,20140910,0600,1050, ,CFS
SHA,H,76,INFLOW,20140910,0700,-1478, ,CFS
SHA,H,76,INFLOW,20140910,0800,56, ,CFS
SHA,H,76,INFLOW,20140910,0900,2679, ,CFS
SHA,H,76,INFLOW,20140910,1000,1602, ,CFS
SHA,H,76,INFLOW,20140910,1100,-833, ,CFS
SHA,H,76,INFLOW,20140910,1200,2674, ,CFS
SHA,H,76,INFLOW,20140910,1300,-405, ,CFS
SHA,H,76,INFLOW,20140910,1400,-1578, ,CFS
SHA,H,76,INFLOW,20140910,1500,3449, ,CFS
SHA,H,76,INFLOW,20140910,1600,3251, ,CFS
SHA,H,76,INFLOW,20140910,1700,5037, ,CFS
SHA,H,76,INFLOW,20140910,1800,7379, ,CFS
SHA,H,76,INFLOW,20140910,1900,7830, ,CFS
SHA,H,76,INFLOW,20140910,2000,7782, ,CFS
SHA,H,76,INFLOW,20140910,2100,5434, ,CFS
SHA,H,76,INFLOW,20140910,2200,6367, ,CFS
SHA,H,76,INFLOW,20140910,2300,5384, ,CFS
SHA,H,76,INFLOW,20140911,0000,5981, ,CFS
SHA,H,76,INFLOW,20140911,0100,1771, ,CFS
SHA,H,76,INFLOW,20140911,0200,1656, ,CFS
SHA,H,76,INFLOW,20140911,0300,3835, ,CFS
SHA,H,76,INFLOW,20140911,0400,182, ,CFS
SHA,H,76,INFLOW,20140911,0500,2404, ,CFS
SHA,H,76,INFLOW,20140911,0600,327, ,CFS
SHA,H,76,INFLOW,20140911,0700,-108, ,CFS
SHA,H,76,INFLOW,20140911,0800,-34, ,CFS
SHA,H,76,INFLOW,20140911,0900,2532, ,CFS
SHA,H,76,INFLOW,20140911,1000,-1317, ,CFS
SHA,H,76,INFLOW,20140911,1100,1606, ,CFS
SHA,H,76,INFLOW,20140911,1200,18, ,CFS
SHA,H,76,INFLOW,20140911,1300,134, ,CFS
SHA,H,76,INFLOW,20140911,1400,3841, ,CFS
SHA,H,76,INFLOW,20140911,1500,-558, ,CFS
SHA,H,76,INFLOW,20140911,1600,3149, ,CFS
SHA,H,76,INFLOW,20140911,1700,4662, ,CFS
SHA,H,76,INFLOW,20140911,1800,5455, ,CFS
SHA,H,76,INFLOW,20140911,1900,5555, ,CFS
SHA,H,76,INFLOW,20140911,2000,8359, ,CFS
SHA,H,76,INFLOW,20140911,2100,4169, ,CFS
SHA,H,76,INFLOW,20140911,2200,8480, ,CFS
SHA,H,76,INFLOW,20140911,2300,2155, ,CFS
SHA,H,76,INFLOW,20140912,0000,1723, ,CFS
SHA,H,76,INFLOW,20140912,0100,3941, ,CFS
SHA,H,76,INFLOW,20140912,0200,816, ,CFS
SHA,H,76,INFLOW,20140912,0300,810, ,CFS
SHA,H,76,INFLOW,20140912,0400,3862, ,CFS
SHA,H,76,INFLOW,20140912,0500,-748, ,CFS
SHA,H,76,INFLOW,20140912,0600,910, ,CFS
SHA,H,76,INFLOW,20140912,0700,2531, ,CFS
SHA,H,76,INFLOW,20140912,0800,-287, ,CFS
SHA,H,76,INFLOW,20140912,0900,2210, ,CFS
SHA,H,76,INFLOW,20140912,1000,92, ,CFS
SHA,H,76,INFLOW,20140912,1100,973, ,CFS
SHA,H,76,INFLOW,20140912,1200,-352, ,CFS
SHA,H,76,INFLOW,20140912,1300,2643, ,CFS
SHA,H,76,INFLOW,20140912,1400,2594, ,CFS
SHA,H,76,INFLOW,20140912,1500,2602, ,CFS
SHA,H,76,INFLOW,20140912,1600,7704, ,CFS
SHA,H,76,INFLOW,20140912,1700,8176, ,CFS
SHA,H,76,INFLOW,20140912,1800,5106, ,CFS
SHA,H,76,INFLOW,20140912,1900,7952, ,CFS
SHA,H,76,INFLOW,20140912,2000,6269, ,CFS
SHA,H,76,INFLOW,20140912,2100,7215, ,CFS
SHA,H,76,INFLOW,20140912,2200,6618, ,CFS
SHA,H,76,INFLOW,20140912,2300,5841, ,CFS
SHA,H,76,INFLOW,20140913,0000,5152, ,CFS
SHA,H,76,INFLOW,20140913,0100,2582, ,CFS
SHA,H,76,INFLOW,20140913,0200,2389, ,CFS
SHA,H,76,INFLOW,20140913,0300,2361, ,CFS
SHA,H,76,INFLOW,20140913,0400,914, ,CFS
SHA,H,76,INFLOW,20140913,0500,2369, ,CFS
SHA,H,76,INFLOW,20140913,0600,-454, ,CFS
SHA,H,76,INFLOW,20140913,0700,2294, ,CFS
SHA,H,76,INFLOW,20140913,0800,189, ,CFS
SHA,H,76,INFLOW,20140913,0900,454, ,CFS
SHA,H,76,INFLOW,20140913,1000,2356, ,CFS
SHA,H,76,INFLOW,20140913,1100,-487, ,CFS
SHA,H,76,INFLOW,20140913,1200,506, ,CFS
SHA,H,76,INFLOW,20140913,1300,1054, ,CFS
SHA,H,76,INFLOW,20140913,1400,2029, ,CFS
SHA,H,76,INFLOW,20140913,1500,-754, ,CFS
SHA,H,76,INFLOW,20140913,1600,9326, ,CFS
SHA,H,76,INFLOW,20140913,1700,6917, ,CFS
SHA,H,76,INFLOW,20140913,1800,5428, ,CFS
SHA,H,76,INFLOW,20140913,1900,6567, ,CFS
SHA,H,76,INFLOW,20140913,2000,7069, ,CFS
SHA,H,76,INFLOW,20140913,2100,6552, ,CFS
SHA,H,76,INFLOW,20140913,2200,5831, ,CFS
SHA,H,76,INFLOW,20140913,2300,8439, ,CFS
SHA,H,76,INFLOW,20140914,0000,355, ,CFS
SHA,H,76,INFLOW,20140914,0100,3131, ,CFS
SHA,H,76,INFLOW,20140914,0200,2841, ,CFS
SHA,H,76,INFLOW,20140914,0300,1038, ,CFS
SHA,H,76,INFLOW,20140914,0400,-609, ,CFS
SHA,H,76,INFLOW,20140914,0500,3904, ,CFS
SHA,H,76,INFLOW,20140914,0600,-732, ,CFS
SHA,H,76,INFLOW,20140914,0700,2255, ,CFS
SHA,H,76,INFLOW,20140914,0800,1982, ,CFS
SHA,H,76,INFLOW,20140914,0900,632, ,CFS
SHA,H,76,INFLOW,20140914,1000,819, ,CFS
SHA,H,76,INFLOW,20140914,1100,757, ,CFS
SHA,H,76,INFLOW,20140914,1200,761, ,CFS
SHA,H,76,INFLOW,20140914,1300,862, ,CFS
SHA,H,76,INFLOW,20140914,1400,795, ,CFS
SHA,H,76,INFLOW,20140914,1500,574, ,CFS
SHA,H,76,INFLOW,20140914,1600,3895, ,CFS
SHA,H,76,INFLOW,20140914,1700,3959, ,CFS
SHA,H,76,INFLOW,20140914,1800,4344, ,CFS
SHA,H,76,INFLOW,20140914,1900,9283, ,CFS
SHA,H,76,INFLOW,20140914,2000,8214, ,CFS
SHA,H,76,INFLOW,20140914,2100,6657, ,CFS
SHA,H,76,INFLOW,20140914,2200,3667, ,CFS
SHA,H,76,INFLOW,20140914,2300,7887, ,CFS
SHA,H,76,INFLOW,20140915,0000,5074, ,CFS
SHA,H,76,INFLOW,20140915,0100,2384, ,CFS
SHA,H,76,INFLOW,20140915,0200,3851, ,CFS
SHA,H,76,INFLOW,20140915,0300,2342, ,CFS
SHA,H,76,INFLOW,20140915,0400,840, ,CFS
SHA,H,76,INFLOW,20140915,0500,1098, ,CFS
SHA,H,76,INFLOW,20140915,0600,1396, ,CFS
SHA,H,76,INFLOW,20140915,0700,412, ,CFS
SHA,H,76,INFLOW,20140915,0800,2094, ,CFS
SHA,H,76,INFLOW,20140915,0900,533, ,CFS
SHA,H,76,INFLOW,20140915,1000,937, ,CFS
SHA,H,76,INFLOW,20140915,1100,2180, ,CFS
SHA,H,76,INFLOW,20140915,1200,-1058, ,CFS
SHA,H,76,INFLOW,20140915,1300,---, ,CFS
SHA,H,76,INFLOW,20140915,1400,1608, ,CFS
SHA,H,76,INFLOW,20140915,1500,3741, ,CFS
SHA,H,76,INFLOW,20140915,1600,5251, ,CFS
SHA,H,76,INFLOW,20140915,1700,6878, ,CFS
SHA,H,76,INFLOW,20140915,1800,6784, ,CFS
SHA,H,76,INFLOW,20140915,1900,3114, ,CFS
SHA,H,76,INFLOW,20140915,2000,10247, ,CFS
SHA,H,76,INFLOW,20140915,2100,8266, ,CFS
SHA,H,76,INFLOW,20140915,2200,2270, ,CFS
SHA,H,76,INFLOW,20140915,2300,6374, ,CFS
SHA,H,76,INFLOW,20140916,0000,8691, ,CFS
SHA,H,76,INFLOW,20140916,0100,998, ,CFS
SHA,H,76,INFLOW,20140916,0200,2387, ,CFS
SHA,H,76,INFLOW,20140916,0300,2422, ,CFS
SHA,H,76,INFLOW,20140916,0400,-532, ,CFS
SHA,H,76,INFLOW,20140916,0500,2617, ,CFS
SHA,H,76,INFLOW,20140916,0600,2832, ,CFS
SHA,H,76,INFLOW,20140916,0700,-149, ,CFS
SHA,H,76,INFLOW,20140916,0800,1011, ,CFS
SHA,H,76,INFLOW,20140916,0900,1713, ,CFS
SHA,H,76,INFLOW,20140916,1000,-1206, ,CFS
SHA,H,76,INFLOW,20140916,1100,1896, ,CFS
SHA,H,76,INFLOW,20140916,1200,1509, ,CFS
SHA,H,76,INFLOW,20140916,1300,1235, ,CFS
SHA,H,76,INFLOW,20140916,1400,112, ,CFS
SHA,H,76,INFLOW,20140916,1500,3184, ,CFS
SHA,H,76,INFLOW,20140916,1600,1618, ,CFS
SHA,H,76,INFLOW,20140916,1700,7771, ,CFS
SHA,H,76,INFLOW,20140916,1800,7125, ,CFS
SHA,H,76,INFLOW,20140916,1900,6681, ,CFS
SHA,H,76,INFLOW,20140916,2000,4966, ,CFS
SHA,H,76,INFLOW,20140916,2100,12722, ,CFS
SHA,H,76,INFLOW,20140916,2200,3639, ,CFS
SHA,H,76,INFLOW,20140916,2300,5946, ,CFS
SHA,H,76,INFLOW,20140917,0000,3562, ,CFS
SHA,H,76,INFLOW,20140917,0100,-511, ,CFS
SHA,H,76,INFLOW,20140917,0200,2413, ,CFS
SHA,H,76,INFLOW,20140917,0300,2354, ,CFS
SHA,H,76,INFLOW,20140917,0400,-631, ,CFS
SHA,H,76,INFLOW,20140917,0500,978, ,CFS
SHA,H,76,INFLOW,20140917,0600,2026, ,CFS
SHA,H,76,INFLOW,20140917,0700,655, ,CFS
SHA,H,76,INFLOW,20140917,0800,-1060, ,CFS
SHA,H,76,INFLOW,20140917,0900,3425, ,CFS
SHA,H,76,INFLOW,20140917,1000,-2091, ,CFS
SHA,H,76,INFLOW,20140917,1100,3042, ,CFS
SHA,H,76,INFLOW,20140917,1200,-407, ,CFS
SHA,H,76,INFLOW,20140917,1300,-406, ,CFS
SHA,H,76,INFLOW,20140917,1400,9653, ,CFS
SHA,H,76,INFLOW,20140917,1500,2056, ,CFS
SHA,H,76,INFLOW,20140917,1600,1917, ,CFS
SHA,H,76,INFLOW,20140917,1700,-2712, ,CFS
SHA,H,76,INFLOW,20140917,1800,7401, ,CFS
SHA,H,76,INFLOW,20140917,1900,3715, ,CFS
SHA,H,76,INFLOW,20140917,2000,10195, ,CFS
SHA,H,76,INFLOW,20140917,2100,1755, ,CFS
SHA,H,76,INFLOW,20140917,2200,6431, ,CFS
SHA,H,76,INFLOW,20140917,2300,8051, ,CFS
SHA,H,76,INFLOW,20140918,0000,3119, ,CFS
SHA,H,76,INFLOW,20140918,0100,958, ,CFS
SHA,H,76,INFLOW,20140918,0200,3837, ,CFS
SHA,H,76,INFLOW,20140918,0300,804, ,CFS
SHA,H,76,INFLOW,20140918,0400,-690, ,CFS
SHA,H,76,INFLOW,20140918,0500,5338, ,CFS
SHA,H,76,INFLOW,20140918,0600,-207, ,CFS
SHA,H,76,INFLOW,20140918,0700,-534, ,CFS
SHA,H,76,INFLOW,20140918,0800,3465, ,CFS
SHA,H,76,INFLOW,20140918,0900,-488, ,CFS
SHA,H,76,INFLOW,20140918,1000,62, ,CFS
SHA,H,76,INFLOW,20140918,1100,4609, ,CFS
SHA,H,76,INFLOW,20140918,1200,673, ,CFS
SHA,H,76,INFLOW,20140918,1300,-916, ,CFS
SHA,H,76,INFLOW,20140918,1400,1866, ,CFS
SHA,H,76,INFLOW,20140918,1500,-585, ,CFS
SHA,H,76,INFLOW,20140918,1600,1720, ,CFS
SHA,H,76,INFLOW,20140918,1700,4418, ,CFS
SHA,H,76,INFLOW,20140918,1800,6872, ,CFS
SHA,H,76,INFLOW,20140918,1900,2260, ,CFS
SHA,H,76,INFLOW,20140918,2000,8289, ,CFS
SHA,H,76,INFLOW,20140918,2100,1911, ,CFS
SHA,H,76,INFLOW,20140918,2200,6059, ,CFS
SHA,H,76,INFLOW,20140918,2300,5047, ,CFS
SHA,H,76,INFLOW,20140919,0000,4622, ,CFS
SHA,H,76,INFLOW,20140919,0100,1841, ,CFS
SHA,H,76,INFLOW,20140919,0200,3023, ,CFS
SHA,H,76,INFLOW,20140919,0300,1749, ,CFS
SHA,H,76,INFLOW,20140919,0400,-1071, ,CFS
SHA,H,76,INFLOW,20140919,0500,3418, ,CFS
SHA,H,76,INFLOW,20140919,0600,999, ,CFS
SHA,H,76,INFLOW,20140919,0700,-1268, ,CFS
SHA,H,76,INFLOW,20140919,0800,3459, ,CFS
SHA,H,76,INFLOW,20140919,0900,1537, ,CFS
SHA,H,76,INFLOW,20140919,1000,18, ,CFS
SHA,H,76,INFLOW,20140919,1100,270, ,CFS
SHA,H,76,INFLOW,20140919,1200,-524, ,CFS
SHA,H,76,INFLOW,20140919,1300,-227, ,CFS
SHA,H,76,INFLOW,20140919,1400,35, ,CFS
SHA,H,76,INFLOW,20140919,1500,2930, ,CFS
SHA,H,76,INFLOW,20140919,1600,-939, ,CFS
SHA,H,76,INFLOW,20140919,1700,7676, ,CFS
SHA,H,76,INFLOW,20140919,1800,8806, ,CFS
SHA,H,76,INFLOW,20140919,1900,2567, ,CFS
SHA,H,76,INFLOW,20140919,2000,7135, ,CFS
SHA,H,76,INFLOW,20140919,2100,4928, ,CFS
SHA,H,76,INFLOW,20140919,2200,5637, ,CFS
SHA,H,76,INFLOW,20140919,2300,5343, ,CFS
SHA,H,76,INFLOW,20140920,0000,6428, ,CFS
SHA,H,76,INFLOW,20140920,0100,896, ,CFS
SHA,H,76,INFLOW,20140920,0200,2325, ,CFS
SHA,H,76,INFLOW,20140920,0300,864, ,CFS
SHA,H,76,INFLOW,20140920,0400,799, ,CFS
SHA,H,76,INFLOW,20140920,0500,794, ,CFS
SHA,H,76,INFLOW,20140920,0600,2279, ,CFS
SHA,H,76,INFLOW,20140920,0700,987, ,CFS
SHA,H,76,INFLOW,20140920,0800,556, ,CFS
SHA,H,76,INFLOW,20140920,0900,905, ,CFS
SHA,H,76,INFLOW,20140920,1000,2309, ,CFS
SHA,H,76,INFLOW,20140920,1100,-677, ,CFS
SHA,H,76,INFLOW,20140920,1200,825, ,CFS
SHA,H,76,INFLOW,20140920,1300,2405, ,CFS
SHA,H,76,INFLOW,20140920,1400,805, ,CFS
SHA,H,76,INFLOW,20140920,1500,50, ,CFS
SHA,H,76,INFLOW,20140920,1600,1765, ,CFS
SHA,H,76,INFLOW,20140920,1700,-280, ,CFS
SHA,H,76,INFLOW,20140920,1800,2891, ,CFS
SHA,H,76,INFLOW,20140920,1900,-213, ,CFS
SHA,H,76,INFLOW,20140920,2000,1933, ,CFS
SHA,H,76,INFLOW,20140920,2100,5593, ,CFS
SHA,H,76,INFLOW,20140920,2200,5811, ,CFS
SHA,H,76,INFLOW,20140920,2300,821, ,CFS
SHA,H,76,INFLOW,20140921,0000,1843, ,CFS
SHA,H,76,INFLOW,20140921,0100,2446, ,CFS
SHA,H,76,INFLOW,20140921,0200,2306, ,CFS
SHA,H,76,INFLOW,20140921,0300,2306, ,CFS
SHA,H,76,INFLOW,20140921,0400,-641, ,CFS
SHA,H,76,INFLOW,20140921,0500,832, ,CFS
SHA,H,76,INFLOW,20140921,0600,2306, ,CFS
SHA,H,76,INFLOW,20140921,0700,832, ,CFS
SHA,H,76,INFLOW,20140921,0800,813, ,CFS
SHA,H,76,INFLOW,20140921,0900,2332, ,CFS
SHA,H,76,INFLOW,20140921,1000,-253, ,CFS
SHA,H,76,INFLOW,20140921,1100,2809, ,CFS
SHA,H,76,INFLOW,20140921,1200,1203, ,CFS
SHA,H,76,INFLOW,20140921,1300,-1256, ,CFS
SHA,H,76,INFLOW,20140921,1400,3133, ,CFS
SHA,H,76,INFLOW,20140921,1500,198, ,CFS
SHA,H,76,INFLOW,20140921,1600,427, ,CFS
SHA,H,76,INFLOW,20140921,1700,2127, ,CFS
SHA,H,76,INFLOW,20140921,1800,-456, ,CFS
SHA,H,76,INFLOW,20140921,1900,1217, ,CFS
SHA,H,76,INFLOW,20140921,2000,626, ,CFS
SHA,H,76,INFLOW,20140921,2100,5864, ,CFS
SHA,H,76,INFLOW,20140921,2200,5636, ,CFS
SHA,H,76,INFLOW,20140921,2300,134, ,CFS
SHA,H,76,INFLOW,20140922,0000,2223, ,CFS
SHA,H,76,INFLOW,20140922,0100,2376, ,CFS
SHA,H,76,INFLOW,20140922,0200,832, ,CFS
SHA,H,76,INFLOW,20140922,0300,2305, ,CFS
SHA,H,76,INFLOW,20140922,0400,2287, ,CFS
SHA,H,76,INFLOW,20140922,0500,-642, ,CFS
SHA,H,76,INFLOW,20140922,0600,2305, ,CFS
SHA,H,76,INFLOW,20140922,0700,831, ,CFS
SHA,H,76,INFLOW,20140922,0800,2305, ,CFS
SHA,H,76,INFLOW,20140922,0900,910, ,CFS
SHA,H,76,INFLOW,20140922,1000,-431, ,CFS
SHA,H,76,INFLOW,20140922,1100,1494, ,CFS
SHA,H,76,INFLOW,20140922,1200,2535, ,CFS
SHA,H,76,INFLOW,20140922,1300,-48, ,CFS
SHA,H,76,INFLOW,20140922,1400,2141, ,CFS
SHA,H,76,INFLOW,20140922,1500,735, ,CFS
SHA,H,76,INFLOW,20140922,1600,631, ,CFS
SHA,H,76,INFLOW,20140922,1700,-1518, ,CFS
SHA,H,76,INFLOW,20140922,1800,2905, ,CFS
SHA,H,76,INFLOW,20140922,1900,4154, ,CFS
SHA,H,76,INFLOW,20140922,2000,3255, ,CFS
SHA,H,76,INFLOW,20140922,2100,4167, ,CFS
SHA,H,76,INFLOW,20140922,2200,4508, ,CFS
SHA,H,76,INFLOW,20140922,2300,3574, ,CFS
SHA,H,76,INFLOW,20140923,0000,1577, ,CFS
SHA,H,76,INFLOW,20140923,0100,3877, ,CFS
SHA,H,76,INFLOW,20140923,0200,2288, ,CFS
SHA,H,76,INFLOW,20140923,0300,823, ,CFS
SHA,H,76,INFLOW,20140923,0400,2286, ,CFS
SHA,H,76,INFLOW,20140923,0500,823, ,CFS
SHA,H,76,INFLOW,20140923,0600,904, ,CFS
SHA,H,76,INFLOW,20140923,0700,1785, ,CFS
SHA,H,76,INFLOW,20140923,0800,1589, ,CFS
SHA,H,76,INFLOW,20140923,0900,-1170, ,CFS
SHA,H,76,INFLOW,20140923,1000,3881, ,CFS
SHA,H,76,INFLOW,20140923,1100,-1742, ,CFS
SHA,H,76,INFLOW,20140923,1200,3768, ,CFS
SHA,H,76,INFLOW,20140923,1300,4651, ,CFS
SHA,H,76,INFLOW,20140923,1400,2273, ,CFS
SHA,H,76,INFLOW,20140923,1500,5251, ,CFS
SHA,H,76,INFLOW,20140923,1600,5385, ,CFS
SHA,H,76,INFLOW,20140923,1700,6813, ,CFS
SHA,H,76,INFLOW,20140923,1800,7031, ,CFS
SHA,H,76,INFLOW,20140923,1900,8787, ,CFS
SHA,H,76,INFLOW,20140923,2000,8381, ,CFS
SHA,H,76,INFLOW,20140923,2100,7636, ,CFS
SHA,H,76,INFLOW,20140923,2200,6146, ,CFS
SHA,H,76,INFLOW,20140923,2300,7181, ,CFS
SHA,H,76,INFLOW,20140924,0000,6138, ,CFS
SHA,H,76,INFLOW,20140924,0100,3915, ,CFS
SHA,H,76,INFLOW,20140924,0200,6651, ,CFS
SHA,H,76,INFLOW,20140924,0300,6644, ,CFS
SHA,H,76,INFLOW,20140924,0400,3723, ,CFS
SHA,H,76,INFLOW,20140924,0500,3716, ,CFS
SHA,H,76,INFLOW,20140924,0600,3716, ,CFS
SHA,H,76,INFLOW,20140924,0700,5161, ,CFS
SHA,H,76,INFLOW,20140924,0800,3716, ,CFS
SHA,H,76,INFLOW,20140924,0900,791, ,CFS
SHA,H,76,INFLOW,20140924,1000,2425, ,CFS
SHA,H,76,INFLOW,20140924,1100,2212, ,CFS
SHA,H,76,INFLOW,20140924,1200,1017, ,CFS
SHA,H,76,INFLOW,20140924,1300,2634, ,CFS
SHA,H,76,INFLOW,20140924,1400,3416, ,CFS
SHA,H,76,INFLOW,20140924,1500,231, ,CFS
SHA,H,76,INFLOW,20140924,1600,4086, ,CFS
SHA,H,76,INFLOW,20140924,1700,201, ,CFS
SHA,H,76,INFLOW,20140924,1800,1706, ,CFS
SHA,H,76,INFLOW,20140924,1900,1152, ,CFS
SHA,H,76,INFLOW,20140924,2000,1918, ,CFS
SHA,H,76,INFLOW,20140924,2100,3067, ,CFS
SHA,H,76,INFLOW,20140924,2200,954, ,CFS
SHA,H,76,INFLOW,20140924,2300,3207, ,CFS
SHA,H,76,INFLOW,20140925,0000,7969, ,CFS
SHA,H,76,INFLOW,20140925,0100,6064, ,CFS
SHA,H,76,INFLOW,20140925,0200,8645, ,CFS
SHA,H,76,INFLOW,20140925,0300,7005, ,CFS
SHA,H,76,INFLOW,20140925,0400,927, ,CFS
SHA,H,76,INFLOW,20140925,0500,1230, ,CFS
SHA,H,76,INFLOW,20140925,0600,13260, ,CFS
SHA,H,76,INFLOW,20140925,0700,3863, ,CFS
SHA,H,76,INFLOW,20140925,0800,6652, ,CFS
SHA,H,76,INFLOW,20140925,0900,8114, ,CFS
SHA,H,76,INFLOW,20140925,1000,-595, ,CFS
SHA,H,76,INFLOW,20140925,1100,3793, ,CFS
SHA,H,76,INFLOW,20140925,1200,2312, ,CFS
SHA,H,76,INFLOW,20140925,1300,5256, ,CFS
SHA,H,76,INFLOW,20140925,1400,-443, ,CFS
SHA,H,76,INFLOW,20140925,1500,4826, ,CFS
SHA,H,76,INFLOW,20140925,1600,2346, ,CFS
SHA,H,76,INFLOW,20140925,1700,1760, ,CFS
SHA,H,76,INFLOW,20140925,1800,5785, ,CFS
SHA,H,76,INFLOW,20140925,1900,908, ,CFS
SHA,H,76,INFLOW,20140925,2000,4323, ,CFS
SHA,H,76,INFLOW,20140925,2100,2358, ,CFS
SHA,H,76,INFLOW,20140925,2200,750, ,CFS
SHA,H,76,INFLOW,20140925,2300,4482, ,CFS
SHA,H,76,INFLOW,20140926,0000,789, ,CFS
SHA,H,76,INFLOW,20140926,0100,1222, ,CFS
SHA,H,76,INFLOW,20140926,0200,1365, ,CFS
SHA,H,76,INFLOW,20140926,0300,1364, ,CFS
SHA,H,76,INFLOW,20140926,0400,1355, ,CFS
SHA,H,76,INFLOW,20140926,0500,1355, ,CFS
SHA,H,76,INFLOW,20140926,0600,2783, ,CFS
SHA,H,76,INFLOW,20140926,0700,1354, ,CFS
SHA,H,76,INFLOW,20140926,0800,1354, ,CFS
SHA,H,76,INFLOW,20140926,0900,3305, ,CFS
SHA,H,76,INFLOW,20140926,1000,901, ,CFS
SHA,H,76,INFLOW,20140926,1100,901, ,CFS
SHA,H,76,INFLOW,20140926,1200,2363, ,CFS
SHA,H,76,INFLOW,20140926,1300,900, ,CFS
SHA,H,76,INFLOW,20140926,1400,900, ,CFS
SHA,H,76,INFLOW,20140926,1500,2344, ,CFS
SHA,H,76,INFLOW,20140926,1600,900, ,CFS
SHA,H,76,INFLOW,20140926,1700,2363, ,CFS
SHA,H,76,INFLOW,20140926,1800,1074, ,CFS
SHA,H,76,INFLOW,20140926,1900,875, ,CFS
SHA,H,76,INFLOW,20140926,2000,1020, ,CFS
SHA,H,76,INFLOW,20140926,2100,2561, ,CFS
SHA,H,76,INFLOW,20140926,2200,2577, ,CFS
SHA,H,76,INFLOW,20140926,2300,914, ,CFS
SHA,H,76,INFLOW,20140927,0000,-502, ,CFS
SHA,H,76,INFLOW,20140927,0100,4008, ,CFS
SHA,H,76,INFLOW,20140927,0200,4122, ,CFS
SHA,H,76,INFLOW,20140927,0300,4156, ,CFS
SHA,H,76,INFLOW,20140927,0400,1251, ,CFS
SHA,H,76,INFLOW,20140927,0500,5609, ,CFS
SHA,H,76,INFLOW,20140927,0600,2704, ,CFS
SHA,H,76,INFLOW,20140927,0700,4156, ,CFS
SHA,H,76,INFLOW,20140927,0800,4156, ,CFS
SHA,H,76,INFLOW,20140927,0900,2643, ,CFS
SHA,H,76,INFLOW,20140927,1000,-212, ,CFS
SHA,H,76,INFLOW,20140927,1100,1730, ,CFS
SHA,H,76,INFLOW,20140927,1200,478, ,CFS
SHA,H,76,INFLOW,20140927,1300,-171, ,CFS
SHA,H,76,INFLOW,20140927,1400,3881, ,CFS
SHA,H,76,INFLOW,20140927,1500,923, ,CFS
SHA,H,76,INFLOW,20140927,1600,287, ,CFS
SHA,H,76,INFLOW,20140927,1700,2270, ,CFS
SHA,H,76,INFLOW,20140927,1800,917, ,CFS
SHA,H,76,INFLOW,20140927,1900,5843, ,CFS
SHA,H,76,INFLOW,20140927,2000,-3294, ,CFS
SHA,H,76,INFLOW,20140927,2100,-154, ,CFS
SHA,H,76,INFLOW,20140927,2200,3685, ,CFS
SHA,H,76,INFLOW,20140927,2300,-679, ,CFS
SHA,H,76,INFLOW,20140928,0000,4134, ,CFS
SHA,H,76,INFLOW,20140928,0100,1926, ,CFS
SHA,H,76,INFLOW,20140928,0200,-165, ,CFS
SHA,H,76,INFLOW,20140928,0300,2731, ,CFS
SHA,H,76,INFLOW,20140928,0400,-174, ,CFS
SHA,H,76,INFLOW,20140928,0500,-208, ,CFS
SHA,H,76,INFLOW,20140928,0600,2731, ,CFS
SHA,H,76,INFLOW,20140928,0700,2730, ,CFS
SHA,H,76,INFLOW,20140928,0800,-175, ,CFS
SHA,H,76,INFLOW,20140928,0900,4426, ,CFS
SHA,H,76,INFLOW,20140928,1000,1054, ,CFS
SHA,H,76,INFLOW,20140928,1100,-1451, ,CFS
SHA,H,76,INFLOW,20140928,1200,1923, ,CFS
SHA,H,76,INFLOW,20140928,1300,1721, ,CFS
SHA,H,76,INFLOW,20140928,1400,680, ,CFS
SHA,H,76,INFLOW,20140928,1500,2286, ,CFS
SHA,H,76,INFLOW,20140928,1600,1183, ,CFS
SHA,H,76,INFLOW,20140928,1700,2095, ,CFS
SHA,H,76,INFLOW,20140928,1800,1460, ,CFS
SHA,H,76,INFLOW,20140928,1900,206, ,CFS
SHA,H,76,INFLOW,20140928,2000,1357, ,CFS
SHA,H,76,INFLOW,20140928,2100,2632, ,CFS
SHA,H,76,INFLOW,20140928,2200,374, ,CFS
SHA,H,76,INFLOW,20140928,2300,1737, ,CFS
SHA,H,76,INFLOW,20140929,0000,1633, ,CFS
SHA,H,76,INFLOW,20140929,0100,-53, ,CFS
SHA,H,76,INFLOW,20140929,0200,2726, ,CFS
SHA,H,76,INFLOW,20140929,0300,1273, ,CFS
SHA,H,76,INFLOW,20140929,0400,1273, ,CFS
SHA,H,76,INFLOW,20140929,0500,2691, ,CFS
SHA,H,76,INFLOW,20140929,0600,-181, ,CFS
SHA,H,76,INFLOW,20140929,0700,2724, ,CFS
SHA,H,76,INFLOW,20140929,0800,2724, ,CFS
SHA,H,76,INFLOW,20140929,0900,2507, ,CFS
SHA,H,76,INFLOW,20140929,1000,-518, ,CFS
SHA,H,76,INFLOW,20140929,1100,935, ,CFS
SHA,H,76,INFLOW,20140929,1200,935, ,CFS
SHA,H,76,INFLOW,20140929,1300,1015, ,CFS
SHA,H,76,INFLOW,20140929,1400,2260, ,CFS
SHA,H,76,INFLOW,20140929,1500,869, ,CFS
SHA,H,76,INFLOW,20140929,1600,1829, ,CFS
SHA,H,76,INFLOW,20140929,1700,1805, ,CFS
SHA,H,76,INFLOW,20140929,1800,1691, ,CFS
SHA,H,76,INFLOW,20140929,1900,255, ,CFS
SHA,H,76,INFLOW,20140929,2000,1688, ,CFS
SHA,H,76,INFLOW,20140929,2100,-1251, ,CFS
SHA,H,76,INFLOW,20140929,2200,3481, ,CFS
SHA,H,76,INFLOW,20140929,2300,-935, ,CFS
SHA,H,76,INFLOW,20140930,0000,1837, ,CFS
SHA,H,76,INFLOW,20140930,0100,2402, ,CFS
SHA,H,76,INFLOW,20140930,0200,-1642, ,CFS
SHA,H,76,INFLOW,20140930,0300,1262, ,CFS
SHA,H,76,INFLOW,20140930,0400,2680, ,CFS
SHA,H,76,INFLOW,20140930,0500,1261, ,CFS
SHA,H,76,INFLOW,20140930,0600,-192, ,CFS
SHA,H,76,INFLOW,20140930,0700,1260, ,CFS
SHA,H,76,INFLOW,20140930,0800,1226, ,CFS
SHA,H,76,INFLOW,20140930,0900,-207, ,CFS
SHA,H,76,INFLOW,20140930,1000,2629, ,CFS
SHA,H,76,INFLOW,20140930,1100,-540, ,CFS
SHA,H,76,INFLOW,20140930,1200,894, ,CFS
SHA,H,76,INFLOW,20140930,1300,2365, ,CFS
SHA,H,76,INFLOW,20140930,1400,-559, ,CFS
SHA,H,76,INFLOW,20140930,1500,2365, ,CFS
SHA,H,76,INFLOW,20140930,1600,-423, ,CFS
SHA,H,76,INFLOW,20140930,1700,587, ,CFS
SHA,H,76,INFLOW,20140930,1800,-1102, ,CFS
SHA,H,76,INFLOW,20140930,1900,925, ,CFS
SHA,H,76,INFLOW,20140930,2000,1793, ,CFS
SHA,H,76,INFLOW,20140930,2100,500, ,CFS
SHA,H,76,INFLOW,20140930,2200,7636, ,CFS
SHA,H,76,INFLOW,20140930,2300,3904, ,CFS
SHA,H,76,INFLOW,20141001,0000,1984, ,CFS
SHA,H,76,INFLOW,20141001,0100,-437, ,CFS
SHA,H,76,INFLOW,20141001,0200,2706, ,CFS
SHA,H,76,INFLOW,20141001,0300,2696, ,CFS
SHA,H,76,INFLOW,20141001,0400,2693, ,CFS
SHA,H,76,INFLOW,20141001,0500,-1699, ,CFS
SHA,H,76,INFLOW,20141001,0600,2703, ,CFS
SHA,H,76,INFLOW,20141001,0700,1260, ,CFS
SHA,H,76,INFLOW,20141001,0800,2702, ,CFS
SHA,H,76,INFLOW,20141001,0900,602, ,CFS
SHA,H,76,INFLOW,20141001,1000,2362, ,CFS
SHA,H,76,INFLOW,20141001,1100,-1964, ,CFS
SHA,H,76,INFLOW,20141001,1200,2362, ,CFS
SHA,H,76,INFLOW,20141001,1300,1199, ,CFS
SHA,H,76,INFLOW,20141001,1400,-1055, ,CFS
SHA,H,76,INFLOW,20141001,1500,1241, ,CFS
SHA,H,76,INFLOW,20141001,1600,435, ,CFS
SHA,H,76,INFLOW,20141001,1700,2546, ,CFS
SHA,H,76,INFLOW,20141001,1800,1024, ,CFS
SHA,H,76,INFLOW,20141001,1900,1282, ,CFS
SHA,H,76,INFLOW,20141001,2000,3170, ,CFS
SHA,H,76,INFLOW,20141001,2100,-2957, ,CFS
SHA,H,76,INFLOW,20141001,2200,9392, ,CFS
SHA,H,76,INFLOW,20141001,2300,279, ,CFS
SHA,H,76,INFLOW,20141002,0000,1066, ,CFS
SHA,H,76,INFLOW,20141002,0100,2663, ,CFS
SHA,H,76,INFLOW,20141002,0200,-139, ,CFS
SHA,H,76,INFLOW,20141002,0300,1300, ,CFS
SHA,H,76,INFLOW,20141002,0400,4159, ,CFS
SHA,H,76,INFLOW,20141002,0500,-1578, ,CFS
SHA,H,76,INFLOW,20141002,0600,-112, ,CFS
SHA,H,76,INFLOW,20141002,0700,2770, ,CFS
SHA,H,76,INFLOW,20141002,0800,1290, ,CFS
SHA,H,76,INFLOW,20141002,0900,566, ,CFS
SHA,H,76,INFLOW,20141002,1000,1025, ,CFS
SHA,H,76,INFLOW,20141002,1100,-408, ,CFS
SHA,H,76,INFLOW,20141002,1200,534, ,CFS
SHA,H,76,INFLOW,20141002,1300,562, ,CFS
SHA,H,76,INFLOW,20141002,1400,-600, ,CFS
SHA,H,76,INFLOW,20141002,1500,2956, ,CFS
SHA,H,76,INFLOW,20141002,1600,2687, ,CFS
SHA,H,76,INFLOW,20141002,1700,1901, ,CFS
SHA,H,76,INFLOW,20141002,1800,5264, ,CFS
SHA,H,76,INFLOW,20141002,1900,9863, ,CFS
SHA,H,76,INFLOW,20141002,2000,5649, ,CFS
SHA,H,76,INFLOW,20141002,2100,4527, ,CFS
SHA,H,76,INFLOW,20141002,2200,8454, ,CFS
SHA,H,76,INFLOW,20141002,2300,4601, ,CFS
SHA,H,76,INFLOW,20141003,0000,-233, ,CFS
SHA,H,76,INFLOW,20141003,0100,5593, ,CFS
SHA,H,76,INFLOW,20141003,0200,-124, ,CFS
SHA,H,76,INFLOW,20141003,0300,-159, ,CFS
SHA,H,76,INFLOW,20141003,0400,2759, ,CFS
SHA,H,76,INFLOW,20141003,0500,1317, ,CFS
SHA,H,76,INFLOW,20141003,0600,1316, ,CFS
SHA,H,76,INFLOW,20141003,0700,-126, ,CFS
SHA,H,76,INFLOW,20141003,0800,2758, ,CFS
SHA,H,76,INFLOW,20141003,0900,-76, ,CFS
SHA,H,76,INFLOW,20141003,1000,332, ,CFS
SHA,H,76,INFLOW,20141003,1100,-517, ,CFS
SHA,H,76,INFLOW,20141003,1200,3772, ,CFS
SHA,H,76,INFLOW,20141003,1300,1118, ,CFS
SHA,H,76,INFLOW,20141003,1400,-302, ,CFS
SHA,H,76,INFLOW,20141003,1500,1062, ,CFS
SHA,H,76,INFLOW,20141003,1600,1222, ,CFS
SHA,H,76,INFLOW,20141003,1700,2929, ,CFS
SHA,H,76,INFLOW,20141003,1800,5703, ,CFS
SHA,H,76,INFLOW,20141003,1900,9084, ,CFS
SHA,H,76,INFLOW,20141003,2000,6470, ,CFS
SHA,H,76,INFLOW,20141003,2100,4658, ,CFS
SHA,H,76,INFLOW,20141003,2200,6087, ,CFS
SHA,H,76,INFLOW,20141003,2300,6728, ,CFS
SHA,H,76,INFLOW,20141004,0000,4010, ,CFS
SHA,H,76,INFLOW,20141004,0100,2396, ,CFS
SHA,H,76,INFLOW,20141004,0200,2768, ,CFS
SHA,H,76,INFLOW,20141004,0300,1335, ,CFS
SHA,H,76,INFLOW,20141004,0400,1335, ,CFS
SHA,H,76,INFLOW,20141004,0500,1334, ,CFS
SHA,H,76,INFLOW,20141004,0600,1334, ,CFS
SHA,H,76,INFLOW,20141004,0700,2731, ,CFS
SHA,H,76,INFLOW,20141004,0800,-98, ,CFS
SHA,H,76,INFLOW,20141004,0900,1716, ,CFS
SHA,H,76,INFLOW,20141004,1000,992, ,CFS
SHA,H,76,INFLOW,20141004,1100,-440, ,CFS
SHA,H,76,INFLOW,20141004,1200,2423, ,CFS
SHA,H,76,INFLOW,20141004,1300,991, ,CFS
SHA,H,76,INFLOW,20141004,1400,-440, ,CFS
SHA,H,76,INFLOW,20141004,1500,980, ,CFS
SHA,H,76,INFLOW,20141004,1600,1125, ,CFS
SHA,H,76,INFLOW,20141004,1700,1984, ,CFS
SHA,H,76,INFLOW,20141004,1800,509, ,CFS
SHA,H,76,INFLOW,20141004,1900,3721, ,CFS
SHA,H,76,INFLOW,20141004,2000,6260, ,CFS
SHA,H,76,INFLOW,20141004,2100,3641, ,CFS
SHA,H,76,INFLOW,20141004,2200,11613, ,CFS
SHA,H,76,INFLOW,20141004,2300,2001, ,CFS
SHA,H,76,INFLOW,20141005,0000,-127, ,CFS
SHA,H,76,INFLOW,20141005,0100,4011, ,CFS
SHA,H,76,INFLOW,20141005,0200,-135, ,CFS
SHA,H,76,INFLOW,20141005,0300,1330, ,CFS
SHA,H,76,INFLOW,20141005,0400,2761, ,CFS
SHA,H,76,INFLOW,20141005,0500,1329, ,CFS
SHA,H,76,INFLOW,20141005,0600,-1534, ,CFS
SHA,H,76,INFLOW,20141005,0700,2760, ,CFS
SHA,H,76,INFLOW,20141005,0800,2760, ,CFS
SHA,H,76,INFLOW,20141005,0900,232, ,CFS
SHA,H,76,INFLOW,20141005,1000,2420, ,CFS
SHA,H,76,INFLOW,20141005,1100,-450, ,CFS
SHA,H,76,INFLOW,20141005,1200,-353, ,CFS
SHA,H,76,INFLOW,20141005,1300,1270, ,CFS
SHA,H,76,INFLOW,20141005,1400,1270, ,CFS
SHA,H,76,INFLOW,20141005,1500,-1202, ,CFS
SHA,H,76,INFLOW,20141005,1600,2537, ,CFS
SHA,H,76,INFLOW,20141005,1700,2777, ,CFS
SHA,H,76,INFLOW,20141005,1800,26, ,CFS
SHA,H,76,INFLOW,20141005,1900,4359, ,CFS
SHA,H,76,INFLOW,20141005,2000,9168, ,CFS
SHA,H,76,INFLOW,20141005,2100,1364, ,CFS
SHA,H,76,INFLOW,20141005,2200,7222, ,CFS
SHA,H,76,INFLOW,20141005,2300,2963, ,CFS
SHA,H,76,INFLOW,20141006,0000,1909, ,CFS
SHA,H,76,INFLOW,20141006,0100,1269, ,CFS
SHA,H,76,INFLOW,20141006,0200,5612, ,CFS
SHA,H,76,INFLOW,20141006,0300,2749, ,CFS
SHA,H,76,INFLOW,20141006,0400,2749, ,CFS
SHA,H,76,INFLOW,20141006,0500,1317, ,CFS
SHA,H,76,INFLOW,20141006,0600,1316, ,CFS
SHA,H,76,INFLOW,20141006,0700,-115, ,CFS
SHA,H,76,INFLOW,20141006,0800,2713, ,CFS
SHA,H,76,INFLOW,20141006,0900,-42, ,CFS
SHA,H,76,INFLOW,20141006,1000,7784, ,CFS
SHA,H,76,INFLOW,20141006,1100,4486, ,CFS
SHA,H,76,INFLOW,20141006,1200,5688, ,CFS
SHA,H,76,INFLOW,20141006,1300,6203, ,CFS
SHA,H,76,INFLOW,20141006,1400,5965, ,CFS
SHA,H,76,INFLOW,20141006,1500,6916, ,CFS
SHA,H,76,INFLOW,20141006,1600,5239, ,CFS
SHA,H,76,INFLOW,20141006,1700,8472, ,CFS
SHA,H,76,INFLOW,20141006,1800,6122, ,CFS
SHA,H,76,INFLOW,20141006,1900,5114, ,CFS
SHA,H,76,INFLOW,20141006,2000,3410, ,CFS
SHA,H,76,INFLOW,20141006,2100,4869, ,CFS
SHA,H,76,INFLOW,20141006,2200,10338, ,CFS
SHA,H,76,INFLOW,20141006,2300,5981, ,CFS
SHA,H,76,INFLOW,20141007,0000,3525, ,CFS
SHA,H,76,INFLOW,20141007,0100,8345, ,CFS
SHA,H,76,INFLOW,20141007,0200,2422, ,CFS
SHA,H,76,INFLOW,20141007,0300,971, ,CFS
SHA,H,76,INFLOW,20141007,0400,2422, ,CFS
SHA,H,76,INFLOW,20141007,0500,990, ,CFS
SHA,H,76,INFLOW,20141007,0600,990, ,CFS
SHA,H,76,INFLOW,20141007,0700,2422, ,CFS
SHA,H,76,INFLOW,20141007,0800,2421, ,CFS
SHA,H,76,INFLOW,20141007,0900,-442, ,CFS
SHA,H,76,INFLOW,20141007,1000,5234, ,CFS
SHA,H,76,INFLOW,20141007,1100,-473, ,CFS
SHA,H,76,INFLOW,20141007,1200,959, ,CFS
SHA,H,76,INFLOW,20141007,1300,9548, ,CFS
SHA,H,76,INFLOW,20141007,1400,2391, ,CFS
SHA,H,76,INFLOW,20141007,1500,7008, ,CFS
SHA,H,76,INFLOW,20141007,1600,7960, ,CFS
SHA,H,76,INFLOW,20141007,1700,2516, ,CFS
SHA,H,76,INFLOW,20141007,1800,8235, ,CFS
SHA,H,76,INFLOW,20141007,1900,8306, ,CFS
SHA,H,76,INFLOW,20141007,2000,5424, ,CFS
SHA,H,76,INFLOW,20141007,2100,6627, ,CFS
SHA,H,76,INFLOW,20141007,2200,7055, ,CFS
SHA,H,76,INFLOW,20141007,2300,8117, ,CFS
SHA,H,76,INFLOW,20141008,0000,5254, ,CFS
SHA,H,76,INFLOW,20141008,0100,2728, ,CFS
SHA,H,76,INFLOW,20141008,0200,2728, ,CFS
SHA,H,76,INFLOW,20141008,0300,1296, ,CFS
SHA,H,76,INFLOW,20141008,0400,2728, ,CFS
SHA,H,76,INFLOW,20141008,0500,-136, ,CFS
SHA,H,76,INFLOW,20141008,0600,1296, ,CFS
SHA,H,76,INFLOW,20141008,0700,1295, ,CFS
SHA,H,76,INFLOW,20141008,0800,1295, ,CFS
SHA,H,76,INFLOW,20141008,0900,2727, ,CFS
SHA,H,76,INFLOW,20141008,1000,4270, ,CFS
SHA,H,76,INFLOW,20141008,1100,2238, ,CFS
SHA,H,76,INFLOW,20141008,1200,1037, ,CFS
SHA,H,76,INFLOW,20141008,1300,-339, ,CFS
SHA,H,76,INFLOW,20141008,1400,2644, ,CFS
SHA,H,76,INFLOW,20141008,1500,9150, ,CFS
SHA,H,76,INFLOW,20141008,1600,5849, ,CFS
SHA,H,76,INFLOW,20141008,1700,2303, ,CFS
SHA,H,76,INFLOW,20141008,1800,6583, ,CFS
SHA,H,76,INFLOW,20141008,1900,7704, ,CFS
SHA,H,76,INFLOW,20141008,2000,6035, ,CFS
SHA,H,76,INFLOW,20141008,2100,5643, ,CFS
SHA,H,76,INFLOW,20141008,2200,9811, ,CFS
SHA,H,76,INFLOW,20141008,2300,3817, ,CFS
SHA,H,76,INFLOW,20141009,0000,4921, ,CFS
SHA,H,76,INFLOW,20141009,0100,4520, ,CFS
SHA,H,76,INFLOW,20141009,0200,4387, ,CFS
SHA,H,76,INFLOW,20141009,0300,87, ,CFS
SHA,H,76,INFLOW,20141009,0400,1518, ,CFS
SHA,H,76,INFLOW,20141009,0500,1518, ,CFS
SHA,H,76,INFLOW,20141009,0600,1518, ,CFS
SHA,H,76,INFLOW,20141009,0700,399, ,CFS
SHA,H,76,INFLOW,20141009,0800,1912, ,CFS
SHA,H,76,INFLOW,20141009,0900,-332, ,CFS
SHA,H,76,INFLOW,20141009,1000,1425, ,CFS
SHA,H,76,INFLOW,20141009,1100,1363, ,CFS
SHA,H,76,INFLOW,20141009,1200,-357, ,CFS
SHA,H,76,INFLOW,20141009,1300,7312, ,CFS
SHA,H,76,INFLOW,20141009,1400,-1023, ,CFS
SHA,H,76,INFLOW,20141009,1500,3840, ,CFS
SHA,H,76,INFLOW,20141009,1600,5968, ,CFS
SHA,H,76,INFLOW,20141009,1700,3243, ,CFS
SHA,H,76,INFLOW,20141009,1800,9041, ,CFS
SHA,H,76,INFLOW,20141009,1900,4591, ,CFS
SHA,H,76,INFLOW,20141009,2000,5029, ,CFS
SHA,H,76,INFLOW,20141009,2100,7794, ,CFS
SHA,H,76,INFLOW,20141009,2200,4533, ,CFS
SHA,H,76,INFLOW,20141009,2300,2305, ,CFS
SHA,H,76,INFLOW,20141010,0000,7918, ,CFS
SHA,H,76,INFLOW,20141010,0100,-1115, ,CFS
SHA,H,76,INFLOW,20141010,0200,1318, ,CFS
SHA,H,76,INFLOW,20141010,0300,3033, ,CFS
SHA,H,76,INFLOW,20141010,0400,1504, ,CFS
SHA,H,76,INFLOW,20141010,0500,1505, ,CFS
SHA,H,76,INFLOW,20141010,0600,1660, ,CFS
SHA,H,76,INFLOW,20141010,0700,-11, ,CFS
SHA,H,76,INFLOW,20141010,0800,1193, ,CFS
SHA,H,76,INFLOW,20141010,0900,-520, ,CFS
SHA,H,76,INFLOW,20141010,1000,2641, ,CFS
SHA,H,76,INFLOW,20141010,1100,-709, ,CFS
SHA,H,76,INFLOW,20141010,1200,1661, ,CFS
SHA,H,76,INFLOW,20141010,1300,534, ,CFS
SHA,H,76,INFLOW,20141010,1400,-867, ,CFS
SHA,H,76,INFLOW,20141010,1500,2621, ,CFS
SHA,H,76,INFLOW,20141010,1600,1138, ,CFS
SHA,H,76,INFLOW,20141010,1700,1947, ,CFS
SHA,H,76,INFLOW,20141010,1800,4823, ,CFS
SHA,H,76,INFLOW,20141010,1900,4455, ,CFS
SHA,H,76,INFLOW,20141010,2000,5348, ,CFS
SHA,H,76,INFLOW,20141010,2100,2215, ,CFS
SHA,H,76,INFLOW,20141010,2200,6719, ,CFS
SHA,H,76,INFLOW,20141010,2300,1627, ,CFS
SHA,H,76,INFLOW,20141011,0000,406, ,CFS
SHA,H,76,INFLOW,20141011,0100,3855, ,CFS
SHA,H,76,INFLOW,20141011,0200,-861, ,CFS
SHA,H,76,INFLOW,20141011,0300,357, ,CFS
SHA,H,76,INFLOW,20141011,0400,3138, ,CFS
SHA,H,76,INFLOW,20141011,0500,1751, ,CFS
SHA,H,76,INFLOW,20141011,0600,582, ,CFS
SHA,H,76,INFLOW,20141011,0700,2388, ,CFS
SHA,H,76,INFLOW,20141011,0800,538, ,CFS
SHA,H,76,INFLOW,20141011,0900,-505, ,CFS
SHA,H,76,INFLOW,20141011,1000,2313, ,CFS
SHA,H,76,INFLOW,20141011,1100,51, ,CFS
SHA,H,76,INFLOW,20141011,1200,799, ,CFS
SHA,H,76,INFLOW,20141011,1300,530, ,CFS
SHA,H,76,INFLOW,20141011,1400,339, ,CFS
SHA,H,76,INFLOW,20141011,1500,2681, ,CFS
SHA,H,76,INFLOW,20141011,1600,-796, ,CFS
SHA,H,76,INFLOW,20141011,1700,3701, ,CFS
SHA,H,76,INFLOW,20141011,1800,522, ,CFS
SHA,H,76,INFLOW,20141011,1900,1004, ,CFS
SHA,H,76,INFLOW,20141011,2000,3311, ,CFS
SHA,H,76,INFLOW,20141011,2100,1102, ,CFS
SHA,H,76,INFLOW,20141011,2200,3840, ,CFS
SHA,H,76,INFLOW,20141011,2300,3025, ,CFS
SHA,H,76,INFLOW,20141012,0000,1597, ,CFS
SHA,H,76,INFLOW,20141012,0100,1922, ,CFS
SHA,H,76,INFLOW,20141012,0200,1846, ,CFS
SHA,H,76,INFLOW,20141012,0300,83, ,CFS
SHA,H,76,INFLOW,20141012,0400,1509, ,CFS
SHA,H,76,INFLOW,20141012,0500,1524, ,CFS
SHA,H,76,INFLOW,20141012,0600,310, ,CFS
SHA,H,76,INFLOW,20141012,0700,2188, ,CFS
SHA,H,76,INFLOW,20141012,0800,2799, ,CFS
SHA,H,76,INFLOW,20141012,0900,-1553, ,CFS
SHA,H,76,INFLOW,20141012,1000,4499, ,CFS
SHA,H,76,INFLOW,20141012,1100,-1042, ,CFS
SHA,H,76,INFLOW,20141012,1200,-1163, ,CFS
SHA,H,76,INFLOW,20141012,1300,1084, ,CFS
SHA,H,76,INFLOW,20141012,1400,1017, ,CFS
SHA,H,76,INFLOW,20141012,1500,395, ,CFS
SHA,H,76,INFLOW,20141012,1600,571, ,CFS
SHA,H,76,INFLOW,20141012,1700,1932, ,CFS
SHA,H,76,INFLOW,20141012,1800,2023, ,CFS
SHA,H,76,INFLOW,20141012,1900,-795, ,CFS
SHA,H,76,INFLOW,20141012,2000,2041, ,CFS
SHA,H,76,INFLOW,20141012,2100,4900, ,CFS
SHA,H,76,INFLOW,20141012,2200,1776, ,CFS
SHA,H,76,INFLOW,20141012,2300,1494, ,CFS
SHA,H,76,INFLOW,20141013,0000,3359, ,CFS
SHA,H,76,INFLOW,20141013,0100,1524, ,CFS
SHA,H,76,INFLOW,20141013,0200,1518, ,CFS
SHA,H,76,INFLOW,20141013,0300,97, ,CFS
SHA,H,76,INFLOW,20141013,0400,2945, ,CFS
SHA,H,76,INFLOW,20141013,0500,1541, ,CFS
SHA,H,76,INFLOW,20141013,0600,956, ,CFS
SHA,H,76,INFLOW,20141013,0700,-1042, ,CFS
SHA,H,76,INFLOW,20141013,0800,1946, ,CFS
SHA,H,76,INFLOW,20141013,0900,387, ,CFS
SHA,H,76,INFLOW,20141013,1000,6553, ,CFS
SHA,H,76,INFLOW,20141013,1100,-378, ,CFS
SHA,H,76,INFLOW,20141013,1200,1819, ,CFS
SHA,H,76,INFLOW,20141013,1300,1929, ,CFS
SHA,H,76,INFLOW,20141013,1400,12, ,CFS
SHA,H,76,INFLOW,20141013,1500,1708, ,CFS
SHA,H,76,INFLOW,20141013,1600,3112, ,CFS
SHA,H,76,INFLOW,20141013,1700,541, ,CFS
SHA,H,76,INFLOW,20141013,1800,-26, ,CFS
SHA,H,76,INFLOW,20141013,1900,7405, ,CFS
SHA,H,76,INFLOW,20141013,2000,2547, ,CFS
SHA,H,76,INFLOW,20141013,2100,10035, ,CFS
SHA,H,76,INFLOW,20141013,2200,6580, ,CFS
SHA,H,76,INFLOW,20141013,2300,5102, ,CFS
SHA,H,76,INFLOW,20141014,0000,3280, ,CFS
SHA,H,76,INFLOW,20141014,0100,1783, ,CFS
SHA,H,76,INFLOW,20141014,0200,267, ,CFS
SHA,H,76,INFLOW,20141014,0300,3136, ,CFS
SHA,H,76,INFLOW,20141014,0400,1692, ,CFS
SHA,H,76,INFLOW,20141014,0500,-165, ,CFS
SHA,H,76,INFLOW,20141014,0600,841, ,CFS
SHA,H,76,INFLOW,20141014,0700,2756, ,CFS
SHA,H,76,INFLOW,20141014,0800,113, ,CFS
SHA,H,76,INFLOW,20141014,0900,1604, ,CFS
SHA,H,76,INFLOW,20141014,1000,-750, ,CFS
SHA,H,76,INFLOW,20141014,1100,2611, ,CFS
SHA,H,76,INFLOW,20141014,1200,278, ,CFS
SHA,H,76,INFLOW,20141014,1300,2466, ,CFS
SHA,H,76,INFLOW,20141014,1400,-495, ,CFS
SHA,H,76,INFLOW,20141014,1500,11151, ,CFS
SHA,H,76,INFLOW,20141014,1600,3440, ,CFS
SHA,H,76,INFLOW,20141014,1700,5428, ,CFS
SHA,H,76,INFLOW,20141014,1800,7258, ,CFS
SHA,H,76,INFLOW,20141014,1900,5897, ,CFS
SHA,H,76,INFLOW,20141014,2000,5881, ,CFS
SHA,H,76,INFLOW,20141014,2100,5281, ,CFS
SHA,H,76,INFLOW,20141014,2200,4560, ,CFS
SHA,H,76,INFLOW,20141014,2300,10171, ,CFS
SHA,H,76,INFLOW,20141015,0000,8965, ,CFS
SHA,H,76,INFLOW,20141015,0100,1817, ,CFS
SHA,H,76,INFLOW,20141015,0200,5782, ,CFS
SHA,H,76,INFLOW,20141015,0300,-1278, ,CFS
SHA,H,76,INFLOW,20141015,0400,12822, ,CFS
SHA,H,76,INFLOW,20141015,0500,-5097, ,CFS
SHA,H,76,INFLOW,20141015,0600,3628, ,CFS
SHA,H,76,INFLOW,20141015,0700,3771, ,CFS
SHA,H,76,INFLOW,20141015,0800,153, ,CFS
SHA,H,76,INFLOW,20141015,0900,-1311, ,CFS
SHA,H,76,INFLOW,20141015,1000,5811, ,CFS
SHA,H,76,INFLOW,20141015,1100,738, ,CFS
SHA,H,76,INFLOW,20141015,1200,3928, ,CFS
SHA,H,76,INFLOW,20141015,1300,4639, ,CFS
SHA,H,76,INFLOW,20141015,1400,-477, ,CFS
SHA,H,76,INFLOW,20141015,1500,3098, ,CFS
SHA,H,76,INFLOW,20141015,1600,9201, ,CFS
SHA,H,76,INFLOW,20141015,1700,1307, ,CFS
SHA,H,76,INFLOW,20141015,1800,4500, ,CFS
SHA,H,76,INFLOW,20141015,1900,5742, ,CFS
SHA,H,76,INFLOW,20141015,2000,4330, ,CFS
SHA,H,76,INFLOW,20141015,2100,3881, ,CFS
SHA,H,76,INFLOW,20141015,2200,6454, ,CFS
SHA,H,76,INFLOW,20141015,2300,6382, ,CFS
SHA,H,76,INFLOW,20141016,0000,1830, ,CFS
SHA,H,76,INFLOW,20141016,0100,5741, ,CFS
SHA,H,76,INFLOW,20141016,0200,2915, ,CFS
SHA,H,76,INFLOW,20141016,0300,94, ,CFS
SHA,H,76,INFLOW,20141016,0400,2915, ,CFS
SHA,H,76,INFLOW,20141016,0500,1505, ,CFS
SHA,H,76,INFLOW,20141016,0600,1509, ,CFS
SHA,H,76,INFLOW,20141016,0700,1796, ,CFS
SHA,H,76,INFLOW,20141016,0800,1779, ,CFS
SHA,H,76,INFLOW,20141016,0900,412, ,CFS
SHA,H,76,INFLOW,20141016,1000,719, ,CFS
SHA,H,76,INFLOW,20141016,1100,102, ,CFS
SHA,H,76,INFLOW,20141016,1200,1614, ,CFS
SHA,H,76,INFLOW,20141016,1300,3023, ,CFS
SHA,H,76,INFLOW,20141016,1400,74, ,CFS
SHA,H,76,INFLOW,20141016,1500,2656, ,CFS
SHA,H,76,INFLOW,20141016,1600,6591, ,CFS
SHA,H,76,INFLOW,20141016,1700,7685, ,CFS
SHA,H,76,INFLOW,20141016,1800,3714, ,CFS
SHA,H,76,INFLOW,20141016,1900,8058, ,CFS
SHA,H,76,INFLOW,20141016,2000,6715, ,CFS
SHA,H,76,INFLOW,20141016,2100,5586, ,CFS
SHA,H,76,INFLOW,20141016,2200,5501, ,CFS
SHA,H,76,INFLOW,20141016,2300,8866, ,CFS
SHA,H,76,INFLOW,20141017,0000,3184, ,CFS
SHA,H,76,INFLOW,20141017,0100,5730, ,CFS
SHA,H,76,INFLOW,20141017,0200,87, ,CFS
SHA,H,76,INFLOW,20141017,0300,1498, ,CFS
SHA,H,76,INFLOW,20141017,0400,2908, ,CFS
SHA,H,76,INFLOW,20141017,0500,87, ,CFS
SHA,H,76,INFLOW,20141017,0600,88, ,CFS
SHA,H,76,INFLOW,20141017,0700,4655, ,CFS
SHA,H,76,INFLOW,20141017,0800,-1744, ,CFS
SHA,H,76,INFLOW,20141017,0900,2779, ,CFS
SHA,H,76,INFLOW,20141017,1000,1605, ,CFS
SHA,H,76,INFLOW,20141017,1100,183, ,CFS
SHA,H,76,INFLOW,20141017,1200,1600, ,CFS
SHA,H,76,INFLOW,20141017,1300,1630, ,CFS
SHA,H,76,INFLOW,20141017,1400,142, ,CFS
SHA,H,76,INFLOW,20141017,1500,4224, ,CFS
SHA,H,76,INFLOW,20141017,1600,6972, ,CFS
SHA,H,76,INFLOW,20141017,1700,4367, ,CFS
SHA,H,76,INFLOW,20141017,1800,7224, ,CFS
SHA,H,76,INFLOW,20141017,1900,4429, ,CFS
SHA,H,76,INFLOW,20141017,2000,7241, ,CFS
SHA,H,76,INFLOW,20141017,2100,5834, ,CFS
SHA,H,76,INFLOW,20141017,2200,5454, ,CFS
SHA,H,76,INFLOW,20141017,2300,6670, ,CFS
SHA,H,76,INFLOW,20141018,0000,3181, ,CFS
SHA,H,76,INFLOW,20141018,0100,4291, ,CFS
SHA,H,76,INFLOW,20141018,0200,1470, ,CFS
SHA,H,76,INFLOW,20141018,0300,59, ,CFS
SHA,H,76,INFLOW,20141018,0400,2880, ,CFS
SHA,H,76,INFLOW,20141018,0500,1470, ,CFS
SHA,H,76,INFLOW,20141018,0600,1470, ,CFS
SHA,H,76,INFLOW,20141018,0700,1470, ,CFS
SHA,H,76,INFLOW,20141018,0800,1573, ,CFS
SHA,H,76,INFLOW,20141018,0900,1522, ,CFS
SHA,H,76,INFLOW,20141018,1000,244, ,CFS
SHA,H,76,INFLOW,20141018,1100,1304, ,CFS
SHA,H,76,INFLOW,20141018,1200,134, ,CFS
SHA,H,76,INFLOW,20141018,1300,1119, ,CFS
SHA,H,76,INFLOW,20141018,1400,1564, ,CFS
SHA,H,76,INFLOW,20141018,1500,165, ,CFS
SHA,H,76,INFLOW,20141018,1600,1607, ,CFS
SHA,H,76,INFLOW,20141018,1700,1580, ,CFS
SHA,H,76,INFLOW,20141018,1800,1566, ,CFS
SHA,H,76,INFLOW,20141018,1900,1470, ,CFS
SHA,H,76,INFLOW,20141018,2000,8649, ,CFS
SHA,H,76,INFLOW,20141018,2100,5839, ,CFS
SHA,H,76,INFLOW,20141018,2200,4425, ,CFS
SHA,H,76,INFLOW,20141018,2300,8574, ,CFS
SHA,H,76,INFLOW,20141019,0000,5800, ,CFS
SHA,H,76,INFLOW,20141019,0100,1626, ,CFS
SHA,H,76,INFLOW,20141019,0200,2880, ,CFS
SHA,H,76,INFLOW,20141019,0300,1470, ,CFS
SHA,H,76,INFLOW,20141019,0400,59, ,CFS
SHA,H,76,INFLOW,20141019,0500,2880, ,CFS
SHA,H,76,INFLOW,20141019,0600,1470, ,CFS
SHA,H,76,INFLOW,20141019,0700,77, ,CFS
SHA,H,76,INFLOW,20141019,0800,1543, ,CFS
SHA,H,76,INFLOW,20141019,0900,408, ,CFS
SHA,H,76,INFLOW,20141019,1000,801, ,CFS
SHA,H,76,INFLOW,20141019,1100,1183, ,CFS
SHA,H,76,INFLOW,20141019,1200,1436, ,CFS
SHA,H,76,INFLOW,20141019,1300,-264, ,CFS
SHA,H,76,INFLOW,20141019,1400,2768, ,CFS
SHA,H,76,INFLOW,20141019,1500,157, ,CFS
SHA,H,76,INFLOW,20141019,1600,126, ,CFS
SHA,H,76,INFLOW,20141019,1700,43, ,CFS
SHA,H,76,INFLOW,20141019,1800,5790, ,CFS
SHA,H,76,INFLOW,20141019,1900,4267, ,CFS
SHA,H,76,INFLOW,20141019,2000,5387, ,CFS
SHA,H,76,INFLOW,20141019,2100,7126, ,CFS
SHA,H,76,INFLOW,20141019,2200,3637, ,CFS
SHA,H,76,INFLOW,20141019,2300,5207, ,CFS
SHA,H,76,INFLOW,20141020,0000,3323, ,CFS
SHA,H,76,INFLOW,20141020,0100,4237, ,CFS
SHA,H,76,INFLOW,20141020,0200,357, ,CFS
SHA,H,76,INFLOW,20141020,0300,3171, ,CFS
SHA,H,76,INFLOW,20141020,0400,2835, ,CFS
SHA,H,76,INFLOW,20141020,0500,-900, ,CFS
SHA,H,76,INFLOW,20141020,0600,2877, ,CFS
SHA,H,76,INFLOW,20141020,0700,56, ,CFS
SHA,H,76,INFLOW,20141020,0800,1467, ,CFS
SHA,H,76,INFLOW,20141020,0900,2877, ,CFS
SHA,H,76,INFLOW,20141020,1000,1467, ,CFS
SHA,H,76,INFLOW,20141020,1100,16985, ,CFS
SHA,H,76,INFLOW,20141020,1200,2877, ,CFS
SHA,H,76,INFLOW,20141020,1300,1467, ,CFS
SHA,H,76,INFLOW,20141020,1400,1467, ,CFS
SHA,H,76,INFLOW,20141020,1500,1467, ,CFS
SHA,H,76,INFLOW,20141020,1600,1467, ,CFS
SHA,H,76,INFLOW,20141020,1700,2877, ,CFS
SHA,H,76,INFLOW,20141020,1800,56, ,CFS
SHA,H,76,INFLOW,20141020,1900,12753, ,CFS
SHA,H,76,INFLOW,20141020,2000,-5146, ,CFS
SHA,H,76,INFLOW,20141020,2100,6581, ,CFS
SHA,H,76,INFLOW,20141020,2200,-2546, ,CFS
SHA,H,76,INFLOW,20141020,2300,1694, ,CFS
SHA,H,76,INFLOW,20141021,0000,5518, ,CFS
SHA,H,76,INFLOW,20141021,0100,1098, ,CFS
SHA,H,76,INFLOW,20141021,0200,936, ,CFS
SHA,H,76,INFLOW,20141021,0300,4315, ,CFS
SHA,H,76,INFLOW,20141021,0400,3366, ,CFS
SHA,H,76,INFLOW,20141021,0500,496, ,CFS
SHA,H,76,INFLOW,20141021,0600,5699, ,CFS
SHA,H,76,INFLOW,20141021,0700,56, ,CFS
SHA,H,76,INFLOW,20141021,0800,1467, ,CFS
SHA,H,76,INFLOW,20141021,0900,1467, ,CFS
SHA,H,76,INFLOW,20141021,1000,2877, ,CFS
SHA,H,76,INFLOW,20141021,1100,2877, ,CFS
SHA,H,76,INFLOW,20141021,1200,4288, ,CFS
SHA,H,76,INFLOW,20141021,1300,1467, ,CFS
SHA,H,76,INFLOW,20141021,1400,1467, ,CFS
SHA,H,76,INFLOW,20141021,1500,1467, ,CFS
SHA,H,76,INFLOW,20141021,1600,2877, ,CFS
SHA,H,76,INFLOW,20141021,1700,2877, ,CFS
SHA,H,76,INFLOW,20141021,1800,4288, ,CFS
SHA,H,76,INFLOW,20141021,1900,4288, ,CFS
SHA,H,76,INFLOW,20141021,2000,1922, ,CFS
SHA,H,76,INFLOW,20141021,2100,5283, ,CFS
SHA,H,76,INFLOW,20141021,2200,2893, ,CFS
SHA,H,76,INFLOW,20141021,2300,3289, ,CFS
SHA,H,76,INFLOW,20141022,0000,5801, ,CFS
SHA,H,76,INFLOW,20141022,0100,565, ,CFS
SHA,H,76,INFLOW,20141022,0200,4673, ,CFS
SHA,H,76,INFLOW,20141022,0300,1927, ,CFS
SHA,H,76,INFLOW,20141022,0400,1547, ,CFS
SHA,H,76,INFLOW,20141022,0500,-1892, ,CFS
SHA,H,76,INFLOW,20141022,0600,4599, ,CFS
SHA,H,76,INFLOW,20141022,0700,1784, ,CFS
SHA,H,76,INFLOW,20141022,0800,841, ,CFS
SHA,H,76,INFLOW,20141022,0900,2965, ,CFS
SHA,H,76,INFLOW,20141022,1000,2958, ,CFS
SHA,H,76,INFLOW,20141022,1100,2932, ,CFS
SHA,H,76,INFLOW,20141022,1200,4379, ,CFS
SHA,H,76,INFLOW,20141022,1300,1549, ,CFS
SHA,H,76,INFLOW,20141022,1400,1647, ,CFS
SHA,H,76,INFLOW,20141022,1500,4330, ,CFS
SHA,H,76,INFLOW,20141022,1600,2875, ,CFS
SHA,H,76,INFLOW,20141022,1700,38, ,CFS
SHA,H,76,INFLOW,20141022,1800,5995, ,CFS
SHA,H,76,INFLOW,20141022,1900,2897, ,CFS
SHA,H,76,INFLOW,20141022,2000,2035, ,CFS
SHA,H,76,INFLOW,20141022,2100,2953, ,CFS
SHA,H,76,INFLOW,20141022,2200,2338, ,CFS
SHA,H,76,INFLOW,20141022,2300,2316, ,CFS
SHA,H,76,INFLOW,20141023,0000,3704, ,CFS
SHA,H,76,INFLOW,20141023,0100,1685, ,CFS
SHA,H,76,INFLOW,20141023,0200,5629, ,CFS
SHA,H,76,INFLOW,20141023,0300,1414, ,CFS
SHA,H,76,INFLOW,20141023,0400,4120, ,CFS
SHA,H,76,INFLOW,20141023,0500,-1277, ,CFS
SHA,H,76,INFLOW,20141023,0600,2907, ,CFS
SHA,H,76,INFLOW,20141023,0700,-141, ,CFS
SHA,H,76,INFLOW,20141023,0800,9367, ,CFS
SHA,H,76,INFLOW,20141023,0900,-3588, ,CFS
SHA,H,76,INFLOW,20141023,1000,9181, ,CFS
SHA,H,76,INFLOW,20141023,1100,6015, ,CFS
SHA,H,76,INFLOW,20141023,1200,366, ,CFS
SHA,H,76,INFLOW,20141023,1300,4544, ,CFS
SHA,H,76,INFLOW,20141023,1400,8248, ,CFS
SHA,H,76,INFLOW,20141023,1500,507, ,CFS
SHA,H,76,INFLOW,20141023,1600,4201, ,CFS
SHA,H,76,INFLOW,20141023,1700,2841, ,CFS
SHA,H,76,INFLOW,20141023,1800,41, ,CFS
SHA,H,76,INFLOW,20141023,1900,7051, ,CFS
SHA,H,76,INFLOW,20141023,2000,4568, ,CFS
SHA,H,76,INFLOW,20141023,2100,2629, ,CFS
SHA,H,76,INFLOW,20141023,2200,2559, ,CFS
SHA,H,76,INFLOW,20141023,2300,3957, ,CFS
SHA,H,76,INFLOW,20141024,0000,3264, ,CFS
SHA,H,76,INFLOW,20141024,0100,5755, ,CFS
SHA,H,76,INFLOW,20141024,0200,2833, ,CFS
SHA,H,76,INFLOW,20141024,0300,7034, ,CFS
SHA,H,76,INFLOW,20141024,0400,32, ,CFS
SHA,H,76,INFLOW,20141024,0500,8434, ,CFS
SHA,H,76,INFLOW,20141024,0600,2833, ,CFS
SHA,H,76,INFLOW,20141024,0700,4233, ,CFS
SHA,H,76,INFLOW,20141024,0800,4243, ,CFS
SHA,H,76,INFLOW,20141024,0900,5671, ,CFS
SHA,H,76,INFLOW,20141024,1000,4260, ,CFS
SHA,H,76,INFLOW,20141024,1100,5671, ,CFS
SHA,H,76,INFLOW,20141024,1200,4260, ,CFS
SHA,H,76,INFLOW,20141024,1300,4260, ,CFS
SHA,H,76,INFLOW,20141024,1400,4260, ,CFS
SHA,H,76,INFLOW,20141024,1500,4260, ,CFS
SHA,H,76,INFLOW,20141024,1600,3287, ,CFS
SHA,H,76,INFLOW,20141024,1700,6384, ,CFS
SHA,H,76,INFLOW,20141024,1800,1662, ,CFS
SHA,H,76,INFLOW,20141024,1900,5923, ,CFS
SHA,H,76,INFLOW,20141024,2000,4628, ,CFS
SHA,H,76,INFLOW,20141024,2100,2893, ,CFS
SHA,H,76,INFLOW,20141024,2200,-408, ,CFS
SHA,H,76,INFLOW,20141024,2300,4673, ,CFS
SHA,H,76,INFLOW,20141025,0000,4136, ,CFS
SHA,H,76,INFLOW,20141025,0100,1579, ,CFS
SHA,H,76,INFLOW,20141025,0200,7082, ,CFS
SHA,H,76,INFLOW,20141025,0300,2849, ,CFS
SHA,H,76,INFLOW,20141025,0400,5671, ,CFS
SHA,H,76,INFLOW,20141025,0500,1439, ,CFS
SHA,H,76,INFLOW,20141025,0600,9903, ,CFS
SHA,H,76,INFLOW,20141025,0700,8492, ,CFS
SHA,H,76,INFLOW,20141025,0800,4260, ,CFS
SHA,H,76,INFLOW,20141025,0900,1480, ,CFS
SHA,H,76,INFLOW,20141025,1000,8533, ,CFS
SHA,H,76,INFLOW,20141025,1100,-4163, ,CFS
SHA,H,76,INFLOW,20141025,1200,8533, ,CFS
SHA,H,76,INFLOW,20141025,1300,11355, ,CFS
SHA,H,76,INFLOW,20141025,1400,8687, ,CFS
SHA,H,76,INFLOW,20141025,1500,16902, ,CFS
SHA,H,76,INFLOW,20141025,1600,160, ,CFS
SHA,H,76,INFLOW,20141025,1700,25503, ,CFS
SHA,H,76,INFLOW,20141025,1800,3452, ,CFS
SHA,H,76,INFLOW,20141025,1900,11435, ,CFS
SHA,H,76,INFLOW,20141025,2000,3200, ,CFS
SHA,H,76,INFLOW,20141025,2100,3044, ,CFS
SHA,H,76,INFLOW,20141025,2200,11457, ,CFS
SHA,H,76,INFLOW,20141025,2300,6772, ,CFS
SHA,H,76,INFLOW,20141026,0000,6375, ,CFS
SHA,H,76,INFLOW,20141026,0100,3325, ,CFS
SHA,H,76,INFLOW,20141026,0200,8542, ,CFS
SHA,H,76,INFLOW,20141026,0300,1481, ,CFS
SHA,H,76,INFLOW,20141026,0400,5713, ,CFS
SHA,H,76,INFLOW,20141026,0500,8545, ,CFS
SHA,H,76,INFLOW,20141026,0600,2913, ,CFS
SHA,H,76,INFLOW,20141026,0700,4334, ,CFS
SHA,H,76,INFLOW,20141026,0800,4334, ,CFS
SHA,H,76,INFLOW,20141026,0900,2912, ,CFS
SHA,H,76,INFLOW,20141026,1000,2913, ,CFS
SHA,H,76,INFLOW,20141026,1100,4334, ,CFS
SHA,H,76,INFLOW,20141026,1200,1717, ,CFS
SHA,H,76,INFLOW,20141026,1300,2530, ,CFS
SHA,H,76,INFLOW,20141026,1400,2548, ,CFS
SHA,H,76,INFLOW,20141026,1500,1497, ,CFS
SHA,H,76,INFLOW,20141026,1600,207, ,CFS
SHA,H,76,INFLOW,20141026,1700,4247, ,CFS
SHA,H,76,INFLOW,20141026,1800,239, ,CFS
SHA,H,76,INFLOW,20141026,1900,355, ,CFS
SHA,H,76,INFLOW,20141026,2000,3231, ,CFS
SHA,H,76,INFLOW,20141026,2100,-957, ,CFS
SHA,H,76,INFLOW,20141026,2200,3134, ,CFS
SHA,H,76,INFLOW,20141026,2300,-173, ,CFS
SHA,H,76,INFLOW,20141027,0000,1626, ,CFS
SHA,H,76,INFLOW,20141027,0100,1589, ,CFS
SHA,H,76,INFLOW,20141027,0200,1443, ,CFS
SHA,H,76,INFLOW,20141027,0300,32, ,CFS
SHA,H,76,INFLOW,20141027,0400,2853, ,CFS
SHA,H,76,INFLOW,20141027,0500,1443, ,CFS
SHA,H,76,INFLOW,20141027,0600,4264, ,CFS
SHA,H,76,INFLOW,20141027,0700,246, ,CFS
SHA,H,76,INFLOW,20141027,0800,5037, ,CFS
SHA,H,76,INFLOW,20141027,0900,-1242, ,CFS
SHA,H,76,INFLOW,20141027,1000,2927, ,CFS
SHA,H,76,INFLOW,20141027,1100,3942, ,CFS
SHA,H,76,INFLOW,20141027,1200,1121, ,CFS
SHA,H,76,INFLOW,20141027,1300,4074, ,CFS
SHA,H,76,INFLOW,20141027,1400,4063, ,CFS
SHA,H,76,INFLOW,20141027,1500,-435, ,CFS
SHA,H,76,INFLOW,20141027,1600,4677, ,CFS
SHA,H,76,INFLOW,20141027,1700,3134, ,CFS
SHA,H,76,INFLOW,20141027,1800,2060, ,CFS
SHA,H,76,INFLOW,20141027,1900,4452, ,CFS
SHA,H,76,INFLOW,20141027,2000,4280, ,CFS
SHA,H,76,INFLOW,20141027,2100,4107, ,CFS
SHA,H,76,INFLOW,20141027,2200,3554, ,CFS
SHA,H,76,INFLOW,20141027,2300,3381, ,CFS
SHA,H,76,INFLOW,20141028,0000,6864, ,CFS
SHA,H,76,INFLOW,20141028,0100,1806, ,CFS
SHA,H,76,INFLOW,20141028,0200,7117, ,CFS
SHA,H,76,INFLOW,20141028,0300,2884, ,CFS
SHA,H,76,INFLOW,20141028,0400,2884, ,CFS
SHA,H,76,INFLOW,20141028,0500,1474, ,CFS
SHA,H,76,INFLOW,20141028,0600,1657, ,CFS
SHA,H,76,INFLOW,20141028,0700,1526, ,CFS
SHA,H,76,INFLOW,20141028,0800,3355, ,CFS
SHA,H,76,INFLOW,20141028,0900,-64, ,CFS
SHA,H,76,INFLOW,20141028,1000,2843, ,CFS
SHA,H,76,INFLOW,20141028,1100,2598, ,CFS
SHA,H,76,INFLOW,20141028,1200,2107, ,CFS
SHA,H,76,INFLOW,20141028,1300,540, ,CFS
SHA,H,76,INFLOW,20141028,1400,1204, ,CFS
SHA,H,76,INFLOW,20141028,1500,3033, ,CFS
SHA,H,76,INFLOW,20141028,1600,2952, ,CFS
SHA,H,76,INFLOW,20141028,1700,1421, ,CFS
SHA,H,76,INFLOW,20141028,1800,5592, ,CFS
SHA,H,76,INFLOW,20141028,1900,1636, ,CFS
SHA,H,76,INFLOW,20141028,2000,3094, ,CFS
SHA,H,76,INFLOW,20141028,2100,5696, ,CFS
SHA,H,76,INFLOW,20141028,2200,556, ,CFS
SHA,H,76,INFLOW,20141028,2300,4251, ,CFS
SHA,H,76,INFLOW,20141029,0000,5762, ,CFS
SHA,H,76,INFLOW,20141029,0100,1705, ,CFS
SHA,H,76,INFLOW,20141029,0200,59, ,CFS
SHA,H,76,INFLOW,20141029,0300,7113, ,CFS
SHA,H,76,INFLOW,20141029,0400,59, ,CFS
SHA,H,76,INFLOW,20141029,0500,59, ,CFS
SHA,H,76,INFLOW,20141029,0600,2880, ,CFS
SHA,H,76,INFLOW,20141029,0700,-1235, ,CFS
SHA,H,76,INFLOW,20141029,0800,1836, ,CFS
SHA,H,76,INFLOW,20141029,0900,165, ,CFS
SHA,H,76,INFLOW,20141029,1000,4291, ,CFS
SHA,H,76,INFLOW,20141029,1100,1470, ,CFS
SHA,H,76,INFLOW,20141029,1200,5702, ,CFS
SHA,H,76,INFLOW,20141029,1300,59, ,CFS
SHA,H,76,INFLOW,20141029,1400,2880, ,CFS
SHA,H,76,INFLOW,20141029,1500,2880, ,CFS
SHA,H,76,INFLOW,20141029,1600,4413, ,CFS
SHA,H,76,INFLOW,20141029,1700,1078, ,CFS
SHA,H,76,INFLOW,20141029,1800,5387, ,CFS
SHA,H,76,INFLOW,20141029,1900,-1088, ,CFS
SHA,H,76,INFLOW,20141029,2000,5780, ,CFS
SHA,H,76,INFLOW,20141029,2100,3275, ,CFS
SHA,H,76,INFLOW,20141029,2200,2252, ,CFS
SHA,H,76,INFLOW,20141029,2300,-111, ,CFS
SHA,H,76,INFLOW,20141030,0000,3866, ,CFS
SHA,H,76,INFLOW,20141030,0100,3015, ,CFS
SHA,H,76,INFLOW,20141030,0200,4271, ,CFS
SHA,H,76,INFLOW,20141030,0300,2860, ,CFS
SHA,H,76,INFLOW,20141030,0400,2860, ,CFS
SHA,H,76,INFLOW,20141030,0500,4271, ,CFS
SHA,H,76,INFLOW,20141030,0600,2860, ,CFS
SHA,H,76,INFLOW,20141030,0700,3014, ,CFS
SHA,H,76,INFLOW,20141030,0800,5482, ,CFS
SHA,H,76,INFLOW,20141030,0900,192, ,CFS
SHA,H,76,INFLOW,20141030,1000,4291, ,CFS
SHA,H,76,INFLOW,20141030,1100,3073, ,CFS
SHA,H,76,INFLOW,20141030,1200,361, ,CFS
SHA,H,76,INFLOW,20141030,1300,2916, ,CFS
SHA,H,76,INFLOW,20141030,1400,2996, ,CFS
SHA,H,76,INFLOW,20141030,1500,1505, ,CFS
SHA,H,76,INFLOW,20141030,1600,1709, ,CFS
SHA,H,76,INFLOW,20141030,1700,1871, ,CFS
SHA,H,76,INFLOW,20141030,1800,2639, ,CFS
SHA,H,76,INFLOW,20141030,1900,1786, ,CFS
SHA,H,76,INFLOW,20141030,2000,5983, ,CFS
SHA,H,76,INFLOW,20141030,2100,3994, ,CFS
SHA,H,76,INFLOW,20141030,2200,2950, ,CFS
SHA,H,76,INFLOW,20141030,2300,3041, ,CFS
SHA,H,76,INFLOW,20141031,0000,2902, ,CFS
SHA,H,76,INFLOW,20141031,0100,1477, ,CFS
SHA,H,76,INFLOW,20141031,0200,5709, ,CFS
SHA,H,76,INFLOW,20141031,0300,2887, ,CFS
SHA,H,76,INFLOW,20141031,0400,2887, ,CFS
SHA,H,76,INFLOW,20141031,0500,7190, ,CFS
SHA,H,76,INFLOW,20141031,0600,3184, ,CFS
SHA,H,76,INFLOW,20141031,0700,2742, ,CFS
SHA,H,76,INFLOW,20141031,0800,4384, ,CFS
SHA,H,76,INFLOW,20141031,0900,11711, ,CFS
SHA,H,76,INFLOW,20141031,1000,584, ,CFS
SHA,H,76,INFLOW,20141031,1100,4959, ,CFS
SHA,H,76,INFLOW,20141031,1200,1165, ,CFS
SHA,H,76,INFLOW,20141031,1300,1695, ,CFS
SHA,H,76,INFLOW,20141031,1400,4332, ,CFS
SHA,H,76,INFLOW,20141031,1500,-446, ,CFS
SHA,H,76,INFLOW,20141031,1600,6970, ,CFS
SHA,H,76,INFLOW,20141031,1700,-1, ,CFS
SHA,H,76,INFLOW,20141031,1800,7130, ,CFS
SHA,H,76,INFLOW,20141031,1900,-1069, ,CFS
SHA,H,76,INFLOW,20141031,2000,9953, ,CFS
SHA,H,76,INFLOW,20141031,2100,1284, ,CFS
SHA,H,76,INFLOW,20141031,2200,7175, ,CFS
SHA,H,76,INFLOW,20141031,2300,-837, ,CFS
SHA,H,76,INFLOW,20141101,0000,8346, ,CFS
SHA,H,76,INFLOW,20141101,0100,2922, ,CFS
SHA,H,76,INFLOW,20141101,0200,2849, ,CFS
SHA,H,76,INFLOW,20141101,0300,2849, ,CFS
SHA,H,76,INFLOW,20141101,0400,7082, ,CFS
SHA,H,76,INFLOW,20141101,0500,1439, ,CFS
SHA,H,76,INFLOW,20141101,0600,2849, ,CFS
SHA,H,76,INFLOW,20141101,0700,4260, ,CFS
SHA,H,76,INFLOW,20141101,0800,4260, ,CFS
SHA,H,76,INFLOW,20141101,0900,2863, ,CFS
SHA,H,76,INFLOW,20141101,1000,4274, ,CFS
SHA,H,76,INFLOW,20141101,1100,4274, ,CFS
SHA,H,76,INFLOW,20141101,1200,2863, ,CFS
SHA,H,76,INFLOW,20141101,1300,4274, ,CFS
SHA,H,76,INFLOW,20141101,1400,2863, ,CFS
SHA,H,76,INFLOW,20141101,1500,2863, ,CFS
SHA,H,76,INFLOW,20141101,1600,2070, ,CFS
SHA,H,76,INFLOW,20141101,1700,6301, ,CFS
SHA,H,76,INFLOW,20141101,1800,-1063, ,CFS
SHA,H,76,INFLOW,20141101,1900,4557, ,CFS
SHA,H,76,INFLOW,20141101,2000,5234, ,CFS
SHA,H,76,INFLOW,20141101,2100,3052, ,CFS
SHA,H,76,INFLOW,20141101,2200,2441, ,CFS
SHA,H,76,INFLOW,20141101,2300,5319, ,CFS
SHA,H,76,INFLOW,20141102,0000,3160, ,CFS
SHA,H,76,INFLOW,20141102,0100,8506, ,CFS
SHA,H,76,INFLOW,20141102,0200,1478, ,CFS
SHA,H,76,INFLOW,20141102,0300,4274, ,CFS
SHA,H,76,INFLOW,20141102,0400,2863, ,CFS
SHA,H,76,INFLOW,20141102,0500,2863, ,CFS
SHA,H,76,INFLOW,20141102,0600,4274, ,CFS
SHA,H,76,INFLOW,20141102,0700,2863, ,CFS
SHA,H,76,INFLOW,20141102,0800,2863, ,CFS
SHA,H,76,INFLOW,20141102,0900,4274, ,CFS
SHA,H,76,INFLOW,20141102,1000,2863, ,CFS
SHA,H,76,INFLOW,20141102,1100,1453, ,CFS
SHA,H,76,INFLOW,20141102,1200,4274, ,CFS
SHA,H,76,INFLOW,20141102,1300,1453, ,CFS
SHA,H,76,INFLOW,20141102,1400,1453, ,CFS
SHA,H,76,INFLOW,20141102,1500,1453, ,CFS
SHA,H,76,INFLOW,20141102,1600,330, ,CFS
SHA,H,76,INFLOW,20141102,1700,2422, ,CFS
SHA,H,76,INFLOW,20141102,1800,2801, ,CFS
SHA,H,76,INFLOW,20141102,1900,3174, ,CFS
SHA,H,76,INFLOW,20141102,2000,4121, ,CFS
SHA,H,76,INFLOW,20141102,2100,3562, ,CFS
SHA,H,76,INFLOW,20141102,2200,4342, ,CFS
SHA,H,76,INFLOW,20141102,2300,1210, ,CFS
SHA,H,76,INFLOW,20141103,0000,3100, ,CFS
SHA,H,76,INFLOW,20141103,0100,4289, ,CFS
SHA,H,76,INFLOW,20141103,0200,51, ,CFS
SHA,H,76,INFLOW,20141103,0300,4276, ,CFS
SHA,H,76,INFLOW,20141103,0400,5699, ,CFS
SHA,H,76,INFLOW,20141103,0500,-770, ,CFS
SHA,H,76,INFLOW,20141103,0600,6454, ,CFS
SHA,H,76,INFLOW,20141103,0700,3192, ,CFS
SHA,H,76,INFLOW,20141103,0800,3007, ,CFS
SHA,H,76,INFLOW,20141103,0900,2673, ,CFS
SHA,H,76,INFLOW,20141103,1000,2780, ,CFS
SHA,H,76,INFLOW,20141103,1100,3309, ,CFS
SHA,H,76,INFLOW,20141103,1200,2217, ,CFS
SHA,H,76,INFLOW,20141103,1300,1857, ,CFS
SHA,H,76,INFLOW,20141103,1400,3304, ,CFS
SHA,H,76,INFLOW,20141103,1500,4973, ,CFS
SHA,H,76,INFLOW,20141103,1600,3150, ,CFS
SHA,H,76,INFLOW,20141103,1700,1952, ,CFS
SHA,H,76,INFLOW,20141103,1800,3936, ,CFS
SHA,H,76,INFLOW,20141103,1900,2767, ,CFS
SHA,H,76,INFLOW,20141103,2000,4517, ,CFS
SHA,H,76,INFLOW,20141103,2100,4489, ,CFS
SHA,H,76,INFLOW,20141103,2200,720, ,CFS
SHA,H,76,INFLOW,20141103,2300,3935, ,CFS
SHA,H,76,INFLOW,20141104,0000,2546, ,CFS
SHA,H,76,INFLOW,20141104,0100,4493, ,CFS
SHA,H,76,INFLOW,20141104,0200,5688, ,CFS
SHA,H,76,INFLOW,20141104,0300,-1366, ,CFS
SHA,H,76,INFLOW,20141104,0400,4277, ,CFS
SHA,H,76,INFLOW,20141104,0500,178, ,CFS
SHA,H,76,INFLOW,20141104,0600,1166, ,CFS
SHA,H,76,INFLOW,20141104,0700,1311, ,CFS
SHA,H,76,INFLOW,20141104,0800,5363, ,CFS
SHA,H,76,INFLOW,20141104,0900,-144, ,CFS
SHA,H,76,INFLOW,20141104,1000,3748, ,CFS
SHA,H,76,INFLOW,20141104,1100,1741, ,CFS
SHA,H,76,INFLOW,20141104,1200,3436, ,CFS
SHA,H,76,INFLOW,20141104,1300,2739, ,CFS
SHA,H,76,INFLOW,20141104,1400,4069, ,CFS
SHA,H,76,INFLOW,20141104,1500,3185, ,CFS
SHA,H,76,INFLOW,20141104,1600,3352, ,CFS
SHA,H,76,INFLOW,20141104,1700,1594, ,CFS
SHA,H,76,INFLOW,20141104,1800,3179, ,CFS
SHA,H,76,INFLOW,20141104,1900,3360, ,CFS
SHA,H,76,INFLOW,20141104,2000,4812, ,CFS
SHA,H,76,INFLOW,20141104,2100,3067, ,CFS
SHA,H,76,INFLOW,20141104,2200,3135, ,CFS
SHA,H,76,INFLOW,20141104,2300,3537, ,CFS
SHA,H,76,INFLOW,20141105,0000,2553, ,CFS
SHA,H,76,INFLOW,20141105,0100,304, ,CFS
SHA,H,76,INFLOW,20141105,0200,7061, ,CFS
SHA,H,76,INFLOW,20141105,0300,2860, ,CFS
SHA,H,76,INFLOW,20141105,0400,2860, ,CFS
SHA,H,76,INFLOW,20141105,0500,4260, ,CFS
SHA,H,76,INFLOW,20141105,0600,3008, ,CFS
SHA,H,76,INFLOW,20141105,0700,1379, ,CFS
SHA,H,76,INFLOW,20141105,0800,5696, ,CFS
SHA,H,76,INFLOW,20141105,0900,2214, ,CFS
SHA,H,76,INFLOW,20141105,1000,3460, ,CFS
SHA,H,76,INFLOW,20141105,1100,284, ,CFS
SHA,H,76,INFLOW,20141105,1200,2792, ,CFS
SHA,H,76,INFLOW,20141105,1300,2828, ,CFS
SHA,H,76,INFLOW,20141105,1400,4627, ,CFS
SHA,H,76,INFLOW,20141105,1500,2245, ,CFS
SHA,H,76,INFLOW,20141105,1600,323, ,CFS
SHA,H,76,INFLOW,20141105,1700,5008, ,CFS
SHA,H,76,INFLOW,20141105,1800,3002, ,CFS
SHA,H,76,INFLOW,20141105,1900,4322, ,CFS
SHA,H,76,INFLOW,20141105,2000,4222, ,CFS
SHA,H,76,INFLOW,20141105,2100,3403, ,CFS
SHA,H,76,INFLOW,20141105,2200,1271, ,CFS
SHA,H,76,INFLOW,20141105,2300,5716, ,CFS
SHA,H,76,INFLOW,20141106,0000,4610, ,CFS
SHA,H,76,INFLOW,20141106,0100,2979, ,CFS
SHA,H,76,INFLOW,20141106,0200,2853, ,CFS
SHA,H,76,INFLOW,20141106,0300,2853, ,CFS
SHA,H,76,INFLOW,20141106,0400,4253, ,CFS
SHA,H,76,INFLOW,20141106,0500,2853, ,CFS
SHA,H,76,INFLOW,20141106,0600,3008, ,CFS
SHA,H,76,INFLOW,20141106,0700,2765, ,CFS
SHA,H,76,INFLOW,20141106,0800,4352, ,CFS
SHA,H,76,INFLOW,20141106,0900,2821, ,CFS
SHA,H,76,INFLOW,20141106,1000,4297, ,CFS
SHA,H,76,INFLOW,20141106,1100,2927, ,CFS
SHA,H,76,INFLOW,20141106,1200,3054, ,CFS
SHA,H,76,INFLOW,20141106,1300,1957, ,CFS
SHA,H,76,INFLOW,20141106,1400,3649, ,CFS
SHA,H,76,INFLOW,20141106,1500,2413, ,CFS
SHA,H,76,INFLOW,20141106,1600,4163, ,CFS
SHA,H,76,INFLOW,20141106,1700,819, ,CFS
SHA,H,76,INFLOW,20141106,1800,3318, ,CFS
SHA,H,76,INFLOW,20141106,1900,4378, ,CFS
SHA,H,76,INFLOW,20141106,2000,3326, ,CFS
SHA,H,76,INFLOW,20141106,2100,2390, ,CFS
SHA,H,76,INFLOW,20141106,2200,3779, ,CFS
SHA,H,76,INFLOW,20141106,2300,3549, ,CFS
SHA,H,76,INFLOW,20141107,0000,2658, ,CFS
SHA,H,76,INFLOW,20141107,0100,3086, ,CFS
SHA,H,76,INFLOW,20141107,0200,4213, ,CFS
SHA,H,76,INFLOW,20141107,0300,2854, ,CFS
SHA,H,76,INFLOW,20141107,0400,2886, ,CFS
SHA,H,76,INFLOW,20141107,0500,1640, ,CFS
SHA,H,76,INFLOW,20141107,0600,2250, ,CFS
SHA,H,76,INFLOW,20141107,0700,-464, ,CFS
SHA,H,76,INFLOW,20141107,0800,2665, ,CFS
SHA,H,76,INFLOW,20141107,0900,1076, ,CFS
SHA,H,76,INFLOW,20141107,1000,2748, ,CFS
SHA,H,76,INFLOW,20141107,1100,4524, ,CFS
SHA,H,76,INFLOW,20141107,1200,3046, ,CFS
SHA,H,76,INFLOW,20141107,1300,823, ,CFS
SHA,H,76,INFLOW,20141107,1400,4150, ,CFS
SHA,H,76,INFLOW,20141107,1500,2228, ,CFS
SHA,H,76,INFLOW,20141107,1600,3675, ,CFS
SHA,H,76,INFLOW,20141107,1700,3602, ,CFS
SHA,H,76,INFLOW,20141107,1800,1377, ,CFS
SHA,H,76,INFLOW,20141107,1900,3287, ,CFS
SHA,H,76,INFLOW,20141107,2000,4583, ,CFS
SHA,H,76,INFLOW,20141107,2100,2598, ,CFS
SHA,H,76,INFLOW,20141107,2200,2566, ,CFS
SHA,H,76,INFLOW,20141107,2300,4264, ,CFS
SHA,H,76,INFLOW,20141108,0000,1598, ,CFS
SHA,H,76,INFLOW,20141108,0100,2994, ,CFS
SHA,H,76,INFLOW,20141108,0200,4232, ,CFS
SHA,H,76,INFLOW,20141108,0300,2842, ,CFS
SHA,H,76,INFLOW,20141108,0400,1453, ,CFS
SHA,H,76,INFLOW,20141108,0500,2854, ,CFS
SHA,H,76,INFLOW,20141108,0600,1664, ,CFS
SHA,H,76,INFLOW,20141108,0700,453, ,CFS
SHA,H,76,INFLOW,20141108,0800,611, ,CFS
SHA,H,76,INFLOW,20141108,0900,-14, ,CFS
SHA,H,76,INFLOW,20141108,1000,5604, ,CFS
SHA,H,76,INFLOW,20141108,1100,442, ,CFS
SHA,H,76,INFLOW,20141108,1200,3383, ,CFS
SHA,H,76,INFLOW,20141108,1300,1995, ,CFS
SHA,H,76,INFLOW,20141108,1400,4777, ,CFS
SHA,H,76,INFLOW,20141108,1500,3300, ,CFS
SHA,H,76,INFLOW,20141108,1600,3569, ,CFS
SHA,H,76,INFLOW,20141108,1700,3324, ,CFS
SHA,H,76,INFLOW,20141108,1800,3365, ,CFS
SHA,H,76,INFLOW,20141108,1900,2877, ,CFS
SHA,H,76,INFLOW,20141108,2000,2854, ,CFS
SHA,H,76,INFLOW,20141108,2100,4316, ,CFS
SHA,H,76,INFLOW,20141108,2200,756, ,CFS
SHA,H,76,INFLOW,20141108,2300,4480, ,CFS
SHA,H,76,INFLOW,20141109,0000,3832, ,CFS
SHA,H,76,INFLOW,20141109,0100,2599, ,CFS
SHA,H,76,INFLOW,20141109,0200,2275, ,CFS
SHA,H,76,INFLOW,20141109,0300,5227, ,CFS
SHA,H,76,INFLOW,20141109,0400,2859, ,CFS
SHA,H,76,INFLOW,20141109,0500,4271, ,CFS
SHA,H,76,INFLOW,20141109,0600,1884, ,CFS
SHA,H,76,INFLOW,20141109,0700,2996, ,CFS
SHA,H,76,INFLOW,20141109,0800,3298, ,CFS
SHA,H,76,INFLOW,20141109,0900,3764, ,CFS
SHA,H,76,INFLOW,20141109,1000,249, ,CFS
SHA,H,76,INFLOW,20141109,1100,2602, ,CFS
SHA,H,76,INFLOW,20141109,1200,-1477, ,CFS
SHA,H,76,INFLOW,20141109,1300,3991, ,CFS
SHA,H,76,INFLOW,20141109,1400,-1548, ,CFS
SHA,H,76,INFLOW,20141109,1500,4191, ,CFS
SHA,H,76,INFLOW,20141109,1600,-2116, ,CFS
SHA,H,76,INFLOW,20141109,1700,5556, ,CFS
SHA,H,76,INFLOW,20141109,1800,1705, ,CFS
SHA,H,76,INFLOW,20141109,1900,-505, ,CFS
SHA,H,76,INFLOW,20141109,2000,4344, ,CFS
SHA,H,76,INFLOW,20141109,2100,7057, ,CFS
SHA,H,76,INFLOW,20141109,2200,3197, ,CFS
SHA,H,76,INFLOW,20141109,2300,4525, ,CFS
SHA,H,76,INFLOW,20141110,0000,4119, ,CFS
SHA,H,76,INFLOW,20141110,0100,1296, ,CFS
SHA,H,76,INFLOW,20141110,0200,4020, ,CFS
SHA,H,76,INFLOW,20141110,0300,1570, ,CFS
SHA,H,76,INFLOW,20141110,0400,2976, ,CFS
SHA,H,76,INFLOW,20141110,0500,1870, ,CFS
SHA,H,76,INFLOW,20141110,0600,4614, ,CFS
SHA,H,76,INFLOW,20141110,0700,3023, ,CFS
SHA,H,76,INFLOW,20141110,0800,5578, ,CFS
SHA,H,76,INFLOW,20141110,0900,3300, ,CFS
SHA,H,76,INFLOW,20141110,1000,-673, ,CFS
SHA,H,76,INFLOW,20141110,1100,3448, ,CFS
SHA,H,76,INFLOW,20141110,1200,4424, ,CFS
SHA,H,76,INFLOW,20141110,1300,880, ,CFS
SHA,H,76,INFLOW,20141110,1400,3739, ,CFS
SHA,H,76,INFLOW,20141110,1500,3297, ,CFS
SHA,H,76,INFLOW,20141110,1600,2240, ,CFS
SHA,H,76,INFLOW,20141110,1700,-660, ,CFS
SHA,H,76,INFLOW,20141110,1800,4609, ,CFS
SHA,H,76,INFLOW,20141110,1900,2311, ,CFS
SHA,H,76,INFLOW,20141110,2000,4765, ,CFS
SHA,H,76,INFLOW,20141110,2100,1410, ,CFS
SHA,H,76,INFLOW,20141110,2200,928, ,CFS
SHA,H,76,INFLOW,20141110,2300,6262, ,CFS
SHA,H,76,INFLOW,20141111,0000,2322, ,CFS
SHA,H,76,INFLOW,20141111,0100,2960, ,CFS
SHA,H,76,INFLOW,20141111,0200,5574, ,CFS
SHA,H,76,INFLOW,20141111,0300,55, ,CFS
SHA,H,76,INFLOW,20141111,0400,2814, ,CFS
SHA,H,76,INFLOW,20141111,0500,3078, ,CFS
SHA,H,76,INFLOW,20141111,0600,435, ,CFS
SHA,H,76,INFLOW,20141111,0700,-2122, ,CFS
SHA,H,76,INFLOW,20141111,0800,3888, ,CFS
SHA,H,76,INFLOW,20141111,0900,2685, ,CFS
SHA,H,76,INFLOW,20141111,1000,-964, ,CFS
SHA,H,76,INFLOW,20141111,1100,5475, ,CFS
SHA,H,76,INFLOW,20141111,1200,2986, ,CFS
SHA,H,76,INFLOW,20141111,1300,3001, ,CFS
SHA,H,76,INFLOW,20141111,1400,3021, ,CFS
SHA,H,76,INFLOW,20141111,1500,3093, ,CFS
SHA,H,76,INFLOW,20141111,1600,3278, ,CFS
SHA,H,76,INFLOW,20141111,1700,1523, ,CFS
SHA,H,76,INFLOW,20141111,1800,5712, ,CFS
SHA,H,76,INFLOW,20141111,1900,-742, ,CFS
SHA,H,76,INFLOW,20141111,2000,4632, ,CFS
SHA,H,76,INFLOW,20141111,2100,5782, ,CFS
SHA,H,76,INFLOW,20141111,2200,-2229, ,CFS
SHA,H,76,INFLOW,20141111,2300,6893, ,CFS
SHA,H,76,INFLOW,20141112,0000,1506, ,CFS
SHA,H,76,INFLOW,20141112,0100,1238, ,CFS
SHA,H,76,INFLOW,20141112,0200,6383, ,CFS
SHA,H,76,INFLOW,20141112,0300,907, ,CFS
SHA,H,76,INFLOW,20141112,0400,2412, ,CFS
SHA,H,76,INFLOW,20141112,0500,-101, ,CFS
SHA,H,76,INFLOW,20141112,0600,4197, ,CFS
SHA,H,76,INFLOW,20141112,0700,-2976, ,CFS
SHA,H,76,INFLOW,20141112,0800,2874, ,CFS
SHA,H,76,INFLOW,20141112,0900,2318, ,CFS
SHA,H,76,INFLOW,20141112,1000,2320, ,CFS
SHA,H,76,INFLOW,20141112,1100,3994, ,CFS
SHA,H,76,INFLOW,20141112,1200,2875, ,CFS
SHA,H,76,INFLOW,20141112,1300,2860, ,CFS
SHA,H,76,INFLOW,20141112,1400,3274, ,CFS
SHA,H,76,INFLOW,20141112,1500,2193, ,CFS
SHA,H,76,INFLOW,20141112,1600,1280, ,CFS
SHA,H,76,INFLOW,20141112,1700,3869, ,CFS
SHA,H,76,INFLOW,20141112,1800,3505, ,CFS
SHA,H,76,INFLOW,20141112,1900,1434, ,CFS
SHA,H,76,INFLOW,20141112,2000,4403, ,CFS
SHA,H,76,INFLOW,20141112,2100,1254, ,CFS
SHA,H,76,INFLOW,20141112,2200,2476, ,CFS
SHA,H,76,INFLOW,20141112,2300,5608, ,CFS
SHA,H,76,INFLOW,20141113,0000,4884, ,CFS
SHA,H,76,INFLOW,20141113,0100,2705, ,CFS
SHA,H,76,INFLOW,20141113,0200,5462, ,CFS
SHA,H,76,INFLOW,20141113,0300,3690, ,CFS
SHA,H,76,INFLOW,20141113,0400,1191, ,CFS
SHA,H,76,INFLOW,20141113,0500,4169, ,CFS
SHA,H,76,INFLOW,20141113,0600,6166, ,CFS
SHA,H,76,INFLOW,20141113,0700,-203, ,CFS
SHA,H,76,INFLOW,20141113,0800,6754, ,CFS
SHA,H,76,INFLOW,20141113,0900,3593, ,CFS
SHA,H,76,INFLOW,20141113,1000,2500, ,CFS
SHA,H,76,INFLOW,20141113,1100,3888, ,CFS
SHA,H,76,INFLOW,20141113,1200,3419, ,CFS
SHA,H,76,INFLOW,20141113,1300,4352, ,CFS
SHA,H,76,INFLOW,20141113,1400,2747, ,CFS
SHA,H,76,INFLOW,20141113,1500,3351, ,CFS
SHA,H,76,INFLOW,20141113,1600,3520, ,CFS
SHA,H,76,INFLOW,20141113,1700,176, ,CFS
SHA,H,76,INFLOW,20141113,1800,7264, ,CFS
SHA,H,76,INFLOW,20141113,1900,2385, ,CFS
SHA,H,76,INFLOW,20141113,2000,3375, ,CFS
SHA,H,76,INFLOW,20141113,2100,3389, ,CFS
SHA,H,76,INFLOW,20141113,2200,3965, ,CFS
SHA,H,76,INFLOW,20141113,2300,1234, ,CFS
SHA,H,76,INFLOW,20141114,0000,1198, ,CFS
SHA,H,76,INFLOW,20141114,0100,4884, ,CFS
SHA,H,76,INFLOW,20141114,0200,2009, ,CFS
SHA,H,76,INFLOW,20141114,0300,4478, ,CFS
SHA,H,76,INFLOW,20141114,0400,3162, ,CFS
SHA,H,76,INFLOW,20141114,0500,2321, ,CFS
SHA,H,76,INFLOW,20141114,0600,-400, ,CFS
SHA,H,76,INFLOW,20141114,0700,2668, ,CFS
SHA,H,76,INFLOW,20141114,0800,5451, ,CFS
SHA,H,76,INFLOW,20141114,0900,673, ,CFS
SHA,H,76,INFLOW,20141114,1000,3004, ,CFS
SHA,H,76,INFLOW,20141114,1100,2941, ,CFS
SHA,H,76,INFLOW,20141114,1200,2158, ,CFS
SHA,H,76,INFLOW,20141114,1300,732, ,CFS
SHA,H,76,INFLOW,20141114,1400,1096, ,CFS
SHA,H,76,INFLOW,20141114,1500,869, ,CFS
SHA,H,76,INFLOW,20141114,1600,-1165, ,CFS
SHA,H,76,INFLOW,20141114,1700,2818, ,CFS
SHA,H,76,INFLOW,20141114,1800,-1192, ,CFS
SHA,H,76,INFLOW,20141114,1900,1239, ,CFS
SHA,H,76,INFLOW,20141114,2000,4588, ,CFS
SHA,H,76,INFLOW,20141114,2100,3007, ,CFS
SHA,H,76,INFLOW,20141114,2200,2525, ,CFS
SHA,H,76,INFLOW,20141114,2300,5072, ,CFS
SHA,H,76,INFLOW,20141115,0000,2909, ,CFS
SHA,H,76,INFLOW,20141115,0100,1499, ,CFS
SHA,H,76,INFLOW,20141115,0200,6328, ,CFS
SHA,H,76,INFLOW,20141115,0300,1932, ,CFS
SHA,H,76,INFLOW,20141115,0400,2052, ,CFS
SHA,H,76,INFLOW,20141115,0500,3476, ,CFS
SHA,H,76,INFLOW,20141115,0600,3830, ,CFS
SHA,H,76,INFLOW,20141115,0700,3160, ,CFS
SHA,H,76,INFLOW,20141115,0800,3002, ,CFS
SHA,H,76,INFLOW,20141115,0900,1496, ,CFS
SHA,H,76,INFLOW,20141115,1000,4086, ,CFS
SHA,H,76,INFLOW,20141115,1100,1738, ,CFS
SHA,H,76,INFLOW,20141115,1200,3279, ,CFS
SHA,H,76,INFLOW,20141115,1300,2944, ,CFS
SHA,H,76,INFLOW,20141115,1400,1577, ,CFS
SHA,H,76,INFLOW,20141115,1500,3990, ,CFS
SHA,H,76,INFLOW,20141115,1600,1735, ,CFS
SHA,H,76,INFLOW,20141115,1700,1516, ,CFS
SHA,H,76,INFLOW,20141115,1800,5892, ,CFS
SHA,H,76,INFLOW,20141115,1900,958, ,CFS
SHA,H,76,INFLOW,20141115,2000,5924, ,CFS
SHA,H,76,INFLOW,20141115,2100,4865, ,CFS
SHA,H,76,INFLOW,20141115,2200,1606, ,CFS
SHA,H,76,INFLOW,20141115,2300,4076, ,CFS
SHA,H,76,INFLOW,20141116,0000,3102, ,CFS
SHA,H,76,INFLOW,20141116,0100,5032, ,CFS
SHA,H,76,INFLOW,20141116,0200,1876, ,CFS
SHA,H,76,INFLOW,20141116,0300,4404, ,CFS
SHA,H,76,INFLOW,20141116,0400,3197, ,CFS
SHA,H,76,INFLOW,20141116,0500,5291, ,CFS
SHA,H,76,INFLOW,20141116,0600,3737, ,CFS
SHA,H,76,INFLOW,20141116,0700,3510, ,CFS
SHA,H,76,INFLOW,20141116,0800,5167, ,CFS
SHA,H,76,INFLOW,20141116,0900,2339, ,CFS
SHA,H,76,INFLOW,20141116,1000,1149, ,CFS
SHA,H,76,INFLOW,20141116,1100,522, ,CFS
SHA,H,76,INFLOW,20141116,1200,943, ,CFS
SHA,H,76,INFLOW,20141116,1300,1387, ,CFS
SHA,H,76,INFLOW,20141116,1400,237, ,CFS
SHA,H,76,INFLOW,20141116,1500,2, ,CFS
SHA,H,76,INFLOW,20141116,1600,664, ,CFS
SHA,H,76,INFLOW,20141116,1700,-285, ,CFS
SHA,H,76,INFLOW,20141116,1800,715, ,CFS
SHA,H,76,INFLOW,20141116,1900,1297, ,CFS
SHA,H,76,INFLOW,20141116,2000,-534, ,CFS
SHA,H,76,INFLOW,20141116,2100,998, ,CFS
SHA,H,76,INFLOW,20141116,2200,1930, ,CFS
SHA,H,76,INFLOW,20141116,2300,-1362, ,CFS
SHA,H,76,INFLOW,20141117,0000,1198, ,CFS
SHA,H,76,INFLOW,20141117,0100,-1483, ,CFS
SHA,H,76,INFLOW,20141117,0200,1538, ,CFS
SHA,H,76,INFLOW,20141117,0300,426, ,CFS
SHA,H,76,INFLOW,20141117,0400,2079, ,CFS
SHA,H,76,INFLOW,20141117,0500,-1549, ,CFS
SHA,H,76,INFLOW,20141117,0600,1297, ,CFS
SHA,H,76,INFLOW,20141117,0700,-1062, ,CFS
SHA,H,76,INFLOW,20141117,0800,807, ,CFS
SHA,H,76,INFLOW,20141117,0900,1510, ,CFS
SHA,H,76,INFLOW,20141117,1000,-1238, ,CFS
SHA,H,76,INFLOW,20141117,1100,-462, ,CFS
SHA,H,76,INFLOW,20141117,1200,1833, ,CFS
SHA,H,76,INFLOW,20141117,1300,569, ,CFS
SHA,H,76,INFLOW,20141117,1400,-2032, ,CFS
SHA,H,76,INFLOW,20141117,1500,2834, ,CFS
SHA,H,76,INFLOW,20141117,1600,-389, ,CFS
SHA,H,76,INFLOW,20141117,1700,945, ,CFS
SHA,H,76,INFLOW,20141117,1800,10088, ,CFS
SHA,H,76,INFLOW,20141117,1900,1331, ,CFS
SHA,H,76,INFLOW,20141117,2000,10902, ,CFS
SHA,H,76,INFLOW,20141117,2100,3137, ,CFS
SHA,H,76,INFLOW,20141117,2200,-2447, ,CFS
SHA,H,76,INFLOW,20141117,2300,7496, ,CFS
SHA,H,76,INFLOW,20141118,0000,1644, ,CFS
SHA,H,76,INFLOW,20141118,0100,-570, ,CFS
SHA,H,76,INFLOW,20141118,0200,4915, ,CFS
SHA,H,76,INFLOW,20141118,0300,1958, ,CFS
SHA,H,76,INFLOW,20141118,0400,986, ,CFS
SHA,H,76,INFLOW,20141118,0500,6756, ,CFS
SHA,H,76,INFLOW,20141118,0600,4155, ,CFS
SHA,H,76,INFLOW,20141118,0700,268, ,CFS
SHA,H,76,INFLOW,20141118,0800,4194, ,CFS
SHA,H,76,INFLOW,20141118,0900,1460, ,CFS
SHA,H,76,INFLOW,20141118,1000,4172, ,CFS
SHA,H,76,INFLOW,20141118,1100,3033, ,CFS
SHA,H,76,INFLOW,20141118,1200,2985, ,CFS
SHA,H,76,INFLOW,20141118,1300,1831, ,CFS
SHA,H,76,INFLOW,20141118,1400,149, ,CFS
SHA,H,76,INFLOW,20141118,1500,2837, ,CFS
SHA,H,76,INFLOW,20141118,1600,-549, ,CFS
SHA,H,76,INFLOW,20141118,1700,-1279, ,CFS
SHA,H,76,INFLOW,20141118,1800,1985, ,CFS
SHA,H,76,INFLOW,20141118,1900,1434, ,CFS
SHA,H,76,INFLOW,20141118,2000,667, ,CFS
SHA,H,76,INFLOW,20141118,2100,14998, ,CFS
SHA,H,76,INFLOW,20141118,2200,12040, ,CFS
SHA,H,76,INFLOW,20141118,2300,4200, ,CFS
SHA,H,76,INFLOW,20141119,0000,8931, ,CFS
SHA,H,76,INFLOW,20141119,0100,8450, ,CFS
SHA,H,76,INFLOW,20141119,0200,4081, ,CFS
SHA,H,76,INFLOW,20141119,0300,3243, ,CFS
SHA,H,76,INFLOW,20141119,0400,3781, ,CFS
SHA,H,76,INFLOW,20141119,0500,298, ,CFS
SHA,H,76,INFLOW,20141119,0600,1659, ,CFS
SHA,H,76,INFLOW,20141119,0700,3307, ,CFS
SHA,H,76,INFLOW,20141119,0800,5238, ,CFS
SHA,H,76,INFLOW,20141119,0900,2218, ,CFS
SHA,H,76,INFLOW,20141119,1000,4864, ,CFS
SHA,H,76,INFLOW,20141119,1100,4130, ,CFS
SHA,H,76,INFLOW,20141119,1200,-1238, ,CFS
SHA,H,76,INFLOW,20141119,1300,5395, ,CFS
SHA,H,76,INFLOW,20141119,1400,5366, ,CFS
SHA,H,76,INFLOW,20141119,1500,233, ,CFS
SHA,H,76,INFLOW,20141119,1600,4376, ,CFS
SHA,H,76,INFLOW,20141119,1700,5444, ,CFS
SHA,H,76,INFLOW,20141119,1800,-3022, ,CFS
SHA,H,76,INFLOW,20141119,1900,5640, ,CFS
SHA,H,76,INFLOW,20141119,2000,2507, ,CFS
SHA,H,76,INFLOW,20141119,2100,3918, ,CFS
SHA,H,76,INFLOW,20141119,2200,3247, ,CFS
SHA,H,76,INFLOW,20141119,2300,5088, ,CFS
SHA,H,76,INFLOW,20141120,0000,5742, ,CFS
SHA,H,76,INFLOW,20141120,0100,1778, ,CFS
SHA,H,76,INFLOW,20141120,0200,5404, ,CFS
SHA,H,76,INFLOW,20141120,0300,6120, ,CFS
SHA,H,76,INFLOW,20141120,0400,2019, ,CFS
SHA,H,76,INFLOW,20141120,0500,6845, ,CFS
SHA,H,76,INFLOW,20141120,0600,2526, ,CFS
SHA,H,76,INFLOW,20141120,0700,3789, ,CFS
SHA,H,76,INFLOW,20141120,0800,8105, ,CFS
SHA,H,76,INFLOW,20141120,0900,-1378, ,CFS
SHA,H,76,INFLOW,20141120,1000,8398, ,CFS
SHA,H,76,INFLOW,20141120,1100,5598, ,CFS
SHA,H,76,INFLOW,20141120,1200,1623, ,CFS
SHA,H,76,INFLOW,20141120,1300,7265, ,CFS
SHA,H,76,INFLOW,20141120,1400,1891, ,CFS
SHA,H,76,INFLOW,20141120,1500,8384, ,CFS
SHA,H,76,INFLOW,20141120,1600,4295, ,CFS
SHA,H,76,INFLOW,20141120,1700,1726, ,CFS
SHA,H,76,INFLOW,20141120,1800,7152, ,CFS
SHA,H,76,INFLOW,20141120,1900,1443, ,CFS
SHA,H,76,INFLOW,20141120,2000,4886, ,CFS
SHA,H,76,INFLOW,20141120,2100,7011, ,CFS
SHA,H,76,INFLOW,20141120,2200,3447, ,CFS
SHA,H,76,INFLOW,20141120,2300,3725, ,CFS
SHA,H,76,INFLOW,20141121,0000,5539, ,CFS
SHA,H,76,INFLOW,20141121,0100,3225, ,CFS
SHA,H,76,INFLOW,20141121,0200,4554, ,CFS
SHA,H,76,INFLOW,20141121,0300,4521, ,CFS
SHA,H,76,INFLOW,20141121,0400,3301, ,CFS
SHA,H,76,INFLOW,20141121,0500,4936, ,CFS
SHA,H,76,INFLOW,20141121,0600,3726, ,CFS
SHA,H,76,INFLOW,20141121,0700,4142, ,CFS
SHA,H,76,INFLOW,20141121,0800,3626, ,CFS
SHA,H,76,INFLOW,20141121,0900,1730, ,CFS
SHA,H,76,INFLOW,20141121,1000,4232, ,CFS
SHA,H,76,INFLOW,20141121,1100,1695, ,CFS
SHA,H,76,INFLOW,20141121,1200,1682, ,CFS
SHA,H,76,INFLOW,20141121,1300,3916, ,CFS
SHA,H,76,INFLOW,20141121,1400,4169, ,CFS
SHA,H,76,INFLOW,20141121,1500,1084, ,CFS
SHA,H,76,INFLOW,20141121,1600,2640, ,CFS
SHA,H,76,INFLOW,20141121,1700,934, ,CFS
SHA,H,76,INFLOW,20141121,1800,3839, ,CFS
SHA,H,76,INFLOW,20141121,1900,2847, ,CFS
SHA,H,76,INFLOW,20141121,2000,2637, ,CFS
SHA,H,76,INFLOW,20141121,2100,7370, ,CFS
SHA,H,76,INFLOW,20141121,2200,2491, ,CFS
SHA,H,76,INFLOW,20141121,2300,4743, ,CFS
SHA,H,76,INFLOW,20141122,0000,3759, ,CFS
SHA,H,76,INFLOW,20141122,0100,4937, ,CFS
SHA,H,76,INFLOW,20141122,0200,8442, ,CFS
SHA,H,76,INFLOW,20141122,0300,8054, ,CFS
SHA,H,76,INFLOW,20141122,0400,7942, ,CFS
SHA,H,76,INFLOW,20141122,0500,2527, ,CFS
SHA,H,76,INFLOW,20141122,0600,2901, ,CFS
SHA,H,76,INFLOW,20141122,0700,4926, ,CFS
SHA,H,76,INFLOW,20141122,0800,1243, ,CFS
SHA,H,76,INFLOW,20141122,0900,5484, ,CFS
SHA,H,76,INFLOW,20141122,1000,8106, ,CFS
SHA,H,76,INFLOW,20141122,1100,-417, ,CFS
SHA,H,76,INFLOW,20141122,1200,7350, ,CFS
SHA,H,76,INFLOW,20141122,1300,4534, ,CFS
SHA,H,76,INFLOW,20141122,1400,425, ,CFS
SHA,H,76,INFLOW,20141122,1500,4723, ,CFS
SHA,H,76,INFLOW,20141122,1600,6149, ,CFS
SHA,H,76,INFLOW,20141122,1700,69, ,CFS
SHA,H,76,INFLOW,20141122,1800,10592, ,CFS
SHA,H,76,INFLOW,20141122,1900,670, ,CFS
SHA,H,76,INFLOW,20141122,2000,3209, ,CFS
SHA,H,76,INFLOW,20141122,2100,7075, ,CFS
SHA,H,76,INFLOW,20141122,2200,2391, ,CFS
SHA,H,76,INFLOW,20141122,2300,7498, ,CFS
SHA,H,76,INFLOW,20141123,0000,4436, ,CFS
SHA,H,76,INFLOW,20141123,0100,3880, ,CFS
SHA,H,76,INFLOW,20141123,0200,8755, ,CFS
SHA,H,76,INFLOW,20141123,0300,4479, ,CFS
SHA,H,76,INFLOW,20141123,0400,6246, ,CFS
SHA,H,76,INFLOW,20141123,0500,5614, ,CFS
SHA,H,76,INFLOW,20141123,0600,1654, ,CFS
SHA,H,76,INFLOW,20141123,0700,4312, ,CFS
SHA,H,76,INFLOW,20141123,0800,3592, ,CFS
SHA,H,76,INFLOW,20141123,0900,3065, ,CFS
SHA,H,76,INFLOW,20141123,1000,3459, ,CFS
SHA,H,76,INFLOW,20141123,1100,3013, ,CFS
SHA,H,76,INFLOW,20141123,1200,1792, ,CFS
SHA,H,76,INFLOW,20141123,1300,1655, ,CFS
SHA,H,76,INFLOW,20141123,1400,2947, ,CFS
SHA,H,76,INFLOW,20141123,1500,4364, ,CFS
SHA,H,76,INFLOW,20141123,1600,-648, ,CFS
SHA,H,76,INFLOW,20141123,1700,2731, ,CFS
SHA,H,76,INFLOW,20141123,1800,2520, ,CFS
SHA,H,76,INFLOW,20141123,1900,1722, ,CFS
SHA,H,76,INFLOW,20141123,2000,6629, ,CFS
SHA,H,76,INFLOW,20141123,2100,4846, ,CFS
SHA,H,76,INFLOW,20141123,2200,4871, ,CFS
SHA,H,76,INFLOW,20141123,2300,4359, ,CFS
SHA,H,76,INFLOW,20141124,0000,3847, ,CFS
SHA,H,76,INFLOW,20141124,0100,5443, ,CFS
SHA,H,76,INFLOW,20141124,0200,6297, ,CFS
SHA,H,76,INFLOW,20141124,0300,4131, ,CFS
SHA,H,76,INFLOW,20141124,0400,5231, ,CFS
SHA,H,76,INFLOW,20141124,0500,4503, ,CFS
SHA,H,76,INFLOW,20141124,0600,655, ,CFS
SHA,H,76,INFLOW,20141124,0700,1013, ,CFS
SHA,H,76,INFLOW,20141124,0800,5729, ,CFS
SHA,H,76,INFLOW,20141124,0900,2729, ,CFS
SHA,H,76,INFLOW,20141124,1000,1445, ,CFS
SHA,H,76,INFLOW,20141124,1100,1814, ,CFS
SHA,H,76,INFLOW,20141124,1200,1590, ,CFS
SHA,H,76,INFLOW,20141124,1300,1504, ,CFS
SHA,H,76,INFLOW,20141124,1400,2833, ,CFS
SHA,H,76,INFLOW,20141124,1500,-34, ,CFS
SHA,H,76,INFLOW,20141124,1600,2068, ,CFS
SHA,H,76,INFLOW,20141124,1700,2692, ,CFS
SHA,H,76,INFLOW,20141124,1800,3520, ,CFS
SHA,H,76,INFLOW,20141124,1900,854, ,CFS
SHA,H,76,INFLOW,20141124,2000,5438, ,CFS
SHA,H,76,INFLOW,20141124,2100,5294, ,CFS
SHA,H,76,INFLOW,20141124,2200,826, ,CFS
SHA,H,76,INFLOW,20141124,2300,9405, ,CFS
SHA,H,76,INFLOW,20141125,0000,2491, ,CFS
SHA,H,76,INFLOW,20141125,0100,4082, ,CFS
SHA,H,76,INFLOW,20141125,0200,8908, ,CFS
SHA,H,76,INFLOW,20141125,0300,3569, ,CFS
SHA,H,76,INFLOW,20141125,0400,3625, ,CFS
SHA,H,76,INFLOW,20141125,0500,6662, ,CFS
SHA,H,76,INFLOW,20141125,0600,3029, ,CFS
SHA,H,76,INFLOW,20141125,0700,4031, ,CFS
SHA,H,76,INFLOW,20141125,0800,3803, ,CFS
SHA,H,76,INFLOW,20141125,0900,1160, ,CFS
SHA,H,76,INFLOW,20141125,1000,3266, ,CFS
SHA,H,76,INFLOW,20141125,1100,456, ,CFS
SHA,H,76,INFLOW,20141125,1200,1851, ,CFS
SHA,H,76,INFLOW,20141125,1300,652, ,CFS
SHA,H,76,INFLOW,20141125,1400,3106, ,CFS
SHA,H,76,INFLOW,20141125,1500,2900, ,CFS
SHA,H,76,INFLOW,20141125,1600,1285, ,CFS
SHA,H,76,INFLOW,20141125,1700,-807, ,CFS
SHA,H,76,INFLOW,20141125,1800,4220, ,CFS
SHA,H,76,INFLOW,20141125,1900,-403, ,CFS
SHA,H,76,INFLOW,20141125,2000,3024, ,CFS
SHA,H,76,INFLOW,20141125,2100,5484, ,CFS
SHA,H,76,INFLOW,20141125,2200,880, ,CFS
SHA,H,76,INFLOW,20141125,2300,7052, ,CFS
SHA,H,76,INFLOW,20141126,0000,2610, ,CFS
SHA,H,76,INFLOW,20141126,0100,5160, ,CFS
SHA,H,76,INFLOW,20141126,0200,3626, ,CFS
SHA,H,76,INFLOW,20141126,0300,2128, ,CFS
SHA,H,76,INFLOW,20141126,0400,2185, ,CFS
SHA,H,76,INFLOW,20141126,0500,1080, ,CFS
SHA,H,76,INFLOW,20141126,0600,1388, ,CFS
SHA,H,76,INFLOW,20141126,0700,2033, ,CFS
SHA,H,76,INFLOW,20141126,0800,2430, ,CFS
SHA,H,76,INFLOW,20141126,0900,1820, ,CFS
SHA,H,76,INFLOW,20141126,1000,1918, ,CFS
SHA,H,76,INFLOW,20141126,1100,1127, ,CFS
SHA,H,76,INFLOW,20141126,1200,991, ,CFS
SHA,H,76,INFLOW,20141126,1300,1324, ,CFS
SHA,H,76,INFLOW,20141126,1400,1372, ,CFS
SHA,H,76,INFLOW,20141126,1500,1928, ,CFS
SHA,H,76,INFLOW,20141126,1600,1963, ,CFS
SHA,H,76,INFLOW,20141126,1700,1959, ,CFS
SHA,H,76,INFLOW,20141126,1800,1369, ,CFS
SHA,H,76,INFLOW,20141126,1900,1217, ,CFS
SHA,H,76,INFLOW,20141126,2000,-243, ,CFS
SHA,H,76,INFLOW,20141126,2100,5005, ,CFS
SHA,H,76,INFLOW,20141126,2200,1458, ,CFS
SHA,H,76,INFLOW,20141126,2300,8155, ,CFS
SHA,H,76,INFLOW,20141127,0000,4679, ,CFS
SHA,H,76,INFLOW,20141127,0100,1860, ,CFS
SHA,H,76,INFLOW,20141127,0200,4325, ,CFS
SHA,H,76,INFLOW,20141127,0300,5659, ,CFS
SHA,H,76,INFLOW,20141127,0400,1600, ,CFS
SHA,H,76,INFLOW,20141127,0500,3267, ,CFS
SHA,H,76,INFLOW,20141127,0600,2468, ,CFS
SHA,H,76,INFLOW,20141127,0700,1019, ,CFS
SHA,H,76,INFLOW,20141127,0800,1773, ,CFS
SHA,H,76,INFLOW,20141127,0900,1814, ,CFS
SHA,H,76,INFLOW,20141127,1000,95, ,CFS
SHA,H,76,INFLOW,20141127,1100,3008, ,CFS
SHA,H,76,INFLOW,20141127,1200,2863, ,CFS
SHA,H,76,INFLOW,20141127,1300,-2900, ,CFS
SHA,H,76,INFLOW,20141127,1400,4615, ,CFS
SHA,H,76,INFLOW,20141127,1500,160, ,CFS
SHA,H,76,INFLOW,20141127,1600,4358, ,CFS
SHA,H,76,INFLOW,20141127,1700,-323, ,CFS
SHA,H,76,INFLOW,20141127,1800,4170, ,CFS
SHA,H,76,INFLOW,20141127,1900,2481, ,CFS
SHA,H,76,INFLOW,20141127,2000,4967, ,CFS
SHA,H,76,INFLOW,20141127,2100,6495, ,CFS
SHA,H,76,INFLOW,20141127,2200,4018, ,CFS
SHA,H,76,INFLOW,20141127,2300,4353, ,CFS
SHA,H,76,INFLOW,20141128,0000,10349, ,CFS
SHA,H,76,INFLOW,20141128,0100,4882, ,CFS
SHA,H,76,INFLOW,20141128,0200,4581, ,CFS
SHA,H,76,INFLOW,20141128,0300,8357, ,CFS
SHA,H,76,INFLOW,20141128,0400,2423, ,CFS
SHA,H,76,INFLOW,20141128,0500,4205, ,CFS
SHA,H,76,INFLOW,20141128,0600,8607, ,CFS
SHA,H,76,INFLOW,20141128,0700,2314, ,CFS
SHA,H,76,INFLOW,20141128,0800,5208, ,CFS
SHA,H,76,INFLOW,20141128,0900,4836, ,CFS
SHA,H,76,INFLOW,20141128,1000,2086, ,CFS
SHA,H,76,INFLOW,20141128,1100,4975, ,CFS
SHA,H,76,INFLOW,20141128,1200,6407, ,CFS
SHA,H,76,INFLOW,20141128,1300,3632, ,CFS
SHA,H,76,INFLOW,20141128,1400,-1546, ,CFS
SHA,H,76,INFLOW,20141128,1500,8107, ,CFS
SHA,H,76,INFLOW,20141128,1600,5873, ,CFS
SHA,H,76,INFLOW,20141128,1700,-5711, ,CFS
SHA,H,76,INFLOW,20141128,1800,4139, ,CFS
SHA,H,76,INFLOW,20141128,1900,4639, ,CFS
SHA,H,76,INFLOW,20141128,2000,-2111, ,CFS
SHA,H,76,INFLOW,20141128,2100,5400, ,CFS
SHA,H,76,INFLOW,20141128,2200,6099, ,CFS
SHA,H,76,INFLOW,20141128,2300,1762, ,CFS
SHA,H,76,INFLOW,20141129,0000,3594, ,CFS
SHA,H,76,INFLOW,20141129,0100,-163, ,CFS
SHA,H,76,INFLOW,20141129,0200,1148, ,CFS
SHA,H,76,INFLOW,20141129,0300,9219, ,CFS
SHA,H,76,INFLOW,20141129,0400,5164, ,CFS
SHA,H,76,INFLOW,20141129,0500,-231, ,CFS
SHA,H,76,INFLOW,20141129,0600,2637, ,CFS
SHA,H,76,INFLOW,20141129,0700,4199, ,CFS
SHA,H,76,INFLOW,20141129,0800,2121, ,CFS
SHA,H,76,INFLOW,20141129,0900,3004, ,CFS
SHA,H,76,INFLOW,20141129,1000,7507, ,CFS
SHA,H,76,INFLOW,20141129,1100,3564, ,CFS
SHA,H,76,INFLOW,20141129,1200,2307, ,CFS
SHA,H,76,INFLOW,20141129,1300,3566, ,CFS
SHA,H,76,INFLOW,20141129,1400,-495, ,CFS
SHA,H,76,INFLOW,20141129,1500,2235, ,CFS
SHA,H,76,INFLOW,20141129,1600,3774, ,CFS
SHA,H,76,INFLOW,20141129,1700,3188, ,CFS
SHA,H,76,INFLOW,20141129,1800,4846, ,CFS
SHA,H,76,INFLOW,20141129,1900,4594, ,CFS
SHA,H,76,INFLOW,20141129,2000,1076, ,CFS
SHA,H,76,INFLOW,20141129,2100,2918, ,CFS
SHA,H,76,INFLOW,20141129,2200,2292, ,CFS
SHA,H,76,INFLOW,20141129,2300,3957, ,CFS
SHA,H,76,INFLOW,20141130,0000,4617, ,CFS
SHA,H,76,INFLOW,20141130,0100,2570, ,CFS
SHA,H,76,INFLOW,20141130,0200,9201, ,CFS
SHA,H,76,INFLOW,20141130,0300,6501, ,CFS
SHA,H,76,INFLOW,20141130,0400,3793, ,CFS
SHA,H,76,INFLOW,20141130,0500,5141, ,CFS
SHA,H,76,INFLOW,20141130,0600,2549, ,CFS
SHA,H,76,INFLOW,20141130,0700,6898, ,CFS
SHA,H,76,INFLOW,20141130,0800,5890, ,CFS
SHA,H,76,INFLOW,20141130,0900,5535, ,CFS
SHA,H,76,INFLOW,20141130,1000,-158, ,CFS
SHA,H,76,INFLOW,20141130,1100,5236, ,CFS
SHA,H,76,INFLOW,20141130,1200,3603, ,CFS
SHA,H,76,INFLOW,20141130,1300,2486, ,CFS
SHA,H,76,INFLOW,20141130,1400,6623, ,CFS
SHA,H,76,INFLOW,20141130,1500,2210, ,CFS
SHA,H,76,INFLOW,20141130,1600,3697, ,CFS
SHA,H,76,INFLOW,20141130,1700,1940, ,CFS
SHA,H,76,INFLOW,20141130,1800,5652, ,CFS
SHA,H,76,INFLOW,20141130,1900,1561, ,CFS
SHA,H,76,INFLOW,20141130,2000,3183, ,CFS
SHA,H,76,INFLOW,20141130,2100,10174, ,CFS
SHA,H,76,INFLOW,20141130,2200,3071, ,CFS
SHA,H,76,INFLOW,20141130,2300,5767, ,CFS
SHA,H,76,INFLOW,20141201,0000,10505, ,CFS
SHA,H,76,INFLOW,20141201,0100,5263, ,CFS
SHA,H,76,INFLOW,20141201,0200,3818, ,CFS
SHA,H,76,INFLOW,20141201,0300,6534, ,CFS
SHA,H,76,INFLOW,20141201,0400,1146, ,CFS
SHA,H,76,INFLOW,20141201,0500,3904, ,CFS
SHA,H,76,INFLOW,20141201,0600,6750, ,CFS
SHA,H,76,INFLOW,20141201,0700,2469, ,CFS
SHA,H,76,INFLOW,20141201,0800,2266, ,CFS
SHA,H,76,INFLOW,20141201,0900,4923, ,CFS
SHA,H,76,INFLOW,20141201,1000,2428, ,CFS
SHA,H,76,INFLOW,20141201,1100,4811, ,CFS
SHA,H,76,INFLOW,20141201,1200,6309, ,CFS
SHA,H,76,INFLOW,20141201,1300,4224, ,CFS
SHA,H,76,INFLOW,20141201,1400,6835, ,CFS
SHA,H,76,INFLOW,20141201,1500,4544, ,CFS
SHA,H,76,INFLOW,20141201,1600,2376, ,CFS
SHA,H,76,INFLOW,20141201,1700,877, ,CFS
SHA,H,76,INFLOW,20141201,1800,4693, ,CFS
SHA,H,76,INFLOW,20141201,1900,1697, ,CFS
SHA,H,76,INFLOW,20141201,2000,5199, ,CFS
SHA,H,76,INFLOW,20141201,2100,6475, ,CFS
SHA,H,76,INFLOW,20141201,2200,2617, ,CFS
SHA,H,76,INFLOW,20141201,2300,6959, ,CFS
SHA,H,76,INFLOW,20141202,0000,3660, ,CFS
SHA,H,76,INFLOW,20141202,0100,5793, ,CFS
SHA,H,76,INFLOW,20141202,0200,5671, ,CFS
SHA,H,76,INFLOW,20141202,0300,7486, ,CFS
SHA,H,76,INFLOW,20141202,0400,3681, ,CFS
SHA,H,76,INFLOW,20141202,0500,3944, ,CFS
SHA,H,76,INFLOW,20141202,0600,6460, ,CFS
SHA,H,76,INFLOW,20141202,0700,971, ,CFS
SHA,H,76,INFLOW,20141202,0800,5830, ,CFS
SHA,H,76,INFLOW,20141202,0900,3649, ,CFS
SHA,H,76,INFLOW,20141202,1000,-519, ,CFS
SHA,H,76,INFLOW,20141202,1100,4991, ,CFS
SHA,H,76,INFLOW,20141202,1200,2091, ,CFS
SHA,H,76,INFLOW,20141202,1300,781, ,CFS
SHA,H,76,INFLOW,20141202,1400,6192, ,CFS
SHA,H,76,INFLOW,20141202,1500,654, ,CFS
SHA,H,76,INFLOW,20141202,1600,1760, ,CFS
SHA,H,76,INFLOW,20141202,1700,2985, ,CFS
SHA,H,76,INFLOW,20141202,1800,5862, ,CFS
SHA,H,76,INFLOW,20141202,1900,-2258, ,CFS
SHA,H,76,INFLOW,20141202,2000,5042, ,CFS
SHA,H,76,INFLOW,20141202,2100,3022, ,CFS
SHA,H,76,INFLOW,20141202,2200,5176, ,CFS
SHA,H,76,INFLOW,20141202,2300,492, ,CFS
SHA,H,76,INFLOW,20141203,0000,3836, ,CFS
SHA,H,76,INFLOW,20141203,0100,2734, ,CFS
SHA,H,76,INFLOW,20141203,0200,4033, ,CFS
SHA,H,76,INFLOW,20141203,0300,2759, ,CFS
SHA,H,76,INFLOW,20141203,0400,2861, ,CFS
SHA,H,76,INFLOW,20141203,0500,4185, ,CFS
SHA,H,76,INFLOW,20141203,0600,5700, ,CFS
SHA,H,76,INFLOW,20141203,0700,-1253, ,CFS
SHA,H,76,INFLOW,20141203,0800,4284, ,CFS
SHA,H,76,INFLOW,20141203,0900,5446, ,CFS
SHA,H,76,INFLOW,20141203,1000,1455, ,CFS
SHA,H,76,INFLOW,20141203,1100,8925, ,CFS
SHA,H,76,INFLOW,20141203,1200,3749, ,CFS
SHA,H,76,INFLOW,20141203,1300,9511, ,CFS
SHA,H,76,INFLOW,20141203,1400,5005, ,CFS
SHA,H,76,INFLOW,20141203,1500,4869, ,CFS
SHA,H,76,INFLOW,20141203,1600,6548, ,CFS
SHA,H,76,INFLOW,20141203,1700,3864, ,CFS
SHA,H,76,INFLOW,20141203,1800,8236, ,CFS
SHA,H,76,INFLOW,20141203,1900,10281, ,CFS
SHA,H,76,INFLOW,20141203,2000,6152, ,CFS
SHA,H,76,INFLOW,20141203,2100,7546, ,CFS
SHA,H,76,INFLOW,20141203,2200,8937, ,CFS
SHA,H,76,INFLOW,20141203,2300,6749, ,CFS
SHA,H,76,INFLOW,20141204,0000,12733, ,CFS
SHA,H,76,INFLOW,20141204,0100,7013, ,CFS
SHA,H,76,INFLOW,20141204,0200,10586, ,CFS
SHA,H,76,INFLOW,20141204,0300,13172, ,CFS
SHA,H,76,INFLOW,20141204,0400,5060, ,CFS
SHA,H,76,INFLOW,20141204,0500,10841, ,CFS
SHA,H,76,INFLOW,20141204,0600,8667, ,CFS
SHA,H,76,INFLOW,20141204,0700,7145, ,CFS
SHA,H,76,INFLOW,20141204,0800,11850, ,CFS
SHA,H,76,INFLOW,20141204,0900,6274, ,CFS
SHA,H,76,INFLOW,20141204,1000,11075, ,CFS
SHA,H,76,INFLOW,20141204,1100,8470, ,CFS
SHA,H,76,INFLOW,20141204,1200,7994, ,CFS
SHA,H,76,INFLOW,20141204,1300,9915, ,CFS
SHA,H,76,INFLOW,20141204,1400,6550, ,CFS
SHA,H,76,INFLOW,20141204,1500,9420, ,CFS
SHA,H,76,INFLOW,20141204,1600,11203, ,CFS
SHA,H,76,INFLOW,20141204,1700,6973, ,CFS
SHA,H,76,INFLOW,20141204,1800,11530, ,CFS
SHA,H,76,INFLOW,20141204,1900,10116, ,CFS
SHA,H,76,INFLOW,20141204,2000,9597, ,CFS
SHA,H,76,INFLOW,20141204,2100,9708, ,CFS
SHA,H,76,INFLOW,20141204,2200,8760, ,CFS
SHA,H,76,INFLOW,20141204,2300,6925, ,CFS
SHA,H,76,INFLOW,20141205,0000,8584, ,CFS
SHA,H,76,INFLOW,20141205,0100,8839, ,CFS
SHA,H,76,INFLOW,20141205,0200,9962, ,CFS
SHA,H,76,INFLOW,20141205,0300,7499, ,CFS
SHA,H,76,INFLOW,20141205,0400,7410, ,CFS
SHA,H,76,INFLOW,20141205,0500,8008, ,CFS
SHA,H,76,INFLOW,20141205,0600,7178, ,CFS
SHA,H,76,INFLOW,20141205,0700,9727, ,CFS
SHA,H,76,INFLOW,20141205,0800,9234, ,CFS
SHA,H,76,INFLOW,20141205,0900,7725, ,CFS
SHA,H,76,INFLOW,20141205,1000,7699, ,CFS
SHA,H,76,INFLOW,20141205,1100,12563, ,CFS
SHA,H,76,INFLOW,20141205,1200,8284, ,CFS
SHA,H,76,INFLOW,20141205,1300,11126, ,CFS
SHA,H,76,INFLOW,20141205,1400,8144, ,CFS
SHA,H,76,INFLOW,20141205,1500,9215, ,CFS
SHA,H,76,INFLOW,20141205,1600,10626, ,CFS
SHA,H,76,INFLOW,20141205,1700,11341, ,CFS
SHA,H,76,INFLOW,20141205,1800,12371, ,CFS
SHA,H,76,INFLOW,20141205,1900,9733, ,CFS
SHA,H,76,INFLOW,20141205,2000,17661, ,CFS
SHA,H,76,INFLOW,20141205,2100,12312, ,CFS
SHA,H,76,INFLOW,20141205,2200,3154, ,CFS
SHA,H,76,INFLOW,20141205,2300,17513, ,CFS
SHA,H,76,INFLOW,20141206,0000,17162, ,CFS
SHA,H,76,INFLOW,20141206,0100,31686, ,CFS
SHA,H,76,INFLOW,20141206,0200,24603, ,CFS
SHA,H,76,INFLOW,20141206,0300,17582, ,CFS
SHA,H,76,INFLOW,20141206,0400,24713, ,CFS
SHA,H,76,INFLOW,20141206,0500,20587, ,CFS
SHA,H,76,INFLOW,20141206,0600,22047, ,CFS
SHA,H,76,INFLOW,20141206,0700,18584, ,CFS
SHA,H,76,INFLOW,20141206,0800,15263, ,CFS
SHA,H,76,INFLOW,20141206,0900,15735, ,CFS
SHA,H,76,INFLOW,20141206,1000,19872, ,CFS
SHA,H,76,INFLOW,20141206,1100,18803, ,CFS
SHA,H,76,INFLOW,20141206,1200,13172, ,CFS
SHA,H,76,INFLOW,20141206,1300,18715, ,CFS
SHA,H,76,INFLOW,20141206,1400,17142, ,CFS
SHA,H,76,INFLOW,20141206,1500,9802, ,CFS
SHA,H,76,INFLOW,20141206,1600,12832, ,CFS
SHA,H,76,INFLOW,20141206,1700,13604, ,CFS
SHA,H,76,INFLOW,20141206,1800,12852, ,CFS
SHA,H,76,INFLOW,20141206,1900,11150, ,CFS
SHA,H,76,INFLOW,20141206,2000,14042, ,CFS
SHA,H,76,INFLOW,20141206,2100,12879, ,CFS
SHA,H,76,INFLOW,20141206,2200,11767, ,CFS
SHA,H,76,INFLOW,20141206,2300,11144, ,CFS
SHA,H,76,INFLOW,20141207,0000,11291, ,CFS
SHA,H,76,INFLOW,20141207,0100,12885, ,CFS
SHA,H,76,INFLOW,20141207,0200,9929, ,CFS
SHA,H,76,INFLOW,20141207,0300,9981, ,CFS
SHA,H,76,INFLOW,20141207,0400,8535, ,CFS
SHA,H,76,INFLOW,20141207,0500,9950, ,CFS
SHA,H,76,INFLOW,20141207,0600,7160, ,CFS
SHA,H,76,INFLOW,20141207,0700,8313, ,CFS
SHA,H,76,INFLOW,20141207,0800,9627, ,CFS
SHA,H,76,INFLOW,20141207,0900,9234, ,CFS
SHA,H,76,INFLOW,20141207,1000,7726, ,CFS
SHA,H,76,INFLOW,20141207,1100,9382, ,CFS
SHA,H,76,INFLOW,20141207,1200,8140, ,CFS
SHA,H,76,INFLOW,20141207,1300,9607, ,CFS
SHA,H,76,INFLOW,20141207,1400,9730, ,CFS
SHA,H,76,INFLOW,20141207,1500,8420, ,CFS
SHA,H,76,INFLOW,20141207,1600,8390, ,CFS
SHA,H,76,INFLOW,20141207,1700,6020, ,CFS
SHA,H,76,INFLOW,20141207,1800,8750, ,CFS
SHA,H,76,INFLOW,20141207,1900,6675, ,CFS
SHA,H,76,INFLOW,20141207,2000,9513, ,CFS
SHA,H,76,INFLOW,20141207,2100,10112, ,CFS
SHA,H,76,INFLOW,20141207,2200,9891, ,CFS
SHA,H,76,INFLOW,20141207,2300,7247, ,CFS
SHA,H,76,INFLOW,20141208,0000,10928, ,CFS
SHA,H,76,INFLOW,20141208,0100,8118, ,CFS
SHA,H,76,INFLOW,20141208,0200,6647, ,CFS
SHA,H,76,INFLOW,20141208,0300,10874, ,CFS
SHA,H,76,INFLOW,20141208,0400,8056, ,CFS
SHA,H,76,INFLOW,20141208,0500,5400, ,CFS
SHA,H,76,INFLOW,20141208,0600,3816, ,CFS
SHA,H,76,INFLOW,20141208,0700,10919, ,CFS
SHA,H,76,INFLOW,20141208,0800,6141, ,CFS
SHA,H,76,INFLOW,20141208,0900,9274, ,CFS
SHA,H,76,INFLOW,20141208,1000,7099, ,CFS
SHA,H,76,INFLOW,20141208,1100,14419, ,CFS
SHA,H,76,INFLOW,20141208,1200,7311, ,CFS
SHA,H,76,INFLOW,20141208,1300,12944, ,CFS
SHA,H,76,INFLOW,20141208,1400,8604, ,CFS
SHA,H,76,INFLOW,20141208,1500,9431, ,CFS
SHA,H,76,INFLOW,20141208,1600,11170, ,CFS
SHA,H,76,INFLOW,20141208,1700,7791, ,CFS
SHA,H,76,INFLOW,20141208,1800,11950, ,CFS
SHA,H,76,INFLOW,20141208,1900,7919, ,CFS
SHA,H,76,INFLOW,20141208,2000,14507, ,CFS
SHA,H,76,INFLOW,20141208,2100,9937, ,CFS
SHA,H,76,INFLOW,20141208,2200,7918, ,CFS
SHA,H,76,INFLOW,20141208,2300,10238, ,CFS
SHA,H,76,INFLOW,20141209,0000,10985, ,CFS
SHA,H,76,INFLOW,20141209,0100,10319, ,CFS
SHA,H,76,INFLOW,20141209,0200,8859, ,CFS
SHA,H,76,INFLOW,20141209,0300,8857, ,CFS
SHA,H,76,INFLOW,20141209,0400,10290, ,CFS
SHA,H,76,INFLOW,20141209,0500,7332, ,CFS
SHA,H,76,INFLOW,20141209,0600,9480, ,CFS
SHA,H,76,INFLOW,20141209,0700,11943, ,CFS
SHA,H,76,INFLOW,20141209,0800,5432, ,CFS
SHA,H,76,INFLOW,20141209,0900,13756, ,CFS
SHA,H,76,INFLOW,20141209,1000,9627, ,CFS
SHA,H,76,INFLOW,20141209,1100,8054, ,CFS
SHA,H,76,INFLOW,20141209,1200,9172, ,CFS
SHA,H,76,INFLOW,20141209,1300,11000, ,CFS
SHA,H,76,INFLOW,20141209,1400,-41, ,CFS
SHA,H,76,INFLOW,20141209,1500,4636, ,CFS
SHA,H,76,INFLOW,20141209,1600,8695, ,CFS
SHA,H,76,INFLOW,20141209,1700,6276, ,CFS
SHA,H,76,INFLOW,20141209,1800,9616, ,CFS
SHA,H,76,INFLOW,20141209,1900,8089, ,CFS
SHA,H,76,INFLOW,20141209,2000,10770, ,CFS
SHA,H,76,INFLOW,20141209,2100,9098, ,CFS
SHA,H,76,INFLOW,20141209,2200,10429, ,CFS
SHA,H,76,INFLOW,20141209,2300,7517, ,CFS
SHA,H,76,INFLOW,20141210,0000,9716, ,CFS
SHA,H,76,INFLOW,20141210,0100,9123, ,CFS
SHA,H,76,INFLOW,20141210,0200,10628, ,CFS
SHA,H,76,INFLOW,20141210,0300,7633, ,CFS
SHA,H,76,INFLOW,20141210,0400,8908, ,CFS
SHA,H,76,INFLOW,20141210,0500,9176, ,CFS
SHA,H,76,INFLOW,20141210,0600,10418, ,CFS
SHA,H,76,INFLOW,20141210,0700,5928, ,CFS
SHA,H,76,INFLOW,20141210,0800,12038, ,CFS
SHA,H,76,INFLOW,20141210,0900,7260, ,CFS
SHA,H,76,INFLOW,20141210,1000,7277, ,CFS
SHA,H,76,INFLOW,20141210,1100,13090, ,CFS
SHA,H,76,INFLOW,20141210,1200,7322, ,CFS
SHA,H,76,INFLOW,20141210,1300,10225, ,CFS
SHA,H,76,INFLOW,20141210,1400,8774, ,CFS
SHA,H,76,INFLOW,20141210,1500,11688, ,CFS
SHA,H,76,INFLOW,20141210,1600,11672, ,CFS
SHA,H,76,INFLOW,20141210,1700,11749, ,CFS
SHA,H,76,INFLOW,20141210,1800,17493, ,CFS
SHA,H,76,INFLOW,20141210,1900,8759, ,CFS
SHA,H,76,INFLOW,20141210,2000,16025, ,CFS
SHA,H,76,INFLOW,20141210,2100,14699, ,CFS
SHA,H,76,INFLOW,20141210,2200,16122, ,CFS
SHA,H,76,INFLOW,20141210,2300,21312, ,CFS
SHA,H,76,INFLOW,20141211,0000,23734, ,CFS
SHA,H,76,INFLOW,20141211,0100,26451, ,CFS
SHA,H,76,INFLOW,20141211,0200,27762, ,CFS
SHA,H,76,INFLOW,20141211,0300,39264, ,CFS
SHA,H,76,INFLOW,20141211,0400,42340, ,CFS
SHA,H,76,INFLOW,20141211,0500,38076, ,CFS
SHA,H,76,INFLOW,20141211,0600,54276, ,CFS
SHA,H,76,INFLOW,20141211,0700,66147, ,CFS
SHA,H,76,INFLOW,20141211,0800,64876, ,CFS
SHA,H,76,INFLOW,20141211,0900,65026, ,CFS
SHA,H,76,INFLOW,20141211,1000,80179, ,CFS
SHA,H,76,INFLOW,20141211,1100,80402, ,CFS
SHA,H,76,INFLOW,20141211,1200,88223, ,CFS
SHA,H,76,INFLOW,20141211,1300,90142, ,CFS
SHA,H,76,INFLOW,20141211,1400,97962, ,CFS
SHA,H,76,INFLOW,20141211,1500,89477, ,CFS
SHA,H,76,INFLOW,20141211,1600,85189, ,CFS
SHA,H,76,INFLOW,20141211,1700,84644, ,CFS
SHA,H,76,INFLOW,20141211,1800,81695, ,CFS
SHA,H,76,INFLOW,20141211,1900,74212, ,CFS
SHA,H,76,INFLOW,20141211,2000,72899, ,CFS
SHA,H,76,INFLOW,20141211,2100,67546, ,CFS
SHA,H,76,INFLOW,20141211,2200,64811, ,CFS
SHA,H,76,INFLOW,20141211,2300,58675, ,CFS
SHA,H,76,INFLOW,20141212,0000,56992, ,CFS
SHA,H,76,INFLOW,20141212,0100,53344, ,CFS
SHA,H,76,INFLOW,20141212,0200,54136, ,CFS
SHA,H,76,INFLOW,20141212,0300,47956, ,CFS
SHA,H,76,INFLOW,20141212,0400,44778, ,CFS
SHA,H,76,INFLOW,20141212,0500,43471, ,CFS
SHA,H,76,INFLOW,20141212,0600,40471, ,CFS
SHA,H,76,INFLOW,20141212,0700,35819, ,CFS
SHA,H,76,INFLOW,20141212,0800,41891, ,CFS
SHA,H,76,INFLOW,20141212,0900,38937, ,CFS
SHA,H,76,INFLOW,20141212,1000,33989, ,CFS
SHA,H,76,INFLOW,20141212,1100,35381, ,CFS
SHA,H,76,INFLOW,20141212,1200,31911, ,CFS
SHA,H,76,INFLOW,20141212,1300,30405, ,CFS
SHA,H,76,INFLOW,20141212,1400,33690, ,CFS
SHA,H,76,INFLOW,20141212,1500,30487, ,CFS
SHA,H,76,INFLOW,20141212,1600,28941, ,CFS
SHA,H,76,INFLOW,20141212,1700,23585, ,CFS
SHA,H,76,INFLOW,20141212,1800,25302, ,CFS
SHA,H,76,INFLOW,20141212,1900,22147, ,CFS
SHA,H,76,INFLOW,20141212,2000,22157, ,CFS
SHA,H,76,INFLOW,20141212,2100,21829, ,CFS
SHA,H,76,INFLOW,20141212,2200,20653, ,CFS
SHA,H,76,INFLOW,20141212,2300,21819, ,CFS
SHA,H,76,INFLOW,20141213,0000,24010, ,CFS
SHA,H,76,INFLOW,20141213,0100,20569, ,CFS
SHA,H,76,INFLOW,20141213,0200,22318, ,CFS
SHA,H,76,INFLOW,20141213,0300,22438, ,CFS
SHA,H,76,INFLOW,20141213,0400,17558, ,CFS
SHA,H,76,INFLOW,20141213,0500,17847, ,CFS
SHA,H,76,INFLOW,20141213,0600,16158, ,CFS
SHA,H,76,INFLOW,20141213,0700,20760, ,CFS
SHA,H,76,INFLOW,20141213,0800,17150, ,CFS
SHA,H,76,INFLOW,20141213,0900,20473, ,CFS
SHA,H,76,INFLOW,20141213,1000,18793, ,CFS
SHA,H,76,INFLOW,20141213,1100,20637, ,CFS
SHA,H,76,INFLOW,20141213,1200,18675, ,CFS
SHA,H,76,INFLOW,20141213,1300,20290, ,CFS
SHA,H,76,INFLOW,20141213,1400,18641, ,CFS
SHA,H,76,INFLOW,20141213,1500,20298, ,CFS
SHA,H,76,INFLOW,20141213,1600,15971, ,CFS
SHA,H,76,INFLOW,20141213,1700,18700, ,CFS
SHA,H,76,INFLOW,20141213,1800,16395, ,CFS
SHA,H,76,INFLOW,20141213,1900,14871, ,CFS
SHA,H,76,INFLOW,20141213,2000,21415, ,CFS
SHA,H,76,INFLOW,20141213,2100,17513, ,CFS
SHA,H,76,INFLOW,20141213,2200,15777, ,CFS
SHA,H,76,INFLOW,20141213,2300,17277, ,CFS
SHA,H,76,INFLOW,20141214,0000,15510, ,CFS
SHA,H,76,INFLOW,20141214,0100,18199, ,CFS
SHA,H,76,INFLOW,20141214,0200,14878, ,CFS
SHA,H,76,INFLOW,20141214,0300,14870, ,CFS
SHA,H,76,INFLOW,20141214,0400,16517, ,CFS
SHA,H,76,INFLOW,20141214,0500,14870, ,CFS
SHA,H,76,INFLOW,20141214,0600,18217, ,CFS
SHA,H,76,INFLOW,20141214,0700,15837, ,CFS
SHA,H,76,INFLOW,20141214,0800,14222, ,CFS
SHA,H,76,INFLOW,20141214,0900,15955, ,CFS
SHA,H,76,INFLOW,20141214,1000,10972, ,CFS
SHA,H,76,INFLOW,20141214,1100,12639, ,CFS
SHA,H,76,INFLOW,20141214,1200,15963, ,CFS
SHA,H,76,INFLOW,20141214,1300,12632, ,CFS
SHA,H,76,INFLOW,20141214,1400,12647, ,CFS
SHA,H,76,INFLOW,20141214,1500,9386, ,CFS
SHA,H,76,INFLOW,20141214,1600,16514, ,CFS
SHA,H,76,INFLOW,20141214,1700,13389, ,CFS
SHA,H,76,INFLOW,20141214,1800,7893, ,CFS
SHA,H,76,INFLOW,20141214,1900,12350, ,CFS
SHA,H,76,INFLOW,20141214,2000,15730, ,CFS
SHA,H,76,INFLOW,20141214,2100,10773, ,CFS
SHA,H,76,INFLOW,20141214,2200,11942, ,CFS
SHA,H,76,INFLOW,20141214,2300,10891, ,CFS
SHA,H,76,INFLOW,20141215,0000,12530, ,CFS
SHA,H,76,INFLOW,20141215,0100,12795, ,CFS
SHA,H,76,INFLOW,20141215,0200,10958, ,CFS
SHA,H,76,INFLOW,20141215,0300,12258, ,CFS
SHA,H,76,INFLOW,20141215,0400,9286, ,CFS
SHA,H,76,INFLOW,20141215,0500,11094, ,CFS
SHA,H,76,INFLOW,20141215,0600,11222, ,CFS
SHA,H,76,INFLOW,20141215,0700,12554, ,CFS
SHA,H,76,INFLOW,20141215,0800,12340, ,CFS
SHA,H,76,INFLOW,20141215,0900,10402, ,CFS
SHA,H,76,INFLOW,20141215,1000,12172, ,CFS
SHA,H,76,INFLOW,20141215,1100,10170, ,CFS
SHA,H,76,INFLOW,20141215,1200,10414, ,CFS
SHA,H,76,INFLOW,20141215,1300,12497, ,CFS
SHA,H,76,INFLOW,20141215,1400,10751, ,CFS
SHA,H,76,INFLOW,20141215,1500,10601, ,CFS
SHA,H,76,INFLOW,20141215,1600,8417, ,CFS
SHA,H,76,INFLOW,20141215,1700,6893, ,CFS
SHA,H,76,INFLOW,20141215,1800,11827, ,CFS
SHA,H,76,INFLOW,20141215,1900,8187, ,CFS
SHA,H,76,INFLOW,20141215,2000,10696, ,CFS
SHA,H,76,INFLOW,20141215,2100,12543, ,CFS
SHA,H,76,INFLOW,20141215,2200,10925, ,CFS
SHA,H,76,INFLOW,20141215,2300,8638, ,CFS
SHA,H,76,INFLOW,20141216,0000,10418, ,CFS
SHA,H,76,INFLOW,20141216,0100,11292, ,CFS
SHA,H,76,INFLOW,20141216,0200,9693, ,CFS
SHA,H,76,INFLOW,20141216,0300,11124, ,CFS
SHA,H,76,INFLOW,20141216,0400,7506, ,CFS
SHA,H,76,INFLOW,20141216,0500,9368, ,CFS
SHA,H,76,INFLOW,20141216,0600,11303, ,CFS
SHA,H,76,INFLOW,20141216,0700,11454, ,CFS
SHA,H,76,INFLOW,20141216,0800,10050, ,CFS
SHA,H,76,INFLOW,20141216,0900,11515, ,CFS
SHA,H,76,INFLOW,20141216,1000,8504, ,CFS
SHA,H,76,INFLOW,20141216,1100,10198, ,CFS
SHA,H,76,INFLOW,20141216,1200,10034, ,CFS
SHA,H,76,INFLOW,20141216,1300,9527, ,CFS
SHA,H,76,INFLOW,20141216,1400,9824, ,CFS
SHA,H,76,INFLOW,20141216,1500,9764, ,CFS
SHA,H,76,INFLOW,20141216,1600,7976, ,CFS
SHA,H,76,INFLOW,20141216,1700,11564, ,CFS
SHA,H,76,INFLOW,20141216,1800,12044, ,CFS
SHA,H,76,INFLOW,20141216,1900,13551, ,CFS
SHA,H,76,INFLOW,20141216,2000,9817, ,CFS
SHA,H,76,INFLOW,20141216,2100,13652, ,CFS
SHA,H,76,INFLOW,20141216,2200,16762, ,CFS
SHA,H,76,INFLOW,20141216,2300,13406, ,CFS
SHA,H,76,INFLOW,20141217,0000,17273, ,CFS
SHA,H,76,INFLOW,20141217,0100,11619, ,CFS
SHA,H,76,INFLOW,20141217,0200,16453, ,CFS
SHA,H,76,INFLOW,20141217,0300,16464, ,CFS
SHA,H,76,INFLOW,20141217,0400,18032, ,CFS
SHA,H,76,INFLOW,20141217,0500,14897, ,CFS
SHA,H,76,INFLOW,20141217,0600,18513, ,CFS
SHA,H,76,INFLOW,20141217,0700,16744, ,CFS
SHA,H,76,INFLOW,20141217,0800,17247, ,CFS
SHA,H,76,INFLOW,20141217,0900,18150, ,CFS
SHA,H,76,INFLOW,20141217,1000,17583, ,CFS
SHA,H,76,INFLOW,20141217,1100,17682, ,CFS
SHA,H,76,INFLOW,20141217,1200,19634, ,CFS
SHA,H,76,INFLOW,20141217,1300,20449, ,CFS
SHA,H,76,INFLOW,20141217,1400,15302, ,CFS
SHA,H,76,INFLOW,20141217,1500,18795, ,CFS
SHA,H,76,INFLOW,20141217,1600,17207, ,CFS
SHA,H,76,INFLOW,20141217,1700,20598, ,CFS
SHA,H,76,INFLOW,20141217,1800,19065, ,CFS
SHA,H,76,INFLOW,20141217,1900,21065, ,CFS
SHA,H,76,INFLOW,20141217,2000,19376, ,CFS
SHA,H,76,INFLOW,20141217,2100,21090, ,CFS
SHA,H,76,INFLOW,20141217,2200,19116, ,CFS
SHA,H,76,INFLOW,20141217,2300,21404, ,CFS
SHA,H,76,INFLOW,20141218,0000,19707, ,CFS
SHA,H,76,INFLOW,20141218,0100,18256, ,CFS
SHA,H,76,INFLOW,20141218,0200,21345, ,CFS
SHA,H,76,INFLOW,20141218,0300,21456, ,CFS
SHA,H,76,INFLOW,20141218,0400,19677, ,CFS
SHA,H,76,INFLOW,20141218,0500,19968, ,CFS
SHA,H,76,INFLOW,20141218,0600,19305, ,CFS
SHA,H,76,INFLOW,20141218,0700,19083, ,CFS
SHA,H,76,INFLOW,20141218,0800,21428, ,CFS
SHA,H,76,INFLOW,20141218,0900,18020, ,CFS
SHA,H,76,INFLOW,20141218,1000,18030, ,CFS
SHA,H,76,INFLOW,20141218,1100,19998, ,CFS
SHA,H,76,INFLOW,20141218,1200,19852, ,CFS
SHA,H,76,INFLOW,20141218,1300,15940, ,CFS
SHA,H,76,INFLOW,20141218,1400,19156, ,CFS
SHA,H,76,INFLOW,20141218,1500,17651, ,CFS
SHA,H,76,INFLOW,20141218,1600,15924, ,CFS
SHA,H,76,INFLOW,20141218,1700,21063, ,CFS
SHA,H,76,INFLOW,20141218,1800,16381, ,CFS
SHA,H,76,INFLOW,20141218,1900,16432, ,CFS
SHA,H,76,INFLOW,20141218,2000,19883, ,CFS
SHA,H,76,INFLOW,20141218,2100,16656, ,CFS
SHA,H,76,INFLOW,20141218,2200,18383, ,CFS
SHA,H,76,INFLOW,20141218,2300,19248, ,CFS
SHA,H,76,INFLOW,20141219,0000,21033, ,CFS
SHA,H,76,INFLOW,20141219,0100,15318, ,CFS
SHA,H,76,INFLOW,20141219,0200,20632, ,CFS
SHA,H,76,INFLOW,20141219,0300,26372, ,CFS
SHA,H,76,INFLOW,20141219,0400,29717, ,CFS
SHA,H,76,INFLOW,20141219,0500,25148, ,CFS
SHA,H,76,INFLOW,20141219,0600,28074, ,CFS
SHA,H,76,INFLOW,20141219,0700,35103, ,CFS
SHA,H,76,INFLOW,20141219,0800,24565, ,CFS
SHA,H,76,INFLOW,20141219,0900,33310, ,CFS
SHA,H,76,INFLOW,20141219,1000,26392, ,CFS
SHA,H,76,INFLOW,20141219,1100,37059, ,CFS
SHA,H,76,INFLOW,20141219,1200,35297, ,CFS
SHA,H,76,INFLOW,20141219,1300,33539, ,CFS
SHA,H,76,INFLOW,20141219,1400,35407, ,CFS
SHA,H,76,INFLOW,20141219,1500,31835, ,CFS
SHA,H,76,INFLOW,20141219,1600,26651, ,CFS
SHA,H,76,INFLOW,20141219,1700,35555, ,CFS
SHA,H,76,INFLOW,20141219,1800,30364, ,CFS
SHA,H,76,INFLOW,20141219,1900,26688, ,CFS
SHA,H,76,INFLOW,20141219,2000,33800, ,CFS
SHA,H,76,INFLOW,20141219,2100,28501, ,CFS
SHA,H,76,INFLOW,20141219,2200,26842, ,CFS
SHA,H,76,INFLOW,20141219,2300,30518, ,CFS
SHA,H,76,INFLOW,20141220,0000,27056, ,CFS
SHA,H,76,INFLOW,20141220,0100,32202, ,CFS
SHA,H,76,INFLOW,20141220,0200,30422, ,CFS
SHA,H,76,INFLOW,20141220,0300,34206, ,CFS
SHA,H,76,INFLOW,20141220,0400,31039, ,CFS
SHA,H,76,INFLOW,20141220,0500,32803, ,CFS
SHA,H,76,INFLOW,20141220,0600,27197, ,CFS
SHA,H,76,INFLOW,20141220,0700,27226, ,CFS
SHA,H,76,INFLOW,20141220,0800,31639, ,CFS
SHA,H,76,INFLOW,20141220,0900,29869, ,CFS
SHA,H,76,INFLOW,20141220,1000,25014, ,CFS
SHA,H,76,INFLOW,20141220,1100,38759, ,CFS
SHA,H,76,INFLOW,20141220,1200,27722, ,CFS
SHA,H,76,INFLOW,20141220,1300,25285, ,CFS
SHA,H,76,INFLOW,20141220,1400,32680, ,CFS
SHA,H,76,INFLOW,20141220,1500,24917, ,CFS
SHA,H,76,INFLOW,20141220,1600,26980, ,CFS
SHA,H,76,INFLOW,20141220,1700,30395, ,CFS
SHA,H,76,INFLOW,20141220,1800,23216, ,CFS
SHA,H,76,INFLOW,20141220,1900,34263, ,CFS
SHA,H,76,INFLOW,20141220,2000,27141, ,CFS
SHA,H,76,INFLOW,20141220,2100,27596, ,CFS
SHA,H,76,INFLOW,20141220,2200,31447, ,CFS
SHA,H,76,INFLOW,20141220,2300,29497, ,CFS
SHA,H,76,INFLOW,20141221,0000,27082, ,CFS
SHA,H,76,INFLOW,20141221,0100,30458, ,CFS
SHA,H,76,INFLOW,20141221,0200,26776, ,CFS
SHA,H,76,INFLOW,20141221,0300,24779, ,CFS
SHA,H,76,INFLOW,20141221,0400,26654, ,CFS
SHA,H,76,INFLOW,20141221,0500,24087, ,CFS
SHA,H,76,INFLOW,20141221,0600,29896, ,CFS
SHA,H,76,INFLOW,20141221,0700,20764, ,CFS
SHA,H,76,INFLOW,20141221,0800,20515, ,CFS
SHA,H,76,INFLOW,20141221,0900,27849, ,CFS
SHA,H,76,INFLOW,20141221,1000,24384, ,CFS
SHA,H,76,INFLOW,20141221,1100,31432, ,CFS
SHA,H,76,INFLOW,20141221,1200,35214, ,CFS
SHA,H,76,INFLOW,20141221,1300,20449, ,CFS
SHA,H,76,INFLOW,20141221,1400,18408, ,CFS
SHA,H,76,INFLOW,20141221,1500,18657, ,CFS
SHA,H,76,INFLOW,20141221,1600,29391, ,CFS
SHA,H,76,INFLOW,20141221,1700,25376, ,CFS
SHA,H,76,INFLOW,20141221,1800,29875, ,CFS
SHA,H,76,INFLOW,20141221,1900,28010, ,CFS
SHA,H,76,INFLOW,20141221,2000,20463, ,CFS
SHA,H,76,INFLOW,20141221,2100,28002, ,CFS
SHA,H,76,INFLOW,20141221,2200,22837, ,CFS
SHA,H,76,INFLOW,20141221,2300,18516, ,CFS
SHA,H,76,INFLOW,20141222,0000,26084, ,CFS
SHA,H,76,INFLOW,20141222,0100,21610, ,CFS
SHA,H,76,INFLOW,20141222,0200,15905, ,CFS
SHA,H,76,INFLOW,20141222,0300,17506, ,CFS
SHA,H,76,INFLOW,20141222,0400,11706, ,CFS
SHA,H,76,INFLOW,20141222,0500,15709, ,CFS
SHA,H,76,INFLOW,20141222,0600,15525, ,CFS
SHA,H,76,INFLOW,20141222,0700,13799, ,CFS
SHA,H,76,INFLOW,20141222,0800,16090, ,CFS
SHA,H,76,INFLOW,20141222,0900,15073, ,CFS
SHA,H,76,INFLOW,20141222,1000,17632, ,CFS
SHA,H,76,INFLOW,20141222,1100,13908, ,CFS
SHA,H,76,INFLOW,20141222,1200,21576, ,CFS
SHA,H,76,INFLOW,20141222,1300,15652, ,CFS
SHA,H,76,INFLOW,20141222,1400,19693, ,CFS
SHA,H,76,INFLOW,20141222,1500,18220, ,CFS
SHA,H,76,INFLOW,20141222,1600,18261, ,CFS
SHA,H,76,INFLOW,20141222,1700,17724, ,CFS
SHA,H,76,INFLOW,20141222,1800,25710, ,CFS
SHA,H,76,INFLOW,20141222,1900,21625, ,CFS
SHA,H,76,INFLOW,20141222,2000,20776, ,CFS
SHA,H,76,INFLOW,20141222,2100,21284, ,CFS
SHA,H,76,INFLOW,20141222,2200,21286, ,CFS
SHA,H,76,INFLOW,20141222,2300,19778, ,CFS
SHA,H,76,INFLOW,20141223,0000,14211, ,CFS
SHA,H,76,INFLOW,20141223,0100,20855, ,CFS
SHA,H,76,INFLOW,20141223,0200,16937, ,CFS
SHA,H,76,INFLOW,20141223,0300,14897, ,CFS
SHA,H,76,INFLOW,20141223,0400,18313, ,CFS
SHA,H,76,INFLOW,20141223,0500,16639, ,CFS
SHA,H,76,INFLOW,20141223,0600,12945, ,CFS
SHA,H,76,INFLOW,20141223,0700,17555, ,CFS
SHA,H,76,INFLOW,20141223,0800,12959, ,CFS
SHA,H,76,INFLOW,20141223,0900,18714, ,CFS
SHA,H,76,INFLOW,20141223,1000,12279, ,CFS
SHA,H,76,INFLOW,20141223,1100,16067, ,CFS
SHA,H,76,INFLOW,20141223,1200,14025, ,CFS
SHA,H,76,INFLOW,20141223,1300,13955, ,CFS
SHA,H,76,INFLOW,20141223,1400,9886, ,CFS
SHA,H,76,INFLOW,20141223,1500,17284, ,CFS
SHA,H,76,INFLOW,20141223,1600,10277, ,CFS
SHA,H,76,INFLOW,20141223,1700,18090, ,CFS
SHA,H,76,INFLOW,20141223,1800,13379, ,CFS
SHA,H,76,INFLOW,20141223,1900,13312, ,CFS
SHA,H,76,INFLOW,20141223,2000,15245, ,CFS
SHA,H,76,INFLOW,20141223,2100,18283, ,CFS
SHA,H,76,INFLOW,20141223,2200,12547, ,CFS
SHA,H,76,INFLOW,20141223,2300,16255, ,CFS
SHA,H,76,INFLOW,20141224,0000,16048, ,CFS
SHA,H,76,INFLOW,20141224,0100,11532, ,CFS
SHA,H,76,INFLOW,20141224,0200,11485, ,CFS
SHA,H,76,INFLOW,20141224,0300,13386, ,CFS
SHA,H,76,INFLOW,20141224,0400,3863, ,CFS
SHA,H,76,INFLOW,20141224,0500,11501, ,CFS
SHA,H,76,INFLOW,20141224,0600,9635, ,CFS
SHA,H,76,INFLOW,20141224,0700,4570, ,CFS
SHA,H,76,INFLOW,20141224,0800,17260, ,CFS
SHA,H,76,INFLOW,20141224,0900,13359, ,CFS
SHA,H,76,INFLOW,20141224,1000,15262, ,CFS
SHA,H,76,INFLOW,20141224,1100,9553, ,CFS
SHA,H,76,INFLOW,20141224,1200,17165, ,CFS
SHA,H,76,INFLOW,20141224,1300,9553, ,CFS
SHA,H,76,INFLOW,20141224,1400,9553, ,CFS
SHA,H,76,INFLOW,20141224,1500,7650, ,CFS
SHA,H,76,INFLOW,20141224,1600,17347, ,CFS
SHA,H,76,INFLOW,20141224,1700,15845, ,CFS
SHA,H,76,INFLOW,20141224,1800,8029, ,CFS
SHA,H,76,INFLOW,20141224,1900,11856, ,CFS
SHA,H,76,INFLOW,20141224,2000,9739, ,CFS
SHA,H,76,INFLOW,20141224,2100,19187, ,CFS
SHA,H,76,INFLOW,20141224,2200,14231, ,CFS
SHA,H,76,INFLOW,20141224,2300,11282, ,CFS
SHA,H,76,INFLOW,20141225,0000,13029, ,CFS
SHA,H,76,INFLOW,20141225,0100,17946, ,CFS
SHA,H,76,INFLOW,20141225,0200,2910, ,CFS
SHA,H,76,INFLOW,20141225,0300,12279, ,CFS
SHA,H,76,INFLOW,20141225,0400,7716, ,CFS
SHA,H,76,INFLOW,20141225,0500,9615, ,CFS
SHA,H,76,INFLOW,20141225,0600,11536, ,CFS
SHA,H,76,INFLOW,20141225,0700,12268, ,CFS
SHA,H,76,INFLOW,20141225,0800,3077, ,CFS
SHA,H,76,INFLOW,20141225,0900,10860, ,CFS
SHA,H,76,INFLOW,20141225,1000,12315, ,CFS
SHA,H,76,INFLOW,20141225,1100,4371, ,CFS
SHA,H,76,INFLOW,20141225,1200,12412, ,CFS
SHA,H,76,INFLOW,20141225,1300,12535, ,CFS
SHA,H,76,INFLOW,20141225,1400,15777, ,CFS
SHA,H,76,INFLOW,20141225,1500,11945, ,CFS
SHA,H,76,INFLOW,20141225,1600,18115, ,CFS
SHA,H,76,INFLOW,20141225,1700,10789, ,CFS
SHA,H,76,INFLOW,20141225,1800,14222, ,CFS
SHA,H,76,INFLOW,20141225,1900,10397, ,CFS
SHA,H,76,INFLOW,20141225,2000,12721, ,CFS
SHA,H,76,INFLOW,20141225,2100,12794, ,CFS
SHA,H,76,INFLOW,20141225,2200,12637, ,CFS
SHA,H,76,INFLOW,20141225,2300,11766, ,CFS
SHA,H,76,INFLOW,20141226,0000,13167, ,CFS
SHA,H,76,INFLOW,20141226,0100,10140, ,CFS
SHA,H,76,INFLOW,20141226,0200,10468, ,CFS
SHA,H,76,INFLOW,20141226,0300,8460, ,CFS
SHA,H,76,INFLOW,20141226,0400,8581, ,CFS
SHA,H,76,INFLOW,20141226,0500,6923, ,CFS
SHA,H,76,INFLOW,20141226,0600,12759, ,CFS
SHA,H,76,INFLOW,20141226,0700,7541, ,CFS
SHA,H,76,INFLOW,20141226,0800,11456, ,CFS
SHA,H,76,INFLOW,20141226,0900,11158, ,CFS
SHA,H,76,INFLOW,20141226,1000,11251, ,CFS
SHA,H,76,INFLOW,20141226,1100,5632, ,CFS
SHA,H,76,INFLOW,20141226,1200,9544, ,CFS
SHA,H,76,INFLOW,20141226,1300,5499, ,CFS
SHA,H,76,INFLOW,20141226,1400,7430, ,CFS
SHA,H,76,INFLOW,20141226,1500,5492, ,CFS
SHA,H,76,INFLOW,20141226,1600,7500, ,CFS
SHA,H,76,INFLOW,20141226,1700,6030, ,CFS
SHA,H,76,INFLOW,20141226,1800,13776, ,CFS
SHA,H,76,INFLOW,20141226,1900,11492, ,CFS
SHA,H,76,INFLOW,20141226,2000,10157, ,CFS
SHA,H,76,INFLOW,20141226,2100,14133, ,CFS
SHA,H,76,INFLOW,20141226,2200,10220, ,CFS
SHA,H,76,INFLOW,20141226,2300,11922, ,CFS
SHA,H,76,INFLOW,20141227,0000,12088, ,CFS
SHA,H,76,INFLOW,20141227,0100,9777, ,CFS
SHA,H,76,INFLOW,20141227,0200,9759, ,CFS
SHA,H,76,INFLOW,20141227,0300,13413, ,CFS
SHA,H,76,INFLOW,20141227,0400,9755, ,CFS
SHA,H,76,INFLOW,20141227,0500,8036, ,CFS
SHA,H,76,INFLOW,20141227,0600,12291, ,CFS
SHA,H,76,INFLOW,20141227,0700,8609, ,CFS
SHA,H,76,INFLOW,20141227,0800,9947, ,CFS
SHA,H,76,INFLOW,20141227,0900,9803, ,CFS
SHA,H,76,INFLOW,20141227,1000,7852, ,CFS
SHA,H,76,INFLOW,20141227,1100,5901, ,CFS
SHA,H,76,INFLOW,20141227,1200,7852, ,CFS
SHA,H,76,INFLOW,20141227,1300,7852, ,CFS
SHA,H,76,INFLOW,20141227,1400,3950, ,CFS
SHA,H,76,INFLOW,20141227,1500,9803, ,CFS
SHA,H,76,INFLOW,20141227,1600,3950, ,CFS
SHA,H,76,INFLOW,20141227,1700,4270, ,CFS
SHA,H,76,INFLOW,20141227,1800,13430, ,CFS
SHA,H,76,INFLOW,20141227,1900,7357, ,CFS
SHA,H,76,INFLOW,20141227,2000,12646, ,CFS
SHA,H,76,INFLOW,20141227,2100,12016, ,CFS
SHA,H,76,INFLOW,20141227,2200,6170, ,CFS
SHA,H,76,INFLOW,20141227,2300,12259, ,CFS
SHA,H,76,INFLOW,20141228,0000,13569, ,CFS
SHA,H,76,INFLOW,20141228,0100,7102, ,CFS
SHA,H,76,INFLOW,20141228,0200,11126, ,CFS
SHA,H,76,INFLOW,20141228,0300,9415, ,CFS
SHA,H,76,INFLOW,20141228,0400,1324, ,CFS
SHA,H,76,INFLOW,20141228,0500,13125, ,CFS
SHA,H,76,INFLOW,20141228,0600,9087, ,CFS
SHA,H,76,INFLOW,20141228,0700,7050, ,CFS
SHA,H,76,INFLOW,20141228,0800,11537, ,CFS
SHA,H,76,INFLOW,20141228,0900,9357, ,CFS
SHA,H,76,INFLOW,20141228,1000,7456, ,CFS
SHA,H,76,INFLOW,20141228,1100,9527, ,CFS
SHA,H,76,INFLOW,20141228,1200,5737, ,CFS
SHA,H,76,INFLOW,20141228,1300,9443, ,CFS
SHA,H,76,INFLOW,20141228,1400,7459, ,CFS
SHA,H,76,INFLOW,20141228,1500,5499, ,CFS
SHA,H,76,INFLOW,20141228,1600,5495, ,CFS
SHA,H,76,INFLOW,20141228,1700,5397, ,CFS
SHA,H,76,INFLOW,20141228,1800,7488, ,CFS
SHA,H,76,INFLOW,20141228,1900,9697, ,CFS
SHA,H,76,INFLOW,20141228,2000,9615, ,CFS
SHA,H,76,INFLOW,20141228,2100,9441, ,CFS
SHA,H,76,INFLOW,20141228,2200,13180, ,CFS
SHA,H,76,INFLOW,20141228,2300,7972, ,CFS
SHA,H,76,INFLOW,20141229,0000,9982, ,CFS
SHA,H,76,INFLOW,20141229,0100,9804, ,CFS
SHA,H,76,INFLOW,20141229,0200,7666, ,CFS
SHA,H,76,INFLOW,20141229,0300,7634, ,CFS
SHA,H,76,INFLOW,20141229,0400,6009, ,CFS
SHA,H,76,INFLOW,20141229,0500,6271, ,CFS
SHA,H,76,INFLOW,20141229,0600,2600, ,CFS
SHA,H,76,INFLOW,20141229,0700,8896, ,CFS
SHA,H,76,INFLOW,20141229,0800,8700, ,CFS
SHA,H,76,INFLOW,20141229,0900,10671, ,CFS
SHA,H,76,INFLOW,20141229,1000,6724, ,CFS
SHA,H,76,INFLOW,20141229,1100,10655, ,CFS
SHA,H,76,INFLOW,20141229,1200,4769, ,CFS
SHA,H,76,INFLOW,20141229,1300,6493, ,CFS
SHA,H,76,INFLOW,20141229,1400,2793, ,CFS
SHA,H,76,INFLOW,20141229,1500,6704, ,CFS
SHA,H,76,INFLOW,20141229,1600,4646, ,CFS
SHA,H,76,INFLOW,20141229,1700,4275, ,CFS
SHA,H,76,INFLOW,20141229,1800,6665, ,CFS
SHA,H,76,INFLOW,20141229,1900,10623, ,CFS
SHA,H,76,INFLOW,20141229,2000,12036, ,CFS
SHA,H,76,INFLOW,20141229,2100,7936, ,CFS
SHA,H,76,INFLOW,20141229,2200,12291, ,CFS
SHA,H,76,INFLOW,20141229,2300,12120, ,CFS
SHA,H,76,INFLOW,20141230,0000,6351, ,CFS
SHA,H,76,INFLOW,20141230,0100,12842, ,CFS
SHA,H,76,INFLOW,20141230,0200,8421, ,CFS
SHA,H,76,INFLOW,20141230,0300,10387, ,CFS
SHA,H,76,INFLOW,20141230,0400,362, ,CFS
SHA,H,76,INFLOW,20141230,0500,2328, ,CFS
SHA,H,76,INFLOW,20141230,0600,8643, ,CFS
SHA,H,76,INFLOW,20141230,0700,-1220, ,CFS
SHA,H,76,INFLOW,20141230,0800,16728, ,CFS
SHA,H,76,INFLOW,20141230,0900,12924, ,CFS
SHA,H,76,INFLOW,20141230,1000,5159, ,CFS
SHA,H,76,INFLOW,20141230,1100,2937, ,CFS
SHA,H,76,INFLOW,20141230,1200,10762, ,CFS
SHA,H,76,INFLOW,20141230,1300,-3126, ,CFS
SHA,H,76,INFLOW,20141230,1400,2736, ,CFS
SHA,H,76,INFLOW,20141230,1500,6773, ,CFS
SHA,H,76,INFLOW,20141230,1600,4633, ,CFS
SHA,H,76,INFLOW,20141230,1700,6281, ,CFS
SHA,H,76,INFLOW,20141230,1800,10070, ,CFS
SHA,H,76,INFLOW,20141230,1900,10258, ,CFS
SHA,H,76,INFLOW,20141230,2000,8130, ,CFS
SHA,H,76,INFLOW,20141230,2100,11866, ,CFS
SHA,H,76,INFLOW,20141230,2200,12041, ,CFS
SHA,H,76,INFLOW,20141230,2300,8419, ,CFS
SHA,H,76,INFLOW,20141231,0000,12378, ,CFS
SHA,H,76,INFLOW,20141231,0100,12513, ,CFS
SHA,H,76,INFLOW,20141231,0200,6208, ,CFS
SHA,H,76,INFLOW,20141231,0300,6294, ,CFS
SHA,H,76,INFLOW,20141231,0400,2018, ,CFS
SHA,H,76,INFLOW,20141231,0500,4185, ,CFS
SHA,H,76,INFLOW,20141231,0600,4342, ,CFS
SHA,H,76,INFLOW,20141231,0700,2910, ,CFS
SHA,H,76,INFLOW,20141231,0800,8291, ,CFS
SHA,H,76,INFLOW,20141231,0900,11992, ,CFS
SHA,H,76,INFLOW,20141231,1000,8253, ,CFS
SHA,H,76,INFLOW,20141231,1100,8239, ,CFS
SHA,H,76,INFLOW,20141231,1200,4063, ,CFS
SHA,H,76,INFLOW,20141231,1300,4106, ,CFS
SHA,H,76,INFLOW,20141231,1400,3840, ,CFS
SHA,H,76,INFLOW,20141231,1500,4104, ,CFS
SHA,H,76,INFLOW,20141231,1600,3706, ,CFS
SHA,H,76,INFLOW,20141231,1700,1822, ,CFS
SHA,H,76,INFLOW,20141231,1800,10018, ,CFS
SHA,H,76,INFLOW,20141231,1900,8360, ,CFS
SHA,H,76,INFLOW,20141231,2000,10849, ,CFS
SHA,H,76,INFLOW,20141231,2100,10606, ,CFS
SHA,H,76,INFLOW,20141231,2200,9783, ,CFS
SHA,H,76,INFLOW,20141231,2300,8680, ,CFS
SHA,H,76,INFLOW,20150101,0000,11905, ,CFS
SHA,H,76,INFLOW,20150101,0100,6146, ,CFS
SHA,H,76,INFLOW,20150101,0200,8417, ,CFS
SHA,H,76,INFLOW,20150101,0300,6343, ,CFS
SHA,H,76,INFLOW,20150101,0400,10536, ,CFS
SHA,H,76,INFLOW,20150101,0500,6711, ,CFS
SHA,H,76,INFLOW,20150101,0600,6928, ,CFS
SHA,H,76,INFLOW,20150101,0700,10099, ,CFS
SHA,H,76,INFLOW,20150101,0800,-69, ,CFS
SHA,H,76,INFLOW,20150101,0900,9921, ,CFS
SHA,H,76,INFLOW,20150101,1000,8472, ,CFS
SHA,H,76,INFLOW,20150101,1100,4733, ,CFS
SHA,H,76,INFLOW,20150101,1200,10445, ,CFS
SHA,H,76,INFLOW,20150101,1300,2280, ,CFS
SHA,H,76,INFLOW,20150101,1400,2305, ,CFS
SHA,H,76,INFLOW,20150101,1500,2511, ,CFS
SHA,H,76,INFLOW,20150101,1600,6933, ,CFS
SHA,H,76,INFLOW,20150101,1700,9584, ,CFS
SHA,H,76,INFLOW,20150101,1800,5914, ,CFS
SHA,H,76,INFLOW,20150101,1900,11075, ,CFS
SHA,H,76,INFLOW,20150101,2000,10954, ,CFS
SHA,H,76,INFLOW,20150101,2100,10065, ,CFS
SHA,H,76,INFLOW,20150101,2200,10252, ,CFS
SHA,H,76,INFLOW,20150101,2300,10363, ,CFS
SHA,H,76,INFLOW,20150102,0000,8697, ,CFS
SHA,H,76,INFLOW,20150102,0100,6323, ,CFS
SHA,H,76,INFLOW,20150102,0200,7835, ,CFS
SHA,H,76,INFLOW,20150102,0300,3989, ,CFS
SHA,H,76,INFLOW,20150102,0400,4295, ,CFS
SHA,H,76,INFLOW,20150102,0500,3082, ,CFS
SHA,H,76,INFLOW,20150102,0600,4787, ,CFS
SHA,H,76,INFLOW,20150102,0700,2655, ,CFS
SHA,H,76,INFLOW,20150102,0800,11105, ,CFS
SHA,H,76,INFLOW,20150102,0900,11009, ,CFS
SHA,H,76,INFLOW,20150102,1000,2743, ,CFS
SHA,H,76,INFLOW,20150102,1100,9785, ,CFS
SHA,H,76,INFLOW,20150102,1200,5879, ,CFS
SHA,H,76,INFLOW,20150102,1300,1805, ,CFS
SHA,H,76,INFLOW,20150102,1400,6164, ,CFS
SHA,H,76,INFLOW,20150102,1500,4091, ,CFS
SHA,H,76,INFLOW,20150102,1600,294, ,CFS
SHA,H,76,INFLOW,20150102,1700,10669, ,CFS
SHA,H,76,INFLOW,20150102,1800,9918, ,CFS
SHA,H,76,INFLOW,20150102,1900,10560, ,CFS
SHA,H,76,INFLOW,20150102,2000,10619, ,CFS
SHA,H,76,INFLOW,20150102,2100,8972, ,CFS
SHA,H,76,INFLOW,20150102,2200,14624, ,CFS
SHA,H,76,INFLOW,20150102,2300,4025, ,CFS
SHA,H,76,INFLOW,20150103,0000,9330, ,CFS
SHA,H,76,INFLOW,20150103,0100,10160, ,CFS
SHA,H,76,INFLOW,20150103,0200,7916, ,CFS
SHA,H,76,INFLOW,20150103,0300,5881, ,CFS
SHA,H,76,INFLOW,20150103,0400,-174, ,CFS
SHA,H,76,INFLOW,20150103,0500,5809, ,CFS
SHA,H,76,INFLOW,20150103,0600,5889, ,CFS
SHA,H,76,INFLOW,20150103,0700,-532, ,CFS
SHA,H,76,INFLOW,20150103,0800,8136, ,CFS
SHA,H,76,INFLOW,20150103,0900,9161, ,CFS
SHA,H,76,INFLOW,20150103,1000,2413, ,CFS
SHA,H,76,INFLOW,20150103,1100,9892, ,CFS
SHA,H,76,INFLOW,20150103,1200,9519, ,CFS
SHA,H,76,INFLOW,20150103,1300,3757, ,CFS
SHA,H,76,INFLOW,20150103,1400,3695, ,CFS
SHA,H,76,INFLOW,20150103,1500,2177, ,CFS
SHA,H,76,INFLOW,20150103,1600,2386, ,CFS
SHA,H,76,INFLOW,20150103,1700,4912, ,CFS
SHA,H,76,INFLOW,20150103,1800,3516, ,CFS
SHA,H,76,INFLOW,20150103,1900,10732, ,CFS
SHA,H,76,INFLOW,20150103,2000,12057, ,CFS
SHA,H,76,INFLOW,20150103,2100,6049, ,CFS
SHA,H,76,INFLOW,20150103,2200,14414, ,CFS
SHA,H,76,INFLOW,20150103,2300,8339, ,CFS
SHA,H,76,INFLOW,20150104,0000,7753, ,CFS
SHA,H,76,INFLOW,20150104,0100,7913, ,CFS
SHA,H,76,INFLOW,20150104,0200,6582, ,CFS
SHA,H,76,INFLOW,20150104,0300,8460, ,CFS
SHA,H,76,INFLOW,20150104,0400,8432, ,CFS
SHA,H,76,INFLOW,20150104,0500,8601, ,CFS
SHA,H,76,INFLOW,20150104,0600,4577, ,CFS
SHA,H,76,INFLOW,20150104,0700,6509, ,CFS
SHA,H,76,INFLOW,20150104,0800,8158, ,CFS
SHA,H,76,INFLOW,20150104,0900,4237, ,CFS
SHA,H,76,INFLOW,20150104,1000,10231, ,CFS
SHA,H,76,INFLOW,20150104,1100,2171, ,CFS
SHA,H,76,INFLOW,20150104,1200,6156, ,CFS
SHA,H,76,INFLOW,20150104,1300,3924, ,CFS
SHA,H,76,INFLOW,20150104,1400,1799, ,CFS
SHA,H,76,INFLOW,20150104,1500,5868, ,CFS
SHA,H,76,INFLOW,20150104,1600,6624, ,CFS
SHA,H,76,INFLOW,20150104,1700,2763, ,CFS
SHA,H,76,INFLOW,20150104,1800,7227, ,CFS
SHA,H,76,INFLOW,20150104,1900,6981, ,CFS
SHA,H,76,INFLOW,20150104,2000,3013, ,CFS
SHA,H,76,INFLOW,20150104,2100,8837, ,CFS
SHA,H,76,INFLOW,20150104,2200,5102, ,CFS
SHA,H,76,INFLOW,20150104,2300,4988, ,CFS
SHA,H,76,INFLOW,20150105,0000,6604, ,CFS
SHA,H,76,INFLOW,20150105,0100,4353, ,CFS
SHA,H,76,INFLOW,20150105,0200,6119, ,CFS
SHA,H,76,INFLOW,20150105,0300,5565, ,CFS
SHA,H,76,INFLOW,20150105,0400,3836, ,CFS
SHA,H,76,INFLOW,20150105,0500,8685, ,CFS
SHA,H,76,INFLOW,20150105,0600,2680, ,CFS
SHA,H,76,INFLOW,20150105,0700,4800, ,CFS
SHA,H,76,INFLOW,20150105,0800,6424, ,CFS
SHA,H,76,INFLOW,20150105,0900,5965, ,CFS
SHA,H,76,INFLOW,20150105,1000,3929, ,CFS
SHA,H,76,INFLOW,20150105,1100,7845, ,CFS
SHA,H,76,INFLOW,20150105,1200,1890, ,CFS
SHA,H,76,INFLOW,20150105,1300,6006, ,CFS
SHA,H,76,INFLOW,20150105,1400,6417, ,CFS
SHA,H,76,INFLOW,20150105,1500,5323, ,CFS
SHA,H,76,INFLOW,20150105,1600,7366, ,CFS
SHA,H,76,INFLOW,20150105,1700,3301, ,CFS
SHA,H,76,INFLOW,20150105,1800,7922, ,CFS
SHA,H,76,INFLOW,20150105,1900,3414, ,CFS
SHA,H,76,INFLOW,20150105,2000,7355, ,CFS
SHA,H,76,INFLOW,20150105,2100,3994, ,CFS
SHA,H,76,INFLOW,20150105,2200,7092, ,CFS
SHA,H,76,INFLOW,20150105,2300,5090, ,CFS
SHA,H,76,INFLOW,20150106,0000,6880, ,CFS
SHA,H,76,INFLOW,20150106,0100,5668, ,CFS
SHA,H,76,INFLOW,20150106,0200,3413, ,CFS
SHA,H,76,INFLOW,20150106,0300,5556, ,CFS
SHA,H,76,INFLOW,20150106,0400,1703, ,CFS
SHA,H,76,INFLOW,20150106,0500,5921, ,CFS
SHA,H,76,INFLOW,20150106,0600,225, ,CFS
SHA,H,76,INFLOW,20150106,0700,2529, ,CFS
SHA,H,76,INFLOW,20150106,0800,6579, ,CFS
SHA,H,76,INFLOW,20150106,0900,3890, ,CFS
SHA,H,76,INFLOW,20150106,1000,4555, ,CFS
SHA,H,76,INFLOW,20150106,1100,4728, ,CFS
SHA,H,76,INFLOW,20150106,1200,4689, ,CFS
SHA,H,76,INFLOW,20150106,1300,2829, ,CFS
SHA,H,76,INFLOW,20150106,1400,642, ,CFS
SHA,H,76,INFLOW,20150106,1500,2837, ,CFS
SHA,H,76,INFLOW,20150106,1600,2941, ,CFS
SHA,H,76,INFLOW,20150106,1700,2879, ,CFS
SHA,H,76,INFLOW,20150106,1800,4589, ,CFS
SHA,H,76,INFLOW,20150106,1900,4158, ,CFS
SHA,H,76,INFLOW,20150106,2000,6363, ,CFS
SHA,H,76,INFLOW,20150106,2100,4385, ,CFS
SHA,H,76,INFLOW,20150106,2200,5683, ,CFS
SHA,H,76,INFLOW,20150106,2300,6618, ,CFS
SHA,H,76,INFLOW,20150107,0000,3811, ,CFS
SHA,H,76,INFLOW,20150107,0100,5976, ,CFS
SHA,H,76,INFLOW,20150107,0200,5661, ,CFS
SHA,H,76,INFLOW,20150107,0300,5740, ,CFS
SHA,H,76,INFLOW,20150107,0400,5151, ,CFS
SHA,H,76,INFLOW,20150107,0500,7438, ,CFS
SHA,H,76,INFLOW,20150107,0600,3730, ,CFS
SHA,H,76,INFLOW,20150107,0700,4468, ,CFS
SHA,H,76,INFLOW,20150107,0800,6710, ,CFS
SHA,H,76,INFLOW,20150107,0900,3005, ,CFS
SHA,H,76,INFLOW,20150107,1000,6954, ,CFS
SHA,H,76,INFLOW,20150107,1100,2481, ,CFS
SHA,H,76,INFLOW,20150107,1200,4557, ,CFS
SHA,H,76,INFLOW,20150107,1300,2484, ,CFS
SHA,H,76,INFLOW,20150107,1400,2701, ,CFS
SHA,H,76,INFLOW,20150107,1500,2663, ,CFS
SHA,H,76,INFLOW,20150107,1600,4392, ,CFS
SHA,H,76,INFLOW,20150107,1700,6176, ,CFS
SHA,H,76,INFLOW,20150107,1800,5933, ,CFS
SHA,H,76,INFLOW,20150107,1900,3725, ,CFS
SHA,H,76,INFLOW,20150107,2000,5615, ,CFS
SHA,H,76,INFLOW,20150107,2100,6915, ,CFS
SHA,H,76,INFLOW,20150107,2200,2823, ,CFS
SHA,H,76,INFLOW,20150107,2300,6776, ,CFS
SHA,H,76,INFLOW,20150108,0000,4640, ,CFS
SHA,H,76,INFLOW,20150108,0100,4657, ,CFS
SHA,H,76,INFLOW,20150108,0200,4513, ,CFS
SHA,H,76,INFLOW,20150108,0300,6491, ,CFS
SHA,H,76,INFLOW,20150108,0400,4466, ,CFS
SHA,H,76,INFLOW,20150108,0500,6598, ,CFS
SHA,H,76,INFLOW,20150108,0600,2784, ,CFS
SHA,H,76,INFLOW,20150108,0700,4915, ,CFS
SHA,H,76,INFLOW,20150108,0800,4288, ,CFS
SHA,H,76,INFLOW,20150108,0900,6471, ,CFS
SHA,H,76,INFLOW,20150108,1000,4362, ,CFS
SHA,H,76,INFLOW,20150108,1100,2518, ,CFS
SHA,H,76,INFLOW,20150108,1200,8623, ,CFS
SHA,H,76,INFLOW,20150108,1300,562, ,CFS
SHA,H,76,INFLOW,20150108,1400,8626, ,CFS
SHA,H,76,INFLOW,20150108,1500,-1494, ,CFS
SHA,H,76,INFLOW,20150108,1600,8542, ,CFS
SHA,H,76,INFLOW,20150108,1700,7012, ,CFS
SHA,H,76,INFLOW,20150108,1800,7746, ,CFS
SHA,H,76,INFLOW,20150108,1900,877, ,CFS
SHA,H,76,INFLOW,20150108,2000,8392, ,CFS
SHA,H,76,INFLOW,20150108,2100,2976, ,CFS
SHA,H,76,INFLOW,20150108,2200,6589, ,CFS
SHA,H,76,INFLOW,20150108,2300,3507, ,CFS
SHA,H,76,INFLOW,20150109,0000,9063, ,CFS
SHA,H,76,INFLOW,20150109,0100,-1478, ,CFS
SHA,H,76,INFLOW,20150109,0200,7545, ,CFS
SHA,H,76,INFLOW,20150109,0300,7506, ,CFS
SHA,H,76,INFLOW,20150109,0400,3482, ,CFS
SHA,H,76,INFLOW,20150109,0500,5600, ,CFS
SHA,H,76,INFLOW,20150109,0600,3944, ,CFS
SHA,H,76,INFLOW,20150109,0700,3036, ,CFS
SHA,H,76,INFLOW,20150109,0800,7899, ,CFS
SHA,H,76,INFLOW,20150109,0900,2791, ,CFS
SHA,H,76,INFLOW,20150109,1000,5438, ,CFS
SHA,H,76,INFLOW,20150109,1100,5408, ,CFS
SHA,H,76,INFLOW,20150109,1200,3159, ,CFS
SHA,H,76,INFLOW,20150109,1300,6854, ,CFS
SHA,H,76,INFLOW,20150109,1400,2746, ,CFS
SHA,H,76,INFLOW,20150109,1500,4376, ,CFS
SHA,H,76,INFLOW,20150109,1600,4536, ,CFS
SHA,H,76,INFLOW,20150109,1700,5060, ,CFS
SHA,H,76,INFLOW,20150109,1800,8695, ,CFS
SHA,H,76,INFLOW,20150109,1900,3400, ,CFS
SHA,H,76,INFLOW,20150109,2000,6372, ,CFS
SHA,H,76,INFLOW,20150109,2100,4801, ,CFS
SHA,H,76,INFLOW,20150109,2200,3506, ,CFS
SHA,H,76,INFLOW,20150109,2300,8441, ,CFS
SHA,H,76,INFLOW,20150110,0000,3867, ,CFS
SHA,H,76,INFLOW,20150110,0100,8134, ,CFS
SHA,H,76,INFLOW,20150110,0200,1839, ,CFS
SHA,H,76,INFLOW,20150110,0300,7759, ,CFS
SHA,H,76,INFLOW,20150110,0400,3534, ,CFS
SHA,H,76,INFLOW,20150110,0500,3761, ,CFS
SHA,H,76,INFLOW,20150110,0600,6109, ,CFS
SHA,H,76,INFLOW,20150110,0700,4435, ,CFS
SHA,H,76,INFLOW,20150110,0800,6441, ,CFS
SHA,H,76,INFLOW,20150110,0900,2649, ,CFS
SHA,H,76,INFLOW,20150110,1000,4967, ,CFS
SHA,H,76,INFLOW,20150110,1100,5044, ,CFS
SHA,H,76,INFLOW,20150110,1200,2893, ,CFS
SHA,H,76,INFLOW,20150110,1300,6893, ,CFS
SHA,H,76,INFLOW,20150110,1400,5001, ,CFS
SHA,H,76,INFLOW,20150110,1500,4857, ,CFS
SHA,H,76,INFLOW,20150110,1600,6701, ,CFS
SHA,H,76,INFLOW,20150110,1700,3176, ,CFS
SHA,H,76,INFLOW,20150110,1800,8504, ,CFS
SHA,H,76,INFLOW,20150110,1900,2037, ,CFS
SHA,H,76,INFLOW,20150110,2000,6138, ,CFS
SHA,H,76,INFLOW,20150110,2100,4449, ,CFS
SHA,H,76,INFLOW,20150110,2200,7056, ,CFS
SHA,H,76,INFLOW,20150110,2300,10047, ,CFS
SHA,H,76,INFLOW,20150111,0000,9847, ,CFS
SHA,H,76,INFLOW,20150111,0100,7748, ,CFS
SHA,H,76,INFLOW,20150111,0200,11534, ,CFS
SHA,H,76,INFLOW,20150111,0300,7411, ,CFS
SHA,H,76,INFLOW,20150111,0400,3270, ,CFS
SHA,H,76,INFLOW,20150111,0500,7477, ,CFS
SHA,H,76,INFLOW,20150111,0600,4035, ,CFS
SHA,H,76,INFLOW,20150111,0700,6653, ,CFS
SHA,H,76,INFLOW,20150111,0800,7031, ,CFS
SHA,H,76,INFLOW,20150111,0900,5020, ,CFS
SHA,H,76,INFLOW,20150111,1000,5090, ,CFS
SHA,H,76,INFLOW,20150111,1100,2837, ,CFS
SHA,H,76,INFLOW,20150111,1200,2699, ,CFS
SHA,H,76,INFLOW,20150111,1300,2709, ,CFS
SHA,H,76,INFLOW,20150111,1400,2710, ,CFS
SHA,H,76,INFLOW,20150111,1500,2820, ,CFS
SHA,H,76,INFLOW,20150111,1600,887, ,CFS
SHA,H,76,INFLOW,20150111,1700,235, ,CFS
SHA,H,76,INFLOW,20150111,1800,8046, ,CFS
SHA,H,76,INFLOW,20150111,1900,2892, ,CFS
SHA,H,76,INFLOW,20150111,2000,8879, ,CFS
SHA,H,76,INFLOW,20150111,2100,2665, ,CFS
SHA,H,76,INFLOW,20150111,2200,4203, ,CFS
SHA,H,76,INFLOW,20150111,2300,8185, ,CFS
SHA,H,76,INFLOW,20150112,0000,3552, ,CFS
SHA,H,76,INFLOW,20150112,0100,6908, ,CFS
SHA,H,76,INFLOW,20150112,0200,4826, ,CFS
SHA,H,76,INFLOW,20150112,0300,4785, ,CFS
SHA,H,76,INFLOW,20150112,0400,9155, ,CFS
SHA,H,76,INFLOW,20150112,0500,1504, ,CFS
SHA,H,76,INFLOW,20150112,0600,8629, ,CFS
SHA,H,76,INFLOW,20150112,0700,3313, ,CFS
SHA,H,76,INFLOW,20150112,0800,5840, ,CFS
SHA,H,76,INFLOW,20150112,0900,4545, ,CFS
SHA,H,76,INFLOW,20150112,1000,6217, ,CFS
SHA,H,76,INFLOW,20150112,1100,1660, ,CFS
SHA,H,76,INFLOW,20150112,1200,7286, ,CFS
SHA,H,76,INFLOW,20150112,1300,2608, ,CFS
SHA,H,76,INFLOW,20150112,1400,8612, ,CFS
SHA,H,76,INFLOW,20150112,1500,7272, ,CFS
SHA,H,76,INFLOW,20150112,1600,3180, ,CFS
SHA,H,76,INFLOW,20150112,1700,6093, ,CFS
SHA,H,76,INFLOW,20150112,1800,4995, ,CFS
SHA,H,76,INFLOW,20150112,1900,4839, ,CFS
SHA,H,76,INFLOW,20150112,2000,9881, ,CFS
SHA,H,76,INFLOW,20150112,2100,1650, ,CFS
SHA,H,76,INFLOW,20150112,2200,7407, ,CFS
SHA,H,76,INFLOW,20150112,2300,1878, ,CFS
SHA,H,76,INFLOW,20150113,0000,7837, ,CFS
SHA,H,76,INFLOW,20150113,0100,3247, ,CFS
SHA,H,76,INFLOW,20150113,0200,5179, ,CFS
SHA,H,76,INFLOW,20150113,0300,6999, ,CFS
SHA,H,76,INFLOW,20150113,0400,3273, ,CFS
SHA,H,76,INFLOW,20150113,0500,1965, ,CFS
SHA,H,76,INFLOW,20150113,0600,2682, ,CFS
SHA,H,76,INFLOW,20150113,0700,-208, ,CFS
SHA,H,76,INFLOW,20150113,0800,6561, ,CFS
SHA,H,76,INFLOW,20150113,0900,3558, ,CFS
SHA,H,76,INFLOW,20150113,1000,4372, ,CFS
SHA,H,76,INFLOW,20150113,1100,2236, ,CFS
SHA,H,76,INFLOW,20150113,1200,4215, ,CFS
SHA,H,76,INFLOW,20150113,1300,4220, ,CFS
SHA,H,76,INFLOW,20150113,1400,2270, ,CFS
SHA,H,76,INFLOW,20150113,1500,-1725, ,CFS
SHA,H,76,INFLOW,20150113,1600,2555, ,CFS
SHA,H,76,INFLOW,20150113,1700,3244, ,CFS
SHA,H,76,INFLOW,20150113,1800,3846, ,CFS
SHA,H,76,INFLOW,20150113,1900,6878, ,CFS
SHA,H,76,INFLOW,20150113,2000,4186, ,CFS
SHA,H,76,INFLOW,20150113,2100,2511, ,CFS
SHA,H,76,INFLOW,20150113,2200,8219, ,CFS
SHA,H,76,INFLOW,20150113,2300,5051, ,CFS
SHA,H,76,INFLOW,20150114,0000,4821, ,CFS
SHA,H,76,INFLOW,20150114,0100,5941, ,CFS
SHA,H,76,INFLOW,20150114,0200,1458, ,CFS
SHA,H,76,INFLOW,20150114,0300,3439, ,CFS
SHA,H,76,INFLOW,20150114,0400,3920, ,CFS
SHA,H,76,INFLOW,20150114,0500,4013, ,CFS
SHA,H,76,INFLOW,20150114,0600,2830, ,CFS
SHA,H,76,INFLOW,20150114,0700,1878, ,CFS
SHA,H,76,INFLOW,20150114,0800,8136, ,CFS
SHA,H,76,INFLOW,20150114,0900,1342, ,CFS
SHA,H,76,INFLOW,20150114,1000,6893, ,CFS
SHA,H,76,INFLOW,20150114,1100,2783, ,CFS
SHA,H,76,INFLOW,20150114,1200,2318, ,CFS
SHA,H,76,INFLOW,20150114,1300,5665, ,CFS
SHA,H,76,INFLOW,20150114,1400,1489, ,CFS
SHA,H,76,INFLOW,20150114,1500,2918, ,CFS
SHA,H,76,INFLOW,20150114,1600,2694, ,CFS
SHA,H,76,INFLOW,20150114,1700,3329, ,CFS
SHA,H,76,INFLOW,20150114,1800,5923, ,CFS
SHA,H,76,INFLOW,20150114,1900,4493, ,CFS
SHA,H,76,INFLOW,20150114,2000,2509, ,CFS
SHA,H,76,INFLOW,20150114,2100,6564, ,CFS
SHA,H,76,INFLOW,20150114,2200,4538, ,CFS
SHA,H,76,INFLOW,20150114,2300,169, ,CFS
SHA,H,76,INFLOW,20150115,0000,9787, ,CFS
SHA,H,76,INFLOW,20150115,0100,743, ,CFS
SHA,H,76,INFLOW,20150115,0200,2256, ,CFS
SHA,H,76,INFLOW,20150115,0300,10343, ,CFS
SHA,H,76,INFLOW,20150115,0400,-1806, ,CFS
SHA,H,76,INFLOW,20150115,0500,2500, ,CFS
SHA,H,76,INFLOW,20150115,0600,4609, ,CFS
SHA,H,76,INFLOW,20150115,0700,2457, ,CFS
SHA,H,76,INFLOW,20150115,0800,4281, ,CFS
SHA,H,76,INFLOW,20150115,0900,6335, ,CFS
SHA,H,76,INFLOW,20150115,1000,5163, ,CFS
SHA,H,76,INFLOW,20150115,1100,654, ,CFS
SHA,H,76,INFLOW,20150115,1200,7076, ,CFS
SHA,H,76,INFLOW,20150115,1300,2459, ,CFS
SHA,H,76,INFLOW,20150115,1400,2152, ,CFS
SHA,H,76,INFLOW,20150115,1500,6251, ,CFS
SHA,H,76,INFLOW,20150115,1600,2251, ,CFS
SHA,H,76,INFLOW,20150115,1700,1158, ,CFS
SHA,H,76,INFLOW,20150115,1800,6752, ,CFS
SHA,H,76,INFLOW,20150115,1900,4454, ,CFS
SHA,H,76,INFLOW,20150115,2000,4602, ,CFS
SHA,H,76,INFLOW,20150115,2100,8503, ,CFS
SHA,H,76,INFLOW,20150115,2200,5101, ,CFS
SHA,H,76,INFLOW,20150115,2300,1306, ,CFS
SHA,H,76,INFLOW,20150116,0000,5081, ,CFS
SHA,H,76,INFLOW,20150116,0100,7896, ,CFS
SHA,H,76,INFLOW,20150116,0200,-6195, ,CFS
SHA,H,76,INFLOW,20150116,0300,22327, ,CFS
SHA,H,76,INFLOW,20150116,0400,-1982, ,CFS
SHA,H,76,INFLOW,20150116,0500,-1803, ,CFS
SHA,H,76,INFLOW,20150116,0600,8281, ,CFS
SHA,H,76,INFLOW,20150116,0700,-1649, ,CFS
SHA,H,76,INFLOW,20150116,0800,10745, ,CFS
SHA,H,76,INFLOW,20150116,0900,4538, ,CFS
SHA,H,76,INFLOW,20150116,1000,6855, ,CFS
SHA,H,76,INFLOW,20150116,1100,716, ,CFS
SHA,H,76,INFLOW,20150116,1200,6878, ,CFS
SHA,H,76,INFLOW,20150116,1300,2649, ,CFS
SHA,H,76,INFLOW,20150116,1400,6475, ,CFS
SHA,H,76,INFLOW,20150116,1500,4457, ,CFS
SHA,H,76,INFLOW,20150116,1600,293, ,CFS
SHA,H,76,INFLOW,20150116,1700,5111, ,CFS
SHA,H,76,INFLOW,20150116,1800,5597, ,CFS
SHA,H,76,INFLOW,20150116,1900,7650, ,CFS
SHA,H,76,INFLOW,20150116,2000,4722, ,CFS
SHA,H,76,INFLOW,20150116,2100,6226, ,CFS
SHA,H,76,INFLOW,20150116,2200,5150, ,CFS
SHA,H,76,INFLOW,20150116,2300,604, ,CFS
SHA,H,76,INFLOW,20150117,0000,8870, ,CFS
SHA,H,76,INFLOW,20150117,0100,4515, ,CFS
SHA,H,76,INFLOW,20150117,0200,6071, ,CFS
SHA,H,76,INFLOW,20150117,0300,7971, ,CFS
SHA,H,76,INFLOW,20150117,0400,2024, ,CFS
SHA,H,76,INFLOW,20150117,0500,6306, ,CFS
SHA,H,76,INFLOW,20150117,0600,6288, ,CFS
SHA,H,76,INFLOW,20150117,0700,2052, ,CFS
SHA,H,76,INFLOW,20150117,0800,10144, ,CFS
SHA,H,76,INFLOW,20150117,0900,2230, ,CFS
SHA,H,76,INFLOW,20150117,1000,2878, ,CFS
SHA,H,76,INFLOW,20150117,1100,9003, ,CFS
SHA,H,76,INFLOW,20150117,1200,2503, ,CFS
SHA,H,76,INFLOW,20150117,1300,8406, ,CFS
SHA,H,76,INFLOW,20150117,1400,2507, ,CFS
SHA,H,76,INFLOW,20150117,1500,195, ,CFS
SHA,H,76,INFLOW,20150117,1600,8216, ,CFS
SHA,H,76,INFLOW,20150117,1700,830, ,CFS
SHA,H,76,INFLOW,20150117,1800,8009, ,CFS
SHA,H,76,INFLOW,20150117,1900,6044, ,CFS
SHA,H,76,INFLOW,20150117,2000,6416, ,CFS
SHA,H,76,INFLOW,20150117,2100,5981, ,CFS
SHA,H,76,INFLOW,20150117,2200,3949, ,CFS
SHA,H,76,INFLOW,20150117,2300,7691, ,CFS
SHA,H,76,INFLOW,20150118,0000,5360, ,CFS
SHA,H,76,INFLOW,20150118,0100,2752, ,CFS
SHA,H,76,INFLOW,20150118,0200,2448, ,CFS
SHA,H,76,INFLOW,20150118,0300,4440, ,CFS
SHA,H,76,INFLOW,20150118,0400,6691, ,CFS
SHA,H,76,INFLOW,20150118,0500,4885, ,CFS
SHA,H,76,INFLOW,20150118,0600,5227, ,CFS
SHA,H,76,INFLOW,20150118,0700,3594, ,CFS
SHA,H,76,INFLOW,20150118,0800,5749, ,CFS
SHA,H,76,INFLOW,20150118,0900,7799, ,CFS
SHA,H,76,INFLOW,20150118,1000,-105, ,CFS
SHA,H,76,INFLOW,20150118,1100,2907, ,CFS
SHA,H,76,INFLOW,20150118,1200,6085, ,CFS
SHA,H,76,INFLOW,20150118,1300,-2395, ,CFS
SHA,H,76,INFLOW,20150118,1400,11956, ,CFS
SHA,H,76,INFLOW,20150118,1500,-2631, ,CFS
SHA,H,76,INFLOW,20150118,1600,5798, ,CFS
SHA,H,76,INFLOW,20150118,1700,-199, ,CFS
SHA,H,76,INFLOW,20150118,1800,35, ,CFS
SHA,H,76,INFLOW,20150118,1900,12953, ,CFS
SHA,H,76,INFLOW,20150118,2000,5039, ,CFS
SHA,H,76,INFLOW,20150118,2100,10656, ,CFS
SHA,H,76,INFLOW,20150118,2200,2489, ,CFS
SHA,H,76,INFLOW,20150118,2300,2852, ,CFS
SHA,H,76,INFLOW,20150119,0000,14747, ,CFS
SHA,H,76,INFLOW,20150119,0100,-62, ,CFS
SHA,H,76,INFLOW,20150119,0200,8054, ,CFS
SHA,H,76,INFLOW,20150119,0300,5950, ,CFS
SHA,H,76,INFLOW,20150119,0400,4124, ,CFS
SHA,H,76,INFLOW,20150119,0500,6491, ,CFS
SHA,H,76,INFLOW,20150119,0600,2666, ,CFS
SHA,H,76,INFLOW,20150119,0700,3592, ,CFS
SHA,H,76,INFLOW,20150119,0800,3235, ,CFS
SHA,H,76,INFLOW,20150119,0900,8545, ,CFS
SHA,H,76,INFLOW,20150119,1000,-39, ,CFS
SHA,H,76,INFLOW,20150119,1100,5970, ,CFS
SHA,H,76,INFLOW,20150119,1200,6307, ,CFS
SHA,H,76,INFLOW,20150119,1300,-1332, ,CFS
SHA,H,76,INFLOW,20150119,1400,8486, ,CFS
SHA,H,76,INFLOW,20150119,1500,2166, ,CFS
SHA,H,76,INFLOW,20150119,1600,2417, ,CFS
SHA,H,76,INFLOW,20150119,1700,5454, ,CFS
SHA,H,76,INFLOW,20150119,1800,6349, ,CFS
SHA,H,76,INFLOW,20150119,1900,2808, ,CFS
SHA,H,76,INFLOW,20150119,2000,11421, ,CFS
SHA,H,76,INFLOW,20150119,2100,8703, ,CFS
SHA,H,76,INFLOW,20150119,2200,1713, ,CFS
SHA,H,76,INFLOW,20150119,2300,14610, ,CFS
SHA,H,76,INFLOW,20150120,0000,-611, ,CFS
SHA,H,76,INFLOW,20150120,0100,3832, ,CFS
SHA,H,76,INFLOW,20150120,0200,9923, ,CFS
SHA,H,76,INFLOW,20150120,0300,-758, ,CFS
SHA,H,76,INFLOW,20150120,0400,3287, ,CFS
SHA,H,76,INFLOW,20150120,0500,5699, ,CFS
SHA,H,76,INFLOW,20150120,0600,2780, ,CFS
SHA,H,76,INFLOW,20150120,0700,1714, ,CFS
SHA,H,76,INFLOW,20150120,0800,12967, ,CFS
SHA,H,76,INFLOW,20150120,0900,5742, ,CFS
SHA,H,76,INFLOW,20150120,1000,10055, ,CFS
SHA,H,76,INFLOW,20150120,1100,4115, ,CFS
SHA,H,76,INFLOW,20150120,1200,8194, ,CFS
SHA,H,76,INFLOW,20150120,1300,6489, ,CFS
SHA,H,76,INFLOW,20150120,1400,4288, ,CFS
SHA,H,76,INFLOW,20150120,1500,4102, ,CFS
SHA,H,76,INFLOW,20150120,1600,1852, ,CFS
SHA,H,76,INFLOW,20150120,1700,7126, ,CFS
SHA,H,76,INFLOW,20150120,1800,9279, ,CFS
SHA,H,76,INFLOW,20150120,1900,7498, ,CFS
SHA,H,76,INFLOW,20150120,2000,10970, ,CFS
SHA,H,76,INFLOW,20150120,2100,7256, ,CFS
SHA,H,76,INFLOW,20150120,2200,8770, ,CFS
SHA,H,76,INFLOW,20150120,2300,10927, ,CFS
SHA,H,76,INFLOW,20150121,0000,4307, ,CFS
SHA,H,76,INFLOW,20150121,0100,7536, ,CFS
SHA,H,76,INFLOW,20150121,0200,13718, ,CFS
SHA,H,76,INFLOW,20150121,0300,3627, ,CFS
SHA,H,76,INFLOW,20150121,0400,5774, ,CFS
SHA,H,76,INFLOW,20150121,0500,3631, ,CFS
SHA,H,76,INFLOW,20150121,0600,-1609, ,CFS
SHA,H,76,INFLOW,20150121,0700,1711, ,CFS
SHA,H,76,INFLOW,20150121,0800,6944, ,CFS
SHA,H,76,INFLOW,20150121,0900,7594, ,CFS
SHA,H,76,INFLOW,20150121,1000,7253, ,CFS
SHA,H,76,INFLOW,20150121,1100,4875, ,CFS
SHA,H,76,INFLOW,20150121,1200,4912, ,CFS
SHA,H,76,INFLOW,20150121,1300,5606, ,CFS
SHA,H,76,INFLOW,20150121,1400,-961, ,CFS
SHA,H,76,INFLOW,20150121,1500,3503, ,CFS
SHA,H,76,INFLOW,20150121,1600,3342, ,CFS
SHA,H,76,INFLOW,20150121,1700,-1711, ,CFS
SHA,H,76,INFLOW,20150121,1800,5469, ,CFS
SHA,H,76,INFLOW,20150121,1900,10878, ,CFS
SHA,H,76,INFLOW,20150121,2000,5272, ,CFS
SHA,H,76,INFLOW,20150121,2100,9009, ,CFS
SHA,H,76,INFLOW,20150121,2200,7990, ,CFS
SHA,H,76,INFLOW,20150121,2300,6303, ,CFS
SHA,H,76,INFLOW,20150122,0000,6234, ,CFS
SHA,H,76,INFLOW,20150122,0100,5695, ,CFS
SHA,H,76,INFLOW,20150122,0200,1636, ,CFS
SHA,H,76,INFLOW,20150122,0300,5968, ,CFS
SHA,H,76,INFLOW,20150122,0400,4154, ,CFS
SHA,H,76,INFLOW,20150122,0500,-111, ,CFS
SHA,H,76,INFLOW,20150122,0600,4422, ,CFS
SHA,H,76,INFLOW,20150122,0700,5173, ,CFS
SHA,H,76,INFLOW,20150122,0800,-1026, ,CFS
SHA,H,76,INFLOW,20150122,0900,11298, ,CFS
SHA,H,76,INFLOW,20150122,1000,9237, ,CFS
SHA,H,76,INFLOW,20150122,1100,4991, ,CFS
SHA,H,76,INFLOW,20150122,1200,5083, ,CFS
SHA,H,76,INFLOW,20150122,1300,2606, ,CFS
SHA,H,76,INFLOW,20150122,1400,4428, ,CFS
SHA,H,76,INFLOW,20150122,1500,2275, ,CFS
SHA,H,76,INFLOW,20150122,1600,4207, ,CFS
SHA,H,76,INFLOW,20150122,1700,86, ,CFS
SHA,H,76,INFLOW,20150122,1800,2146, ,CFS
SHA,H,76,INFLOW,20150122,1900,12524, ,CFS
SHA,H,76,INFLOW,20150122,2000,11841, ,CFS
SHA,H,76,INFLOW,20150122,2100,3571, ,CFS
SHA,H,76,INFLOW,20150122,2200,13766, ,CFS
SHA,H,76,INFLOW,20150122,2300,5897, ,CFS
SHA,H,76,INFLOW,20150123,0000,5955, ,CFS
SHA,H,76,INFLOW,20150123,0100,6002, ,CFS
SHA,H,76,INFLOW,20150123,0200,3822, ,CFS
SHA,H,76,INFLOW,20150123,0300,1735, ,CFS
SHA,H,76,INFLOW,20150123,0400,3965, ,CFS
SHA,H,76,INFLOW,20150123,0500,4055, ,CFS
SHA,H,76,INFLOW,20150123,0600,540, ,CFS
SHA,H,76,INFLOW,20150123,0700,3421, ,CFS
SHA,H,76,INFLOW,20150123,0800,8955, ,CFS
SHA,H,76,INFLOW,20150123,0900,7661, ,CFS
SHA,H,76,INFLOW,20150123,1000,9349, ,CFS
SHA,H,76,INFLOW,20150123,1100,5173, ,CFS
SHA,H,76,INFLOW,20150123,1200,2783, ,CFS
SHA,H,76,INFLOW,20150123,1300,4529, ,CFS
SHA,H,76,INFLOW,20150123,1400,2183, ,CFS
SHA,H,76,INFLOW,20150123,1500,860, ,CFS
SHA,H,76,INFLOW,20150123,1600,7413, ,CFS
SHA,H,76,INFLOW,20150123,1700,-5217, ,CFS
SHA,H,76,INFLOW,20150123,1800,6958, ,CFS
SHA,H,76,INFLOW,20150123,1900,9924, ,CFS
SHA,H,76,INFLOW,20150123,2000,9801, ,CFS
SHA,H,76,INFLOW,20150123,2100,6702, ,CFS
SHA,H,76,INFLOW,20150123,2200,8479, ,CFS
SHA,H,76,INFLOW,20150123,2300,8711, ,CFS
SHA,H,76,INFLOW,20150124,0000,8274, ,CFS
SHA,H,76,INFLOW,20150124,0100,6211, ,CFS
SHA,H,76,INFLOW,20150124,0200,1998, ,CFS
SHA,H,76,INFLOW,20150124,0300,6067, ,CFS
SHA,H,76,INFLOW,20150124,0400,1915, ,CFS
SHA,H,76,INFLOW,20150124,0500,6094, ,CFS
SHA,H,76,INFLOW,20150124,0600,338, ,CFS
SHA,H,76,INFLOW,20150124,0700,2572, ,CFS
SHA,H,76,INFLOW,20150124,0800,6886, ,CFS
SHA,H,76,INFLOW,20150124,0900,9193, ,CFS
SHA,H,76,INFLOW,20150124,1000,1220, ,CFS
SHA,H,76,INFLOW,20150124,1100,3259, ,CFS
SHA,H,76,INFLOW,20150124,1200,5543, ,CFS
SHA,H,76,INFLOW,20150124,1300,-711, ,CFS
SHA,H,76,INFLOW,20150124,1400,1685, ,CFS
SHA,H,76,INFLOW,20150124,1500,5413, ,CFS
SHA,H,76,INFLOW,20150124,1600,3337, ,CFS
SHA,H,76,INFLOW,20150124,1700,-118, ,CFS
SHA,H,76,INFLOW,20150124,1800,6479, ,CFS
SHA,H,76,INFLOW,20150124,1900,7104, ,CFS
SHA,H,76,INFLOW,20150124,2000,7116, ,CFS
SHA,H,76,INFLOW,20150124,2100,11460, ,CFS
SHA,H,76,INFLOW,20150124,2200,702, ,CFS
SHA,H,76,INFLOW,20150124,2300,11693, ,CFS
SHA,H,76,INFLOW,20150125,0000,7752, ,CFS
SHA,H,76,INFLOW,20150125,0100,8761, ,CFS
SHA,H,76,INFLOW,20150125,0200,2466, ,CFS
SHA,H,76,INFLOW,20150125,0300,6512, ,CFS
SHA,H,76,INFLOW,20150125,0400,4604, ,CFS
SHA,H,76,INFLOW,20150125,0500,499, ,CFS
SHA,H,76,INFLOW,20150125,0600,4745, ,CFS
SHA,H,76,INFLOW,20150125,0700,691, ,CFS
SHA,H,76,INFLOW,20150125,0800,6993, ,CFS
SHA,H,76,INFLOW,20150125,0900,11111, ,CFS
SHA,H,76,INFLOW,20150125,1000,3461, ,CFS
SHA,H,76,INFLOW,20150125,1100,962, ,CFS
SHA,H,76,INFLOW,20150125,1200,7018, ,CFS
SHA,H,76,INFLOW,20150125,1300,2293, ,CFS
SHA,H,76,INFLOW,20150125,1400,-732, ,CFS
SHA,H,76,INFLOW,20150125,1500,6385, ,CFS
SHA,H,76,INFLOW,20150125,1600,-1936, ,CFS
SHA,H,76,INFLOW,20150125,1700,6313, ,CFS
SHA,H,76,INFLOW,20150125,1800,6637, ,CFS
SHA,H,76,INFLOW,20150125,1900,6696, ,CFS
SHA,H,76,INFLOW,20150125,2000,12070, ,CFS
SHA,H,76,INFLOW,20150125,2100,4033, ,CFS
SHA,H,76,INFLOW,20150125,2200,8100, ,CFS
SHA,H,76,INFLOW,20150125,2300,9503, ,CFS
SHA,H,76,INFLOW,20150126,0000,7229, ,CFS
SHA,H,76,INFLOW,20150126,0100,4156, ,CFS
SHA,H,76,INFLOW,20150126,0200,6447, ,CFS
SHA,H,76,INFLOW,20150126,0300,4169, ,CFS
SHA,H,76,INFLOW,20150126,0400,151, ,CFS
SHA,H,76,INFLOW,20150126,0500,6739, ,CFS
SHA,H,76,INFLOW,20150126,0600,1018, ,CFS
SHA,H,76,INFLOW,20150126,0700,4636, ,CFS
SHA,H,76,INFLOW,20150126,0800,8993, ,CFS
SHA,H,76,INFLOW,20150126,0900,4564, ,CFS
SHA,H,76,INFLOW,20150126,1000,6621, ,CFS
SHA,H,76,INFLOW,20150126,1100,10657, ,CFS
SHA,H,76,INFLOW,20150126,1200,2242, ,CFS
SHA,H,76,INFLOW,20150126,1300,4143, ,CFS
SHA,H,76,INFLOW,20150126,1400,4627, ,CFS
SHA,H,76,INFLOW,20150126,1500,5649, ,CFS
SHA,H,76,INFLOW,20150126,1600,5375, ,CFS
SHA,H,76,INFLOW,20150126,1700,6907, ,CFS
SHA,H,76,INFLOW,20150126,1800,10411, ,CFS
SHA,H,76,INFLOW,20150126,1900,8297, ,CFS
SHA,H,76,INFLOW,20150126,2000,7101, ,CFS
SHA,H,76,INFLOW,20150126,2100,10492, ,CFS
SHA,H,76,INFLOW,20150126,2200,8525, ,CFS
SHA,H,76,INFLOW,20150126,2300,8340, ,CFS
SHA,H,76,INFLOW,20150127,0000,6103, ,CFS
SHA,H,76,INFLOW,20150127,0100,6285, ,CFS
SHA,H,76,INFLOW,20150127,0200,6244, ,CFS
SHA,H,76,INFLOW,20150127,0300,2238, ,CFS
SHA,H,76,INFLOW,20150127,0400,1591, ,CFS
SHA,H,76,INFLOW,20150127,0500,4005, ,CFS
SHA,H,76,INFLOW,20150127,0600,2775, ,CFS
SHA,H,76,INFLOW,20150127,0700,125, ,CFS
SHA,H,76,INFLOW,20150127,0800,3990, ,CFS
SHA,H,76,INFLOW,20150127,0900,8800, ,CFS
SHA,H,76,INFLOW,20150127,1000,7209, ,CFS
SHA,H,76,INFLOW,20150127,1100,6831, ,CFS
SHA,H,76,INFLOW,20150127,1200,4424, ,CFS
SHA,H,76,INFLOW,20150127,1300,508, ,CFS
SHA,H,76,INFLOW,20150127,1400,1804, ,CFS
SHA,H,76,INFLOW,20150127,1500,4093, ,CFS
SHA,H,76,INFLOW,20150127,1600,2128, ,CFS
SHA,H,76,INFLOW,20150127,1700,2686, ,CFS
SHA,H,76,INFLOW,20150127,1800,4181, ,CFS
SHA,H,76,INFLOW,20150127,1900,10181, ,CFS
SHA,H,76,INFLOW,20150127,2000,9913, ,CFS
SHA,H,76,INFLOW,20150127,2100,6327, ,CFS
SHA,H,76,INFLOW,20150127,2200,8658, ,CFS
SHA,H,76,INFLOW,20150127,2300,6424, ,CFS
SHA,H,76,INFLOW,20150128,0000,7234, ,CFS
SHA,H,76,INFLOW,20150128,0100,5152, ,CFS
SHA,H,76,INFLOW,20150128,0200,5034, ,CFS
SHA,H,76,INFLOW,20150128,0300,926, ,CFS
SHA,H,76,INFLOW,20150128,0400,2649, ,CFS
SHA,H,76,INFLOW,20150128,0500,4743, ,CFS
SHA,H,76,INFLOW,20150128,0600,520, ,CFS
SHA,H,76,INFLOW,20150128,0700,2480, ,CFS
SHA,H,76,INFLOW,20150128,0800,2726, ,CFS
SHA,H,76,INFLOW,20150128,0900,10594, ,CFS
SHA,H,76,INFLOW,20150128,1000,6439, ,CFS
SHA,H,76,INFLOW,20150128,1100,409, ,CFS
SHA,H,76,INFLOW,20150128,1200,2915, ,CFS
SHA,H,76,INFLOW,20150128,1300,1543, ,CFS
SHA,H,76,INFLOW,20150128,1400,3572, ,CFS
SHA,H,76,INFLOW,20150128,1500,3346, ,CFS
SHA,H,76,INFLOW,20150128,1600,3360, ,CFS
SHA,H,76,INFLOW,20150128,1700,5372, ,CFS
SHA,H,76,INFLOW,20150128,1800,6884, ,CFS
SHA,H,76,INFLOW,20150128,1900,12008, ,CFS
SHA,H,76,INFLOW,20150128,2000,4638, ,CFS
SHA,H,76,INFLOW,20150128,2100,12655, ,CFS
SHA,H,76,INFLOW,20150128,2200,5423, ,CFS
SHA,H,76,INFLOW,20150128,2300,11388, ,CFS
SHA,H,76,INFLOW,20150129,0000,681, ,CFS
SHA,H,76,INFLOW,20150129,0100,4301, ,CFS
SHA,H,76,INFLOW,20150129,0200,76, ,CFS
SHA,H,76,INFLOW,20150129,0300,4282, ,CFS
SHA,H,76,INFLOW,20150129,0400,2347, ,CFS
SHA,H,76,INFLOW,20150129,0500,451, ,CFS
SHA,H,76,INFLOW,20150129,0600,5027, ,CFS
SHA,H,76,INFLOW,20150129,0700,-537, ,CFS
SHA,H,76,INFLOW,20150129,0800,5394, ,CFS
SHA,H,76,INFLOW,20150129,0900,4199, ,CFS
SHA,H,76,INFLOW,20150129,1000,105831, ,CFS
SHA,H,76,INFLOW,20150129,1100,38, ,CFS
SHA,H,76,INFLOW,20150129,1200,3156, ,CFS
SHA,H,76,INFLOW,20150129,1300,5381, ,CFS
SHA,H,76,INFLOW,20150129,1400,437, ,CFS
SHA,H,76,INFLOW,20150129,1500,401, ,CFS
SHA,H,76,INFLOW,20150129,1600,4676, ,CFS
SHA,H,76,INFLOW,20150129,1700,-1442, ,CFS
SHA,H,76,INFLOW,20150129,1800,11296, ,CFS
SHA,H,76,INFLOW,20150129,1900,9536, ,CFS
SHA,H,76,INFLOW,20150129,2000,5595, ,CFS
SHA,H,76,INFLOW,20150129,2100,11632, ,CFS
SHA,H,76,INFLOW,20150129,2200,7795, ,CFS
SHA,H,76,INFLOW,20150129,2300,6184, ,CFS
SHA,H,76,INFLOW,20150130,0000,6010, ,CFS
SHA,H,76,INFLOW,20150130,0100,5887, ,CFS
SHA,H,76,INFLOW,20150130,0200,-728, ,CFS
SHA,H,76,INFLOW,20150130,0300,5578, ,CFS
SHA,H,76,INFLOW,20150130,0400,1446, ,CFS
SHA,H,76,INFLOW,20150130,0500,1820, ,CFS
SHA,H,76,INFLOW,20150130,0600,4415, ,CFS
SHA,H,76,INFLOW,20150130,0700,1092, ,CFS
SHA,H,76,INFLOW,20150130,0800,3715, ,CFS
SHA,H,76,INFLOW,20150130,0900,4577, ,CFS
SHA,H,76,INFLOW,20150130,1000,2265, ,CFS
SHA,H,76,INFLOW,20150130,1100,3476, ,CFS
SHA,H,76,INFLOW,20150130,1200,2835, ,CFS
SHA,H,76,INFLOW,20150130,1300,-1459, ,CFS
SHA,H,76,INFLOW,20150130,1400,3773, ,CFS
SHA,H,76,INFLOW,20150130,1500,-360, ,CFS
SHA,H,76,INFLOW,20150130,1600,2171, ,CFS
SHA,H,76,INFLOW,20150130,1700,2772, ,CFS
SHA,H,76,INFLOW,20150130,1800,477, ,CFS
SHA,H,76,INFLOW,20150130,1900,10803, ,CFS
SHA,H,76,INFLOW,20150130,2000,2762, ,CFS
SHA,H,76,INFLOW,20150130,2100,5124, ,CFS
SHA,H,76,INFLOW,20150130,2200,2995, ,CFS
SHA,H,76,INFLOW,20150130,2300,4986, ,CFS
SHA,H,76,INFLOW,20150131,0000,6485, ,CFS
SHA,H,76,INFLOW,20150131,0100,1202, ,CFS
SHA,H,76,INFLOW,20150131,0200,5071, ,CFS
SHA,H,76,INFLOW,20150131,0300,-737, ,CFS
SHA,H,76,INFLOW,20150131,0400,5594, ,CFS
SHA,H,76,INFLOW,20150131,0500,-329, ,CFS
SHA,H,76,INFLOW,20150131,0600,4172, ,CFS
SHA,H,76,INFLOW,20150131,0700,789, ,CFS
SHA,H,76,INFLOW,20150131,0800,1395, ,CFS
SHA,H,76,INFLOW,20150131,0900,2036, ,CFS
SHA,H,76,INFLOW,20150131,1000,3959, ,CFS
SHA,H,76,INFLOW,20150131,1100,1317, ,CFS
SHA,H,76,INFLOW,20150131,1200,1419, ,CFS
SHA,H,76,INFLOW,20150131,1300,3553, ,CFS
SHA,H,76,INFLOW,20150131,1400,-4488, ,CFS
SHA,H,76,INFLOW,20150131,1500,-418, ,CFS
SHA,H,76,INFLOW,20150131,1600,7893, ,CFS
SHA,H,76,INFLOW,20150131,1700,-1450, ,CFS
SHA,H,76,INFLOW,20150131,1800,5224, ,CFS
SHA,H,76,INFLOW,20150131,1900,2849, ,CFS
SHA,H,76,INFLOW,20150131,2000,4126, ,CFS
SHA,H,76,INFLOW,20150131,2100,5356, ,CFS
SHA,H,76,INFLOW,20150131,2200,4134, ,CFS
SHA,H,76,INFLOW,20150131,2300,7180, ,CFS
SHA,H,76,INFLOW,20150201,0000,490, ,CFS
SHA,H,76,INFLOW,20150201,0100,6816, ,CFS
SHA,H,76,INFLOW,20150201,0200,4074, ,CFS
SHA,H,76,INFLOW,20150201,0300,2296, ,CFS
SHA,H,76,INFLOW,20150201,0400,2453, ,CFS
SHA,H,76,INFLOW,20150201,0500,2411, ,CFS
SHA,H,76,INFLOW,20150201,0600,4532, ,CFS
SHA,H,76,INFLOW,20150201,0700,-1490, ,CFS
SHA,H,76,INFLOW,20150201,0800,6415, ,CFS
SHA,H,76,INFLOW,20150201,0900,-283, ,CFS
SHA,H,76,INFLOW,20150201,1000,3771, ,CFS
SHA,H,76,INFLOW,20150201,1100,5902, ,CFS
SHA,H,76,INFLOW,20150201,1200,-4668, ,CFS
SHA,H,76,INFLOW,20150201,1300,5673, ,CFS
SHA,H,76,INFLOW,20150201,1400,1035, ,CFS
SHA,H,76,INFLOW,20150201,1500,2969, ,CFS
SHA,H,76,INFLOW,20150201,1600,1638, ,CFS
SHA,H,76,INFLOW,20150201,1700,-2456, ,CFS
SHA,H,76,INFLOW,20150201,1800,8180, ,CFS
SHA,H,76,INFLOW,20150201,1900,-2284, ,CFS
SHA,H,76,INFLOW,20150201,2000,10339, ,CFS
SHA,H,76,INFLOW,20150201,2100,6449, ,CFS
SHA,H,76,INFLOW,20150201,2200,12069, ,CFS
SHA,H,76,INFLOW,20150201,2300,7114, ,CFS
SHA,H,76,INFLOW,20150202,0000,561, ,CFS
SHA,H,76,INFLOW,20150202,0100,5421, ,CFS
SHA,H,76,INFLOW,20150202,0200,2985, ,CFS
SHA,H,76,INFLOW,20150202,0300,816, ,CFS
SHA,H,76,INFLOW,20150202,0400,5397, ,CFS
SHA,H,76,INFLOW,20150202,0500,7834, ,CFS
SHA,H,76,INFLOW,20150202,0600,2087, ,CFS
SHA,H,76,INFLOW,20150202,0700,-2264, ,CFS
SHA,H,76,INFLOW,20150202,0800,4738, ,CFS
SHA,H,76,INFLOW,20150202,0900,384, ,CFS
SHA,H,76,INFLOW,20150202,1000,2279, ,CFS
SHA,H,76,INFLOW,20150202,1100,12606, ,CFS
SHA,H,76,INFLOW,20150202,1200,4018, ,CFS
SHA,H,76,INFLOW,20150202,1300,-118, ,CFS
SHA,H,76,INFLOW,20150202,1400,10321, ,CFS
SHA,H,76,INFLOW,20150202,1500,2518, ,CFS
SHA,H,76,INFLOW,20150202,1600,-986, ,CFS
SHA,H,76,INFLOW,20150202,1700,9295, ,CFS
SHA,H,76,INFLOW,20150202,1800,-4052, ,CFS
SHA,H,76,INFLOW,20150202,1900,16280, ,CFS
SHA,H,76,INFLOW,20150202,2000,-1260, ,CFS
SHA,H,76,INFLOW,20150202,2100,8393, ,CFS
SHA,H,76,INFLOW,20150202,2200,12698, ,CFS
SHA,H,76,INFLOW,20150202,2300,2134, ,CFS
SHA,H,76,INFLOW,20150203,0000,5828, ,CFS
SHA,H,76,INFLOW,20150203,0100,8235, ,CFS
SHA,H,76,INFLOW,20150203,0200,3757, ,CFS
SHA,H,76,INFLOW,20150203,0300,5995, ,CFS
SHA,H,76,INFLOW,20150203,0400,3551, ,CFS
SHA,H,76,INFLOW,20150203,0500,5808, ,CFS
SHA,H,76,INFLOW,20150203,0600,2642, ,CFS
SHA,H,76,INFLOW,20150203,0700,3566, ,CFS
SHA,H,76,INFLOW,20150203,0800,9278, ,CFS
SHA,H,76,INFLOW,20150203,0900,4241, ,CFS
SHA,H,76,INFLOW,20150203,1000,4033, ,CFS
SHA,H,76,INFLOW,20150203,1100,1928, ,CFS
SHA,H,76,INFLOW,20150203,1200,5825, ,CFS
SHA,H,76,INFLOW,20150203,1300,2316, ,CFS
SHA,H,76,INFLOW,20150203,1400,4503, ,CFS
SHA,H,76,INFLOW,20150203,1500,349, ,CFS
SHA,H,76,INFLOW,20150203,1600,2031, ,CFS
SHA,H,76,INFLOW,20150203,1700,5642, ,CFS
SHA,H,76,INFLOW,20150203,1800,4342, ,CFS
SHA,H,76,INFLOW,20150203,1900,11400, ,CFS
SHA,H,76,INFLOW,20150203,2000,2876, ,CFS
SHA,H,76,INFLOW,20150203,2100,11495, ,CFS
SHA,H,76,INFLOW,20150203,2200,5248, ,CFS
SHA,H,76,INFLOW,20150203,2300,3067, ,CFS
SHA,H,76,INFLOW,20150204,0000,7915, ,CFS
SHA,H,76,INFLOW,20150204,0100,592, ,CFS
SHA,H,76,INFLOW,20150204,0200,2629, ,CFS
SHA,H,76,INFLOW,20150204,0300,11018, ,CFS
SHA,H,76,INFLOW,20150204,0400,2332, ,CFS
SHA,H,76,INFLOW,20150204,0500,529, ,CFS
SHA,H,76,INFLOW,20150204,0600,6541, ,CFS
SHA,H,76,INFLOW,20150204,0700,1945, ,CFS
SHA,H,76,INFLOW,20150204,0800,8551, ,CFS
SHA,H,76,INFLOW,20150204,0900,10525, ,CFS
SHA,H,76,INFLOW,20150204,1000,2386, ,CFS
SHA,H,76,INFLOW,20150204,1100,14620, ,CFS
SHA,H,76,INFLOW,20150204,1200,8514, ,CFS
SHA,H,76,INFLOW,20150204,1300,8433, ,CFS
SHA,H,76,INFLOW,20150204,1400,4273, ,CFS
SHA,H,76,INFLOW,20150204,1500,8795, ,CFS
SHA,H,76,INFLOW,20150204,1600,4893, ,CFS
SHA,H,76,INFLOW,20150204,1700,12727, ,CFS
SHA,H,76,INFLOW,20150204,1800,4795, ,CFS
SHA,H,76,INFLOW,20150204,1900,13230, ,CFS
SHA,H,76,INFLOW,20150204,2000,8838, ,CFS
SHA,H,76,INFLOW,20150204,2100,10651, ,CFS
SHA,H,76,INFLOW,20150204,2200,6686, ,CFS
SHA,H,76,INFLOW,20150204,2300,12509, ,CFS
SHA,H,76,INFLOW,20150205,0000,3029, ,CFS
SHA,H,76,INFLOW,20150205,0100,11256, ,CFS
SHA,H,76,INFLOW,20150205,0200,2466, ,CFS
SHA,H,76,INFLOW,20150205,0300,10635, ,CFS
SHA,H,76,INFLOW,20150205,0400,2682, ,CFS
SHA,H,76,INFLOW,20150205,0500,-1236, ,CFS
SHA,H,76,INFLOW,20150205,0600,5383, ,CFS
SHA,H,76,INFLOW,20150205,0700,-1737, ,CFS
SHA,H,76,INFLOW,20150205,0800,11454, ,CFS
SHA,H,76,INFLOW,20150205,0900,15475, ,CFS
SHA,H,76,INFLOW,20150205,1000,5477, ,CFS
SHA,H,76,INFLOW,20150205,1100,11714, ,CFS
SHA,H,76,INFLOW,20150205,1200,3684, ,CFS
SHA,H,76,INFLOW,20150205,1300,8046, ,CFS
SHA,H,76,INFLOW,20150205,1400,11403, ,CFS
SHA,H,76,INFLOW,20150205,1500,9519, ,CFS
SHA,H,76,INFLOW,20150205,1600,6454, ,CFS
SHA,H,76,INFLOW,20150205,1700,2881, ,CFS
SHA,H,76,INFLOW,20150205,1800,18871, ,CFS
SHA,H,76,INFLOW,20150205,1900,4212, ,CFS
SHA,H,76,INFLOW,20150205,2000,11149, ,CFS
SHA,H,76,INFLOW,20150205,2100,5110, ,CFS
SHA,H,76,INFLOW,20150205,2200,4260, ,CFS
SHA,H,76,INFLOW,20150205,2300,9374, ,CFS
SHA,H,76,INFLOW,20150206,0000,10268, ,CFS
SHA,H,76,INFLOW,20150206,0100,11288, ,CFS
SHA,H,76,INFLOW,20150206,0200,6730, ,CFS
SHA,H,76,INFLOW,20150206,0300,11024, ,CFS
SHA,H,76,INFLOW,20150206,0400,15184, ,CFS
SHA,H,76,INFLOW,20150206,0500,14931, ,CFS
SHA,H,76,INFLOW,20150206,0600,4436, ,CFS
SHA,H,76,INFLOW,20150206,0700,10019, ,CFS
SHA,H,76,INFLOW,20150206,0800,24614, ,CFS
SHA,H,76,INFLOW,20150206,0900,-2523, ,CFS
SHA,H,76,INFLOW,20150206,1000,18805, ,CFS
SHA,H,76,INFLOW,20150206,1100,10828, ,CFS
SHA,H,76,INFLOW,20150206,1200,32058, ,CFS
SHA,H,76,INFLOW,20150206,1300,19024, ,CFS
SHA,H,76,INFLOW,20150206,1400,27456, ,CFS
SHA,H,76,INFLOW,20150206,1500,26921, ,CFS
SHA,H,76,INFLOW,20150206,1600,23347, ,CFS
SHA,H,76,INFLOW,20150206,1700,32065, ,CFS
SHA,H,76,INFLOW,20150206,1800,20914, ,CFS
SHA,H,76,INFLOW,20150206,1900,40255, ,CFS
SHA,H,76,INFLOW,20150206,2000,34093, ,CFS
SHA,H,76,INFLOW,20150206,2100,34168, ,CFS
SHA,H,76,INFLOW,20150206,2200,50743, ,CFS
SHA,H,76,INFLOW,20150206,2300,48795, ,CFS
SHA,H,76,INFLOW,20150207,0000,51045, ,CFS
SHA,H,76,INFLOW,20150207,0100,63794, ,CFS
SHA,H,76,INFLOW,20150207,0200,48920, ,CFS
SHA,H,76,INFLOW,20150207,0300,57636, ,CFS
SHA,H,76,INFLOW,20150207,0400,55625, ,CFS
SHA,H,76,INFLOW,20150207,0500,51350, ,CFS
SHA,H,76,INFLOW,20150207,0600,55625, ,CFS
SHA,H,76,INFLOW,20150207,0700,45112, ,CFS
SHA,H,76,INFLOW,20150207,0800,47339, ,CFS
SHA,H,76,INFLOW,20150207,0900,47339, ,CFS
SHA,H,76,INFLOW,20150207,1000,43040, ,CFS
SHA,H,76,INFLOW,20150207,1100,45189, ,CFS
SHA,H,76,INFLOW,20150207,1200,32466, ,CFS
SHA,H,76,INFLOW,20150207,1300,43291, ,CFS
SHA,H,76,INFLOW,20150207,1400,32479, ,CFS
SHA,H,76,INFLOW,20150207,1500,36804, ,CFS
SHA,H,76,INFLOW,20150207,1600,34641, ,CFS
SHA,H,76,INFLOW,20150207,1700,30438, ,CFS
SHA,H,76,INFLOW,20150207,1800,35099, ,CFS
SHA,H,76,INFLOW,20150207,1900,30359, ,CFS
SHA,H,76,INFLOW,20150207,2000,38777, ,CFS
SHA,H,76,INFLOW,20150207,2100,33234, ,CFS
SHA,H,76,INFLOW,20150207,2200,37958, ,CFS
SHA,H,76,INFLOW,20150207,2300,34916, ,CFS
SHA,H,76,INFLOW,20150208,0000,32720, ,CFS
SHA,H,76,INFLOW,20150208,0100,30674, ,CFS
SHA,H,76,INFLOW,20150208,0200,35050, ,CFS
SHA,H,76,INFLOW,20150208,0300,28485, ,CFS
SHA,H,76,INFLOW,20150208,0400,37238, ,CFS
SHA,H,76,INFLOW,20150208,0500,30674, ,CFS
SHA,H,76,INFLOW,20150208,0600,35050, ,CFS
SHA,H,76,INFLOW,20150208,0700,28575, ,CFS
SHA,H,76,INFLOW,20150208,0800,26451, ,CFS
SHA,H,76,INFLOW,20150208,0900,30853, ,CFS
SHA,H,76,INFLOW,20150208,1000,28652, ,CFS
SHA,H,76,INFLOW,20150208,1100,19849, ,CFS
SHA,H,76,INFLOW,20150208,1200,41858, ,CFS
SHA,H,76,INFLOW,20150208,1300,18419, ,CFS
SHA,H,76,INFLOW,20150208,1400,35595, ,CFS
SHA,H,76,INFLOW,20150208,1500,38679, ,CFS
SHA,H,76,INFLOW,20150208,1600,25111, ,CFS
SHA,H,76,INFLOW,20150208,1700,25324, ,CFS
SHA,H,76,INFLOW,20150208,1800,44680, ,CFS
SHA,H,76,INFLOW,20150208,1900,30378, ,CFS
SHA,H,76,INFLOW,20150208,2000,47572, ,CFS
SHA,H,76,INFLOW,20150208,2100,42399, ,CFS
SHA,H,76,INFLOW,20150208,2200,44829, ,CFS
SHA,H,76,INFLOW,20150208,2300,53623, ,CFS
SHA,H,76,INFLOW,20150209,0000,42490, ,CFS
SHA,H,76,INFLOW,20150209,0100,53561, ,CFS
SHA,H,76,INFLOW,20150209,0200,55969, ,CFS
SHA,H,76,INFLOW,20150209,0300,40457, ,CFS
SHA,H,76,INFLOW,20150209,0400,76403, ,CFS
SHA,H,76,INFLOW,20150209,0500,42884, ,CFS
SHA,H,76,INFLOW,20150209,0600,57068, ,CFS
SHA,H,76,INFLOW,20150209,0700,49672, ,CFS
SHA,H,76,INFLOW,20150209,0800,56534, ,CFS
SHA,H,76,INFLOW,20150209,0900,56160, ,CFS
SHA,H,76,INFLOW,20150209,1000,49732, ,CFS
SHA,H,76,INFLOW,20150209,1100,43420, ,CFS
SHA,H,76,INFLOW,20150209,1200,57262, ,CFS
SHA,H,76,INFLOW,20150209,1300,45979, ,CFS
SHA,H,76,INFLOW,20150209,1400,43570, ,CFS
SHA,H,76,INFLOW,20150209,1500,43509, ,CFS
SHA,H,76,INFLOW,20150209,1600,27683, ,CFS
SHA,H,76,INFLOW,20150209,1700,41238, ,CFS
SHA,H,76,INFLOW,20150209,1800,32639, ,CFS
SHA,H,76,INFLOW,20150209,1900,60953, ,CFS
SHA,H,76,INFLOW,20150209,2000,51481, ,CFS
SHA,H,76,INFLOW,20150209,2100,46827, ,CFS
SHA,H,76,INFLOW,20150209,2200,51057, ,CFS
SHA,H,76,INFLOW,20150209,2300,43637, ,CFS
SHA,H,76,INFLOW,20150210,0000,41306, ,CFS
SHA,H,76,INFLOW,20150210,0100,32156, ,CFS
SHA,H,76,INFLOW,20150210,0200,34442, ,CFS
SHA,H,76,INFLOW,20150210,0300,27607, ,CFS
SHA,H,76,INFLOW,20150210,0400,25427, ,CFS
SHA,H,76,INFLOW,20150210,0500,27922, ,CFS
SHA,H,76,INFLOW,20150210,0600,26131, ,CFS
SHA,H,76,INFLOW,20150210,0700,33030, ,CFS
SHA,H,76,INFLOW,20150210,0800,30053, ,CFS
SHA,H,76,INFLOW,20150210,0900,30028, ,CFS
SHA,H,76,INFLOW,20150210,1000,30016, ,CFS
SHA,H,76,INFLOW,20150210,1100,27787, ,CFS
SHA,H,76,INFLOW,20150210,1200,25760, ,CFS
SHA,H,76,INFLOW,20150210,1300,26034, ,CFS
SHA,H,76,INFLOW,20150210,1400,28063, ,CFS
SHA,H,76,INFLOW,20150210,1500,25632, ,CFS
SHA,H,76,INFLOW,20150210,1600,25679, ,CFS
SHA,H,76,INFLOW,20150210,1700,28469, ,CFS
SHA,H,76,INFLOW,20150210,1800,23485, ,CFS
SHA,H,76,INFLOW,20150210,1900,28451, ,CFS
SHA,H,76,INFLOW,20150210,2000,21662, ,CFS
SHA,H,76,INFLOW,20150210,2100,26049, ,CFS
SHA,H,76,INFLOW,20150210,2200,21516, ,CFS
SHA,H,76,INFLOW,20150210,2300,25815, ,CFS
SHA,H,76,INFLOW,20150211,0000,21042, ,CFS
SHA,H,76,INFLOW,20150211,0100,23384, ,CFS
SHA,H,76,INFLOW,20150211,0200,21037, ,CFS
SHA,H,76,INFLOW,20150211,0300,25726, ,CFS
SHA,H,76,INFLOW,20150211,0400,28029, ,CFS
SHA,H,76,INFLOW,20150211,0500,25718, ,CFS
SHA,H,76,INFLOW,20150211,0600,21088, ,CFS
SHA,H,76,INFLOW,20150211,0700,26732, ,CFS
SHA,H,76,INFLOW,20150211,0800,22579, ,CFS
SHA,H,76,INFLOW,20150211,0900,20435, ,CFS
SHA,H,76,INFLOW,20150211,1000,19088, ,CFS
SHA,H,76,INFLOW,20150211,1100,23530, ,CFS
SHA,H,76,INFLOW,20150211,1200,18838, ,CFS
SHA,H,76,INFLOW,20150211,1300,23523, ,CFS
SHA,H,76,INFLOW,20150211,1400,18918, ,CFS
SHA,H,76,INFLOW,20150211,1500,19190, ,CFS
SHA,H,76,INFLOW,20150211,1600,21206, ,CFS
SHA,H,76,INFLOW,20150211,1700,16745, ,CFS
SHA,H,76,INFLOW,20150211,1800,19914, ,CFS
SHA,H,76,INFLOW,20150211,1900,22386, ,CFS
SHA,H,76,INFLOW,20150211,2000,21030, ,CFS
SHA,H,76,INFLOW,20150211,2100,20018, ,CFS
SHA,H,76,INFLOW,20150211,2200,14524, ,CFS
SHA,H,76,INFLOW,20150211,2300,21329, ,CFS
SHA,H,76,INFLOW,20150212,0000,17473, ,CFS
SHA,H,76,INFLOW,20150212,0100,19886, ,CFS
SHA,H,76,INFLOW,20150212,0200,15074, ,CFS
SHA,H,76,INFLOW,20150212,0300,16825, ,CFS
SHA,H,76,INFLOW,20150212,0400,16603, ,CFS
SHA,H,76,INFLOW,20150212,0500,16674, ,CFS
SHA,H,76,INFLOW,20150212,0600,16890, ,CFS
SHA,H,76,INFLOW,20150212,0700,14524, ,CFS
SHA,H,76,INFLOW,20150212,0800,22929, ,CFS
SHA,H,76,INFLOW,20150212,0900,14475, ,CFS
SHA,H,76,INFLOW,20150212,1000,16667, ,CFS
SHA,H,76,INFLOW,20150212,1100,12388, ,CFS
SHA,H,76,INFLOW,20150212,1200,16938, ,CFS
SHA,H,76,INFLOW,20150212,1300,16673, ,CFS
SHA,H,76,INFLOW,20150212,1400,14291, ,CFS
SHA,H,76,INFLOW,20150212,1500,14285, ,CFS
SHA,H,76,INFLOW,20150212,1600,19035, ,CFS
SHA,H,76,INFLOW,20150212,1700,14486, ,CFS
SHA,H,76,INFLOW,20150212,1800,17925, ,CFS
SHA,H,76,INFLOW,20150212,1900,19251, ,CFS
SHA,H,76,INFLOW,20150212,2000,13375, ,CFS
SHA,H,76,INFLOW,20150212,2100,19187, ,CFS
SHA,H,76,INFLOW,20150212,2200,14425, ,CFS
SHA,H,76,INFLOW,20150212,2300,14619, ,CFS
SHA,H,76,INFLOW,20150213,0000,19239, ,CFS
SHA,H,76,INFLOW,20150213,0100,12022, ,CFS
SHA,H,76,INFLOW,20150213,0200,16899, ,CFS
SHA,H,76,INFLOW,20150213,0300,14643, ,CFS
SHA,H,76,INFLOW,20150213,0400,17180, ,CFS
SHA,H,76,INFLOW,20150213,0500,14717, ,CFS
SHA,H,76,INFLOW,20150213,0600,12065, ,CFS
SHA,H,76,INFLOW,20150213,0700,15040, ,CFS
SHA,H,76,INFLOW,20150213,0800,18415, ,CFS
SHA,H,76,INFLOW,20150213,0900,12209, ,CFS
SHA,H,76,INFLOW,20150213,1000,14388, ,CFS
SHA,H,76,INFLOW,20150213,1100,14388, ,CFS
SHA,H,76,INFLOW,20150213,1200,9627, ,CFS
SHA,H,76,INFLOW,20150213,1300,12008, ,CFS
SHA,H,76,INFLOW,20150213,1400,9627, ,CFS
SHA,H,76,INFLOW,20150213,1500,12008, ,CFS
SHA,H,76,INFLOW,20150213,1600,14391, ,CFS
SHA,H,76,INFLOW,20150213,1700,7533, ,CFS
SHA,H,76,INFLOW,20150213,1800,19725, ,CFS
SHA,H,76,INFLOW,20150213,1900,13219, ,CFS
SHA,H,76,INFLOW,20150213,2000,14534, ,CFS
SHA,H,76,INFLOW,20150213,2100,14723, ,CFS
SHA,H,76,INFLOW,20150213,2200,12622, ,CFS
SHA,H,76,INFLOW,20150213,2300,12881, ,CFS
SHA,H,76,INFLOW,20150214,0000,13101, ,CFS
SHA,H,76,INFLOW,20150214,0100,16893, ,CFS
SHA,H,76,INFLOW,20150214,0200,14466, ,CFS
SHA,H,76,INFLOW,20150214,0300,7286, ,CFS
SHA,H,76,INFLOW,20150214,0400,7286, ,CFS
SHA,H,76,INFLOW,20150214,0500,7286, ,CFS
SHA,H,76,INFLOW,20150214,0600,7357, ,CFS
SHA,H,76,INFLOW,20150214,0700,13059, ,CFS
SHA,H,76,INFLOW,20150214,0800,10511, ,CFS
SHA,H,76,INFLOW,20150214,0900,14961, ,CFS
SHA,H,76,INFLOW,20150214,1000,5788, ,CFS
SHA,H,76,INFLOW,20150214,1100,3715, ,CFS
SHA,H,76,INFLOW,20150214,1200,8410, ,CFS
SHA,H,76,INFLOW,20150214,1300,1748, ,CFS
SHA,H,76,INFLOW,20150214,1400,6629, ,CFS
SHA,H,76,INFLOW,20150214,1500,8650, ,CFS
SHA,H,76,INFLOW,20150214,1600,6385, ,CFS
SHA,H,76,INFLOW,20150214,1700,6509, ,CFS
SHA,H,76,INFLOW,20150214,1800,5790, ,CFS
SHA,H,76,INFLOW,20150214,1900,19342, ,CFS
SHA,H,76,INFLOW,20150214,2000,10262, ,CFS
SHA,H,76,INFLOW,20150214,2100,14720, ,CFS
SHA,H,76,INFLOW,20150214,2200,9863, ,CFS
SHA,H,76,INFLOW,20150214,2300,14984, ,CFS
SHA,H,76,INFLOW,20150215,0000,12157, ,CFS
SHA,H,76,INFLOW,20150215,0100,14498, ,CFS
SHA,H,76,INFLOW,20150215,0200,9682, ,CFS
SHA,H,76,INFLOW,20150215,0300,12089, ,CFS
SHA,H,76,INFLOW,20150215,0400,16903, ,CFS
SHA,H,76,INFLOW,20150215,0500,9682, ,CFS
SHA,H,76,INFLOW,20150215,0600,7365, ,CFS
SHA,H,76,INFLOW,20150215,0700,13326, ,CFS
SHA,H,76,INFLOW,20150215,0800,13217, ,CFS
SHA,H,76,INFLOW,20150215,0900,8484, ,CFS
SHA,H,76,INFLOW,20150215,1000,6335, ,CFS
SHA,H,76,INFLOW,20150215,1100,3796, ,CFS
SHA,H,76,INFLOW,20150215,1200,4161, ,CFS
SHA,H,76,INFLOW,20150215,1300,6865, ,CFS
SHA,H,76,INFLOW,20150215,1400,4408, ,CFS
SHA,H,76,INFLOW,20150215,1500,4477, ,CFS
SHA,H,76,INFLOW,20150215,1600,4694, ,CFS
SHA,H,76,INFLOW,20150215,1700,7163, ,CFS
SHA,H,76,INFLOW,20150215,1800,3186, ,CFS
SHA,H,76,INFLOW,20150215,1900,19488, ,CFS
SHA,H,76,INFLOW,20150215,2000,5850, ,CFS
SHA,H,76,INFLOW,20150215,2100,17042, ,CFS
SHA,H,76,INFLOW,20150215,2200,12160, ,CFS
SHA,H,76,INFLOW,20150215,2300,9796, ,CFS
SHA,H,76,INFLOW,20150216,0000,12633, ,CFS
SHA,H,76,INFLOW,20150216,0100,8399, ,CFS
SHA,H,76,INFLOW,20150216,0200,10839, ,CFS
SHA,H,76,INFLOW,20150216,0300,10862, ,CFS
SHA,H,76,INFLOW,20150216,0400,8590, ,CFS
SHA,H,76,INFLOW,20150216,0500,6147, ,CFS
SHA,H,76,INFLOW,20150216,0600,6114, ,CFS
SHA,H,76,INFLOW,20150216,0700,2847, ,CFS
SHA,H,76,INFLOW,20150216,0800,14403, ,CFS
SHA,H,76,INFLOW,20150216,0900,345, ,CFS
SHA,H,76,INFLOW,20150216,1000,7333, ,CFS
SHA,H,76,INFLOW,20150216,1100,7333, ,CFS
SHA,H,76,INFLOW,20150216,1200,2492, ,CFS
SHA,H,76,INFLOW,20150216,1300,4913, ,CFS
SHA,H,76,INFLOW,20150216,1400,9754, ,CFS
SHA,H,76,INFLOW,20150216,1500,12174, ,CFS
SHA,H,76,INFLOW,20150216,1600,14595, ,CFS
SHA,H,76,INFLOW,20150216,1700,2917, ,CFS
SHA,H,76,INFLOW,20150216,1800,10068, ,CFS
SHA,H,76,INFLOW,20150216,1900,9600, ,CFS
SHA,H,76,INFLOW,20150216,2000,14676, ,CFS
SHA,H,76,INFLOW,20150216,2100,10072, ,CFS
SHA,H,76,INFLOW,20150216,2200,6934, ,CFS
SHA,H,76,INFLOW,20150216,2300,12763, ,CFS
SHA,H,76,INFLOW,20150217,0000,8859, ,CFS
SHA,H,76,INFLOW,20150217,0100,13086, ,CFS
SHA,H,76,INFLOW,20150217,0200,8198, ,CFS
SHA,H,76,INFLOW,20150217,0300,8204, ,CFS
SHA,H,76,INFLOW,20150217,0400,8208, ,CFS
SHA,H,76,INFLOW,20150217,0500,5828, ,CFS
SHA,H,76,INFLOW,20150217,0600,5942, ,CFS
SHA,H,76,INFLOW,20150217,0700,9850, ,CFS
SHA,H,76,INFLOW,20150217,0800,8301, ,CFS
SHA,H,76,INFLOW,20150217,0900,12262, ,CFS
SHA,H,76,INFLOW,20150217,1000,9784, ,CFS
SHA,H,76,INFLOW,20150217,1100,2522, ,CFS
SHA,H,76,INFLOW,20150217,1200,7363, ,CFS
SHA,H,76,INFLOW,20150217,1300,4943, ,CFS
SHA,H,76,INFLOW,20150217,1400,4943, ,CFS
SHA,H,76,INFLOW,20150217,1500,7363, ,CFS
SHA,H,76,INFLOW,20150217,1600,9824, ,CFS
SHA,H,76,INFLOW,20150217,1700,537, ,CFS
SHA,H,76,INFLOW,20150217,1800,17409, ,CFS
SHA,H,76,INFLOW,20150217,1900,7999, ,CFS
SHA,H,76,INFLOW,20150217,2000,12882, ,CFS
SHA,H,76,INFLOW,20150217,2100,11553, ,CFS
SHA,H,76,INFLOW,20150217,2200,8559, ,CFS
SHA,H,76,INFLOW,20150217,2300,9931, ,CFS
SHA,H,76,INFLOW,20150218,0000,14806, ,CFS
SHA,H,76,INFLOW,20150218,0100,11150, ,CFS
SHA,H,76,INFLOW,20150218,0200,11162, ,CFS
SHA,H,76,INFLOW,20150218,0300,6061, ,CFS
SHA,H,76,INFLOW,20150218,0400,5857, ,CFS
SHA,H,76,INFLOW,20150218,0500,3713, ,CFS
SHA,H,76,INFLOW,20150218,0600,6304, ,CFS
SHA,H,76,INFLOW,20150218,0700,5800, ,CFS
SHA,H,76,INFLOW,20150218,0800,5958, ,CFS
SHA,H,76,INFLOW,20150218,0900,8208, ,CFS
SHA,H,76,INFLOW,20150218,1000,11256, ,CFS
SHA,H,76,INFLOW,20150218,1100,11134, ,CFS
SHA,H,76,INFLOW,20150218,1200,8624, ,CFS
SHA,H,76,INFLOW,20150218,1300,10987, ,CFS
SHA,H,76,INFLOW,20150218,1400,7488, ,CFS
SHA,H,76,INFLOW,20150218,1500,9867, ,CFS
SHA,H,76,INFLOW,20150218,1600,4999, ,CFS
SHA,H,76,INFLOW,20150218,1700,7433, ,CFS
SHA,H,76,INFLOW,20150218,1800,12252, ,CFS
SHA,H,76,INFLOW,20150218,1900,9819, ,CFS
SHA,H,76,INFLOW,20150218,2000,14782, ,CFS
SHA,H,76,INFLOW,20150218,2100,9476, ,CFS
SHA,H,76,INFLOW,20150218,2200,7409, ,CFS
SHA,H,76,INFLOW,20150218,2300,11871, ,CFS
SHA,H,76,INFLOW,20150219,0000,11428, ,CFS
SHA,H,76,INFLOW,20150219,0100,2618, ,CFS
SHA,H,76,INFLOW,20150219,0200,7463, ,CFS
SHA,H,76,INFLOW,20150219,0300,5003, ,CFS
SHA,H,76,INFLOW,20150219,0400,2544, ,CFS
SHA,H,76,INFLOW,20150219,0500,7467, ,CFS
SHA,H,76,INFLOW,20150219,0600,2761, ,CFS
SHA,H,76,INFLOW,20150219,0700,3005, ,CFS
SHA,H,76,INFLOW,20150219,0800,11383, ,CFS
SHA,H,76,INFLOW,20150219,0900,9358, ,CFS
SHA,H,76,INFLOW,20150219,1000,9463, ,CFS
SHA,H,76,INFLOW,20150219,1100,8835, ,CFS
SHA,H,76,INFLOW,20150219,1200,11177, ,CFS
SHA,H,76,INFLOW,20150219,1300,8515, ,CFS
SHA,H,76,INFLOW,20150219,1400,11167, ,CFS
SHA,H,76,INFLOW,20150219,1500,11069, ,CFS
SHA,H,76,INFLOW,20150219,1600,6526, ,CFS
SHA,H,76,INFLOW,20150219,1700,4391, ,CFS
SHA,H,76,INFLOW,20150219,1800,4946, ,CFS
SHA,H,76,INFLOW,20150219,1900,10299, ,CFS
SHA,H,76,INFLOW,20150219,2000,9389, ,CFS
SHA,H,76,INFLOW,20150219,2100,4214, ,CFS
SHA,H,76,INFLOW,20150219,2200,7836, ,CFS
SHA,H,76,INFLOW,20150219,2300,7647, ,CFS
SHA,H,76,INFLOW,20150220,0000,5181, ,CFS
SHA,H,76,INFLOW,20150220,0100,12359, ,CFS
SHA,H,76,INFLOW,20150220,0200,4994, ,CFS
SHA,H,76,INFLOW,20150220,0300,62, ,CFS
SHA,H,76,INFLOW,20150220,0400,9900, ,CFS
SHA,H,76,INFLOW,20150220,0500,-2390, ,CFS
SHA,H,76,INFLOW,20150220,0600,2849, ,CFS
SHA,H,76,INFLOW,20150220,0700,5162, ,CFS
SHA,H,76,INFLOW,20150220,0800,7415, ,CFS
SHA,H,76,INFLOW,20150220,0900,11652, ,CFS
SHA,H,76,INFLOW,20150220,1000,11630, ,CFS
SHA,H,76,INFLOW,20150220,1100,11584, ,CFS
SHA,H,76,INFLOW,20150220,1200,8386, ,CFS
SHA,H,76,INFLOW,20150220,1300,5876, ,CFS
SHA,H,76,INFLOW,20150220,1400,8430, ,CFS
SHA,H,76,INFLOW,20150220,1500,10926, ,CFS
SHA,H,76,INFLOW,20150220,1600,3764, ,CFS
SHA,H,76,INFLOW,20150220,1700,11342, ,CFS
SHA,H,76,INFLOW,20150220,1800,10540, ,CFS
SHA,H,76,INFLOW,20150220,1900,7728, ,CFS
SHA,H,76,INFLOW,20150220,2000,11258, ,CFS
SHA,H,76,INFLOW,20150220,2100,13169, ,CFS
SHA,H,76,INFLOW,20150220,2200,6328, ,CFS
SHA,H,76,INFLOW,20150220,2300,6728, ,CFS
SHA,H,76,INFLOW,20150221,0000,9636, ,CFS
SHA,H,76,INFLOW,20150221,0100,7546, ,CFS
SHA,H,76,INFLOW,20150221,0200,9863, ,CFS
SHA,H,76,INFLOW,20150221,0300,12311, ,CFS
SHA,H,76,INFLOW,20150221,0400,7414, ,CFS
SHA,H,76,INFLOW,20150221,0500,7414, ,CFS
SHA,H,76,INFLOW,20150221,0600,4969, ,CFS
SHA,H,76,INFLOW,20150221,0700,9876, ,CFS
SHA,H,76,INFLOW,20150221,0800,7415, ,CFS
SHA,H,76,INFLOW,20150221,0900,7582, ,CFS
SHA,H,76,INFLOW,20150221,1000,13498, ,CFS
SHA,H,76,INFLOW,20150221,1100,6163, ,CFS
SHA,H,76,INFLOW,20150221,1200,6142, ,CFS
SHA,H,76,INFLOW,20150221,1300,8506, ,CFS
SHA,H,76,INFLOW,20150221,1400,5409, ,CFS
SHA,H,76,INFLOW,20150221,1500,2999, ,CFS
SHA,H,76,INFLOW,20150221,1600,3309, ,CFS
SHA,H,76,INFLOW,20150221,1700,4416, ,CFS
SHA,H,76,INFLOW,20150221,1800,8424, ,CFS
SHA,H,76,INFLOW,20150221,1900,9993, ,CFS
SHA,H,76,INFLOW,20150221,2000,7742, ,CFS
SHA,H,76,INFLOW,20150221,2100,7991, ,CFS
SHA,H,76,INFLOW,20150221,2200,7527, ,CFS
SHA,H,76,INFLOW,20150221,2300,6823, ,CFS
SHA,H,76,INFLOW,20150222,0000,16692, ,CFS
SHA,H,76,INFLOW,20150222,0100,3822, ,CFS
SHA,H,76,INFLOW,20150222,0200,-1378, ,CFS
SHA,H,76,INFLOW,20150222,0300,13351, ,CFS
SHA,H,76,INFLOW,20150222,0400,3705, ,CFS
SHA,H,76,INFLOW,20150222,0500,1479, ,CFS
SHA,H,76,INFLOW,20150222,0600,4086, ,CFS
SHA,H,76,INFLOW,20150222,0700,8793, ,CFS
SHA,H,76,INFLOW,20150222,0800,6323, ,CFS
SHA,H,76,INFLOW,20150222,0900,11094, ,CFS
SHA,H,76,INFLOW,20150222,1000,-695, ,CFS
SHA,H,76,INFLOW,20150222,1100,9066, ,CFS
SHA,H,76,INFLOW,20150222,1200,8471, ,CFS
SHA,H,76,INFLOW,20150222,1300,6448, ,CFS
SHA,H,76,INFLOW,20150222,1400,3775, ,CFS
SHA,H,76,INFLOW,20150222,1500,1325, ,CFS
SHA,H,76,INFLOW,20150222,1600,5084, ,CFS
SHA,H,76,INFLOW,20150222,1700,15121, ,CFS
SHA,H,76,INFLOW,20150222,1800,-1781, ,CFS
SHA,H,76,INFLOW,20150222,1900,12937, ,CFS
SHA,H,76,INFLOW,20150222,2000,12749, ,CFS
SHA,H,76,INFLOW,20150222,2100,3280, ,CFS
SHA,H,76,INFLOW,20150222,2200,14258, ,CFS
SHA,H,76,INFLOW,20150222,2300,6551, ,CFS
SHA,H,76,INFLOW,20150223,0000,11300, ,CFS
SHA,H,76,INFLOW,20150223,0100,9989, ,CFS
SHA,H,76,INFLOW,20150223,0200,-2408, ,CFS
SHA,H,76,INFLOW,20150223,0300,12449, ,CFS
SHA,H,76,INFLOW,20150223,0400,-4879, ,CFS
SHA,H,76,INFLOW,20150223,0500,2548, ,CFS
SHA,H,76,INFLOW,20150223,0600,2701, ,CFS
SHA,H,76,INFLOW,20150223,0700,10174, ,CFS
SHA,H,76,INFLOW,20150223,0800,3151, ,CFS
SHA,H,76,INFLOW,20150223,0900,10475, ,CFS
SHA,H,76,INFLOW,20150223,1000,47573, ,CFS
SHA,H,76,INFLOW,20150223,1100,917, ,CFS
SHA,H,76,INFLOW,20150223,1200,5912, ,CFS
SHA,H,76,INFLOW,20150223,1300,5626, ,CFS
SHA,H,76,INFLOW,20150223,1400,3160, ,CFS
SHA,H,76,INFLOW,20150223,1500,3806, ,CFS
SHA,H,76,INFLOW,20150223,1600,6158, ,CFS
SHA,H,76,INFLOW,20150223,1700,8032, ,CFS
SHA,H,76,INFLOW,20150223,1800,-1787, ,CFS
SHA,H,76,INFLOW,20150223,1900,12686, ,CFS
SHA,H,76,INFLOW,20150223,2000,15079, ,CFS
SHA,H,76,INFLOW,20150223,2100,5543, ,CFS
SHA,H,76,INFLOW,20150223,2200,12593, ,CFS
SHA,H,76,INFLOW,20150223,2300,5951, ,CFS
SHA,H,76,INFLOW,20150224,0000,10116, ,CFS
SHA,H,76,INFLOW,20150224,0100,2622, ,CFS
SHA,H,76,INFLOW,20150224,0200,2620, ,CFS
SHA,H,76,INFLOW,20150224,0300,10043, ,CFS
SHA,H,76,INFLOW,20150224,0400,155, ,CFS
SHA,H,76,INFLOW,20150224,0500,5318, ,CFS
SHA,H,76,INFLOW,20150224,0600,5634, ,CFS
SHA,H,76,INFLOW,20150224,0700,-180, ,CFS
SHA,H,76,INFLOW,20150224,0800,7838, ,CFS
SHA,H,76,INFLOW,20150224,0900,3219, ,CFS
SHA,H,76,INFLOW,20150224,1000,3314, ,CFS
SHA,H,76,INFLOW,20150224,1100,3420, ,CFS
SHA,H,76,INFLOW,20150224,1200,922, ,CFS
SHA,H,76,INFLOW,20150224,1300,5870, ,CFS
SHA,H,76,INFLOW,20150224,1400,2704, ,CFS
SHA,H,76,INFLOW,20150224,1500,5872, ,CFS
SHA,H,76,INFLOW,20150224,1600,405, ,CFS
SHA,H,76,INFLOW,20150224,1700,2959, ,CFS
SHA,H,76,INFLOW,20150224,1800,2784, ,CFS
SHA,H,76,INFLOW,20150224,1900,14354, ,CFS
SHA,H,76,INFLOW,20150224,2000,6058, ,CFS
SHA,H,76,INFLOW,20150224,2100,5478, ,CFS
SHA,H,76,INFLOW,20150224,2200,10888, ,CFS
SHA,H,76,INFLOW,20150224,2300,6530, ,CFS
SHA,H,76,INFLOW,20150225,0000,11047, ,CFS
SHA,H,76,INFLOW,20150225,0100,2650, ,CFS
SHA,H,76,INFLOW,20150225,0200,2584, ,CFS
SHA,H,76,INFLOW,20150225,0300,5058, ,CFS
SHA,H,76,INFLOW,20150225,0400,2860, ,CFS
SHA,H,76,INFLOW,20150225,0500,3019, ,CFS
SHA,H,76,INFLOW,20150225,0600,6699, ,CFS
SHA,H,76,INFLOW,20150225,0700,3019, ,CFS
SHA,H,76,INFLOW,20150225,0800,7954, ,CFS
SHA,H,76,INFLOW,20150225,0900,6175, ,CFS
SHA,H,76,INFLOW,20150225,1000,139, ,CFS
SHA,H,76,INFLOW,20150225,1100,5224, ,CFS
SHA,H,76,INFLOW,20150225,1200,394, ,CFS
SHA,H,76,INFLOW,20150225,1300,5396, ,CFS
SHA,H,76,INFLOW,20150225,1400,4676, ,CFS
SHA,H,76,INFLOW,20150225,1500,4531, ,CFS
SHA,H,76,INFLOW,20150225,1600,-426, ,CFS
SHA,H,76,INFLOW,20150225,1700,5112, ,CFS
SHA,H,76,INFLOW,20150225,1800,3788, ,CFS
SHA,H,76,INFLOW,20150225,1900,4998, ,CFS
SHA,H,76,INFLOW,20150225,2000,12842, ,CFS
SHA,H,76,INFLOW,20150225,2100,7339, ,CFS
SHA,H,76,INFLOW,20150225,2200,-996, ,CFS
SHA,H,76,INFLOW,20150225,2300,16686, ,CFS
SHA,H,76,INFLOW,20150226,0000,3382, ,CFS
SHA,H,76,INFLOW,20150226,0100,2665, ,CFS
SHA,H,76,INFLOW,20150226,0200,5096, ,CFS
SHA,H,76,INFLOW,20150226,0300,2644, ,CFS
SHA,H,76,INFLOW,20150226,0400,2619, ,CFS
SHA,H,76,INFLOW,20150226,0500,2666, ,CFS
SHA,H,76,INFLOW,20150226,0600,6108, ,CFS
SHA,H,76,INFLOW,20150226,0700,4392, ,CFS
SHA,H,76,INFLOW,20150226,0800,3920, ,CFS
SHA,H,76,INFLOW,20150226,0900,5993, ,CFS
SHA,H,76,INFLOW,20150226,1000,5842, ,CFS
SHA,H,76,INFLOW,20150226,1100,-1635, ,CFS
SHA,H,76,INFLOW,20150226,1200,8286, ,CFS
SHA,H,76,INFLOW,20150226,1300,5403, ,CFS
SHA,H,76,INFLOW,20150226,1400,-523, ,CFS
SHA,H,76,INFLOW,20150226,1500,2030, ,CFS
SHA,H,76,INFLOW,20150226,1600,2227, ,CFS
SHA,H,76,INFLOW,20150226,1700,7494, ,CFS
SHA,H,76,INFLOW,20150226,1800,1117, ,CFS
SHA,H,76,INFLOW,20150226,1900,5790, ,CFS
SHA,H,76,INFLOW,20150226,2000,12900, ,CFS
SHA,H,76,INFLOW,20150226,2100,8281, ,CFS
SHA,H,76,INFLOW,20150226,2200,3885, ,CFS
SHA,H,76,INFLOW,20150226,2300,9727, ,CFS
SHA,H,76,INFLOW,20150227,0000,9031, ,CFS
SHA,H,76,INFLOW,20150227,0100,5178, ,CFS
SHA,H,76,INFLOW,20150227,0200,5091, ,CFS
SHA,H,76,INFLOW,20150227,0300,5083, ,CFS
SHA,H,76,INFLOW,20150227,0400,2597, ,CFS
SHA,H,76,INFLOW,20150227,0500,2596, ,CFS
SHA,H,76,INFLOW,20150227,0600,5305, ,CFS
SHA,H,76,INFLOW,20150227,0700,3623, ,CFS
SHA,H,76,INFLOW,20150227,0800,9066, ,CFS
SHA,H,76,INFLOW,20150227,0900,4925, ,CFS
SHA,H,76,INFLOW,20150227,1000,4277, ,CFS
SHA,H,76,INFLOW,20150227,1100,-143, ,CFS
SHA,H,76,INFLOW,20150227,1200,2962, ,CFS
SHA,H,76,INFLOW,20150227,1300,3173, ,CFS
SHA,H,76,INFLOW,20150227,1400,4777, ,CFS
SHA,H,76,INFLOW,20150227,1500,-827, ,CFS
SHA,H,76,INFLOW,20150227,1600,2206, ,CFS
SHA,H,76,INFLOW,20150227,1700,369, ,CFS
SHA,H,76,INFLOW,20150227,1800,6963, ,CFS
SHA,H,76,INFLOW,20150227,1900,12901, ,CFS
SHA,H,76,INFLOW,20150227,2000,12471, ,CFS
SHA,H,76,INFLOW,20150227,2100,5749, ,CFS
SHA,H,76,INFLOW,20150227,2200,4759, ,CFS
SHA,H,76,INFLOW,20150227,2300,10112, ,CFS
SHA,H,76,INFLOW,20150228,0000,9479, ,CFS
SHA,H,76,INFLOW,20150228,0100,10102, ,CFS
SHA,H,76,INFLOW,20150228,0200,10007, ,CFS
SHA,H,76,INFLOW,20150228,0300,55, ,CFS
SHA,H,76,INFLOW,20150228,0400,2546, ,CFS
SHA,H,76,INFLOW,20150228,0500,5031, ,CFS
SHA,H,76,INFLOW,20150228,0600,5302, ,CFS
SHA,H,76,INFLOW,20150228,0700,8656, ,CFS
SHA,H,76,INFLOW,20150228,0800,3936, ,CFS
SHA,H,76,INFLOW,20150228,0900,5478, ,CFS
SHA,H,76,INFLOW,20150228,1000,3136, ,CFS
SHA,H,76,INFLOW,20150228,1100,5477, ,CFS
SHA,H,76,INFLOW,20150228,1200,3116, ,CFS
SHA,H,76,INFLOW,20150228,1300,10205, ,CFS
SHA,H,76,INFLOW,20150228,1400,-5403, ,CFS
SHA,H,76,INFLOW,20150228,1500,7353, ,CFS
SHA,H,76,INFLOW,20150228,1600,2279, ,CFS
SHA,H,76,INFLOW,20150228,1700,5082, ,CFS
SHA,H,76,INFLOW,20150228,1800,9889, ,CFS
SHA,H,76,INFLOW,20150228,1900,7729, ,CFS
SHA,H,76,INFLOW,20150228,2000,7452, ,CFS
SHA,H,76,INFLOW,20150228,2100,12369, ,CFS
SHA,H,76,INFLOW,20150228,2200,7845, ,CFS
SHA,H,76,INFLOW,20150228,2300,10207, ,CFS
SHA,H,76,INFLOW,20150301,0000,6085, ,CFS
SHA,H,76,INFLOW,20150301,0100,5112, ,CFS
SHA,H,76,INFLOW,20150301,0200,5057, ,CFS
SHA,H,76,INFLOW,20150301,0300,2586, ,CFS
SHA,H,76,INFLOW,20150301,0400,5063, ,CFS
SHA,H,76,INFLOW,20150301,0500,78, ,CFS
SHA,H,76,INFLOW,20150301,0600,5173, ,CFS
SHA,H,76,INFLOW,20150301,0700,-2821, ,CFS
SHA,H,76,INFLOW,20150301,0800,12135, ,CFS
SHA,H,76,INFLOW,20150301,0900,9696, ,CFS
SHA,H,76,INFLOW,20150301,1000,11715, ,CFS
SHA,H,76,INFLOW,20150301,1100,4433, ,CFS
SHA,H,76,INFLOW,20150301,1200,7452, ,CFS
SHA,H,76,INFLOW,20150301,1300,5059, ,CFS
SHA,H,76,INFLOW,20150301,1400,14793, ,CFS
SHA,H,76,INFLOW,20150301,1500,-2547, ,CFS
SHA,H,76,INFLOW,20150301,1600,7672, ,CFS
SHA,H,76,INFLOW,20150301,1700,5747, ,CFS
SHA,H,76,INFLOW,20150301,1800,-1507, ,CFS
SHA,H,76,INFLOW,20150301,1900,16297, ,CFS
SHA,H,76,INFLOW,20150301,2000,5525, ,CFS
SHA,H,76,INFLOW,20150301,2100,10421, ,CFS
SHA,H,76,INFLOW,20150301,2200,12059, ,CFS
SHA,H,76,INFLOW,20150301,2300,7247, ,CFS
SHA,H,76,INFLOW,20150302,0000,4587, ,CFS
SHA,H,76,INFLOW,20150302,0100,12738, ,CFS
SHA,H,76,INFLOW,20150302,0200,106, ,CFS
SHA,H,76,INFLOW,20150302,0300,5126, ,CFS
SHA,H,76,INFLOW,20150302,0400,121, ,CFS
SHA,H,76,INFLOW,20150302,0500,2607, ,CFS
SHA,H,76,INFLOW,20150302,0600,2727, ,CFS
SHA,H,76,INFLOW,20150302,0700,1842, ,CFS
SHA,H,76,INFLOW,20150302,0800,5818, ,CFS
SHA,H,76,INFLOW,20150302,0900,8431, ,CFS
SHA,H,76,INFLOW,20150302,1000,3279, ,CFS
SHA,H,76,INFLOW,20150302,1100,831, ,CFS
SHA,H,76,INFLOW,20150302,1200,5812, ,CFS
SHA,H,76,INFLOW,20150302,1300,3430, ,CFS
SHA,H,76,INFLOW,20150302,1400,3162, ,CFS
SHA,H,76,INFLOW,20150302,1500,3165, ,CFS
SHA,H,76,INFLOW,20150302,1600,254, ,CFS
SHA,H,76,INFLOW,20150302,1700,5217, ,CFS
SHA,H,76,INFLOW,20150302,1800,1038, ,CFS
SHA,H,76,INFLOW,20150302,1900,15113, ,CFS
SHA,H,76,INFLOW,20150302,2000,6653, ,CFS
SHA,H,76,INFLOW,20150302,2100,9424, ,CFS
SHA,H,76,INFLOW,20150302,2200,8942, ,CFS
SHA,H,76,INFLOW,20150302,2300,9567, ,CFS
SHA,H,76,INFLOW,20150303,0000,-338, ,CFS
SHA,H,76,INFLOW,20150303,0100,5845, ,CFS
SHA,H,76,INFLOW,20150303,0200,2798, ,CFS
SHA,H,76,INFLOW,20150303,0300,2887, ,CFS
SHA,H,76,INFLOW,20150303,0400,2848, ,CFS
SHA,H,76,INFLOW,20150303,0500,2976, ,CFS
SHA,H,76,INFLOW,20150303,0600,3578, ,CFS
SHA,H,76,INFLOW,20150303,0700,4855, ,CFS
SHA,H,76,INFLOW,20150303,0800,1239, ,CFS
SHA,H,76,INFLOW,20150303,0900,8094, ,CFS
SHA,H,76,INFLOW,20150303,1000,2932, ,CFS
SHA,H,76,INFLOW,20150303,1100,606, ,CFS
SHA,H,76,INFLOW,20150303,1200,3061, ,CFS
SHA,H,76,INFLOW,20150303,1300,3022, ,CFS
SHA,H,76,INFLOW,20150303,1400,421, ,CFS
SHA,H,76,INFLOW,20150303,1500,3209, ,CFS
SHA,H,76,INFLOW,20150303,1600,3282, ,CFS
SHA,H,76,INFLOW,20150303,1700,5900, ,CFS
SHA,H,76,INFLOW,20150303,1800,383, ,CFS
SHA,H,76,INFLOW,20150303,1900,7417, ,CFS
SHA,H,76,INFLOW,20150303,2000,5480, ,CFS
SHA,H,76,INFLOW,20150303,2100,15166, ,CFS
SHA,H,76,INFLOW,20150303,2200,-945, ,CFS
SHA,H,76,INFLOW,20150303,2300,10386, ,CFS
SHA,H,76,INFLOW,20150304,0000,106, ,CFS
SHA,H,76,INFLOW,20150304,0100,4118, ,CFS
SHA,H,76,INFLOW,20150304,0200,6535, ,CFS
SHA,H,76,INFLOW,20150304,0300,4011, ,CFS
SHA,H,76,INFLOW,20150304,0400,4097, ,CFS
SHA,H,76,INFLOW,20150304,0500,-930, ,CFS
SHA,H,76,INFLOW,20150304,0600,4109, ,CFS
SHA,H,76,INFLOW,20150304,0700,5045, ,CFS
SHA,H,76,INFLOW,20150304,0800,8226, ,CFS
SHA,H,76,INFLOW,20150304,0900,5584, ,CFS
SHA,H,76,INFLOW,20150304,1000,6019, ,CFS
SHA,H,76,INFLOW,20150304,1100,-1414, ,CFS
SHA,H,76,INFLOW,20150304,1200,1067, ,CFS
SHA,H,76,INFLOW,20150304,1300,3074, ,CFS
SHA,H,76,INFLOW,20150304,1400,3161, ,CFS
SHA,H,76,INFLOW,20150304,1500,3043, ,CFS
SHA,H,76,INFLOW,20150304,1600,601, ,CFS
SHA,H,76,INFLOW,20150304,1700,3204, ,CFS
SHA,H,76,INFLOW,20150304,1800,2882, ,CFS
SHA,H,76,INFLOW,20150304,1900,9434, ,CFS
SHA,H,76,INFLOW,20150304,2000,459, ,CFS
SHA,H,76,INFLOW,20150304,2100,16170, ,CFS
SHA,H,76,INFLOW,20150304,2200,5162, ,CFS
SHA,H,76,INFLOW,20150304,2300,5727, ,CFS
SHA,H,76,INFLOW,20150305,0000,7688, ,CFS
SHA,H,76,INFLOW,20150305,0100,379, ,CFS
SHA,H,76,INFLOW,20150305,0200,3361, ,CFS
SHA,H,76,INFLOW,20150305,0300,6017, ,CFS
SHA,H,76,INFLOW,20150305,0400,1042, ,CFS
SHA,H,76,INFLOW,20150305,0500,3376, ,CFS
SHA,H,76,INFLOW,20150305,0600,2468, ,CFS
SHA,H,76,INFLOW,20150305,0700,1121, ,CFS
SHA,H,76,INFLOW,20150305,0800,8016, ,CFS
SHA,H,76,INFLOW,20150305,0900,3233, ,CFS
SHA,H,76,INFLOW,20150305,1000,5727, ,CFS
SHA,H,76,INFLOW,20150305,1100,457, ,CFS
SHA,H,76,INFLOW,20150305,1200,2801, ,CFS
SHA,H,76,INFLOW,20150305,1300,3145, ,CFS
SHA,H,76,INFLOW,20150305,1400,1179, ,CFS
SHA,H,76,INFLOW,20150305,1500,3319, ,CFS
SHA,H,76,INFLOW,20150305,1600,3210, ,CFS
SHA,H,76,INFLOW,20150305,1700,5406, ,CFS
SHA,H,76,INFLOW,20150305,1800,3269, ,CFS
SHA,H,76,INFLOW,20150305,1900,14582, ,CFS
SHA,H,76,INFLOW,20150305,2000,3609, ,CFS
SHA,H,76,INFLOW,20150305,2100,15727, ,CFS
SHA,H,76,INFLOW,20150305,2200,814, ,CFS
SHA,H,76,INFLOW,20150305,2300,7639, ,CFS
SHA,H,76,INFLOW,20150306,0000,5081, ,CFS
SHA,H,76,INFLOW,20150306,0100,2525, ,CFS
SHA,H,76,INFLOW,20150306,0200,5130, ,CFS
SHA,H,76,INFLOW,20150306,0300,2674, ,CFS
SHA,H,76,INFLOW,20150306,0400,2289, ,CFS
SHA,H,76,INFLOW,20150306,0500,4749, ,CFS
SHA,H,76,INFLOW,20150306,0600,-381, ,CFS
SHA,H,76,INFLOW,20150306,0700,2262, ,CFS
SHA,H,76,INFLOW,20150306,0800,5392, ,CFS
SHA,H,76,INFLOW,20150306,0900,5389, ,CFS
SHA,H,76,INFLOW,20150306,1000,3183, ,CFS
SHA,H,76,INFLOW,20150306,1100,730, ,CFS
SHA,H,76,INFLOW,20150306,1200,5292, ,CFS
SHA,H,76,INFLOW,20150306,1300,301, ,CFS
SHA,H,76,INFLOW,20150306,1400,2913, ,CFS
SHA,H,76,INFLOW,20150306,1500,2966, ,CFS
SHA,H,76,INFLOW,20150306,1600,2527, ,CFS
SHA,H,76,INFLOW,20150306,1700,-439, ,CFS
SHA,H,76,INFLOW,20150306,1800,9957, ,CFS
SHA,H,76,INFLOW,20150306,1900,10319, ,CFS
SHA,H,76,INFLOW,20150306,2000,3201, ,CFS
SHA,H,76,INFLOW,20150306,2100,12347, ,CFS
SHA,H,76,INFLOW,20150306,2200,3633, ,CFS
SHA,H,76,INFLOW,20150306,2300,9632, ,CFS
SHA,H,76,INFLOW,20150307,0000,5375, ,CFS
SHA,H,76,INFLOW,20150307,0100,5237, ,CFS
SHA,H,76,INFLOW,20150307,0200,2485, ,CFS
SHA,H,76,INFLOW,20150307,0300,113, ,CFS
SHA,H,76,INFLOW,20150307,0400,2559, ,CFS
SHA,H,76,INFLOW,20150307,0500,7616, ,CFS
SHA,H,76,INFLOW,20150307,0600,-2317, ,CFS
SHA,H,76,INFLOW,20150307,0700,2802, ,CFS
SHA,H,76,INFLOW,20150307,0800,5188, ,CFS
SHA,H,76,INFLOW,20150307,0900,2910, ,CFS
SHA,H,76,INFLOW,20150307,1000,3307, ,CFS
SHA,H,76,INFLOW,20150307,1100,1141, ,CFS
SHA,H,76,INFLOW,20150307,1200,3337, ,CFS
SHA,H,76,INFLOW,20150307,1300,3287, ,CFS
SHA,H,76,INFLOW,20150307,1400,-1800, ,CFS
SHA,H,76,INFLOW,20150307,1500,3095, ,CFS
SHA,H,76,INFLOW,20150307,1600,2908, ,CFS
SHA,H,76,INFLOW,20150307,1700,4932, ,CFS
SHA,H,76,INFLOW,20150307,1800,1589, ,CFS
SHA,H,76,INFLOW,20150307,1900,8526, ,CFS
SHA,H,76,INFLOW,20150307,2000,1038, ,CFS
SHA,H,76,INFLOW,20150307,2100,15593, ,CFS
SHA,H,76,INFLOW,20150307,2200,3677, ,CFS
SHA,H,76,INFLOW,20150307,2300,8021, ,CFS
SHA,H,76,INFLOW,20150308,0000,2625, ,CFS
SHA,H,76,INFLOW,20150308,0100,4400, ,CFS
SHA,H,76,INFLOW,20150308,0300,---, ,CFS
SHA,H,76,INFLOW,20150308,0400,1824, ,CFS
SHA,H,76,INFLOW,20150308,0500,4376, ,CFS
SHA,H,76,INFLOW,20150308,0600,1988, ,CFS
SHA,H,76,INFLOW,20150308,0700,2206, ,CFS
SHA,H,76,INFLOW,20150308,0800,4695, ,CFS
SHA,H,76,INFLOW,20150308,0900,6796, ,CFS
SHA,H,76,INFLOW,20150308,1000,1769, ,CFS
SHA,H,76,INFLOW,20150308,1100,3343, ,CFS
SHA,H,76,INFLOW,20150308,1200,1063, ,CFS
SHA,H,76,INFLOW,20150308,1300,3366, ,CFS
SHA,H,76,INFLOW,20150308,1400,1123, ,CFS
SHA,H,76,INFLOW,20150308,1500,3697, ,CFS
SHA,H,76,INFLOW,20150308,1600,4254, ,CFS
SHA,H,76,INFLOW,20150308,1700,-767, ,CFS
SHA,H,76,INFLOW,20150308,1800,4821, ,CFS
SHA,H,76,INFLOW,20150308,1900,2527, ,CFS
SHA,H,76,INFLOW,20150308,2000,5197, ,CFS
SHA,H,76,INFLOW,20150308,2100,7582, ,CFS
SHA,H,76,INFLOW,20150308,2200,7795, ,CFS
SHA,H,76,INFLOW,20150308,2300,7235, ,CFS
SHA,H,76,INFLOW,20150309,0000,7595, ,CFS
SHA,H,76,INFLOW,20150309,0100,-410, ,CFS
SHA,H,76,INFLOW,20150309,0200,5108, ,CFS
SHA,H,76,INFLOW,20150309,0300,2589, ,CFS
SHA,H,76,INFLOW,20150309,0400,92, ,CFS
SHA,H,76,INFLOW,20150309,0500,5315, ,CFS
SHA,H,76,INFLOW,20150309,0600,2734, ,CFS
SHA,H,76,INFLOW,20150309,0700,529, ,CFS
SHA,H,76,INFLOW,20150309,0800,6040, ,CFS
SHA,H,76,INFLOW,20150309,0900,5513, ,CFS
SHA,H,76,INFLOW,20150309,1000,8288, ,CFS
SHA,H,76,INFLOW,20150309,1100,970, ,CFS
SHA,H,76,INFLOW,20150309,1200,11196, ,CFS
SHA,H,76,INFLOW,20150309,1300,-1402, ,CFS
SHA,H,76,INFLOW,20150309,1400,3397, ,CFS
SHA,H,76,INFLOW,20150309,1500,3424, ,CFS
SHA,H,76,INFLOW,20150309,1600,842, ,CFS
SHA,H,76,INFLOW,20150309,1700,5901, ,CFS
SHA,H,76,INFLOW,20150309,1800,1021, ,CFS
SHA,H,76,INFLOW,20150309,1900,5431, ,CFS
SHA,H,76,INFLOW,20150309,2000,11917, ,CFS
SHA,H,76,INFLOW,20150309,2100,3391, ,CFS
SHA,H,76,INFLOW,20150309,2200,9791, ,CFS
SHA,H,76,INFLOW,20150309,2300,5684, ,CFS
SHA,H,76,INFLOW,20150310,0000,8218, ,CFS
SHA,H,76,INFLOW,20150310,0100,7853, ,CFS
SHA,H,76,INFLOW,20150310,0200,119, ,CFS
SHA,H,76,INFLOW,20150310,0300,5188, ,CFS
SHA,H,76,INFLOW,20150310,0400,2637, ,CFS
SHA,H,76,INFLOW,20150310,0500,2736, ,CFS
SHA,H,76,INFLOW,20150310,0600,2962, ,CFS
SHA,H,76,INFLOW,20150310,0700,622, ,CFS
SHA,H,76,INFLOW,20150310,0800,1045, ,CFS
SHA,H,76,INFLOW,20150310,0900,8766, ,CFS
SHA,H,76,INFLOW,20150310,1000,6586, ,CFS
SHA,H,76,INFLOW,20150310,1100,961, ,CFS
SHA,H,76,INFLOW,20150310,1200,1218, ,CFS
SHA,H,76,INFLOW,20150310,1300,1406, ,CFS
SHA,H,76,INFLOW,20150310,1400,4204, ,CFS
SHA,H,76,INFLOW,20150310,1500,3032, ,CFS
SHA,H,76,INFLOW,20150310,1600,183, ,CFS
SHA,H,76,INFLOW,20150310,1700,2520, ,CFS
SHA,H,76,INFLOW,20150310,1800,2608, ,CFS
SHA,H,76,INFLOW,20150310,1900,5092, ,CFS
SHA,H,76,INFLOW,20150310,2000,9381, ,CFS
SHA,H,76,INFLOW,20150310,2100,9082, ,CFS
SHA,H,76,INFLOW,20150310,2200,2756, ,CFS
SHA,H,76,INFLOW,20150310,2300,7902, ,CFS
SHA,H,76,INFLOW,20150311,0000,18098, ,CFS
SHA,H,76,INFLOW,20150311,0100,-2121, ,CFS
SHA,H,76,INFLOW,20150311,0200,2881, ,CFS
SHA,H,76,INFLOW,20150311,0300,2750, ,CFS
SHA,H,76,INFLOW,20150311,0400,5393, ,CFS
SHA,H,76,INFLOW,20150311,0500,8072, ,CFS
SHA,H,76,INFLOW,20150311,0600,-1869, ,CFS
SHA,H,76,INFLOW,20150311,0700,-150, ,CFS
SHA,H,76,INFLOW,20150311,0800,522, ,CFS
SHA,H,76,INFLOW,20150311,0900,10519, ,CFS
SHA,H,76,INFLOW,20150311,1000,9727, ,CFS
SHA,H,76,INFLOW,20150311,1100,9521, ,CFS
SHA,H,76,INFLOW,20150311,1200,7058, ,CFS
SHA,H,76,INFLOW,20150311,1300,4643, ,CFS
SHA,H,76,INFLOW,20150311,1400,2227, ,CFS
SHA,H,76,INFLOW,20150311,1500,4843, ,CFS
SHA,H,76,INFLOW,20150311,1600,6964, ,CFS
SHA,H,76,INFLOW,20150311,1700,4651, ,CFS
SHA,H,76,INFLOW,20150311,1800,-381, ,CFS
SHA,H,76,INFLOW,20150311,1900,15680, ,CFS
SHA,H,76,INFLOW,20150311,2000,1030, ,CFS
SHA,H,76,INFLOW,20150311,2100,13248, ,CFS
SHA,H,76,INFLOW,20150311,2200,5360, ,CFS
SHA,H,76,INFLOW,20150311,2300,5284, ,CFS
SHA,H,76,INFLOW,20150312,0000,7554, ,CFS
SHA,H,76,INFLOW,20150312,0100,5331, ,CFS
SHA,H,76,INFLOW,20150312,0200,195, ,CFS
SHA,H,76,INFLOW,20150312,0300,5135, ,CFS
SHA,H,76,INFLOW,20150312,0400,-11, ,CFS
SHA,H,76,INFLOW,20150312,0500,2864, ,CFS
SHA,H,76,INFLOW,20150312,0600,3083, ,CFS
SHA,H,76,INFLOW,20150312,0700,1016, ,CFS
SHA,H,76,INFLOW,20150312,0800,1019, ,CFS
SHA,H,76,INFLOW,20150312,0900,13176, ,CFS
SHA,H,76,INFLOW,20150312,1000,2994, ,CFS
SHA,H,76,INFLOW,20150312,1100,5610, ,CFS
SHA,H,76,INFLOW,20150312,1200,3013, ,CFS
SHA,H,76,INFLOW,20150312,1300,1047, ,CFS
SHA,H,76,INFLOW,20150312,1400,3476, ,CFS
SHA,H,76,INFLOW,20150312,1500,611, ,CFS
SHA,H,76,INFLOW,20150312,1600,703, ,CFS
SHA,H,76,INFLOW,20150312,1700,3014, ,CFS
SHA,H,76,INFLOW,20150312,1800,4488, ,CFS
SHA,H,76,INFLOW,20150312,1900,7182, ,CFS
SHA,H,76,INFLOW,20150312,2000,13662, ,CFS
SHA,H,76,INFLOW,20150312,2100,-1607, ,CFS
SHA,H,76,INFLOW,20150312,2200,17172, ,CFS
SHA,H,76,INFLOW,20150312,2300,1972, ,CFS
SHA,H,76,INFLOW,20150313,0000,10184, ,CFS
SHA,H,76,INFLOW,20150313,0100,5224, ,CFS
SHA,H,76,INFLOW,20150313,0200,2454, ,CFS
SHA,H,76,INFLOW,20150313,0300,5003, ,CFS
SHA,H,76,INFLOW,20150313,0400,2482, ,CFS
SHA,H,76,INFLOW,20150313,0500,2605, ,CFS
SHA,H,76,INFLOW,20150313,0600,3030, ,CFS
SHA,H,76,INFLOW,20150313,0700,619, ,CFS
SHA,H,76,INFLOW,20150313,0800,3473, ,CFS
SHA,H,76,INFLOW,20150313,0900,3284, ,CFS
SHA,H,76,INFLOW,20150313,1000,10947, ,CFS
SHA,H,76,INFLOW,20150313,1100,-2634, ,CFS
SHA,H,76,INFLOW,20150313,1200,7717, ,CFS
SHA,H,76,INFLOW,20150313,1300,827, ,CFS
SHA,H,76,INFLOW,20150313,1400,3423, ,CFS
SHA,H,76,INFLOW,20150313,1500,3001, ,CFS
SHA,H,76,INFLOW,20150313,1600,364, ,CFS
SHA,H,76,INFLOW,20150313,1700,5436, ,CFS
SHA,H,76,INFLOW,20150313,1800,2754, ,CFS
SHA,H,76,INFLOW,20150313,1900,7473, ,CFS
SHA,H,76,INFLOW,20150313,2000,7723, ,CFS
SHA,H,76,INFLOW,20150313,2100,9560, ,CFS
SHA,H,76,INFLOW,20150313,2200,4783, ,CFS
SHA,H,76,INFLOW,20150313,2300,9716, ,CFS
SHA,H,76,INFLOW,20150314,0000,4055, ,CFS
SHA,H,76,INFLOW,20150314,0100,2834, ,CFS
SHA,H,76,INFLOW,20150314,0200,2726, ,CFS
SHA,H,76,INFLOW,20150314,0300,2649, ,CFS
SHA,H,76,INFLOW,20150314,0400,5167, ,CFS
SHA,H,76,INFLOW,20150314,0500,302, ,CFS
SHA,H,76,INFLOW,20150314,0600,2731, ,CFS
SHA,H,76,INFLOW,20150314,0700,118, ,CFS
SHA,H,76,INFLOW,20150314,0800,4869, ,CFS
SHA,H,76,INFLOW,20150314,0900,10115, ,CFS
SHA,H,76,INFLOW,20150314,1000,2100, ,CFS
SHA,H,76,INFLOW,20150314,1100,-2094, ,CFS
SHA,H,76,INFLOW,20150314,1200,7785, ,CFS
SHA,H,76,INFLOW,20150314,1300,2882, ,CFS
SHA,H,76,INFLOW,20150314,1400,2886, ,CFS
SHA,H,76,INFLOW,20150314,1500,2792, ,CFS
SHA,H,76,INFLOW,20150314,1600,7574, ,CFS
SHA,H,76,INFLOW,20150314,1700,2955, ,CFS
SHA,H,76,INFLOW,20150314,1800,7634, ,CFS
SHA,H,76,INFLOW,20150314,1900,8221, ,CFS
SHA,H,76,INFLOW,20150314,2000,8458, ,CFS
SHA,H,76,INFLOW,20150314,2100,8218, ,CFS
SHA,H,76,INFLOW,20150314,2200,4433, ,CFS
SHA,H,76,INFLOW,20150314,2300,11005, ,CFS
SHA,H,76,INFLOW,20150315,0000,8337, ,CFS
SHA,H,76,INFLOW,20150315,0100,2430, ,CFS
SHA,H,76,INFLOW,20150315,0200,2470, ,CFS
SHA,H,76,INFLOW,20150315,0300,2208, ,CFS
SHA,H,76,INFLOW,20150315,0400,2024, ,CFS
SHA,H,76,INFLOW,20150315,0500,4525, ,CFS
SHA,H,76,INFLOW,20150315,0600,-256, ,CFS
SHA,H,76,INFLOW,20150315,0700,3520, ,CFS
SHA,H,76,INFLOW,20150315,0800,6563, ,CFS
SHA,H,76,INFLOW,20150315,0900,1962, ,CFS
SHA,H,76,INFLOW,20150315,1000,4791, ,CFS
SHA,H,76,INFLOW,20150315,1100,4819, ,CFS
SHA,H,76,INFLOW,20150315,1200,4769, ,CFS
SHA,H,76,INFLOW,20150315,1300,-250, ,CFS
SHA,H,76,INFLOW,20150315,1400,4809, ,CFS
SHA,H,76,INFLOW,20150315,1500,-3434, ,CFS
SHA,H,76,INFLOW,20150315,1600,1903, ,CFS
SHA,H,76,INFLOW,20150315,1700,7114, ,CFS
SHA,H,76,INFLOW,20150315,1800,1849, ,CFS
SHA,H,76,INFLOW,20150315,1900,9278, ,CFS
SHA,H,76,INFLOW,20150315,2000,10264, ,CFS
SHA,H,76,INFLOW,20150315,2100,9915, ,CFS
SHA,H,76,INFLOW,20150315,2200,6847, ,CFS
SHA,H,76,INFLOW,20150315,2300,12133, ,CFS
SHA,H,76,INFLOW,20150316,0000,6654, ,CFS
SHA,H,76,INFLOW,20150316,0100,-803, ,CFS
SHA,H,76,INFLOW,20150316,0200,4028, ,CFS
SHA,H,76,INFLOW,20150316,0300,3959, ,CFS
SHA,H,76,INFLOW,20150316,0400,1445, ,CFS
SHA,H,76,INFLOW,20150316,0500,3924, ,CFS
SHA,H,76,INFLOW,20150316,0600,3919, ,CFS
SHA,H,76,INFLOW,20150316,0700,1180, ,CFS
SHA,H,76,INFLOW,20150316,0800,9201, ,CFS
SHA,H,76,INFLOW,20150316,0900,6637, ,CFS
SHA,H,76,INFLOW,20150316,1000,11508, ,CFS
SHA,H,76,INFLOW,20150316,1100,3863, ,CFS
SHA,H,76,INFLOW,20150316,1200,3890, ,CFS
SHA,H,76,INFLOW,20150316,1300,1285, ,CFS
SHA,H,76,INFLOW,20150316,1400,4439, ,CFS
SHA,H,76,INFLOW,20150316,1500,4362, ,CFS
SHA,H,76,INFLOW,20150316,1600,12019, ,CFS
SHA,H,76,INFLOW,20150316,1700,-5659, ,CFS
SHA,H,76,INFLOW,20150316,1800,6850, ,CFS
SHA,H,76,INFLOW,20150316,1900,4362, ,CFS
SHA,H,76,INFLOW,20150316,2000,4451, ,CFS
SHA,H,76,INFLOW,20150316,2100,11815, ,CFS
SHA,H,76,INFLOW,20150316,2200,6955, ,CFS
SHA,H,76,INFLOW,20150316,2300,2595, ,CFS
SHA,H,76,INFLOW,20150317,0000,10054, ,CFS
SHA,H,76,INFLOW,20150317,0100,-1159, ,CFS
SHA,H,76,INFLOW,20150317,0200,3959, ,CFS
SHA,H,76,INFLOW,20150317,0300,4206, ,CFS
SHA,H,76,INFLOW,20150317,0400,1603, ,CFS
SHA,H,76,INFLOW,20150317,0500,1597, ,CFS
SHA,H,76,INFLOW,20150317,0600,1834, ,CFS
SHA,H,76,INFLOW,20150317,0700,4333, ,CFS
SHA,H,76,INFLOW,20150317,0800,1850, ,CFS
SHA,H,76,INFLOW,20150317,0900,1625, ,CFS
SHA,H,76,INFLOW,20150317,1000,1508, ,CFS
SHA,H,76,INFLOW,20150317,1100,1619, ,CFS
SHA,H,76,INFLOW,20150317,1200,1051, ,CFS
SHA,H,76,INFLOW,20150317,1300,4458, ,CFS
SHA,H,76,INFLOW,20150317,1400,2147, ,CFS
SHA,H,76,INFLOW,20150317,1500,1957, ,CFS
SHA,H,76,INFLOW,20150317,1600,2140, ,CFS
SHA,H,76,INFLOW,20150317,1700,1946, ,CFS
SHA,H,76,INFLOW,20150317,1800,302, ,CFS
SHA,H,76,INFLOW,20150317,1900,187, ,CFS
SHA,H,76,INFLOW,20150317,2000,5117, ,CFS
SHA,H,76,INFLOW,20150317,2100,7804, ,CFS
SHA,H,76,INFLOW,20150317,2200,7868, ,CFS
SHA,H,76,INFLOW,20150317,2300,1925, ,CFS
SHA,H,76,INFLOW,20150318,0000,6650, ,CFS
SHA,H,76,INFLOW,20150318,0100,-2389, ,CFS
SHA,H,76,INFLOW,20150318,0200,2573, ,CFS
SHA,H,76,INFLOW,20150318,0300,5102, ,CFS
SHA,H,76,INFLOW,20150318,0400,48, ,CFS
SHA,H,76,INFLOW,20150318,0500,2574, ,CFS
SHA,H,76,INFLOW,20150318,0600,2644, ,CFS
SHA,H,76,INFLOW,20150318,0700,217, ,CFS
SHA,H,76,INFLOW,20150318,0800,5205, ,CFS
SHA,H,76,INFLOW,20150318,0900,8015, ,CFS
SHA,H,76,INFLOW,20150318,1000,8216, ,CFS
SHA,H,76,INFLOW,20150318,1100,-1637, ,CFS
SHA,H,76,INFLOW,20150318,1200,887, ,CFS
SHA,H,76,INFLOW,20150318,1300,484, ,CFS
SHA,H,76,INFLOW,20150318,1400,3220, ,CFS
SHA,H,76,INFLOW,20150318,1500,3138, ,CFS
SHA,H,76,INFLOW,20150318,1600,-1792, ,CFS
SHA,H,76,INFLOW,20150318,1700,8481, ,CFS
SHA,H,76,INFLOW,20150318,1800,-1388, ,CFS
SHA,H,76,INFLOW,20150318,1900,7243, ,CFS
SHA,H,76,INFLOW,20150318,2000,3488, ,CFS
SHA,H,76,INFLOW,20150318,2100,13868, ,CFS
SHA,H,76,INFLOW,20150318,2200,1119, ,CFS
SHA,H,76,INFLOW,20150318,2300,5031, ,CFS
SHA,H,76,INFLOW,20150319,0000,8627, ,CFS
SHA,H,76,INFLOW,20150319,0100,10388, ,CFS
SHA,H,76,INFLOW,20150319,0200,105, ,CFS
SHA,H,76,INFLOW,20150319,0300,5164, ,CFS
SHA,H,76,INFLOW,20150319,0400,105, ,CFS
SHA,H,76,INFLOW,20150319,0500,5164, ,CFS
SHA,H,76,INFLOW,20150319,0600,2634, ,CFS
SHA,H,76,INFLOW,20150319,0700,251, ,CFS
SHA,H,76,INFLOW,20150319,0800,4882, ,CFS
SHA,H,76,INFLOW,20150319,0900,8490, ,CFS
SHA,H,76,INFLOW,20150319,1000,3804, ,CFS
SHA,H,76,INFLOW,20150319,1100,5748, ,CFS
SHA,H,76,INFLOW,20150319,1200,3239, ,CFS
SHA,H,76,INFLOW,20150319,1300,-516, ,CFS
SHA,H,76,INFLOW,20150319,1400,2292, ,CFS
SHA,H,76,INFLOW,20150319,1500,2243, ,CFS
SHA,H,76,INFLOW,20150319,1600,4901, ,CFS
SHA,H,76,INFLOW,20150319,1700,2315, ,CFS
SHA,H,76,INFLOW,20150319,1800,2524, ,CFS
SHA,H,76,INFLOW,20150319,1900,7424, ,CFS
SHA,H,76,INFLOW,20150319,2000,7404, ,CFS
SHA,H,76,INFLOW,20150319,2100,9536, ,CFS
SHA,H,76,INFLOW,20150319,2200,10387, ,CFS
SHA,H,76,INFLOW,20150319,2300,3790, ,CFS
SHA,H,76,INFLOW,20150320,0000,7994, ,CFS
SHA,H,76,INFLOW,20150320,0100,99, ,CFS
SHA,H,76,INFLOW,20150320,0200,5158, ,CFS
SHA,H,76,INFLOW,20150320,0300,5158, ,CFS
SHA,H,76,INFLOW,20150320,0400,99, ,CFS
SHA,H,76,INFLOW,20150320,0500,5158, ,CFS
SHA,H,76,INFLOW,20150320,0600,2682, ,CFS
SHA,H,76,INFLOW,20150320,0700,-3494, ,CFS
SHA,H,76,INFLOW,20150320,0800,13619, ,CFS
SHA,H,76,INFLOW,20150320,0900,-300, ,CFS
SHA,H,76,INFLOW,20150320,1000,11434, ,CFS
SHA,H,76,INFLOW,20150320,1100,2055, ,CFS
SHA,H,76,INFLOW,20150320,1200,4345, ,CFS
SHA,H,76,INFLOW,20150320,1300,4556, ,CFS
SHA,H,76,INFLOW,20150320,1400,259, ,CFS
SHA,H,76,INFLOW,20150320,1500,3037, ,CFS
SHA,H,76,INFLOW,20150320,1600,967, ,CFS
SHA,H,76,INFLOW,20150320,1700,-134, ,CFS
SHA,H,76,INFLOW,20150320,1800,5728, ,CFS
SHA,H,76,INFLOW,20150320,1900,446, ,CFS
SHA,H,76,INFLOW,20150320,2000,7827, ,CFS
SHA,H,76,INFLOW,20150320,2100,3619, ,CFS
SHA,H,76,INFLOW,20150320,2200,10615, ,CFS
SHA,H,76,INFLOW,20150320,2300,9669, ,CFS
SHA,H,76,INFLOW,20150321,0000,5407, ,CFS
SHA,H,76,INFLOW,20150321,0100,2640, ,CFS
SHA,H,76,INFLOW,20150321,0200,2641, ,CFS
SHA,H,76,INFLOW,20150321,0300,5170, ,CFS
SHA,H,76,INFLOW,20150321,0400,2640, ,CFS
SHA,H,76,INFLOW,20150321,0500,111, ,CFS
SHA,H,76,INFLOW,20150321,0600,7761, ,CFS
SHA,H,76,INFLOW,20150321,0700,1089, ,CFS
SHA,H,76,INFLOW,20150321,0800,-211, ,CFS
SHA,H,76,INFLOW,20150321,0900,1534, ,CFS
SHA,H,76,INFLOW,20150321,1000,3339, ,CFS
SHA,H,76,INFLOW,20150321,1100,1355, ,CFS
SHA,H,76,INFLOW,20150321,1200,3705, ,CFS
SHA,H,76,INFLOW,20150321,1300,1331, ,CFS
SHA,H,76,INFLOW,20150321,1400,1736, ,CFS
SHA,H,76,INFLOW,20150321,1500,2229, ,CFS
SHA,H,76,INFLOW,20150321,1600,2362, ,CFS
SHA,H,76,INFLOW,20150321,1700,5022, ,CFS
SHA,H,76,INFLOW,20150321,1800,-1918, ,CFS
SHA,H,76,INFLOW,20150321,1900,1012, ,CFS
SHA,H,76,INFLOW,20150321,2000,10701, ,CFS
SHA,H,76,INFLOW,20150321,2100,1793, ,CFS
SHA,H,76,INFLOW,20150321,2200,7097, ,CFS
SHA,H,76,INFLOW,20150321,2300,-653, ,CFS
SHA,H,76,INFLOW,20150322,0000,1988, ,CFS
SHA,H,76,INFLOW,20150322,0100,5312, ,CFS
SHA,H,76,INFLOW,20150322,0200,166, ,CFS
SHA,H,76,INFLOW,20150322,0300,2695, ,CFS
SHA,H,76,INFLOW,20150322,0400,5225, ,CFS
SHA,H,76,INFLOW,20150322,0500,2696, ,CFS
SHA,H,76,INFLOW,20150322,0600,2695, ,CFS
SHA,H,76,INFLOW,20150322,0700,227, ,CFS
SHA,H,76,INFLOW,20150322,0800,6154, ,CFS
SHA,H,76,INFLOW,20150322,0900,-1255, ,CFS
SHA,H,76,INFLOW,20150322,1000,1384, ,CFS
SHA,H,76,INFLOW,20150322,1100,2462, ,CFS
SHA,H,76,INFLOW,20150322,1200,3364, ,CFS
SHA,H,76,INFLOW,20150322,1300,3326, ,CFS
SHA,H,76,INFLOW,20150322,1400,3303, ,CFS
SHA,H,76,INFLOW,20150322,1500,3320, ,CFS
SHA,H,76,INFLOW,20150322,1600,8388, ,CFS
SHA,H,76,INFLOW,20150322,1700,-6722, ,CFS
SHA,H,76,INFLOW,20150322,1800,22964, ,CFS
SHA,H,76,INFLOW,20150322,1900,-930, ,CFS
SHA,H,76,INFLOW,20150322,2000,8380, ,CFS
SHA,H,76,INFLOW,20150322,2100,-10963, ,CFS
SHA,H,76,INFLOW,20150322,2200,14480, ,CFS
SHA,H,76,INFLOW,20150322,2300,-2333, ,CFS
SHA,H,76,INFLOW,20150323,0000,7687, ,CFS
SHA,H,76,INFLOW,20150323,0100,7687, ,CFS
SHA,H,76,INFLOW,20150323,0200,99, ,CFS
SHA,H,76,INFLOW,20150323,0300,2628, ,CFS
SHA,H,76,INFLOW,20150323,0400,2629, ,CFS
SHA,H,76,INFLOW,20150323,0500,2628, ,CFS
SHA,H,76,INFLOW,20150323,0600,5241, ,CFS
SHA,H,76,INFLOW,20150323,0700,1415, ,CFS
SHA,H,76,INFLOW,20150323,0800,2053, ,CFS
SHA,H,76,INFLOW,20150323,0900,9033, ,CFS
SHA,H,76,INFLOW,20150323,1000,7534, ,CFS
SHA,H,76,INFLOW,20150323,1100,3885, ,CFS
SHA,H,76,INFLOW,20150323,1200,4373, ,CFS
SHA,H,76,INFLOW,20150323,1300,1847, ,CFS
SHA,H,76,INFLOW,20150323,1400,-684, ,CFS
SHA,H,76,INFLOW,20150323,1500,4239, ,CFS
SHA,H,76,INFLOW,20150323,1600,-1076, ,CFS
SHA,H,76,INFLOW,20150323,1700,6501, ,CFS
SHA,H,76,INFLOW,20150323,1800,-465, ,CFS
SHA,H,76,INFLOW,20150323,1900,1797, ,CFS
SHA,H,76,INFLOW,20150323,2000,9359, ,CFS
SHA,H,76,INFLOW,20150323,2100,545, ,CFS
SHA,H,76,INFLOW,20150323,2200,7894, ,CFS
SHA,H,76,INFLOW,20150323,2300,4016, ,CFS
SHA,H,76,INFLOW,20150324,0000,2817, ,CFS
SHA,H,76,INFLOW,20150324,0100,2603, ,CFS
SHA,H,76,INFLOW,20150324,0200,74, ,CFS
SHA,H,76,INFLOW,20150324,0300,5133, ,CFS
SHA,H,76,INFLOW,20150324,0400,2603, ,CFS
SHA,H,76,INFLOW,20150324,0500,74, ,CFS
SHA,H,76,INFLOW,20150324,0600,5289, ,CFS
SHA,H,76,INFLOW,20150324,0700,3088, ,CFS
SHA,H,76,INFLOW,20150324,0800,1001, ,CFS
SHA,H,76,INFLOW,20150324,0900,2366, ,CFS
SHA,H,76,INFLOW,20150324,1000,3846, ,CFS
SHA,H,76,INFLOW,20150324,1100,999, ,CFS
SHA,H,76,INFLOW,20150324,1200,1299, ,CFS
SHA,H,76,INFLOW,20150324,1300,-821, ,CFS
SHA,H,76,INFLOW,20150324,1400,4277, ,CFS
SHA,H,76,INFLOW,20150324,1500,1665, ,CFS
SHA,H,76,INFLOW,20150324,1600,697, ,CFS
SHA,H,76,INFLOW,20150324,1700,3004, ,CFS
SHA,H,76,INFLOW,20150324,1800,1179, ,CFS
SHA,H,76,INFLOW,20150324,1900,10250, ,CFS
SHA,H,76,INFLOW,20150324,2000,3462, ,CFS
SHA,H,76,INFLOW,20150324,2100,11952, ,CFS
SHA,H,76,INFLOW,20150324,2200,5427, ,CFS
SHA,H,76,INFLOW,20150324,2300,8653, ,CFS
SHA,H,76,INFLOW,20150325,0000,7829, ,CFS
SHA,H,76,INFLOW,20150325,0100,74, ,CFS
SHA,H,76,INFLOW,20150325,0200,2603, ,CFS
SHA,H,76,INFLOW,20150325,0300,5133, ,CFS
SHA,H,76,INFLOW,20150325,0400,2603, ,CFS
SHA,H,76,INFLOW,20150325,0500,7663, ,CFS
SHA,H,76,INFLOW,20150325,0600,328, ,CFS
SHA,H,76,INFLOW,20150325,0700,-2202, ,CFS
SHA,H,76,INFLOW,20150325,0800,11866, ,CFS
SHA,H,76,INFLOW,20150325,0900,424, ,CFS
SHA,H,76,INFLOW,20150325,1000,8107, ,CFS
SHA,H,76,INFLOW,20150325,1100,7981, ,CFS
SHA,H,76,INFLOW,20150325,1200,-2296, ,CFS
SHA,H,76,INFLOW,20150325,1300,5167, ,CFS
SHA,H,76,INFLOW,20150325,1400,2630, ,CFS
SHA,H,76,INFLOW,20150325,1500,-2387, ,CFS
SHA,H,76,INFLOW,20150325,1600,6140, ,CFS
SHA,H,76,INFLOW,20150325,1700,-553, ,CFS
SHA,H,76,INFLOW,20150325,1800,6155, ,CFS
SHA,H,76,INFLOW,20150325,1900,7269, ,CFS
SHA,H,76,INFLOW,20150325,2000,12325, ,CFS
SHA,H,76,INFLOW,20150325,2100,7481, ,CFS
SHA,H,76,INFLOW,20150325,2200,5884, ,CFS
SHA,H,76,INFLOW,20150325,2300,5726, ,CFS
SHA,H,76,INFLOW,20150326,0000,9785, ,CFS
SHA,H,76,INFLOW,20150326,0100,7766, ,CFS
SHA,H,76,INFLOW,20150326,0200,-2456, ,CFS
SHA,H,76,INFLOW,20150326,0300,7662, ,CFS
SHA,H,76,INFLOW,20150326,0400,2604, ,CFS
SHA,H,76,INFLOW,20150326,0500,74, ,CFS
SHA,H,76,INFLOW,20150326,0600,2933, ,CFS
SHA,H,76,INFLOW,20150326,0700,3471, ,CFS
SHA,H,76,INFLOW,20150326,0800,4178, ,CFS
SHA,H,76,INFLOW,20150326,0900,5716, ,CFS
SHA,H,76,INFLOW,20150326,1000,7818, ,CFS
SHA,H,76,INFLOW,20150326,1100,-813, ,CFS
SHA,H,76,INFLOW,20150326,1200,447, ,CFS
SHA,H,76,INFLOW,20150326,1300,5172, ,CFS
SHA,H,76,INFLOW,20150326,1400,134, ,CFS
SHA,H,76,INFLOW,20150326,1500,909, ,CFS
SHA,H,76,INFLOW,20150326,1600,6158, ,CFS
SHA,H,76,INFLOW,20150326,1700,739, ,CFS
SHA,H,76,INFLOW,20150326,1800,13467, ,CFS
SHA,H,76,INFLOW,20150326,1900,3743, ,CFS
SHA,H,76,INFLOW,20150326,2000,9332, ,CFS
SHA,H,76,INFLOW,20150326,2100,11393, ,CFS
SHA,H,76,INFLOW,20150326,2200,2431, ,CFS
SHA,H,76,INFLOW,20150326,2300,9420, ,CFS
SHA,H,76,INFLOW,20150327,0000,8055, ,CFS
SHA,H,76,INFLOW,20150327,0100,2604, ,CFS
SHA,H,76,INFLOW,20150327,0200,2603, ,CFS
SHA,H,76,INFLOW,20150327,0300,5133, ,CFS
SHA,H,76,INFLOW,20150327,0400,2603, ,CFS
SHA,H,76,INFLOW,20150327,0500,2604, ,CFS
SHA,H,76,INFLOW,20150327,0600,314, ,CFS
SHA,H,76,INFLOW,20150327,0700,4154, ,CFS
SHA,H,76,INFLOW,20150327,0800,6143, ,CFS
SHA,H,76,INFLOW,20150327,0900,22183, ,CFS
SHA,H,76,INFLOW,20150327,1000,6510, ,CFS
SHA,H,76,INFLOW,20150327,1100,-1200, ,CFS
SHA,H,76,INFLOW,20150327,1200,1456, ,CFS
SHA,H,76,INFLOW,20150327,1300,1821, ,CFS
SHA,H,76,INFLOW,20150327,1400,2297, ,CFS
SHA,H,76,INFLOW,20150327,1500,2507, ,CFS
SHA,H,76,INFLOW,20150327,1600,2448, ,CFS
SHA,H,76,INFLOW,20150327,1700,4819, ,CFS
SHA,H,76,INFLOW,20150327,1800,-239, ,CFS
SHA,H,76,INFLOW,20150327,1900,4907, ,CFS
SHA,H,76,INFLOW,20150327,2000,4770, ,CFS
SHA,H,76,INFLOW,20150327,2100,7180, ,CFS
SHA,H,76,INFLOW,20150327,2200,12675, ,CFS
SHA,H,76,INFLOW,20150327,2300,13144, ,CFS
SHA,H,76,INFLOW,20150328,0000,-10694, ,CFS
SHA,H,76,INFLOW,20150328,0100,2849, ,CFS
SHA,H,76,INFLOW,20150328,0200,7687, ,CFS
SHA,H,76,INFLOW,20150328,0300,2629, ,CFS
SHA,H,76,INFLOW,20150328,0400,5158, ,CFS
SHA,H,76,INFLOW,20150328,0500,99, ,CFS
SHA,H,76,INFLOW,20150328,0600,2628, ,CFS
SHA,H,76,INFLOW,20150328,0700,1200, ,CFS
SHA,H,76,INFLOW,20150328,0800,8333, ,CFS
SHA,H,76,INFLOW,20150328,0900,7097, ,CFS
SHA,H,76,INFLOW,20150328,1000,6821, ,CFS
SHA,H,76,INFLOW,20150328,1100,-3036, ,CFS
SHA,H,76,INFLOW,20150328,1200,3695, ,CFS
SHA,H,76,INFLOW,20150328,1300,-3822, ,CFS
SHA,H,76,INFLOW,20150328,1400,6772, ,CFS
SHA,H,76,INFLOW,20150328,1500,1748, ,CFS
SHA,H,76,INFLOW,20150328,1600,-512, ,CFS
SHA,H,76,INFLOW,20150328,1700,3864, ,CFS
SHA,H,76,INFLOW,20150328,1800,375, ,CFS
SHA,H,76,INFLOW,20150328,1900,617, ,CFS
SHA,H,76,INFLOW,20150328,2000,15386, ,CFS
SHA,H,76,INFLOW,20150328,2100,3277, ,CFS
SHA,H,76,INFLOW,20150328,2200,10505, ,CFS
SHA,H,76,INFLOW,20150328,2300,5609, ,CFS
SHA,H,76,INFLOW,20150329,0000,9890, ,CFS
SHA,H,76,INFLOW,20150329,0100,2898, ,CFS
SHA,H,76,INFLOW,20150329,0200,2794, ,CFS
SHA,H,76,INFLOW,20150329,0300,5351, ,CFS
SHA,H,76,INFLOW,20150329,0400,5352, ,CFS
SHA,H,76,INFLOW,20150329,0500,2808, ,CFS
SHA,H,76,INFLOW,20150329,0600,2809, ,CFS
SHA,H,76,INFLOW,20150329,0700,2809, ,CFS
SHA,H,76,INFLOW,20150329,0800,7896, ,CFS
SHA,H,76,INFLOW,20150329,0900,7896, ,CFS
SHA,H,76,INFLOW,20150329,1000,5353, ,CFS
SHA,H,76,INFLOW,20150329,1100,394, ,CFS
SHA,H,76,INFLOW,20150329,1200,4971, ,CFS
SHA,H,76,INFLOW,20150329,1300,218, ,CFS
SHA,H,76,INFLOW,20150329,1400,630, ,CFS
SHA,H,76,INFLOW,20150329,1500,2986, ,CFS
SHA,H,76,INFLOW,20150329,1600,3354, ,CFS
SHA,H,76,INFLOW,20150329,1700,5492, ,CFS
SHA,H,76,INFLOW,20150329,1800,9664, ,CFS
SHA,H,76,INFLOW,20150329,1900,4790, ,CFS
SHA,H,76,INFLOW,20150329,2000,10730, ,CFS
SHA,H,76,INFLOW,20150329,2100,8311, ,CFS
SHA,H,76,INFLOW,20150329,2200,6198, ,CFS
SHA,H,76,INFLOW,20150329,2300,5580, ,CFS
SHA,H,76,INFLOW,20150330,0000,223, ,CFS
SHA,H,76,INFLOW,20150330,0100,5309, ,CFS
SHA,H,76,INFLOW,20150330,0200,5310, ,CFS
SHA,H,76,INFLOW,20150330,0300,223, ,CFS
SHA,H,76,INFLOW,20150330,0400,2766, ,CFS
SHA,H,76,INFLOW,20150330,0500,2766, ,CFS
SHA,H,76,INFLOW,20150330,0600,-2185, ,CFS
SHA,H,76,INFLOW,20150330,0700,12774, ,CFS
SHA,H,76,INFLOW,20150330,0800,2350, ,CFS
SHA,H,76,INFLOW,20150330,0900,5904, ,CFS
SHA,H,76,INFLOW,20150330,1000,11011, ,CFS
SHA,H,76,INFLOW,20150330,1100,3068, ,CFS
SHA,H,76,INFLOW,20150330,1200,5992, ,CFS
SHA,H,76,INFLOW,20150330,1300,8486, ,CFS
SHA,H,76,INFLOW,20150330,1400,1424, ,CFS
SHA,H,76,INFLOW,20150330,1500,4389, ,CFS
SHA,H,76,INFLOW,20150330,1600,4310, ,CFS
SHA,H,76,INFLOW,20150330,1700,2181, ,CFS
SHA,H,76,INFLOW,20150330,1800,7335, ,CFS
SHA,H,76,INFLOW,20150330,1900,3649, ,CFS
SHA,H,76,INFLOW,20150330,2000,13047, ,CFS
SHA,H,76,INFLOW,20150330,2100,2209, ,CFS
SHA,H,76,INFLOW,20150330,2200,10828, ,CFS
SHA,H,76,INFLOW,20150330,2300,4822, ,CFS
SHA,H,76,INFLOW,20150331,0000,5473, ,CFS
SHA,H,76,INFLOW,20150331,0100,3881, ,CFS
SHA,H,76,INFLOW,20150331,0200,1238, ,CFS
SHA,H,76,INFLOW,20150331,0300,6586, ,CFS
SHA,H,76,INFLOW,20150331,0400,-1026, ,CFS
SHA,H,76,INFLOW,20150331,0500,4231, ,CFS
SHA,H,76,INFLOW,20150331,0600,4500, ,CFS
SHA,H,76,INFLOW,20150331,0700,437, ,CFS
SHA,H,76,INFLOW,20150331,0800,5111, ,CFS
SHA,H,76,INFLOW,20150331,0900,2840, ,CFS
SHA,H,76,INFLOW,20150331,1000,5401, ,CFS
SHA,H,76,INFLOW,20150331,1100,567, ,CFS
SHA,H,76,INFLOW,20150331,1200,5692, ,CFS
SHA,H,76,INFLOW,20150331,1300,2865, ,CFS
SHA,H,76,INFLOW,20150331,1400,2898, ,CFS
SHA,H,76,INFLOW,20150331,1500,5449, ,CFS
SHA,H,76,INFLOW,20150331,1600,563, ,CFS
SHA,H,76,INFLOW,20150331,1700,-1544, ,CFS
SHA,H,76,INFLOW,20150331,1800,5294, ,CFS
SHA,H,76,INFLOW,20150331,1900,3627, ,CFS
SHA,H,76,INFLOW,20150331,2000,14833, ,CFS
SHA,H,76,INFLOW,20150331,2100,535, ,CFS
SHA,H,76,INFLOW,20150331,2200,10919, ,CFS
SHA,H,76,INFLOW,20150331,2300,8400, ,CFS
SHA,H,76,INFLOW,20150401,0000,7802, ,CFS
SHA,H,76,INFLOW,20150401,0100,1523, ,CFS
SHA,H,76,INFLOW,20150401,0200,8828, ,CFS
SHA,H,76,INFLOW,20150401,0300,-1160, ,CFS
SHA,H,76,INFLOW,20150401,0400,3936, ,CFS
SHA,H,76,INFLOW,20150401,0500,4296, ,CFS
SHA,H,76,INFLOW,20150401,0600,-544, ,CFS
SHA,H,76,INFLOW,20150401,0700,3387, ,CFS
SHA,H,76,INFLOW,20150401,0800,5098, ,CFS
SHA,H,76,INFLOW,20150401,0900,1720, ,CFS
SHA,H,76,INFLOW,20150401,1000,5870, ,CFS
SHA,H,76,INFLOW,20150401,1100,3188, ,CFS
SHA,H,76,INFLOW,20150401,1200,645, ,CFS
SHA,H,76,INFLOW,20150401,1300,5920, ,CFS
SHA,H,76,INFLOW,20150401,1400,856, ,CFS
SHA,H,76,INFLOW,20150401,1500,3375, ,CFS
SHA,H,76,INFLOW,20150401,1600,-1775, ,CFS
SHA,H,76,INFLOW,20150401,1700,3404, ,CFS
SHA,H,76,INFLOW,20150401,1800,894, ,CFS
SHA,H,76,INFLOW,20150401,1900,1430, ,CFS
SHA,H,76,INFLOW,20150401,2000,10205, ,CFS
SHA,H,76,INFLOW,20150401,2100,4348, ,CFS
SHA,H,76,INFLOW,20150401,2200,3292, ,CFS
SHA,H,76,INFLOW,20150401,2300,13124, ,CFS
SHA,H,76,INFLOW,20150402,0000,6922, ,CFS
SHA,H,76,INFLOW,20150402,0100,3876, ,CFS
SHA,H,76,INFLOW,20150402,0200,6310, ,CFS
SHA,H,76,INFLOW,20150402,0300,1289, ,CFS
SHA,H,76,INFLOW,20150402,0400,1228, ,CFS
SHA,H,76,INFLOW,20150402,0500,1688, ,CFS
SHA,H,76,INFLOW,20150402,0600,2140, ,CFS
SHA,H,76,INFLOW,20150402,0700,3231, ,CFS
SHA,H,76,INFLOW,20150402,0800,4957, ,CFS
SHA,H,76,INFLOW,20150402,0900,3809, ,CFS
SHA,H,76,INFLOW,20150402,1000,5668, ,CFS
SHA,H,76,INFLOW,20150402,1100,-5180, ,CFS
SHA,H,76,INFLOW,20150402,1200,7463, ,CFS
SHA,H,76,INFLOW,20150402,1300,456, ,CFS
SHA,H,76,INFLOW,20150402,1400,825, ,CFS
SHA,H,76,INFLOW,20150402,1500,3441, ,CFS
SHA,H,76,INFLOW,20150402,1600,3251, ,CFS
SHA,H,76,INFLOW,20150402,1700,3343, ,CFS
SHA,H,76,INFLOW,20150402,1800,855, ,CFS
SHA,H,76,INFLOW,20150402,1900,2806, ,CFS
SHA,H,76,INFLOW,20150402,2000,10615, ,CFS
SHA,H,76,INFLOW,20150402,2100,4569, ,CFS
SHA,H,76,INFLOW,20150402,2200,5758, ,CFS
SHA,H,76,INFLOW,20150402,2300,10381, ,CFS
SHA,H,76,INFLOW,20150403,0000,4006, ,CFS
SHA,H,76,INFLOW,20150403,0100,9314, ,CFS
SHA,H,76,INFLOW,20150403,0200,1031, ,CFS
SHA,H,76,INFLOW,20150403,0300,6369, ,CFS
SHA,H,76,INFLOW,20150403,0400,3724, ,CFS
SHA,H,76,INFLOW,20150403,0500,-1093, ,CFS
SHA,H,76,INFLOW,20150403,0600,4565, ,CFS
SHA,H,76,INFLOW,20150403,0700,1655, ,CFS
SHA,H,76,INFLOW,20150403,0800,4312, ,CFS
SHA,H,76,INFLOW,20150403,0900,5982, ,CFS
SHA,H,76,INFLOW,20150403,1000,2751, ,CFS
SHA,H,76,INFLOW,20150403,1100,7880, ,CFS
SHA,H,76,INFLOW,20150403,1200,5448, ,CFS
SHA,H,76,INFLOW,20150403,1300,3021, ,CFS
SHA,H,76,INFLOW,20150403,1400,4853, ,CFS
SHA,H,76,INFLOW,20150403,1500,2244, ,CFS
SHA,H,76,INFLOW,20150403,1600,4761, ,CFS
SHA,H,76,INFLOW,20150403,1700,2149, ,CFS
SHA,H,76,INFLOW,20150403,1800,8, ,CFS
SHA,H,76,INFLOW,20150403,1900,7617, ,CFS
SHA,H,76,INFLOW,20150403,2000,11226, ,CFS
SHA,H,76,INFLOW,20150403,2100,3345, ,CFS
SHA,H,76,INFLOW,20150403,2200,7680, ,CFS
SHA,H,76,INFLOW,20150403,2300,3518, ,CFS
SHA,H,76,INFLOW,20150404,0000,7154, ,CFS
SHA,H,76,INFLOW,20150404,0100,1652, ,CFS
SHA,H,76,INFLOW,20150404,0200,1404, ,CFS
SHA,H,76,INFLOW,20150404,0300,4085, ,CFS
SHA,H,76,INFLOW,20150404,0400,-1135, ,CFS
SHA,H,76,INFLOW,20150404,0500,1738, ,CFS
SHA,H,76,INFLOW,20150404,0600,4511, ,CFS
SHA,H,76,INFLOW,20150404,0700,1880, ,CFS
SHA,H,76,INFLOW,20150404,0800,3126, ,CFS
SHA,H,76,INFLOW,20150404,0900,5557, ,CFS
SHA,H,76,INFLOW,20150404,1000,7979, ,CFS
SHA,H,76,INFLOW,20150404,1100,3021, ,CFS
SHA,H,76,INFLOW,20150404,1200,3063, ,CFS
SHA,H,76,INFLOW,20150404,1300,5582, ,CFS
SHA,H,76,INFLOW,20150404,1400,606, ,CFS
SHA,H,76,INFLOW,20150404,1500,3071, ,CFS
SHA,H,76,INFLOW,20150404,1600,3094, ,CFS
SHA,H,76,INFLOW,20150404,1700,-545, ,CFS
SHA,H,76,INFLOW,20150404,1800,2339, ,CFS
SHA,H,76,INFLOW,20150404,1900,2095, ,CFS
SHA,H,76,INFLOW,20150404,2000,10631, ,CFS
SHA,H,76,INFLOW,20150404,2100,3924, ,CFS
SHA,H,76,INFLOW,20150404,2200,2982, ,CFS
SHA,H,76,INFLOW,20150404,2300,12208, ,CFS
SHA,H,76,INFLOW,20150405,0000,2390, ,CFS
SHA,H,76,INFLOW,20150405,0100,11642, ,CFS
SHA,H,76,INFLOW,20150405,0200,1145, ,CFS
SHA,H,76,INFLOW,20150405,0300,3744, ,CFS
SHA,H,76,INFLOW,20150405,0400,1188, ,CFS
SHA,H,76,INFLOW,20150405,0500,6340, ,CFS
SHA,H,76,INFLOW,20150405,0600,-733, ,CFS
SHA,H,76,INFLOW,20150405,0700,2536, ,CFS
SHA,H,76,INFLOW,20150405,0800,2373, ,CFS
SHA,H,76,INFLOW,20150405,0900,2709, ,CFS
SHA,H,76,INFLOW,20150405,1000,5233, ,CFS
SHA,H,76,INFLOW,20150405,1100,10016, ,CFS
SHA,H,76,INFLOW,20150405,1200,4785, ,CFS
SHA,H,76,INFLOW,20150405,1300,7195, ,CFS
SHA,H,76,INFLOW,20150405,1400,2247, ,CFS
SHA,H,76,INFLOW,20150405,1500,4909, ,CFS
SHA,H,76,INFLOW,20150405,1600,1991, ,CFS
SHA,H,76,INFLOW,20150405,1700,4235, ,CFS
SHA,H,76,INFLOW,20150405,1800,2252, ,CFS
SHA,H,76,INFLOW,20150405,1900,6988, ,CFS
SHA,H,76,INFLOW,20150405,2000,5414, ,CFS
SHA,H,76,INFLOW,20150405,2100,6703, ,CFS
SHA,H,76,INFLOW,20150405,2200,3271, ,CFS
SHA,H,76,INFLOW,20150405,2300,10394, ,CFS
SHA,H,76,INFLOW,20150406,0000,-3013, ,CFS
SHA,H,76,INFLOW,20150406,0100,11523, ,CFS
SHA,H,76,INFLOW,20150406,0200,8741, ,CFS
SHA,H,76,INFLOW,20150406,0300,-8763, ,CFS
SHA,H,76,INFLOW,20150406,0400,6758, ,CFS
SHA,H,76,INFLOW,20150406,0500,1654, ,CFS
SHA,H,76,INFLOW,20150406,0600,-2917, ,CFS
SHA,H,76,INFLOW,20150406,0700,7488, ,CFS
SHA,H,76,INFLOW,20150406,0800,666, ,CFS
SHA,H,76,INFLOW,20150406,0900,3683, ,CFS
SHA,H,76,INFLOW,20150406,1000,12895, ,CFS
SHA,H,76,INFLOW,20150406,1100,344, ,CFS
SHA,H,76,INFLOW,20150406,1200,2655, ,CFS
SHA,H,76,INFLOW,20150406,1300,5051, ,CFS
SHA,H,76,INFLOW,20150406,1400,252, ,CFS
SHA,H,76,INFLOW,20150406,1500,3334, ,CFS
SHA,H,76,INFLOW,20150406,1600,2808, ,CFS
SHA,H,76,INFLOW,20150406,1700,257, ,CFS
SHA,H,76,INFLOW,20150406,1800,1928, ,CFS
SHA,H,76,INFLOW,20150406,1900,4327, ,CFS
SHA,H,76,INFLOW,20150406,2000,10146, ,CFS
SHA,H,76,INFLOW,20150406,2100,2800, ,CFS
SHA,H,76,INFLOW,20150406,2200,10682, ,CFS
SHA,H,76,INFLOW,20150406,2300,5223, ,CFS
SHA,H,76,INFLOW,20150407,0000,6771, ,CFS
SHA,H,76,INFLOW,20150407,0100,8678, ,CFS
SHA,H,76,INFLOW,20150407,0200,862, ,CFS
SHA,H,76,INFLOW,20150407,0300,3459, ,CFS
SHA,H,76,INFLOW,20150407,0400,6193, ,CFS
SHA,H,76,INFLOW,20150407,0500,6644, ,CFS
SHA,H,76,INFLOW,20150407,0600,2268, ,CFS
SHA,H,76,INFLOW,20150407,0700,12817, ,CFS
SHA,H,76,INFLOW,20150407,0800,11250, ,CFS
SHA,H,76,INFLOW,20150407,0900,8647, ,CFS
SHA,H,76,INFLOW,20150407,1000,5561, ,CFS
SHA,H,76,INFLOW,20150407,1100,10676, ,CFS
SHA,H,76,INFLOW,20150407,1200,7992, ,CFS
SHA,H,76,INFLOW,20150407,1300,5326, ,CFS
SHA,H,76,INFLOW,20150407,1400,5486, ,CFS
SHA,H,76,INFLOW,20150407,1500,5355, ,CFS
SHA,H,76,INFLOW,20150407,1600,-3954, ,CFS
SHA,H,76,INFLOW,20150407,1700,5101, ,CFS
SHA,H,76,INFLOW,20150407,1800,2916, ,CFS
SHA,H,76,INFLOW,20150407,1900,-64, ,CFS
SHA,H,76,INFLOW,20150407,2000,9668, ,CFS
SHA,H,76,INFLOW,20150407,2100,5680, ,CFS
SHA,H,76,INFLOW,20150407,2200,1938, ,CFS
SHA,H,76,INFLOW,20150407,2300,9563, ,CFS
SHA,H,76,INFLOW,20150408,0000,-3565, ,CFS
SHA,H,76,INFLOW,20150408,0100,9125, ,CFS
SHA,H,76,INFLOW,20150408,0200,4121, ,CFS
SHA,H,76,INFLOW,20150408,0300,1370, ,CFS
SHA,H,76,INFLOW,20150408,0400,6569, ,CFS
SHA,H,76,INFLOW,20150408,0500,1784, ,CFS
SHA,H,76,INFLOW,20150408,0600,2808, ,CFS
SHA,H,76,INFLOW,20150408,0700,5060, ,CFS
SHA,H,76,INFLOW,20150408,0800,3877, ,CFS
SHA,H,76,INFLOW,20150408,0900,3183, ,CFS
SHA,H,76,INFLOW,20150408,1000,5094, ,CFS
SHA,H,76,INFLOW,20150408,1100,2512, ,CFS
SHA,H,76,INFLOW,20150408,1200,4880, ,CFS
SHA,H,76,INFLOW,20150408,1300,5910, ,CFS
SHA,H,76,INFLOW,20150408,1400,3154, ,CFS
SHA,H,76,INFLOW,20150408,1500,5012, ,CFS
SHA,H,76,INFLOW,20150408,1600,4212, ,CFS
SHA,H,76,INFLOW,20150408,1700,4517, ,CFS
SHA,H,76,INFLOW,20150408,1800,2506, ,CFS
SHA,H,76,INFLOW,20150408,1900,1809, ,CFS
SHA,H,76,INFLOW,20150408,2000,5574, ,CFS
SHA,H,76,INFLOW,20150408,2100,7452, ,CFS
SHA,H,76,INFLOW,20150408,2200,471, ,CFS
SHA,H,76,INFLOW,20150408,2300,9704, ,CFS
SHA,H,76,INFLOW,20150409,0000,414, ,CFS
SHA,H,76,INFLOW,20150409,0100,7711, ,CFS
SHA,H,76,INFLOW,20150409,0200,2594, ,CFS
SHA,H,76,INFLOW,20150409,0300,5151, ,CFS
SHA,H,76,INFLOW,20150409,0400,2594, ,CFS
SHA,H,76,INFLOW,20150409,0500,2594, ,CFS
SHA,H,76,INFLOW,20150409,0600,200, ,CFS
SHA,H,76,INFLOW,20150409,0700,5567, ,CFS
SHA,H,76,INFLOW,20150409,0800,2862, ,CFS
SHA,H,76,INFLOW,20150409,0900,4645, ,CFS
SHA,H,76,INFLOW,20150409,1000,3308, ,CFS
SHA,H,76,INFLOW,20150409,1100,809, ,CFS
SHA,H,76,INFLOW,20150409,1200,6016, ,CFS
SHA,H,76,INFLOW,20150409,1300,3010, ,CFS
SHA,H,76,INFLOW,20150409,1400,5599, ,CFS
SHA,H,76,INFLOW,20150409,1500,4502, ,CFS
SHA,H,76,INFLOW,20150409,1600,4834, ,CFS
SHA,H,76,INFLOW,20150409,1700,4278, ,CFS
SHA,H,76,INFLOW,20150409,1800,4203, ,CFS
SHA,H,76,INFLOW,20150409,1900,3103, ,CFS
SHA,H,76,INFLOW,20150409,2000,7229, ,CFS
SHA,H,76,INFLOW,20150409,2100,3882, ,CFS
SHA,H,76,INFLOW,20150409,2200,8575, ,CFS
SHA,H,76,INFLOW,20150409,2300,9556, ,CFS
SHA,H,76,INFLOW,20150410,0000,4053, ,CFS
SHA,H,76,INFLOW,20150410,0100,9061, ,CFS
SHA,H,76,INFLOW,20150410,0200,1217, ,CFS
SHA,H,76,INFLOW,20150410,0300,6351, ,CFS
SHA,H,76,INFLOW,20150410,0400,6400, ,CFS
SHA,H,76,INFLOW,20150410,0500,1340, ,CFS
SHA,H,76,INFLOW,20150410,0600,11776, ,CFS
SHA,H,76,INFLOW,20150410,0700,4886, ,CFS
SHA,H,76,INFLOW,20150410,0800,1932, ,CFS
SHA,H,76,INFLOW,20150410,0900,5798, ,CFS
SHA,H,76,INFLOW,20150410,1000,-135, ,CFS
SHA,H,76,INFLOW,20150410,1100,2499, ,CFS
SHA,H,76,INFLOW,20150410,1200,5239, ,CFS
SHA,H,76,INFLOW,20150410,1300,5249, ,CFS
SHA,H,76,INFLOW,20150410,1400,5446, ,CFS
SHA,H,76,INFLOW,20150410,1500,5412, ,CFS
SHA,H,76,INFLOW,20150410,1600,2668, ,CFS
SHA,H,76,INFLOW,20150410,1700,3993, ,CFS
SHA,H,76,INFLOW,20150410,1800,195, ,CFS
SHA,H,76,INFLOW,20150410,1900,1079, ,CFS
SHA,H,76,INFLOW,20150410,2000,6468, ,CFS
SHA,H,76,INFLOW,20150410,2100,7340, ,CFS
SHA,H,76,INFLOW,20150410,2200,1222, ,CFS
SHA,H,76,INFLOW,20150410,2300,5733, ,CFS
SHA,H,76,INFLOW,20150411,0000,656, ,CFS
SHA,H,76,INFLOW,20150411,0100,4658, ,CFS
SHA,H,76,INFLOW,20150411,0200,1466, ,CFS
SHA,H,76,INFLOW,20150411,0300,4197, ,CFS
SHA,H,76,INFLOW,20150411,0400,1564, ,CFS
SHA,H,76,INFLOW,20150411,0500,1670, ,CFS
SHA,H,76,INFLOW,20150411,0600,1743, ,CFS
SHA,H,76,INFLOW,20150411,0700,2188, ,CFS
SHA,H,76,INFLOW,20150411,0800,2666, ,CFS
SHA,H,76,INFLOW,20150411,0900,2611, ,CFS
SHA,H,76,INFLOW,20150411,1000,5424, ,CFS
SHA,H,76,INFLOW,20150411,1100,267, ,CFS
SHA,H,76,INFLOW,20150411,1200,2804, ,CFS
SHA,H,76,INFLOW,20150411,1300,2872, ,CFS
SHA,H,76,INFLOW,20150411,1400,7852, ,CFS
SHA,H,76,INFLOW,20150411,1500,181, ,CFS
SHA,H,76,INFLOW,20150411,1600,5296, ,CFS
SHA,H,76,INFLOW,20150411,1700,-2376, ,CFS
SHA,H,76,INFLOW,20150411,1800,2739, ,CFS
SHA,H,76,INFLOW,20150411,1900,-1860, ,CFS
SHA,H,76,INFLOW,20150411,2000,8996, ,CFS
SHA,H,76,INFLOW,20150411,2100,4993, ,CFS
SHA,H,76,INFLOW,20150411,2200,3629, ,CFS
SHA,H,76,INFLOW,20150411,2300,7032, ,CFS
SHA,H,76,INFLOW,20150412,0000,4909, ,CFS
SHA,H,76,INFLOW,20150412,0100,293, ,CFS
SHA,H,76,INFLOW,20150412,0200,7867, ,CFS
SHA,H,76,INFLOW,20150412,0300,2742, ,CFS
SHA,H,76,INFLOW,20150412,0400,5295, ,CFS
SHA,H,76,INFLOW,20150412,0500,5376, ,CFS
SHA,H,76,INFLOW,20150412,0600,-1121, ,CFS
SHA,H,76,INFLOW,20150412,0700,1836, ,CFS
SHA,H,76,INFLOW,20150412,0800,4542, ,CFS
SHA,H,76,INFLOW,20150412,0900,2429, ,CFS
SHA,H,76,INFLOW,20150412,1000,5020, ,CFS
SHA,H,76,INFLOW,20150412,1100,-96, ,CFS
SHA,H,76,INFLOW,20150412,1200,2312, ,CFS
SHA,H,76,INFLOW,20150412,1300,4722, ,CFS
SHA,H,76,INFLOW,20150412,1400,2075, ,CFS
SHA,H,76,INFLOW,20150412,1500,-255, ,CFS
SHA,H,76,INFLOW,20150412,1600,2987, ,CFS
SHA,H,76,INFLOW,20150412,1700,5504, ,CFS
SHA,H,76,INFLOW,20150412,1800,2685, ,CFS
SHA,H,76,INFLOW,20150412,1900,752, ,CFS
SHA,H,76,INFLOW,20150412,2000,12196, ,CFS
SHA,H,76,INFLOW,20150412,2100,4661, ,CFS
SHA,H,76,INFLOW,20150412,2200,11803, ,CFS
SHA,H,76,INFLOW,20150412,2300,2826, ,CFS
SHA,H,76,INFLOW,20150413,0000,7758, ,CFS
SHA,H,76,INFLOW,20150413,0100,7760, ,CFS
SHA,H,76,INFLOW,20150413,0200,94, ,CFS
SHA,H,76,INFLOW,20150413,0300,5205, ,CFS
SHA,H,76,INFLOW,20150413,0400,5203, ,CFS
SHA,H,76,INFLOW,20150413,0500,-2460, ,CFS
SHA,H,76,INFLOW,20150413,0600,5457, ,CFS
SHA,H,76,INFLOW,20150413,0700,-589, ,CFS
SHA,H,76,INFLOW,20150413,0800,9586, ,CFS
SHA,H,76,INFLOW,20150413,0900,4587, ,CFS
SHA,H,76,INFLOW,20150413,1000,8800, ,CFS
SHA,H,76,INFLOW,20150413,1100,-1388, ,CFS
SHA,H,76,INFLOW,20150413,1200,3583, ,CFS
SHA,H,76,INFLOW,20150413,1300,3538, ,CFS
SHA,H,76,INFLOW,20150413,1400,-2976, ,CFS
SHA,H,76,INFLOW,20150413,1500,7160, ,CFS
SHA,H,76,INFLOW,20150413,1600,1715, ,CFS
SHA,H,76,INFLOW,20150413,1700,1747, ,CFS
SHA,H,76,INFLOW,20150413,1800,-2061, ,CFS
SHA,H,76,INFLOW,20150413,1900,5413, ,CFS
SHA,H,76,INFLOW,20150413,2000,11778, ,CFS
SHA,H,76,INFLOW,20150413,2100,6167, ,CFS
SHA,H,76,INFLOW,20150413,2200,1667, ,CFS
SHA,H,76,INFLOW,20150413,2300,14810, ,CFS
SHA,H,76,INFLOW,20150414,0000,-10844, ,CFS
SHA,H,76,INFLOW,20150414,0100,2796, ,CFS
SHA,H,76,INFLOW,20150414,0200,5246, ,CFS
SHA,H,76,INFLOW,20150414,0300,7808, ,CFS
SHA,H,76,INFLOW,20150414,0400,-2402, ,CFS
SHA,H,76,INFLOW,20150414,0500,2708, ,CFS
SHA,H,76,INFLOW,20150414,0600,632, ,CFS
SHA,H,76,INFLOW,20150414,0700,6204, ,CFS
SHA,H,76,INFLOW,20150414,0800,8174, ,CFS
SHA,H,76,INFLOW,20150414,0900,5336, ,CFS
SHA,H,76,INFLOW,20150414,1000,6089, ,CFS
SHA,H,76,INFLOW,20150414,1100,3054, ,CFS
SHA,H,76,INFLOW,20150414,1200,8051, ,CFS
SHA,H,76,INFLOW,20150414,1300,547, ,CFS
SHA,H,76,INFLOW,20150414,1400,4520, ,CFS
SHA,H,76,INFLOW,20150414,1500,2188, ,CFS
SHA,H,76,INFLOW,20150414,1600,2081, ,CFS
SHA,H,76,INFLOW,20150414,1700,5431, ,CFS
SHA,H,76,INFLOW,20150414,1800,512, ,CFS
SHA,H,76,INFLOW,20150414,1900,2511, ,CFS
SHA,H,76,INFLOW,20150414,2000,12714, ,CFS
SHA,H,76,INFLOW,20150414,2100,4394, ,CFS
SHA,H,76,INFLOW,20150414,2200,-340, ,CFS
SHA,H,76,INFLOW,20150414,2300,15098, ,CFS
SHA,H,76,INFLOW,20150415,0000,-862, ,CFS
SHA,H,76,INFLOW,20150415,0100,13027, ,CFS
SHA,H,76,INFLOW,20150415,0200,144, ,CFS
SHA,H,76,INFLOW,20150415,0300,2719, ,CFS
SHA,H,76,INFLOW,20150415,0400,5294, ,CFS
SHA,H,76,INFLOW,20150415,0500,-2203, ,CFS
SHA,H,76,INFLOW,20150415,0600,5835, ,CFS
SHA,H,76,INFLOW,20150415,0700,3698, ,CFS
SHA,H,76,INFLOW,20150415,0800,7214, ,CFS
SHA,H,76,INFLOW,20150415,0900,2019, ,CFS
SHA,H,76,INFLOW,20150415,1000,5706, ,CFS
SHA,H,76,INFLOW,20150415,1100,-117, ,CFS
SHA,H,76,INFLOW,20150415,1200,7586, ,CFS
SHA,H,76,INFLOW,20150415,1300,1439, ,CFS
SHA,H,76,INFLOW,20150415,1400,-479, ,CFS
SHA,H,76,INFLOW,20150415,1500,91, ,CFS
SHA,H,76,INFLOW,20150415,1600,3259, ,CFS
SHA,H,76,INFLOW,20150415,1700,-644, ,CFS
SHA,H,76,INFLOW,20150415,1800,203, ,CFS
SHA,H,76,INFLOW,20150415,1900,4433, ,CFS
SHA,H,76,INFLOW,20150415,2000,10547, ,CFS
SHA,H,76,INFLOW,20150415,2100,9286, ,CFS
SHA,H,76,INFLOW,20150415,2200,108, ,CFS
SHA,H,76,INFLOW,20150415,2300,13155, ,CFS
SHA,H,76,INFLOW,20150416,0000,4251, ,CFS
SHA,H,76,INFLOW,20150416,0100,5355, ,CFS
SHA,H,76,INFLOW,20150416,0200,195, ,CFS
SHA,H,76,INFLOW,20150416,0300,2742, ,CFS
SHA,H,76,INFLOW,20150416,0400,2742, ,CFS
SHA,H,76,INFLOW,20150416,0500,2717, ,CFS
SHA,H,76,INFLOW,20150416,0600,3242, ,CFS
SHA,H,76,INFLOW,20150416,0700,1348, ,CFS
SHA,H,76,INFLOW,20150416,0800,7126, ,CFS
SHA,H,76,INFLOW,20150416,0900,2265, ,CFS
SHA,H,76,INFLOW,20150416,1000,7163, ,CFS
SHA,H,76,INFLOW,20150416,1100,-3016, ,CFS
SHA,H,76,INFLOW,20150416,1200,2401, ,CFS
SHA,H,76,INFLOW,20150416,1300,2430, ,CFS
SHA,H,76,INFLOW,20150416,1400,-114, ,CFS
SHA,H,76,INFLOW,20150416,1500,2455, ,CFS
SHA,H,76,INFLOW,20150416,1600,8, ,CFS
SHA,H,76,INFLOW,20150416,1700,1830, ,CFS
SHA,H,76,INFLOW,20150416,1800,637, ,CFS
SHA,H,76,INFLOW,20150416,1900,10868, ,CFS
SHA,H,76,INFLOW,20150416,2000,2969, ,CFS
SHA,H,76,INFLOW,20150416,2100,14433, ,CFS
SHA,H,76,INFLOW,20150416,2200,3634, ,CFS
SHA,H,76,INFLOW,20150416,2300,7766, ,CFS
SHA,H,76,INFLOW,20150417,0000,4951, ,CFS
SHA,H,76,INFLOW,20150417,0100,272, ,CFS
SHA,H,76,INFLOW,20150417,0200,7857, ,CFS
SHA,H,76,INFLOW,20150417,0300,153, ,CFS
SHA,H,76,INFLOW,20150417,0400,2714, ,CFS
SHA,H,76,INFLOW,20150417,0500,150, ,CFS
SHA,H,76,INFLOW,20150417,0600,437, ,CFS
SHA,H,76,INFLOW,20150417,0700,2352, ,CFS
SHA,H,76,INFLOW,20150417,0800,9504, ,CFS
SHA,H,76,INFLOW,20150417,0900,2261, ,CFS
SHA,H,76,INFLOW,20150417,1000,4483, ,CFS
SHA,H,76,INFLOW,20150417,1100,-397, ,CFS
SHA,H,76,INFLOW,20150417,1200,2236, ,CFS
SHA,H,76,INFLOW,20150417,1300,1612, ,CFS
SHA,H,76,INFLOW,20150417,1400,1918, ,CFS
SHA,H,76,INFLOW,20150417,1500,1904, ,CFS
SHA,H,76,INFLOW,20150417,1600,3421, ,CFS
SHA,H,76,INFLOW,20150417,1700,1232, ,CFS
SHA,H,76,INFLOW,20150417,1800,1830, ,CFS
SHA,H,76,INFLOW,20150417,1900,1160, ,CFS
SHA,H,76,INFLOW,20150417,2000,6255, ,CFS
SHA,H,76,INFLOW,20150417,2100,8981, ,CFS
SHA,H,76,INFLOW,20150417,2200,6989, ,CFS
SHA,H,76,INFLOW,20150417,2300,12407, ,CFS
SHA,H,76,INFLOW,20150418,0000,4268, ,CFS
SHA,H,76,INFLOW,20150418,0100,4766, ,CFS
SHA,H,76,INFLOW,20150418,0200,-1173, ,CFS
SHA,H,76,INFLOW,20150418,0300,6552, ,CFS
SHA,H,76,INFLOW,20150418,0400,1341, ,CFS
SHA,H,76,INFLOW,20150418,0500,4052, ,CFS
SHA,H,76,INFLOW,20150418,0600,-808, ,CFS
SHA,H,76,INFLOW,20150418,0700,3936, ,CFS
SHA,H,76,INFLOW,20150418,0800,3995, ,CFS
SHA,H,76,INFLOW,20150418,0900,-870, ,CFS
SHA,H,76,INFLOW,20150418,1000,4236, ,CFS
SHA,H,76,INFLOW,20150418,1100,-2306, ,CFS
SHA,H,76,INFLOW,20150418,1200,2498, ,CFS
SHA,H,76,INFLOW,20150418,1300,-91, ,CFS
SHA,H,76,INFLOW,20150418,1400,2485, ,CFS
SHA,H,76,INFLOW,20150418,1500,333, ,CFS
SHA,H,76,INFLOW,20150418,1600,434, ,CFS
SHA,H,76,INFLOW,20150418,1700,4538, ,CFS
SHA,H,76,INFLOW,20150418,1800,6235, ,CFS
SHA,H,76,INFLOW,20150418,1900,-2861, ,CFS
SHA,H,76,INFLOW,20150418,2000,12464, ,CFS
SHA,H,76,INFLOW,20150418,2100,3988, ,CFS
SHA,H,76,INFLOW,20150418,2200,6638, ,CFS
SHA,H,76,INFLOW,20150418,2300,12685, ,CFS
SHA,H,76,INFLOW,20150419,0000,1757, ,CFS
SHA,H,76,INFLOW,20150419,0100,4409, ,CFS
SHA,H,76,INFLOW,20150419,0200,1367, ,CFS
SHA,H,76,INFLOW,20150419,0300,1444, ,CFS
SHA,H,76,INFLOW,20150419,0400,3815, ,CFS
SHA,H,76,INFLOW,20150419,0500,1355, ,CFS
SHA,H,76,INFLOW,20150419,0600,1365, ,CFS
SHA,H,76,INFLOW,20150419,0700,4209, ,CFS
SHA,H,76,INFLOW,20150419,0800,5787, ,CFS
SHA,H,76,INFLOW,20150419,0900,1848, ,CFS
SHA,H,76,INFLOW,20150419,1000,1563, ,CFS
SHA,H,76,INFLOW,20150419,1100,-294, ,CFS
SHA,H,76,INFLOW,20150419,1200,1844, ,CFS
SHA,H,76,INFLOW,20150419,1300,2110, ,CFS
SHA,H,76,INFLOW,20150419,1400,-684, ,CFS
SHA,H,76,INFLOW,20150419,1500,2653, ,CFS
SHA,H,76,INFLOW,20150419,1600,5327, ,CFS
SHA,H,76,INFLOW,20150419,1700,-1921, ,CFS
SHA,H,76,INFLOW,20150419,1800,3829, ,CFS
SHA,H,76,INFLOW,20150419,1900,7380, ,CFS
SHA,H,76,INFLOW,20150419,2000,8223, ,CFS
SHA,H,76,INFLOW,20150419,2100,10946, ,CFS
SHA,H,76,INFLOW,20150419,2200,7065, ,CFS
SHA,H,76,INFLOW,20150419,2300,6403, ,CFS
SHA,H,76,INFLOW,20150420,0000,5297, ,CFS
SHA,H,76,INFLOW,20150420,0100,550, ,CFS
SHA,H,76,INFLOW,20150420,0200,5338, ,CFS
SHA,H,76,INFLOW,20150420,0300,227, ,CFS
SHA,H,76,INFLOW,20150420,0400,2769, ,CFS
SHA,H,76,INFLOW,20150420,0500,2769, ,CFS
SHA,H,76,INFLOW,20150420,0600,341, ,CFS
SHA,H,76,INFLOW,20150420,0700,-236, ,CFS
SHA,H,76,INFLOW,20150420,0800,5597, ,CFS
SHA,H,76,INFLOW,20150420,0900,5977, ,CFS
SHA,H,76,INFLOW,20150420,1000,3402, ,CFS
SHA,H,76,INFLOW,20150420,1100,-1594, ,CFS
SHA,H,76,INFLOW,20150420,1200,5076, ,CFS
SHA,H,76,INFLOW,20150420,1300,2533, ,CFS
SHA,H,76,INFLOW,20150420,1400,7733, ,CFS
SHA,H,76,INFLOW,20150420,1500,5032, ,CFS
SHA,H,76,INFLOW,20150420,1600,-2630, ,CFS
SHA,H,76,INFLOW,20150420,1700,2656, ,CFS
SHA,H,76,INFLOW,20150420,1800,3459, ,CFS
SHA,H,76,INFLOW,20150420,1900,3622, ,CFS
SHA,H,76,INFLOW,20150420,2000,7140, ,CFS
SHA,H,76,INFLOW,20150420,2100,11926, ,CFS
SHA,H,76,INFLOW,20150420,2200,5036, ,CFS
SHA,H,76,INFLOW,20150420,2300,10389, ,CFS
SHA,H,76,INFLOW,20150421,0000,4883, ,CFS
SHA,H,76,INFLOW,20150421,0100,-1605, ,CFS
SHA,H,76,INFLOW,20150421,0200,8303, ,CFS
SHA,H,76,INFLOW,20150421,0300,-1927, ,CFS
SHA,H,76,INFLOW,20150421,0400,3194, ,CFS
SHA,H,76,INFLOW,20150421,0500,3173, ,CFS
SHA,H,76,INFLOW,20150421,0600,-1828, ,CFS
SHA,H,76,INFLOW,20150421,0700,4690, ,CFS
SHA,H,76,INFLOW,20150421,0800,3605, ,CFS
SHA,H,76,INFLOW,20150421,0900,4261, ,CFS
SHA,H,76,INFLOW,20150421,1000,3462, ,CFS
SHA,H,76,INFLOW,20150421,1100,-1229, ,CFS
SHA,H,76,INFLOW,20150421,1200,3970, ,CFS
SHA,H,76,INFLOW,20150421,1300,4559, ,CFS
SHA,H,76,INFLOW,20150421,1400,2456, ,CFS
SHA,H,76,INFLOW,20150421,1500,2680, ,CFS
SHA,H,76,INFLOW,20150421,1600,156, ,CFS
SHA,H,76,INFLOW,20150421,1700,642, ,CFS
SHA,H,76,INFLOW,20150421,1800,9887, ,CFS
SHA,H,76,INFLOW,20150421,1900,-92, ,CFS
SHA,H,76,INFLOW,20150421,2000,2762, ,CFS
SHA,H,76,INFLOW,20150421,2100,8179, ,CFS
SHA,H,76,INFLOW,20150421,2200,5326, ,CFS
SHA,H,76,INFLOW,20150421,2300,8414, ,CFS
SHA,H,76,INFLOW,20150422,0000,6071, ,CFS
SHA,H,76,INFLOW,20150422,0100,376, ,CFS
SHA,H,76,INFLOW,20150422,0200,2747, ,CFS
SHA,H,76,INFLOW,20150422,0300,181, ,CFS
SHA,H,76,INFLOW,20150422,0400,5300, ,CFS
SHA,H,76,INFLOW,20150422,0500,2807, ,CFS
SHA,H,76,INFLOW,20150422,0600,-1571, ,CFS
SHA,H,76,INFLOW,20150422,0700,6265, ,CFS
SHA,H,76,INFLOW,20150422,0800,2624, ,CFS
SHA,H,76,INFLOW,20150422,0900,5597, ,CFS
SHA,H,76,INFLOW,20150422,1000,81, ,CFS
SHA,H,76,INFLOW,20150422,1100,2640, ,CFS
SHA,H,76,INFLOW,20150422,1200,3989, ,CFS
SHA,H,76,INFLOW,20150422,1300,1862, ,CFS
SHA,H,76,INFLOW,20150422,1400,1971, ,CFS
SHA,H,76,INFLOW,20150422,1500,2091, ,CFS
SHA,H,76,INFLOW,20150422,1600,181, ,CFS
SHA,H,76,INFLOW,20150422,1700,4431, ,CFS
SHA,H,76,INFLOW,20150422,1800,4433, ,CFS
SHA,H,76,INFLOW,20150422,1900,7009, ,CFS
SHA,H,76,INFLOW,20150422,2000,6605, ,CFS
SHA,H,76,INFLOW,20150422,2100,8692, ,CFS
SHA,H,76,INFLOW,20150422,2200,8662, ,CFS
SHA,H,76,INFLOW,20150422,2300,8024, ,CFS
SHA,H,76,INFLOW,20150423,0000,-1282, ,CFS
SHA,H,76,INFLOW,20150423,0100,5385, ,CFS
SHA,H,76,INFLOW,20150423,0200,2749, ,CFS
SHA,H,76,INFLOW,20150423,0300,-2368, ,CFS
SHA,H,76,INFLOW,20150423,0400,5321, ,CFS
SHA,H,76,INFLOW,20150423,0500,287, ,CFS
SHA,H,76,INFLOW,20150423,0600,727, ,CFS
SHA,H,76,INFLOW,20150423,0700,6823, ,CFS
SHA,H,76,INFLOW,20150423,0800,1961, ,CFS
SHA,H,76,INFLOW,20150423,0900,4352, ,CFS
SHA,H,76,INFLOW,20150423,1000,2262, ,CFS
SHA,H,76,INFLOW,20150423,1100,-219, ,CFS
SHA,H,76,INFLOW,20150423,1200,-1517, ,CFS
SHA,H,76,INFLOW,20150423,1300,6080, ,CFS
SHA,H,76,INFLOW,20150423,1400,2491, ,CFS
SHA,H,76,INFLOW,20150423,1500,1518, ,CFS
SHA,H,76,INFLOW,20150423,1600,7210, ,CFS
SHA,H,76,INFLOW,20150423,1700,-6649, ,CFS
SHA,H,76,INFLOW,20150423,1800,6553, ,CFS
SHA,H,76,INFLOW,20150423,1900,2348, ,CFS
SHA,H,76,INFLOW,20150423,2000,-2671, ,CFS
SHA,H,76,INFLOW,20150423,2100,9168, ,CFS
SHA,H,76,INFLOW,20150423,2200,-1309, ,CFS
SHA,H,76,INFLOW,20150423,2300,16425, ,CFS
SHA,H,76,INFLOW,20150424,0000,-3055, ,CFS
SHA,H,76,INFLOW,20150424,0100,5423, ,CFS
SHA,H,76,INFLOW,20150424,0200,2786, ,CFS
SHA,H,76,INFLOW,20150424,0300,215, ,CFS
SHA,H,76,INFLOW,20150424,0400,5325, ,CFS
SHA,H,76,INFLOW,20150424,0500,224, ,CFS
SHA,H,76,INFLOW,20150424,0600,-1923, ,CFS
SHA,H,76,INFLOW,20150424,0700,9031, ,CFS
SHA,H,76,INFLOW,20150424,0800,639, ,CFS
SHA,H,76,INFLOW,20150424,0900,5942, ,CFS
SHA,H,76,INFLOW,20150424,1000,7652, ,CFS
SHA,H,76,INFLOW,20150424,1100,348, ,CFS
SHA,H,76,INFLOW,20150424,1200,5580, ,CFS
SHA,H,76,INFLOW,20150424,1300,2589, ,CFS
SHA,H,76,INFLOW,20150424,1400,2819, ,CFS
SHA,H,76,INFLOW,20150424,1500,-739, ,CFS
SHA,H,76,INFLOW,20150424,1600,-932, ,CFS
SHA,H,76,INFLOW,20150424,1700,2430, ,CFS
SHA,H,76,INFLOW,20150424,1800,2042, ,CFS
SHA,H,76,INFLOW,20150424,1900,-594, ,CFS
SHA,H,76,INFLOW,20150424,2000,6856, ,CFS
SHA,H,76,INFLOW,20150424,2100,11765, ,CFS
SHA,H,76,INFLOW,20150424,2200,3287, ,CFS
SHA,H,76,INFLOW,20150424,2300,9147, ,CFS
SHA,H,76,INFLOW,20150425,0000,-1916, ,CFS
SHA,H,76,INFLOW,20150425,0100,4179, ,CFS
SHA,H,76,INFLOW,20150425,0200,3643, ,CFS
SHA,H,76,INFLOW,20150425,0300,1064, ,CFS
SHA,H,76,INFLOW,20150425,0400,3760, ,CFS
SHA,H,76,INFLOW,20150425,0500,-1193, ,CFS
SHA,H,76,INFLOW,20150425,0600,-777, ,CFS
SHA,H,76,INFLOW,20150425,0700,5731, ,CFS
SHA,H,76,INFLOW,20150425,0800,-1858, ,CFS
SHA,H,76,INFLOW,20150425,0900,4622, ,CFS
SHA,H,76,INFLOW,20150425,1000,514, ,CFS
SHA,H,76,INFLOW,20150425,1100,474, ,CFS
SHA,H,76,INFLOW,20150425,1200,10675, ,CFS
SHA,H,76,INFLOW,20150425,1300,2987, ,CFS
SHA,H,76,INFLOW,20150425,1400,-551, ,CFS
SHA,H,76,INFLOW,20150425,1500,5245, ,CFS
SHA,H,76,INFLOW,20150425,1600,142, ,CFS
SHA,H,76,INFLOW,20150425,1700,784, ,CFS
SHA,H,76,INFLOW,20150425,1800,2292, ,CFS
SHA,H,76,INFLOW,20150425,1900,1244, ,CFS
SHA,H,76,INFLOW,20150425,2000,-964, ,CFS
SHA,H,76,INFLOW,20150425,2100,8716, ,CFS
SHA,H,76,INFLOW,20150425,2200,6806, ,CFS
SHA,H,76,INFLOW,20150425,2300,12576, ,CFS
SHA,H,76,INFLOW,20150426,0000,-1049, ,CFS
SHA,H,76,INFLOW,20150426,0100,3808, ,CFS
SHA,H,76,INFLOW,20150426,0200,1278, ,CFS
SHA,H,76,INFLOW,20150426,0300,1292, ,CFS
SHA,H,76,INFLOW,20150426,0400,903, ,CFS
SHA,H,76,INFLOW,20150426,0500,3318, ,CFS
SHA,H,76,INFLOW,20150426,0600,1005, ,CFS
SHA,H,76,INFLOW,20150426,0700,5214, ,CFS
SHA,H,76,INFLOW,20150426,0800,614, ,CFS
SHA,H,76,INFLOW,20150426,0900,-1280, ,CFS
SHA,H,76,INFLOW,20150426,1000,3593, ,CFS
SHA,H,76,INFLOW,20150426,1100,-2508, ,CFS
SHA,H,76,INFLOW,20150426,1200,7270, ,CFS
SHA,H,76,INFLOW,20150426,1300,3687, ,CFS
SHA,H,76,INFLOW,20150426,1400,3953, ,CFS
SHA,H,76,INFLOW,20150426,1500,-918, ,CFS
SHA,H,76,INFLOW,20150426,1600,1654, ,CFS
SHA,H,76,INFLOW,20150426,1700,5077, ,CFS
SHA,H,76,INFLOW,20150426,1800,966, ,CFS
SHA,H,76,INFLOW,20150426,1900,2444, ,CFS
SHA,H,76,INFLOW,20150426,2000,3348, ,CFS
SHA,H,76,INFLOW,20150426,2100,4402, ,CFS
SHA,H,76,INFLOW,20150426,2200,9673, ,CFS
SHA,H,76,INFLOW,20150426,2300,9500, ,CFS
SHA,H,76,INFLOW,20150427,0000,3354, ,CFS
SHA,H,76,INFLOW,20150427,0100,7921, ,CFS
SHA,H,76,INFLOW,20150427,0200,136, ,CFS
SHA,H,76,INFLOW,20150427,0300,136, ,CFS
SHA,H,76,INFLOW,20150427,0400,7850, ,CFS
SHA,H,76,INFLOW,20150427,0500,-4893, ,CFS
SHA,H,76,INFLOW,20150427,0600,3138, ,CFS
SHA,H,76,INFLOW,20150427,0700,3846, ,CFS
SHA,H,76,INFLOW,20150427,0800,561, ,CFS
SHA,H,76,INFLOW,20150427,0900,9580, ,CFS
SHA,H,76,INFLOW,20150427,1000,6292, ,CFS
SHA,H,76,INFLOW,20150427,1100,-3773, ,CFS
SHA,H,76,INFLOW,20150427,1200,1685, ,CFS
SHA,H,76,INFLOW,20150427,1300,2216, ,CFS
SHA,H,76,INFLOW,20150427,1400,2148, ,CFS
SHA,H,76,INFLOW,20150427,1500,-2009, ,CFS
SHA,H,76,INFLOW,20150427,1600,8625, ,CFS
SHA,H,76,INFLOW,20150427,1700,-2654, ,CFS
SHA,H,76,INFLOW,20150427,1800,10020, ,CFS
SHA,H,76,INFLOW,20150427,1900,2144, ,CFS
SHA,H,76,INFLOW,20150427,2000,11394, ,CFS
SHA,H,76,INFLOW,20150427,2100,12771, ,CFS
SHA,H,76,INFLOW,20150427,2200,3981, ,CFS
SHA,H,76,INFLOW,20150427,2300,12706, ,CFS
SHA,H,76,INFLOW,20150428,0000,278, ,CFS
SHA,H,76,INFLOW,20150428,0100,5529, ,CFS
SHA,H,76,INFLOW,20150428,0200,865, ,CFS
SHA,H,76,INFLOW,20150428,0300,4086, ,CFS
SHA,H,76,INFLOW,20150428,0400,1077, ,CFS
SHA,H,76,INFLOW,20150428,0500,3463, ,CFS
SHA,H,76,INFLOW,20150428,0600,1924, ,CFS
SHA,H,76,INFLOW,20150428,0700,1150, ,CFS
SHA,H,76,INFLOW,20150428,0800,11745, ,CFS
SHA,H,76,INFLOW,20150428,0900,-1621, ,CFS
SHA,H,76,INFLOW,20150428,1000,5945, ,CFS
SHA,H,76,INFLOW,20150428,1100,-1433, ,CFS
SHA,H,76,INFLOW,20150428,1200,8, ,CFS
SHA,H,76,INFLOW,20150428,1300,5340, ,CFS
SHA,H,76,INFLOW,20150428,1400,107, ,CFS
SHA,H,76,INFLOW,20150428,1500,845, ,CFS
SHA,H,76,INFLOW,20150428,1600,-799, ,CFS
SHA,H,76,INFLOW,20150428,1700,4441, ,CFS
SHA,H,76,INFLOW,20150428,1800,1721, ,CFS
SHA,H,76,INFLOW,20150428,1900,4915, ,CFS
SHA,H,76,INFLOW,20150428,2000,5146, ,CFS
SHA,H,76,INFLOW,20150428,2100,10556, ,CFS
SHA,H,76,INFLOW,20150428,2200,6218, ,CFS
SHA,H,76,INFLOW,20150428,2300,6536, ,CFS
SHA,H,76,INFLOW,20150429,0000,2295, ,CFS
SHA,H,76,INFLOW,20150429,0100,2919, ,CFS
SHA,H,76,INFLOW,20150429,0200,148, ,CFS
SHA,H,76,INFLOW,20150429,0300,2704, ,CFS
SHA,H,76,INFLOW,20150429,0400,2677, ,CFS
SHA,H,76,INFLOW,20150429,0500,-2148, ,CFS
SHA,H,76,INFLOW,20150429,0600,4148, ,CFS
SHA,H,76,INFLOW,20150429,0700,3801, ,CFS
SHA,H,76,INFLOW,20150429,0800,1953, ,CFS
SHA,H,76,INFLOW,20150429,0900,10532, ,CFS
SHA,H,76,INFLOW,20150429,1000,201, ,CFS
SHA,H,76,INFLOW,20150429,1100,-270, ,CFS
SHA,H,76,INFLOW,20150429,1200,1182, ,CFS
SHA,H,76,INFLOW,20150429,1300,1862, ,CFS
SHA,H,76,INFLOW,20150429,1400,2719, ,CFS
SHA,H,76,INFLOW,20150429,1500,2398, ,CFS
SHA,H,76,INFLOW,20150429,1600,561, ,CFS
SHA,H,76,INFLOW,20150429,1700,4779, ,CFS
SHA,H,76,INFLOW,20150429,1800,1712, ,CFS
SHA,H,76,INFLOW,20150429,1900,9454, ,CFS
SHA,H,76,INFLOW,20150429,2000,5997, ,CFS
SHA,H,76,INFLOW,20150429,2100,9760, ,CFS
SHA,H,76,INFLOW,20150429,2200,4413, ,CFS
SHA,H,76,INFLOW,20150429,2300,10344, ,CFS
SHA,H,76,INFLOW,20150430,0000,-2880, ,CFS
SHA,H,76,INFLOW,20150430,0100,5508, ,CFS
SHA,H,76,INFLOW,20150430,0200,215, ,CFS
SHA,H,76,INFLOW,20150430,0300,2753, ,CFS
SHA,H,76,INFLOW,20150430,0400,1796, ,CFS
SHA,H,76,INFLOW,20150430,0500,-2758, ,CFS
SHA,H,76,INFLOW,20150430,0600,6645, ,CFS
SHA,H,76,INFLOW,20150430,0700,1704, ,CFS
SHA,H,76,INFLOW,20150430,0800,-403, ,CFS
SHA,H,76,INFLOW,20150430,0900,10374, ,CFS
SHA,H,76,INFLOW,20150430,1000,950, ,CFS
SHA,H,76,INFLOW,20150430,1100,2152, ,CFS
SHA,H,76,INFLOW,20150430,1200,2625, ,CFS
SHA,H,76,INFLOW,20150430,1300,3245, ,CFS
SHA,H,76,INFLOW,20150430,1400,-5509, ,CFS
SHA,H,76,INFLOW,20150430,1500,200, ,CFS
SHA,H,76,INFLOW,20150430,1600,4221, ,CFS
SHA,H,76,INFLOW,20150430,1700,2126, ,CFS
SHA,H,76,INFLOW,20150430,1800,8631, ,CFS
SHA,H,76,INFLOW,20150430,1900,8722, ,CFS
SHA,H,76,INFLOW,20150430,2000,3692, ,CFS
SHA,H,76,INFLOW,20150430,2100,13503, ,CFS
SHA,H,76,INFLOW,20150430,2200,3566, ,CFS
SHA,H,76,INFLOW,20150430,2300,10816, ,CFS
SHA,H,76,INFLOW,20150501,0000,-784, ,CFS
SHA,H,76,INFLOW,20150501,0100,5489, ,CFS
SHA,H,76,INFLOW,20150501,0200,209, ,CFS
SHA,H,76,INFLOW,20150501,0300,209, ,CFS
SHA,H,76,INFLOW,20150501,0400,2738, ,CFS
SHA,H,76,INFLOW,20150501,0500,219, ,CFS
SHA,H,76,INFLOW,20150501,0600,457, ,CFS
SHA,H,76,INFLOW,20150501,0700,5256, ,CFS
SHA,H,76,INFLOW,20150501,0800,-741, ,CFS
SHA,H,76,INFLOW,20150501,0900,7236, ,CFS
SHA,H,76,INFLOW,20150501,1000,1781, ,CFS
SHA,H,76,INFLOW,20150501,1100,100, ,CFS
SHA,H,76,INFLOW,20150501,1200,3330, ,CFS
SHA,H,76,INFLOW,20150501,1300,-1971, ,CFS
SHA,H,76,INFLOW,20150501,1400,1800, ,CFS
SHA,H,76,INFLOW,20150501,1500,1612, ,CFS
SHA,H,76,INFLOW,20150501,1600,117, ,CFS
SHA,H,76,INFLOW,20150501,1700,2693, ,CFS
SHA,H,76,INFLOW,20150501,1800,5170, ,CFS
SHA,H,76,INFLOW,20150501,1900,6433, ,CFS
SHA,H,76,INFLOW,20150501,2000,9919, ,CFS
SHA,H,76,INFLOW,20150501,2100,7314, ,CFS
SHA,H,76,INFLOW,20150501,2200,6592, ,CFS
SHA,H,76,INFLOW,20150501,2300,6403, ,CFS
SHA,H,76,INFLOW,20150502,0000,-471, ,CFS
SHA,H,76,INFLOW,20150502,0100,5841, ,CFS
SHA,H,76,INFLOW,20150502,0200,-1682, ,CFS
SHA,H,76,INFLOW,20150502,0300,5371, ,CFS
SHA,H,76,INFLOW,20150502,0400,19, ,CFS
SHA,H,76,INFLOW,20150502,0500,277, ,CFS
SHA,H,76,INFLOW,20150502,0600,2792, ,CFS
SHA,H,76,INFLOW,20150502,0700,1801, ,CFS
SHA,H,76,INFLOW,20150502,0800,1673, ,CFS
SHA,H,76,INFLOW,20150502,0900,7106, ,CFS
SHA,H,76,INFLOW,20150502,1000,-166, ,CFS
SHA,H,76,INFLOW,20150502,1100,165, ,CFS
SHA,H,76,INFLOW,20150502,1200,3919, ,CFS
SHA,H,76,INFLOW,20150502,1300,2193, ,CFS
SHA,H,76,INFLOW,20150502,1400,2813, ,CFS
SHA,H,76,INFLOW,20150502,1500,1670, ,CFS
SHA,H,76,INFLOW,20150502,1600,-1036, ,CFS
SHA,H,76,INFLOW,20150502,1700,2006, ,CFS
SHA,H,76,INFLOW,20150502,1800,4842, ,CFS
SHA,H,76,INFLOW,20150502,1900,4565, ,CFS
SHA,H,76,INFLOW,20150502,2000,10702, ,CFS
SHA,H,76,INFLOW,20150502,2100,4844, ,CFS
SHA,H,76,INFLOW,20150502,2200,7337, ,CFS
SHA,H,76,INFLOW,20150502,2300,3297, ,CFS
SHA,H,76,INFLOW,20150503,0000,-377, ,CFS
SHA,H,76,INFLOW,20150503,0100,6685, ,CFS
SHA,H,76,INFLOW,20150503,0200,-3383, ,CFS
SHA,H,76,INFLOW,20150503,0300,5785, ,CFS
SHA,H,76,INFLOW,20150503,0400,1319, ,CFS
SHA,H,76,INFLOW,20150503,0500,1388, ,CFS
SHA,H,76,INFLOW,20150503,0600,3924, ,CFS
SHA,H,76,INFLOW,20150503,0700,-372, ,CFS
SHA,H,76,INFLOW,20150503,0800,94, ,CFS
SHA,H,76,INFLOW,20150503,0900,4644, ,CFS
SHA,H,76,INFLOW,20150503,1000,-2907, ,CFS
SHA,H,76,INFLOW,20150503,1100,2902, ,CFS
SHA,H,76,INFLOW,20150503,1200,1854, ,CFS
SHA,H,76,INFLOW,20150503,1300,3544, ,CFS
SHA,H,76,INFLOW,20150503,1400,45, ,CFS
SHA,H,76,INFLOW,20150503,1500,3150, ,CFS
SHA,H,76,INFLOW,20150503,1600,788, ,CFS
SHA,H,76,INFLOW,20150503,1700,2995, ,CFS
SHA,H,76,INFLOW,20150503,1800,5046, ,CFS
SHA,H,76,INFLOW,20150503,1900,4025, ,CFS
SHA,H,76,INFLOW,20150503,2000,11259, ,CFS
SHA,H,76,INFLOW,20150503,2100,1267, ,CFS
SHA,H,76,INFLOW,20150503,2200,8249, ,CFS
SHA,H,76,INFLOW,20150503,2300,5082, ,CFS
SHA,H,76,INFLOW,20150504,0000,5389, ,CFS
SHA,H,76,INFLOW,20150504,0100,8941, ,CFS
SHA,H,76,INFLOW,20150504,0200,1127, ,CFS
SHA,H,76,INFLOW,20150504,0300,1338, ,CFS
SHA,H,76,INFLOW,20150504,0400,3535, ,CFS
SHA,H,76,INFLOW,20150504,0500,-1265, ,CFS
SHA,H,76,INFLOW,20150504,0600,4184, ,CFS
SHA,H,76,INFLOW,20150504,0700,190, ,CFS
SHA,H,76,INFLOW,20150504,0800,-1867, ,CFS
SHA,H,76,INFLOW,20150504,0900,6036, ,CFS
SHA,H,76,INFLOW,20150504,1000,6587, ,CFS
SHA,H,76,INFLOW,20150504,1100,1176, ,CFS
SHA,H,76,INFLOW,20150504,1200,7811, ,CFS
SHA,H,76,INFLOW,20150504,1300,-919, ,CFS
SHA,H,76,INFLOW,20150504,1400,7354, ,CFS
SHA,H,76,INFLOW,20150504,1500,1795, ,CFS
SHA,H,76,INFLOW,20150504,1600,1224, ,CFS
SHA,H,76,INFLOW,20150504,1700,4385, ,CFS
SHA,H,76,INFLOW,20150504,1800,553, ,CFS
SHA,H,76,INFLOW,20150504,1900,96, ,CFS
SHA,H,76,INFLOW,20150504,2000,10078, ,CFS
SHA,H,76,INFLOW,20150504,2100,6544, ,CFS
SHA,H,76,INFLOW,20150504,2200,5238, ,CFS
SHA,H,76,INFLOW,20150504,2300,9518, ,CFS
SHA,H,76,INFLOW,20150505,0000,3136, ,CFS
SHA,H,76,INFLOW,20150505,0100,3528, ,CFS
SHA,H,76,INFLOW,20150505,0200,3579, ,CFS
SHA,H,76,INFLOW,20150505,0300,2158, ,CFS
SHA,H,76,INFLOW,20150505,0400,2593, ,CFS
SHA,H,76,INFLOW,20150505,0500,1859, ,CFS
SHA,H,76,INFLOW,20150505,0600,-653, ,CFS
SHA,H,76,INFLOW,20150505,0700,3861, ,CFS
SHA,H,76,INFLOW,20150505,0800,1161, ,CFS
SHA,H,76,INFLOW,20150505,0900,1196, ,CFS
SHA,H,76,INFLOW,20150505,1000,1618, ,CFS
SHA,H,76,INFLOW,20150505,1100,-2096, ,CFS
SHA,H,76,INFLOW,20150505,1200,3908, ,CFS
SHA,H,76,INFLOW,20150505,1300,3399, ,CFS
SHA,H,76,INFLOW,20150505,1400,4076, ,CFS
SHA,H,76,INFLOW,20150505,1500,-31, ,CFS
SHA,H,76,INFLOW,20150505,1600,2458, ,CFS
SHA,H,76,INFLOW,20150505,1700,-39, ,CFS
SHA,H,76,INFLOW,20150505,1800,2562, ,CFS
SHA,H,76,INFLOW,20150505,1900,5632, ,CFS
SHA,H,76,INFLOW,20150505,2000,4288, ,CFS
SHA,H,76,INFLOW,20150505,2100,11377, ,CFS
SHA,H,76,INFLOW,20150505,2200,4576, ,CFS
SHA,H,76,INFLOW,20150505,2300,8776, ,CFS
SHA,H,76,INFLOW,20150506,0000,174, ,CFS
SHA,H,76,INFLOW,20150506,0100,1827, ,CFS
SHA,H,76,INFLOW,20150506,0200,4424, ,CFS
SHA,H,76,INFLOW,20150506,0300,3836, ,CFS
SHA,H,76,INFLOW,20150506,0400,2510, ,CFS
SHA,H,76,INFLOW,20150506,0500,1075, ,CFS
SHA,H,76,INFLOW,20150506,0600,-848, ,CFS
SHA,H,76,INFLOW,20150506,0700,2537, ,CFS
SHA,H,76,INFLOW,20150506,0800,1863, ,CFS
SHA,H,76,INFLOW,20150506,0900,5567, ,CFS
SHA,H,76,INFLOW,20150506,1000,2848, ,CFS
SHA,H,76,INFLOW,20150506,1100,-2090, ,CFS
SHA,H,76,INFLOW,20150506,1200,5179, ,CFS
SHA,H,76,INFLOW,20150506,1300,-64, ,CFS
SHA,H,76,INFLOW,20150506,1400,965, ,CFS
SHA,H,76,INFLOW,20150506,1500,4102, ,CFS
SHA,H,76,INFLOW,20150506,1600,2918, ,CFS
SHA,H,76,INFLOW,20150506,1700,3759, ,CFS
SHA,H,76,INFLOW,20150506,1800,-2579, ,CFS
SHA,H,76,INFLOW,20150506,1900,2656, ,CFS
SHA,H,76,INFLOW,20150506,2000,5738, ,CFS
SHA,H,76,INFLOW,20150506,2100,5079, ,CFS
SHA,H,76,INFLOW,20150506,2200,8280, ,CFS
SHA,H,76,INFLOW,20150506,2300,7529, ,CFS
SHA,H,76,INFLOW,20150507,0000,2986, ,CFS
SHA,H,76,INFLOW,20150507,0100,1831, ,CFS
SHA,H,76,INFLOW,20150507,0200,-3352, ,CFS
SHA,H,76,INFLOW,20150507,0300,3954, ,CFS
SHA,H,76,INFLOW,20150507,0400,2683, ,CFS
SHA,H,76,INFLOW,20150507,0500,587, ,CFS
SHA,H,76,INFLOW,20150507,0600,645, ,CFS
SHA,H,76,INFLOW,20150507,0700,4926, ,CFS
SHA,H,76,INFLOW,20150507,0800,4894, ,CFS
SHA,H,76,INFLOW,20150507,0900,5382, ,CFS
SHA,H,76,INFLOW,20150507,1000,3119, ,CFS
SHA,H,76,INFLOW,20150507,1100,2269, ,CFS
SHA,H,76,INFLOW,20150507,1200,3288, ,CFS
SHA,H,76,INFLOW,20150507,1300,10650, ,CFS
SHA,H,76,INFLOW,20150507,1400,498, ,CFS
SHA,H,76,INFLOW,20150507,1500,-37, ,CFS
SHA,H,76,INFLOW,20150507,1600,9189, ,CFS
SHA,H,76,INFLOW,20150507,1700,6453, ,CFS
SHA,H,76,INFLOW,20150507,1800,3955, ,CFS
SHA,H,76,INFLOW,20150507,1900,3202, ,CFS
SHA,H,76,INFLOW,20150507,2000,1684, ,CFS
SHA,H,76,INFLOW,20150507,2100,8860, ,CFS
SHA,H,76,INFLOW,20150507,2200,1801, ,CFS
SHA,H,76,INFLOW,20150507,2300,-1187, ,CFS
SHA,H,76,INFLOW,20150508,0000,7498, ,CFS
SHA,H,76,INFLOW,20150508,0100,1844, ,CFS
SHA,H,76,INFLOW,20150508,0200,1659, ,CFS
SHA,H,76,INFLOW,20150508,0300,2879, ,CFS
SHA,H,76,INFLOW,20150508,0400,942, ,CFS
SHA,H,76,INFLOW,20150508,0500,1047, ,CFS
SHA,H,76,INFLOW,20150508,0600,1434, ,CFS
SHA,H,76,INFLOW,20150508,0700,2634, ,CFS
SHA,H,76,INFLOW,20150508,0800,-2243, ,CFS
SHA,H,76,INFLOW,20150508,0900,4653, ,CFS
SHA,H,76,INFLOW,20150508,1000,1288, ,CFS
SHA,H,76,INFLOW,20150508,1100,2063, ,CFS
SHA,H,76,INFLOW,20150508,1200,3484, ,CFS
SHA,H,76,INFLOW,20150508,1300,3141, ,CFS
SHA,H,76,INFLOW,20150508,1400,2733, ,CFS
SHA,H,76,INFLOW,20150508,1500,6741, ,CFS
SHA,H,76,INFLOW,20150508,1600,-773, ,CFS
SHA,H,76,INFLOW,20150508,1700,10820, ,CFS
SHA,H,76,INFLOW,20150508,1800,1311, ,CFS
SHA,H,76,INFLOW,20150508,1900,3948, ,CFS
SHA,H,76,INFLOW,20150508,2000,2999, ,CFS
SHA,H,76,INFLOW,20150508,2100,7537, ,CFS
SHA,H,76,INFLOW,20150508,2200,6564, ,CFS
SHA,H,76,INFLOW,20150508,2300,6887, ,CFS
SHA,H,76,INFLOW,20150509,0000,6181, ,CFS
SHA,H,76,INFLOW,20150509,0100,-2833, ,CFS
SHA,H,76,INFLOW,20150509,0200,6481, ,CFS
SHA,H,76,INFLOW,20150509,0300,-89, ,CFS
SHA,H,76,INFLOW,20150509,0400,600, ,CFS
SHA,H,76,INFLOW,20150509,0500,5584, ,CFS
SHA,H,76,INFLOW,20150509,0600,835, ,CFS
SHA,H,76,INFLOW,20150509,0700,2116, ,CFS
SHA,H,76,INFLOW,20150509,0800,-309, ,CFS
SHA,H,76,INFLOW,20150509,0900,-2813, ,CFS
SHA,H,76,INFLOW,20150509,1000,-19, ,CFS
SHA,H,76,INFLOW,20150509,1100,3474, ,CFS
SHA,H,76,INFLOW,20150509,1200,671, ,CFS
SHA,H,76,INFLOW,20150509,1300,4105, ,CFS
SHA,H,76,INFLOW,20150509,1400,4376, ,CFS
SHA,H,76,INFLOW,20150509,1500,2430, ,CFS
SHA,H,76,INFLOW,20150509,1600,3720, ,CFS
SHA,H,76,INFLOW,20150509,1700,7451, ,CFS
SHA,H,76,INFLOW,20150509,1800,-3022, ,CFS
SHA,H,76,INFLOW,20150509,1900,9284, ,CFS
SHA,H,76,INFLOW,20150509,2000,1127, ,CFS
SHA,H,76,INFLOW,20150509,2100,10207, ,CFS
SHA,H,76,INFLOW,20150509,2200,6565, ,CFS
SHA,H,76,INFLOW,20150509,2300,4229, ,CFS
SHA,H,76,INFLOW,20150510,0000,3142, ,CFS
SHA,H,76,INFLOW,20150510,0100,6614, ,CFS
SHA,H,76,INFLOW,20150510,0200,-1075, ,CFS
SHA,H,76,INFLOW,20150510,0300,3841, ,CFS
SHA,H,76,INFLOW,20150510,0400,5336, ,CFS
SHA,H,76,INFLOW,20150510,0500,-1447, ,CFS
SHA,H,76,INFLOW,20150510,0600,3320, ,CFS
SHA,H,76,INFLOW,20150510,0700,1766, ,CFS
SHA,H,76,INFLOW,20150510,0800,-28, ,CFS
SHA,H,76,INFLOW,20150510,0900,1312, ,CFS
SHA,H,76,INFLOW,20150510,1000,-1285, ,CFS
SHA,H,76,INFLOW,20150510,1100,2163, ,CFS
SHA,H,76,INFLOW,20150510,1200,2838, ,CFS
SHA,H,76,INFLOW,20150510,1300,555, ,CFS
SHA,H,76,INFLOW,20150510,1400,993, ,CFS
SHA,H,76,INFLOW,20150510,1500,4460, ,CFS
SHA,H,76,INFLOW,20150510,1600,943, ,CFS
SHA,H,76,INFLOW,20150510,1700,4788, ,CFS
SHA,H,76,INFLOW,20150510,1800,-204, ,CFS
SHA,H,76,INFLOW,20150510,1900,5682, ,CFS
SHA,H,76,INFLOW,20150510,2000,4083, ,CFS
SHA,H,76,INFLOW,20150510,2100,6743, ,CFS
SHA,H,76,INFLOW,20150510,2200,8426, ,CFS
SHA,H,76,INFLOW,20150510,2300,9126, ,CFS
SHA,H,76,INFLOW,20150511,0000,975, ,CFS
SHA,H,76,INFLOW,20150511,0100,5011, ,CFS
SHA,H,76,INFLOW,20150511,0200,1903, ,CFS
SHA,H,76,INFLOW,20150511,0300,247, ,CFS
SHA,H,76,INFLOW,20150511,0400,6328, ,CFS
SHA,H,76,INFLOW,20150511,0500,-2992, ,CFS
SHA,H,76,INFLOW,20150511,0600,2554, ,CFS
SHA,H,76,INFLOW,20150511,0700,4014, ,CFS
SHA,H,76,INFLOW,20150511,0800,-422, ,CFS
SHA,H,76,INFLOW,20150511,0900,9639, ,CFS
SHA,H,76,INFLOW,20150511,1000,-157, ,CFS
SHA,H,76,INFLOW,20150511,1100,4253, ,CFS
SHA,H,76,INFLOW,20150511,1200,7092, ,CFS
SHA,H,76,INFLOW,20150511,1300,-1163, ,CFS
SHA,H,76,INFLOW,20150511,1400,2376, ,CFS
SHA,H,76,INFLOW,20150511,1500,1865, ,CFS
SHA,H,76,INFLOW,20150511,1600,-82, ,CFS
SHA,H,76,INFLOW,20150511,1700,10174, ,CFS
SHA,H,76,INFLOW,20150511,1800,-4132, ,CFS
SHA,H,76,INFLOW,20150511,1900,7710, ,CFS
SHA,H,76,INFLOW,20150511,2000,4635, ,CFS
SHA,H,76,INFLOW,20150511,2100,7279, ,CFS
SHA,H,76,INFLOW,20150511,2200,7760, ,CFS
SHA,H,76,INFLOW,20150511,2300,7308, ,CFS
SHA,H,76,INFLOW,20150512,0000,5474, ,CFS
SHA,H,76,INFLOW,20150512,0100,4135, ,CFS
SHA,H,76,INFLOW,20150512,0200,-1436, ,CFS
SHA,H,76,INFLOW,20150512,0300,3230, ,CFS
SHA,H,76,INFLOW,20150512,0400,2011, ,CFS
SHA,H,76,INFLOW,20150512,0500,1031, ,CFS
SHA,H,76,INFLOW,20150512,0600,4394, ,CFS
SHA,H,76,INFLOW,20150512,0700,-1877, ,CFS
SHA,H,76,INFLOW,20150512,0800,4480, ,CFS
SHA,H,76,INFLOW,20150512,0900,5556, ,CFS
SHA,H,76,INFLOW,20150512,1000,5405, ,CFS
SHA,H,76,INFLOW,20150512,1100,105, ,CFS
SHA,H,76,INFLOW,20150512,1200,2438, ,CFS
SHA,H,76,INFLOW,20150512,1300,1265, ,CFS
SHA,H,76,INFLOW,20150512,1400,8785, ,CFS
SHA,H,76,INFLOW,20150512,1500,-2215, ,CFS
SHA,H,76,INFLOW,20150512,1600,6115, ,CFS
SHA,H,76,INFLOW,20150512,1700,958, ,CFS
SHA,H,76,INFLOW,20150512,1800,1185, ,CFS
SHA,H,76,INFLOW,20150512,1900,8150, ,CFS
SHA,H,76,INFLOW,20150512,2000,3036, ,CFS
SHA,H,76,INFLOW,20150512,2100,7663, ,CFS
SHA,H,76,INFLOW,20150512,2200,5611, ,CFS
SHA,H,76,INFLOW,20150512,2300,9103, ,CFS
SHA,H,76,INFLOW,20150513,0000,3001, ,CFS
SHA,H,76,INFLOW,20150513,0100,5179, ,CFS
SHA,H,76,INFLOW,20150513,0200,-31, ,CFS
SHA,H,76,INFLOW,20150513,0300,2803, ,CFS
SHA,H,76,INFLOW,20150513,0400,3186, ,CFS
SHA,H,76,INFLOW,20150513,0500,-922, ,CFS
SHA,H,76,INFLOW,20150513,0600,1575, ,CFS
SHA,H,76,INFLOW,20150513,0700,1215, ,CFS
SHA,H,76,INFLOW,20150513,0800,7941, ,CFS
SHA,H,76,INFLOW,20150513,0900,2659, ,CFS
SHA,H,76,INFLOW,20150513,1000,3982, ,CFS
SHA,H,76,INFLOW,20150513,1100,213, ,CFS
SHA,H,76,INFLOW,20150513,1200,3415, ,CFS
SHA,H,76,INFLOW,20150513,1300,-506, ,CFS
SHA,H,76,INFLOW,20150513,1400,1535, ,CFS
SHA,H,76,INFLOW,20150513,1500,3736, ,CFS
SHA,H,76,INFLOW,20150513,1600,-2103, ,CFS
SHA,H,76,INFLOW,20150513,1700,2506, ,CFS
SHA,H,76,INFLOW,20150513,1800,4009, ,CFS
SHA,H,76,INFLOW,20150513,1900,4510, ,CFS
SHA,H,76,INFLOW,20150513,2000,149, ,CFS
SHA,H,76,INFLOW,20150513,2100,16186, ,CFS
SHA,H,76,INFLOW,20150513,2200,-561, ,CFS
SHA,H,76,INFLOW,20150513,2300,15313, ,CFS
SHA,H,76,INFLOW,20150514,0000,950, ,CFS
SHA,H,76,INFLOW,20150514,0100,2308, ,CFS
SHA,H,76,INFLOW,20150514,0200,3663, ,CFS
SHA,H,76,INFLOW,20150514,0300,-6042, ,CFS
SHA,H,76,INFLOW,20150514,0400,5491, ,CFS
SHA,H,76,INFLOW,20150514,0500,3128, ,CFS
SHA,H,76,INFLOW,20150514,0600,1868, ,CFS
SHA,H,76,INFLOW,20150514,0700,2196, ,CFS
SHA,H,76,INFLOW,20150514,0800,3016, ,CFS
SHA,H,76,INFLOW,20150514,0900,3656, ,CFS
SHA,H,76,INFLOW,20150514,1000,4332, ,CFS
SHA,H,76,INFLOW,20150514,1100,1299, ,CFS
SHA,H,76,INFLOW,20150514,1200,3908, ,CFS
SHA,H,76,INFLOW,20150514,1300,1868, ,CFS
SHA,H,76,INFLOW,20150514,1400,-422, ,CFS
SHA,H,76,INFLOW,20150514,1500,2310, ,CFS
SHA,H,76,INFLOW,20150514,1600,5364, ,CFS
SHA,H,76,INFLOW,20150514,1700,-252, ,CFS
SHA,H,76,INFLOW,20150514,1800,1625, ,CFS
SHA,H,76,INFLOW,20150514,1900,2952, ,CFS
SHA,H,76,INFLOW,20150514,2000,4206, ,CFS
SHA,H,76,INFLOW,20150514,2100,11797, ,CFS
SHA,H,76,INFLOW,20150514,2200,744, ,CFS
SHA,H,76,INFLOW,20150514,2300,14308, ,CFS
SHA,H,76,INFLOW,20150515,0000,-2735, ,CFS
SHA,H,76,INFLOW,20150515,0100,4464, ,CFS
SHA,H,76,INFLOW,20150515,0200,2741, ,CFS
SHA,H,76,INFLOW,20150515,0300,-2268, ,CFS
SHA,H,76,INFLOW,20150515,0400,5111, ,CFS
SHA,H,76,INFLOW,20150515,0500,-2104, ,CFS
SHA,H,76,INFLOW,20150515,0600,2890, ,CFS
SHA,H,76,INFLOW,20150515,0700,3878, ,CFS
SHA,H,76,INFLOW,20150515,0800,1050, ,CFS
SHA,H,76,INFLOW,20150515,0900,7663, ,CFS
SHA,H,76,INFLOW,20150515,1000,7055, ,CFS
SHA,H,76,INFLOW,20150515,1100,2060, ,CFS
SHA,H,76,INFLOW,20150515,1200,2596, ,CFS
SHA,H,76,INFLOW,20150515,1300,1934, ,CFS
SHA,H,76,INFLOW,20150515,1400,2685, ,CFS
SHA,H,76,INFLOW,20150515,1500,3058, ,CFS
SHA,H,76,INFLOW,20150515,1600,820, ,CFS
SHA,H,76,INFLOW,20150515,1700,-1427, ,CFS
SHA,H,76,INFLOW,20150515,1800,1795, ,CFS
SHA,H,76,INFLOW,20150515,1900,514, ,CFS
SHA,H,76,INFLOW,20150515,2000,4728, ,CFS
SHA,H,76,INFLOW,20150515,2100,4192, ,CFS
SHA,H,76,INFLOW,20150515,2200,3474, ,CFS
SHA,H,76,INFLOW,20150515,2300,2916, ,CFS
SHA,H,76,INFLOW,20150516,0000,7380, ,CFS
SHA,H,76,INFLOW,20150516,0100,-2452, ,CFS
SHA,H,76,INFLOW,20150516,0200,5248, ,CFS
SHA,H,76,INFLOW,20150516,0300,260, ,CFS
SHA,H,76,INFLOW,20150516,0400,1634, ,CFS
SHA,H,76,INFLOW,20150516,0500,4612, ,CFS
SHA,H,76,INFLOW,20150516,0600,423, ,CFS
SHA,H,76,INFLOW,20150516,0700,4285, ,CFS
SHA,H,76,INFLOW,20150516,0800,2215, ,CFS
SHA,H,76,INFLOW,20150516,0900,1620, ,CFS
SHA,H,76,INFLOW,20150516,1000,-1007, ,CFS
SHA,H,76,INFLOW,20150516,1100,4388, ,CFS
SHA,H,76,INFLOW,20150516,1200,4948, ,CFS
SHA,H,76,INFLOW,20150516,1300,6900, ,CFS
SHA,H,76,INFLOW,20150516,1400,7441, ,CFS
SHA,H,76,INFLOW,20150516,1500,3273, ,CFS
SHA,H,76,INFLOW,20150516,1600,1800, ,CFS
SHA,H,76,INFLOW,20150516,1700,3265, ,CFS
SHA,H,76,INFLOW,20150516,1800,2411, ,CFS
SHA,H,76,INFLOW,20150516,1900,-1737, ,CFS
SHA,H,76,INFLOW,20150516,2000,1711, ,CFS
SHA,H,76,INFLOW,20150516,2100,11707, ,CFS
SHA,H,76,INFLOW,20150516,2200,2323, ,CFS
SHA,H,76,INFLOW,20150516,2300,11096, ,CFS
SHA,H,76,INFLOW,20150517,0000,4350, ,CFS
SHA,H,76,INFLOW,20150517,0100,5780, ,CFS
SHA,H,76,INFLOW,20150517,0200,1662, ,CFS
SHA,H,76,INFLOW,20150517,0300,4027, ,CFS
SHA,H,76,INFLOW,20150517,0400,5345, ,CFS
SHA,H,76,INFLOW,20150517,0500,914, ,CFS
SHA,H,76,INFLOW,20150517,0600,3069, ,CFS
SHA,H,76,INFLOW,20150517,0700,3236, ,CFS
SHA,H,76,INFLOW,20150517,0800,1197, ,CFS
SHA,H,76,INFLOW,20150517,0900,665, ,CFS
SHA,H,76,INFLOW,20150517,1000,-1753, ,CFS
SHA,H,76,INFLOW,20150517,1100,562, ,CFS
SHA,H,76,INFLOW,20150517,1200,4368, ,CFS
SHA,H,76,INFLOW,20150517,1300,7490, ,CFS
SHA,H,76,INFLOW,20150517,1400,4320, ,CFS
SHA,H,76,INFLOW,20150517,1500,5859, ,CFS
SHA,H,76,INFLOW,20150517,1600,1988, ,CFS
SHA,H,76,INFLOW,20150517,1700,-695, ,CFS
SHA,H,76,INFLOW,20150517,1800,1372, ,CFS
SHA,H,76,INFLOW,20150517,1900,2909, ,CFS
SHA,H,76,INFLOW,20150517,2000,1260, ,CFS
SHA,H,76,INFLOW,20150517,2100,4421, ,CFS
SHA,H,76,INFLOW,20150517,2200,10136, ,CFS
SHA,H,76,INFLOW,20150517,2300,8142, ,CFS
SHA,H,76,INFLOW,20150518,0000,2155, ,CFS
SHA,H,76,INFLOW,20150518,0100,8782, ,CFS
SHA,H,76,INFLOW,20150518,0200,-1288, ,CFS
SHA,H,76,INFLOW,20150518,0300,3486, ,CFS
SHA,H,76,INFLOW,20150518,0400,4927, ,CFS
SHA,H,76,INFLOW,20150518,0500,-1858, ,CFS
SHA,H,76,INFLOW,20150518,0600,2258, ,CFS
SHA,H,76,INFLOW,20150518,0700,1230, ,CFS
SHA,H,76,INFLOW,20150518,0800,-1365, ,CFS
SHA,H,76,INFLOW,20150518,0900,8757, ,CFS
SHA,H,76,INFLOW,20150518,1000,2123, ,CFS
SHA,H,76,INFLOW,20150518,1100,-1757, ,CFS
SHA,H,76,INFLOW,20150518,1200,9408, ,CFS
SHA,H,76,INFLOW,20150518,1300,-4718, ,CFS
SHA,H,76,INFLOW,20150518,1400,3361, ,CFS
SHA,H,76,INFLOW,20150518,1500,4545, ,CFS
SHA,H,76,INFLOW,20150518,1600,-258, ,CFS
SHA,H,76,INFLOW,20150518,1700,2469, ,CFS
SHA,H,76,INFLOW,20150518,1800,485, ,CFS
SHA,H,76,INFLOW,20150518,1900,144, ,CFS
SHA,H,76,INFLOW,20150518,2000,2976, ,CFS
SHA,H,76,INFLOW,20150518,2100,14050, ,CFS
SHA,H,76,INFLOW,20150518,2200,-1258, ,CFS
SHA,H,76,INFLOW,20150518,2300,11407, ,CFS
SHA,H,76,INFLOW,20150519,0000,1750, ,CFS
SHA,H,76,INFLOW,20150519,0100,1806, ,CFS
SHA,H,76,INFLOW,20150519,0200,-1280, ,CFS
SHA,H,76,INFLOW,20150519,0300,813, ,CFS
SHA,H,76,INFLOW,20150519,0400,5025, ,CFS
SHA,H,76,INFLOW,20150519,0500,875, ,CFS
SHA,H,76,INFLOW,20150519,0600,1642, ,CFS
SHA,H,76,INFLOW,20150519,0700,206, ,CFS
SHA,H,76,INFLOW,20150519,0800,152, ,CFS
SHA,H,76,INFLOW,20150519,0900,8285, ,CFS
SHA,H,76,INFLOW,20150519,1000,3784, ,CFS
SHA,H,76,INFLOW,20150519,1100,5307, ,CFS
SHA,H,76,INFLOW,20150519,1200,8166, ,CFS
SHA,H,76,INFLOW,20150519,1300,-23299, ,CFS
SHA,H,76,INFLOW,20150519,1400,5894, ,CFS
SHA,H,76,INFLOW,20150519,1500,1568, ,CFS
SHA,H,76,INFLOW,20150519,1600,-1501, ,CFS
SHA,H,76,INFLOW,20150519,1700,5713, ,CFS
SHA,H,76,INFLOW,20150519,1800,-1322, ,CFS
SHA,H,76,INFLOW,20150519,1900,-1261, ,CFS
SHA,H,76,INFLOW,20150519,2000,6827, ,CFS
SHA,H,76,INFLOW,20150519,2100,6419, ,CFS
SHA,H,76,INFLOW,20150519,2200,10189, ,CFS
SHA,H,76,INFLOW,20150519,2300,6893, ,CFS
SHA,H,76,INFLOW,20150520,0000,7976, ,CFS
SHA,H,76,INFLOW,20150520,0100,1697, ,CFS
SHA,H,76,INFLOW,20150520,0200,-779, ,CFS
SHA,H,76,INFLOW,20150520,0300,1324, ,CFS
SHA,H,76,INFLOW,20150520,0400,5136, ,CFS
SHA,H,76,INFLOW,20150520,0500,607, ,CFS
SHA,H,76,INFLOW,20150520,0600,-1359, ,CFS
SHA,H,76,INFLOW,20150520,0700,3856, ,CFS
SHA,H,76,INFLOW,20150520,0800,7392, ,CFS
SHA,H,76,INFLOW,20150520,0900,5889, ,CFS
SHA,H,76,INFLOW,20150520,1000,3074, ,CFS
SHA,H,76,INFLOW,20150520,1100,9608, ,CFS
SHA,H,76,INFLOW,20150520,1200,5409, ,CFS
SHA,H,76,INFLOW,20150520,1300,2602, ,CFS
SHA,H,76,INFLOW,20150520,1400,4186, ,CFS
SHA,H,76,INFLOW,20150520,1500,1767, ,CFS
SHA,H,76,INFLOW,20150520,1600,-599, ,CFS
SHA,H,76,INFLOW,20150520,1700,13474, ,CFS
SHA,H,76,INFLOW,20150520,1800,-7346, ,CFS
SHA,H,76,INFLOW,20150520,1900,7840, ,CFS
SHA,H,76,INFLOW,20150520,2000,5508, ,CFS
SHA,H,76,INFLOW,20150520,2100,6563, ,CFS
SHA,H,76,INFLOW,20150520,2200,4729, ,CFS
SHA,H,76,INFLOW,20150520,2300,7548, ,CFS
SHA,H,76,INFLOW,20150521,0000,5759, ,CFS
SHA,H,76,INFLOW,20150521,0100,2035, ,CFS
SHA,H,76,INFLOW,20150521,0200,4822, ,CFS
SHA,H,76,INFLOW,20150521,0300,-667, ,CFS
SHA,H,76,INFLOW,20150521,0400,2945, ,CFS
SHA,H,76,INFLOW,20150521,0500,-1012, ,CFS
SHA,H,76,INFLOW,20150521,0600,5686, ,CFS
SHA,H,76,INFLOW,20150521,0700,1816, ,CFS
SHA,H,76,INFLOW,20150521,0800,7506, ,CFS
SHA,H,76,INFLOW,20150521,0900,6343, ,CFS
SHA,H,76,INFLOW,20150521,1000,6016, ,CFS
SHA,H,76,INFLOW,20150521,1100,3921, ,CFS
SHA,H,76,INFLOW,20150521,1200,7063, ,CFS
SHA,H,76,INFLOW,20150521,1300,-19, ,CFS
SHA,H,76,INFLOW,20150521,1400,4966, ,CFS
SHA,H,76,INFLOW,20150521,1500,-1206, ,CFS
SHA,H,76,INFLOW,20150521,1600,-77, ,CFS
SHA,H,76,INFLOW,20150521,1700,3197, ,CFS
SHA,H,76,INFLOW,20150521,1800,691, ,CFS
SHA,H,76,INFLOW,20150521,1900,3603, ,CFS
SHA,H,76,INFLOW,20150521,2000,1052, ,CFS
SHA,H,76,INFLOW,20150521,2100,6336, ,CFS
SHA,H,76,INFLOW,20150521,2200,4802, ,CFS
SHA,H,76,INFLOW,20150521,2300,11128, ,CFS
SHA,H,76,INFLOW,20150522,0000,2958, ,CFS
SHA,H,76,INFLOW,20150522,0100,9254, ,CFS
SHA,H,76,INFLOW,20150522,0200,-432, ,CFS
SHA,H,76,INFLOW,20150522,0300,-3587, ,CFS
SHA,H,76,INFLOW,20150522,0400,7397, ,CFS
SHA,H,76,INFLOW,20150522,0500,-3779, ,CFS
SHA,H,76,INFLOW,20150522,0600,3271, ,CFS
SHA,H,76,INFLOW,20150522,0700,7320, ,CFS
SHA,H,76,INFLOW,20150522,0800,-1872, ,CFS
SHA,H,76,INFLOW,20150522,0900,7838, ,CFS
SHA,H,76,INFLOW,20150522,1000,267, ,CFS
SHA,H,76,INFLOW,20150522,1100,5380, ,CFS
SHA,H,76,INFLOW,20150522,1200,3272, ,CFS
SHA,H,76,INFLOW,20150522,1300,5032, ,CFS
SHA,H,76,INFLOW,20150522,1400,1438, ,CFS
SHA,H,76,INFLOW,20150522,1500,1939, ,CFS
SHA,H,76,INFLOW,20150522,1600,1879, ,CFS
SHA,H,76,INFLOW,20150522,1700,740, ,CFS
SHA,H,76,INFLOW,20150522,1800,5021, ,CFS
SHA,H,76,INFLOW,20150522,1900,3533, ,CFS
SHA,H,76,INFLOW,20150522,2000,1773, ,CFS
SHA,H,76,INFLOW,20150522,2100,9916, ,CFS
SHA,H,76,INFLOW,20150522,2200,5315, ,CFS
SHA,H,76,INFLOW,20150522,2300,6116, ,CFS
SHA,H,76,INFLOW,20150523,0000,5254, ,CFS
SHA,H,76,INFLOW,20150523,0100,-1461, ,CFS
SHA,H,76,INFLOW,20150523,0200,4121, ,CFS
SHA,H,76,INFLOW,20150523,0300,-3432, ,CFS
SHA,H,76,INFLOW,20150523,0400,7601, ,CFS
SHA,H,76,INFLOW,20150523,0500,901, ,CFS
SHA,H,76,INFLOW,20150523,0600,-1169, ,CFS
SHA,H,76,INFLOW,20150523,0700,4726, ,CFS
SHA,H,76,INFLOW,20150523,0800,131, ,CFS
SHA,H,76,INFLOW,20150523,0900,-2863, ,CFS
SHA,H,76,INFLOW,20150523,1000,3681, ,CFS
SHA,H,76,INFLOW,20150523,1100,-534, ,CFS
SHA,H,76,INFLOW,20150523,1200,2175, ,CFS
SHA,H,76,INFLOW,20150523,1300,2552, ,CFS
SHA,H,76,INFLOW,20150523,1400,1151, ,CFS
SHA,H,76,INFLOW,20150523,1500,1896, ,CFS
SHA,H,76,INFLOW,20150523,1600,1656, ,CFS
SHA,H,76,INFLOW,20150523,1700,-542, ,CFS
SHA,H,76,INFLOW,20150523,1800,3671, ,CFS
SHA,H,76,INFLOW,20150523,1900,3520, ,CFS
SHA,H,76,INFLOW,20150523,2000,229, ,CFS
SHA,H,76,INFLOW,20150523,2100,5297, ,CFS
SHA,H,76,INFLOW,20150523,2200,4950, ,CFS
SHA,H,76,INFLOW,20150523,2300,13565, ,CFS
SHA,H,76,INFLOW,20150524,0000,-4274, ,CFS
SHA,H,76,INFLOW,20150524,0100,6115, ,CFS
SHA,H,76,INFLOW,20150524,0200,2055, ,CFS
SHA,H,76,INFLOW,20150524,0300,-1258, ,CFS
SHA,H,76,INFLOW,20150524,0400,3175, ,CFS
SHA,H,76,INFLOW,20150524,0500,1106, ,CFS
SHA,H,76,INFLOW,20150524,0600,-1081, ,CFS
SHA,H,76,INFLOW,20150524,0700,3831, ,CFS
SHA,H,76,INFLOW,20150524,0800,-562, ,CFS
SHA,H,76,INFLOW,20150524,0900,859, ,CFS
SHA,H,76,INFLOW,20150524,1000,3082, ,CFS
SHA,H,76,INFLOW,20150524,1100,-2539, ,CFS
SHA,H,76,INFLOW,20150524,1200,5075, ,CFS
SHA,H,76,INFLOW,20150524,1300,-475, ,CFS
SHA,H,76,INFLOW,20150524,1400,-39, ,CFS
SHA,H,76,INFLOW,20150524,1500,3164, ,CFS
SHA,H,76,INFLOW,20150524,1600,1767, ,CFS
SHA,H,76,INFLOW,20150524,1700,1356, ,CFS
SHA,H,76,INFLOW,20150524,1800,3695, ,CFS
SHA,H,76,INFLOW,20150524,1900,-1154, ,CFS
SHA,H,76,INFLOW,20150524,2000,4007, ,CFS
SHA,H,76,INFLOW,20150524,2100,6043, ,CFS
SHA,H,76,INFLOW,20150524,2200,3202, ,CFS
SHA,H,76,INFLOW,20150524,2300,2985, ,CFS
SHA,H,76,INFLOW,20150525,0000,3805, ,CFS
SHA,H,76,INFLOW,20150525,0100,2359, ,CFS
SHA,H,76,INFLOW,20150525,0200,7302, ,CFS
SHA,H,76,INFLOW,20150525,0300,1689, ,CFS
SHA,H,76,INFLOW,20150525,0400,5940, ,CFS
SHA,H,76,INFLOW,20150525,0500,1278, ,CFS
SHA,H,76,INFLOW,20150525,0600,3790, ,CFS
SHA,H,76,INFLOW,20150525,0700,-539, ,CFS
SHA,H,76,INFLOW,20150525,0800,2536, ,CFS
SHA,H,76,INFLOW,20150525,0900,941, ,CFS
SHA,H,76,INFLOW,20150525,1000,1776, ,CFS
SHA,H,76,INFLOW,20150525,1100,611, ,CFS
SHA,H,76,INFLOW,20150525,1200,2081, ,CFS
SHA,H,76,INFLOW,20150525,1300,5444, ,CFS
SHA,H,76,INFLOW,20150525,1400,-1368, ,CFS
SHA,H,76,INFLOW,20150525,1500,2264, ,CFS
SHA,H,76,INFLOW,20150525,1600,1146, ,CFS
SHA,H,76,INFLOW,20150525,1700,897, ,CFS
SHA,H,76,INFLOW,20150525,1800,2691, ,CFS
SHA,H,76,INFLOW,20150525,1900,2957, ,CFS
SHA,H,76,INFLOW,20150525,2000,-5579, ,CFS
SHA,H,76,INFLOW,20150525,2100,13106, ,CFS
SHA,H,76,INFLOW,20150525,2200,1059, ,CFS
SHA,H,76,INFLOW,20150525,2300,8244, ,CFS
SHA,H,76,INFLOW,20150526,0000,-712, ,CFS
SHA,H,76,INFLOW,20150526,0100,1193, ,CFS
SHA,H,76,INFLOW,20150526,0200,6197, ,CFS
SHA,H,76,INFLOW,20150526,0300,-1619, ,CFS
SHA,H,76,INFLOW,20150526,0400,2695, ,CFS
SHA,H,76,INFLOW,20150526,0500,3571, ,CFS
SHA,H,76,INFLOW,20150526,0600,-986, ,CFS
SHA,H,76,INFLOW,20150526,0700,3501, ,CFS
SHA,H,76,INFLOW,20150526,0800,568, ,CFS
SHA,H,76,INFLOW,20150526,0900,4032, ,CFS
SHA,H,76,INFLOW,20150526,1000,2644, ,CFS
SHA,H,76,INFLOW,20150526,1100,5642, ,CFS
SHA,H,76,INFLOW,20150526,1200,2252, ,CFS
SHA,H,76,INFLOW,20150526,1300,10644, ,CFS
SHA,H,76,INFLOW,20150526,1400,-5644, ,CFS
SHA,H,76,INFLOW,20150526,1500,4385, ,CFS
SHA,H,76,INFLOW,20150526,1600,1045, ,CFS
SHA,H,76,INFLOW,20150526,1700,3776, ,CFS
SHA,H,76,INFLOW,20150526,1800,1989, ,CFS
SHA,H,76,INFLOW,20150526,1900,-1039, ,CFS
SHA,H,76,INFLOW,20150526,2000,7966, ,CFS
SHA,H,76,INFLOW,20150526,2100,11945, ,CFS
SHA,H,76,INFLOW,20150526,2200,-572, ,CFS
SHA,H,76,INFLOW,20150526,2300,13352, ,CFS
SHA,H,76,INFLOW,20150527,0000,-2773, ,CFS
SHA,H,76,INFLOW,20150527,0100,3659, ,CFS
SHA,H,76,INFLOW,20150527,0200,2171, ,CFS
SHA,H,76,INFLOW,20150527,0300,-1234, ,CFS
SHA,H,76,INFLOW,20150527,0400,3311, ,CFS
SHA,H,76,INFLOW,20150527,0500,3209, ,CFS
SHA,H,76,INFLOW,20150527,0600,324, ,CFS
SHA,H,76,INFLOW,20150527,0700,3626, ,CFS
SHA,H,76,INFLOW,20150527,0800,878, ,CFS
SHA,H,76,INFLOW,20150527,0900,989, ,CFS
SHA,H,76,INFLOW,20150527,1000,-801, ,CFS
SHA,H,76,INFLOW,20150527,1100,257, ,CFS
SHA,H,76,INFLOW,20150527,1200,3130, ,CFS
SHA,H,76,INFLOW,20150527,1300,700, ,CFS
SHA,H,76,INFLOW,20150527,1400,2848, ,CFS
SHA,H,76,INFLOW,20150527,1500,601, ,CFS
SHA,H,76,INFLOW,20150527,1600,3088, ,CFS
SHA,H,76,INFLOW,20150527,1700,1984, ,CFS
SHA,H,76,INFLOW,20150527,1800,2197, ,CFS
SHA,H,76,INFLOW,20150527,1900,6589, ,CFS
SHA,H,76,INFLOW,20150527,2000,5823, ,CFS
SHA,H,76,INFLOW,20150527,2100,9333, ,CFS
SHA,H,76,INFLOW,20150527,2200,-743, ,CFS
SHA,H,76,INFLOW,20150527,2300,12362, ,CFS
SHA,H,76,INFLOW,20150528,0000,6476, ,CFS
SHA,H,76,INFLOW,20150528,0100,7249, ,CFS
SHA,H,76,INFLOW,20150528,0200,6548, ,CFS
SHA,H,76,INFLOW,20150528,0300,-367, ,CFS
SHA,H,76,INFLOW,20150528,0400,4388, ,CFS
SHA,H,76,INFLOW,20150528,0500,4514, ,CFS
SHA,H,76,INFLOW,20150528,0600,505, ,CFS
SHA,H,76,INFLOW,20150528,0700,3389, ,CFS
SHA,H,76,INFLOW,20150528,0800,-1277, ,CFS
SHA,H,76,INFLOW,20150528,0900,-857, ,CFS
SHA,H,76,INFLOW,20150528,1000,1491, ,CFS
SHA,H,76,INFLOW,20150528,1100,1817, ,CFS
SHA,H,76,INFLOW,20150528,1200,-102, ,CFS
SHA,H,76,INFLOW,20150528,1300,2375, ,CFS
SHA,H,76,INFLOW,20150528,1400,305, ,CFS
SHA,H,76,INFLOW,20150528,1500,3266, ,CFS
SHA,H,76,INFLOW,20150528,1600,1420, ,CFS
SHA,H,76,INFLOW,20150528,1700,-439, ,CFS
SHA,H,76,INFLOW,20150528,1800,8572, ,CFS
SHA,H,76,INFLOW,20150528,1900,1476, ,CFS
SHA,H,76,INFLOW,20150528,2000,5871, ,CFS
SHA,H,76,INFLOW,20150528,2100,9803, ,CFS
SHA,H,76,INFLOW,20150528,2200,5224, ,CFS
SHA,H,76,INFLOW,20150528,2300,1360, ,CFS
SHA,H,76,INFLOW,20150529,0000,2421, ,CFS
SHA,H,76,INFLOW,20150529,0100,2099, ,CFS
SHA,H,76,INFLOW,20150529,0200,1420, ,CFS
SHA,H,76,INFLOW,20150529,0300,1188, ,CFS
SHA,H,76,INFLOW,20150529,0400,3538, ,CFS
SHA,H,76,INFLOW,20150529,0500,916, ,CFS
SHA,H,76,INFLOW,20150529,0600,-412, ,CFS
SHA,H,76,INFLOW,20150529,0700,3845, ,CFS
SHA,H,76,INFLOW,20150529,0800,-967, ,CFS
SHA,H,76,INFLOW,20150529,0900,2376, ,CFS
SHA,H,76,INFLOW,20150529,1000,5468, ,CFS
SHA,H,76,INFLOW,20150529,1100,1003, ,CFS
SHA,H,76,INFLOW,20150529,1200,2744, ,CFS
SHA,H,76,INFLOW,20150529,1300,7447, ,CFS
SHA,H,76,INFLOW,20150529,1400,1313, ,CFS
SHA,H,76,INFLOW,20150529,1500,5803, ,CFS
SHA,H,76,INFLOW,20150529,1600,2569, ,CFS
SHA,H,76,INFLOW,20150529,1700,3700, ,CFS
SHA,H,76,INFLOW,20150529,1800,8516, ,CFS
SHA,H,76,INFLOW,20150529,1900,2986, ,CFS
SHA,H,76,INFLOW,20150529,2000,5194, ,CFS
SHA,H,76,INFLOW,20150529,2100,9972, ,CFS
SHA,H,76,INFLOW,20150529,2200,58, ,CFS
SHA,H,76,INFLOW,20150529,2300,8674, ,CFS
SHA,H,76,INFLOW,20150530,0000,1699, ,CFS
SHA,H,76,INFLOW,20150530,0100,6041, ,CFS
SHA,H,76,INFLOW,20150530,0200,-385, ,CFS
SHA,H,76,INFLOW,20150530,0300,2679, ,CFS
SHA,H,76,INFLOW,20150530,0400,2584, ,CFS
SHA,H,76,INFLOW,20150530,0500,2662, ,CFS
SHA,H,76,INFLOW,20150530,0600,-578, ,CFS
SHA,H,76,INFLOW,20150530,0700,3369, ,CFS
SHA,H,76,INFLOW,20150530,0800,-695, ,CFS
SHA,H,76,INFLOW,20150530,0900,1347, ,CFS
SHA,H,76,INFLOW,20150530,1000,-699, ,CFS
SHA,H,76,INFLOW,20150530,1100,3552, ,CFS
SHA,H,76,INFLOW,20150530,1200,1426, ,CFS
SHA,H,76,INFLOW,20150530,1300,2744, ,CFS
SHA,H,76,INFLOW,20150530,1400,527, ,CFS
SHA,H,76,INFLOW,20150530,1500,1789, ,CFS
SHA,H,76,INFLOW,20150530,1600,1787, ,CFS
SHA,H,76,INFLOW,20150530,1700,2867, ,CFS
SHA,H,76,INFLOW,20150530,1800,1746, ,CFS
SHA,H,76,INFLOW,20150530,1900,2789, ,CFS
SHA,H,76,INFLOW,20150530,2000,2883, ,CFS
SHA,H,76,INFLOW,20150530,2100,11715, ,CFS
SHA,H,76,INFLOW,20150530,2200,442, ,CFS
SHA,H,76,INFLOW,20150530,2300,6529, ,CFS
SHA,H,76,INFLOW,20150531,0000,-2395, ,CFS
SHA,H,76,INFLOW,20150531,0100,1486, ,CFS
SHA,H,76,INFLOW,20150531,0200,5840, ,CFS
SHA,H,76,INFLOW,20150531,0300,-883, ,CFS
SHA,H,76,INFLOW,20150531,0400,4569, ,CFS
SHA,H,76,INFLOW,20150531,0500,1926, ,CFS
SHA,H,76,INFLOW,20150531,0600,8, ,CFS
SHA,H,76,INFLOW,20150531,0700,2142, ,CFS
SHA,H,76,INFLOW,20150531,0800,1779, ,CFS
SHA,H,76,INFLOW,20150531,0900,-393, ,CFS
SHA,H,76,INFLOW,20150531,1000,259, ,CFS
SHA,H,76,INFLOW,20150531,1100,2447, ,CFS
SHA,H,76,INFLOW,20150531,1200,2039, ,CFS
SHA,H,76,INFLOW,20150531,1300,4453, ,CFS
SHA,H,76,INFLOW,20150531,1400,-4027, ,CFS
SHA,H,76,INFLOW,20150531,1500,5909, ,CFS
SHA,H,76,INFLOW,20150531,1600,-88, ,CFS
SHA,H,76,INFLOW,20150531,1700,679, ,CFS
SHA,H,76,INFLOW,20150531,1800,2796, ,CFS
SHA,H,76,INFLOW,20150531,1900,2377, ,CFS
SHA,H,76,INFLOW,20150531,2000,2685, ,CFS
SHA,H,76,INFLOW,20150531,2100,11694, ,CFS
SHA,H,76,INFLOW,20150531,2200,5605, ,CFS
SHA,H,76,INFLOW,20150531,2300,3871, ,CFS
SHA,H,76,INFLOW,20150601,0000,106, ,CFS
SHA,H,76,INFLOW,20150601,0100,325, ,CFS
SHA,H,76,INFLOW,20150601,0200,214, ,CFS
SHA,H,76,INFLOW,20150601,0300,4904, ,CFS
SHA,H,76,INFLOW,20150601,0400,2547, ,CFS
SHA,H,76,INFLOW,20150601,0500,191, ,CFS
SHA,H,76,INFLOW,20150601,0600,2820, ,CFS
SHA,H,76,INFLOW,20150601,0700,406, ,CFS
SHA,H,76,INFLOW,20150601,0800,3421, ,CFS
SHA,H,76,INFLOW,20150601,0900,1372, ,CFS
SHA,H,76,INFLOW,20150601,1000,-1671, ,CFS
SHA,H,76,INFLOW,20150601,1100,992, ,CFS
SHA,H,76,INFLOW,20150601,1200,3823, ,CFS
SHA,H,76,INFLOW,20150601,1300,-598, ,CFS
SHA,H,76,INFLOW,20150601,1400,3861, ,CFS
SHA,H,76,INFLOW,20150601,1500,-311, ,CFS
SHA,H,76,INFLOW,20150601,1600,2789, ,CFS
SHA,H,76,INFLOW,20150601,1700,1060, ,CFS
SHA,H,76,INFLOW,20150601,1800,5079, ,CFS
SHA,H,76,INFLOW,20150601,1900,3725, ,CFS
SHA,H,76,INFLOW,20150601,2000,5527, ,CFS
SHA,H,76,INFLOW,20150601,2100,8865, ,CFS
SHA,H,76,INFLOW,20150601,2200,4965, ,CFS
SHA,H,76,INFLOW,20150601,2300,10107, ,CFS
SHA,H,76,INFLOW,20150602,0000,1569, ,CFS
SHA,H,76,INFLOW,20150602,0100,5003, ,CFS
SHA,H,76,INFLOW,20150602,0200,2559, ,CFS
SHA,H,76,INFLOW,20150602,0300,202, ,CFS
SHA,H,76,INFLOW,20150602,0400,2559, ,CFS
SHA,H,76,INFLOW,20150602,0500,4917, ,CFS
SHA,H,76,INFLOW,20150602,0600,-1813, ,CFS
SHA,H,76,INFLOW,20150602,0700,1521, ,CFS
SHA,H,76,INFLOW,20150602,0800,3007, ,CFS
SHA,H,76,INFLOW,20150602,0900,7477, ,CFS
SHA,H,76,INFLOW,20150602,1000,1718, ,CFS
SHA,H,76,INFLOW,20150602,1100,-2709, ,CFS
SHA,H,76,INFLOW,20150602,1200,5221, ,CFS
SHA,H,76,INFLOW,20150602,1300,268, ,CFS
SHA,H,76,INFLOW,20150602,1400,1727, ,CFS
SHA,H,76,INFLOW,20150602,1500,4751, ,CFS
SHA,H,76,INFLOW,20150602,1600,-2751, ,CFS
SHA,H,76,INFLOW,20150602,1700,4367, ,CFS
SHA,H,76,INFLOW,20150602,1800,255, ,CFS
SHA,H,76,INFLOW,20150602,1900,2074, ,CFS
SHA,H,76,INFLOW,20150602,2000,4033, ,CFS
SHA,H,76,INFLOW,20150602,2100,11809, ,CFS
SHA,H,76,INFLOW,20150602,2200,2643, ,CFS
SHA,H,76,INFLOW,20150602,2300,11845, ,CFS
SHA,H,76,INFLOW,20150603,0000,2905, ,CFS
SHA,H,76,INFLOW,20150603,0100,5624, ,CFS
SHA,H,76,INFLOW,20150603,0200,2546, ,CFS
SHA,H,76,INFLOW,20150603,0300,158, ,CFS
SHA,H,76,INFLOW,20150603,0400,2494, ,CFS
SHA,H,76,INFLOW,20150603,0500,150, ,CFS
SHA,H,76,INFLOW,20150603,0600,442, ,CFS
SHA,H,76,INFLOW,20150603,0700,2825, ,CFS
SHA,H,76,INFLOW,20150603,0800,1859, ,CFS
SHA,H,76,INFLOW,20150603,0900,35, ,CFS
SHA,H,76,INFLOW,20150603,1000,393, ,CFS
SHA,H,76,INFLOW,20150603,1100,-1288, ,CFS
SHA,H,76,INFLOW,20150603,1200,3210, ,CFS
SHA,H,76,INFLOW,20150603,1300,517, ,CFS
SHA,H,76,INFLOW,20150603,1400,3678, ,CFS
SHA,H,76,INFLOW,20150603,1500,562, ,CFS
SHA,H,76,INFLOW,20150603,1600,1079, ,CFS
SHA,H,76,INFLOW,20150603,1700,1328, ,CFS
SHA,H,76,INFLOW,20150603,1800,3437, ,CFS
SHA,H,76,INFLOW,20150603,1900,4004, ,CFS
SHA,H,76,INFLOW,20150603,2000,6121, ,CFS
SHA,H,76,INFLOW,20150603,2100,5702, ,CFS
SHA,H,76,INFLOW,20150603,2200,7502, ,CFS
SHA,H,76,INFLOW,20150603,2300,6696, ,CFS
SHA,H,76,INFLOW,20150604,0000,1733, ,CFS
SHA,H,76,INFLOW,20150604,0100,7636, ,CFS
SHA,H,76,INFLOW,20150604,0200,2583, ,CFS
SHA,H,76,INFLOW,20150604,0300,-2145, ,CFS
SHA,H,76,INFLOW,20150604,0400,4894, ,CFS
SHA,H,76,INFLOW,20150604,0500,217, ,CFS
SHA,H,76,INFLOW,20150604,0600,343, ,CFS
SHA,H,76,INFLOW,20150604,0700,5553, ,CFS
SHA,H,76,INFLOW,20150604,0800,-1883, ,CFS
SHA,H,76,INFLOW,20150604,0900,6243, ,CFS
SHA,H,76,INFLOW,20150604,1000,9550, ,CFS
SHA,H,76,INFLOW,20150604,1100,-1999, ,CFS
SHA,H,76,INFLOW,20150604,1200,3594, ,CFS
SHA,H,76,INFLOW,20150604,1300,3132, ,CFS
SHA,H,76,INFLOW,20150604,1400,38, ,CFS
SHA,H,76,INFLOW,20150604,1500,9768, ,CFS
SHA,H,76,INFLOW,20150604,1600,-2243, ,CFS
SHA,H,76,INFLOW,20150604,1700,20674, ,CFS
SHA,H,76,INFLOW,20150604,1800,-6064, ,CFS
SHA,H,76,INFLOW,20150604,1900,12356, ,CFS
SHA,H,76,INFLOW,20150604,2000,2812, ,CFS
SHA,H,76,INFLOW,20150604,2100,6633, ,CFS
SHA,H,76,INFLOW,20150604,2200,11150, ,CFS
SHA,H,76,INFLOW,20150604,2300,6543, ,CFS
SHA,H,76,INFLOW,20150605,0000,-1559, ,CFS
SHA,H,76,INFLOW,20150605,0100,1633, ,CFS
SHA,H,76,INFLOW,20150605,0200,-1236, ,CFS
SHA,H,76,INFLOW,20150605,0300,4034, ,CFS
SHA,H,76,INFLOW,20150605,0400,3927, ,CFS
SHA,H,76,INFLOW,20150605,0500,-2757, ,CFS
SHA,H,76,INFLOW,20150605,0600,6782, ,CFS
SHA,H,76,INFLOW,20150605,0700,-2912, ,CFS
SHA,H,76,INFLOW,20150605,0800,516, ,CFS
SHA,H,76,INFLOW,20150605,0900,1458, ,CFS
SHA,H,76,INFLOW,20150605,1000,2126, ,CFS
SHA,H,76,INFLOW,20150605,1100,2691, ,CFS
SHA,H,76,INFLOW,20150605,1200,6274, ,CFS
SHA,H,76,INFLOW,20150605,1300,1736, ,CFS
SHA,H,76,INFLOW,20150605,1400,1616, ,CFS
SHA,H,76,INFLOW,20150605,1500,9571, ,CFS
SHA,H,76,INFLOW,20150605,1600,957, ,CFS
SHA,H,76,INFLOW,20150605,1700,5031, ,CFS
SHA,H,76,INFLOW,20150605,1800,5116, ,CFS
SHA,H,76,INFLOW,20150605,1900,6428, ,CFS
SHA,H,76,INFLOW,20150605,2000,2465, ,CFS
SHA,H,76,INFLOW,20150605,2100,10812, ,CFS
SHA,H,76,INFLOW,20150605,2200,4579, ,CFS
SHA,H,76,INFLOW,20150605,2300,9244, ,CFS
SHA,H,76,INFLOW,20150606,0000,-650, ,CFS
SHA,H,76,INFLOW,20150606,0100,2102, ,CFS
SHA,H,76,INFLOW,20150606,0200,1545, ,CFS
SHA,H,76,INFLOW,20150606,0300,-785, ,CFS
SHA,H,76,INFLOW,20150606,0400,5860, ,CFS
SHA,H,76,INFLOW,20150606,0500,1029, ,CFS
SHA,H,76,INFLOW,20150606,0600,-1440, ,CFS
SHA,H,76,INFLOW,20150606,0700,5588, ,CFS
SHA,H,76,INFLOW,20150606,0800,-1137, ,CFS
SHA,H,76,INFLOW,20150606,0900,3564, ,CFS
SHA,H,76,INFLOW,20150606,1000,778, ,CFS
SHA,H,76,INFLOW,20150606,1100,2976, ,CFS
SHA,H,76,INFLOW,20150606,1200,2740, ,CFS
SHA,H,76,INFLOW,20150606,1300,3133, ,CFS
SHA,H,76,INFLOW,20150606,1400,973, ,CFS
SHA,H,76,INFLOW,20150606,1500,6526, ,CFS
SHA,H,76,INFLOW,20150606,1600,4963, ,CFS
SHA,H,76,INFLOW,20150606,1700,4940, ,CFS
SHA,H,76,INFLOW,20150606,1800,4976, ,CFS
SHA,H,76,INFLOW,20150606,1900,6037, ,CFS
SHA,H,76,INFLOW,20150606,2000,4031, ,CFS
SHA,H,76,INFLOW,20150606,2100,10950, ,CFS
SHA,H,76,INFLOW,20150606,2200,7560, ,CFS
SHA,H,76,INFLOW,20150606,2300,6529, ,CFS
SHA,H,76,INFLOW,20150607,0000,-1435, ,CFS
SHA,H,76,INFLOW,20150607,0100,1720, ,CFS
SHA,H,76,INFLOW,20150607,0200,3909, ,CFS
SHA,H,76,INFLOW,20150607,0300,1258, ,CFS
SHA,H,76,INFLOW,20150607,0400,3512, ,CFS
SHA,H,76,INFLOW,20150607,0500,-850, ,CFS
SHA,H,76,INFLOW,20150607,0600,2876, ,CFS
SHA,H,76,INFLOW,20150607,0700,304, ,CFS
SHA,H,76,INFLOW,20150607,0800,1136, ,CFS
SHA,H,76,INFLOW,20150607,0900,-1633, ,CFS
SHA,H,76,INFLOW,20150607,1000,1824, ,CFS
SHA,H,76,INFLOW,20150607,1100,3645, ,CFS
SHA,H,76,INFLOW,20150607,1200,2237, ,CFS
SHA,H,76,INFLOW,20150607,1300,2508, ,CFS
SHA,H,76,INFLOW,20150607,1400,1225, ,CFS
SHA,H,76,INFLOW,20150607,1500,5527, ,CFS
SHA,H,76,INFLOW,20150607,1600,5506, ,CFS
SHA,H,76,INFLOW,20150607,1700,6318, ,CFS
SHA,H,76,INFLOW,20150607,1800,5292, ,CFS
SHA,H,76,INFLOW,20150607,1900,7792, ,CFS
SHA,H,76,INFLOW,20150607,2000,3599, ,CFS
SHA,H,76,INFLOW,20150607,2100,9594, ,CFS
SHA,H,76,INFLOW,20150607,2200,7100, ,CFS
SHA,H,76,INFLOW,20150607,2300,6434, ,CFS
SHA,H,76,INFLOW,20150608,0000,2465, ,CFS
SHA,H,76,INFLOW,20150608,0100,3067, ,CFS
SHA,H,76,INFLOW,20150608,0200,-502, ,CFS
SHA,H,76,INFLOW,20150608,0300,4016, ,CFS
SHA,H,76,INFLOW,20150608,0400,1123, ,CFS
SHA,H,76,INFLOW,20150608,0500,1271, ,CFS
SHA,H,76,INFLOW,20150608,0600,1628, ,CFS
SHA,H,76,INFLOW,20150608,0700,5239, ,CFS
SHA,H,76,INFLOW,20150608,0800,-1217, ,CFS
SHA,H,76,INFLOW,20150608,0900,61, ,CFS
SHA,H,76,INFLOW,20150608,1000,1781, ,CFS
SHA,H,76,INFLOW,20150608,1100,826, ,CFS
SHA,H,76,INFLOW,20150608,1200,6298, ,CFS
SHA,H,76,INFLOW,20150608,1300,1242, ,CFS
SHA,H,76,INFLOW,20150608,1400,8701, ,CFS
SHA,H,76,INFLOW,20150608,1500,5364, ,CFS
SHA,H,76,INFLOW,20150608,1600,7376, ,CFS
SHA,H,76,INFLOW,20150608,1700,4859, ,CFS
SHA,H,76,INFLOW,20150608,1800,7090, ,CFS
SHA,H,76,INFLOW,20150608,1900,7036, ,CFS
SHA,H,76,INFLOW,20150608,2000,4476, ,CFS
SHA,H,76,INFLOW,20150608,2100,14617, ,CFS
SHA,H,76,INFLOW,20150608,2200,1000, ,CFS
SHA,H,76,INFLOW,20150608,2300,14037, ,CFS
SHA,H,76,INFLOW,20150609,0000,-125, ,CFS
SHA,H,76,INFLOW,20150609,0100,333, ,CFS
SHA,H,76,INFLOW,20150609,0200,4139, ,CFS
SHA,H,76,INFLOW,20150609,0300,-745, ,CFS
SHA,H,76,INFLOW,20150609,0400,1480, ,CFS
SHA,H,76,INFLOW,20150609,0500,1424, ,CFS
SHA,H,76,INFLOW,20150609,0600,-442, ,CFS
SHA,H,76,INFLOW,20150609,0700,6675, ,CFS
SHA,H,76,INFLOW,20150609,0800,-1535, ,CFS
SHA,H,76,INFLOW,20150609,0900,-1236, ,CFS
SHA,H,76,INFLOW,20150609,1000,2002, ,CFS
SHA,H,76,INFLOW,20150609,1100,1463, ,CFS
SHA,H,76,INFLOW,20150609,1200,4025, ,CFS
SHA,H,76,INFLOW,20150609,1300,2666, ,CFS
SHA,H,76,INFLOW,20150609,1400,1587, ,CFS
SHA,H,76,INFLOW,20150609,1500,2822, ,CFS
SHA,H,76,INFLOW,20150609,1600,3803, ,CFS
SHA,H,76,INFLOW,20150609,1700,20051, ,CFS
SHA,H,76,INFLOW,20150609,1800,-3053, ,CFS
SHA,H,76,INFLOW,20150609,1900,-3636, ,CFS
SHA,H,76,INFLOW,20150609,2000,12147, ,CFS
SHA,H,76,INFLOW,20150609,2100,-15846, ,CFS
SHA,H,76,INFLOW,20150609,2200,25189, ,CFS
SHA,H,76,INFLOW,20150609,2300,1893, ,CFS
SHA,H,76,INFLOW,20150610,0000,-6381, ,CFS
SHA,H,76,INFLOW,20150610,0100,18309, ,CFS
SHA,H,76,INFLOW,20150610,0200,-7780, ,CFS
SHA,H,76,INFLOW,20150610,0300,1837, ,CFS
SHA,H,76,INFLOW,20150610,0400,6433, ,CFS
SHA,H,76,INFLOW,20150610,0500,-2648, ,CFS
SHA,H,76,INFLOW,20150610,0600,1957, ,CFS
SHA,H,76,INFLOW,20150610,0700,6435, ,CFS
SHA,H,76,INFLOW,20150610,0800,-4966, ,CFS
SHA,H,76,INFLOW,20150610,0900,4230, ,CFS
SHA,H,76,INFLOW,20150610,1000,74, ,CFS
SHA,H,76,INFLOW,20150610,1100,-1924, ,CFS
SHA,H,76,INFLOW,20150610,1200,2634, ,CFS
SHA,H,76,INFLOW,20150610,1300,2276, ,CFS
SHA,H,76,INFLOW,20150610,1400,1485, ,CFS
SHA,H,76,INFLOW,20150610,1500,1590, ,CFS
SHA,H,76,INFLOW,20150610,1600,1838, ,CFS
SHA,H,76,INFLOW,20150610,1700,-277, ,CFS
SHA,H,76,INFLOW,20150610,1800,5047, ,CFS
SHA,H,76,INFLOW,20150610,1900,-1076, ,CFS
SHA,H,76,INFLOW,20150610,2000,1351, ,CFS
SHA,H,76,INFLOW,20150610,2100,3241, ,CFS
SHA,H,76,INFLOW,20150610,2200,4346, ,CFS
SHA,H,76,INFLOW,20150610,2300,5653, ,CFS
SHA,H,76,INFLOW,20150611,0000,492, ,CFS
SHA,H,76,INFLOW,20150611,0100,1879, ,CFS
SHA,H,76,INFLOW,20150611,0200,1527, ,CFS
SHA,H,76,INFLOW,20150611,0300,1378, ,CFS
SHA,H,76,INFLOW,20150611,0400,1264, ,CFS
SHA,H,76,INFLOW,20150611,0500,1331, ,CFS
SHA,H,76,INFLOW,20150611,0600,1698, ,CFS
SHA,H,76,INFLOW,20150611,0700,4129, ,CFS
SHA,H,76,INFLOW,20150611,0800,-802, ,CFS
SHA,H,76,INFLOW,20150611,0900,-322, ,CFS
SHA,H,76,INFLOW,20150611,1000,8944, ,CFS
SHA,H,76,INFLOW,20150611,1100,-2805, ,CFS
SHA,H,76,INFLOW,20150611,1200,1860, ,CFS
SHA,H,76,INFLOW,20150611,1300,-589, ,CFS
SHA,H,76,INFLOW,20150611,1400,2829, ,CFS
SHA,H,76,INFLOW,20150611,1500,2738, ,CFS
SHA,H,76,INFLOW,20150611,1600,-1074, ,CFS
SHA,H,76,INFLOW,20150611,1700,5230, ,CFS
SHA,H,76,INFLOW,20150611,1800,6114, ,CFS
SHA,H,76,INFLOW,20150611,1900,8112, ,CFS
SHA,H,76,INFLOW,20150611,2000,3311, ,CFS
SHA,H,76,INFLOW,20150611,2100,9136, ,CFS
SHA,H,76,INFLOW,20150611,2200,4736, ,CFS
SHA,H,76,INFLOW,20150611,2300,3579, ,CFS
SHA,H,76,INFLOW,20150612,0000,298, ,CFS
SHA,H,76,INFLOW,20150612,0100,6713, ,CFS
SHA,H,76,INFLOW,20150612,0200,-4675, ,CFS
SHA,H,76,INFLOW,20150612,0300,4475, ,CFS
SHA,H,76,INFLOW,20150612,0400,-3101, ,CFS
SHA,H,76,INFLOW,20150612,0500,3953, ,CFS
SHA,H,76,INFLOW,20150612,0600,1480, ,CFS
SHA,H,76,INFLOW,20150612,0700,1105, ,CFS
SHA,H,76,INFLOW,20150612,0800,2977, ,CFS
SHA,H,76,INFLOW,20150612,0900,2276, ,CFS
SHA,H,76,INFLOW,20150612,1000,3758, ,CFS
SHA,H,76,INFLOW,20150612,1100,8619, ,CFS
SHA,H,76,INFLOW,20150612,1200,-2451, ,CFS
SHA,H,76,INFLOW,20150612,1300,2294, ,CFS
SHA,H,76,INFLOW,20150612,1400,2225, ,CFS
SHA,H,76,INFLOW,20150612,1500,1921, ,CFS
SHA,H,76,INFLOW,20150612,1600,2393, ,CFS
SHA,H,76,INFLOW,20150612,1700,-67, ,CFS
SHA,H,76,INFLOW,20150612,1800,2079, ,CFS
SHA,H,76,INFLOW,20150612,1900,9743, ,CFS
SHA,H,76,INFLOW,20150612,2000,1067, ,CFS
SHA,H,76,INFLOW,20150612,2100,5004, ,CFS
SHA,H,76,INFLOW,20150612,2200,3287, ,CFS
SHA,H,76,INFLOW,20150612,2300,-993, ,CFS
SHA,H,76,INFLOW,20150613,0000,3996, ,CFS
SHA,H,76,INFLOW,20150613,0100,9352, ,CFS
SHA,H,76,INFLOW,20150613,0200,-1897, ,CFS
SHA,H,76,INFLOW,20150613,0300,9072, ,CFS
SHA,H,76,INFLOW,20150613,0400,-2730, ,CFS
SHA,H,76,INFLOW,20150613,0500,-487, ,CFS
SHA,H,76,INFLOW,20150613,0600,4156, ,CFS
SHA,H,76,INFLOW,20150613,0700,-1436, ,CFS
SHA,H,76,INFLOW,20150613,0800,-88, ,CFS
SHA,H,76,INFLOW,20150613,0900,4699, ,CFS
SHA,H,76,INFLOW,20150613,1000,-3723, ,CFS
SHA,H,76,INFLOW,20150613,1100,1960, ,CFS
SHA,H,76,INFLOW,20150613,1200,1352, ,CFS
SHA,H,76,INFLOW,20150613,1300,367, ,CFS
SHA,H,76,INFLOW,20150613,1400,5910, ,CFS
SHA,H,76,INFLOW,20150613,1500,-1969, ,CFS
SHA,H,76,INFLOW,20150613,1600,3912, ,CFS
SHA,H,76,INFLOW,20150613,1700,6934, ,CFS
SHA,H,76,INFLOW,20150613,1800,-266, ,CFS
SHA,H,76,INFLOW,20150613,1900,8830, ,CFS
SHA,H,76,INFLOW,20150613,2000,5075, ,CFS
SHA,H,76,INFLOW,20150613,2100,6739, ,CFS
SHA,H,76,INFLOW,20150613,2200,1945, ,CFS
SHA,H,76,INFLOW,20150613,2300,6593, ,CFS
SHA,H,76,INFLOW,20150614,0000,3559, ,CFS
SHA,H,76,INFLOW,20150614,0100,9969, ,CFS
SHA,H,76,INFLOW,20150614,0200,-2260, ,CFS
SHA,H,76,INFLOW,20150614,0300,4386, ,CFS
SHA,H,76,INFLOW,20150614,0400,2241, ,CFS
SHA,H,76,INFLOW,20150614,0500,-3005, ,CFS
SHA,H,76,INFLOW,20150614,0600,6041, ,CFS
SHA,H,76,INFLOW,20150614,0700,-3620, ,CFS
SHA,H,76,INFLOW,20150614,0800,1944, ,CFS
SHA,H,76,INFLOW,20150614,0900,2101, ,CFS
SHA,H,76,INFLOW,20150614,1000,-1754, ,CFS
SHA,H,76,INFLOW,20150614,1100,1204, ,CFS
SHA,H,76,INFLOW,20150614,1200,-724, ,CFS
SHA,H,76,INFLOW,20150614,1300,1927, ,CFS
SHA,H,76,INFLOW,20150614,1400,2251, ,CFS
SHA,H,76,INFLOW,20150614,1500,2684, ,CFS
SHA,H,76,INFLOW,20150614,1600,1576, ,CFS
SHA,H,76,INFLOW,20150614,1700,6223, ,CFS
SHA,H,76,INFLOW,20150614,1800,3119, ,CFS
SHA,H,76,INFLOW,20150614,1900,8200, ,CFS
SHA,H,76,INFLOW,20150614,2000,3172, ,CFS
SHA,H,76,INFLOW,20150614,2100,9447, ,CFS
SHA,H,76,INFLOW,20150614,2200,5057, ,CFS
SHA,H,76,INFLOW,20150614,2300,5686, ,CFS
SHA,H,76,INFLOW,20150615,0000,1879, ,CFS
SHA,H,76,INFLOW,20150615,0100,1774, ,CFS
SHA,H,76,INFLOW,20150615,0200,3472, ,CFS
SHA,H,76,INFLOW,20150615,0300,3424, ,CFS
SHA,H,76,INFLOW,20150615,0400,1258, ,CFS
SHA,H,76,INFLOW,20150615,0500,1326, ,CFS
SHA,H,76,INFLOW,20150615,0600,1531, ,CFS
SHA,H,76,INFLOW,20150615,0700,-494, ,CFS
SHA,H,76,INFLOW,20150615,0800,810, ,CFS
SHA,H,76,INFLOW,20150615,0900,3842, ,CFS
SHA,H,76,INFLOW,20150615,1000,-3673, ,CFS
SHA,H,76,INFLOW,20150615,1100,5955, ,CFS
SHA,H,76,INFLOW,20150615,1200,1645, ,CFS
SHA,H,76,INFLOW,20150615,1300,1714, ,CFS
SHA,H,76,INFLOW,20150615,1400,2915, ,CFS
SHA,H,76,INFLOW,20150615,1500,3162, ,CFS
SHA,H,76,INFLOW,20150615,1600,-84, ,CFS
SHA,H,76,INFLOW,20150615,1700,5901, ,CFS
SHA,H,76,INFLOW,20150615,1800,1401, ,CFS
SHA,H,76,INFLOW,20150615,1900,5814, ,CFS
SHA,H,76,INFLOW,20150615,2000,5435, ,CFS
SHA,H,76,INFLOW,20150615,2100,10504, ,CFS
SHA,H,76,INFLOW,20150615,2200,1679, ,CFS
SHA,H,76,INFLOW,20150615,2300,5151, ,CFS
SHA,H,76,INFLOW,20150616,0000,6570, ,CFS
SHA,H,76,INFLOW,20150616,0100,-1785, ,CFS
SHA,H,76,INFLOW,20150616,0200,2848, ,CFS
SHA,H,76,INFLOW,20150616,0300,2658, ,CFS
SHA,H,76,INFLOW,20150616,0400,264, ,CFS
SHA,H,76,INFLOW,20150616,0500,271, ,CFS
SHA,H,76,INFLOW,20150616,0600,357, ,CFS
SHA,H,76,INFLOW,20150616,0700,3463, ,CFS
SHA,H,76,INFLOW,20150616,0800,-995, ,CFS
SHA,H,76,INFLOW,20150616,0900,2180, ,CFS
SHA,H,76,INFLOW,20150616,1000,-645, ,CFS
SHA,H,76,INFLOW,20150616,1100,1954, ,CFS
SHA,H,76,INFLOW,20150616,1200,-910, ,CFS
SHA,H,76,INFLOW,20150616,1300,2021, ,CFS
SHA,H,76,INFLOW,20150616,1400,2083, ,CFS
SHA,H,76,INFLOW,20150616,1500,1664, ,CFS
SHA,H,76,INFLOW,20150616,1600,2854, ,CFS
SHA,H,76,INFLOW,20150616,1700,2058, ,CFS
SHA,H,76,INFLOW,20150616,1800,7035, ,CFS
SHA,H,76,INFLOW,20150616,1900,6191, ,CFS
SHA,H,76,INFLOW,20150616,2000,672, ,CFS
SHA,H,76,INFLOW,20150616,2100,5901, ,CFS
SHA,H,76,INFLOW,20150616,2200,-369, ,CFS
SHA,H,76,INFLOW,20150616,2300,6663, ,CFS
SHA,H,76,INFLOW,20150617,0000,4819, ,CFS
SHA,H,76,INFLOW,20150617,0100,562, ,CFS
SHA,H,76,INFLOW,20150617,0200,2875, ,CFS
SHA,H,76,INFLOW,20150617,0300,2881, ,CFS
SHA,H,76,INFLOW,20150617,0400,-1719, ,CFS
SHA,H,76,INFLOW,20150617,0500,2890, ,CFS
SHA,H,76,INFLOW,20150617,0600,-1456, ,CFS
SHA,H,76,INFLOW,20150617,0700,2245, ,CFS
SHA,H,76,INFLOW,20150617,0800,374, ,CFS
SHA,H,76,INFLOW,20150617,0900,2766, ,CFS
SHA,H,76,INFLOW,20150617,1000,-1706, ,CFS
SHA,H,76,INFLOW,20150617,1100,2819, ,CFS
SHA,H,76,INFLOW,20150617,1200,-1769, ,CFS
SHA,H,76,INFLOW,20150617,1300,2179, ,CFS
SHA,H,76,INFLOW,20150617,1400,2200, ,CFS
SHA,H,76,INFLOW,20150617,1500,5094, ,CFS
SHA,H,76,INFLOW,20150617,1600,7423, ,CFS
SHA,H,76,INFLOW,20150617,1700,2820, ,CFS
SHA,H,76,INFLOW,20150617,1800,7543, ,CFS
SHA,H,76,INFLOW,20150617,1900,3282, ,CFS
SHA,H,76,INFLOW,20150617,2000,3575, ,CFS
SHA,H,76,INFLOW,20150617,2100,12236, ,CFS
SHA,H,76,INFLOW,20150617,2200,3051, ,CFS
SHA,H,76,INFLOW,20150617,2300,9551, ,CFS
SHA,H,76,INFLOW,20150618,0000,-1294, ,CFS
SHA,H,76,INFLOW,20150618,0100,4675, ,CFS
SHA,H,76,INFLOW,20150618,0200,2510, ,CFS
SHA,H,76,INFLOW,20150618,0300,37, ,CFS
SHA,H,76,INFLOW,20150618,0400,2135, ,CFS
SHA,H,76,INFLOW,20150618,0500,2039, ,CFS
SHA,H,76,INFLOW,20150618,0600,34, ,CFS
SHA,H,76,INFLOW,20150618,0700,975, ,CFS
SHA,H,76,INFLOW,20150618,0800,1729, ,CFS
SHA,H,76,INFLOW,20150618,0900,2808, ,CFS
SHA,H,76,INFLOW,20150618,1000,1609, ,CFS
SHA,H,76,INFLOW,20150618,1100,4966, ,CFS
SHA,H,76,INFLOW,20150618,1200,517, ,CFS
SHA,H,76,INFLOW,20150618,1300,2777, ,CFS
SHA,H,76,INFLOW,20150618,1400,2805, ,CFS
SHA,H,76,INFLOW,20150618,1500,709, ,CFS
SHA,H,76,INFLOW,20150618,1600,928, ,CFS
SHA,H,76,INFLOW,20150618,1700,976, ,CFS
SHA,H,76,INFLOW,20150618,1800,5724, ,CFS
SHA,H,76,INFLOW,20150618,1900,6043, ,CFS
SHA,H,76,INFLOW,20150618,2000,3825, ,CFS
SHA,H,76,INFLOW,20150618,2100,9939, ,CFS
SHA,H,76,INFLOW,20150618,2200,4714, ,CFS
SHA,H,76,INFLOW,20150618,2300,2375, ,CFS
SHA,H,76,INFLOW,20150619,0000,7609, ,CFS
SHA,H,76,INFLOW,20150619,0100,-745, ,CFS
SHA,H,76,INFLOW,20150619,0200,2593, ,CFS
SHA,H,76,INFLOW,20150619,0300,273, ,CFS
SHA,H,76,INFLOW,20150619,0400,273, ,CFS
SHA,H,76,INFLOW,20150619,0500,2535, ,CFS
SHA,H,76,INFLOW,20150619,0600,390, ,CFS
SHA,H,76,INFLOW,20150619,0700,556, ,CFS
SHA,H,76,INFLOW,20150619,0800,486, ,CFS
SHA,H,76,INFLOW,20150619,0900,294, ,CFS
SHA,H,76,INFLOW,20150619,1000,602, ,CFS
SHA,H,76,INFLOW,20150619,1100,181, ,CFS
SHA,H,76,INFLOW,20150619,1200,916, ,CFS
SHA,H,76,INFLOW,20150619,1300,729, ,CFS
SHA,H,76,INFLOW,20150619,1400,4161, ,CFS
SHA,H,76,INFLOW,20150619,1500,2501, ,CFS
SHA,H,76,INFLOW,20150619,1600,-1882, ,CFS
SHA,H,76,INFLOW,20150619,1700,2513, ,CFS
SHA,H,76,INFLOW,20150619,1800,4611, ,CFS
SHA,H,76,INFLOW,20150619,1900,7038, ,CFS
SHA,H,76,INFLOW,20150619,2000,6475, ,CFS
SHA,H,76,INFLOW,20150619,2100,7130, ,CFS
SHA,H,76,INFLOW,20150619,2200,9176, ,CFS
SHA,H,76,INFLOW,20150619,2300,742, ,CFS
SHA,H,76,INFLOW,20150620,0000,2855, ,CFS
SHA,H,76,INFLOW,20150620,0100,3643, ,CFS
SHA,H,76,INFLOW,20150620,0200,1009, ,CFS
SHA,H,76,INFLOW,20150620,0300,3205, ,CFS
SHA,H,76,INFLOW,20150620,0400,538, ,CFS
SHA,H,76,INFLOW,20150620,0500,824, ,CFS
SHA,H,76,INFLOW,20150620,0600,502, ,CFS
SHA,H,76,INFLOW,20150620,0700,1050, ,CFS
SHA,H,76,INFLOW,20150620,0800,-489, ,CFS
SHA,H,76,INFLOW,20150620,0900,2101, ,CFS
SHA,H,76,INFLOW,20150620,1000,-1214, ,CFS
SHA,H,76,INFLOW,20150620,1100,-1521, ,CFS
SHA,H,76,INFLOW,20150620,1200,3818, ,CFS
SHA,H,76,INFLOW,20150620,1300,524, ,CFS
SHA,H,76,INFLOW,20150620,1400,1197, ,CFS
SHA,H,76,INFLOW,20150620,1500,359, ,CFS
SHA,H,76,INFLOW,20150620,1600,3156, ,CFS
SHA,H,76,INFLOW,20150620,1700,5851, ,CFS
SHA,H,76,INFLOW,20150620,1800,374, ,CFS
SHA,H,76,INFLOW,20150620,1900,6398, ,CFS
SHA,H,76,INFLOW,20150620,2000,5919, ,CFS
SHA,H,76,INFLOW,20150620,2100,8093, ,CFS
SHA,H,76,INFLOW,20150620,2200,7807, ,CFS
SHA,H,76,INFLOW,20150620,2300,1713, ,CFS
SHA,H,76,INFLOW,20150621,0000,2727, ,CFS
SHA,H,76,INFLOW,20150621,0100,3890, ,CFS
SHA,H,76,INFLOW,20150621,0200,839, ,CFS
SHA,H,76,INFLOW,20150621,0300,3272, ,CFS
SHA,H,76,INFLOW,20150621,0400,982, ,CFS
SHA,H,76,INFLOW,20150621,0500,1286, ,CFS
SHA,H,76,INFLOW,20150621,0600,1108, ,CFS
SHA,H,76,INFLOW,20150621,0700,670, ,CFS
SHA,H,76,INFLOW,20150621,0800,-429, ,CFS
SHA,H,76,INFLOW,20150621,0900,2033, ,CFS
SHA,H,76,INFLOW,20150621,1000,-2315, ,CFS
SHA,H,76,INFLOW,20150621,1100,2042, ,CFS
SHA,H,76,INFLOW,20150621,1200,1087, ,CFS
SHA,H,76,INFLOW,20150621,1300,1974, ,CFS
SHA,H,76,INFLOW,20150621,1400,2478, ,CFS
SHA,H,76,INFLOW,20150621,1500,-938, ,CFS
SHA,H,76,INFLOW,20150621,1600,405, ,CFS
SHA,H,76,INFLOW,20150621,1700,5659, ,CFS
SHA,H,76,INFLOW,20150621,1800,1361, ,CFS
SHA,H,76,INFLOW,20150621,1900,3519, ,CFS
SHA,H,76,INFLOW,20150621,2000,9749, ,CFS
SHA,H,76,INFLOW,20150621,2100,4729, ,CFS
SHA,H,76,INFLOW,20150621,2200,8170, ,CFS
SHA,H,76,INFLOW,20150621,2300,2511, ,CFS
SHA,H,76,INFLOW,20150622,0000,3404, ,CFS
SHA,H,76,INFLOW,20150622,0100,3719, ,CFS
SHA,H,76,INFLOW,20150622,0200,2016, ,CFS
SHA,H,76,INFLOW,20150622,0300,-390, ,CFS
SHA,H,76,INFLOW,20150622,0400,1437, ,CFS
SHA,H,76,INFLOW,20150622,0500,1264, ,CFS
SHA,H,76,INFLOW,20150622,0600,1282, ,CFS
SHA,H,76,INFLOW,20150622,0700,72, ,CFS
SHA,H,76,INFLOW,20150622,0800,1102, ,CFS
SHA,H,76,INFLOW,20150622,0900,-1246, ,CFS
SHA,H,76,INFLOW,20150622,1000,156, ,CFS
SHA,H,76,INFLOW,20150622,1100,2291, ,CFS
SHA,H,76,INFLOW,20150622,1200,-1388, ,CFS
SHA,H,76,INFLOW,20150622,1300,3466, ,CFS
SHA,H,76,INFLOW,20150622,1400,767, ,CFS
SHA,H,76,INFLOW,20150622,1500,3428, ,CFS
SHA,H,76,INFLOW,20150622,1600,2583, ,CFS
SHA,H,76,INFLOW,20150622,1700,3814, ,CFS
SHA,H,76,INFLOW,20150622,1800,-172, ,CFS
SHA,H,76,INFLOW,20150622,1900,8545, ,CFS
SHA,H,76,INFLOW,20150622,2000,6527, ,CFS
SHA,H,76,INFLOW,20150622,2100,5805, ,CFS
SHA,H,76,INFLOW,20150622,2200,4235, ,CFS
SHA,H,76,INFLOW,20150622,2300,7171, ,CFS
SHA,H,76,INFLOW,20150623,0000,1907, ,CFS
SHA,H,76,INFLOW,20150623,0100,4718, ,CFS
SHA,H,76,INFLOW,20150623,0200,-886, ,CFS
SHA,H,76,INFLOW,20150623,0300,1168, ,CFS
SHA,H,76,INFLOW,20150623,0400,3442, ,CFS
SHA,H,76,INFLOW,20150623,0500,-1114, ,CFS
SHA,H,76,INFLOW,20150623,0600,1376, ,CFS
SHA,H,76,INFLOW,20150623,0700,1883, ,CFS
SHA,H,76,INFLOW,20150623,0800,-294, ,CFS
SHA,H,76,INFLOW,20150623,0900,-1789, ,CFS
SHA,H,76,INFLOW,20150623,1000,2231, ,CFS
SHA,H,76,INFLOW,20150623,1100,-988, ,CFS
SHA,H,76,INFLOW,20150623,1200,751, ,CFS
SHA,H,76,INFLOW,20150623,1300,1483, ,CFS
SHA,H,76,INFLOW,20150623,1400,450, ,CFS
SHA,H,76,INFLOW,20150623,1500,2120, ,CFS
SHA,H,76,INFLOW,20150623,1600,3893, ,CFS
SHA,H,76,INFLOW,20150623,1700,8911, ,CFS
SHA,H,76,INFLOW,20150623,1800,-1755, ,CFS
SHA,H,76,INFLOW,20150623,1900,12536, ,CFS
SHA,H,76,INFLOW,20150623,2000,4970, ,CFS
SHA,H,76,INFLOW,20150623,2100,3310, ,CFS
SHA,H,76,INFLOW,20150623,2200,9679, ,CFS
SHA,H,76,INFLOW,20150623,2300,5746, ,CFS
SHA,H,76,INFLOW,20150624,0000,-1276, ,CFS
SHA,H,76,INFLOW,20150624,0100,13457, ,CFS
SHA,H,76,INFLOW,20150624,0200,-6737, ,CFS
SHA,H,76,INFLOW,20150624,0300,10916, ,CFS
SHA,H,76,INFLOW,20150624,0400,-534, ,CFS
SHA,H,76,INFLOW,20150624,0500,-2325, ,CFS
SHA,H,76,INFLOW,20150624,0600,6485, ,CFS
SHA,H,76,INFLOW,20150624,0700,-2287, ,CFS
SHA,H,76,INFLOW,20150624,0800,146, ,CFS
SHA,H,76,INFLOW,20150624,0900,353, ,CFS
SHA,H,76,INFLOW,20150624,1000,-3726, ,CFS
SHA,H,76,INFLOW,20150624,1100,3651, ,CFS
SHA,H,76,INFLOW,20150624,1200,-197, ,CFS
SHA,H,76,INFLOW,20150624,1300,2338, ,CFS
SHA,H,76,INFLOW,20150624,1400,1478, ,CFS
SHA,H,76,INFLOW,20150624,1500,2043, ,CFS
SHA,H,76,INFLOW,20150624,1600,1634, ,CFS
SHA,H,76,INFLOW,20150624,1700,-171, ,CFS
SHA,H,76,INFLOW,20150624,1800,3513, ,CFS
SHA,H,76,INFLOW,20150624,1900,6596, ,CFS
SHA,H,76,INFLOW,20150624,2000,3689, ,CFS
SHA,H,76,INFLOW,20150624,2100,11314, ,CFS
SHA,H,76,INFLOW,20150624,2200,3531, ,CFS
SHA,H,76,INFLOW,20150624,2300,3469, ,CFS
SHA,H,76,INFLOW,20150625,0000,4603, ,CFS
SHA,H,76,INFLOW,20150625,0100,3061, ,CFS
SHA,H,76,INFLOW,20150625,0200,126, ,CFS
SHA,H,76,INFLOW,20150625,0300,4382, ,CFS
SHA,H,76,INFLOW,20150625,0400,-358, ,CFS
SHA,H,76,INFLOW,20150625,0500,2125, ,CFS
SHA,H,76,INFLOW,20150625,0600,2566, ,CFS
SHA,H,76,INFLOW,20150625,0700,-1604, ,CFS
SHA,H,76,INFLOW,20150625,0800,286, ,CFS
SHA,H,76,INFLOW,20150625,0900,2040, ,CFS
SHA,H,76,INFLOW,20150625,1000,9595, ,CFS
SHA,H,76,INFLOW,20150625,1100,-187, ,CFS
SHA,H,76,INFLOW,20150625,1200,2076, ,CFS
SHA,H,76,INFLOW,20150625,1300,-342, ,CFS
SHA,H,76,INFLOW,20150625,1400,2209, ,CFS
SHA,H,76,INFLOW,20150625,1500,-1566, ,CFS
SHA,H,76,INFLOW,20150625,1600,5406, ,CFS
SHA,H,76,INFLOW,20150625,1700,6021, ,CFS
SHA,H,76,INFLOW,20150625,1800,10964, ,CFS
SHA,H,76,INFLOW,20150625,1900,6072, ,CFS
SHA,H,76,INFLOW,20150625,2000,7890, ,CFS
SHA,H,76,INFLOW,20150625,2100,6087, ,CFS
SHA,H,76,INFLOW,20150625,2200,4664, ,CFS
SHA,H,76,INFLOW,20150625,2300,4183, ,CFS
SHA,H,76,INFLOW,20150626,0000,4378, ,CFS
SHA,H,76,INFLOW,20150626,0100,5275, ,CFS
SHA,H,76,INFLOW,20150626,0200,597, ,CFS
SHA,H,76,INFLOW,20150626,0300,9390, ,CFS
SHA,H,76,INFLOW,20150626,0400,-2172, ,CFS
SHA,H,76,INFLOW,20150626,0500,115, ,CFS
SHA,H,76,INFLOW,20150626,0600,4695, ,CFS
SHA,H,76,INFLOW,20150626,0700,-2860, ,CFS
SHA,H,76,INFLOW,20150626,0800,1774, ,CFS
SHA,H,76,INFLOW,20150626,0900,2254, ,CFS
SHA,H,76,INFLOW,20150626,1000,-3016, ,CFS
SHA,H,76,INFLOW,20150626,1100,448, ,CFS
SHA,H,76,INFLOW,20150626,1200,558, ,CFS
SHA,H,76,INFLOW,20150626,1300,1627, ,CFS
SHA,H,76,INFLOW,20150626,1400,7095, ,CFS
SHA,H,76,INFLOW,20150626,1500,-1486, ,CFS
SHA,H,76,INFLOW,20150626,1600,9944, ,CFS
SHA,H,76,INFLOW,20150626,1700,7803, ,CFS
SHA,H,76,INFLOW,20150626,1800,3034, ,CFS
SHA,H,76,INFLOW,20150626,1900,7710, ,CFS
SHA,H,76,INFLOW,20150626,2000,9544, ,CFS
SHA,H,76,INFLOW,20150626,2100,4108, ,CFS
SHA,H,76,INFLOW,20150626,2200,7995, ,CFS
SHA,H,76,INFLOW,20150626,2300,-924, ,CFS
SHA,H,76,INFLOW,20150627,0000,8244, ,CFS
SHA,H,76,INFLOW,20150627,0100,6640, ,CFS
SHA,H,76,INFLOW,20150627,0200,4858, ,CFS
SHA,H,76,INFLOW,20150627,0300,2582, ,CFS
SHA,H,76,INFLOW,20150627,0400,414, ,CFS
SHA,H,76,INFLOW,20150627,0500,259, ,CFS
SHA,H,76,INFLOW,20150627,0600,4687, ,CFS
SHA,H,76,INFLOW,20150627,0700,-2951, ,CFS
SHA,H,76,INFLOW,20150627,0800,4306, ,CFS
SHA,H,76,INFLOW,20150627,0900,-1037, ,CFS
SHA,H,76,INFLOW,20150627,1000,1216, ,CFS
SHA,H,76,INFLOW,20150627,1100,-1739, ,CFS
SHA,H,76,INFLOW,20150627,1200,2725, ,CFS
SHA,H,76,INFLOW,20150627,1300,-171, ,CFS
SHA,H,76,INFLOW,20150627,1400,1886, ,CFS
SHA,H,76,INFLOW,20150627,1500,3618, ,CFS
SHA,H,76,INFLOW,20150627,1600,-2942, ,CFS
SHA,H,76,INFLOW,20150627,1700,4362, ,CFS
SHA,H,76,INFLOW,20150627,1800,-48, ,CFS
SHA,H,76,INFLOW,20150627,1900,5688, ,CFS
SHA,H,76,INFLOW,20150627,2000,7662, ,CFS
SHA,H,76,INFLOW,20150627,2100,224, ,CFS
SHA,H,76,INFLOW,20150627,2200,6564, ,CFS
SHA,H,76,INFLOW,20150627,2300,-357, ,CFS
SHA,H,76,INFLOW,20150628,0000,-2905, ,CFS
SHA,H,76,INFLOW,20150628,0100,5048, ,CFS
SHA,H,76,INFLOW,20150628,0200,606, ,CFS
SHA,H,76,INFLOW,20150628,0300,-1461, ,CFS
SHA,H,76,INFLOW,20150628,0400,7621, ,CFS
SHA,H,76,INFLOW,20150628,0500,-5760, ,CFS
SHA,H,76,INFLOW,20150628,0600,6160, ,CFS
SHA,H,76,INFLOW,20150628,0700,-3407, ,CFS
SHA,H,76,INFLOW,20150628,0800,2844, ,CFS
SHA,H,76,INFLOW,20150628,0900,213, ,CFS
SHA,H,76,INFLOW,20150628,1000,2177, ,CFS
SHA,H,76,INFLOW,20150628,1100,2953, ,CFS
SHA,H,76,INFLOW,20150628,1200,374, ,CFS
SHA,H,76,INFLOW,20150628,1300,720, ,CFS
SHA,H,76,INFLOW,20150628,1400,402, ,CFS
SHA,H,76,INFLOW,20150628,1500,2635, ,CFS
SHA,H,76,INFLOW,20150628,1600,419, ,CFS
SHA,H,76,INFLOW,20150628,1700,-690, ,CFS
SHA,H,76,INFLOW,20150628,1800,1368, ,CFS
SHA,H,76,INFLOW,20150628,1900,6340, ,CFS
SHA,H,76,INFLOW,20150628,2000,5822, ,CFS
SHA,H,76,INFLOW,20150628,2100,3179, ,CFS
SHA,H,76,INFLOW,20150628,2200,2572, ,CFS
SHA,H,76,INFLOW,20150628,2300,5239, ,CFS
SHA,H,76,INFLOW,20150629,0000,-3140, ,CFS
SHA,H,76,INFLOW,20150629,0100,3651, ,CFS
SHA,H,76,INFLOW,20150629,0200,798, ,CFS
SHA,H,76,INFLOW,20150629,0300,576, ,CFS
SHA,H,76,INFLOW,20150629,0400,2992, ,CFS
SHA,H,76,INFLOW,20150629,0500,-1200, ,CFS
SHA,H,76,INFLOW,20150629,0600,3302, ,CFS
SHA,H,76,INFLOW,20150629,0700,1019, ,CFS
SHA,H,76,INFLOW,20150629,0800,-1039, ,CFS
SHA,H,76,INFLOW,20150629,0900,-82, ,CFS
SHA,H,76,INFLOW,20150629,1000,681, ,CFS
SHA,H,76,INFLOW,20150629,1100,1731, ,CFS
SHA,H,76,INFLOW,20150629,1200,904, ,CFS
SHA,H,76,INFLOW,20150629,1300,118, ,CFS
SHA,H,76,INFLOW,20150629,1400,3978, ,CFS
SHA,H,76,INFLOW,20150629,1500,-1493, ,CFS
SHA,H,76,INFLOW,20150629,1600,2657, ,CFS
SHA,H,76,INFLOW,20150629,1700,-1131, ,CFS
SHA,H,76,INFLOW,20150629,1800,2611, ,CFS
SHA,H,76,INFLOW,20150629,1900,6477, ,CFS
SHA,H,76,INFLOW,20150629,2000,6843, ,CFS
SHA,H,76,INFLOW,20150629,2100,4137, ,CFS
SHA,H,76,INFLOW,20150629,2200,4821, ,CFS
SHA,H,76,INFLOW,20150629,2300,3550, ,CFS
SHA,H,76,INFLOW,20150630,0000,228, ,CFS
SHA,H,76,INFLOW,20150630,0100,1395, ,CFS
SHA,H,76,INFLOW,20150630,0200,2655, ,CFS
SHA,H,76,INFLOW,20150630,0300,-1976, ,CFS
SHA,H,76,INFLOW,20150630,0400,2448, ,CFS
SHA,H,76,INFLOW,20150630,0500,235, ,CFS
SHA,H,76,INFLOW,20150630,0600,235, ,CFS
SHA,H,76,INFLOW,20150630,0700,2448, ,CFS
SHA,H,76,INFLOW,20150630,0800,235, ,CFS
SHA,H,76,INFLOW,20150630,0900,235, ,CFS
SHA,H,76,INFLOW,20150630,1000,336, ,CFS
SHA,H,76,INFLOW,20150630,1100,6582, ,CFS
SHA,H,76,INFLOW,20150630,1200,3069, ,CFS
SHA,H,76,INFLOW,20150630,1300,5661, ,CFS
SHA,H,76,INFLOW,20150630,1400,1565, ,CFS
SHA,H,76,INFLOW,20150630,1500,-1453, ,CFS
SHA,H,76,INFLOW,20150630,1600,6669, ,CFS
SHA,H,76,INFLOW,20150630,1700,6710, ,CFS
SHA,H,76,INFLOW,20150630,1800,4952, ,CFS
SHA,H,76,INFLOW,20150630,1900,8922, ,CFS
SHA,H,76,INFLOW,20150630,2000,6338, ,CFS
SHA,H,76,INFLOW,20150630,2100,6837, ,CFS
SHA,H,76,INFLOW,20150630,2200,4298, ,CFS
SHA,H,76,INFLOW,20150630,2300,1812, ,CFS
SHA,H,76,INFLOW,20150701,0000,2859, ,CFS
SHA,H,76,INFLOW,20150701,0100,85, ,CFS
SHA,H,76,INFLOW,20150701,0200,5672, ,CFS
SHA,H,76,INFLOW,20150701,0300,908, ,CFS
SHA,H,76,INFLOW,20150701,0400,-1016, ,CFS
SHA,H,76,INFLOW,20150701,0500,1262, ,CFS
SHA,H,76,INFLOW,20150701,0600,1889, ,CFS
SHA,H,76,INFLOW,20150701,0700,5, ,CFS
SHA,H,76,INFLOW,20150701,0800,2329, ,CFS
SHA,H,76,INFLOW,20150701,0900,-513, ,CFS
SHA,H,76,INFLOW,20150701,1000,-496, ,CFS
SHA,H,76,INFLOW,20150701,1100,399, ,CFS
SHA,H,76,INFLOW,20150701,1200,2784, ,CFS
SHA,H,76,INFLOW,20150701,1300,640, ,CFS
SHA,H,76,INFLOW,20150701,1400,1515, ,CFS
SHA,H,76,INFLOW,20150701,1500,7699, ,CFS
SHA,H,76,INFLOW,20150701,1600,7968, ,CFS
SHA,H,76,INFLOW,20150701,1700,5830, ,CFS
SHA,H,76,INFLOW,20150701,1800,6835, ,CFS
SHA,H,76,INFLOW,20150701,1900,10442, ,CFS
SHA,H,76,INFLOW,20150701,2000,3278, ,CFS
SHA,H,76,INFLOW,20150701,2100,6776, ,CFS
SHA,H,76,INFLOW,20150701,2200,-143, ,CFS
SHA,H,76,INFLOW,20150701,2300,7983, ,CFS
SHA,H,76,INFLOW,20150702,0000,355, ,CFS
SHA,H,76,INFLOW,20150702,0100,-102, ,CFS
SHA,H,76,INFLOW,20150702,0200,3734, ,CFS
SHA,H,76,INFLOW,20150702,0300,1677, ,CFS
SHA,H,76,INFLOW,20150702,0400,-656, ,CFS
SHA,H,76,INFLOW,20150702,0500,4038, ,CFS
SHA,H,76,INFLOW,20150702,0600,-65, ,CFS
SHA,H,76,INFLOW,20150702,0700,1885, ,CFS
SHA,H,76,INFLOW,20150702,0800,-1695, ,CFS
SHA,H,76,INFLOW,20150702,0900,470, ,CFS
SHA,H,76,INFLOW,20150702,1000,1724, ,CFS
SHA,H,76,INFLOW,20150702,1100,5049, ,CFS
SHA,H,76,INFLOW,20150702,1200,821, ,CFS
SHA,H,76,INFLOW,20150702,1300,-1377, ,CFS
SHA,H,76,INFLOW,20150702,1400,3603, ,CFS
SHA,H,76,INFLOW,20150702,1500,3666, ,CFS
SHA,H,76,INFLOW,20150702,1600,192, ,CFS
SHA,H,76,INFLOW,20150702,1700,10855, ,CFS
SHA,H,76,INFLOW,20150702,1800,7960, ,CFS
SHA,H,76,INFLOW,20150702,1900,1668, ,CFS
SHA,H,76,INFLOW,20150702,2000,12487, ,CFS
SHA,H,76,INFLOW,20150702,2100,5958, ,CFS
SHA,H,76,INFLOW,20150702,2200,101, ,CFS
SHA,H,76,INFLOW,20150702,2300,6338, ,CFS
SHA,H,76,INFLOW,20150703,0000,-5855, ,CFS
SHA,H,76,INFLOW,20150703,0100,6943, ,CFS
SHA,H,76,INFLOW,20150703,0200,327, ,CFS
SHA,H,76,INFLOW,20150703,0300,170, ,CFS
SHA,H,76,INFLOW,20150703,0400,2403, ,CFS
SHA,H,76,INFLOW,20150703,0500,36, ,CFS
SHA,H,76,INFLOW,20150703,0600,-1831, ,CFS
SHA,H,76,INFLOW,20150703,0700,2305, ,CFS
SHA,H,76,INFLOW,20150703,0800,-2264, ,CFS
SHA,H,76,INFLOW,20150703,0900,4655, ,CFS
SHA,H,76,INFLOW,20150703,1000,-2011, ,CFS
SHA,H,76,INFLOW,20150703,1100,5049, ,CFS
SHA,H,76,INFLOW,20150703,1200,278, ,CFS
SHA,H,76,INFLOW,20150703,1300,1000, ,CFS
SHA,H,76,INFLOW,20150703,1400,3722, ,CFS
SHA,H,76,INFLOW,20150703,1500,-64, ,CFS
SHA,H,76,INFLOW,20150703,1600,473, ,CFS
SHA,H,76,INFLOW,20150703,1700,221, ,CFS
SHA,H,76,INFLOW,20150703,1800,5549, ,CFS
SHA,H,76,INFLOW,20150703,1900,6187, ,CFS
SHA,H,76,INFLOW,20150703,2000,10233, ,CFS
SHA,H,76,INFLOW,20150703,2100,2992, ,CFS
SHA,H,76,INFLOW,20150703,2200,1751, ,CFS
SHA,H,76,INFLOW,20150703,2300,9508, ,CFS
SHA,H,76,INFLOW,20150704,0000,-7718, ,CFS
SHA,H,76,INFLOW,20150704,0100,10143, ,CFS
SHA,H,76,INFLOW,20150704,0200,-903, ,CFS
SHA,H,76,INFLOW,20150704,0300,918, ,CFS
SHA,H,76,INFLOW,20150704,0400,1413, ,CFS
SHA,H,76,INFLOW,20150704,0500,-991, ,CFS
SHA,H,76,INFLOW,20150704,0600,1446, ,CFS
SHA,H,76,INFLOW,20150704,0700,3454, ,CFS
SHA,H,76,INFLOW,20150704,0800,-3160, ,CFS
SHA,H,76,INFLOW,20150704,0900,-382, ,CFS
SHA,H,76,INFLOW,20150704,1000,1867, ,CFS
SHA,H,76,INFLOW,20150704,1100,3143, ,CFS
SHA,H,76,INFLOW,20150704,1200,3027, ,CFS
SHA,H,76,INFLOW,20150704,1300,591, ,CFS
SHA,H,76,INFLOW,20150704,1400,3332, ,CFS
SHA,H,76,INFLOW,20150704,1500,2726, ,CFS
SHA,H,76,INFLOW,20150704,1600,-789, ,CFS
SHA,H,76,INFLOW,20150704,1700,3824, ,CFS
SHA,H,76,INFLOW,20150704,1800,-1137, ,CFS
SHA,H,76,INFLOW,20150704,1900,9155, ,CFS
SHA,H,76,INFLOW,20150704,2000,9437, ,CFS
SHA,H,76,INFLOW,20150704,2100,1948, ,CFS
SHA,H,76,INFLOW,20150704,2200,4110, ,CFS
SHA,H,76,INFLOW,20150704,2300,2224, ,CFS
SHA,H,76,INFLOW,20150705,0000,296, ,CFS
SHA,H,76,INFLOW,20150705,0100,3143, ,CFS
SHA,H,76,INFLOW,20150705,0200,3628, ,CFS
SHA,H,76,INFLOW,20150705,0300,-943, ,CFS
SHA,H,76,INFLOW,20150705,0400,1288, ,CFS
SHA,H,76,INFLOW,20150705,0500,-866, ,CFS
SHA,H,76,INFLOW,20150705,0600,1167, ,CFS
SHA,H,76,INFLOW,20150705,0700,2025, ,CFS
SHA,H,76,INFLOW,20150705,0800,-179, ,CFS
SHA,H,76,INFLOW,20150705,0900,1488, ,CFS
SHA,H,76,INFLOW,20150705,1000,421, ,CFS
SHA,H,76,INFLOW,20150705,1100,363, ,CFS
SHA,H,76,INFLOW,20150705,1200,539, ,CFS
SHA,H,76,INFLOW,20150705,1300,1453, ,CFS
SHA,H,76,INFLOW,20150705,1400,1789, ,CFS
SHA,H,76,INFLOW,20150705,1500,505, ,CFS
SHA,H,76,INFLOW,20150705,1600,2873, ,CFS
SHA,H,76,INFLOW,20150705,1700,696, ,CFS
SHA,H,76,INFLOW,20150705,1800,973, ,CFS
SHA,H,76,INFLOW,20150705,1900,3343, ,CFS
SHA,H,76,INFLOW,20150705,2000,2886, ,CFS
SHA,H,76,INFLOW,20150705,2100,12519, ,CFS
SHA,H,76,INFLOW,20150705,2200,503, ,CFS
SHA,H,76,INFLOW,20150705,2300,-413, ,CFS
SHA,H,76,INFLOW,20150706,0000,3800, ,CFS
SHA,H,76,INFLOW,20150706,0100,461, ,CFS
SHA,H,76,INFLOW,20150706,0200,2235, ,CFS
SHA,H,76,INFLOW,20150706,0300,3629, ,CFS
SHA,H,76,INFLOW,20150706,0400,-605, ,CFS
SHA,H,76,INFLOW,20150706,0500,1560, ,CFS
SHA,H,76,INFLOW,20150706,0600,3602, ,CFS
SHA,H,76,INFLOW,20150706,0700,-1890, ,CFS
SHA,H,76,INFLOW,20150706,0800,225, ,CFS
SHA,H,76,INFLOW,20150706,0900,327, ,CFS
SHA,H,76,INFLOW,20150706,1000,1821, ,CFS
SHA,H,76,INFLOW,20150706,1100,1266, ,CFS
SHA,H,76,INFLOW,20150706,1200,420, ,CFS
SHA,H,76,INFLOW,20150706,1300,-760, ,CFS
SHA,H,76,INFLOW,20150706,1400,2773, ,CFS
SHA,H,76,INFLOW,20150706,1500,897, ,CFS
SHA,H,76,INFLOW,20150706,1600,743, ,CFS
SHA,H,76,INFLOW,20150706,1700,3845, ,CFS
SHA,H,76,INFLOW,20150706,1800,-2011, ,CFS
SHA,H,76,INFLOW,20150706,1900,4528, ,CFS
SHA,H,76,INFLOW,20150706,2000,7648, ,CFS
SHA,H,76,INFLOW,20150706,2100,2747, ,CFS
SHA,H,76,INFLOW,20150706,2200,4541, ,CFS
SHA,H,76,INFLOW,20150706,2300,8181, ,CFS
SHA,H,76,INFLOW,20150707,0000,-5717, ,CFS
SHA,H,76,INFLOW,20150707,0100,4546, ,CFS
SHA,H,76,INFLOW,20150707,0200,1552, ,CFS
SHA,H,76,INFLOW,20150707,0300,1266, ,CFS
SHA,H,76,INFLOW,20150707,0400,938, ,CFS
SHA,H,76,INFLOW,20150707,0500,3435, ,CFS
SHA,H,76,INFLOW,20150707,0600,-160, ,CFS
SHA,H,76,INFLOW,20150707,0700,2552, ,CFS
SHA,H,76,INFLOW,20150707,0800,420, ,CFS
SHA,H,76,INFLOW,20150707,0900,2134, ,CFS
SHA,H,76,INFLOW,20150707,1000,-126, ,CFS
SHA,H,76,INFLOW,20150707,1100,367, ,CFS
SHA,H,76,INFLOW,20150707,1200,-1436, ,CFS
SHA,H,76,INFLOW,20150707,1300,2478, ,CFS
SHA,H,76,INFLOW,20150707,1400,1558, ,CFS
SHA,H,76,INFLOW,20150707,1500,1128, ,CFS
SHA,H,76,INFLOW,20150707,1600,231, ,CFS
SHA,H,76,INFLOW,20150707,1700,-1314, ,CFS
SHA,H,76,INFLOW,20150707,1800,5328, ,CFS
SHA,H,76,INFLOW,20150707,1900,206, ,CFS
SHA,H,76,INFLOW,20150707,2000,-2139, ,CFS
SHA,H,76,INFLOW,20150707,2100,17220, ,CFS
SHA,H,76,INFLOW,20150707,2200,-4126, ,CFS
SHA,H,76,INFLOW,20150707,2300,5168, ,CFS
SHA,H,76,INFLOW,20150708,0000,-1362, ,CFS
SHA,H,76,INFLOW,20150708,0100,875, ,CFS
SHA,H,76,INFLOW,20150708,0200,4190, ,CFS
SHA,H,76,INFLOW,20150708,0300,1710, ,CFS
SHA,H,76,INFLOW,20150708,0400,-217, ,CFS
SHA,H,76,INFLOW,20150708,0500,1763, ,CFS
SHA,H,76,INFLOW,20150708,0600,2298, ,CFS
SHA,H,76,INFLOW,20150708,0700,-41, ,CFS
SHA,H,76,INFLOW,20150708,0800,2264, ,CFS
SHA,H,76,INFLOW,20150708,0900,217, ,CFS
SHA,H,76,INFLOW,20150708,1000,640, ,CFS
SHA,H,76,INFLOW,20150708,1100,1827, ,CFS
SHA,H,76,INFLOW,20150708,1200,-405, ,CFS
SHA,H,76,INFLOW,20150708,1300,-94, ,CFS
SHA,H,76,INFLOW,20150708,1400,2758, ,CFS
SHA,H,76,INFLOW,20150708,1500,-1240, ,CFS
SHA,H,76,INFLOW,20150708,1600,5080, ,CFS
SHA,H,76,INFLOW,20150708,1700,-3546, ,CFS
SHA,H,76,INFLOW,20150708,1800,7249, ,CFS
SHA,H,76,INFLOW,20150708,1900,-4384, ,CFS
SHA,H,76,INFLOW,20150708,2000,16776, ,CFS
SHA,H,76,INFLOW,20150708,2100,14745, ,CFS
SHA,H,76,INFLOW,20150708,2200,-9464, ,CFS
SHA,H,76,INFLOW,20150708,2300,8559, ,CFS
SHA,H,76,INFLOW,20150709,0000,-1986, ,CFS
SHA,H,76,INFLOW,20150709,0100,-790, ,CFS
SHA,H,76,INFLOW,20150709,0200,4693, ,CFS
SHA,H,76,INFLOW,20150709,0300,269, ,CFS
SHA,H,76,INFLOW,20150709,0400,150, ,CFS
SHA,H,76,INFLOW,20150709,0500,2302, ,CFS
SHA,H,76,INFLOW,20150709,0600,385, ,CFS
SHA,H,76,INFLOW,20150709,0700,3226, ,CFS
SHA,H,76,INFLOW,20150709,0800,1425, ,CFS
SHA,H,76,INFLOW,20150709,0900,-858, ,CFS
SHA,H,76,INFLOW,20150709,1000,2201, ,CFS
SHA,H,76,INFLOW,20150709,1100,274, ,CFS
SHA,H,76,INFLOW,20150709,1200,759, ,CFS
SHA,H,76,INFLOW,20150709,1300,2402, ,CFS
SHA,H,76,INFLOW,20150709,1400,822, ,CFS
SHA,H,76,INFLOW,20150709,1500,-604, ,CFS
SHA,H,76,INFLOW,20150709,1600,3734, ,CFS
SHA,H,76,INFLOW,20150709,1700,-2925, ,CFS
SHA,H,76,INFLOW,20150709,1800,1374, ,CFS
SHA,H,76,INFLOW,20150709,1900,7866, ,CFS
SHA,H,76,INFLOW,20150709,2000,3527, ,CFS
SHA,H,76,INFLOW,20150709,2100,10292, ,CFS
SHA,H,76,INFLOW,20150709,2200,7084, ,CFS
SHA,H,76,INFLOW,20150709,2300,1624, ,CFS
SHA,H,76,INFLOW,20150710,0000,3491, ,CFS
SHA,H,76,INFLOW,20150710,0100,826, ,CFS
SHA,H,76,INFLOW,20150710,0200,232, ,CFS
SHA,H,76,INFLOW,20150710,0300,2389, ,CFS
SHA,H,76,INFLOW,20150710,0400,39, ,CFS
SHA,H,76,INFLOW,20150710,0500,244, ,CFS
SHA,H,76,INFLOW,20150710,0600,2793, ,CFS
SHA,H,76,INFLOW,20150710,0700,-494, ,CFS
SHA,H,76,INFLOW,20150710,0800,2382, ,CFS
SHA,H,76,INFLOW,20150710,0900,-122, ,CFS
SHA,H,76,INFLOW,20150710,1000,872, ,CFS
SHA,H,76,INFLOW,20150710,1100,407, ,CFS
SHA,H,76,INFLOW,20150710,1200,1330, ,CFS
SHA,H,76,INFLOW,20150710,1300,-260, ,CFS
SHA,H,76,INFLOW,20150710,1400,5862, ,CFS
SHA,H,76,INFLOW,20150710,1500,329, ,CFS
SHA,H,76,INFLOW,20150710,1600,2608, ,CFS
SHA,H,76,INFLOW,20150710,1700,-2409, ,CFS
SHA,H,76,INFLOW,20150710,1800,4810, ,CFS
SHA,H,76,INFLOW,20150710,1900,5346, ,CFS
SHA,H,76,INFLOW,20150710,2000,6854, ,CFS
SHA,H,76,INFLOW,20150710,2100,10527, ,CFS
SHA,H,76,INFLOW,20150710,2200,3965, ,CFS
SHA,H,76,INFLOW,20150710,2300,3111, ,CFS
SHA,H,76,INFLOW,20150711,0000,-1241, ,CFS
SHA,H,76,INFLOW,20150711,0100,2666, ,CFS
SHA,H,76,INFLOW,20150711,0200,1316, ,CFS
SHA,H,76,INFLOW,20150711,0300,876, ,CFS
SHA,H,76,INFLOW,20150711,0400,804, ,CFS
SHA,H,76,INFLOW,20150711,0500,562, ,CFS
SHA,H,76,INFLOW,20150711,0600,682, ,CFS
SHA,H,76,INFLOW,20150711,0700,2594, ,CFS
SHA,H,76,INFLOW,20150711,0800,478, ,CFS
SHA,H,76,INFLOW,20150711,0900,2474, ,CFS
SHA,H,76,INFLOW,20150711,1000,728, ,CFS
SHA,H,76,INFLOW,20150711,1100,1374, ,CFS
SHA,H,76,INFLOW,20150711,1200,1568, ,CFS
SHA,H,76,INFLOW,20150711,1300,631, ,CFS
SHA,H,76,INFLOW,20150711,1400,2771, ,CFS
SHA,H,76,INFLOW,20150711,1500,-319, ,CFS
SHA,H,76,INFLOW,20150711,1600,1697, ,CFS
SHA,H,76,INFLOW,20150711,1700,2602, ,CFS
SHA,H,76,INFLOW,20150711,1800,2732, ,CFS
SHA,H,76,INFLOW,20150711,1900,3219, ,CFS
SHA,H,76,INFLOW,20150711,2000,6689, ,CFS
SHA,H,76,INFLOW,20150711,2100,6838, ,CFS
SHA,H,76,INFLOW,20150711,2200,7170, ,CFS
SHA,H,76,INFLOW,20150711,2300,8905, ,CFS
SHA,H,76,INFLOW,20150712,0000,-4815, ,CFS
SHA,H,76,INFLOW,20150712,0100,7529, ,CFS
SHA,H,76,INFLOW,20150712,0200,168, ,CFS
SHA,H,76,INFLOW,20150712,0300,2105, ,CFS
SHA,H,76,INFLOW,20150712,0400,2005, ,CFS
SHA,H,76,INFLOW,20150712,0500,-2204, ,CFS
SHA,H,76,INFLOW,20150712,0600,-76, ,CFS
SHA,H,76,INFLOW,20150712,0700,1776, ,CFS
SHA,H,76,INFLOW,20150712,0800,-192, ,CFS
SHA,H,76,INFLOW,20150712,0900,3967, ,CFS
SHA,H,76,INFLOW,20150712,1000,3, ,CFS
SHA,H,76,INFLOW,20150712,1100,5111, ,CFS
SHA,H,76,INFLOW,20150712,1200,-972, ,CFS
SHA,H,76,INFLOW,20150712,1300,2526, ,CFS
SHA,H,76,INFLOW,20150712,1400,1633, ,CFS
SHA,H,76,INFLOW,20150712,1500,1515, ,CFS
SHA,H,76,INFLOW,20150712,1600,-1504, ,CFS
SHA,H,76,INFLOW,20150712,1700,7981, ,CFS
SHA,H,76,INFLOW,20150712,1800,-657, ,CFS
SHA,H,76,INFLOW,20150712,1900,5828, ,CFS
SHA,H,76,INFLOW,20150712,2000,8661, ,CFS
SHA,H,76,INFLOW,20150712,2100,1675, ,CFS
SHA,H,76,INFLOW,20150712,2200,11578, ,CFS
SHA,H,76,INFLOW,20150712,2300,6801, ,CFS
SHA,H,76,INFLOW,20150713,0000,471, ,CFS
SHA,H,76,INFLOW,20150713,0100,4272, ,CFS
SHA,H,76,INFLOW,20150713,0200,-1014, ,CFS
SHA,H,76,INFLOW,20150713,0300,619, ,CFS
SHA,H,76,INFLOW,20150713,0400,559, ,CFS
SHA,H,76,INFLOW,20150713,0500,394, ,CFS
SHA,H,76,INFLOW,20150713,0600,630, ,CFS
SHA,H,76,INFLOW,20150713,0700,1702, ,CFS
SHA,H,76,INFLOW,20150713,0800,673, ,CFS
SHA,H,76,INFLOW,20150713,0900,-1402, ,CFS
SHA,H,76,INFLOW,20150713,1000,2001, ,CFS
SHA,H,76,INFLOW,20150713,1100,-637, ,CFS
SHA,H,76,INFLOW,20150713,1200,5341, ,CFS
SHA,H,76,INFLOW,20150713,1300,-1732, ,CFS
SHA,H,76,INFLOW,20150713,1400,1974, ,CFS
SHA,H,76,INFLOW,20150713,1500,8024, ,CFS
SHA,H,76,INFLOW,20150713,1600,-458, ,CFS
SHA,H,76,INFLOW,20150713,1700,1289, ,CFS
SHA,H,76,INFLOW,20150713,1800,9276, ,CFS
SHA,H,76,INFLOW,20150713,1900,-1419, ,CFS
SHA,H,76,INFLOW,20150713,2000,8438, ,CFS
SHA,H,76,INFLOW,20150713,2100,7703, ,CFS
SHA,H,76,INFLOW,20150713,2200,4367, ,CFS
SHA,H,76,INFLOW,20150713,2300,10968, ,CFS
SHA,H,76,INFLOW,20150714,0000,-1808, ,CFS
SHA,H,76,INFLOW,20150714,0100,6435, ,CFS
SHA,H,76,INFLOW,20150714,0200,-1551, ,CFS
SHA,H,76,INFLOW,20150714,0300,2293, ,CFS
SHA,H,76,INFLOW,20150714,0400,2131, ,CFS
SHA,H,76,INFLOW,20150714,0500,-1971, ,CFS
SHA,H,76,INFLOW,20150714,0600,2870, ,CFS
SHA,H,76,INFLOW,20150714,0700,1861, ,CFS
SHA,H,76,INFLOW,20150714,0800,-1531, ,CFS
SHA,H,76,INFLOW,20150714,0900,2915, ,CFS
SHA,H,76,INFLOW,20150714,1000,-1186, ,CFS
SHA,H,76,INFLOW,20150714,1100,-103, ,CFS
SHA,H,76,INFLOW,20150714,1200,43, ,CFS
SHA,H,76,INFLOW,20150714,1300,2358, ,CFS
SHA,H,76,INFLOW,20150714,1400,-289, ,CFS
SHA,H,76,INFLOW,20150714,1500,4106, ,CFS
SHA,H,76,INFLOW,20150714,1600,-1830, ,CFS
SHA,H,76,INFLOW,20150714,1700,4697, ,CFS
SHA,H,76,INFLOW,20150714,1800,2558, ,CFS
SHA,H,76,INFLOW,20150714,1900,7158, ,CFS
SHA,H,76,INFLOW,20150714,2000,9497, ,CFS
SHA,H,76,INFLOW,20150714,2100,4438, ,CFS
SHA,H,76,INFLOW,20150714,2200,8067, ,CFS
SHA,H,76,INFLOW,20150714,2300,8969, ,CFS
SHA,H,76,INFLOW,20150715,0000,-1118, ,CFS
SHA,H,76,INFLOW,20150715,0100,6249, ,CFS
SHA,H,76,INFLOW,20150715,0200,-1959, ,CFS
SHA,H,76,INFLOW,20150715,0300,-88, ,CFS
SHA,H,76,INFLOW,20150715,0400,1832, ,CFS
SHA,H,76,INFLOW,20150715,0500,-115, ,CFS
SHA,H,76,INFLOW,20150715,0600,2326, ,CFS
SHA,H,76,INFLOW,20150715,0700,366, ,CFS
SHA,H,76,INFLOW,20150715,0800,668, ,CFS
SHA,H,76,INFLOW,20150715,0900,33, ,CFS
SHA,H,76,INFLOW,20150715,1000,-59, ,CFS
SHA,H,76,INFLOW,20150715,1100,358, ,CFS
SHA,H,76,INFLOW,20150715,1200,414, ,CFS
SHA,H,76,INFLOW,20150715,1300,1343, ,CFS
SHA,H,76,INFLOW,20150715,1400,3634, ,CFS
SHA,H,76,INFLOW,20150715,1500,-855, ,CFS
SHA,H,76,INFLOW,20150715,1600,4774, ,CFS
SHA,H,76,INFLOW,20150715,1700,4536, ,CFS
SHA,H,76,INFLOW,20150715,1800,6162, ,CFS
SHA,H,76,INFLOW,20150715,1900,6378, ,CFS
SHA,H,76,INFLOW,20150715,2000,6295, ,CFS
SHA,H,76,INFLOW,20150715,2100,9398, ,CFS
SHA,H,76,INFLOW,20150715,2200,5197, ,CFS
SHA,H,76,INFLOW,20150715,2300,6041, ,CFS
SHA,H,76,INFLOW,20150716,0000,2191, ,CFS
SHA,H,76,INFLOW,20150716,0100,1427, ,CFS
SHA,H,76,INFLOW,20150716,0200,376, ,CFS
SHA,H,76,INFLOW,20150716,0300,2453, ,CFS
SHA,H,76,INFLOW,20150716,0400,2270, ,CFS
SHA,H,76,INFLOW,20150716,0500,-2024, ,CFS
SHA,H,76,INFLOW,20150716,0600,2383, ,CFS
SHA,H,76,INFLOW,20150716,0700,297, ,CFS
SHA,H,76,INFLOW,20150716,0800,919, ,CFS
SHA,H,76,INFLOW,20150716,0900,913, ,CFS
SHA,H,76,INFLOW,20150716,1000,1250, ,CFS
SHA,H,76,INFLOW,20150716,1100,240, ,CFS
SHA,H,76,INFLOW,20150716,1200,-1293, ,CFS
SHA,H,76,INFLOW,20150716,1300,1195, ,CFS
SHA,H,76,INFLOW,20150716,1400,3716, ,CFS
SHA,H,76,INFLOW,20150716,1500,-175, ,CFS
SHA,H,76,INFLOW,20150716,1600,4202, ,CFS
SHA,H,76,INFLOW,20150716,1700,3988, ,CFS
SHA,H,76,INFLOW,20150716,1800,6216, ,CFS
SHA,H,76,INFLOW,20150716,1900,6078, ,CFS
SHA,H,76,INFLOW,20150716,2000,7510, ,CFS
SHA,H,76,INFLOW,20150716,2100,8454, ,CFS
SHA,H,76,INFLOW,20150716,2200,4339, ,CFS
SHA,H,76,INFLOW,20150716,2300,5650, ,CFS
SHA,H,76,INFLOW,20150717,0000,2293, ,CFS
SHA,H,76,INFLOW,20150717,0100,3701, ,CFS
SHA,H,76,INFLOW,20150717,0200,216, ,CFS
SHA,H,76,INFLOW,20150717,0300,2008, ,CFS
SHA,H,76,INFLOW,20150717,0400,2078, ,CFS
SHA,H,76,INFLOW,20150717,0500,-202, ,CFS
SHA,H,76,INFLOW,20150717,0600,-6, ,CFS
SHA,H,76,INFLOW,20150717,0700,2105, ,CFS
SHA,H,76,INFLOW,20150717,0800,144, ,CFS
SHA,H,76,INFLOW,20150717,0900,587, ,CFS
SHA,H,76,INFLOW,20150717,1000,-1438, ,CFS
SHA,H,76,INFLOW,20150717,1100,196, ,CFS
SHA,H,76,INFLOW,20150717,1200,1574, ,CFS
SHA,H,76,INFLOW,20150717,1300,-1171, ,CFS
SHA,H,76,INFLOW,20150717,1400,2180, ,CFS
SHA,H,76,INFLOW,20150717,1500,2677, ,CFS
SHA,H,76,INFLOW,20150717,1600,6376, ,CFS
SHA,H,76,INFLOW,20150717,1700,3413, ,CFS
SHA,H,76,INFLOW,20150717,1800,8182, ,CFS
SHA,H,76,INFLOW,20150717,1900,5524, ,CFS
SHA,H,76,INFLOW,20150717,2000,5901, ,CFS
SHA,H,76,INFLOW,20150717,2100,10346, ,CFS
SHA,H,76,INFLOW,20150717,2200,3717, ,CFS
SHA,H,76,INFLOW,20150717,2300,6286, ,CFS
SHA,H,76,INFLOW,20150718,0000,2471, ,CFS
SHA,H,76,INFLOW,20150718,0100,2485, ,CFS
SHA,H,76,INFLOW,20150718,0200,1856, ,CFS
SHA,H,76,INFLOW,20150718,0300,-39, ,CFS
SHA,H,76,INFLOW,20150718,0400,91, ,CFS
SHA,H,76,INFLOW,20150718,0500,1579, ,CFS
SHA,H,76,INFLOW,20150718,0600,2173, ,CFS
SHA,H,76,INFLOW,20150718,0700,1118, ,CFS
SHA,H,76,INFLOW,20150718,0800,821, ,CFS
SHA,H,76,INFLOW,20150718,0900,-1604, ,CFS
SHA,H,76,INFLOW,20150718,1000,2490, ,CFS
SHA,H,76,INFLOW,20150718,1100,505, ,CFS
SHA,H,76,INFLOW,20150718,1200,1529, ,CFS
SHA,H,76,INFLOW,20150718,1300,4185, ,CFS
SHA,H,76,INFLOW,20150718,1400,11316, ,CFS
SHA,H,76,INFLOW,20150718,1500,-746, ,CFS
SHA,H,76,INFLOW,20150718,1600,7502, ,CFS
SHA,H,76,INFLOW,20150718,1700,3614, ,CFS
SHA,H,76,INFLOW,20150718,1800,5618, ,CFS
SHA,H,76,INFLOW,20150718,1900,6594, ,CFS
SHA,H,76,INFLOW,20150718,2000,7986, ,CFS
SHA,H,76,INFLOW,20150718,2100,2711, ,CFS
SHA,H,76,INFLOW,20150718,2200,7710, ,CFS
SHA,H,76,INFLOW,20150718,2300,5285, ,CFS
SHA,H,76,INFLOW,20150719,0000,4006, ,CFS
SHA,H,76,INFLOW,20150719,0100,336, ,CFS
SHA,H,76,INFLOW,20150719,0200,1635, ,CFS
SHA,H,76,INFLOW,20150719,0300,1852, ,CFS
SHA,H,76,INFLOW,20150719,0400,-121, ,CFS
SHA,H,76,INFLOW,20150719,0500,2110, ,CFS
SHA,H,76,INFLOW,20150719,0600,2034, ,CFS
SHA,H,76,INFLOW,20150719,0700,-205, ,CFS
SHA,H,76,INFLOW,20150719,0800,2205, ,CFS
SHA,H,76,INFLOW,20150719,0900,486, ,CFS
SHA,H,76,INFLOW,20150719,1000,435, ,CFS
SHA,H,76,INFLOW,20150719,1100,324, ,CFS
SHA,H,76,INFLOW,20150719,1200,624, ,CFS
SHA,H,76,INFLOW,20150719,1300,179, ,CFS
SHA,H,76,INFLOW,20150719,1400,2539, ,CFS
SHA,H,76,INFLOW,20150719,1500,1146, ,CFS
SHA,H,76,INFLOW,20150719,1600,7933, ,CFS
SHA,H,76,INFLOW,20150719,1700,562, ,CFS
SHA,H,76,INFLOW,20150719,1800,10147, ,CFS
SHA,H,76,INFLOW,20150719,1900,6153, ,CFS
SHA,H,76,INFLOW,20150719,2000,6073, ,CFS
SHA,H,76,INFLOW,20150719,2100,8060, ,CFS
SHA,H,76,INFLOW,20150719,2200,5945, ,CFS
SHA,H,76,INFLOW,20150719,2300,7476, ,CFS
SHA,H,76,INFLOW,20150720,0000,-207, ,CFS
SHA,H,76,INFLOW,20150720,0100,3199, ,CFS
SHA,H,76,INFLOW,20150720,0200,2474, ,CFS
SHA,H,76,INFLOW,20150720,0300,303, ,CFS
SHA,H,76,INFLOW,20150720,0400,2496, ,CFS
SHA,H,76,INFLOW,20150720,0500,658, ,CFS
SHA,H,76,INFLOW,20150720,0600,687, ,CFS
SHA,H,76,INFLOW,20150720,0700,676, ,CFS
SHA,H,76,INFLOW,20150720,0800,-561, ,CFS
SHA,H,76,INFLOW,20150720,0900,-1082, ,CFS
SHA,H,76,INFLOW,20150720,1000,645, ,CFS
SHA,H,76,INFLOW,20150720,1100,-582, ,CFS
SHA,H,76,INFLOW,20150720,1200,1759, ,CFS
SHA,H,76,INFLOW,20150720,1300,443, ,CFS
SHA,H,76,INFLOW,20150720,1400,1211, ,CFS
SHA,H,76,INFLOW,20150720,1500,1736, ,CFS
SHA,H,76,INFLOW,20150720,1600,5179, ,CFS
SHA,H,76,INFLOW,20150720,1700,6585, ,CFS
SHA,H,76,INFLOW,20150720,1800,4030, ,CFS
SHA,H,76,INFLOW,20150720,1900,8661, ,CFS
SHA,H,76,INFLOW,20150720,2000,7955, ,CFS
SHA,H,76,INFLOW,20150720,2100,4634, ,CFS
SHA,H,76,INFLOW,20150720,2200,7616, ,CFS
SHA,H,76,INFLOW,20150720,2300,2708, ,CFS
SHA,H,76,INFLOW,20150721,0000,4822, ,CFS
SHA,H,76,INFLOW,20150721,0100,-523, ,CFS
SHA,H,76,INFLOW,20150721,0200,1881, ,CFS
SHA,H,76,INFLOW,20150721,0300,2098, ,CFS
SHA,H,76,INFLOW,20150721,0400,2092, ,CFS
SHA,H,76,INFLOW,20150721,0500,1639, ,CFS
SHA,H,76,INFLOW,20150721,0600,82, ,CFS
SHA,H,76,INFLOW,20150721,0700,-837, ,CFS
SHA,H,76,INFLOW,20150721,0800,2135, ,CFS
SHA,H,76,INFLOW,20150721,0900,1851, ,CFS
SHA,H,76,INFLOW,20150721,1000,79, ,CFS
SHA,H,76,INFLOW,20150721,1100,-1479, ,CFS
SHA,H,76,INFLOW,20150721,1200,1886, ,CFS
SHA,H,76,INFLOW,20150721,1300,-1039, ,CFS
SHA,H,76,INFLOW,20150721,1400,2387, ,CFS
SHA,H,76,INFLOW,20150721,1500,1499, ,CFS
SHA,H,76,INFLOW,20150721,1600,1310, ,CFS
SHA,H,76,INFLOW,20150721,1700,3534, ,CFS
SHA,H,76,INFLOW,20150721,1800,3582, ,CFS
SHA,H,76,INFLOW,20150721,1900,5100, ,CFS
SHA,H,76,INFLOW,20150721,2000,7134, ,CFS
SHA,H,76,INFLOW,20150721,2100,6715, ,CFS
SHA,H,76,INFLOW,20150721,2200,4049, ,CFS
SHA,H,76,INFLOW,20150721,2300,4372, ,CFS
SHA,H,76,INFLOW,20150722,0000,2158, ,CFS
SHA,H,76,INFLOW,20150722,0100,2585, ,CFS
SHA,H,76,INFLOW,20150722,0200,874, ,CFS
SHA,H,76,INFLOW,20150722,0300,634, ,CFS
SHA,H,76,INFLOW,20150722,0400,500, ,CFS
SHA,H,76,INFLOW,20150722,0500,871, ,CFS
SHA,H,76,INFLOW,20150722,0600,2757, ,CFS
SHA,H,76,INFLOW,20150722,0700,-1448, ,CFS
SHA,H,76,INFLOW,20150722,0800,2339, ,CFS
SHA,H,76,INFLOW,20150722,0900,1920, ,CFS
SHA,H,76,INFLOW,20150722,1000,278, ,CFS
SHA,H,76,INFLOW,20150722,1100,1954, ,CFS
SHA,H,76,INFLOW,20150722,1200,-2124, ,CFS
SHA,H,76,INFLOW,20150722,1300,1769, ,CFS
SHA,H,76,INFLOW,20150722,1400,3032, ,CFS
SHA,H,76,INFLOW,20150722,1500,-1016, ,CFS
SHA,H,76,INFLOW,20150722,1600,3747, ,CFS
SHA,H,76,INFLOW,20150722,1700,1840, ,CFS
SHA,H,76,INFLOW,20150722,1800,4011, ,CFS
SHA,H,76,INFLOW,20150722,1900,2058, ,CFS
SHA,H,76,INFLOW,20150722,2000,3841, ,CFS
SHA,H,76,INFLOW,20150722,2100,3816, ,CFS
SHA,H,76,INFLOW,20150722,2200,4141, ,CFS
SHA,H,76,INFLOW,20150722,2300,4100, ,CFS
SHA,H,76,INFLOW,20150723,0000,-1888, ,CFS
SHA,H,76,INFLOW,20150723,0100,695, ,CFS
SHA,H,76,INFLOW,20150723,0200,2151, ,CFS
SHA,H,76,INFLOW,20150723,0300,181, ,CFS
SHA,H,76,INFLOW,20150723,0400,2359, ,CFS
SHA,H,76,INFLOW,20150723,0500,242, ,CFS
SHA,H,76,INFLOW,20150723,0600,2400, ,CFS
SHA,H,76,INFLOW,20150723,0700,1215, ,CFS
SHA,H,76,INFLOW,20150723,0800,-1515, ,CFS
SHA,H,76,INFLOW,20150723,0900,4223, ,CFS
SHA,H,76,INFLOW,20150723,1000,627, ,CFS
SHA,H,76,INFLOW,20150723,1100,-147, ,CFS
SHA,H,76,INFLOW,20150723,1200,3643, ,CFS
SHA,H,76,INFLOW,20150723,1300,-2799, ,CFS
SHA,H,76,INFLOW,20150723,1400,4699, ,CFS
SHA,H,76,INFLOW,20150723,1500,8, ,CFS
SHA,H,76,INFLOW,20150723,1600,-201, ,CFS
SHA,H,76,INFLOW,20150723,1700,2441, ,CFS
SHA,H,76,INFLOW,20150723,1800,4931, ,CFS
SHA,H,76,INFLOW,20150723,1900,6873, ,CFS
SHA,H,76,INFLOW,20150723,2000,8129, ,CFS
SHA,H,76,INFLOW,20150723,2100,3457, ,CFS
SHA,H,76,INFLOW,20150723,2200,2587, ,CFS
SHA,H,76,INFLOW,20150723,2300,6160, ,CFS
SHA,H,76,INFLOW,20150724,0000,452, ,CFS
SHA,H,76,INFLOW,20150724,0100,3207, ,CFS
SHA,H,76,INFLOW,20150724,0200,-1285, ,CFS
SHA,H,76,INFLOW,20150724,0300,2791, ,CFS
SHA,H,76,INFLOW,20150724,0400,519, ,CFS
SHA,H,76,INFLOW,20150724,0500,598, ,CFS
SHA,H,76,INFLOW,20150724,0600,2571, ,CFS
SHA,H,76,INFLOW,20150724,0700,447, ,CFS
SHA,H,76,INFLOW,20150724,0800,373, ,CFS
SHA,H,76,INFLOW,20150724,0900,2035, ,CFS
SHA,H,76,INFLOW,20150724,1000,-2629, ,CFS
SHA,H,76,INFLOW,20150724,1100,180, ,CFS
SHA,H,76,INFLOW,20150724,1200,3012, ,CFS
SHA,H,76,INFLOW,20150724,1300,789, ,CFS
SHA,H,76,INFLOW,20150724,1400,533, ,CFS
SHA,H,76,INFLOW,20150724,1500,2154, ,CFS
SHA,H,76,INFLOW,20150724,1600,2158, ,CFS
SHA,H,76,INFLOW,20150724,1700,1993, ,CFS
SHA,H,76,INFLOW,20150724,1800,4453, ,CFS
SHA,H,76,INFLOW,20150724,1900,3154, ,CFS
SHA,H,76,INFLOW,20150724,2000,8372, ,CFS
SHA,H,76,INFLOW,20150724,2100,5456, ,CFS
SHA,H,76,INFLOW,20150724,2200,4448, ,CFS
SHA,H,76,INFLOW,20150724,2300,2054, ,CFS
SHA,H,76,INFLOW,20150725,0000,2557, ,CFS
SHA,H,76,INFLOW,20150725,0100,1988, ,CFS
SHA,H,76,INFLOW,20150725,0200,368, ,CFS
SHA,H,76,INFLOW,20150725,0300,2054, ,CFS
SHA,H,76,INFLOW,20150725,0400,-21, ,CFS
SHA,H,76,INFLOW,20150725,0500,4476, ,CFS
SHA,H,76,INFLOW,20150725,0600,236, ,CFS
SHA,H,76,INFLOW,20150725,0700,-93, ,CFS
SHA,H,76,INFLOW,20150725,0800,1991, ,CFS
SHA,H,76,INFLOW,20150725,0900,-193, ,CFS
SHA,H,76,INFLOW,20150725,1000,-319, ,CFS
SHA,H,76,INFLOW,20150725,1100,-88, ,CFS
SHA,H,76,INFLOW,20150725,1200,2, ,CFS
SHA,H,76,INFLOW,20150725,1300,-524, ,CFS
SHA,H,76,INFLOW,20150725,1400,3562, ,CFS
SHA,H,76,INFLOW,20150725,1500,-431, ,CFS
SHA,H,76,INFLOW,20150725,1600,1679, ,CFS
SHA,H,76,INFLOW,20150725,1700,-344, ,CFS
SHA,H,76,INFLOW,20150725,1800,4731, ,CFS
SHA,H,76,INFLOW,20150725,1900,2128, ,CFS
SHA,H,76,INFLOW,20150725,2000,5873, ,CFS
SHA,H,76,INFLOW,20150725,2100,3451, ,CFS
SHA,H,76,INFLOW,20150725,2200,4031, ,CFS
SHA,H,76,INFLOW,20150725,2300,1727, ,CFS
SHA,H,76,INFLOW,20150726,0000,2765, ,CFS
SHA,H,76,INFLOW,20150726,0100,1733, ,CFS
SHA,H,76,INFLOW,20150726,0200,722, ,CFS
SHA,H,76,INFLOW,20150726,0300,2376, ,CFS
SHA,H,76,INFLOW,20150726,0400,1052, ,CFS
SHA,H,76,INFLOW,20150726,0500,927, ,CFS
SHA,H,76,INFLOW,20150726,0600,956, ,CFS
SHA,H,76,INFLOW,20150726,0700,2408, ,CFS
SHA,H,76,INFLOW,20150726,0800,283, ,CFS
SHA,H,76,INFLOW,20150726,0900,2, ,CFS
SHA,H,76,INFLOW,20150726,1000,357, ,CFS
SHA,H,76,INFLOW,20150726,1100,-170, ,CFS
SHA,H,76,INFLOW,20150726,1200,2875, ,CFS
SHA,H,76,INFLOW,20150726,1300,4151, ,CFS
SHA,H,76,INFLOW,20150726,1400,2262, ,CFS
SHA,H,76,INFLOW,20150726,1500,2360, ,CFS
SHA,H,76,INFLOW,20150726,1600,275, ,CFS
SHA,H,76,INFLOW,20150726,1700,-2132, ,CFS
SHA,H,76,INFLOW,20150726,1800,3145, ,CFS
SHA,H,76,INFLOW,20150726,1900,2741, ,CFS
SHA,H,76,INFLOW,20150726,2000,4472, ,CFS
SHA,H,76,INFLOW,20150726,2100,8130, ,CFS
SHA,H,76,INFLOW,20150726,2200,3506, ,CFS
SHA,H,76,INFLOW,20150726,2300,5085, ,CFS
SHA,H,76,INFLOW,20150727,0000,-1460, ,CFS
SHA,H,76,INFLOW,20150727,0100,4591, ,CFS
SHA,H,76,INFLOW,20150727,0200,1462, ,CFS
SHA,H,76,INFLOW,20150727,0300,3058, ,CFS
SHA,H,76,INFLOW,20150727,0400,-1262, ,CFS
SHA,H,76,INFLOW,20150727,0500,1071, ,CFS
SHA,H,76,INFLOW,20150727,0600,3666, ,CFS
SHA,H,76,INFLOW,20150727,0700,303, ,CFS
SHA,H,76,INFLOW,20150727,0800,5103, ,CFS
SHA,H,76,INFLOW,20150727,0900,240, ,CFS
SHA,H,76,INFLOW,20150727,1000,647, ,CFS
SHA,H,76,INFLOW,20150727,1100,2762, ,CFS
SHA,H,76,INFLOW,20150727,1200,-1654, ,CFS
SHA,H,76,INFLOW,20150727,1300,1969, ,CFS
SHA,H,76,INFLOW,20150727,1400,1560, ,CFS
SHA,H,76,INFLOW,20150727,1500,590, ,CFS
SHA,H,76,INFLOW,20150727,1600,664, ,CFS
SHA,H,76,INFLOW,20150727,1700,643, ,CFS
SHA,H,76,INFLOW,20150727,1800,982, ,CFS
SHA,H,76,INFLOW,20150727,1900,1242, ,CFS
SHA,H,76,INFLOW,20150727,2000,3042, ,CFS
SHA,H,76,INFLOW,20150727,2100,6334, ,CFS
SHA,H,76,INFLOW,20150727,2200,1905, ,CFS
SHA,H,76,INFLOW,20150727,2300,6354, ,CFS
SHA,H,76,INFLOW,20150728,0000,816, ,CFS
SHA,H,76,INFLOW,20150728,0100,147, ,CFS
SHA,H,76,INFLOW,20150728,0200,2288, ,CFS
SHA,H,76,INFLOW,20150728,0300,4399, ,CFS
SHA,H,76,INFLOW,20150728,0400,2422, ,CFS
SHA,H,76,INFLOW,20150728,0500,2475, ,CFS
SHA,H,76,INFLOW,20150728,0600,2520, ,CFS
SHA,H,76,INFLOW,20150728,0700,1061, ,CFS
SHA,H,76,INFLOW,20150728,0800,5555, ,CFS
SHA,H,76,INFLOW,20150728,0900,1138, ,CFS
SHA,H,76,INFLOW,20150728,1000,3344, ,CFS
SHA,H,76,INFLOW,20150728,1100,-565, ,CFS
SHA,H,76,INFLOW,20150728,1200,2145, ,CFS
SHA,H,76,INFLOW,20150728,1300,5194, ,CFS
SHA,H,76,INFLOW,20150728,1400,5017, ,CFS
SHA,H,76,INFLOW,20150728,1500,343, ,CFS
SHA,H,76,INFLOW,20150728,1600,2590, ,CFS
SHA,H,76,INFLOW,20150728,1700,2435, ,CFS
SHA,H,76,INFLOW,20150728,1800,5426, ,CFS
SHA,H,76,INFLOW,20150728,1900,6488, ,CFS
SHA,H,76,INFLOW,20150728,2000,8613, ,CFS
SHA,H,76,INFLOW,20150728,2100,7429, ,CFS
SHA,H,76,INFLOW,20150728,2200,6322, ,CFS
SHA,H,76,INFLOW,20150728,2300,7096, ,CFS
SHA,H,76,INFLOW,20150729,0000,3998, ,CFS
SHA,H,76,INFLOW,20150729,0100,2494, ,CFS
SHA,H,76,INFLOW,20150729,0200,1148, ,CFS
SHA,H,76,INFLOW,20150729,0300,1095, ,CFS
SHA,H,76,INFLOW,20150729,0400,3174, ,CFS
SHA,H,76,INFLOW,20150729,0500,3170, ,CFS
SHA,H,76,INFLOW,20150729,0600,-945, ,CFS
SHA,H,76,INFLOW,20150729,0700,4270, ,CFS
SHA,H,76,INFLOW,20150729,0800,663, ,CFS
SHA,H,76,INFLOW,20150729,0900,536, ,CFS
SHA,H,76,INFLOW,20150729,1000,2132, ,CFS
SHA,H,76,INFLOW,20150729,1100,727, ,CFS
SHA,H,76,INFLOW,20150729,1200,2189, ,CFS
SHA,H,76,INFLOW,20150729,1300,2371, ,CFS
SHA,H,76,INFLOW,20150729,1400,2294, ,CFS
SHA,H,76,INFLOW,20150729,1500,2328, ,CFS
SHA,H,76,INFLOW,20150729,1600,6535, ,CFS
SHA,H,76,INFLOW,20150729,1700,6525, ,CFS
SHA,H,76,INFLOW,20150729,1800,6602, ,CFS
SHA,H,76,INFLOW,20150729,1900,8633, ,CFS
SHA,H,76,INFLOW,20150729,2000,4347, ,CFS
SHA,H,76,INFLOW,20150729,2100,9972, ,CFS
SHA,H,76,INFLOW,20150729,2200,6759, ,CFS
SHA,H,76,INFLOW,20150729,2300,3769, ,CFS
SHA,H,76,INFLOW,20150730,0000,6833, ,CFS
SHA,H,76,INFLOW,20150730,0100,1583, ,CFS
SHA,H,76,INFLOW,20150730,0200,862, ,CFS
SHA,H,76,INFLOW,20150730,0300,4594, ,CFS
SHA,H,76,INFLOW,20150730,0400,411, ,CFS
SHA,H,76,INFLOW,20150730,0500,2502, ,CFS
SHA,H,76,INFLOW,20150730,0600,2519, ,CFS
SHA,H,76,INFLOW,20150730,0700,670, ,CFS
SHA,H,76,INFLOW,20150730,0800,1847, ,CFS
SHA,H,76,INFLOW,20150730,0900,1137, ,CFS
SHA,H,76,INFLOW,20150730,1000,2040, ,CFS
SHA,H,76,INFLOW,20150730,1100,-124, ,CFS
SHA,H,76,INFLOW,20150730,1200,3420, ,CFS
SHA,H,76,INFLOW,20150730,1300,1659, ,CFS
SHA,H,76,INFLOW,20150730,1400,3244, ,CFS
SHA,H,76,INFLOW,20150730,1500,6082, ,CFS
SHA,H,76,INFLOW,20150730,1600,1923, ,CFS
SHA,H,76,INFLOW,20150730,1700,1683, ,CFS
SHA,H,76,INFLOW,20150730,1800,5527, ,CFS
SHA,H,76,INFLOW,20150730,1900,6036, ,CFS
SHA,H,76,INFLOW,20150730,2000,10349, ,CFS
SHA,H,76,INFLOW,20150730,2100,7418, ,CFS
SHA,H,76,INFLOW,20150730,2200,5409, ,CFS
SHA,H,76,INFLOW,20150730,2300,8517, ,CFS
SHA,H,76,INFLOW,20150731,0000,-884, ,CFS
SHA,H,76,INFLOW,20150731,0100,5644, ,CFS
SHA,H,76,INFLOW,20150731,0200,3120, ,CFS
SHA,H,76,INFLOW,20150731,0300,2583, ,CFS
SHA,H,76,INFLOW,20150731,0400,424, ,CFS
SHA,H,76,INFLOW,20150731,0500,2522, ,CFS
SHA,H,76,INFLOW,20150731,0600,786, ,CFS
SHA,H,76,INFLOW,20150731,0700,1425, ,CFS
SHA,H,76,INFLOW,20150731,0800,2696, ,CFS
SHA,H,76,INFLOW,20150731,0900,-157, ,CFS
SHA,H,76,INFLOW,20150731,1000,273, ,CFS
SHA,H,76,INFLOW,20150731,1100,460, ,CFS
SHA,H,76,INFLOW,20150731,1200,2281, ,CFS
SHA,H,76,INFLOW,20150731,1300,2958, ,CFS
SHA,H,76,INFLOW,20150731,1400,1805, ,CFS
SHA,H,76,INFLOW,20150731,1500,6179, ,CFS
SHA,H,76,INFLOW,20150731,1600,2056, ,CFS
SHA,H,76,INFLOW,20150731,1700,2492, ,CFS
SHA,H,76,INFLOW,20150731,1800,9023, ,CFS
SHA,H,76,INFLOW,20150731,1900,4877, ,CFS
SHA,H,76,INFLOW,20150731,2000,8059, ,CFS
SHA,H,76,INFLOW,20150731,2100,7015, ,CFS
SHA,H,76,INFLOW,20150731,2200,7224, ,CFS
SHA,H,76,INFLOW,20150731,2300,4726, ,CFS
SHA,H,76,INFLOW,20150801,0000,3018, ,CFS
SHA,H,76,INFLOW,20150801,0100,516, ,CFS
SHA,H,76,INFLOW,20150801,0200,5373, ,CFS
SHA,H,76,INFLOW,20150801,0300,-1201, ,CFS
SHA,H,76,INFLOW,20150801,0400,634, ,CFS
SHA,H,76,INFLOW,20150801,0500,2726, ,CFS
SHA,H,76,INFLOW,20150801,0600,-1376, ,CFS
SHA,H,76,INFLOW,20150801,0700,4314, ,CFS
SHA,H,76,INFLOW,20150801,0800,-1243, ,CFS
SHA,H,76,INFLOW,20150801,0900,2020, ,CFS
SHA,H,76,INFLOW,20150801,1000,3919, ,CFS
SHA,H,76,INFLOW,20150801,1100,-22, ,CFS
SHA,H,76,INFLOW,20150801,1200,1659, ,CFS
SHA,H,76,INFLOW,20150801,1300,4170, ,CFS
SHA,H,76,INFLOW,20150801,1400,2939, ,CFS
SHA,H,76,INFLOW,20150801,1500,-191, ,CFS
SHA,H,76,INFLOW,20150801,1600,-331, ,CFS
SHA,H,76,INFLOW,20150801,1700,1214, ,CFS
SHA,H,76,INFLOW,20150801,1800,5455, ,CFS
SHA,H,76,INFLOW,20150801,1900,4567, ,CFS
SHA,H,76,INFLOW,20150801,2000,9881, ,CFS
SHA,H,76,INFLOW,20150801,2100,7255, ,CFS
SHA,H,76,INFLOW,20150801,2200,3923, ,CFS
SHA,H,76,INFLOW,20150801,2300,8018, ,CFS
SHA,H,76,INFLOW,20150802,0000,-2949, ,CFS
SHA,H,76,INFLOW,20150802,0100,9271, ,CFS
SHA,H,76,INFLOW,20150802,0200,-1134, ,CFS
SHA,H,76,INFLOW,20150802,0300,733, ,CFS
SHA,H,76,INFLOW,20150802,0400,-1371, ,CFS
SHA,H,76,INFLOW,20150802,0500,4843, ,CFS
SHA,H,76,INFLOW,20150802,0600,-3375, ,CFS
SHA,H,76,INFLOW,20150802,0700,91, ,CFS
SHA,H,76,INFLOW,20150802,0800,3127, ,CFS
SHA,H,76,INFLOW,20150802,0900,-2203, ,CFS
SHA,H,76,INFLOW,20150802,1000,2296, ,CFS
SHA,H,76,INFLOW,20150802,1100,3123, ,CFS
SHA,H,76,INFLOW,20150802,1200,489, ,CFS
SHA,H,76,INFLOW,20150802,1300,804, ,CFS
SHA,H,76,INFLOW,20150802,1400,4885, ,CFS
SHA,H,76,INFLOW,20150802,1500,-2172, ,CFS
SHA,H,76,INFLOW,20150802,1600,3532, ,CFS
SHA,H,76,INFLOW,20150802,1700,-52, ,CFS
SHA,H,76,INFLOW,20150802,1800,6383, ,CFS
SHA,H,76,INFLOW,20150802,1900,7267, ,CFS
SHA,H,76,INFLOW,20150802,2000,6720, ,CFS
SHA,H,76,INFLOW,20150802,2100,7896, ,CFS
SHA,H,76,INFLOW,20150802,2200,4441, ,CFS
SHA,H,76,INFLOW,20150802,2300,6274, ,CFS
SHA,H,76,INFLOW,20150803,0000,3027, ,CFS
SHA,H,76,INFLOW,20150803,0100,2665, ,CFS
SHA,H,76,INFLOW,20150803,0200,660, ,CFS
SHA,H,76,INFLOW,20150803,0300,4434, ,CFS
SHA,H,76,INFLOW,20150803,0400,-1065, ,CFS
SHA,H,76,INFLOW,20150803,0500,1221, ,CFS
SHA,H,76,INFLOW,20150803,0600,-819, ,CFS
SHA,H,76,INFLOW,20150803,0700,2014, ,CFS
SHA,H,76,INFLOW,20150803,0800,-1767, ,CFS
SHA,H,76,INFLOW,20150803,0900,1882, ,CFS
SHA,H,76,INFLOW,20150803,1000,1892, ,CFS
SHA,H,76,INFLOW,20150803,1100,2758, ,CFS
SHA,H,76,INFLOW,20150803,1200,1904, ,CFS
SHA,H,76,INFLOW,20150803,1300,1623, ,CFS
SHA,H,76,INFLOW,20150803,1400,4076, ,CFS
SHA,H,76,INFLOW,20150803,1500,348, ,CFS
SHA,H,76,INFLOW,20150803,1600,-1419, ,CFS
SHA,H,76,INFLOW,20150803,1700,4710, ,CFS
SHA,H,76,INFLOW,20150803,1800,6285, ,CFS
SHA,H,76,INFLOW,20150803,1900,3628, ,CFS
SHA,H,76,INFLOW,20150803,2000,11676, ,CFS
SHA,H,76,INFLOW,20150803,2100,3084, ,CFS
SHA,H,76,INFLOW,20150803,2200,7743, ,CFS
SHA,H,76,INFLOW,20150803,2300,3711, ,CFS
SHA,H,76,INFLOW,20150804,0000,5064, ,CFS
SHA,H,76,INFLOW,20150804,0100,-1382, ,CFS
SHA,H,76,INFLOW,20150804,0200,3467, ,CFS
SHA,H,76,INFLOW,20150804,0300,1010, ,CFS
SHA,H,76,INFLOW,20150804,0400,-1204, ,CFS
SHA,H,76,INFLOW,20150804,0500,3169, ,CFS
SHA,H,76,INFLOW,20150804,0600,1373, ,CFS
SHA,H,76,INFLOW,20150804,0700,-822, ,CFS
SHA,H,76,INFLOW,20150804,0800,3645, ,CFS
SHA,H,76,INFLOW,20150804,0900,46, ,CFS
SHA,H,76,INFLOW,20150804,1000,286, ,CFS
SHA,H,76,INFLOW,20150804,1100,611, ,CFS
SHA,H,76,INFLOW,20150804,1200,1828, ,CFS
SHA,H,76,INFLOW,20150804,1300,1416, ,CFS
SHA,H,76,INFLOW,20150804,1400,1193, ,CFS
SHA,H,76,INFLOW,20150804,1500,4522, ,CFS
SHA,H,76,INFLOW,20150804,1600,4411, ,CFS
SHA,H,76,INFLOW,20150804,1700,-843, ,CFS
SHA,H,76,INFLOW,20150804,1800,3916, ,CFS
SHA,H,76,INFLOW,20150804,1900,6083, ,CFS
SHA,H,76,INFLOW,20150804,2000,8659, ,CFS
SHA,H,76,INFLOW,20150804,2100,6940, ,CFS
SHA,H,76,INFLOW,20150804,2200,-1080, ,CFS
SHA,H,76,INFLOW,20150804,2300,6184, ,CFS
SHA,H,76,INFLOW,20150805,0000,1614, ,CFS
SHA,H,76,INFLOW,20150805,0100,-942, ,CFS
SHA,H,76,INFLOW,20150805,0200,4362, ,CFS
SHA,H,76,INFLOW,20150805,0300,1614, ,CFS
SHA,H,76,INFLOW,20150805,0400,1140, ,CFS
SHA,H,76,INFLOW,20150805,0500,-687, ,CFS
SHA,H,76,INFLOW,20150805,0600,2736, ,CFS
SHA,H,76,INFLOW,20150805,0700,-2825, ,CFS
SHA,H,76,INFLOW,20150805,0800,5681, ,CFS
SHA,H,76,INFLOW,20150805,0900,3236, ,CFS
SHA,H,76,INFLOW,20150805,1000,1418, ,CFS
SHA,H,76,INFLOW,20150805,1100,4090, ,CFS
SHA,H,76,INFLOW,20150805,1200,378, ,CFS
SHA,H,76,INFLOW,20150805,1300,2173, ,CFS
SHA,H,76,INFLOW,20150805,1400,2865, ,CFS
SHA,H,76,INFLOW,20150805,1500,583, ,CFS
SHA,H,76,INFLOW,20150805,1600,2560, ,CFS
SHA,H,76,INFLOW,20150805,1700,-961, ,CFS
SHA,H,76,INFLOW,20150805,1800,4017, ,CFS
SHA,H,76,INFLOW,20150805,1900,2171, ,CFS
SHA,H,76,INFLOW,20150805,2000,4159, ,CFS
SHA,H,76,INFLOW,20150805,2100,1984, ,CFS
SHA,H,76,INFLOW,20150805,2200,-608, ,CFS
SHA,H,76,INFLOW,20150805,2300,5736, ,CFS
SHA,H,76,INFLOW,20150806,0000,-873, ,CFS
SHA,H,76,INFLOW,20150806,0100,3942, ,CFS
SHA,H,76,INFLOW,20150806,0200,1040, ,CFS
SHA,H,76,INFLOW,20150806,0300,-1457, ,CFS
SHA,H,76,INFLOW,20150806,0400,2090, ,CFS
SHA,H,76,INFLOW,20150806,0500,2361, ,CFS
SHA,H,76,INFLOW,20150806,0600,-1440, ,CFS
SHA,H,76,INFLOW,20150806,0700,448, ,CFS
SHA,H,76,INFLOW,20150806,0800,4479, ,CFS
SHA,H,76,INFLOW,20150806,0900,1370, ,CFS
SHA,H,76,INFLOW,20150806,1000,3290, ,CFS
SHA,H,76,INFLOW,20150806,1100,1875, ,CFS
SHA,H,76,INFLOW,20150806,1200,-1427, ,CFS
SHA,H,76,INFLOW,20150806,1300,2099, ,CFS
SHA,H,76,INFLOW,20150806,1400,2083, ,CFS
SHA,H,76,INFLOW,20150806,1500,1770, ,CFS
SHA,H,76,INFLOW,20150806,1600,2040, ,CFS
SHA,H,76,INFLOW,20150806,1700,-1812, ,CFS
SHA,H,76,INFLOW,20150806,1800,4684, ,CFS
SHA,H,76,INFLOW,20150806,1900,310, ,CFS
SHA,H,76,INFLOW,20150806,2000,2750, ,CFS
SHA,H,76,INFLOW,20150806,2100,6599, ,CFS
SHA,H,76,INFLOW,20150806,2200,1776, ,CFS
SHA,H,76,INFLOW,20150806,2300,2313, ,CFS
SHA,H,76,INFLOW,20150807,0000,-1864, ,CFS
SHA,H,76,INFLOW,20150807,0100,2659, ,CFS
SHA,H,76,INFLOW,20150807,0200,546, ,CFS
SHA,H,76,INFLOW,20150807,0300,3924, ,CFS
SHA,H,76,INFLOW,20150807,0400,-2540, ,CFS
SHA,H,76,INFLOW,20150807,0500,1900, ,CFS
SHA,H,76,INFLOW,20150807,0600,4403, ,CFS
SHA,H,76,INFLOW,20150807,0700,-246, ,CFS
SHA,H,76,INFLOW,20150807,0800,-228, ,CFS
SHA,H,76,INFLOW,20150807,0900,-40, ,CFS
SHA,H,76,INFLOW,20150807,1000,1505, ,CFS
SHA,H,76,INFLOW,20150807,1100,68, ,CFS
SHA,H,76,INFLOW,20150807,1200,2511, ,CFS
SHA,H,76,INFLOW,20150807,1300,347, ,CFS
SHA,H,76,INFLOW,20150807,1400,1550, ,CFS
SHA,H,76,INFLOW,20150807,1500,-663, ,CFS
SHA,H,76,INFLOW,20150807,1600,-172, ,CFS
SHA,H,76,INFLOW,20150807,1700,2908, ,CFS
SHA,H,76,INFLOW,20150807,1800,2150, ,CFS
SHA,H,76,INFLOW,20150807,1900,2952, ,CFS
SHA,H,76,INFLOW,20150807,2000,2729, ,CFS
SHA,H,76,INFLOW,20150807,2100,2128, ,CFS
SHA,H,76,INFLOW,20150807,2200,-453, ,CFS
SHA,H,76,INFLOW,20150807,2300,1239, ,CFS
SHA,H,76,INFLOW,20150808,0000,2939, ,CFS
SHA,H,76,INFLOW,20150808,0100,-1604, ,CFS
SHA,H,76,INFLOW,20150808,0200,3909, ,CFS
SHA,H,76,INFLOW,20150808,0300,-1694, ,CFS
SHA,H,76,INFLOW,20150808,0400,8325, ,CFS
SHA,H,76,INFLOW,20150808,0500,3960, ,CFS
SHA,H,76,INFLOW,20150808,0600,4097, ,CFS
SHA,H,76,INFLOW,20150808,0700,2281, ,CFS
SHA,H,76,INFLOW,20150808,0800,2479, ,CFS
SHA,H,76,INFLOW,20150808,0900,-139, ,CFS
SHA,H,76,INFLOW,20150808,1000,1688, ,CFS
SHA,H,76,INFLOW,20150808,1100,-1056, ,CFS
SHA,H,76,INFLOW,20150808,1200,882, ,CFS
SHA,H,76,INFLOW,20150808,1300,525, ,CFS
SHA,H,76,INFLOW,20150808,1400,1992, ,CFS
SHA,H,76,INFLOW,20150808,1500,-1542, ,CFS
SHA,H,76,INFLOW,20150808,1600,3797, ,CFS
SHA,H,76,INFLOW,20150808,1700,6692, ,CFS
SHA,H,76,INFLOW,20150808,1800,514, ,CFS
SHA,H,76,INFLOW,20150808,1900,3130, ,CFS
SHA,H,76,INFLOW,20150808,2000,2216, ,CFS
SHA,H,76,INFLOW,20150808,2100,2143, ,CFS
SHA,H,76,INFLOW,20150808,2200,1936, ,CFS
SHA,H,76,INFLOW,20150808,2300,7234, ,CFS
SHA,H,76,INFLOW,20150809,0000,706, ,CFS
SHA,H,76,INFLOW,20150809,0100,3525, ,CFS
SHA,H,76,INFLOW,20150809,0200,100, ,CFS
SHA,H,76,INFLOW,20150809,0300,1948, ,CFS
SHA,H,76,INFLOW,20150809,0400,-203, ,CFS
SHA,H,76,INFLOW,20150809,0500,1681, ,CFS
SHA,H,76,INFLOW,20150809,0600,1654, ,CFS
SHA,H,76,INFLOW,20150809,0700,1524, ,CFS
SHA,H,76,INFLOW,20150809,0800,-146, ,CFS
SHA,H,76,INFLOW,20150809,0900,2219, ,CFS
SHA,H,76,INFLOW,20150809,1000,578, ,CFS
SHA,H,76,INFLOW,20150809,1100,-1339, ,CFS
SHA,H,76,INFLOW,20150809,1200,6049, ,CFS
SHA,H,76,INFLOW,20150809,1300,1851, ,CFS
SHA,H,76,INFLOW,20150809,1400,1742, ,CFS
SHA,H,76,INFLOW,20150809,1500,1843, ,CFS
SHA,H,76,INFLOW,20150809,1600,-433, ,CFS
SHA,H,76,INFLOW,20150809,1700,-113, ,CFS
SHA,H,76,INFLOW,20150809,1800,6031, ,CFS
SHA,H,76,INFLOW,20150809,1900,294, ,CFS
SHA,H,76,INFLOW,20150809,2000,2022, ,CFS
SHA,H,76,INFLOW,20150809,2100,5758, ,CFS
SHA,H,76,INFLOW,20150809,2200,2313, ,CFS
SHA,H,76,INFLOW,20150809,2300,-285, ,CFS
SHA,H,76,INFLOW,20150810,0000,3581, ,CFS
SHA,H,76,INFLOW,20150810,0100,3136, ,CFS
SHA,H,76,INFLOW,20150810,0200,2229, ,CFS
SHA,H,76,INFLOW,20150810,0300,2280, ,CFS
SHA,H,76,INFLOW,20150810,0400,1448, ,CFS
SHA,H,76,INFLOW,20150810,0500,-2336, ,CFS
SHA,H,76,INFLOW,20150810,0600,2790, ,CFS
SHA,H,76,INFLOW,20150810,0700,-479, ,CFS
SHA,H,76,INFLOW,20150810,0800,4609, ,CFS
SHA,H,76,INFLOW,20150810,0900,-3652, ,CFS
SHA,H,76,INFLOW,20150810,1000,3093, ,CFS
SHA,H,76,INFLOW,20150810,1100,-1175, ,CFS
SHA,H,76,INFLOW,20150810,1200,4342, ,CFS
SHA,H,76,INFLOW,20150810,1300,3655, ,CFS
SHA,H,76,INFLOW,20150810,1400,1600, ,CFS
SHA,H,76,INFLOW,20150810,1500,2455, ,CFS
SHA,H,76,INFLOW,20150810,1600,168, ,CFS
SHA,H,76,INFLOW,20150810,1700,1977, ,CFS
SHA,H,76,INFLOW,20150810,1800,4681, ,CFS
SHA,H,76,INFLOW,20150810,1900,4703, ,CFS
SHA,H,76,INFLOW,20150810,2000,4759, ,CFS
SHA,H,76,INFLOW,20150810,2100,8554, ,CFS
SHA,H,76,INFLOW,20150810,2200,-1975, ,CFS
SHA,H,76,INFLOW,20150810,2300,7313, ,CFS
SHA,H,76,INFLOW,20150811,0000,1103, ,CFS
SHA,H,76,INFLOW,20150811,0100,-2434, ,CFS
SHA,H,76,INFLOW,20150811,0200,1621, ,CFS
SHA,H,76,INFLOW,20150811,0300,1788, ,CFS
SHA,H,76,INFLOW,20150811,0400,2011, ,CFS
SHA,H,76,INFLOW,20150811,0500,17, ,CFS
SHA,H,76,INFLOW,20150811,0600,-204, ,CFS
SHA,H,76,INFLOW,20150811,0700,1384, ,CFS
SHA,H,76,INFLOW,20150811,0800,1070, ,CFS
SHA,H,76,INFLOW,20150811,0900,4545, ,CFS
SHA,H,76,INFLOW,20150811,1000,696, ,CFS
SHA,H,76,INFLOW,20150811,1100,5145, ,CFS
SHA,H,76,INFLOW,20150811,1200,-1842, ,CFS
SHA,H,76,INFLOW,20150811,1300,3113, ,CFS
SHA,H,76,INFLOW,20150811,1400,4032, ,CFS
SHA,H,76,INFLOW,20150811,1500,-1684, ,CFS
SHA,H,76,INFLOW,20150811,1600,2485, ,CFS
SHA,H,76,INFLOW,20150811,1700,-960, ,CFS
SHA,H,76,INFLOW,20150811,1800,6335, ,CFS
SHA,H,76,INFLOW,20150811,1900,4525, ,CFS
SHA,H,76,INFLOW,20150811,2000,4140, ,CFS
SHA,H,76,INFLOW,20150811,2100,9048, ,CFS
SHA,H,76,INFLOW,20150811,2200,3448, ,CFS
SHA,H,76,INFLOW,20150811,2300,3142, ,CFS
SHA,H,76,INFLOW,20150812,0000,3248, ,CFS
SHA,H,76,INFLOW,20150812,0100,-1808, ,CFS
SHA,H,76,INFLOW,20150812,0200,289, ,CFS
SHA,H,76,INFLOW,20150812,0300,1889, ,CFS
SHA,H,76,INFLOW,20150812,0400,58, ,CFS
SHA,H,76,INFLOW,20150812,0500,1837, ,CFS
SHA,H,76,INFLOW,20150812,0600,2105, ,CFS
SHA,H,76,INFLOW,20150812,0700,-1734, ,CFS
SHA,H,76,INFLOW,20150812,0800,3103, ,CFS
SHA,H,76,INFLOW,20150812,0900,4510, ,CFS
SHA,H,76,INFLOW,20150812,1000,384, ,CFS
SHA,H,76,INFLOW,20150812,1100,---, ,CFS
SHA,H,76,INFLOW,20150812,1200,133, ,CFS
SHA,H,76,INFLOW,20150812,1300,4545, ,CFS
SHA,H,76,INFLOW,20150812,1400,-186, ,CFS
SHA,H,76,INFLOW,20150812,1500,2992, ,CFS
SHA,H,76,INFLOW,20150812,1600,-2278, ,CFS
SHA,H,76,INFLOW,20150812,1700,2829, ,CFS
SHA,H,76,INFLOW,20150812,1800,4810, ,CFS
SHA,H,76,INFLOW,20150812,1900,5294, ,CFS
SHA,H,76,INFLOW,20150812,2000,6823, ,CFS
SHA,H,76,INFLOW,20150812,2100,6847, ,CFS
SHA,H,76,INFLOW,20150812,2200,4306, ,CFS
SHA,H,76,INFLOW,20150812,2300,6570, ,CFS
SHA,H,76,INFLOW,20150813,0000,1103, ,CFS
SHA,H,76,INFLOW,20150813,0100,1916, ,CFS
SHA,H,76,INFLOW,20150813,0200,941, ,CFS
SHA,H,76,INFLOW,20150813,0300,2409, ,CFS
SHA,H,76,INFLOW,20150813,0400,-1825, ,CFS
SHA,H,76,INFLOW,20150813,0500,1944, ,CFS
SHA,H,76,INFLOW,20150813,0600,360, ,CFS
SHA,H,76,INFLOW,20150813,0700,375, ,CFS
SHA,H,76,INFLOW,20150813,0800,1008, ,CFS
SHA,H,76,INFLOW,20150813,0900,6598, ,CFS
SHA,H,76,INFLOW,20150813,1000,2552, ,CFS
SHA,H,76,INFLOW,20150813,1100,1736, ,CFS
SHA,H,76,INFLOW,20150813,1200,-2759, ,CFS
SHA,H,76,INFLOW,20150813,1300,3735, ,CFS
SHA,H,76,INFLOW,20150813,1400,2039, ,CFS
SHA,H,76,INFLOW,20150813,1500,-608, ,CFS
SHA,H,76,INFLOW,20150813,1600,3160, ,CFS
SHA,H,76,INFLOW,20150813,1700,-1163, ,CFS
SHA,H,76,INFLOW,20150813,1800,8027, ,CFS
SHA,H,76,INFLOW,20150813,1900,7500, ,CFS
SHA,H,76,INFLOW,20150813,2000,1581, ,CFS
SHA,H,76,INFLOW,20150813,2100,11492, ,CFS
SHA,H,76,INFLOW,20150813,2200,896, ,CFS
SHA,H,76,INFLOW,20150813,2300,3703, ,CFS
SHA,H,76,INFLOW,20150814,0000,4300, ,CFS
SHA,H,76,INFLOW,20150814,0100,78, ,CFS
SHA,H,76,INFLOW,20150814,0200,2043, ,CFS
SHA,H,76,INFLOW,20150814,0300,1368, ,CFS
SHA,H,76,INFLOW,20150814,0400,1542, ,CFS
SHA,H,76,INFLOW,20150814,0500,-230, ,CFS
SHA,H,76,INFLOW,20150814,0600,2456, ,CFS
SHA,H,76,INFLOW,20150814,0700,73, ,CFS
SHA,H,76,INFLOW,20150814,0800,1160, ,CFS
SHA,H,76,INFLOW,20150814,0900,4885, ,CFS
SHA,H,76,INFLOW,20150814,1000,2488, ,CFS
SHA,H,76,INFLOW,20150814,1100,3291, ,CFS
SHA,H,76,INFLOW,20150814,1200,5176, ,CFS
SHA,H,76,INFLOW,20150814,1300,3956, ,CFS
SHA,H,76,INFLOW,20150814,1400,1519, ,CFS
SHA,H,76,INFLOW,20150814,1500,-536, ,CFS
SHA,H,76,INFLOW,20150814,1600,1379, ,CFS
SHA,H,76,INFLOW,20150814,1700,2899, ,CFS
SHA,H,76,INFLOW,20150814,1800,589, ,CFS
SHA,H,76,INFLOW,20150814,1900,2493, ,CFS
SHA,H,76,INFLOW,20150814,2000,4696, ,CFS
SHA,H,76,INFLOW,20150814,2100,1257, ,CFS
SHA,H,76,INFLOW,20150814,2200,2427, ,CFS
SHA,H,76,INFLOW,20150814,2300,3862, ,CFS
SHA,H,76,INFLOW,20150815,0000,-482, ,CFS
SHA,H,76,INFLOW,20150815,0100,3410, ,CFS
SHA,H,76,INFLOW,20150815,0200,-383, ,CFS
SHA,H,76,INFLOW,20150815,0300,1700, ,CFS
SHA,H,76,INFLOW,20150815,0400,-570, ,CFS
SHA,H,76,INFLOW,20150815,0500,1057, ,CFS
SHA,H,76,INFLOW,20150815,0600,5245, ,CFS
SHA,H,76,INFLOW,20150815,0700,4777, ,CFS
SHA,H,76,INFLOW,20150815,0800,1830, ,CFS
SHA,H,76,INFLOW,20150815,0900,7696, ,CFS
SHA,H,76,INFLOW,20150815,1000,-2228, ,CFS
SHA,H,76,INFLOW,20150815,1100,2980, ,CFS
SHA,H,76,INFLOW,20150815,1200,476, ,CFS
SHA,H,76,INFLOW,20150815,1300,-1602, ,CFS
SHA,H,76,INFLOW,20150815,1400,1158, ,CFS
SHA,H,76,INFLOW,20150815,1500,1895, ,CFS
SHA,H,76,INFLOW,20150815,1600,4520, ,CFS
SHA,H,76,INFLOW,20150815,1700,2967, ,CFS
SHA,H,76,INFLOW,20150815,1800,6137, ,CFS
SHA,H,76,INFLOW,20150815,1900,1755, ,CFS
SHA,H,76,INFLOW,20150815,2000,3362, ,CFS
SHA,H,76,INFLOW,20150815,2100,159, ,CFS
SHA,H,76,INFLOW,20150815,2200,4131, ,CFS
SHA,H,76,INFLOW,20150815,2300,1381, ,CFS
SHA,H,76,INFLOW,20150816,0000,-961, ,CFS
SHA,H,76,INFLOW,20150816,0100,2293, ,CFS
SHA,H,76,INFLOW,20150816,0200,300, ,CFS
SHA,H,76,INFLOW,20150816,0300,3984, ,CFS
SHA,H,76,INFLOW,20150816,0400,-7, ,CFS
SHA,H,76,INFLOW,20150816,0500,-51, ,CFS
SHA,H,76,INFLOW,20150816,0600,5446, ,CFS
SHA,H,76,INFLOW,20150816,0700,3047, ,CFS
SHA,H,76,INFLOW,20150816,0800,2983, ,CFS
SHA,H,76,INFLOW,20150816,0900,1612, ,CFS
SHA,H,76,INFLOW,20150816,1000,2214, ,CFS
SHA,H,76,INFLOW,20150816,1100,-1595, ,CFS
SHA,H,76,INFLOW,20150816,1200,4800, ,CFS
SHA,H,76,INFLOW,20150816,1300,1787, ,CFS
SHA,H,76,INFLOW,20150816,1400,4434, ,CFS
SHA,H,76,INFLOW,20150816,1500,1893, ,CFS
SHA,H,76,INFLOW,20150816,1600,6237, ,CFS
SHA,H,76,INFLOW,20150816,1700,4497, ,CFS
SHA,H,76,INFLOW,20150816,1800,2341, ,CFS
SHA,H,76,INFLOW,20150816,1900,4229, ,CFS
SHA,H,76,INFLOW,20150816,2000,979, ,CFS
SHA,H,76,INFLOW,20150816,2100,504, ,CFS
SHA,H,76,INFLOW,20150816,2200,2445, ,CFS
SHA,H,76,INFLOW,20150816,2300,2925, ,CFS
SHA,H,76,INFLOW,20150817,0000,-1600, ,CFS
SHA,H,76,INFLOW,20150817,0100,5843, ,CFS
SHA,H,76,INFLOW,20150817,0200,-2212, ,CFS
SHA,H,76,INFLOW,20150817,0300,7124, ,CFS
SHA,H,76,INFLOW,20150817,0400,3229, ,CFS
SHA,H,76,INFLOW,20150817,0500,3571, ,CFS
SHA,H,76,INFLOW,20150817,0600,5509, ,CFS
SHA,H,76,INFLOW,20150817,0700,2608, ,CFS
SHA,H,76,INFLOW,20150817,0800,4266, ,CFS
SHA,H,76,INFLOW,20150817,0900,2430, ,CFS
SHA,H,76,INFLOW,20150817,1000,1979, ,CFS
SHA,H,76,INFLOW,20150817,1100,1139, ,CFS
SHA,H,76,INFLOW,20150817,1200,3026, ,CFS
SHA,H,76,INFLOW,20150817,1300,-729, ,CFS
SHA,H,76,INFLOW,20150817,1400,5776, ,CFS
SHA,H,76,INFLOW,20150817,1500,4171, ,CFS
SHA,H,76,INFLOW,20150817,1600,4485, ,CFS
SHA,H,76,INFLOW,20150817,1700,617, ,CFS
SHA,H,76,INFLOW,20150817,1800,10076, ,CFS
SHA,H,76,INFLOW,20150817,1900,5597, ,CFS
SHA,H,76,INFLOW,20150817,2000,5741, ,CFS
SHA,H,76,INFLOW,20150817,2100,7039, ,CFS
SHA,H,76,INFLOW,20150817,2200,4559, ,CFS
SHA,H,76,INFLOW,20150817,2300,7152, ,CFS
SHA,H,76,INFLOW,20150818,0000,1210, ,CFS
SHA,H,76,INFLOW,20150818,0100,3851, ,CFS
SHA,H,76,INFLOW,20150818,0200,-75, ,CFS
SHA,H,76,INFLOW,20150818,0300,1662, ,CFS
SHA,H,76,INFLOW,20150818,0400,1728, ,CFS
SHA,H,76,INFLOW,20150818,0500,2200, ,CFS
SHA,H,76,INFLOW,20150818,0600,2136, ,CFS
SHA,H,76,INFLOW,20150818,0700,-515, ,CFS
SHA,H,76,INFLOW,20150818,0800,1176, ,CFS
SHA,H,76,INFLOW,20150818,0900,1629, ,CFS
SHA,H,76,INFLOW,20150818,1000,-208, ,CFS
SHA,H,76,INFLOW,20150818,1100,-689, ,CFS
SHA,H,76,INFLOW,20150818,1200,1432, ,CFS
SHA,H,76,INFLOW,20150818,1300,-641, ,CFS
SHA,H,76,INFLOW,20150818,1400,1973, ,CFS
SHA,H,76,INFLOW,20150818,1500,4053, ,CFS
SHA,H,76,INFLOW,20150818,1600,3948, ,CFS
SHA,H,76,INFLOW,20150818,1700,4007, ,CFS
SHA,H,76,INFLOW,20150818,1800,8453, ,CFS
SHA,H,76,INFLOW,20150818,1900,4285, ,CFS
SHA,H,76,INFLOW,20150818,2000,5460, ,CFS
SHA,H,76,INFLOW,20150818,2100,7435, ,CFS
SHA,H,76,INFLOW,20150818,2200,1406, ,CFS
SHA,H,76,INFLOW,20150818,2300,6717, ,CFS
SHA,H,76,INFLOW,20150819,0000,624, ,CFS
SHA,H,76,INFLOW,20150819,0100,6303, ,CFS
SHA,H,76,INFLOW,20150819,0200,-1573, ,CFS
SHA,H,76,INFLOW,20150819,0300,3788, ,CFS
SHA,H,76,INFLOW,20150819,0400,-276, ,CFS
SHA,H,76,INFLOW,20150819,0500,2064, ,CFS
SHA,H,76,INFLOW,20150819,0600,2504, ,CFS
SHA,H,76,INFLOW,20150819,0700,516, ,CFS
SHA,H,76,INFLOW,20150819,0800,870, ,CFS
SHA,H,76,INFLOW,20150819,0900,827, ,CFS
SHA,H,76,INFLOW,20150819,1000,1176, ,CFS
SHA,H,76,INFLOW,20150819,1100,-696, ,CFS
SHA,H,76,INFLOW,20150819,1200,1095, ,CFS
SHA,H,76,INFLOW,20150819,1300,1582, ,CFS
SHA,H,76,INFLOW,20150819,1400,972, ,CFS
SHA,H,76,INFLOW,20150819,1500,1896, ,CFS
SHA,H,76,INFLOW,20150819,1600,1723, ,CFS
SHA,H,76,INFLOW,20150819,1700,6503, ,CFS
SHA,H,76,INFLOW,20150819,1800,2379, ,CFS
SHA,H,76,INFLOW,20150819,1900,7822, ,CFS
SHA,H,76,INFLOW,20150819,2000,5217, ,CFS
SHA,H,76,INFLOW,20150819,2100,3387, ,CFS
SHA,H,76,INFLOW,20150819,2200,6988, ,CFS
SHA,H,76,INFLOW,20150819,2300,2004, ,CFS
SHA,H,76,INFLOW,20150820,0000,453, ,CFS
SHA,H,76,INFLOW,20150820,0100,5566, ,CFS
SHA,H,76,INFLOW,20150820,0200,-497, ,CFS
SHA,H,76,INFLOW,20150820,0300,3231, ,CFS
SHA,H,76,INFLOW,20150820,0400,1257, ,CFS
SHA,H,76,INFLOW,20150820,0500,-731, ,CFS
SHA,H,76,INFLOW,20150820,0600,1854, ,CFS
SHA,H,76,INFLOW,20150820,0700,-756, ,CFS
SHA,H,76,INFLOW,20150820,0800,1265, ,CFS
SHA,H,76,INFLOW,20150820,0900,574, ,CFS
SHA,H,76,INFLOW,20150820,1000,1745, ,CFS
SHA,H,76,INFLOW,20150820,1100,-558, ,CFS
SHA,H,76,INFLOW,20150820,1200,281, ,CFS
SHA,H,76,INFLOW,20150820,1300,1489, ,CFS
SHA,H,76,INFLOW,20150820,1400,3019, ,CFS
SHA,H,76,INFLOW,20150820,1500,-590, ,CFS
SHA,H,76,INFLOW,20150820,1600,-295, ,CFS
SHA,H,76,INFLOW,20150820,1700,3419, ,CFS
SHA,H,76,INFLOW,20150820,1800,3626, ,CFS
SHA,H,76,INFLOW,20150820,1900,7113, ,CFS
SHA,H,76,INFLOW,20150820,2000,2297, ,CFS
SHA,H,76,INFLOW,20150820,2100,3543, ,CFS
SHA,H,76,INFLOW,20150820,2200,4994, ,CFS
SHA,H,76,INFLOW,20150820,2300,1779, ,CFS
SHA,H,76,INFLOW,20150821,0000,825, ,CFS
SHA,H,76,INFLOW,20150821,0100,4811, ,CFS
SHA,H,76,INFLOW,20150821,0200,-1367, ,CFS
SHA,H,76,INFLOW,20150821,0300,6399, ,CFS
SHA,H,76,INFLOW,20150821,0400,2449, ,CFS
SHA,H,76,INFLOW,20150821,0500,-1506, ,CFS
SHA,H,76,INFLOW,20150821,0600,4449, ,CFS
SHA,H,76,INFLOW,20150821,0700,1089, ,CFS
SHA,H,76,INFLOW,20150821,0800,-728, ,CFS
SHA,H,76,INFLOW,20150821,0900,1228, ,CFS
SHA,H,76,INFLOW,20150821,1000,-1119, ,CFS
SHA,H,76,INFLOW,20150821,1100,1200, ,CFS
SHA,H,76,INFLOW,20150821,1200,1022, ,CFS
SHA,H,76,INFLOW,20150821,1300,2218, ,CFS
SHA,H,76,INFLOW,20150821,1400,-3104, ,CFS
SHA,H,76,INFLOW,20150821,1500,3277, ,CFS
SHA,H,76,INFLOW,20150821,1600,1719, ,CFS
SHA,H,76,INFLOW,20150821,1700,3564, ,CFS
SHA,H,76,INFLOW,20150821,1800,4685, ,CFS
SHA,H,76,INFLOW,20150821,1900,6101, ,CFS
SHA,H,76,INFLOW,20150821,2000,6282, ,CFS
SHA,H,76,INFLOW,20150821,2100,6633, ,CFS
SHA,H,76,INFLOW,20150821,2200,2656, ,CFS
SHA,H,76,INFLOW,20150821,2300,4304, ,CFS
SHA,H,76,INFLOW,20150822,0000,-689, ,CFS
SHA,H,76,INFLOW,20150822,0100,4410, ,CFS
SHA,H,76,INFLOW,20150822,0200,1054, ,CFS
SHA,H,76,INFLOW,20150822,0300,2760, ,CFS
SHA,H,76,INFLOW,20150822,0400,787, ,CFS
SHA,H,76,INFLOW,20150822,0500,782, ,CFS
SHA,H,76,INFLOW,20150822,0600,827, ,CFS
SHA,H,76,INFLOW,20150822,0700,2417, ,CFS
SHA,H,76,INFLOW,20150822,0800,560, ,CFS
SHA,H,76,INFLOW,20150822,0900,-1209, ,CFS
SHA,H,76,INFLOW,20150822,1000,294, ,CFS
SHA,H,76,INFLOW,20150822,1100,222, ,CFS
SHA,H,76,INFLOW,20150822,1200,-1375, ,CFS
SHA,H,76,INFLOW,20150822,1300,1050, ,CFS
SHA,H,76,INFLOW,20150822,1400,2783, ,CFS
SHA,H,76,INFLOW,20150822,1500,-2783, ,CFS
SHA,H,76,INFLOW,20150822,1600,4405, ,CFS
SHA,H,76,INFLOW,20150822,1700,4833, ,CFS
SHA,H,76,INFLOW,20150822,1800,1038, ,CFS
SHA,H,76,INFLOW,20150822,1900,6532, ,CFS
SHA,H,76,INFLOW,20150822,2000,9214, ,CFS
SHA,H,76,INFLOW,20150822,2100,2855, ,CFS
SHA,H,76,INFLOW,20150822,2200,4391, ,CFS
SHA,H,76,INFLOW,20150822,2300,5191, ,CFS
SHA,H,76,INFLOW,20150823,0000,-936, ,CFS
SHA,H,76,INFLOW,20150823,0100,4083, ,CFS
SHA,H,76,INFLOW,20150823,0200,396, ,CFS
SHA,H,76,INFLOW,20150823,0300,543, ,CFS
SHA,H,76,INFLOW,20150823,0400,206, ,CFS
SHA,H,76,INFLOW,20150823,0500,2485, ,CFS
SHA,H,76,INFLOW,20150823,0600,2296, ,CFS
SHA,H,76,INFLOW,20150823,0700,-1679, ,CFS
SHA,H,76,INFLOW,20150823,0800,2868, ,CFS
SHA,H,76,INFLOW,20150823,0900,1573, ,CFS
SHA,H,76,INFLOW,20150823,1000,-2141, ,CFS
SHA,H,76,INFLOW,20150823,1100,1870, ,CFS
SHA,H,76,INFLOW,20150823,1200,-1012, ,CFS
SHA,H,76,INFLOW,20150823,1300,3122, ,CFS
SHA,H,76,INFLOW,20150823,1400,972, ,CFS
SHA,H,76,INFLOW,20150823,1500,-697, ,CFS
SHA,H,76,INFLOW,20150823,1600,1326, ,CFS
SHA,H,76,INFLOW,20150823,1700,4466, ,CFS
SHA,H,76,INFLOW,20150823,1800,4260, ,CFS
SHA,H,76,INFLOW,20150823,1900,5153, ,CFS
SHA,H,76,INFLOW,20150823,2000,4623, ,CFS
SHA,H,76,INFLOW,20150823,2100,6449, ,CFS
SHA,H,76,INFLOW,20150823,2200,4234, ,CFS
SHA,H,76,INFLOW,20150823,2300,3238, ,CFS
SHA,H,76,INFLOW,20150824,0000,2761, ,CFS
SHA,H,76,INFLOW,20150824,0100,33, ,CFS
SHA,H,76,INFLOW,20150824,0200,2478, ,CFS
SHA,H,76,INFLOW,20150824,0300,257, ,CFS
SHA,H,76,INFLOW,20150824,0400,2303, ,CFS
SHA,H,76,INFLOW,20150824,0500,298, ,CFS
SHA,H,76,INFLOW,20150824,0600,3318, ,CFS
SHA,H,76,INFLOW,20150824,0700,-1149, ,CFS
SHA,H,76,INFLOW,20150824,0800,2728, ,CFS
SHA,H,76,INFLOW,20150824,0900,197, ,CFS
SHA,H,76,INFLOW,20150824,1000,-1030, ,CFS
SHA,H,76,INFLOW,20150824,1100,1915, ,CFS
SHA,H,76,INFLOW,20150824,1200,122, ,CFS
SHA,H,76,INFLOW,20150824,1300,846, ,CFS
SHA,H,76,INFLOW,20150824,1400,1754, ,CFS
SHA,H,76,INFLOW,20150824,1500,2641, ,CFS
SHA,H,76,INFLOW,20150824,1600,-731, ,CFS
SHA,H,76,INFLOW,20150824,1700,6562, ,CFS
SHA,H,76,INFLOW,20150824,1800,3176, ,CFS
SHA,H,76,INFLOW,20150824,1900,2968, ,CFS
SHA,H,76,INFLOW,20150824,2000,8917, ,CFS
SHA,H,76,INFLOW,20150824,2100,3445, ,CFS
SHA,H,76,INFLOW,20150824,2200,2935, ,CFS
SHA,H,76,INFLOW,20150824,2300,9204, ,CFS
SHA,H,76,INFLOW,20150825,0000,-1787, ,CFS
SHA,H,76,INFLOW,20150825,0100,2982, ,CFS
SHA,H,76,INFLOW,20150825,0200,889, ,CFS
SHA,H,76,INFLOW,20150825,0300,2350, ,CFS
SHA,H,76,INFLOW,20150825,0400,128, ,CFS
SHA,H,76,INFLOW,20150825,0500,2185, ,CFS
SHA,H,76,INFLOW,20150825,0600,69, ,CFS
SHA,H,76,INFLOW,20150825,0700,2640, ,CFS
SHA,H,76,INFLOW,20150825,0800,1396, ,CFS
SHA,H,76,INFLOW,20150825,0900,-100, ,CFS
SHA,H,76,INFLOW,20150825,1000,1330, ,CFS
SHA,H,76,INFLOW,20150825,1100,-1638, ,CFS
SHA,H,76,INFLOW,20150825,1200,2145, ,CFS
SHA,H,76,INFLOW,20150825,1300,1722, ,CFS
SHA,H,76,INFLOW,20150825,1400,-231, ,CFS
SHA,H,76,INFLOW,20150825,1500,2335, ,CFS
SHA,H,76,INFLOW,20150825,1600,945, ,CFS
SHA,H,76,INFLOW,20150825,1700,3688, ,CFS
SHA,H,76,INFLOW,20150825,1800,5408, ,CFS
SHA,H,76,INFLOW,20150825,1900,4815, ,CFS
SHA,H,76,INFLOW,20150825,2000,5695, ,CFS
SHA,H,76,INFLOW,20150825,2100,6688, ,CFS
SHA,H,76,INFLOW,20150825,2200,4219, ,CFS
SHA,H,76,INFLOW,20150825,2300,6615, ,CFS
SHA,H,76,INFLOW,20150826,0000,-1011, ,CFS
SHA,H,76,INFLOW,20150826,0100,2051, ,CFS
SHA,H,76,INFLOW,20150826,0200,1858, ,CFS
SHA,H,76,INFLOW,20150826,0300,1764, ,CFS
SHA,H,76,INFLOW,20150826,0400,-141, ,CFS
SHA,H,76,INFLOW,20150826,0500,1888, ,CFS
SHA,H,76,INFLOW,20150826,0600,791, ,CFS
SHA,H,76,INFLOW,20150826,0700,1557, ,CFS
SHA,H,76,INFLOW,20150826,0800,436, ,CFS
SHA,H,76,INFLOW,20150826,0900,92, ,CFS
SHA,H,76,INFLOW,20150826,1000,1297, ,CFS
SHA,H,76,INFLOW,20150826,1100,342, ,CFS
SHA,H,76,INFLOW,20150826,1200,1724, ,CFS
SHA,H,76,INFLOW,20150826,1300,-1448, ,CFS
SHA,H,76,INFLOW,20150826,1400,1276, ,CFS
SHA,H,76,INFLOW,20150826,1500,6276, ,CFS
SHA,H,76,INFLOW,20150826,1600,4148, ,CFS
SHA,H,76,INFLOW,20150826,1700,4530, ,CFS
SHA,H,76,INFLOW,20150826,1800,6693, ,CFS
SHA,H,76,INFLOW,20150826,1900,3365, ,CFS
SHA,H,76,INFLOW,20150826,2000,7655, ,CFS
SHA,H,76,INFLOW,20150826,2100,7926, ,CFS
SHA,H,76,INFLOW,20150826,2200,2000, ,CFS
SHA,H,76,INFLOW,20150826,2300,6092, ,CFS
SHA,H,76,INFLOW,20150827,0000,1854, ,CFS
SHA,H,76,INFLOW,20150827,0100,1519, ,CFS
SHA,H,76,INFLOW,20150827,0200,2241, ,CFS
SHA,H,76,INFLOW,20150827,0300,210, ,CFS
SHA,H,76,INFLOW,20150827,0400,209, ,CFS
SHA,H,76,INFLOW,20150827,0500,2164, ,CFS
SHA,H,76,INFLOW,20150827,0600,249, ,CFS
SHA,H,76,INFLOW,20150827,0700,1725, ,CFS
SHA,H,76,INFLOW,20150827,0800,-20, ,CFS
SHA,H,76,INFLOW,20150827,0900,-11753, ,CFS
SHA,H,76,INFLOW,20150827,1000,-291, ,CFS
SHA,H,76,INFLOW,20150827,1100,1945, ,CFS
SHA,H,76,INFLOW,20150827,1200,2621, ,CFS
SHA,H,76,INFLOW,20150827,1300,-2216, ,CFS
SHA,H,76,INFLOW,20150827,1400,1686, ,CFS
SHA,H,76,INFLOW,20150827,1500,807, ,CFS
SHA,H,76,INFLOW,20150827,1600,1229, ,CFS
SHA,H,76,INFLOW,20150827,1700,1592, ,CFS
SHA,H,76,INFLOW,20150827,1800,6204, ,CFS
SHA,H,76,INFLOW,20150827,1900,8457, ,CFS
SHA,H,76,INFLOW,20150827,2000,5148, ,CFS
SHA,H,76,INFLOW,20150827,2100,7890, ,CFS
SHA,H,76,INFLOW,20150827,2200,2975, ,CFS
SHA,H,76,INFLOW,20150827,2300,5011, ,CFS
SHA,H,76,INFLOW,20150828,0000,1687, ,CFS
SHA,H,76,INFLOW,20150828,0100,3125, ,CFS
SHA,H,76,INFLOW,20150828,0200,-1247, ,CFS
SHA,H,76,INFLOW,20150828,0300,4360, ,CFS
SHA,H,76,INFLOW,20150828,0400,240, ,CFS
SHA,H,76,INFLOW,20150828,0500,361, ,CFS
SHA,H,76,INFLOW,20150828,0600,2616, ,CFS
SHA,H,76,INFLOW,20150828,0700,-1161, ,CFS
SHA,H,76,INFLOW,20150828,0800,2042, ,CFS
SHA,H,76,INFLOW,20150828,0900,5000, ,CFS
SHA,H,76,INFLOW,20150828,1000,1311, ,CFS
SHA,H,76,INFLOW,20150828,1100,1616, ,CFS
SHA,H,76,INFLOW,20150828,1200,2466, ,CFS
SHA,H,76,INFLOW,20150828,1300,5487, ,CFS
SHA,H,76,INFLOW,20150828,1400,2235, ,CFS
SHA,H,76,INFLOW,20150828,1500,6010, ,CFS
SHA,H,76,INFLOW,20150828,1600,3601, ,CFS
SHA,H,76,INFLOW,20150828,1700,3691, ,CFS
SHA,H,76,INFLOW,20150828,1800,383, ,CFS
SHA,H,76,INFLOW,20150828,1900,6394, ,CFS
SHA,H,76,INFLOW,20150828,2000,2055, ,CFS
SHA,H,76,INFLOW,20150828,2100,7254, ,CFS
SHA,H,76,INFLOW,20150828,2200,1540, ,CFS
SHA,H,76,INFLOW,20150828,2300,6110, ,CFS
SHA,H,76,INFLOW,20150829,0000,-2593, ,CFS
SHA,H,76,INFLOW,20150829,0100,3671, ,CFS
SHA,H,76,INFLOW,20150829,0200,-376, ,CFS
SHA,H,76,INFLOW,20150829,0300,2972, ,CFS
SHA,H,76,INFLOW,20150829,0400,-1051, ,CFS
SHA,H,76,INFLOW,20150829,0500,801, ,CFS
SHA,H,76,INFLOW,20150829,0600,4675, ,CFS
SHA,H,76,INFLOW,20150829,0700,978, ,CFS
SHA,H,76,INFLOW,20150829,0800,479, ,CFS
SHA,H,76,INFLOW,20150829,0900,-616, ,CFS
SHA,H,76,INFLOW,20150829,1000,3367, ,CFS
SHA,H,76,INFLOW,20150829,1100,-2189, ,CFS
SHA,H,76,INFLOW,20150829,1200,3079, ,CFS
SHA,H,76,INFLOW,20150829,1300,1292, ,CFS
SHA,H,76,INFLOW,20150829,1400,571, ,CFS
SHA,H,76,INFLOW,20150829,1500,4996, ,CFS
SHA,H,76,INFLOW,20150829,1600,1612, ,CFS
SHA,H,76,INFLOW,20150829,1700,5458, ,CFS
SHA,H,76,INFLOW,20150829,1800,1858, ,CFS
SHA,H,76,INFLOW,20150829,1900,6067, ,CFS
SHA,H,76,INFLOW,20150829,2000,8069, ,CFS
SHA,H,76,INFLOW,20150829,2100,2283, ,CFS
SHA,H,76,INFLOW,20150829,2200,4407, ,CFS
SHA,H,76,INFLOW,20150829,2300,10428, ,CFS
SHA,H,76,INFLOW,20150830,0000,-2627, ,CFS
SHA,H,76,INFLOW,20150830,0100,6858, ,CFS
SHA,H,76,INFLOW,20150830,0200,33, ,CFS
SHA,H,76,INFLOW,20150830,0300,1756, ,CFS
SHA,H,76,INFLOW,20150830,0400,1855, ,CFS
SHA,H,76,INFLOW,20150830,0500,-43, ,CFS
SHA,H,76,INFLOW,20150830,0600,14, ,CFS
SHA,H,76,INFLOW,20150830,0700,4655, ,CFS
SHA,H,76,INFLOW,20150830,0800,150, ,CFS
SHA,H,76,INFLOW,20150830,0900,-3598, ,CFS
SHA,H,76,INFLOW,20150830,1000,5465, ,CFS
SHA,H,76,INFLOW,20150830,1100,-1721, ,CFS
SHA,H,76,INFLOW,20150830,1200,3027, ,CFS
SHA,H,76,INFLOW,20150830,1300,390, ,CFS
SHA,H,76,INFLOW,20150830,1400,533, ,CFS
SHA,H,76,INFLOW,20150830,1500,-344, ,CFS
SHA,H,76,INFLOW,20150830,1600,1347, ,CFS
SHA,H,76,INFLOW,20150830,1700,5670, ,CFS
SHA,H,76,INFLOW,20150830,1800,6899, ,CFS
SHA,H,76,INFLOW,20150830,1900,4255, ,CFS
SHA,H,76,INFLOW,20150830,2000,8412, ,CFS
SHA,H,76,INFLOW,20150830,2100,6296, ,CFS
SHA,H,76,INFLOW,20150830,2200,768, ,CFS
SHA,H,76,INFLOW,20150830,2300,9142, ,CFS
SHA,H,76,INFLOW,20150831,0000,-219, ,CFS
SHA,H,76,INFLOW,20150831,0100,7434, ,CFS
SHA,H,76,INFLOW,20150831,0200,1236, ,CFS
SHA,H,76,INFLOW,20150831,0300,-840, ,CFS
SHA,H,76,INFLOW,20150831,0400,2962, ,CFS
SHA,H,76,INFLOW,20150831,0500,-819, ,CFS
SHA,H,76,INFLOW,20150831,0600,412, ,CFS
SHA,H,76,INFLOW,20150831,0700,1405, ,CFS
SHA,H,76,INFLOW,20150831,0800,1682, ,CFS
SHA,H,76,INFLOW,20150831,0900,-909, ,CFS
SHA,H,76,INFLOW,20150831,1000,663, ,CFS
SHA,H,76,INFLOW,20150831,1100,1269, ,CFS
SHA,H,76,INFLOW,20150831,1200,569, ,CFS
SHA,H,76,INFLOW,20150831,1300,464, ,CFS
SHA,H,76,INFLOW,20150831,1400,853, ,CFS
SHA,H,76,INFLOW,20150831,1500,1168, ,CFS
SHA,H,76,INFLOW,20150831,1600,4692, ,CFS
SHA,H,76,INFLOW,20150831,1700,-865, ,CFS
SHA,H,76,INFLOW,20150831,1800,1789, ,CFS
SHA,H,76,INFLOW,20150831,1900,5719, ,CFS
SHA,H,76,INFLOW,20150831,2000,2864, ,CFS
SHA,H,76,INFLOW,20150831,2100,6463, ,CFS
SHA,H,76,INFLOW,20150831,2200,4297, ,CFS
SHA,H,76,INFLOW,20150831,2300,5849, ,CFS
SHA,H,76,INFLOW,20150901,0000,1868, ,CFS
SHA,H,76,INFLOW,20150901,0100,1236, ,CFS
SHA,H,76,INFLOW,20150901,0200,1227, ,CFS
SHA,H,76,INFLOW,20150901,0300,2980, ,CFS
SHA,H,76,INFLOW,20150901,0400,864, ,CFS
SHA,H,76,INFLOW,20150901,0500,879, ,CFS
SHA,H,76,INFLOW,20150901,0600,-185, ,CFS
SHA,H,76,INFLOW,20150901,0700,1729, ,CFS
SHA,H,76,INFLOW,20150901,0800,-49, ,CFS
SHA,H,76,INFLOW,20150901,0900,2781, ,CFS
SHA,H,76,INFLOW,20150901,1000,3688, ,CFS
SHA,H,76,INFLOW,20150901,1100,1392, ,CFS
SHA,H,76,INFLOW,20150901,1200,376, ,CFS
SHA,H,76,INFLOW,20150901,1300,189, ,CFS
SHA,H,76,INFLOW,20150901,1400,2580, ,CFS
SHA,H,76,INFLOW,20150901,1500,1388, ,CFS
SHA,H,76,INFLOW,20150901,1600,1601, ,CFS
SHA,H,76,INFLOW,20150901,1700,-341, ,CFS
SHA,H,76,INFLOW,20150901,1800,1490, ,CFS
SHA,H,76,INFLOW,20150901,1900,9050, ,CFS
SHA,H,76,INFLOW,20150901,2000,4120, ,CFS
SHA,H,76,INFLOW,20150901,2100,2341, ,CFS
SHA,H,76,INFLOW,20150901,2200,8274, ,CFS
SHA,H,76,INFLOW,20150901,2300,764, ,CFS
SHA,H,76,INFLOW,20150902,0000,3305, ,CFS
SHA,H,76,INFLOW,20150902,0100,701, ,CFS
SHA,H,76,INFLOW,20150902,0200,595, ,CFS
SHA,H,76,INFLOW,20150902,0300,507, ,CFS
SHA,H,76,INFLOW,20150902,0400,4155, ,CFS
SHA,H,76,INFLOW,20150902,0500,-1622, ,CFS
SHA,H,76,INFLOW,20150902,0600,1440, ,CFS
SHA,H,76,INFLOW,20150902,0700,894, ,CFS
SHA,H,76,INFLOW,20150902,0800,289, ,CFS
SHA,H,76,INFLOW,20150902,0900,3665, ,CFS
SHA,H,76,INFLOW,20150902,1000,2184, ,CFS
SHA,H,76,INFLOW,20150902,1100,474, ,CFS
SHA,H,76,INFLOW,20150902,1200,4763, ,CFS
SHA,H,76,INFLOW,20150902,1300,-546, ,CFS
SHA,H,76,INFLOW,20150902,1400,-877, ,CFS
SHA,H,76,INFLOW,20150902,1500,4278, ,CFS
SHA,H,76,INFLOW,20150902,1600,-849, ,CFS
SHA,H,76,INFLOW,20150902,1700,-489, ,CFS
SHA,H,76,INFLOW,20150902,1800,5744, ,CFS
SHA,H,76,INFLOW,20150902,1900,6029, ,CFS
SHA,H,76,INFLOW,20150902,2000,3384, ,CFS
SHA,H,76,INFLOW,20150902,2100,5008, ,CFS
SHA,H,76,INFLOW,20150902,2200,4903, ,CFS
SHA,H,76,INFLOW,20150902,2300,4912, ,CFS
SHA,H,76,INFLOW,20150903,0000,-582, ,CFS
SHA,H,76,INFLOW,20150903,0100,1755, ,CFS
SHA,H,76,INFLOW,20150903,0200,2611, ,CFS
SHA,H,76,INFLOW,20150903,0300,-1331, ,CFS
SHA,H,76,INFLOW,20150903,0400,2647, ,CFS
SHA,H,76,INFLOW,20150903,0500,758, ,CFS
SHA,H,76,INFLOW,20150903,0600,2855, ,CFS
SHA,H,76,INFLOW,20150903,0700,-195, ,CFS
SHA,H,76,INFLOW,20150903,0800,956, ,CFS
SHA,H,76,INFLOW,20150903,0900,-1766, ,CFS
SHA,H,76,INFLOW,20150903,1000,2156, ,CFS
SHA,H,76,INFLOW,20150903,1100,496, ,CFS
SHA,H,76,INFLOW,20150903,1200,2708, ,CFS
SHA,H,76,INFLOW,20150903,1300,296, ,CFS
SHA,H,76,INFLOW,20150903,1400,2432, ,CFS
SHA,H,76,INFLOW,20150903,1500,1100, ,CFS
SHA,H,76,INFLOW,20150903,1600,-600, ,CFS
SHA,H,76,INFLOW,20150903,1700,3063, ,CFS
SHA,H,76,INFLOW,20150903,1800,3476, ,CFS
SHA,H,76,INFLOW,20150903,1900,6261, ,CFS
SHA,H,76,INFLOW,20150903,2000,7220, ,CFS
SHA,H,76,INFLOW,20150903,2100,3594, ,CFS
SHA,H,76,INFLOW,20150903,2200,4963, ,CFS
SHA,H,76,INFLOW,20150903,2300,3411, ,CFS
SHA,H,76,INFLOW,20150904,0000,-650, ,CFS
SHA,H,76,INFLOW,20150904,0100,2092, ,CFS
SHA,H,76,INFLOW,20150904,0200,2934, ,CFS
SHA,H,76,INFLOW,20150904,0300,930, ,CFS
SHA,H,76,INFLOW,20150904,0400,1051, ,CFS
SHA,H,76,INFLOW,20150904,0500,1093, ,CFS
SHA,H,76,INFLOW,20150904,0600,-1012, ,CFS
SHA,H,76,INFLOW,20150904,0700,2608, ,CFS
SHA,H,76,INFLOW,20150904,0800,415, ,CFS
SHA,H,76,INFLOW,20150904,0900,-127, ,CFS
SHA,H,76,INFLOW,20150904,1000,1794, ,CFS
SHA,H,76,INFLOW,20150904,1100,956, ,CFS
SHA,H,76,INFLOW,20150904,1200,410, ,CFS
SHA,H,76,INFLOW,20150904,1300,2338, ,CFS
SHA,H,76,INFLOW,20150904,1400,743, ,CFS
SHA,H,76,INFLOW,20150904,1500,-868, ,CFS
SHA,H,76,INFLOW,20150904,1600,941, ,CFS
SHA,H,76,INFLOW,20150904,1700,-501, ,CFS
SHA,H,76,INFLOW,20150904,1800,3121, ,CFS
SHA,H,76,INFLOW,20150904,1900,5935, ,CFS
SHA,H,76,INFLOW,20150904,2000,10398, ,CFS
SHA,H,76,INFLOW,20150904,2100,5268, ,CFS
SHA,H,76,INFLOW,20150904,2200,5197, ,CFS
SHA,H,76,INFLOW,20150904,2300,3094, ,CFS
SHA,H,76,INFLOW,20150905,0000,-2391, ,CFS
SHA,H,76,INFLOW,20150905,0100,49, ,CFS
SHA,H,76,INFLOW,20150905,0200,2049, ,CFS
SHA,H,76,INFLOW,20150905,0300,-36, ,CFS
SHA,H,76,INFLOW,20150905,0400,1771, ,CFS
SHA,H,76,INFLOW,20150905,0500,1825, ,CFS
SHA,H,76,INFLOW,20150905,0600,1848, ,CFS
SHA,H,76,INFLOW,20150905,0700,589, ,CFS
SHA,H,76,INFLOW,20150905,0800,1725, ,CFS
SHA,H,76,INFLOW,20150905,0900,-411, ,CFS
SHA,H,76,INFLOW,20150905,1000,1623, ,CFS
SHA,H,76,INFLOW,20150905,1100,652, ,CFS
SHA,H,76,INFLOW,20150905,1200,-271, ,CFS
SHA,H,76,INFLOW,20150905,1300,-3341, ,CFS
SHA,H,76,INFLOW,20150905,1400,431, ,CFS
SHA,H,76,INFLOW,20150905,1500,1902, ,CFS
SHA,H,76,INFLOW,20150905,1600,750, ,CFS
SHA,H,76,INFLOW,20150905,1700,2585, ,CFS
SHA,H,76,INFLOW,20150905,1800,1771, ,CFS
SHA,H,76,INFLOW,20150905,1900,6717, ,CFS
SHA,H,76,INFLOW,20150905,2000,4645, ,CFS
SHA,H,76,INFLOW,20150905,2100,1763, ,CFS
SHA,H,76,INFLOW,20150905,2200,4586, ,CFS
SHA,H,76,INFLOW,20150905,2300,4987, ,CFS
SHA,H,76,INFLOW,20150906,0000,408, ,CFS
SHA,H,76,INFLOW,20150906,0100,340, ,CFS
SHA,H,76,INFLOW,20150906,0200,1567, ,CFS
SHA,H,76,INFLOW,20150906,0300,1560, ,CFS
SHA,H,76,INFLOW,20150906,0400,1538, ,CFS
SHA,H,76,INFLOW,20150906,0500,-252, ,CFS
SHA,H,76,INFLOW,20150906,0600,3699, ,CFS
SHA,H,76,INFLOW,20150906,0700,-871, ,CFS
SHA,H,76,INFLOW,20150906,0800,2297, ,CFS
SHA,H,76,INFLOW,20150906,0900,2058, ,CFS
SHA,H,76,INFLOW,20150906,1000,-1711, ,CFS
SHA,H,76,INFLOW,20150906,1100,592, ,CFS
SHA,H,76,INFLOW,20150906,1200,430, ,CFS
SHA,H,76,INFLOW,20150906,1300,-1455, ,CFS
SHA,H,76,INFLOW,20150906,1400,1454, ,CFS
SHA,H,76,INFLOW,20150906,1500,599, ,CFS
SHA,H,76,INFLOW,20150906,1600,2860, ,CFS
SHA,H,76,INFLOW,20150906,1700,225, ,CFS
SHA,H,76,INFLOW,20150906,1800,2099, ,CFS
SHA,H,76,INFLOW,20150906,1900,7572, ,CFS
SHA,H,76,INFLOW,20150906,2000,6731, ,CFS
SHA,H,76,INFLOW,20150906,2100,7241, ,CFS
SHA,H,76,INFLOW,20150906,2200,6524, ,CFS
SHA,H,76,INFLOW,20150906,2300,3368, ,CFS
SHA,H,76,INFLOW,20150907,0000,418, ,CFS
SHA,H,76,INFLOW,20150907,0100,1742, ,CFS
SHA,H,76,INFLOW,20150907,0200,1286, ,CFS
SHA,H,76,INFLOW,20150907,0300,1141, ,CFS
SHA,H,76,INFLOW,20150907,0400,1199, ,CFS
SHA,H,76,INFLOW,20150907,0500,3184, ,CFS
SHA,H,76,INFLOW,20150907,0600,1607, ,CFS
SHA,H,76,INFLOW,20150907,0700,1800, ,CFS
SHA,H,76,INFLOW,20150907,0800,1549, ,CFS
SHA,H,76,INFLOW,20150907,0900,-532, ,CFS
SHA,H,76,INFLOW,20150907,1000,-206, ,CFS
SHA,H,76,INFLOW,20150907,1100,-1176, ,CFS
SHA,H,76,INFLOW,20150907,1200,1894, ,CFS
SHA,H,76,INFLOW,20150907,1300,-1217, ,CFS
SHA,H,76,INFLOW,20150907,1400,19, ,CFS
SHA,H,76,INFLOW,20150907,1500,315, ,CFS
SHA,H,76,INFLOW,20150907,1600,1808, ,CFS
SHA,H,76,INFLOW,20150907,1700,2822, ,CFS
SHA,H,76,INFLOW,20150907,1800,1110, ,CFS
SHA,H,76,INFLOW,20150907,1900,6082, ,CFS
SHA,H,76,INFLOW,20150907,2000,6616, ,CFS
SHA,H,76,INFLOW,20150907,2100,9486, ,CFS
SHA,H,76,INFLOW,20150907,2200,6190, ,CFS
SHA,H,76,INFLOW,20150907,2300,4168, ,CFS
SHA,H,76,INFLOW,20150908,0000,1547, ,CFS
SHA,H,76,INFLOW,20150908,0100,606, ,CFS
SHA,H,76,INFLOW,20150908,0200,-389, ,CFS
SHA,H,76,INFLOW,20150908,0300,2791, ,CFS
SHA,H,76,INFLOW,20150908,0400,-879, ,CFS
SHA,H,76,INFLOW,20150908,0500,2421, ,CFS
SHA,H,76,INFLOW,20150908,0600,2670, ,CFS
SHA,H,76,INFLOW,20150908,0700,-29, ,CFS
SHA,H,76,INFLOW,20150908,0800,243, ,CFS
SHA,H,76,INFLOW,20150908,0900,1834, ,CFS
SHA,H,76,INFLOW,20150908,1000,323, ,CFS
SHA,H,76,INFLOW,20150908,1100,-1349, ,CFS
SHA,H,76,INFLOW,20150908,1200,2677, ,CFS
SHA,H,76,INFLOW,20150908,1300,-2830, ,CFS
SHA,H,76,INFLOW,20150908,1400,2392, ,CFS
SHA,H,76,INFLOW,20150908,1500,-872, ,CFS
SHA,H,76,INFLOW,20150908,1600,2464, ,CFS
SHA,H,76,INFLOW,20150908,1700,1116, ,CFS
SHA,H,76,INFLOW,20150908,1800,2451, ,CFS
SHA,H,76,INFLOW,20150908,1900,6671, ,CFS
SHA,H,76,INFLOW,20150908,2000,5349, ,CFS
SHA,H,76,INFLOW,20150908,2100,8706, ,CFS
SHA,H,76,INFLOW,20150908,2200,7775, ,CFS
SHA,H,76,INFLOW,20150908,2300,2713, ,CFS
SHA,H,76,INFLOW,20150909,0000,401, ,CFS
SHA,H,76,INFLOW,20150909,0100,1739, ,CFS
SHA,H,76,INFLOW,20150909,0200,1068, ,CFS
SHA,H,76,INFLOW,20150909,0300,1009, ,CFS
SHA,H,76,INFLOW,20150909,0400,1112, ,CFS
SHA,H,76,INFLOW,20150909,0500,1576, ,CFS
SHA,H,76,INFLOW,20150909,0600,2208, ,CFS
SHA,H,76,INFLOW,20150909,0700,819, ,CFS
SHA,H,76,INFLOW,20150909,0800,878, ,CFS
SHA,H,76,INFLOW,20150909,0900,8416, ,CFS
SHA,H,76,INFLOW,20150909,1000,2901, ,CFS
SHA,H,76,INFLOW,20150909,1100,1435, ,CFS
SHA,H,76,INFLOW,20150909,1200,7934, ,CFS
SHA,H,76,INFLOW,20150909,1300,1778, ,CFS
SHA,H,76,INFLOW,20150909,1400,1915, ,CFS
SHA,H,76,INFLOW,20150909,1500,4158, ,CFS
SHA,H,76,INFLOW,20150909,1600,1794, ,CFS
SHA,H,76,INFLOW,20150909,1700,2716, ,CFS
SHA,H,76,INFLOW,20150909,1800,3515, ,CFS
SHA,H,76,INFLOW,20150909,1900,2306, ,CFS
SHA,H,76,INFLOW,20150909,2000,2278, ,CFS
SHA,H,76,INFLOW,20150909,2100,6074, ,CFS
SHA,H,76,INFLOW,20150909,2200,2064, ,CFS
SHA,H,76,INFLOW,20150909,2300,2180, ,CFS
SHA,H,76,INFLOW,20150910,0000,2686, ,CFS
SHA,H,76,INFLOW,20150910,0100,8052, ,CFS
SHA,H,76,INFLOW,20150910,0200,5657, ,CFS
SHA,H,76,INFLOW,20150910,0300,-58, ,CFS
SHA,H,76,INFLOW,20150910,0400,1870, ,CFS
SHA,H,76,INFLOW,20150910,0500,3729, ,CFS
SHA,H,76,INFLOW,20150910,0600,-1678, ,CFS
SHA,H,76,INFLOW,20150910,0700,2960, ,CFS
SHA,H,76,INFLOW,20150910,0800,1129, ,CFS
SHA,H,76,INFLOW,20150910,0900,657, ,CFS
SHA,H,76,INFLOW,20150910,1000,894, ,CFS
SHA,H,76,INFLOW,20150910,1100,2129, ,CFS
SHA,H,76,INFLOW,20150910,1200,-606, ,CFS
SHA,H,76,INFLOW,20150910,1300,3015, ,CFS
SHA,H,76,INFLOW,20150910,1400,10961, ,CFS
SHA,H,76,INFLOW,20150910,1500,4978, ,CFS
SHA,H,76,INFLOW,20150910,1600,4064, ,CFS
SHA,H,76,INFLOW,20150910,1700,7002, ,CFS
SHA,H,76,INFLOW,20150910,1800,-354, ,CFS
SHA,H,76,INFLOW,20150910,1900,989, ,CFS
SHA,H,76,INFLOW,20150910,2000,4294, ,CFS
SHA,H,76,INFLOW,20150910,2100,4371, ,CFS
SHA,H,76,INFLOW,20150910,2200,7349, ,CFS
SHA,H,76,INFLOW,20150910,2300,12121, ,CFS
SHA,H,76,INFLOW,20150911,0000,547, ,CFS
SHA,H,76,INFLOW,20150911,0100,4309, ,CFS
SHA,H,76,INFLOW,20150911,0200,3397, ,CFS
SHA,H,76,INFLOW,20150911,0300,-19, ,CFS
SHA,H,76,INFLOW,20150911,0400,2057, ,CFS
SHA,H,76,INFLOW,20150911,0500,822, ,CFS
SHA,H,76,INFLOW,20150911,0600,1615, ,CFS
SHA,H,76,INFLOW,20150911,0700,1105, ,CFS
SHA,H,76,INFLOW,20150911,0800,668, ,CFS
SHA,H,76,INFLOW,20150911,0900,-704, ,CFS
SHA,H,76,INFLOW,20150911,1000,2381, ,CFS
SHA,H,76,INFLOW,20150911,1100,-31, ,CFS
SHA,H,76,INFLOW,20150911,1200,9168, ,CFS
SHA,H,76,INFLOW,20150911,1300,6544, ,CFS
SHA,H,76,INFLOW,20150911,1400,3283, ,CFS
SHA,H,76,INFLOW,20150911,1500,6026, ,CFS
SHA,H,76,INFLOW,20150911,1600,-34, ,CFS
SHA,H,76,INFLOW,20150911,1700,2169, ,CFS
SHA,H,76,INFLOW,20150911,1800,4046, ,CFS
SHA,H,76,INFLOW,20150911,1900,-331, ,CFS
SHA,H,76,INFLOW,20150911,2000,2174, ,CFS
SHA,H,76,INFLOW,20150911,2100,2333, ,CFS
SHA,H,76,INFLOW,20150911,2200,10253, ,CFS
SHA,H,76,INFLOW,20150911,2300,9509, ,CFS
SHA,H,76,INFLOW,20150912,0000,1962, ,CFS
SHA,H,76,INFLOW,20150912,0100,5556, ,CFS
SHA,H,76,INFLOW,20150912,0200,-1399, ,CFS
SHA,H,76,INFLOW,20150912,0300,1934, ,CFS
SHA,H,76,INFLOW,20150912,0400,1664, ,CFS
SHA,H,76,INFLOW,20150912,0500,427, ,CFS
SHA,H,76,INFLOW,20150912,0600,787, ,CFS
SHA,H,76,INFLOW,20150912,0700,2018, ,CFS
SHA,H,76,INFLOW,20150912,0800,-1678, ,CFS
SHA,H,76,INFLOW,20150912,0900,1530, ,CFS
SHA,H,76,INFLOW,20150912,1000,1911, ,CFS
SHA,H,76,INFLOW,20150912,1100,-1796, ,CFS
SHA,H,76,INFLOW,20150912,1200,1983, ,CFS
SHA,H,76,INFLOW,20150912,1300,2047, ,CFS
SHA,H,76,INFLOW,20150912,1400,3741, ,CFS
SHA,H,76,INFLOW,20150912,1500,4199, ,CFS
SHA,H,76,INFLOW,20150912,1600,-417, ,CFS
SHA,H,76,INFLOW,20150912,1700,1671, ,CFS
SHA,H,76,INFLOW,20150912,1800,3834, ,CFS
SHA,H,76,INFLOW,20150912,1900,8863, ,CFS
SHA,H,76,INFLOW,20150912,2000,5197, ,CFS
SHA,H,76,INFLOW,20150912,2100,4040, ,CFS
SHA,H,76,INFLOW,20150912,2200,5211, ,CFS
SHA,H,76,INFLOW,20150912,2300,6846, ,CFS
SHA,H,76,INFLOW,20150913,0000,-3089, ,CFS
SHA,H,76,INFLOW,20150913,0100,3991, ,CFS
SHA,H,76,INFLOW,20150913,0200,2109, ,CFS
SHA,H,76,INFLOW,20150913,0300,-796, ,CFS
SHA,H,76,INFLOW,20150913,0400,6342, ,CFS
SHA,H,76,INFLOW,20150913,0500,373, ,CFS
SHA,H,76,INFLOW,20150913,0600,150, ,CFS
SHA,H,76,INFLOW,20150913,0700,5582, ,CFS
SHA,H,76,INFLOW,20150913,0800,225, ,CFS
SHA,H,76,INFLOW,20150913,0900,-80, ,CFS
SHA,H,76,INFLOW,20150913,1000,1834, ,CFS
SHA,H,76,INFLOW,20150913,1100,2320, ,CFS
SHA,H,76,INFLOW,20150913,1200,-105, ,CFS
SHA,H,76,INFLOW,20150913,1300,2533, ,CFS
SHA,H,76,INFLOW,20150913,1400,1294, ,CFS
SHA,H,76,INFLOW,20150913,1500,79, ,CFS
SHA,H,76,INFLOW,20150913,1600,2477, ,CFS
SHA,H,76,INFLOW,20150913,1700,577, ,CFS
SHA,H,76,INFLOW,20150913,1800,1111, ,CFS
SHA,H,76,INFLOW,20150913,1900,4400, ,CFS
SHA,H,76,INFLOW,20150913,2000,-489, ,CFS
SHA,H,76,INFLOW,20150913,2100,2503, ,CFS
SHA,H,76,INFLOW,20150913,2200,3612, ,CFS
SHA,H,76,INFLOW,20150913,2300,-68, ,CFS
SHA,H,76,INFLOW,20150914,0000,3449, ,CFS
SHA,H,76,INFLOW,20150914,0100,9929, ,CFS
SHA,H,76,INFLOW,20150914,0200,3576, ,CFS
SHA,H,76,INFLOW,20150914,0300,1358, ,CFS
SHA,H,76,INFLOW,20150914,0400,1444, ,CFS
SHA,H,76,INFLOW,20150914,0500,1289, ,CFS
SHA,H,76,INFLOW,20150914,0600,-529, ,CFS
SHA,H,76,INFLOW,20150914,0700,1566, ,CFS
SHA,H,76,INFLOW,20150914,0800,-687, ,CFS
SHA,H,76,INFLOW,20150914,0900,8693, ,CFS
SHA,H,76,INFLOW,20150914,1000,1179, ,CFS
SHA,H,76,INFLOW,20150914,1100,-995, ,CFS
SHA,H,76,INFLOW,20150914,1200,4406, ,CFS
SHA,H,76,INFLOW,20150914,1300,1514, ,CFS
SHA,H,76,INFLOW,20150914,1400,5818, ,CFS
SHA,H,76,INFLOW,20150914,1500,9180, ,CFS
SHA,H,76,INFLOW,20150914,1600,1970, ,CFS
SHA,H,76,INFLOW,20150914,1700,-500, ,CFS
SHA,H,76,INFLOW,20150914,1800,3631, ,CFS
SHA,H,76,INFLOW,20150914,1900,2045, ,CFS
SHA,H,76,INFLOW,20150914,2000,-367, ,CFS
SHA,H,76,INFLOW,20150914,2100,3866, ,CFS
SHA,H,76,INFLOW,20150914,2200,-734, ,CFS
SHA,H,76,INFLOW,20150914,2300,4217, ,CFS
SHA,H,76,INFLOW,20150915,0000,9076, ,CFS
SHA,H,76,INFLOW,20150915,0100,-621, ,CFS
SHA,H,76,INFLOW,20150915,0200,-1659, ,CFS
SHA,H,76,INFLOW,20150915,0300,1989, ,CFS
SHA,H,76,INFLOW,20150915,0400,1987, ,CFS
SHA,H,76,INFLOW,20150915,0500,204, ,CFS
SHA,H,76,INFLOW,20150915,0600,2626, ,CFS
SHA,H,76,INFLOW,20150915,0700,921, ,CFS
SHA,H,76,INFLOW,20150915,0800,677, ,CFS
SHA,H,76,INFLOW,20150915,0900,1842, ,CFS
SHA,H,76,INFLOW,20150915,1000,999, ,CFS
SHA,H,76,INFLOW,20150915,1100,3507, ,CFS
SHA,H,76,INFLOW,20150915,1200,729, ,CFS
SHA,H,76,INFLOW,20150915,1300,717, ,CFS
SHA,H,76,INFLOW,20150915,1400,-443, ,CFS
SHA,H,76,INFLOW,20150915,1500,1967, ,CFS
SHA,H,76,INFLOW,20150915,1600,1258, ,CFS
SHA,H,76,INFLOW,20150915,1700,1101, ,CFS
SHA,H,76,INFLOW,20150915,1800,-121, ,CFS
SHA,H,76,INFLOW,20150915,1900,3237, ,CFS
SHA,H,76,INFLOW,20150915,2000,1532, ,CFS
SHA,H,76,INFLOW,20150915,2100,942, ,CFS
SHA,H,76,INFLOW,20150915,2200,3179, ,CFS
SHA,H,76,INFLOW,20150915,2300,3449, ,CFS
SHA,H,76,INFLOW,20150916,0000,-3128, ,CFS
SHA,H,76,INFLOW,20150916,0100,8937, ,CFS
SHA,H,76,INFLOW,20150916,0200,3590, ,CFS
SHA,H,76,INFLOW,20150916,0300,-2220, ,CFS
SHA,H,76,INFLOW,20150916,0400,5344, ,CFS
SHA,H,76,INFLOW,20150916,0500,-282, ,CFS
SHA,H,76,INFLOW,20150916,0600,-630, ,CFS
SHA,H,76,INFLOW,20150916,0700,4207, ,CFS
SHA,H,76,INFLOW,20150916,0800,-41, ,CFS
SHA,H,76,INFLOW,20150916,0900,-466, ,CFS
SHA,H,76,INFLOW,20150916,1000,3318, ,CFS
SHA,H,76,INFLOW,20150916,1100,1403, ,CFS
SHA,H,76,INFLOW,20150916,1200,-2060, ,CFS
SHA,H,76,INFLOW,20150916,1300,---, ,CFS
SHA,H,76,INFLOW,20150916,1400,2463, ,CFS
SHA,H,76,INFLOW,20150916,1500,-7293, ,CFS
SHA,H,76,INFLOW,20150916,1600,5731, ,CFS
SHA,H,76,INFLOW,20150916,1700,4007, ,CFS
SHA,H,76,INFLOW,20150916,1800,-4007, ,CFS
SHA,H,76,INFLOW,20150916,1900,5229, ,CFS
SHA,H,76,INFLOW,20150916,2000,1428, ,CFS
SHA,H,76,INFLOW,20150916,2100,4877, ,CFS
SHA,H,76,INFLOW,20150916,2200,1689, ,CFS
SHA,H,76,INFLOW,20150916,2300,5423, ,CFS
SHA,H,76,INFLOW,20150917,0000,290, ,CFS
SHA,H,76,INFLOW,20150917,0100,4286, ,CFS
SHA,H,76,INFLOW,20150917,0200,3385, ,CFS
SHA,H,76,INFLOW,20150917,0300,-530, ,CFS
SHA,H,76,INFLOW,20150917,0400,3204, ,CFS
SHA,H,76,INFLOW,20150917,0500,1482, ,CFS
SHA,H,76,INFLOW,20150917,0600,556, ,CFS
SHA,H,76,INFLOW,20150917,0700,1854, ,CFS
SHA,H,76,INFLOW,20150917,0800,2037, ,CFS
SHA,H,76,INFLOW,20150917,0900,290, ,CFS
SHA,H,76,INFLOW,20150917,1000,4387, ,CFS
SHA,H,76,INFLOW,20150917,1100,736, ,CFS
SHA,H,76,INFLOW,20150917,1200,1612, ,CFS
SHA,H,76,INFLOW,20150917,1300,3385, ,CFS
SHA,H,76,INFLOW,20150917,1400,204, ,CFS
SHA,H,76,INFLOW,20150917,1500,1227, ,CFS
SHA,H,76,INFLOW,20150917,1600,4802, ,CFS
SHA,H,76,INFLOW,20150917,1700,836, ,CFS
SHA,H,76,INFLOW,20150917,1800,1216, ,CFS
SHA,H,76,INFLOW,20150917,1900,1336, ,CFS
SHA,H,76,INFLOW,20150917,2000,-452, ,CFS
SHA,H,76,INFLOW,20150917,2100,4364, ,CFS
SHA,H,76,INFLOW,20150917,2200,-800, ,CFS
SHA,H,76,INFLOW,20150917,2300,3230, ,CFS
SHA,H,76,INFLOW,20150918,0000,757, ,CFS
SHA,H,76,INFLOW,20150918,0100,1415, ,CFS
SHA,H,76,INFLOW,20150918,0200,478, ,CFS
SHA,H,76,INFLOW,20150918,0300,1725, ,CFS
SHA,H,76,INFLOW,20150918,0400,1489, ,CFS
SHA,H,76,INFLOW,20150918,0500,-272, ,CFS
SHA,H,76,INFLOW,20150918,0600,2175, ,CFS
SHA,H,76,INFLOW,20150918,0700,2016, ,CFS
SHA,H,76,INFLOW,20150918,0800,2381, ,CFS
SHA,H,76,INFLOW,20150918,0900,1626, ,CFS
SHA,H,76,INFLOW,20150918,1000,2683, ,CFS
SHA,H,76,INFLOW,20150918,1100,4855, ,CFS
SHA,H,76,INFLOW,20150918,1200,-1557, ,CFS
SHA,H,76,INFLOW,20150918,1300,2793, ,CFS
SHA,H,76,INFLOW,20150918,1400,1511, ,CFS
SHA,H,76,INFLOW,20150918,1500,649, ,CFS
SHA,H,76,INFLOW,20150918,1600,9239, ,CFS
SHA,H,76,INFLOW,20150918,1700,2918, ,CFS
SHA,H,76,INFLOW,20150918,1800,-283, ,CFS
SHA,H,76,INFLOW,20150918,1900,2873, ,CFS
SHA,H,76,INFLOW,20150918,2000,2791, ,CFS
SHA,H,76,INFLOW,20150918,2100,2572, ,CFS
SHA,H,76,INFLOW,20150918,2200,3547, ,CFS
SHA,H,76,INFLOW,20150918,2300,7000, ,CFS
SHA,H,76,INFLOW,20150919,0000,-2523, ,CFS
SHA,H,76,INFLOW,20150919,0100,5145, ,CFS
SHA,H,76,INFLOW,20150919,0200,4714, ,CFS
SHA,H,76,INFLOW,20150919,0300,-2920, ,CFS
SHA,H,76,INFLOW,20150919,0400,5867, ,CFS
SHA,H,76,INFLOW,20150919,0500,2162, ,CFS
SHA,H,76,INFLOW,20150919,0600,-3088, ,CFS
SHA,H,76,INFLOW,20150919,0700,3427, ,CFS
SHA,H,76,INFLOW,20150919,0800,813, ,CFS
SHA,H,76,INFLOW,20150919,0900,-1955, ,CFS
SHA,H,76,INFLOW,20150919,1000,2875, ,CFS
SHA,H,76,INFLOW,20150919,1100,-436, ,CFS
SHA,H,76,INFLOW,20150919,1200,-1652, ,CFS
SHA,H,76,INFLOW,20150919,1300,2699, ,CFS
SHA,H,76,INFLOW,20150919,1400,370, ,CFS
SHA,H,76,INFLOW,20150919,1500,6749, ,CFS
SHA,H,76,INFLOW,20150919,1600,9425, ,CFS
SHA,H,76,INFLOW,20150919,1700,1883, ,CFS
SHA,H,76,INFLOW,20150919,1800,5498, ,CFS
SHA,H,76,INFLOW,20150919,1900,2864, ,CFS
SHA,H,76,INFLOW,20150919,2000,8356, ,CFS
SHA,H,76,INFLOW,20150919,2100,9999, ,CFS
SHA,H,76,INFLOW,20150919,2200,3690, ,CFS
SHA,H,76,INFLOW,20150919,2300,4364, ,CFS
SHA,H,76,INFLOW,20150920,0000,2043, ,CFS
SHA,H,76,INFLOW,20150920,0100,1205, ,CFS
SHA,H,76,INFLOW,20150920,0200,4697, ,CFS
SHA,H,76,INFLOW,20150920,0300,2210, ,CFS
SHA,H,76,INFLOW,20150920,0400,82, ,CFS
SHA,H,76,INFLOW,20150920,0500,4107, ,CFS
SHA,H,76,INFLOW,20150920,0600,220, ,CFS
SHA,H,76,INFLOW,20150920,0700,1213, ,CFS
SHA,H,76,INFLOW,20150920,0800,2049, ,CFS
SHA,H,76,INFLOW,20150920,0900,468, ,CFS
SHA,H,76,INFLOW,20150920,1000,1578, ,CFS
SHA,H,76,INFLOW,20150920,1100,1990, ,CFS
SHA,H,76,INFLOW,20150920,1200,751, ,CFS
SHA,H,76,INFLOW,20150920,1300,-273, ,CFS
SHA,H,76,INFLOW,20150920,1400,3127, ,CFS
SHA,H,76,INFLOW,20150920,1500,2224, ,CFS
SHA,H,76,INFLOW,20150920,1600,-255, ,CFS
SHA,H,76,INFLOW,20150920,1700,1939, ,CFS
SHA,H,76,INFLOW,20150920,1800,2401, ,CFS
SHA,H,76,INFLOW,20150920,1900,2302, ,CFS
SHA,H,76,INFLOW,20150920,2000,8068, ,CFS
SHA,H,76,INFLOW,20150920,2100,6016, ,CFS
SHA,H,76,INFLOW,20150920,2200,9701, ,CFS
SHA,H,76,INFLOW,20150920,2300,8244, ,CFS
SHA,H,76,INFLOW,20150921,0000,3906, ,CFS
SHA,H,76,INFLOW,20150921,0100,5155, ,CFS
SHA,H,76,INFLOW,20150921,0200,4453, ,CFS
SHA,H,76,INFLOW,20150921,0300,3774, ,CFS
SHA,H,76,INFLOW,20150921,0400,-104, ,CFS
SHA,H,76,INFLOW,20150921,0500,2026, ,CFS
SHA,H,76,INFLOW,20150921,0600,3930, ,CFS
SHA,H,76,INFLOW,20150921,0700,-683, ,CFS
SHA,H,76,INFLOW,20150921,0800,2183, ,CFS
SHA,H,76,INFLOW,20150921,0900,185, ,CFS
SHA,H,76,INFLOW,20150921,1000,2126, ,CFS
SHA,H,76,INFLOW,20150921,1100,1112, ,CFS
SHA,H,76,INFLOW,20150921,1200,232, ,CFS
SHA,H,76,INFLOW,20150921,1300,6315, ,CFS
SHA,H,76,INFLOW,20150921,1400,5867, ,CFS
SHA,H,76,INFLOW,20150921,1500,5375, ,CFS
SHA,H,76,INFLOW,20150921,1600,2679, ,CFS
SHA,H,76,INFLOW,20150921,1700,1318, ,CFS
SHA,H,76,INFLOW,20150921,1800,3271, ,CFS
SHA,H,76,INFLOW,20150921,1900,365, ,CFS
SHA,H,76,INFLOW,20150921,2000,1980, ,CFS
SHA,H,76,INFLOW,20150921,2100,12302, ,CFS
SHA,H,76,INFLOW,20150921,2200,5368, ,CFS
SHA,H,76,INFLOW,20150921,2300,4210, ,CFS
SHA,H,76,INFLOW,20150922,0000,8572, ,CFS
SHA,H,76,INFLOW,20150922,0100,2134, ,CFS
SHA,H,76,INFLOW,20150922,0200,-386, ,CFS
SHA,H,76,INFLOW,20150922,0300,2934, ,CFS
SHA,H,76,INFLOW,20150922,0400,1152, ,CFS
SHA,H,76,INFLOW,20150922,0500,-595, ,CFS
SHA,H,76,INFLOW,20150922,0600,3395, ,CFS
SHA,H,76,INFLOW,20150922,0700,1676, ,CFS
SHA,H,76,INFLOW,20150922,0800,-1230, ,CFS
SHA,H,76,INFLOW,20150922,0900,6540, ,CFS
SHA,H,76,INFLOW,20150922,1000,2864, ,CFS
SHA,H,76,INFLOW,20150922,1100,2638, ,CFS
SHA,H,76,INFLOW,20150922,1200,60, ,CFS
SHA,H,76,INFLOW,20150922,1300,612, ,CFS
SHA,H,76,INFLOW,20150922,1400,2416, ,CFS
SHA,H,76,INFLOW,20150922,1500,-1297, ,CFS
SHA,H,76,INFLOW,20150922,1600,1608, ,CFS
SHA,H,76,INFLOW,20150922,1700,2756, ,CFS
SHA,H,76,INFLOW,20150922,1800,619, ,CFS
SHA,H,76,INFLOW,20150922,1900,1465, ,CFS
SHA,H,76,INFLOW,20150922,2000,9180, ,CFS
SHA,H,76,INFLOW,20150922,2100,6256, ,CFS
SHA,H,76,INFLOW,20150922,2200,1279, ,CFS
SHA,H,76,INFLOW,20150922,2300,12735, ,CFS
SHA,H,76,INFLOW,20150923,0000,1924, ,CFS
SHA,H,76,INFLOW,20150923,0100,2649, ,CFS
SHA,H,76,INFLOW,20150923,0200,2207, ,CFS
SHA,H,76,INFLOW,20150923,0300,2031, ,CFS
SHA,H,76,INFLOW,20150923,0400,-291, ,CFS
SHA,H,76,INFLOW,20150923,0500,1829, ,CFS
SHA,H,76,INFLOW,20150923,0600,2028, ,CFS
SHA,H,76,INFLOW,20150923,0700,-69, ,CFS
SHA,H,76,INFLOW,20150923,0800,1678, ,CFS
SHA,H,76,INFLOW,20150923,0900,6332, ,CFS
SHA,H,76,INFLOW,20150923,1000,3519, ,CFS
SHA,H,76,INFLOW,20150923,1100,4135, ,CFS
SHA,H,76,INFLOW,20150923,1200,869, ,CFS
SHA,H,76,INFLOW,20150923,1300,2536, ,CFS
SHA,H,76,INFLOW,20150923,1400,4546, ,CFS
SHA,H,76,INFLOW,20150923,1500,799, ,CFS
SHA,H,76,INFLOW,20150923,1600,4957, ,CFS
SHA,H,76,INFLOW,20150923,1700,1255, ,CFS
SHA,H,76,INFLOW,20150923,1800,-82, ,CFS
SHA,H,76,INFLOW,20150923,1900,2922, ,CFS
SHA,H,76,INFLOW,20150923,2000,1812, ,CFS
SHA,H,76,INFLOW,20150923,2100,2487, ,CFS
SHA,H,76,INFLOW,20150923,2200,3293, ,CFS
SHA,H,76,INFLOW,20150923,2300,9165, ,CFS
SHA,H,76,INFLOW,20150924,0000,6078, ,CFS
SHA,H,76,INFLOW,20150924,0100,4588, ,CFS
SHA,H,76,INFLOW,20150924,0200,3909, ,CFS
SHA,H,76,INFLOW,20150924,0300,124, ,CFS
SHA,H,76,INFLOW,20150924,0400,1606, ,CFS
SHA,H,76,INFLOW,20150924,0500,1844, ,CFS
SHA,H,76,INFLOW,20150924,0600,232, ,CFS
SHA,H,76,INFLOW,20150924,0700,3310, ,CFS
SHA,H,76,INFLOW,20150924,0800,-3362, ,CFS
SHA,H,76,INFLOW,20150924,0900,6040, ,CFS
SHA,H,76,INFLOW,20150924,1000,-730, ,CFS
SHA,H,76,INFLOW,20150924,1100,6778, ,CFS
SHA,H,76,INFLOW,20150924,1200,-914, ,CFS
SHA,H,76,INFLOW,20150924,1300,2243, ,CFS
SHA,H,76,INFLOW,20150924,1400,355, ,CFS
SHA,H,76,INFLOW,20150924,1500,3663, ,CFS
SHA,H,76,INFLOW,20150924,1600,-1707, ,CFS
SHA,H,76,INFLOW,20150924,1700,4319, ,CFS
SHA,H,76,INFLOW,20150924,1800,-429, ,CFS
SHA,H,76,INFLOW,20150924,1900,1535, ,CFS
SHA,H,76,INFLOW,20150924,2000,5537, ,CFS
SHA,H,76,INFLOW,20150924,2100,5619, ,CFS
SHA,H,76,INFLOW,20150924,2200,4362, ,CFS
SHA,H,76,INFLOW,20150924,2300,12136, ,CFS
SHA,H,76,INFLOW,20150925,0000,4139, ,CFS
SHA,H,76,INFLOW,20150925,0100,7503, ,CFS
SHA,H,76,INFLOW,20150925,0200,5930, ,CFS
SHA,H,76,INFLOW,20150925,0300,385, ,CFS
SHA,H,76,INFLOW,20150925,0400,486, ,CFS
SHA,H,76,INFLOW,20150925,0500,2546, ,CFS
SHA,H,76,INFLOW,20150925,0600,-1075, ,CFS
SHA,H,76,INFLOW,20150925,0700,2182, ,CFS
SHA,H,76,INFLOW,20150925,0800,2226, ,CFS
SHA,H,76,INFLOW,20150925,0900,-1408, ,CFS
SHA,H,76,INFLOW,20150925,1000,667, ,CFS
SHA,H,76,INFLOW,20150925,1100,3173, ,CFS
SHA,H,76,INFLOW,20150925,1200,-3398, ,CFS
SHA,H,76,INFLOW,20150925,1300,4262, ,CFS
SHA,H,76,INFLOW,20150925,1400,119, ,CFS
SHA,H,76,INFLOW,20150925,1500,2553, ,CFS
SHA,H,76,INFLOW,20150925,1600,10140, ,CFS
SHA,H,76,INFLOW,20150925,1700,5850, ,CFS
SHA,H,76,INFLOW,20150925,1800,4025, ,CFS
SHA,H,76,INFLOW,20150925,1900,11280, ,CFS
SHA,H,76,INFLOW,20150925,2000,7473, ,CFS
SHA,H,76,INFLOW,20150925,2100,5798, ,CFS
SHA,H,76,INFLOW,20150925,2200,6633, ,CFS
SHA,H,76,INFLOW,20150925,2300,3608, ,CFS
SHA,H,76,INFLOW,20150926,0000,-1779, ,CFS
SHA,H,76,INFLOW,20150926,0100,6801, ,CFS
SHA,H,76,INFLOW,20150926,0200,444, ,CFS
SHA,H,76,INFLOW,20150926,0300,-491, ,CFS
SHA,H,76,INFLOW,20150926,0400,3157, ,CFS
SHA,H,76,INFLOW,20150926,0500,-601, ,CFS
SHA,H,76,INFLOW,20150926,0600,591, ,CFS
SHA,H,76,INFLOW,20150926,0700,2488, ,CFS
SHA,H,76,INFLOW,20150926,0800,689, ,CFS
SHA,H,76,INFLOW,20150926,0900,939, ,CFS
SHA,H,76,INFLOW,20150926,1000,1226, ,CFS
SHA,H,76,INFLOW,20150926,1100,619, ,CFS
SHA,H,76,INFLOW,20150926,1200,474, ,CFS
SHA,H,76,INFLOW,20150926,1300,2867, ,CFS
SHA,H,76,INFLOW,20150926,1400,-425, ,CFS
SHA,H,76,INFLOW,20150926,1500,6902, ,CFS
SHA,H,76,INFLOW,20150926,1600,6099, ,CFS
SHA,H,76,INFLOW,20150926,1700,6357, ,CFS
SHA,H,76,INFLOW,20150926,1800,2169, ,CFS
SHA,H,76,INFLOW,20150926,1900,797, ,CFS
SHA,H,76,INFLOW,20150926,2000,8208, ,CFS
SHA,H,76,INFLOW,20150926,2100,7979, ,CFS
SHA,H,76,INFLOW,20150926,2200,8996, ,CFS
SHA,H,76,INFLOW,20150926,2300,4805, ,CFS
SHA,H,76,INFLOW,20150927,0000,5017, ,CFS
SHA,H,76,INFLOW,20150927,0100,3605, ,CFS
SHA,H,76,INFLOW,20150927,0200,731, ,CFS
SHA,H,76,INFLOW,20150927,0300,2310, ,CFS
SHA,H,76,INFLOW,20150927,0400,458, ,CFS
SHA,H,76,INFLOW,20150927,0500,2312, ,CFS
SHA,H,76,INFLOW,20150927,0600,505, ,CFS
SHA,H,76,INFLOW,20150927,0700,23, ,CFS
SHA,H,76,INFLOW,20150927,0800,2020, ,CFS
SHA,H,76,INFLOW,20150927,0900,2277, ,CFS
SHA,H,76,INFLOW,20150927,1000,-315, ,CFS
SHA,H,76,INFLOW,20150927,1100,-338, ,CFS
SHA,H,76,INFLOW,20150927,1200,753, ,CFS
SHA,H,76,INFLOW,20150927,1300,1249, ,CFS
SHA,H,76,INFLOW,20150927,1400,-569, ,CFS
SHA,H,76,INFLOW,20150927,1500,4478, ,CFS
SHA,H,76,INFLOW,20150927,1600,-2322, ,CFS
SHA,H,76,INFLOW,20150927,1700,3192, ,CFS
SHA,H,76,INFLOW,20150927,1800,1619, ,CFS
SHA,H,76,INFLOW,20150927,1900,-309, ,CFS
SHA,H,76,INFLOW,20150927,2000,10310, ,CFS
SHA,H,76,INFLOW,20150927,2100,6368, ,CFS
SHA,H,76,INFLOW,20150927,2200,4943, ,CFS
SHA,H,76,INFLOW,20150927,2300,4571, ,CFS
SHA,H,76,INFLOW,20150928,0000,-2256, ,CFS
SHA,H,76,INFLOW,20150928,0100,5108, ,CFS
SHA,H,76,INFLOW,20150928,0200,2007, ,CFS
SHA,H,76,INFLOW,20150928,0300,-102, ,CFS
SHA,H,76,INFLOW,20150928,0400,3434, ,CFS
SHA,H,76,INFLOW,20150928,0500,202, ,CFS
SHA,H,76,INFLOW,20150928,0600,-1345, ,CFS
SHA,H,76,INFLOW,20150928,0700,2559, ,CFS
SHA,H,76,INFLOW,20150928,0800,60, ,CFS
SHA,H,76,INFLOW,20150928,0900,-269, ,CFS
SHA,H,76,INFLOW,20150928,1000,1745, ,CFS
SHA,H,76,INFLOW,20150928,1100,-812, ,CFS
SHA,H,76,INFLOW,20150928,1200,1620, ,CFS
SHA,H,76,INFLOW,20150928,1300,1076, ,CFS
SHA,H,76,INFLOW,20150928,1400,2619, ,CFS
SHA,H,76,INFLOW,20150928,1500,1593, ,CFS
SHA,H,76,INFLOW,20150928,1600,2102, ,CFS
SHA,H,76,INFLOW,20150928,1700,-67, ,CFS
SHA,H,76,INFLOW,20150928,1800,802, ,CFS
SHA,H,76,INFLOW,20150928,1900,3615, ,CFS
SHA,H,76,INFLOW,20150928,2000,594, ,CFS
SHA,H,76,INFLOW,20150928,2100,1604, ,CFS
SHA,H,76,INFLOW,20150928,2200,7935, ,CFS
SHA,H,76,INFLOW,20150928,2300,9149, ,CFS
SHA,H,76,INFLOW,20150929,0000,3273, ,CFS
SHA,H,76,INFLOW,20150929,0100,8917, ,CFS
SHA,H,76,INFLOW,20150929,0200,2287, ,CFS
SHA,H,76,INFLOW,20150929,0300,3882, ,CFS
SHA,H,76,INFLOW,20150929,0400,2001, ,CFS
SHA,H,76,INFLOW,20150929,0500,339, ,CFS
SHA,H,76,INFLOW,20150929,0600,1020, ,CFS
SHA,H,76,INFLOW,20150929,0700,438, ,CFS
SHA,H,76,INFLOW,20150929,0800,278, ,CFS
SHA,H,76,INFLOW,20150929,0900,1569, ,CFS
SHA,H,76,INFLOW,20150929,1000,-1176, ,CFS
SHA,H,76,INFLOW,20150929,1100,1244, ,CFS
SHA,H,76,INFLOW,20150929,1200,1099, ,CFS
SHA,H,76,INFLOW,20150929,1300,1434, ,CFS
SHA,H,76,INFLOW,20150929,1400,2190, ,CFS
SHA,H,76,INFLOW,20150929,1500,614, ,CFS
SHA,H,76,INFLOW,20150929,1600,865, ,CFS
SHA,H,76,INFLOW,20150929,1700,1991, ,CFS
SHA,H,76,INFLOW,20150929,1800,1692, ,CFS
SHA,H,76,INFLOW,20150929,1900,10805, ,CFS
SHA,H,76,INFLOW,20150929,2000,4657, ,CFS
SHA,H,76,INFLOW,20150929,2100,6642, ,CFS
SHA,H,76,INFLOW,20150929,2200,8058, ,CFS
SHA,H,76,INFLOW,20150929,2300,4013, ,CFS
SHA,H,76,INFLOW,20150930,0000,-1208, ,CFS
SHA,H,76,INFLOW,20150930,0100,4675, ,CFS
SHA,H,76,INFLOW,20150930,0200,1836, ,CFS
SHA,H,76,INFLOW,20150930,0300,39, ,CFS
SHA,H,76,INFLOW,20150930,0400,3240, ,CFS
SHA,H,76,INFLOW,20150930,0500,-304, ,CFS
SHA,H,76,INFLOW,20150930,0600,908, ,CFS
SHA,H,76,INFLOW,20150930,0700,2989, ,CFS
SHA,H,76,INFLOW,20150930,0800,1008, ,CFS
SHA,H,76,INFLOW,20150930,0900,-39, ,CFS
SHA,H,76,INFLOW,20150930,1000,1540, ,CFS
SHA,H,76,INFLOW,20150930,1100,742, ,CFS
SHA,H,76,INFLOW,20150930,1200,621, ,CFS
SHA,H,76,INFLOW,20150930,1300,1847, ,CFS
SHA,H,76,INFLOW,20150930,1400,-22, ,CFS
SHA,H,76,INFLOW,20150930,1500,-358, ,CFS
SHA,H,76,INFLOW,20150930,1600,5396, ,CFS
SHA,H,76,INFLOW,20150930,1700,-1150, ,CFS
SHA,H,76,INFLOW,20150930,1800,1012, ,CFS
SHA,H,76,INFLOW,20150930,1900,1054, ,CFS
SHA,H,76,INFLOW,20150930,2000,10113, ,CFS
SHA,H,76,INFLOW,20150930,2100,7579, ,CFS
SHA,H,76,INFLOW,20150930,2200,4424, ,CFS
SHA,H,76,INFLOW,20150930,2300,8652, ,CFS
SHA,H,76,INFLOW,20151001,0000,2258, ,CFS
SHA,H,76,INFLOW,20151001,0100,-1038, ,CFS
SHA,H,76,INFLOW,20151001,0200,5783, ,CFS
SHA,H,76,INFLOW,20151001,0300,2175, ,CFS
SHA,H,76,INFLOW,20151001,0400,-1501, ,CFS
SHA,H,76,INFLOW,20151001,0500,2298, ,CFS
SHA,H,76,INFLOW,20151001,0600,429, ,CFS
SHA,H,76,INFLOW,20151001,0700,-739, ,CFS
SHA,H,76,INFLOW,20151001,0800,3278, ,CFS
SHA,H,76,INFLOW,20151001,0900,942, ,CFS
SHA,H,76,INFLOW,20151001,1000,867, ,CFS
SHA,H,76,INFLOW,20151001,1100,949, ,CFS
SHA,H,76,INFLOW,20151001,1200,4728, ,CFS
SHA,H,76,INFLOW,20151001,1300,-4118, ,CFS
SHA,H,76,INFLOW,20151001,1400,6367, ,CFS
SHA,H,76,INFLOW,20151001,1500,-2250, ,CFS
SHA,H,76,INFLOW,20151001,1600,709, ,CFS
SHA,H,76,INFLOW,20151001,1700,1289, ,CFS
SHA,H,76,INFLOW,20151001,1800,1013, ,CFS
SHA,H,76,INFLOW,20151001,1900,1280, ,CFS
SHA,H,76,INFLOW,20151001,2000,10852, ,CFS
SHA,H,76,INFLOW,20151001,2100,2682, ,CFS
SHA,H,76,INFLOW,20151001,2200,5014, ,CFS
SHA,H,76,INFLOW,20151001,2300,8128, ,CFS
SHA,H,76,INFLOW,20151002,0000,122, ,CFS
SHA,H,76,INFLOW,20151002,0100,752, ,CFS
SHA,H,76,INFLOW,20151002,0200,5837, ,CFS
SHA,H,76,INFLOW,20151002,0300,-1523, ,CFS
SHA,H,76,INFLOW,20151002,0400,373, ,CFS
SHA,H,76,INFLOW,20151002,0500,4221, ,CFS
SHA,H,76,INFLOW,20151002,0600,163, ,CFS
SHA,H,76,INFLOW,20151002,0700,-516, ,CFS
SHA,H,76,INFLOW,20151002,0800,2344, ,CFS
SHA,H,76,INFLOW,20151002,0900,60, ,CFS
SHA,H,76,INFLOW,20151002,1000,2054, ,CFS
SHA,H,76,INFLOW,20151002,1100,-849, ,CFS
SHA,H,76,INFLOW,20151002,1200,2361, ,CFS
SHA,H,76,INFLOW,20151002,1300,166, ,CFS
SHA,H,76,INFLOW,20151002,1400,1886, ,CFS
SHA,H,76,INFLOW,20151002,1500,2124, ,CFS
SHA,H,76,INFLOW,20151002,1600,912, ,CFS
SHA,H,76,INFLOW,20151002,1700,4075, ,CFS
SHA,H,76,INFLOW,20151002,1800,183, ,CFS
SHA,H,76,INFLOW,20151002,1900,491, ,CFS
SHA,H,76,INFLOW,20151002,2000,8724, ,CFS
SHA,H,76,INFLOW,20151002,2100,1319, ,CFS
SHA,H,76,INFLOW,20151002,2200,999, ,CFS
SHA,H,76,INFLOW,20151002,2300,10751, ,CFS
SHA,H,76,INFLOW,20151003,0000,3180, ,CFS
SHA,H,76,INFLOW,20151003,0100,-1322, ,CFS
SHA,H,76,INFLOW,20151003,0200,3719, ,CFS
SHA,H,76,INFLOW,20151003,0300,468, ,CFS
SHA,H,76,INFLOW,20151003,0400,178, ,CFS
SHA,H,76,INFLOW,20151003,0500,5609, ,CFS
SHA,H,76,INFLOW,20151003,0600,-2299, ,CFS
SHA,H,76,INFLOW,20151003,0700,289, ,CFS
SHA,H,76,INFLOW,20151003,0800,911, ,CFS
SHA,H,76,INFLOW,20151003,0900,872, ,CFS
SHA,H,76,INFLOW,20151003,1000,2479, ,CFS
SHA,H,76,INFLOW,20151003,1100,823, ,CFS
SHA,H,76,INFLOW,20151003,1200,6, ,CFS
SHA,H,76,INFLOW,20151003,1300,3756, ,CFS
SHA,H,76,INFLOW,20151003,1400,-2265, ,CFS
SHA,H,76,INFLOW,20151003,1500,1819, ,CFS
SHA,H,76,INFLOW,20151003,1600,2007, ,CFS
SHA,H,76,INFLOW,20151003,1700,-3358, ,CFS
SHA,H,76,INFLOW,20151003,1800,2096, ,CFS
SHA,H,76,INFLOW,20151003,1900,-1236, ,CFS
SHA,H,76,INFLOW,20151003,2000,2975, ,CFS
SHA,H,76,INFLOW,20151003,2100,-1280, ,CFS
SHA,H,76,INFLOW,20151003,2200,1370, ,CFS
SHA,H,76,INFLOW,20151003,2300,987, ,CFS
SHA,H,76,INFLOW,20151004,0000,2335, ,CFS
SHA,H,76,INFLOW,20151004,0100,2910, ,CFS
SHA,H,76,INFLOW,20151004,0200,2845, ,CFS
SHA,H,76,INFLOW,20151004,0300,-2148, ,CFS
SHA,H,76,INFLOW,20151004,0400,2528, ,CFS
SHA,H,76,INFLOW,20151004,0500,-1053, ,CFS
SHA,H,76,INFLOW,20151004,0600,4588, ,CFS
SHA,H,76,INFLOW,20151004,0700,681, ,CFS
SHA,H,76,INFLOW,20151004,0800,1529, ,CFS
SHA,H,76,INFLOW,20151004,0900,-2052, ,CFS
SHA,H,76,INFLOW,20151004,1000,1713, ,CFS
SHA,H,76,INFLOW,20151004,1100,-4, ,CFS
SHA,H,76,INFLOW,20151004,1200,1615, ,CFS
SHA,H,76,INFLOW,20151004,1300,-116, ,CFS
SHA,H,76,INFLOW,20151004,1400,658, ,CFS
SHA,H,76,INFLOW,20151004,1500,-2755, ,CFS
SHA,H,76,INFLOW,20151004,1600,857, ,CFS
SHA,H,76,INFLOW,20151004,1700,1210, ,CFS
SHA,H,76,INFLOW,20151004,1800,906, ,CFS
SHA,H,76,INFLOW,20151004,1900,8661, ,CFS
SHA,H,76,INFLOW,20151004,2000,1882, ,CFS
SHA,H,76,INFLOW,20151004,2100,-478, ,CFS
SHA,H,76,INFLOW,20151004,2200,4413, ,CFS
SHA,H,76,INFLOW,20151004,2300,1155, ,CFS
SHA,H,76,INFLOW,20151005,0000,5637, ,CFS
SHA,H,76,INFLOW,20151005,0100,3255, ,CFS
SHA,H,76,INFLOW,20151005,0200,-2499, ,CFS
SHA,H,76,INFLOW,20151005,0300,4473, ,CFS
SHA,H,76,INFLOW,20151005,0400,-904, ,CFS
SHA,H,76,INFLOW,20151005,0500,100, ,CFS
SHA,H,76,INFLOW,20151005,0600,4532, ,CFS
SHA,H,76,INFLOW,20151005,0700,-2045, ,CFS
SHA,H,76,INFLOW,20151005,0800,1077, ,CFS
SHA,H,76,INFLOW,20151005,0900,1804, ,CFS
SHA,H,76,INFLOW,20151005,1000,-1104, ,CFS
SHA,H,76,INFLOW,20151005,1100,-521, ,CFS
SHA,H,76,INFLOW,20151005,1200,2226, ,CFS
SHA,H,76,INFLOW,20151005,1300,-431, ,CFS
SHA,H,76,INFLOW,20151005,1400,206, ,CFS
SHA,H,76,INFLOW,20151005,1500,3711, ,CFS
SHA,H,76,INFLOW,20151005,1600,-441, ,CFS
SHA,H,76,INFLOW,20151005,1700,191, ,CFS
SHA,H,76,INFLOW,20151005,1800,2020, ,CFS
SHA,H,76,INFLOW,20151005,1900,733, ,CFS
SHA,H,76,INFLOW,20151005,2000,2910, ,CFS
SHA,H,76,INFLOW,20151005,2100,8514, ,CFS
SHA,H,76,INFLOW,20151005,2200,6830, ,CFS
SHA,H,76,INFLOW,20151005,2300,546, ,CFS
SHA,H,76,INFLOW,20151006,0000,3695, ,CFS
SHA,H,76,INFLOW,20151006,0100,1159, ,CFS
SHA,H,76,INFLOW,20151006,0200,222, ,CFS
SHA,H,76,INFLOW,20151006,0300,1461, ,CFS
SHA,H,76,INFLOW,20151006,0400,1457, ,CFS
SHA,H,76,INFLOW,20151006,0500,-1632, ,CFS
SHA,H,76,INFLOW,20151006,0600,4136, ,CFS
SHA,H,76,INFLOW,20151006,0700,-208, ,CFS
SHA,H,76,INFLOW,20151006,0800,1265, ,CFS
SHA,H,76,INFLOW,20151006,0900,-538, ,CFS
SHA,H,76,INFLOW,20151006,1000,-230, ,CFS
SHA,H,76,INFLOW,20151006,1100,1709, ,CFS
SHA,H,76,INFLOW,20151006,1200,291, ,CFS
SHA,H,76,INFLOW,20151006,1300,2240, ,CFS
SHA,H,76,INFLOW,20151006,1400,-1101, ,CFS
SHA,H,76,INFLOW,20151006,1500,2852, ,CFS
SHA,H,76,INFLOW,20151006,1600,2068, ,CFS
SHA,H,76,INFLOW,20151006,1700,2197, ,CFS
SHA,H,76,INFLOW,20151006,1800,3030, ,CFS
SHA,H,76,INFLOW,20151006,1900,1267, ,CFS
SHA,H,76,INFLOW,20151006,2000,6570, ,CFS
SHA,H,76,INFLOW,20151006,2100,5996, ,CFS
SHA,H,76,INFLOW,20151006,2200,7458, ,CFS
SHA,H,76,INFLOW,20151006,2300,2654, ,CFS
SHA,H,76,INFLOW,20151007,0000,2349, ,CFS
SHA,H,76,INFLOW,20151007,0100,2542, ,CFS
SHA,H,76,INFLOW,20151007,0200,322, ,CFS
SHA,H,76,INFLOW,20151007,0300,2003, ,CFS
SHA,H,76,INFLOW,20151007,0400,126, ,CFS
SHA,H,76,INFLOW,20151007,0500,308, ,CFS
SHA,H,76,INFLOW,20151007,0600,2255, ,CFS
SHA,H,76,INFLOW,20151007,0700,-1500, ,CFS
SHA,H,76,INFLOW,20151007,0800,2929, ,CFS
SHA,H,76,INFLOW,20151007,0900,-211, ,CFS
SHA,H,76,INFLOW,20151007,1000,2080, ,CFS
SHA,H,76,INFLOW,20151007,1100,2952, ,CFS
SHA,H,76,INFLOW,20151007,1200,-833, ,CFS
SHA,H,76,INFLOW,20151007,1300,1350, ,CFS
SHA,H,76,INFLOW,20151007,1400,40, ,CFS
SHA,H,76,INFLOW,20151007,1500,2373, ,CFS
SHA,H,76,INFLOW,20151007,1600,2376, ,CFS
SHA,H,76,INFLOW,20151007,1700,-613, ,CFS
SHA,H,76,INFLOW,20151007,1800,4447, ,CFS
SHA,H,76,INFLOW,20151007,1900,-1073, ,CFS
SHA,H,76,INFLOW,20151007,2000,11270, ,CFS
SHA,H,76,INFLOW,20151007,2100,5511, ,CFS
SHA,H,76,INFLOW,20151007,2200,6542, ,CFS
SHA,H,76,INFLOW,20151007,2300,6225, ,CFS
SHA,H,76,INFLOW,20151008,0000,4547, ,CFS
SHA,H,76,INFLOW,20151008,0100,-121, ,CFS
SHA,H,76,INFLOW,20151008,0200,2920, ,CFS
SHA,H,76,INFLOW,20151008,0300,2534, ,CFS
SHA,H,76,INFLOW,20151008,0400,-1211, ,CFS
SHA,H,76,INFLOW,20151008,0500,954, ,CFS
SHA,H,76,INFLOW,20151008,0600,2064, ,CFS
SHA,H,76,INFLOW,20151008,0700,-516, ,CFS
SHA,H,76,INFLOW,20151008,0800,3500, ,CFS
SHA,H,76,INFLOW,20151008,0900,1392, ,CFS
SHA,H,76,INFLOW,20151008,1000,-155, ,CFS
SHA,H,76,INFLOW,20151008,1100,1454, ,CFS
SHA,H,76,INFLOW,20151008,1200,3371, ,CFS
SHA,H,76,INFLOW,20151008,1300,-863, ,CFS
SHA,H,76,INFLOW,20151008,1400,-20, ,CFS
SHA,H,76,INFLOW,20151008,1500,3311, ,CFS
SHA,H,76,INFLOW,20151008,1600,-2198, ,CFS
SHA,H,76,INFLOW,20151008,1700,5298, ,CFS
SHA,H,76,INFLOW,20151008,1800,1672, ,CFS
SHA,H,76,INFLOW,20151008,1900,8762, ,CFS
SHA,H,76,INFLOW,20151008,2000,8395, ,CFS
SHA,H,76,INFLOW,20151008,2100,6019, ,CFS
SHA,H,76,INFLOW,20151008,2200,6446, ,CFS
SHA,H,76,INFLOW,20151008,2300,8136, ,CFS
SHA,H,76,INFLOW,20151009,0000,806, ,CFS
SHA,H,76,INFLOW,20151009,0100,295, ,CFS
SHA,H,76,INFLOW,20151009,0200,5291, ,CFS
SHA,H,76,INFLOW,20151009,0300,-314, ,CFS
SHA,H,76,INFLOW,20151009,0400,-420, ,CFS
SHA,H,76,INFLOW,20151009,0500,3185, ,CFS
SHA,H,76,INFLOW,20151009,0600,-139, ,CFS
SHA,H,76,INFLOW,20151009,0700,-946, ,CFS
SHA,H,76,INFLOW,20151009,0800,2184, ,CFS
SHA,H,76,INFLOW,20151009,0900,247, ,CFS
SHA,H,76,INFLOW,20151009,1000,2133, ,CFS
SHA,H,76,INFLOW,20151009,1100,1251, ,CFS
SHA,H,76,INFLOW,20151009,1200,35, ,CFS
SHA,H,76,INFLOW,20151009,1300,1851, ,CFS
SHA,H,76,INFLOW,20151009,1400,-145, ,CFS
SHA,H,76,INFLOW,20151009,1500,3650, ,CFS
SHA,H,76,INFLOW,20151009,1600,378, ,CFS
SHA,H,76,INFLOW,20151009,1700,4648, ,CFS
SHA,H,76,INFLOW,20151009,1800,8322, ,CFS
SHA,H,76,INFLOW,20151009,1900,5438, ,CFS
SHA,H,76,INFLOW,20151009,2000,6668, ,CFS
SHA,H,76,INFLOW,20151009,2100,5057, ,CFS
SHA,H,76,INFLOW,20151009,2200,6648, ,CFS
SHA,H,76,INFLOW,20151009,2300,6832, ,CFS
SHA,H,76,INFLOW,20151010,0000,6385, ,CFS
SHA,H,76,INFLOW,20151010,0100,-2749, ,CFS
SHA,H,76,INFLOW,20151010,0200,9027, ,CFS
SHA,H,76,INFLOW,20151010,0300,344, ,CFS
SHA,H,76,INFLOW,20151010,0400,-1291, ,CFS
SHA,H,76,INFLOW,20151010,0500,5586, ,CFS
SHA,H,76,INFLOW,20151010,0600,615, ,CFS
SHA,H,76,INFLOW,20151010,0700,-260, ,CFS
SHA,H,76,INFLOW,20151010,0800,1910, ,CFS
SHA,H,76,INFLOW,20151010,0900,14, ,CFS
SHA,H,76,INFLOW,20151010,1000,-883, ,CFS
SHA,H,76,INFLOW,20151010,1100,2685, ,CFS
SHA,H,76,INFLOW,20151010,1200,-760, ,CFS
SHA,H,76,INFLOW,20151010,1300,325, ,CFS
SHA,H,76,INFLOW,20151010,1400,13155, ,CFS
SHA,H,76,INFLOW,20151010,1500,1210, ,CFS
SHA,H,76,INFLOW,20151010,1600,10414, ,CFS
SHA,H,76,INFLOW,20151010,1700,10268, ,CFS
SHA,H,76,INFLOW,20151010,1800,4178, ,CFS
SHA,H,76,INFLOW,20151010,1900,8155, ,CFS
SHA,H,76,INFLOW,20151010,2000,9662, ,CFS
SHA,H,76,INFLOW,20151010,2100,6151, ,CFS
SHA,H,76,INFLOW,20151010,2200,9943, ,CFS
SHA,H,76,INFLOW,20151010,2300,7243, ,CFS
SHA,H,76,INFLOW,20151011,0000,8504, ,CFS
SHA,H,76,INFLOW,20151011,0100,6426, ,CFS
SHA,H,76,INFLOW,20151011,0200,11140, ,CFS
SHA,H,76,INFLOW,20151011,0300,7253, ,CFS
SHA,H,76,INFLOW,20151011,0400,5579, ,CFS
SHA,H,76,INFLOW,20151011,0500,3802, ,CFS
SHA,H,76,INFLOW,20151011,0600,-3140, ,CFS
SHA,H,76,INFLOW,20151011,0700,4364, ,CFS
SHA,H,76,INFLOW,20151011,0800,2768, ,CFS
SHA,H,76,INFLOW,20151011,0900,-1004, ,CFS
SHA,H,76,INFLOW,20151011,1000,632, ,CFS
SHA,H,76,INFLOW,20151011,1100,-442, ,CFS
SHA,H,76,INFLOW,20151011,1200,631, ,CFS
SHA,H,76,INFLOW,20151011,1300,9812, ,CFS
SHA,H,76,INFLOW,20151011,1400,3809, ,CFS
SHA,H,76,INFLOW,20151011,1500,5180, ,CFS
SHA,H,76,INFLOW,20151011,1600,7742, ,CFS
SHA,H,76,INFLOW,20151011,1700,1794, ,CFS
SHA,H,76,INFLOW,20151011,1800,5049, ,CFS
SHA,H,76,INFLOW,20151011,1900,6953, ,CFS
SHA,H,76,INFLOW,20151011,2000,3267, ,CFS
SHA,H,76,INFLOW,20151011,2100,1366, ,CFS
SHA,H,76,INFLOW,20151011,2200,3715, ,CFS
SHA,H,76,INFLOW,20151011,2300,6650, ,CFS
SHA,H,76,INFLOW,20151012,0000,3321, ,CFS
SHA,H,76,INFLOW,20151012,0100,5725, ,CFS
SHA,H,76,INFLOW,20151012,0200,5170, ,CFS
SHA,H,76,INFLOW,20151012,0300,1568, ,CFS
SHA,H,76,INFLOW,20151012,0400,5441, ,CFS
SHA,H,76,INFLOW,20151012,0500,492, ,CFS
SHA,H,76,INFLOW,20151012,0600,112, ,CFS
SHA,H,76,INFLOW,20151012,0700,2854, ,CFS
SHA,H,76,INFLOW,20151012,0800,172, ,CFS
SHA,H,76,INFLOW,20151012,0900,1063, ,CFS
SHA,H,76,INFLOW,20151012,1000,1935, ,CFS
SHA,H,76,INFLOW,20151012,1100,2863, ,CFS
SHA,H,76,INFLOW,20151012,1200,105, ,CFS
SHA,H,76,INFLOW,20151012,1300,2434, ,CFS
SHA,H,76,INFLOW,20151012,1400,598, ,CFS
SHA,H,76,INFLOW,20151012,1500,686, ,CFS
SHA,H,76,INFLOW,20151012,1600,3544, ,CFS
SHA,H,76,INFLOW,20151012,1700,-2015, ,CFS
SHA,H,76,INFLOW,20151012,1800,4209, ,CFS
SHA,H,76,INFLOW,20151012,1900,3657, ,CFS
SHA,H,76,INFLOW,20151012,2000,3382, ,CFS
SHA,H,76,INFLOW,20151012,2100,1789, ,CFS
SHA,H,76,INFLOW,20151012,2200,2899, ,CFS
SHA,H,76,INFLOW,20151012,2300,3887, ,CFS
SHA,H,76,INFLOW,20151013,0000,52, ,CFS
SHA,H,76,INFLOW,20151013,0100,3050, ,CFS
SHA,H,76,INFLOW,20151013,0200,4516, ,CFS
SHA,H,76,INFLOW,20151013,0300,4351, ,CFS
SHA,H,76,INFLOW,20151013,0400,-843, ,CFS
SHA,H,76,INFLOW,20151013,0500,2643, ,CFS
SHA,H,76,INFLOW,20151013,0600,1279, ,CFS
SHA,H,76,INFLOW,20151013,0700,2410, ,CFS
SHA,H,76,INFLOW,20151013,0800,1268, ,CFS
SHA,H,76,INFLOW,20151013,0900,1963, ,CFS
SHA,H,76,INFLOW,20151013,1000,403, ,CFS
SHA,H,76,INFLOW,20151013,1100,2153, ,CFS
SHA,H,76,INFLOW,20151013,1200,553, ,CFS
SHA,H,76,INFLOW,20151013,1300,843, ,CFS
SHA,H,76,INFLOW,20151013,1400,626, ,CFS
SHA,H,76,INFLOW,20151013,1500,2731, ,CFS
SHA,H,76,INFLOW,20151013,1600,2633, ,CFS
SHA,H,76,INFLOW,20151013,1700,4394, ,CFS
SHA,H,76,INFLOW,20151013,1800,4074, ,CFS
SHA,H,76,INFLOW,20151013,1900,2952, ,CFS
SHA,H,76,INFLOW,20151013,2000,384, ,CFS
SHA,H,76,INFLOW,20151013,2100,2951, ,CFS
SHA,H,76,INFLOW,20151013,2200,1442, ,CFS
SHA,H,76,INFLOW,20151013,2300,3412, ,CFS
SHA,H,76,INFLOW,20151014,0000,4037, ,CFS
SHA,H,76,INFLOW,20151014,0100,3743, ,CFS
SHA,H,76,INFLOW,20151014,0200,3610, ,CFS
SHA,H,76,INFLOW,20151014,0300,174, ,CFS
SHA,H,76,INFLOW,20151014,0400,1897, ,CFS
SHA,H,76,INFLOW,20151014,0500,1880, ,CFS
SHA,H,76,INFLOW,20151014,0600,-1162, ,CFS
SHA,H,76,INFLOW,20151014,0700,2662, ,CFS
SHA,H,76,INFLOW,20151014,0800,3184, ,CFS
SHA,H,76,INFLOW,20151014,0900,260, ,CFS
SHA,H,76,INFLOW,20151014,1000,628, ,CFS
SHA,H,76,INFLOW,20151014,1100,4974, ,CFS
SHA,H,76,INFLOW,20151014,1200,1324, ,CFS
SHA,H,76,INFLOW,20151014,1300,930, ,CFS
SHA,H,76,INFLOW,20151014,1400,3423, ,CFS
SHA,H,76,INFLOW,20151014,1500,4209, ,CFS
SHA,H,76,INFLOW,20151014,1600,2774, ,CFS
SHA,H,76,INFLOW,20151014,1700,6337, ,CFS
SHA,H,76,INFLOW,20151014,1800,2954, ,CFS
SHA,H,76,INFLOW,20151014,1900,6646, ,CFS
SHA,H,76,INFLOW,20151014,2000,982, ,CFS
SHA,H,76,INFLOW,20151014,2100,991, ,CFS
SHA,H,76,INFLOW,20151014,2200,4204, ,CFS
SHA,H,76,INFLOW,20151014,2300,360, ,CFS
SHA,H,76,INFLOW,20151015,0000,4340, ,CFS
SHA,H,76,INFLOW,20151015,0100,4991, ,CFS
SHA,H,76,INFLOW,20151015,0200,3117, ,CFS
SHA,H,76,INFLOW,20151015,0300,-413, ,CFS
SHA,H,76,INFLOW,20151015,0400,3054, ,CFS
SHA,H,76,INFLOW,20151015,0500,1231, ,CFS
SHA,H,76,INFLOW,20151015,0600,-44, ,CFS
SHA,H,76,INFLOW,20151015,0700,2554, ,CFS
SHA,H,76,INFLOW,20151015,0800,702, ,CFS
SHA,H,76,INFLOW,20151015,0900,-1381, ,CFS
SHA,H,76,INFLOW,20151015,1000,4026, ,CFS
SHA,H,76,INFLOW,20151015,1100,3432, ,CFS
SHA,H,76,INFLOW,20151015,1200,79, ,CFS
SHA,H,76,INFLOW,20151015,1300,4785, ,CFS
SHA,H,76,INFLOW,20151015,1400,447, ,CFS
SHA,H,76,INFLOW,20151015,1500,-37, ,CFS
SHA,H,76,INFLOW,20151015,1600,4094, ,CFS
SHA,H,76,INFLOW,20151015,1700,3282, ,CFS
SHA,H,76,INFLOW,20151015,1800,4027, ,CFS
SHA,H,76,INFLOW,20151015,1900,2880, ,CFS
SHA,H,76,INFLOW,20151015,2000,4387, ,CFS
SHA,H,76,INFLOW,20151015,2100,3827, ,CFS
SHA,H,76,INFLOW,20151015,2200,2285, ,CFS
SHA,H,76,INFLOW,20151015,2300,4492, ,CFS
SHA,H,76,INFLOW,20151016,0000,4404, ,CFS
SHA,H,76,INFLOW,20151016,0100,3250, ,CFS
SHA,H,76,INFLOW,20151016,0200,4512, ,CFS
SHA,H,76,INFLOW,20151016,0300,1619, ,CFS
SHA,H,76,INFLOW,20151016,0400,3247, ,CFS
SHA,H,76,INFLOW,20151016,0500,158, ,CFS
SHA,H,76,INFLOW,20151016,0600,1550, ,CFS
SHA,H,76,INFLOW,20151016,0700,1254, ,CFS
SHA,H,76,INFLOW,20151016,0800,1657, ,CFS
SHA,H,76,INFLOW,20151016,0900,-855, ,CFS
SHA,H,76,INFLOW,20151016,1000,1388, ,CFS
SHA,H,76,INFLOW,20151016,1100,513, ,CFS
SHA,H,76,INFLOW,20151016,1200,-623, ,CFS
SHA,H,76,INFLOW,20151016,1300,3798, ,CFS
SHA,H,76,INFLOW,20151016,1400,-60, ,CFS
SHA,H,76,INFLOW,20151016,1500,1126, ,CFS
SHA,H,76,INFLOW,20151016,1600,4755, ,CFS
SHA,H,76,INFLOW,20151016,1700,-40, ,CFS
SHA,H,76,INFLOW,20151016,1800,6889, ,CFS
SHA,H,76,INFLOW,20151016,1900,8718, ,CFS
SHA,H,76,INFLOW,20151016,2000,-1195, ,CFS
SHA,H,76,INFLOW,20151016,2100,9503, ,CFS
SHA,H,76,INFLOW,20151016,2200,3056, ,CFS
SHA,H,76,INFLOW,20151016,2300,1501, ,CFS
SHA,H,76,INFLOW,20151017,0000,2391, ,CFS
SHA,H,76,INFLOW,20151017,0100,1890, ,CFS
SHA,H,76,INFLOW,20151017,0200,1697, ,CFS
SHA,H,76,INFLOW,20151017,0300,1687, ,CFS
SHA,H,76,INFLOW,20151017,0400,1730, ,CFS
SHA,H,76,INFLOW,20151017,0500,-3405, ,CFS
SHA,H,76,INFLOW,20151017,0600,5203, ,CFS
SHA,H,76,INFLOW,20151017,0700,7266, ,CFS
SHA,H,76,INFLOW,20151017,0800,-384, ,CFS
SHA,H,76,INFLOW,20151017,0900,2999, ,CFS
SHA,H,76,INFLOW,20151017,1000,-489, ,CFS
SHA,H,76,INFLOW,20151017,1100,-874, ,CFS
SHA,H,76,INFLOW,20151017,1200,4541, ,CFS
SHA,H,76,INFLOW,20151017,1300,-610, ,CFS
SHA,H,76,INFLOW,20151017,1400,410, ,CFS
SHA,H,76,INFLOW,20151017,1500,1821, ,CFS
SHA,H,76,INFLOW,20151017,1600,-380, ,CFS
SHA,H,76,INFLOW,20151017,1700,1540, ,CFS
SHA,H,76,INFLOW,20151017,1800,678, ,CFS
SHA,H,76,INFLOW,20151017,1900,689, ,CFS
SHA,H,76,INFLOW,20151017,2000,2121, ,CFS
SHA,H,76,INFLOW,20151017,2100,1419, ,CFS
SHA,H,76,INFLOW,20151017,2200,1145, ,CFS
SHA,H,76,INFLOW,20151017,2300,-1411, ,CFS
SHA,H,76,INFLOW,20151018,0000,2397, ,CFS
SHA,H,76,INFLOW,20151018,0100,1564, ,CFS
SHA,H,76,INFLOW,20151018,0200,-68, ,CFS
SHA,H,76,INFLOW,20151018,0300,1556, ,CFS
SHA,H,76,INFLOW,20151018,0400,1612, ,CFS
SHA,H,76,INFLOW,20151018,0500,-106, ,CFS
SHA,H,76,INFLOW,20151018,0600,1920, ,CFS
SHA,H,76,INFLOW,20151018,0700,1529, ,CFS
SHA,H,76,INFLOW,20151018,0800,604, ,CFS
SHA,H,76,INFLOW,20151018,0900,1196, ,CFS
SHA,H,76,INFLOW,20151018,1000,1179, ,CFS
SHA,H,76,INFLOW,20151018,1100,642, ,CFS
SHA,H,76,INFLOW,20151018,1200,1092, ,CFS
SHA,H,76,INFLOW,20151018,1300,166, ,CFS
SHA,H,76,INFLOW,20151018,1400,1268, ,CFS
SHA,H,76,INFLOW,20151018,1500,1111, ,CFS
SHA,H,76,INFLOW,20151018,1600,308, ,CFS
SHA,H,76,INFLOW,20151018,1700,1402, ,CFS
SHA,H,76,INFLOW,20151018,1800,40, ,CFS
SHA,H,76,INFLOW,20151018,1900,-663, ,CFS
SHA,H,76,INFLOW,20151018,2000,3059, ,CFS
SHA,H,76,INFLOW,20151018,2100,2043, ,CFS
SHA,H,76,INFLOW,20151018,2200,-131, ,CFS
SHA,H,76,INFLOW,20151018,2300,1201, ,CFS
SHA,H,76,INFLOW,20151019,0000,2369, ,CFS
SHA,H,76,INFLOW,20151019,0100,-1215, ,CFS
SHA,H,76,INFLOW,20151019,0200,1761, ,CFS
SHA,H,76,INFLOW,20151019,0300,1679, ,CFS
SHA,H,76,INFLOW,20151019,0400,579, ,CFS
SHA,H,76,INFLOW,20151019,0500,-1116, ,CFS
SHA,H,76,INFLOW,20151019,0600,2693, ,CFS
SHA,H,76,INFLOW,20151019,0700,970, ,CFS
SHA,H,76,INFLOW,20151019,0800,-535, ,CFS
SHA,H,76,INFLOW,20151019,0900,1977, ,CFS
SHA,H,76,INFLOW,20151019,1000,-1356, ,CFS
SHA,H,76,INFLOW,20151019,1100,534, ,CFS
SHA,H,76,INFLOW,20151019,1200,899, ,CFS
SHA,H,76,INFLOW,20151019,1300,922, ,CFS
SHA,H,76,INFLOW,20151019,1400,-309, ,CFS
SHA,H,76,INFLOW,20151019,1500,1862, ,CFS
SHA,H,76,INFLOW,20151019,1600,158, ,CFS
SHA,H,76,INFLOW,20151019,1700,2982, ,CFS
SHA,H,76,INFLOW,20151019,1800,957, ,CFS
SHA,H,76,INFLOW,20151019,1900,3696, ,CFS
SHA,H,76,INFLOW,20151019,2000,-1714, ,CFS
SHA,H,76,INFLOW,20151019,2100,3720, ,CFS
SHA,H,76,INFLOW,20151019,2200,-1564, ,CFS
SHA,H,76,INFLOW,20151019,2300,2349, ,CFS
SHA,H,76,INFLOW,20151020,0000,1702, ,CFS
SHA,H,76,INFLOW,20151020,0100,493, ,CFS
SHA,H,76,INFLOW,20151020,0200,3336, ,CFS
SHA,H,76,INFLOW,20151020,0300,1615, ,CFS
SHA,H,76,INFLOW,20151020,0400,1936, ,CFS
SHA,H,76,INFLOW,20151020,0500,2017, ,CFS
SHA,H,76,INFLOW,20151020,0600,555, ,CFS
SHA,H,76,INFLOW,20151020,0700,-194, ,CFS
SHA,H,76,INFLOW,20151020,0800,-1109, ,CFS
SHA,H,76,INFLOW,20151020,0900,-1377, ,CFS
SHA,H,76,INFLOW,20151020,1000,2142, ,CFS
SHA,H,76,INFLOW,20151020,1100,1005, ,CFS
SHA,H,76,INFLOW,20151020,1200,105, ,CFS
SHA,H,76,INFLOW,20151020,1300,1728, ,CFS
SHA,H,76,INFLOW,20151020,1400,-1317, ,CFS
SHA,H,76,INFLOW,20151020,1500,510, ,CFS
SHA,H,76,INFLOW,20151020,1600,-9818, ,CFS
SHA,H,76,INFLOW,20151020,1700,-733, ,CFS
SHA,H,76,INFLOW,20151020,1800,586, ,CFS
SHA,H,76,INFLOW,20151020,1900,3864, ,CFS
SHA,H,76,INFLOW,20151020,2000,1001, ,CFS
SHA,H,76,INFLOW,20151020,2100,3810, ,CFS
SHA,H,76,INFLOW,20151020,2200,-2661, ,CFS
SHA,H,76,INFLOW,20151020,2300,4884, ,CFS
SHA,H,76,INFLOW,20151021,0000,-243, ,CFS
SHA,H,76,INFLOW,20151021,0100,1530, ,CFS
SHA,H,76,INFLOW,20151021,0200,3048, ,CFS
SHA,H,76,INFLOW,20151021,0300,6659, ,CFS
SHA,H,76,INFLOW,20151021,0400,1936, ,CFS
SHA,H,76,INFLOW,20151021,0500,-3021, ,CFS
SHA,H,76,INFLOW,20151021,0600,7576, ,CFS
SHA,H,76,INFLOW,20151021,0700,1076, ,CFS
SHA,H,76,INFLOW,20151021,0800,7040, ,CFS
SHA,H,76,INFLOW,20151021,0900,3347, ,CFS
SHA,H,76,INFLOW,20151021,1000,-3075, ,CFS
SHA,H,76,INFLOW,20151021,1100,5189, ,CFS
SHA,H,76,INFLOW,20151021,1200,6068, ,CFS
SHA,H,76,INFLOW,20151021,1300,-1310, ,CFS
SHA,H,76,INFLOW,20151021,1400,1728, ,CFS
SHA,H,76,INFLOW,20151021,1500,2829, ,CFS
SHA,H,76,INFLOW,20151021,1600,28, ,CFS
SHA,H,76,INFLOW,20151021,1700,3047, ,CFS
SHA,H,76,INFLOW,20151021,1800,1768, ,CFS
SHA,H,76,INFLOW,20151021,1900,892, ,CFS
SHA,H,76,INFLOW,20151021,2000,459, ,CFS
SHA,H,76,INFLOW,20151021,2100,2329, ,CFS
SHA,H,76,INFLOW,20151021,2200,1291, ,CFS
SHA,H,76,INFLOW,20151021,2300,3126, ,CFS
SHA,H,76,INFLOW,20151022,0000,1720, ,CFS
SHA,H,76,INFLOW,20151022,0100,3313, ,CFS
SHA,H,76,INFLOW,20151022,0200,8039, ,CFS
SHA,H,76,INFLOW,20151022,0300,1321, ,CFS
SHA,H,76,INFLOW,20151022,0400,-368, ,CFS
SHA,H,76,INFLOW,20151022,0500,3277, ,CFS
SHA,H,76,INFLOW,20151022,0600,1937, ,CFS
SHA,H,76,INFLOW,20151022,0700,-200, ,CFS
SHA,H,76,INFLOW,20151022,0800,2822, ,CFS
SHA,H,76,INFLOW,20151022,0900,3636, ,CFS
SHA,H,76,INFLOW,20151022,1000,-2263, ,CFS
SHA,H,76,INFLOW,20151022,1100,2739, ,CFS
SHA,H,76,INFLOW,20151022,1200,1485, ,CFS
SHA,H,76,INFLOW,20151022,1300,-765, ,CFS
SHA,H,76,INFLOW,20151022,1400,3104, ,CFS
SHA,H,76,INFLOW,20151022,1500,-307, ,CFS
SHA,H,76,INFLOW,20151022,1600,1015, ,CFS
SHA,H,76,INFLOW,20151022,1700,3279, ,CFS
SHA,H,76,INFLOW,20151022,1800,-896, ,CFS
SHA,H,76,INFLOW,20151022,1900,4386, ,CFS
SHA,H,76,INFLOW,20151022,2000,9619, ,CFS
SHA,H,76,INFLOW,20151022,2100,3607, ,CFS
SHA,H,76,INFLOW,20151022,2200,-279, ,CFS
SHA,H,76,INFLOW,20151022,2300,9204, ,CFS
SHA,H,76,INFLOW,20151023,0000,1812, ,CFS
SHA,H,76,INFLOW,20151023,0100,-1432, ,CFS
SHA,H,76,INFLOW,20151023,0200,3463, ,CFS
SHA,H,76,INFLOW,20151023,0300,132, ,CFS
SHA,H,76,INFLOW,20151023,0400,1807, ,CFS
SHA,H,76,INFLOW,20151023,0500,3475, ,CFS
SHA,H,76,INFLOW,20151023,0600,-2909, ,CFS
SHA,H,76,INFLOW,20151023,0700,2619, ,CFS
SHA,H,76,INFLOW,20151023,0800,3540, ,CFS
SHA,H,76,INFLOW,20151023,0900,-644, ,CFS
SHA,H,76,INFLOW,20151023,1000,1276, ,CFS
SHA,H,76,INFLOW,20151023,1100,1762, ,CFS
SHA,H,76,INFLOW,20151023,1200,737, ,CFS
SHA,H,76,INFLOW,20151023,1300,348, ,CFS
SHA,H,76,INFLOW,20151023,1400,190, ,CFS
SHA,H,76,INFLOW,20151023,1500,1270, ,CFS
SHA,H,76,INFLOW,20151023,1600,1618, ,CFS
SHA,H,76,INFLOW,20151023,1700,332, ,CFS
SHA,H,76,INFLOW,20151023,1800,196, ,CFS
SHA,H,76,INFLOW,20151023,1900,4635, ,CFS
SHA,H,76,INFLOW,20151023,2000,7679, ,CFS
SHA,H,76,INFLOW,20151023,2100,3802, ,CFS
SHA,H,76,INFLOW,20151023,2200,6013, ,CFS
SHA,H,76,INFLOW,20151023,2300,7505, ,CFS
SHA,H,76,INFLOW,20151024,0000,502, ,CFS
SHA,H,76,INFLOW,20151024,0100,837, ,CFS
SHA,H,76,INFLOW,20151024,0200,3659, ,CFS
SHA,H,76,INFLOW,20151024,0300,5112, ,CFS
SHA,H,76,INFLOW,20151024,0400,1972, ,CFS
SHA,H,76,INFLOW,20151024,0500,5156, ,CFS
SHA,H,76,INFLOW,20151024,0600,2222, ,CFS
SHA,H,76,INFLOW,20151024,0700,-1053, ,CFS
SHA,H,76,INFLOW,20151024,0800,12917, ,CFS
SHA,H,76,INFLOW,20151024,0900,1427, ,CFS
SHA,H,76,INFLOW,20151024,1000,1972, ,CFS
SHA,H,76,INFLOW,20151024,1100,6210, ,CFS
SHA,H,76,INFLOW,20151024,1200,-362, ,CFS
SHA,H,76,INFLOW,20151024,1300,-653, ,CFS
SHA,H,76,INFLOW,20151024,1400,4481, ,CFS
SHA,H,76,INFLOW,20151024,1500,-378, ,CFS
SHA,H,76,INFLOW,20151024,1600,236, ,CFS
SHA,H,76,INFLOW,20151024,1700,2028, ,CFS
SHA,H,76,INFLOW,20151024,1800,-1429, ,CFS
SHA,H,76,INFLOW,20151024,1900,5743, ,CFS
SHA,H,76,INFLOW,20151024,2000,3157, ,CFS
SHA,H,76,INFLOW,20151024,2100,1475, ,CFS
SHA,H,76,INFLOW,20151024,2200,4850, ,CFS
SHA,H,76,INFLOW,20151024,2300,5932, ,CFS
SHA,H,76,INFLOW,20151025,0000,6916, ,CFS
SHA,H,76,INFLOW,20151025,0100,8630, ,CFS
SHA,H,76,INFLOW,20151025,0200,4986, ,CFS
SHA,H,76,INFLOW,20151025,0300,3581, ,CFS
SHA,H,76,INFLOW,20151025,0400,3470, ,CFS
SHA,H,76,INFLOW,20151025,0500,1930, ,CFS
SHA,H,76,INFLOW,20151025,0600,666, ,CFS
SHA,H,76,INFLOW,20151025,0700,1930, ,CFS
SHA,H,76,INFLOW,20151025,0800,1287, ,CFS
SHA,H,76,INFLOW,20151025,0900,3068, ,CFS
SHA,H,76,INFLOW,20151025,1000,1464, ,CFS
SHA,H,76,INFLOW,20151025,1100,-832, ,CFS
SHA,H,76,INFLOW,20151025,1200,2779, ,CFS
SHA,H,76,INFLOW,20151025,1300,2878, ,CFS
SHA,H,76,INFLOW,20151025,1400,7897, ,CFS
SHA,H,76,INFLOW,20151025,1500,3004, ,CFS
SHA,H,76,INFLOW,20151025,1600,-2165, ,CFS
SHA,H,76,INFLOW,20151025,1700,807, ,CFS
SHA,H,76,INFLOW,20151025,1800,2204, ,CFS
SHA,H,76,INFLOW,20151025,1900,1461, ,CFS
SHA,H,76,INFLOW,20151025,2000,9549, ,CFS
SHA,H,76,INFLOW,20151025,2100,6143, ,CFS
SHA,H,76,INFLOW,20151025,2200,3585, ,CFS
SHA,H,76,INFLOW,20151025,2300,6520, ,CFS
SHA,H,76,INFLOW,20151026,0000,636, ,CFS
SHA,H,76,INFLOW,20151026,0100,2196, ,CFS
SHA,H,76,INFLOW,20151026,0200,5188, ,CFS
SHA,H,76,INFLOW,20151026,0300,148, ,CFS
SHA,H,76,INFLOW,20151026,0400,1821, ,CFS
SHA,H,76,INFLOW,20151026,0500,2047, ,CFS
SHA,H,76,INFLOW,20151026,0600,223, ,CFS
SHA,H,76,INFLOW,20151026,0700,1982, ,CFS
SHA,H,76,INFLOW,20151026,0800,3999, ,CFS
SHA,H,76,INFLOW,20151026,0900,7461, ,CFS
SHA,H,76,INFLOW,20151026,1000,3924, ,CFS
SHA,H,76,INFLOW,20151026,1100,-762, ,CFS
SHA,H,76,INFLOW,20151026,1200,2358, ,CFS
SHA,H,76,INFLOW,20151026,1300,7056, ,CFS
SHA,H,76,INFLOW,20151026,1400,2134, ,CFS
SHA,H,76,INFLOW,20151026,1500,3927, ,CFS
SHA,H,76,INFLOW,20151026,1600,432, ,CFS
SHA,H,76,INFLOW,20151026,1700,1796, ,CFS
SHA,H,76,INFLOW,20151026,1800,2341, ,CFS
SHA,H,76,INFLOW,20151026,1900,1988, ,CFS
SHA,H,76,INFLOW,20151026,2000,2347, ,CFS
SHA,H,76,INFLOW,20151026,2100,2436, ,CFS
SHA,H,76,INFLOW,20151026,2200,869, ,CFS
SHA,H,76,INFLOW,20151026,2300,3498, ,CFS
SHA,H,76,INFLOW,20151027,0000,-1264, ,CFS
SHA,H,76,INFLOW,20151027,0100,5791, ,CFS
SHA,H,76,INFLOW,20151027,0200,5443, ,CFS
SHA,H,76,INFLOW,20151027,0300,6674, ,CFS
SHA,H,76,INFLOW,20151027,0400,4655, ,CFS
SHA,H,76,INFLOW,20151027,0500,-2993, ,CFS
SHA,H,76,INFLOW,20151027,0600,3119, ,CFS
SHA,H,76,INFLOW,20151027,0700,2141, ,CFS
SHA,H,76,INFLOW,20151027,0800,6704, ,CFS
SHA,H,76,INFLOW,20151027,0900,2180, ,CFS
SHA,H,76,INFLOW,20151027,1000,5491, ,CFS
SHA,H,76,INFLOW,20151027,1100,3514, ,CFS
SHA,H,76,INFLOW,20151027,1200,-1036, ,CFS
SHA,H,76,INFLOW,20151027,1300,3232, ,CFS
SHA,H,76,INFLOW,20151027,1400,2197, ,CFS
SHA,H,76,INFLOW,20151027,1500,-3108, ,CFS
SHA,H,76,INFLOW,20151027,1600,3368, ,CFS
SHA,H,76,INFLOW,20151027,1700,271, ,CFS
SHA,H,76,INFLOW,20151027,1800,2133, ,CFS
SHA,H,76,INFLOW,20151027,1900,4238, ,CFS
SHA,H,76,INFLOW,20151027,2000,1411, ,CFS
SHA,H,76,INFLOW,20151027,2100,2813, ,CFS
SHA,H,76,INFLOW,20151027,2200,1197, ,CFS
SHA,H,76,INFLOW,20151027,2300,1875, ,CFS
SHA,H,76,INFLOW,20151028,0000,799, ,CFS
SHA,H,76,INFLOW,20151028,0100,11918, ,CFS
SHA,H,76,INFLOW,20151028,0200,-1528, ,CFS
SHA,H,76,INFLOW,20151028,0300,3439, ,CFS
SHA,H,76,INFLOW,20151028,0400,6879, ,CFS
SHA,H,76,INFLOW,20151028,0500,-1788, ,CFS
SHA,H,76,INFLOW,20151028,0600,-1329, ,CFS
SHA,H,76,INFLOW,20151028,0700,6195, ,CFS
SHA,H,76,INFLOW,20151028,0800,10781, ,CFS
SHA,H,76,INFLOW,20151028,0900,808, ,CFS
SHA,H,76,INFLOW,20151028,1000,9802, ,CFS
SHA,H,76,INFLOW,20151028,1100,2299, ,CFS
SHA,H,76,INFLOW,20151028,1200,360, ,CFS
SHA,H,76,INFLOW,20151028,1300,2333, ,CFS
SHA,H,76,INFLOW,20151028,1400,2691, ,CFS
SHA,H,76,INFLOW,20151028,1500,-2016, ,CFS
SHA,H,76,INFLOW,20151028,1600,4203, ,CFS
SHA,H,76,INFLOW,20151028,1700,2226, ,CFS
SHA,H,76,INFLOW,20151028,1800,2384, ,CFS
SHA,H,76,INFLOW,20151028,1900,8861, ,CFS
SHA,H,76,INFLOW,20151028,2000,633, ,CFS
SHA,H,76,INFLOW,20151028,2100,-105, ,CFS
SHA,H,76,INFLOW,20151028,2200,4961, ,CFS
SHA,H,76,INFLOW,20151028,2300,2220, ,CFS
SHA,H,76,INFLOW,20151029,0000,422, ,CFS
SHA,H,76,INFLOW,20151029,0100,1955, ,CFS
SHA,H,76,INFLOW,20151029,0200,1732, ,CFS
SHA,H,76,INFLOW,20151029,0300,3401, ,CFS
SHA,H,76,INFLOW,20151029,0400,1869, ,CFS
SHA,H,76,INFLOW,20151029,0500,-344, ,CFS
SHA,H,76,INFLOW,20151029,0600,1675, ,CFS
SHA,H,76,INFLOW,20151029,0700,1374, ,CFS
SHA,H,76,INFLOW,20151029,0800,2865, ,CFS
SHA,H,76,INFLOW,20151029,0900,-2078, ,CFS
SHA,H,76,INFLOW,20151029,1000,781, ,CFS
SHA,H,76,INFLOW,20151029,1100,4342, ,CFS
SHA,H,76,INFLOW,20151029,1200,1202, ,CFS
SHA,H,76,INFLOW,20151029,1300,2806, ,CFS
SHA,H,76,INFLOW,20151029,1400,652, ,CFS
SHA,H,76,INFLOW,20151029,1500,1262, ,CFS
SHA,H,76,INFLOW,20151029,1600,4377, ,CFS
SHA,H,76,INFLOW,20151029,1700,536, ,CFS
SHA,H,76,INFLOW,20151029,1800,2212, ,CFS
SHA,H,76,INFLOW,20151029,1900,2067, ,CFS
SHA,H,76,INFLOW,20151029,2000,12, ,CFS
SHA,H,76,INFLOW,20151029,2100,1964, ,CFS
SHA,H,76,INFLOW,20151029,2200,3440, ,CFS
SHA,H,76,INFLOW,20151029,2300,831, ,CFS
SHA,H,76,INFLOW,20151030,0000,4205, ,CFS
SHA,H,76,INFLOW,20151030,0100,495, ,CFS
SHA,H,76,INFLOW,20151030,0200,5070, ,CFS
SHA,H,76,INFLOW,20151030,0300,3411, ,CFS
SHA,H,76,INFLOW,20151030,0400,3422, ,CFS
SHA,H,76,INFLOW,20151030,0500,1954, ,CFS
SHA,H,76,INFLOW,20151030,0600,3796, ,CFS
SHA,H,76,INFLOW,20151030,0700,1535, ,CFS
SHA,H,76,INFLOW,20151030,0800,7953, ,CFS
SHA,H,76,INFLOW,20151030,0900,3301, ,CFS
SHA,H,76,INFLOW,20151030,1000,6266, ,CFS
SHA,H,76,INFLOW,20151030,1100,176, ,CFS
SHA,H,76,INFLOW,20151030,1200,285, ,CFS
SHA,H,76,INFLOW,20151030,1300,-600, ,CFS
SHA,H,76,INFLOW,20151030,1400,8324, ,CFS
SHA,H,76,INFLOW,20151030,1500,2645, ,CFS
SHA,H,76,INFLOW,20151030,1600,1341, ,CFS
SHA,H,76,INFLOW,20151030,1700,3087, ,CFS
SHA,H,76,INFLOW,20151030,1800,1775, ,CFS
SHA,H,76,INFLOW,20151030,1900,2172, ,CFS
SHA,H,76,INFLOW,20151030,2000,1968, ,CFS
SHA,H,76,INFLOW,20151030,2100,2122, ,CFS
SHA,H,76,INFLOW,20151030,2200,15, ,CFS
SHA,H,76,INFLOW,20151030,2300,2851, ,CFS
SHA,H,76,INFLOW,20151031,0000,9392, ,CFS
SHA,H,76,INFLOW,20151031,0100,3564, ,CFS
SHA,H,76,INFLOW,20151031,0200,8410, ,CFS
SHA,H,76,INFLOW,20151031,0300,5448, ,CFS
SHA,H,76,INFLOW,20151031,0400,5205, ,CFS
SHA,H,76,INFLOW,20151031,0500,437, ,CFS
SHA,H,76,INFLOW,20151031,0600,8368, ,CFS
SHA,H,76,INFLOW,20151031,0700,4579, ,CFS
SHA,H,76,INFLOW,20151031,0800,4700, ,CFS
SHA,H,76,INFLOW,20151031,0900,6469, ,CFS
SHA,H,76,INFLOW,20151031,1000,8139, ,CFS
SHA,H,76,INFLOW,20151031,1100,3234, ,CFS
SHA,H,76,INFLOW,20151031,1200,4846, ,CFS
SHA,H,76,INFLOW,20151031,1300,-2078, ,CFS
SHA,H,76,INFLOW,20151031,1400,2688, ,CFS
SHA,H,76,INFLOW,20151031,1500,3627, ,CFS
SHA,H,76,INFLOW,20151031,1600,-2084, ,CFS
SHA,H,76,INFLOW,20151031,1700,5715, ,CFS
SHA,H,76,INFLOW,20151031,1800,1298, ,CFS
SHA,H,76,INFLOW,20151031,1900,-1512, ,CFS
SHA,H,76,INFLOW,20151031,2000,1202, ,CFS
SHA,H,76,INFLOW,20151031,2100,2049, ,CFS
SHA,H,76,INFLOW,20151031,2200,1733, ,CFS
SHA,H,76,INFLOW,20151031,2300,3558, ,CFS
SHA,H,76,INFLOW,20151101,0000,896, ,CFS
SHA,H,76,INFLOW,20151101,0100,4110, ,CFS
SHA,H,76,INFLOW,20151101,0200,1047, ,CFS
SHA,H,76,INFLOW,20151101,0300,334, ,CFS
SHA,H,76,INFLOW,20151101,0400,2090, ,CFS
SHA,H,76,INFLOW,20151101,0500,2324, ,CFS
SHA,H,76,INFLOW,20151101,0600,-309, ,CFS
SHA,H,76,INFLOW,20151101,0700,4806, ,CFS
SHA,H,76,INFLOW,20151101,0800,-98, ,CFS
SHA,H,76,INFLOW,20151101,0900,4120, ,CFS
SHA,H,76,INFLOW,20151101,1000,-670, ,CFS
SHA,H,76,INFLOW,20151101,1100,3009, ,CFS
SHA,H,76,INFLOW,20151101,1200,1231, ,CFS
SHA,H,76,INFLOW,20151101,1300,735, ,CFS
SHA,H,76,INFLOW,20151101,1400,-690, ,CFS
SHA,H,76,INFLOW,20151101,1500,4633, ,CFS
SHA,H,76,INFLOW,20151101,1600,-1978, ,CFS
SHA,H,76,INFLOW,20151101,1700,2216, ,CFS
SHA,H,76,INFLOW,20151101,1800,2329, ,CFS
SHA,H,76,INFLOW,20151101,1900,8966, ,CFS
SHA,H,76,INFLOW,20151101,2000,2779, ,CFS
SHA,H,76,INFLOW,20151101,2100,3497, ,CFS
SHA,H,76,INFLOW,20151101,2200,11287, ,CFS
SHA,H,76,INFLOW,20151101,2300,5182, ,CFS
SHA,H,76,INFLOW,20151102,0000,4487, ,CFS
SHA,H,76,INFLOW,20151102,0100,2342, ,CFS
SHA,H,76,INFLOW,20151102,0200,5127, ,CFS
SHA,H,76,INFLOW,20151102,0300,218, ,CFS
SHA,H,76,INFLOW,20151102,0400,1742, ,CFS
SHA,H,76,INFLOW,20151102,0500,1862, ,CFS
SHA,H,76,INFLOW,20151102,0600,494, ,CFS
SHA,H,76,INFLOW,20151102,0700,2642, ,CFS
SHA,H,76,INFLOW,20151102,0800,3134, ,CFS
SHA,H,76,INFLOW,20151102,0900,-210, ,CFS
SHA,H,76,INFLOW,20151102,1000,-2556, ,CFS
SHA,H,76,INFLOW,20151102,1100,3214, ,CFS
SHA,H,76,INFLOW,20151102,1200,73, ,CFS
SHA,H,76,INFLOW,20151102,1300,517, ,CFS
SHA,H,76,INFLOW,20151102,1400,1808, ,CFS
SHA,H,76,INFLOW,20151102,1500,8159, ,CFS
SHA,H,76,INFLOW,20151102,1600,2765, ,CFS
SHA,H,76,INFLOW,20151102,1700,-108, ,CFS
SHA,H,76,INFLOW,20151102,1800,3888, ,CFS
SHA,H,76,INFLOW,20151102,1900,9651, ,CFS
SHA,H,76,INFLOW,20151102,2000,4203, ,CFS
SHA,H,76,INFLOW,20151102,2100,10892, ,CFS
SHA,H,76,INFLOW,20151102,2200,6436, ,CFS
SHA,H,76,INFLOW,20151102,2300,2873, ,CFS
SHA,H,76,INFLOW,20151103,0000,3972, ,CFS
SHA,H,76,INFLOW,20151103,0100,1925, ,CFS
SHA,H,76,INFLOW,20151103,0200,-156, ,CFS
SHA,H,76,INFLOW,20151103,0300,3113, ,CFS
SHA,H,76,INFLOW,20151103,0400,1416, ,CFS
SHA,H,76,INFLOW,20151103,0500,167, ,CFS
SHA,H,76,INFLOW,20151103,0600,2270, ,CFS
SHA,H,76,INFLOW,20151103,0700,396, ,CFS
SHA,H,76,INFLOW,20151103,0800,4710, ,CFS
SHA,H,76,INFLOW,20151103,0900,59, ,CFS
SHA,H,76,INFLOW,20151103,1000,2029, ,CFS
SHA,H,76,INFLOW,20151103,1100,1902, ,CFS
SHA,H,76,INFLOW,20151103,1200,121, ,CFS
SHA,H,76,INFLOW,20151103,1300,2099, ,CFS
SHA,H,76,INFLOW,20151103,1400,2175, ,CFS
SHA,H,76,INFLOW,20151103,1500,-803, ,CFS
SHA,H,76,INFLOW,20151103,1600,2422, ,CFS
SHA,H,76,INFLOW,20151103,1700,2013, ,CFS
SHA,H,76,INFLOW,20151103,1800,97, ,CFS
SHA,H,76,INFLOW,20151103,1900,823, ,CFS
SHA,H,76,INFLOW,20151103,2000,-640, ,CFS
SHA,H,76,INFLOW,20151103,2100,6776, ,CFS
SHA,H,76,INFLOW,20151103,2200,1489, ,CFS
SHA,H,76,INFLOW,20151103,2300,1792, ,CFS
SHA,H,76,INFLOW,20151104,0000,2589, ,CFS
SHA,H,76,INFLOW,20151104,0100,982, ,CFS
SHA,H,76,INFLOW,20151104,0200,1088, ,CFS
SHA,H,76,INFLOW,20151104,0300,2703, ,CFS
SHA,H,76,INFLOW,20151104,0400,-590, ,CFS
SHA,H,76,INFLOW,20151104,0500,1152, ,CFS
SHA,H,76,INFLOW,20151104,0600,3984, ,CFS
SHA,H,76,INFLOW,20151104,0700,-693, ,CFS
SHA,H,76,INFLOW,20151104,0800,1591, ,CFS
SHA,H,76,INFLOW,20151104,0900,1720, ,CFS
SHA,H,76,INFLOW,20151104,1000,-1759, ,CFS
SHA,H,76,INFLOW,20151104,1100,3578, ,CFS
SHA,H,76,INFLOW,20151104,1200,1571, ,CFS
SHA,H,76,INFLOW,20151104,1300,-362, ,CFS
SHA,H,76,INFLOW,20151104,1400,1292, ,CFS
SHA,H,76,INFLOW,20151104,1500,400, ,CFS
SHA,H,76,INFLOW,20151104,1600,1233, ,CFS
SHA,H,76,INFLOW,20151104,1700,-704, ,CFS
SHA,H,76,INFLOW,20151104,1800,4385, ,CFS
SHA,H,76,INFLOW,20151104,1900,1631, ,CFS
SHA,H,76,INFLOW,20151104,2000,12717, ,CFS
SHA,H,76,INFLOW,20151104,2100,4142, ,CFS
SHA,H,76,INFLOW,20151104,2200,1587, ,CFS
SHA,H,76,INFLOW,20151104,2300,7897, ,CFS
SHA,H,76,INFLOW,20151105,0000,2583, ,CFS
SHA,H,76,INFLOW,20151105,0100,-1303, ,CFS
SHA,H,76,INFLOW,20151105,0200,3552, ,CFS
SHA,H,76,INFLOW,20151105,0300,251, ,CFS
SHA,H,76,INFLOW,20151105,0400,3772, ,CFS
SHA,H,76,INFLOW,20151105,0500,4090, ,CFS
SHA,H,76,INFLOW,20151105,0600,2566, ,CFS
SHA,H,76,INFLOW,20151105,0700,766, ,CFS
SHA,H,76,INFLOW,20151105,0800,3439, ,CFS
SHA,H,76,INFLOW,20151105,0900,-169, ,CFS
SHA,H,76,INFLOW,20151105,1000,-826, ,CFS
SHA,H,76,INFLOW,20151105,1100,2265, ,CFS
SHA,H,76,INFLOW,20151105,1200,-644, ,CFS
SHA,H,76,INFLOW,20151105,1300,2494, ,CFS
SHA,H,76,INFLOW,20151105,1400,4555, ,CFS
SHA,H,76,INFLOW,20151105,1500,9267, ,CFS
SHA,H,76,INFLOW,20151105,1600,-3985, ,CFS
SHA,H,76,INFLOW,20151105,1700,4074, ,CFS
SHA,H,76,INFLOW,20151105,1800,2581, ,CFS
SHA,H,76,INFLOW,20151105,1900,1455, ,CFS
SHA,H,76,INFLOW,20151105,2000,5940, ,CFS
SHA,H,76,INFLOW,20151105,2100,6958, ,CFS
SHA,H,76,INFLOW,20151105,2200,1174, ,CFS
SHA,H,76,INFLOW,20151105,2300,-1706, ,CFS
SHA,H,76,INFLOW,20151106,0000,1960, ,CFS
SHA,H,76,INFLOW,20151106,0100,472, ,CFS
SHA,H,76,INFLOW,20151106,0200,3536, ,CFS
SHA,H,76,INFLOW,20151106,0300,-1342, ,CFS
SHA,H,76,INFLOW,20151106,0400,2004, ,CFS
SHA,H,76,INFLOW,20151106,0500,654, ,CFS
SHA,H,76,INFLOW,20151106,0600,1062, ,CFS
SHA,H,76,INFLOW,20151106,0700,866, ,CFS
SHA,H,76,INFLOW,20151106,0800,3847, ,CFS
SHA,H,76,INFLOW,20151106,0900,-23, ,CFS
SHA,H,76,INFLOW,20151106,1000,1245, ,CFS
SHA,H,76,INFLOW,20151106,1100,1260, ,CFS
SHA,H,76,INFLOW,20151106,1200,-390, ,CFS
SHA,H,76,INFLOW,20151106,1300,-297, ,CFS
SHA,H,76,INFLOW,20151106,1400,1128, ,CFS
SHA,H,76,INFLOW,20151106,1500,1331, ,CFS
SHA,H,76,INFLOW,20151106,1600,487, ,CFS
SHA,H,76,INFLOW,20151106,1700,-588, ,CFS
SHA,H,76,INFLOW,20151106,1800,2508, ,CFS
SHA,H,76,INFLOW,20151106,1900,3173, ,CFS
SHA,H,76,INFLOW,20151106,2000,12445, ,CFS
SHA,H,76,INFLOW,20151106,2100,1413, ,CFS
SHA,H,76,INFLOW,20151106,2200,5118, ,CFS
SHA,H,76,INFLOW,20151106,2300,5268, ,CFS
SHA,H,76,INFLOW,20151107,0000,-3820, ,CFS
SHA,H,76,INFLOW,20151107,0100,6097, ,CFS
SHA,H,76,INFLOW,20151107,0200,1150, ,CFS
SHA,H,76,INFLOW,20151107,0300,-1865, ,CFS
SHA,H,76,INFLOW,20151107,0400,4717, ,CFS
SHA,H,76,INFLOW,20151107,0500,1803, ,CFS
SHA,H,76,INFLOW,20151107,0600,-1089, ,CFS
SHA,H,76,INFLOW,20151107,0700,7025, ,CFS
SHA,H,76,INFLOW,20151107,0800,3886, ,CFS
SHA,H,76,INFLOW,20151107,0900,2362, ,CFS
SHA,H,76,INFLOW,20151107,1000,667, ,CFS
SHA,H,76,INFLOW,20151107,1100,2931, ,CFS
SHA,H,76,INFLOW,20151107,1200,1140, ,CFS
SHA,H,76,INFLOW,20151107,1300,809, ,CFS
SHA,H,76,INFLOW,20151107,1400,803, ,CFS
SHA,H,76,INFLOW,20151107,1500,898, ,CFS
SHA,H,76,INFLOW,20151107,1600,1557, ,CFS
SHA,H,76,INFLOW,20151107,1700,-958, ,CFS
SHA,H,76,INFLOW,20151107,1800,5760, ,CFS
SHA,H,76,INFLOW,20151107,1900,1430, ,CFS
SHA,H,76,INFLOW,20151107,2000,3838, ,CFS
SHA,H,76,INFLOW,20151107,2100,645, ,CFS
SHA,H,76,INFLOW,20151107,2200,5472, ,CFS
SHA,H,76,INFLOW,20151107,2300,3657, ,CFS
SHA,H,76,INFLOW,20151108,0000,1066, ,CFS
SHA,H,76,INFLOW,20151108,0100,10057, ,CFS
SHA,H,76,INFLOW,20151108,0200,2070, ,CFS
SHA,H,76,INFLOW,20151108,0300,2371, ,CFS
SHA,H,76,INFLOW,20151108,0400,2284, ,CFS
SHA,H,76,INFLOW,20151108,0500,2435, ,CFS
SHA,H,76,INFLOW,20151108,0600,1285, ,CFS
SHA,H,76,INFLOW,20151108,0700,3236, ,CFS
SHA,H,76,INFLOW,20151108,0800,179, ,CFS
SHA,H,76,INFLOW,20151108,0900,-140, ,CFS
SHA,H,76,INFLOW,20151108,1000,2596, ,CFS
SHA,H,76,INFLOW,20151108,1100,1141, ,CFS
SHA,H,76,INFLOW,20151108,1200,3521, ,CFS
SHA,H,76,INFLOW,20151108,1300,2043, ,CFS
SHA,H,76,INFLOW,20151108,1400,3005, ,CFS
SHA,H,76,INFLOW,20151108,1500,-430, ,CFS
SHA,H,76,INFLOW,20151108,1600,-222, ,CFS
SHA,H,76,INFLOW,20151108,1700,1870, ,CFS
SHA,H,76,INFLOW,20151108,1800,5570, ,CFS
SHA,H,76,INFLOW,20151108,1900,4778, ,CFS
SHA,H,76,INFLOW,20151108,2000,10747, ,CFS
SHA,H,76,INFLOW,20151108,2100,5379, ,CFS
SHA,H,76,INFLOW,20151108,2200,2669, ,CFS
SHA,H,76,INFLOW,20151108,2300,6918, ,CFS
SHA,H,76,INFLOW,20151109,0000,740, ,CFS
SHA,H,76,INFLOW,20151109,0100,1120, ,CFS
SHA,H,76,INFLOW,20151109,0200,2641, ,CFS
SHA,H,76,INFLOW,20151109,0300,1556, ,CFS
SHA,H,76,INFLOW,20151109,0400,1714, ,CFS
SHA,H,76,INFLOW,20151109,0500,3499, ,CFS
SHA,H,76,INFLOW,20151109,0600,2447, ,CFS
SHA,H,76,INFLOW,20151109,0700,4872, ,CFS
SHA,H,76,INFLOW,20151109,0800,8897, ,CFS
SHA,H,76,INFLOW,20151109,0900,8340, ,CFS
SHA,H,76,INFLOW,20151109,1000,3836, ,CFS
SHA,H,76,INFLOW,20151109,1100,2207, ,CFS
SHA,H,76,INFLOW,20151109,1200,2018, ,CFS
SHA,H,76,INFLOW,20151109,1300,1363, ,CFS
SHA,H,76,INFLOW,20151109,1400,3213, ,CFS
SHA,H,76,INFLOW,20151109,1500,1330, ,CFS
SHA,H,76,INFLOW,20151109,1600,195, ,CFS
SHA,H,76,INFLOW,20151109,1700,4294, ,CFS
SHA,H,76,INFLOW,20151109,1800,7302, ,CFS
SHA,H,76,INFLOW,20151109,1900,4346, ,CFS
SHA,H,76,INFLOW,20151109,2000,8533, ,CFS
SHA,H,76,INFLOW,20151109,2100,6104, ,CFS
SHA,H,76,INFLOW,20151109,2200,3306, ,CFS
SHA,H,76,INFLOW,20151109,2300,2632, ,CFS
SHA,H,76,INFLOW,20151110,0000,1836, ,CFS
SHA,H,76,INFLOW,20151110,0100,1709, ,CFS
SHA,H,76,INFLOW,20151110,0200,1658, ,CFS
SHA,H,76,INFLOW,20151110,0300,3336, ,CFS
SHA,H,76,INFLOW,20151110,0400,1766, ,CFS
SHA,H,76,INFLOW,20151110,0500,1815, ,CFS
SHA,H,76,INFLOW,20151110,0600,4202, ,CFS
SHA,H,76,INFLOW,20151110,0700,2788, ,CFS
SHA,H,76,INFLOW,20151110,0800,4511, ,CFS
SHA,H,76,INFLOW,20151110,0900,5968, ,CFS
SHA,H,76,INFLOW,20151110,1000,2082, ,CFS
SHA,H,76,INFLOW,20151110,1100,3575, ,CFS
SHA,H,76,INFLOW,20151110,1200,1932, ,CFS
SHA,H,76,INFLOW,20151110,1300,3580, ,CFS
SHA,H,76,INFLOW,20151110,1400,2095, ,CFS
SHA,H,76,INFLOW,20151110,1500,3945, ,CFS
SHA,H,76,INFLOW,20151110,1600,1179, ,CFS
SHA,H,76,INFLOW,20151110,1700,326, ,CFS
SHA,H,76,INFLOW,20151110,1800,2949, ,CFS
SHA,H,76,INFLOW,20151110,1900,8299, ,CFS
SHA,H,76,INFLOW,20151110,2000,6766, ,CFS
SHA,H,76,INFLOW,20151110,2100,7479, ,CFS
SHA,H,76,INFLOW,20151110,2200,7329, ,CFS
SHA,H,76,INFLOW,20151110,2300,6038, ,CFS
SHA,H,76,INFLOW,20151111,0000,6837, ,CFS
SHA,H,76,INFLOW,20151111,0100,4383, ,CFS
SHA,H,76,INFLOW,20151111,0200,-477, ,CFS
SHA,H,76,INFLOW,20151111,0300,3093, ,CFS
SHA,H,76,INFLOW,20151111,0400,1485, ,CFS
SHA,H,76,INFLOW,20151111,0500,1821, ,CFS
SHA,H,76,INFLOW,20151111,0600,-559, ,CFS
SHA,H,76,INFLOW,20151111,0700,2339, ,CFS
SHA,H,76,INFLOW,20151111,0800,9499, ,CFS
SHA,H,76,INFLOW,20151111,0900,813, ,CFS
SHA,H,76,INFLOW,20151111,1000,632, ,CFS
SHA,H,76,INFLOW,20151111,1100,3743, ,CFS
SHA,H,76,INFLOW,20151111,1200,-1733, ,CFS
SHA,H,76,INFLOW,20151111,1300,2172, ,CFS
SHA,H,76,INFLOW,20151111,1400,3864, ,CFS
SHA,H,76,INFLOW,20151111,1500,-2536, ,CFS
SHA,H,76,INFLOW,20151111,1600,1316, ,CFS
SHA,H,76,INFLOW,20151111,1700,2182, ,CFS
SHA,H,76,INFLOW,20151111,1800,1242, ,CFS
SHA,H,76,INFLOW,20151111,1900,1823, ,CFS
SHA,H,76,INFLOW,20151111,2000,14422, ,CFS
SHA,H,76,INFLOW,20151111,2100,2394, ,CFS
SHA,H,76,INFLOW,20151111,2200,6385, ,CFS
SHA,H,76,INFLOW,20151111,2300,12340, ,CFS
SHA,H,76,INFLOW,20151112,0000,2064, ,CFS
SHA,H,76,INFLOW,20151112,0100,7947, ,CFS
SHA,H,76,INFLOW,20151112,0200,2831, ,CFS
SHA,H,76,INFLOW,20151112,0300,1338, ,CFS
SHA,H,76,INFLOW,20151112,0400,1655, ,CFS
SHA,H,76,INFLOW,20151112,0500,2250, ,CFS
SHA,H,76,INFLOW,20151112,0600,948, ,CFS
SHA,H,76,INFLOW,20151112,0700,3186, ,CFS
SHA,H,76,INFLOW,20151112,0800,2315, ,CFS
SHA,H,76,INFLOW,20151112,0900,6588, ,CFS
SHA,H,76,INFLOW,20151112,1000,8329, ,CFS
SHA,H,76,INFLOW,20151112,1100,-1095, ,CFS
SHA,H,76,INFLOW,20151112,1200,987, ,CFS
SHA,H,76,INFLOW,20151112,1300,2853, ,CFS
SHA,H,76,INFLOW,20151112,1400,-2192, ,CFS
SHA,H,76,INFLOW,20151112,1500,768, ,CFS
SHA,H,76,INFLOW,20151112,1600,4370, ,CFS
SHA,H,76,INFLOW,20151112,1700,-3152, ,CFS
SHA,H,76,INFLOW,20151112,1800,2735, ,CFS
SHA,H,76,INFLOW,20151112,1900,227, ,CFS
SHA,H,76,INFLOW,20151112,2000,11217, ,CFS
SHA,H,76,INFLOW,20151112,2100,5942, ,CFS
SHA,H,76,INFLOW,20151112,2200,6144, ,CFS
SHA,H,76,INFLOW,20151112,2300,8853, ,CFS
SHA,H,76,INFLOW,20151113,0000,495, ,CFS
SHA,H,76,INFLOW,20151113,0100,4996, ,CFS
SHA,H,76,INFLOW,20151113,0200,3272, ,CFS
SHA,H,76,INFLOW,20151113,0300,216, ,CFS
SHA,H,76,INFLOW,20151113,0400,2046, ,CFS
SHA,H,76,INFLOW,20151113,0500,749, ,CFS
SHA,H,76,INFLOW,20151113,0600,-966, ,CFS
SHA,H,76,INFLOW,20151113,0700,1551, ,CFS
SHA,H,76,INFLOW,20151113,0800,11915, ,CFS
SHA,H,76,INFLOW,20151113,0900,-66, ,CFS
SHA,H,76,INFLOW,20151113,1000,1902, ,CFS
SHA,H,76,INFLOW,20151113,1100,6243, ,CFS
SHA,H,76,INFLOW,20151113,1200,-2191, ,CFS
SHA,H,76,INFLOW,20151113,1300,2651, ,CFS
SHA,H,76,INFLOW,20151113,1400,3176, ,CFS
SHA,H,76,INFLOW,20151113,1500,-1571, ,CFS
SHA,H,76,INFLOW,20151113,1600,1851, ,CFS
SHA,H,76,INFLOW,20151113,1700,395, ,CFS
SHA,H,76,INFLOW,20151113,1800,976, ,CFS
SHA,H,76,INFLOW,20151113,1900,8415, ,CFS
SHA,H,76,INFLOW,20151113,2000,7597, ,CFS
SHA,H,76,INFLOW,20151113,2100,7203, ,CFS
SHA,H,76,INFLOW,20151113,2200,3302, ,CFS
SHA,H,76,INFLOW,20151113,2300,106, ,CFS
SHA,H,76,INFLOW,20151114,0000,8756, ,CFS
SHA,H,76,INFLOW,20151114,0100,3520, ,CFS
SHA,H,76,INFLOW,20151114,0200,401, ,CFS
SHA,H,76,INFLOW,20151114,0300,3452, ,CFS
SHA,H,76,INFLOW,20151114,0400,268, ,CFS
SHA,H,76,INFLOW,20151114,0500,527, ,CFS
SHA,H,76,INFLOW,20151114,0600,2639, ,CFS
SHA,H,76,INFLOW,20151114,0700,1146, ,CFS
SHA,H,76,INFLOW,20151114,0800,8071, ,CFS
SHA,H,76,INFLOW,20151114,0900,-1899, ,CFS
SHA,H,76,INFLOW,20151114,1000,2624, ,CFS
SHA,H,76,INFLOW,20151114,1100,4387, ,CFS
SHA,H,76,INFLOW,20151114,1200,-2098, ,CFS
SHA,H,76,INFLOW,20151114,1300,1139, ,CFS
SHA,H,76,INFLOW,20151114,1400,1155, ,CFS
SHA,H,76,INFLOW,20151114,1500,-429, ,CFS
SHA,H,76,INFLOW,20151114,1600,1000, ,CFS
SHA,H,76,INFLOW,20151114,1700,1598, ,CFS
SHA,H,76,INFLOW,20151114,1800,1633, ,CFS
SHA,H,76,INFLOW,20151114,1900,9708, ,CFS
SHA,H,76,INFLOW,20151114,2000,2238, ,CFS
SHA,H,76,INFLOW,20151114,2100,407, ,CFS
SHA,H,76,INFLOW,20151114,2200,7966, ,CFS
SHA,H,76,INFLOW,20151114,2300,1630, ,CFS
SHA,H,76,INFLOW,20151115,0000,9314, ,CFS
SHA,H,76,INFLOW,20151115,0100,7586, ,CFS
SHA,H,76,INFLOW,20151115,0200,-2473, ,CFS
SHA,H,76,INFLOW,20151115,0300,6659, ,CFS
SHA,H,76,INFLOW,20151115,0400,-35, ,CFS
SHA,H,76,INFLOW,20151115,0500,997, ,CFS
SHA,H,76,INFLOW,20151115,0600,8029, ,CFS
SHA,H,76,INFLOW,20151115,0700,17431, ,CFS
SHA,H,76,INFLOW,20151115,0800,4408, ,CFS
SHA,H,76,INFLOW,20151115,0900,2893, ,CFS
SHA,H,76,INFLOW,20151115,1000,5886, ,CFS
SHA,H,76,INFLOW,20151115,1100,2407, ,CFS
SHA,H,76,INFLOW,20151115,1200,2095, ,CFS
SHA,H,76,INFLOW,20151115,1300,3364, ,CFS
SHA,H,76,INFLOW,20151115,1400,-1425, ,CFS
SHA,H,76,INFLOW,20151115,1500,-1377, ,CFS
SHA,H,76,INFLOW,20151115,1600,3884, ,CFS
SHA,H,76,INFLOW,20151115,1700,23, ,CFS
SHA,H,76,INFLOW,20151115,1800,263, ,CFS
SHA,H,76,INFLOW,20151115,1900,7513, ,CFS
SHA,H,76,INFLOW,20151115,2000,7003, ,CFS
SHA,H,76,INFLOW,20151115,2100,15429, ,CFS
SHA,H,76,INFLOW,20151115,2200,4210, ,CFS
SHA,H,76,INFLOW,20151115,2300,10193, ,CFS
SHA,H,76,INFLOW,20151116,0000,1680, ,CFS
SHA,H,76,INFLOW,20151116,0100,3150, ,CFS
SHA,H,76,INFLOW,20151116,0200,156, ,CFS
SHA,H,76,INFLOW,20151116,0300,3381, ,CFS
SHA,H,76,INFLOW,20151116,0400,-1206, ,CFS
SHA,H,76,INFLOW,20151116,0500,898, ,CFS
SHA,H,76,INFLOW,20151116,0600,2507, ,CFS
SHA,H,76,INFLOW,20151116,0700,-752, ,CFS
SHA,H,76,INFLOW,20151116,0800,15095, ,CFS
SHA,H,76,INFLOW,20151116,0900,5104, ,CFS
SHA,H,76,INFLOW,20151116,1000,-1457, ,CFS
SHA,H,76,INFLOW,20151116,1100,5067, ,CFS
SHA,H,76,INFLOW,20151116,1200,2171, ,CFS
SHA,H,76,INFLOW,20151116,1300,-1229, ,CFS
SHA,H,76,INFLOW,20151116,1400,3497, ,CFS
SHA,H,76,INFLOW,20151116,1500,552, ,CFS
SHA,H,76,INFLOW,20151116,1600,-151, ,CFS
SHA,H,76,INFLOW,20151116,1700,351, ,CFS
SHA,H,76,INFLOW,20151116,1800,4764, ,CFS
SHA,H,76,INFLOW,20151116,1900,-533, ,CFS
SHA,H,76,INFLOW,20151116,2000,7628, ,CFS
SHA,H,76,INFLOW,20151116,2100,-265, ,CFS
SHA,H,76,INFLOW,20151116,2200,6020, ,CFS
SHA,H,76,INFLOW,20151116,2300,8427, ,CFS
SHA,H,76,INFLOW,20151117,0000,6916, ,CFS
SHA,H,76,INFLOW,20151117,0100,8565, ,CFS
SHA,H,76,INFLOW,20151117,0200,5532, ,CFS
SHA,H,76,INFLOW,20151117,0300,1852, ,CFS
SHA,H,76,INFLOW,20151117,0400,5062, ,CFS
SHA,H,76,INFLOW,20151117,0500,175, ,CFS
SHA,H,76,INFLOW,20151117,0600,-843, ,CFS
SHA,H,76,INFLOW,20151117,0700,2053, ,CFS
SHA,H,76,INFLOW,20151117,0800,5933, ,CFS
SHA,H,76,INFLOW,20151117,0900,5152, ,CFS
SHA,H,76,INFLOW,20151117,1000,1563, ,CFS
SHA,H,76,INFLOW,20151117,1100,3165, ,CFS
SHA,H,76,INFLOW,20151117,1200,1818, ,CFS
SHA,H,76,INFLOW,20151117,1300,-78, ,CFS
SHA,H,76,INFLOW,20151117,1400,-824, ,CFS
SHA,H,76,INFLOW,20151117,1500,2696, ,CFS
SHA,H,76,INFLOW,20151117,1600,2058, ,CFS
SHA,H,76,INFLOW,20151117,1700,-1689, ,CFS
SHA,H,76,INFLOW,20151117,1800,-261, ,CFS
SHA,H,76,INFLOW,20151117,1900,785, ,CFS
SHA,H,76,INFLOW,20151117,2000,2934, ,CFS
SHA,H,76,INFLOW,20151117,2100,3867, ,CFS
SHA,H,76,INFLOW,20151117,2200,1935, ,CFS
SHA,H,76,INFLOW,20151117,2300,3606, ,CFS
SHA,H,76,INFLOW,20151118,0000,-3108, ,CFS
SHA,H,76,INFLOW,20151118,0100,4764, ,CFS
SHA,H,76,INFLOW,20151118,0200,1691, ,CFS
SHA,H,76,INFLOW,20151118,0300,108, ,CFS
SHA,H,76,INFLOW,20151118,0400,3454, ,CFS
SHA,H,76,INFLOW,20151118,0500,2412, ,CFS
SHA,H,76,INFLOW,20151118,0600,-2367, ,CFS
SHA,H,76,INFLOW,20151118,0700,-2942, ,CFS
SHA,H,76,INFLOW,20151118,0800,12389, ,CFS
SHA,H,76,INFLOW,20151118,0900,7324, ,CFS
SHA,H,76,INFLOW,20151118,1000,5045, ,CFS
SHA,H,76,INFLOW,20151118,1100,230, ,CFS
SHA,H,76,INFLOW,20151118,1200,-2133, ,CFS
SHA,H,76,INFLOW,20151118,1300,3188, ,CFS
SHA,H,76,INFLOW,20151118,1400,5294, ,CFS
SHA,H,76,INFLOW,20151118,1500,-5689, ,CFS
SHA,H,76,INFLOW,20151118,1600,762, ,CFS
SHA,H,76,INFLOW,20151118,1700,1995, ,CFS
SHA,H,76,INFLOW,20151118,1800,2079, ,CFS
SHA,H,76,INFLOW,20151118,1900,613, ,CFS
SHA,H,76,INFLOW,20151118,2000,3899, ,CFS
SHA,H,76,INFLOW,20151118,2100,-64, ,CFS
SHA,H,76,INFLOW,20151118,2200,711, ,CFS
SHA,H,76,INFLOW,20151118,2300,2457, ,CFS
SHA,H,76,INFLOW,20151119,0000,-188, ,CFS
SHA,H,76,INFLOW,20151119,0100,5311, ,CFS
SHA,H,76,INFLOW,20151119,0200,591, ,CFS
SHA,H,76,INFLOW,20151119,0300,-1861, ,CFS
SHA,H,76,INFLOW,20151119,0400,3016, ,CFS
SHA,H,76,INFLOW,20151119,0500,1499, ,CFS
SHA,H,76,INFLOW,20151119,0600,-941, ,CFS
SHA,H,76,INFLOW,20151119,0700,5685, ,CFS
SHA,H,76,INFLOW,20151119,0800,1043, ,CFS
SHA,H,76,INFLOW,20151119,0900,-1344, ,CFS
SHA,H,76,INFLOW,20151119,1000,4816, ,CFS
SHA,H,76,INFLOW,20151119,1100,2551, ,CFS
SHA,H,76,INFLOW,20151119,1200,1156, ,CFS
SHA,H,76,INFLOW,20151119,1300,-742, ,CFS
SHA,H,76,INFLOW,20151119,1400,-211, ,CFS
SHA,H,76,INFLOW,20151119,1500,1689, ,CFS
SHA,H,76,INFLOW,20151119,1600,1033, ,CFS
SHA,H,76,INFLOW,20151119,1700,729, ,CFS
SHA,H,76,INFLOW,20151119,1800,1884, ,CFS
SHA,H,76,INFLOW,20151119,1900,3335, ,CFS
SHA,H,76,INFLOW,20151119,2000,1182, ,CFS
SHA,H,76,INFLOW,20151119,2100,10, ,CFS
SHA,H,76,INFLOW,20151119,2200,398, ,CFS
SHA,H,76,INFLOW,20151119,2300,2141, ,CFS
SHA,H,76,INFLOW,20151120,0000,6103, ,CFS
SHA,H,76,INFLOW,20151120,0100,349, ,CFS
SHA,H,76,INFLOW,20151120,0200,-1209, ,CFS
SHA,H,76,INFLOW,20151120,0300,3363, ,CFS
SHA,H,76,INFLOW,20151120,0400,138, ,CFS
SHA,H,76,INFLOW,20151120,0500,3429, ,CFS
SHA,H,76,INFLOW,20151120,0600,933, ,CFS
SHA,H,76,INFLOW,20151120,0700,8606, ,CFS
SHA,H,76,INFLOW,20151120,0800,-1782, ,CFS
SHA,H,76,INFLOW,20151120,0900,10117, ,CFS
SHA,H,76,INFLOW,20151120,1000,4013, ,CFS
SHA,H,76,INFLOW,20151120,1100,-2365, ,CFS
SHA,H,76,INFLOW,20151120,1200,2133, ,CFS
SHA,H,76,INFLOW,20151120,1300,2498, ,CFS
SHA,H,76,INFLOW,20151120,1400,-290, ,CFS
SHA,H,76,INFLOW,20151120,1500,1522, ,CFS
SHA,H,76,INFLOW,20151120,1600,283, ,CFS
SHA,H,76,INFLOW,20151120,1700,-881, ,CFS
SHA,H,76,INFLOW,20151120,1800,4964, ,CFS
SHA,H,76,INFLOW,20151120,1900,6705, ,CFS
SHA,H,76,INFLOW,20151120,2000,-2888, ,CFS
SHA,H,76,INFLOW,20151120,2100,3760, ,CFS
SHA,H,76,INFLOW,20151120,2200,618, ,CFS
SHA,H,76,INFLOW,20151120,2300,2813, ,CFS
SHA,H,76,INFLOW,20151121,0000,9886, ,CFS
SHA,H,76,INFLOW,20151121,0100,1954, ,CFS
SHA,H,76,INFLOW,20151121,0200,-1243, ,CFS
SHA,H,76,INFLOW,20151121,0300,1865, ,CFS
SHA,H,76,INFLOW,20151121,0400,131, ,CFS
SHA,H,76,INFLOW,20151121,0500,1443, ,CFS
SHA,H,76,INFLOW,20151121,0600,1690, ,CFS
SHA,H,76,INFLOW,20151121,0700,3936, ,CFS
SHA,H,76,INFLOW,20151121,0800,10189, ,CFS
SHA,H,76,INFLOW,20151121,0900,2392, ,CFS
SHA,H,76,INFLOW,20151121,1000,-2418, ,CFS
SHA,H,76,INFLOW,20151121,1100,4080, ,CFS
SHA,H,76,INFLOW,20151121,1200,2461, ,CFS
SHA,H,76,INFLOW,20151121,1300,-2248, ,CFS
SHA,H,76,INFLOW,20151121,1400,1087, ,CFS
SHA,H,76,INFLOW,20151121,1500,2739, ,CFS
SHA,H,76,INFLOW,20151121,1600,-2180, ,CFS
SHA,H,76,INFLOW,20151121,1700,2183, ,CFS
SHA,H,76,INFLOW,20151121,1800,2502, ,CFS
SHA,H,76,INFLOW,20151121,1900,11360, ,CFS
SHA,H,76,INFLOW,20151121,2000,6570, ,CFS
SHA,H,76,INFLOW,20151121,2100,6156, ,CFS
SHA,H,76,INFLOW,20151121,2200,9858, ,CFS
SHA,H,76,INFLOW,20151121,2300,7649, ,CFS
SHA,H,76,INFLOW,20151122,0000,5669, ,CFS
SHA,H,76,INFLOW,20151122,0100,10048, ,CFS
SHA,H,76,INFLOW,20151122,0200,21, ,CFS
SHA,H,76,INFLOW,20151122,0300,1242, ,CFS
SHA,H,76,INFLOW,20151122,0400,2682, ,CFS
SHA,H,76,INFLOW,20151122,0500,1213, ,CFS
SHA,H,76,INFLOW,20151122,0600,-189, ,CFS
SHA,H,76,INFLOW,20151122,0700,4224, ,CFS
SHA,H,76,INFLOW,20151122,0800,-1437, ,CFS
SHA,H,76,INFLOW,20151122,0900,7249, ,CFS
SHA,H,76,INFLOW,20151122,1000,-3687, ,CFS
SHA,H,76,INFLOW,20151122,1100,2483, ,CFS
SHA,H,76,INFLOW,20151122,1200,4238, ,CFS
SHA,H,76,INFLOW,20151122,1300,-2786, ,CFS
SHA,H,76,INFLOW,20151122,1400,1939, ,CFS
SHA,H,76,INFLOW,20151122,1500,1944, ,CFS
SHA,H,76,INFLOW,20151122,1600,-754, ,CFS
SHA,H,76,INFLOW,20151122,1700,-1496, ,CFS
SHA,H,76,INFLOW,20151122,1800,5998, ,CFS
SHA,H,76,INFLOW,20151122,1900,5109, ,CFS
SHA,H,76,INFLOW,20151122,2000,219, ,CFS
SHA,H,76,INFLOW,20151122,2100,12155, ,CFS
SHA,H,76,INFLOW,20151122,2200,7704, ,CFS
SHA,H,76,INFLOW,20151122,2300,3290, ,CFS
SHA,H,76,INFLOW,20151123,0000,10284, ,CFS
SHA,H,76,INFLOW,20151123,0100,3093, ,CFS
SHA,H,76,INFLOW,20151123,0200,-2017, ,CFS
SHA,H,76,INFLOW,20151123,0300,4683, ,CFS
SHA,H,76,INFLOW,20151123,0400,81, ,CFS
SHA,H,76,INFLOW,20151123,0500,96, ,CFS
SHA,H,76,INFLOW,20151123,0600,4371, ,CFS
SHA,H,76,INFLOW,20151123,0700,-692, ,CFS
SHA,H,76,INFLOW,20151123,0800,11697, ,CFS
SHA,H,76,INFLOW,20151123,0900,4943, ,CFS
SHA,H,76,INFLOW,20151123,1000,44, ,CFS
SHA,H,76,INFLOW,20151123,1100,---, ,CFS
SHA,H,76,INFLOW,20151123,1200,2353, ,CFS
SHA,H,76,INFLOW,20151123,1300,-2191, ,CFS
SHA,H,76,INFLOW,20151123,1400,3892, ,CFS
SHA,H,76,INFLOW,20151123,1500,728, ,CFS
SHA,H,76,INFLOW,20151123,1600,-896, ,CFS
SHA,H,76,INFLOW,20151123,1700,236, ,CFS
SHA,H,76,INFLOW,20151123,1800,2537, ,CFS
SHA,H,76,INFLOW,20151123,1900,-614, ,CFS
SHA,H,76,INFLOW,20151123,2000,4455, ,CFS
SHA,H,76,INFLOW,20151123,2100,1576, ,CFS
SHA,H,76,INFLOW,20151123,2200,5578, ,CFS
SHA,H,76,INFLOW,20151123,2300,1194, ,CFS
SHA,H,76,INFLOW,20151124,0000,3974, ,CFS
SHA,H,76,INFLOW,20151124,0100,2787, ,CFS
SHA,H,76,INFLOW,20151124,0200,943, ,CFS
SHA,H,76,INFLOW,20151124,0300,4741, ,CFS
SHA,H,76,INFLOW,20151124,0400,1445, ,CFS
SHA,H,76,INFLOW,20151124,0500,1791, ,CFS
SHA,H,76,INFLOW,20151124,0600,663, ,CFS
SHA,H,76,INFLOW,20151124,0700,8690, ,CFS
SHA,H,76,INFLOW,20151124,0800,3270, ,CFS
SHA,H,76,INFLOW,20151124,0900,10146, ,CFS
SHA,H,76,INFLOW,20151124,1000,3143, ,CFS
SHA,H,76,INFLOW,20151124,1100,-2895, ,CFS
SHA,H,76,INFLOW,20151124,1200,3157, ,CFS
SHA,H,76,INFLOW,20151124,1300,5191, ,CFS
SHA,H,76,INFLOW,20151124,1400,-1458, ,CFS
SHA,H,76,INFLOW,20151124,1500,1778, ,CFS
SHA,H,76,INFLOW,20151124,1600,-813, ,CFS
SHA,H,76,INFLOW,20151124,1700,300, ,CFS
SHA,H,76,INFLOW,20151124,1800,5391, ,CFS
SHA,H,76,INFLOW,20151124,1900,1687, ,CFS
SHA,H,76,INFLOW,20151124,2000,201, ,CFS
SHA,H,76,INFLOW,20151124,2100,2695, ,CFS
SHA,H,76,INFLOW,20151124,2200,7098, ,CFS
SHA,H,76,INFLOW,20151124,2300,1581, ,CFS
SHA,H,76,INFLOW,20151125,0000,6519, ,CFS
SHA,H,76,INFLOW,20151125,0100,2057, ,CFS
SHA,H,76,INFLOW,20151125,0200,822, ,CFS
SHA,H,76,INFLOW,20151125,0300,1729, ,CFS
SHA,H,76,INFLOW,20151125,0400,1883, ,CFS
SHA,H,76,INFLOW,20151125,0500,-914, ,CFS
SHA,H,76,INFLOW,20151125,0600,-621, ,CFS
SHA,H,76,INFLOW,20151125,0700,14552, ,CFS
SHA,H,76,INFLOW,20151125,0800,5119, ,CFS
SHA,H,76,INFLOW,20151125,0900,672, ,CFS
SHA,H,76,INFLOW,20151125,1000,7864, ,CFS
SHA,H,76,INFLOW,20151125,1100,1909, ,CFS
SHA,H,76,INFLOW,20151125,1200,4957, ,CFS
SHA,H,76,INFLOW,20151125,1300,4546, ,CFS
SHA,H,76,INFLOW,20151125,1400,-2758, ,CFS
SHA,H,76,INFLOW,20151125,1500,1390, ,CFS
SHA,H,76,INFLOW,20151125,1600,4566, ,CFS
SHA,H,76,INFLOW,20151125,1700,-1201, ,CFS
SHA,H,76,INFLOW,20151125,1800,1601, ,CFS
SHA,H,76,INFLOW,20151125,1900,201, ,CFS
SHA,H,76,INFLOW,20151125,2000,946, ,CFS
SHA,H,76,INFLOW,20151125,2100,14117, ,CFS
SHA,H,76,INFLOW,20151125,2200,2330, ,CFS
SHA,H,76,INFLOW,20151125,2300,3219, ,CFS
SHA,H,76,INFLOW,20151126,0000,3250, ,CFS
SHA,H,76,INFLOW,20151126,0100,7677, ,CFS
SHA,H,76,INFLOW,20151126,0200,6212, ,CFS
SHA,H,76,INFLOW,20151126,0300,1530, ,CFS
SHA,H,76,INFLOW,20151126,0400,-160, ,CFS
SHA,H,76,INFLOW,20151126,0500,1568, ,CFS
SHA,H,76,INFLOW,20151126,0600,3252, ,CFS
SHA,H,76,INFLOW,20151126,0700,-971, ,CFS
SHA,H,76,INFLOW,20151126,0800,2317, ,CFS
SHA,H,76,INFLOW,20151126,0900,10463, ,CFS
SHA,H,76,INFLOW,20151126,1000,-2117, ,CFS
SHA,H,76,INFLOW,20151126,1100,-1801, ,CFS
SHA,H,76,INFLOW,20151126,1200,4567, ,CFS
SHA,H,76,INFLOW,20151126,1300,-692, ,CFS
SHA,H,76,INFLOW,20151126,1400,580, ,CFS
SHA,H,76,INFLOW,20151126,1500,3665, ,CFS
SHA,H,76,INFLOW,20151126,1600,-5401, ,CFS
SHA,H,76,INFLOW,20151126,1700,533, ,CFS
SHA,H,76,INFLOW,20151126,1800,3979, ,CFS
SHA,H,76,INFLOW,20151126,1900,-362, ,CFS
SHA,H,76,INFLOW,20151126,2000,7326, ,CFS
SHA,H,76,INFLOW,20151126,2100,858, ,CFS
SHA,H,76,INFLOW,20151126,2200,-1908, ,CFS
SHA,H,76,INFLOW,20151126,2300,5123, ,CFS
SHA,H,76,INFLOW,20151127,0000,-83, ,CFS
SHA,H,76,INFLOW,20151127,0100,2726, ,CFS
SHA,H,76,INFLOW,20151127,0200,2440, ,CFS
SHA,H,76,INFLOW,20151127,0300,-2233, ,CFS
SHA,H,76,INFLOW,20151127,0400,4149, ,CFS
SHA,H,76,INFLOW,20151127,0500,1124, ,CFS
SHA,H,76,INFLOW,20151127,0600,30, ,CFS
SHA,H,76,INFLOW,20151127,0700,-26, ,CFS
SHA,H,76,INFLOW,20151127,0800,11544, ,CFS
SHA,H,76,INFLOW,20151127,0900,1199, ,CFS
SHA,H,76,INFLOW,20151127,1000,3189, ,CFS
SHA,H,76,INFLOW,20151127,1100,3611, ,CFS
SHA,H,76,INFLOW,20151127,1200,-2799, ,CFS
SHA,H,76,INFLOW,20151127,1300,2035, ,CFS
SHA,H,76,INFLOW,20151127,1400,571, ,CFS
SHA,H,76,INFLOW,20151127,1500,263, ,CFS
SHA,H,76,INFLOW,20151127,1600,651, ,CFS
SHA,H,76,INFLOW,20151127,1700,974, ,CFS
SHA,H,76,INFLOW,20151127,1800,5628, ,CFS
SHA,H,76,INFLOW,20151127,1900,6619, ,CFS
SHA,H,76,INFLOW,20151127,2000,-4089, ,CFS
SHA,H,76,INFLOW,20151127,2100,746, ,CFS
SHA,H,76,INFLOW,20151127,2200,10541, ,CFS
SHA,H,76,INFLOW,20151127,2300,6377, ,CFS
SHA,H,76,INFLOW,20151128,0000,8005, ,CFS
SHA,H,76,INFLOW,20151128,0100,6396, ,CFS
SHA,H,76,INFLOW,20151128,0200,1789, ,CFS
SHA,H,76,INFLOW,20151128,0300,1662, ,CFS
SHA,H,76,INFLOW,20151128,0400,3459, ,CFS
SHA,H,76,INFLOW,20151128,0500,-1229, ,CFS
SHA,H,76,INFLOW,20151128,0600,448, ,CFS
SHA,H,76,INFLOW,20151128,0700,3002, ,CFS
SHA,H,76,INFLOW,20151128,0800,462, ,CFS
SHA,H,76,INFLOW,20151128,0900,727, ,CFS
SHA,H,76,INFLOW,20151128,1000,2418, ,CFS
SHA,H,76,INFLOW,20151128,1100,-1512, ,CFS
SHA,H,76,INFLOW,20151128,1200,2817, ,CFS
SHA,H,76,INFLOW,20151128,1300,474, ,CFS
SHA,H,76,INFLOW,20151128,1400,397, ,CFS
SHA,H,76,INFLOW,20151128,1500,2212, ,CFS
SHA,H,76,INFLOW,20151128,1600,910, ,CFS
SHA,H,76,INFLOW,20151128,1700,-2692, ,CFS
SHA,H,76,INFLOW,20151128,1800,763, ,CFS
SHA,H,76,INFLOW,20151128,1900,12781, ,CFS
SHA,H,76,INFLOW,20151128,2000,3561, ,CFS
SHA,H,76,INFLOW,20151128,2100,8257, ,CFS
SHA,H,76,INFLOW,20151128,2200,10575, ,CFS
SHA,H,76,INFLOW,20151128,2300,4022, ,CFS
SHA,H,76,INFLOW,20151129,0000,9442, ,CFS
SHA,H,76,INFLOW,20151129,0100,6429, ,CFS
SHA,H,76,INFLOW,20151129,0200,77, ,CFS
SHA,H,76,INFLOW,20151129,0300,1693, ,CFS
SHA,H,76,INFLOW,20151129,0400,3241, ,CFS
SHA,H,76,INFLOW,20151129,0500,-2945, ,CFS
SHA,H,76,INFLOW,20151129,0600,2225, ,CFS
SHA,H,76,INFLOW,20151129,0700,3276, ,CFS
SHA,H,76,INFLOW,20151129,0800,-1450, ,CFS
SHA,H,76,INFLOW,20151129,0900,3805, ,CFS
SHA,H,76,INFLOW,20151129,1000,162, ,CFS
SHA,H,76,INFLOW,20151129,1100,-1504, ,CFS
SHA,H,76,INFLOW,20151129,1200,1622, ,CFS
SHA,H,76,INFLOW,20151129,1300,1545, ,CFS
SHA,H,76,INFLOW,20151129,1400,509, ,CFS
SHA,H,76,INFLOW,20151129,1500,552, ,CFS
SHA,H,76,INFLOW,20151129,1600,1434, ,CFS
SHA,H,76,INFLOW,20151129,1700,-587, ,CFS
SHA,H,76,INFLOW,20151129,1800,2700, ,CFS
SHA,H,76,INFLOW,20151129,1900,2256, ,CFS
SHA,H,76,INFLOW,20151129,2000,10733, ,CFS
SHA,H,76,INFLOW,20151129,2100,7800, ,CFS
SHA,H,76,INFLOW,20151129,2200,4331, ,CFS
SHA,H,76,INFLOW,20151129,2300,3464, ,CFS
SHA,H,76,INFLOW,20151130,0000,-161, ,CFS
SHA,H,76,INFLOW,20151130,0100,1326, ,CFS
SHA,H,76,INFLOW,20151130,0200,4574, ,CFS
SHA,H,76,INFLOW,20151130,0300,1334, ,CFS
SHA,H,76,INFLOW,20151130,0400,-303, ,CFS
SHA,H,76,INFLOW,20151130,0500,227, ,CFS
SHA,H,76,INFLOW,20151130,0600,2260, ,CFS
SHA,H,76,INFLOW,20151130,0700,1325, ,CFS
SHA,H,76,INFLOW,20151130,0800,7234, ,CFS
SHA,H,76,INFLOW,20151130,0900,-5055, ,CFS
SHA,H,76,INFLOW,20151130,1000,4262, ,CFS
SHA,H,76,INFLOW,20151130,1100,11486, ,CFS
SHA,H,76,INFLOW,20151130,1200,-1216, ,CFS
SHA,H,76,INFLOW,20151130,1300,4989, ,CFS
SHA,H,76,INFLOW,20151130,1400,5995, ,CFS
SHA,H,76,INFLOW,20151130,1500,3684, ,CFS
SHA,H,76,INFLOW,20151130,1600,-943, ,CFS
SHA,H,76,INFLOW,20151130,1700,-398, ,CFS
SHA,H,76,INFLOW,20151130,1800,2963, ,CFS
SHA,H,76,INFLOW,20151130,1900,2738, ,CFS
SHA,H,76,INFLOW,20151130,2000,3464, ,CFS
SHA,H,76,INFLOW,20151130,2100,6850, ,CFS
SHA,H,76,INFLOW,20151130,2200,-75, ,CFS
SHA,H,76,INFLOW,20151130,2300,12057, ,CFS
SHA,H,76,INFLOW,20151201,0000,3109, ,CFS
SHA,H,76,INFLOW,20151201,0100,1825, ,CFS
SHA,H,76,INFLOW,20151201,0200,1804, ,CFS
SHA,H,76,INFLOW,20151201,0300,1748, ,CFS
SHA,H,76,INFLOW,20151201,0400,1968, ,CFS
SHA,H,76,INFLOW,20151201,0500,-692, ,CFS
SHA,H,76,INFLOW,20151201,0600,1588, ,CFS
SHA,H,76,INFLOW,20151201,0700,2985, ,CFS
SHA,H,76,INFLOW,20151201,0800,763, ,CFS
SHA,H,76,INFLOW,20151201,0900,425, ,CFS
SHA,H,76,INFLOW,20151201,1000,8097, ,CFS
SHA,H,76,INFLOW,20151201,1100,-3884, ,CFS
SHA,H,76,INFLOW,20151201,1200,2358, ,CFS
SHA,H,76,INFLOW,20151201,1300,4832, ,CFS
SHA,H,76,INFLOW,20151201,1400,-3012, ,CFS
SHA,H,76,INFLOW,20151201,1500,1752, ,CFS
SHA,H,76,INFLOW,20151201,1600,3759, ,CFS
SHA,H,76,INFLOW,20151201,1700,-1085, ,CFS
SHA,H,76,INFLOW,20151201,1800,2443, ,CFS
SHA,H,76,INFLOW,20151201,1900,2816, ,CFS
SHA,H,76,INFLOW,20151201,2000,2139, ,CFS
SHA,H,76,INFLOW,20151201,2100,8595, ,CFS
SHA,H,76,INFLOW,20151201,2200,9984, ,CFS
SHA,H,76,INFLOW,20151201,2300,1782, ,CFS
SHA,H,76,INFLOW,20151202,0000,-1195, ,CFS
SHA,H,76,INFLOW,20151202,0100,7434, ,CFS
SHA,H,76,INFLOW,20151202,0200,766, ,CFS
SHA,H,76,INFLOW,20151202,0300,-1178, ,CFS
SHA,H,76,INFLOW,20151202,0400,5136, ,CFS
SHA,H,76,INFLOW,20151202,0500,-2233, ,CFS
SHA,H,76,INFLOW,20151202,0600,238, ,CFS
SHA,H,76,INFLOW,20151202,0700,4758, ,CFS
SHA,H,76,INFLOW,20151202,0800,930, ,CFS
SHA,H,76,INFLOW,20151202,0900,4183, ,CFS
SHA,H,76,INFLOW,20151202,1000,5234, ,CFS
SHA,H,76,INFLOW,20151202,1100,3536, ,CFS
SHA,H,76,INFLOW,20151202,1200,19, ,CFS
SHA,H,76,INFLOW,20151202,1300,2789, ,CFS
SHA,H,76,INFLOW,20151202,1400,1326, ,CFS
SHA,H,76,INFLOW,20151202,1500,736, ,CFS
SHA,H,76,INFLOW,20151202,1600,2998, ,CFS
SHA,H,76,INFLOW,20151202,1700,-1318, ,CFS
SHA,H,76,INFLOW,20151202,1800,-373, ,CFS
SHA,H,76,INFLOW,20151202,1900,1594, ,CFS
SHA,H,76,INFLOW,20151202,2000,13424, ,CFS
SHA,H,76,INFLOW,20151202,2100,4363, ,CFS
SHA,H,76,INFLOW,20151202,2200,3451, ,CFS
SHA,H,76,INFLOW,20151202,2300,5708, ,CFS
SHA,H,76,INFLOW,20151203,0000,-1818, ,CFS
SHA,H,76,INFLOW,20151203,0100,4159, ,CFS
SHA,H,76,INFLOW,20151203,0200,2402, ,CFS
SHA,H,76,INFLOW,20151203,0300,301, ,CFS
SHA,H,76,INFLOW,20151203,0400,5188, ,CFS
SHA,H,76,INFLOW,20151203,0500,-2150, ,CFS
SHA,H,76,INFLOW,20151203,0600,-2493, ,CFS
SHA,H,76,INFLOW,20151203,0700,249, ,CFS
SHA,H,76,INFLOW,20151203,0800,7597, ,CFS
SHA,H,76,INFLOW,20151203,0900,4113, ,CFS
SHA,H,76,INFLOW,20151203,1000,2240, ,CFS
SHA,H,76,INFLOW,20151203,1100,6793, ,CFS
SHA,H,76,INFLOW,20151203,1200,4204, ,CFS
SHA,H,76,INFLOW,20151203,1300,7762, ,CFS
SHA,H,76,INFLOW,20151203,1400,-4759, ,CFS
SHA,H,76,INFLOW,20151203,1500,3458, ,CFS
SHA,H,76,INFLOW,20151203,1600,6838, ,CFS
SHA,H,76,INFLOW,20151203,1700,1369, ,CFS
SHA,H,76,INFLOW,20151203,1800,4899, ,CFS
SHA,H,76,INFLOW,20151203,1900,378, ,CFS
SHA,H,76,INFLOW,20151203,2000,6834, ,CFS
SHA,H,76,INFLOW,20151203,2100,7865, ,CFS
SHA,H,76,INFLOW,20151203,2200,9151, ,CFS
SHA,H,76,INFLOW,20151203,2300,2430, ,CFS
SHA,H,76,INFLOW,20151204,0000,-26, ,CFS
SHA,H,76,INFLOW,20151204,0100,2172, ,CFS
SHA,H,76,INFLOW,20151204,0200,8258, ,CFS
SHA,H,76,INFLOW,20151204,0300,1344, ,CFS
SHA,H,76,INFLOW,20151204,0400,1169, ,CFS
SHA,H,76,INFLOW,20151204,0500,6628, ,CFS
SHA,H,76,INFLOW,20151204,0600,-1337, ,CFS
SHA,H,76,INFLOW,20151204,0700,2963, ,CFS
SHA,H,76,INFLOW,20151204,0800,3909, ,CFS
SHA,H,76,INFLOW,20151204,0900,8165, ,CFS
SHA,H,76,INFLOW,20151204,1000,905, ,CFS
SHA,H,76,INFLOW,20151204,1100,5155, ,CFS
SHA,H,76,INFLOW,20151204,1200,4909, ,CFS
SHA,H,76,INFLOW,20151204,1300,-1384, ,CFS
SHA,H,76,INFLOW,20151204,1400,1137, ,CFS
SHA,H,76,INFLOW,20151204,1500,2854, ,CFS
SHA,H,76,INFLOW,20151204,1600,1509, ,CFS
SHA,H,76,INFLOW,20151204,1700,1457, ,CFS
SHA,H,76,INFLOW,20151204,1800,1235, ,CFS
SHA,H,76,INFLOW,20151204,1900,1222, ,CFS
SHA,H,76,INFLOW,20151204,2000,10549, ,CFS
SHA,H,76,INFLOW,20151204,2100,-2237, ,CFS
SHA,H,76,INFLOW,20151204,2200,-105, ,CFS
SHA,H,76,INFLOW,20151204,2300,7943, ,CFS
SHA,H,76,INFLOW,20151205,0000,1603, ,CFS
SHA,H,76,INFLOW,20151205,0100,-172, ,CFS
SHA,H,76,INFLOW,20151205,0200,6044, ,CFS
SHA,H,76,INFLOW,20151205,0300,-521, ,CFS
SHA,H,76,INFLOW,20151205,0400,895, ,CFS
SHA,H,76,INFLOW,20151205,0500,4419, ,CFS
SHA,H,76,INFLOW,20151205,0600,137, ,CFS
SHA,H,76,INFLOW,20151205,0700,1059, ,CFS
SHA,H,76,INFLOW,20151205,0800,4674, ,CFS
SHA,H,76,INFLOW,20151205,0900,1382, ,CFS
SHA,H,76,INFLOW,20151205,1000,6041, ,CFS
SHA,H,76,INFLOW,20151205,1100,328, ,CFS
SHA,H,76,INFLOW,20151205,1200,-259, ,CFS
SHA,H,76,INFLOW,20151205,1300,2744, ,CFS
SHA,H,76,INFLOW,20151205,1400,-314, ,CFS
SHA,H,76,INFLOW,20151205,1500,1237, ,CFS
SHA,H,76,INFLOW,20151205,1600,1715, ,CFS
SHA,H,76,INFLOW,20151205,1700,438, ,CFS
SHA,H,76,INFLOW,20151205,1800,2579, ,CFS
SHA,H,76,INFLOW,20151205,1900,-221, ,CFS
SHA,H,76,INFLOW,20151205,2000,9436, ,CFS
SHA,H,76,INFLOW,20151205,2100,-709, ,CFS
SHA,H,76,INFLOW,20151205,2200,7775, ,CFS
SHA,H,76,INFLOW,20151205,2300,9581, ,CFS
SHA,H,76,INFLOW,20151206,0000,-2333, ,CFS
SHA,H,76,INFLOW,20151206,0100,17752, ,CFS
SHA,H,76,INFLOW,20151206,0200,4938, ,CFS
SHA,H,76,INFLOW,20151206,0300,-1654, ,CFS
SHA,H,76,INFLOW,20151206,0400,3642, ,CFS
SHA,H,76,INFLOW,20151206,0500,8250, ,CFS
SHA,H,76,INFLOW,20151206,0600,3450, ,CFS
SHA,H,76,INFLOW,20151206,0700,5296, ,CFS
SHA,H,76,INFLOW,20151206,0800,82, ,CFS
SHA,H,76,INFLOW,20151206,0900,4503, ,CFS
SHA,H,76,INFLOW,20151206,1000,4419, ,CFS
SHA,H,76,INFLOW,20151206,1100,1300, ,CFS
SHA,H,76,INFLOW,20151206,1200,1396, ,CFS
SHA,H,76,INFLOW,20151206,1300,1847, ,CFS
SHA,H,76,INFLOW,20151206,1400,4931, ,CFS
SHA,H,76,INFLOW,20151206,1500,1118, ,CFS
SHA,H,76,INFLOW,20151206,1600,-1522, ,CFS
SHA,H,76,INFLOW,20151206,1700,3561, ,CFS
SHA,H,76,INFLOW,20151206,1800,4499, ,CFS
SHA,H,76,INFLOW,20151206,1900,8324, ,CFS
SHA,H,76,INFLOW,20151206,2000,3207, ,CFS
SHA,H,76,INFLOW,20151206,2100,8416, ,CFS
SHA,H,76,INFLOW,20151206,2200,8421, ,CFS
SHA,H,76,INFLOW,20151206,2300,7476, ,CFS
SHA,H,76,INFLOW,20151207,0000,462, ,CFS
SHA,H,76,INFLOW,20151207,0100,1623, ,CFS
SHA,H,76,INFLOW,20151207,0200,1707, ,CFS
SHA,H,76,INFLOW,20151207,0300,1896, ,CFS
SHA,H,76,INFLOW,20151207,0400,3706, ,CFS
SHA,H,76,INFLOW,20151207,0500,364, ,CFS
SHA,H,76,INFLOW,20151207,0600,1310, ,CFS
SHA,H,76,INFLOW,20151207,0700,3238, ,CFS
SHA,H,76,INFLOW,20151207,0800,2343, ,CFS
SHA,H,76,INFLOW,20151207,0900,226, ,CFS
SHA,H,76,INFLOW,20151207,1000,1368, ,CFS
SHA,H,76,INFLOW,20151207,1100,7582, ,CFS
SHA,H,76,INFLOW,20151207,1200,-518, ,CFS
SHA,H,76,INFLOW,20151207,1300,-229, ,CFS
SHA,H,76,INFLOW,20151207,1400,1809, ,CFS
SHA,H,76,INFLOW,20151207,1500,3507, ,CFS
SHA,H,76,INFLOW,20151207,1600,135, ,CFS
SHA,H,76,INFLOW,20151207,1700,113, ,CFS
SHA,H,76,INFLOW,20151207,1800,4028, ,CFS
SHA,H,76,INFLOW,20151207,1900,4665, ,CFS
SHA,H,76,INFLOW,20151207,2000,5962, ,CFS
SHA,H,76,INFLOW,20151207,2100,11580, ,CFS
SHA,H,76,INFLOW,20151207,2200,6447, ,CFS
SHA,H,76,INFLOW,20151207,2300,5467, ,CFS
SHA,H,76,INFLOW,20151208,0000,6168, ,CFS
SHA,H,76,INFLOW,20151208,0100,695, ,CFS
SHA,H,76,INFLOW,20151208,0200,5725, ,CFS
SHA,H,76,INFLOW,20151208,0300,2719, ,CFS
SHA,H,76,INFLOW,20151208,0400,-529, ,CFS
SHA,H,76,INFLOW,20151208,0500,4216, ,CFS
SHA,H,76,INFLOW,20151208,0600,-1085, ,CFS
SHA,H,76,INFLOW,20151208,0700,2456, ,CFS
SHA,H,76,INFLOW,20151208,0800,7039, ,CFS
SHA,H,76,INFLOW,20151208,0900,-1188, ,CFS
SHA,H,76,INFLOW,20151208,1000,12568, ,CFS
SHA,H,76,INFLOW,20151208,1100,3499, ,CFS
SHA,H,76,INFLOW,20151208,1200,-4654, ,CFS
SHA,H,76,INFLOW,20151208,1300,6348, ,CFS
SHA,H,76,INFLOW,20151208,1400,1945, ,CFS
SHA,H,76,INFLOW,20151208,1500,331, ,CFS
SHA,H,76,INFLOW,20151208,1600,5253, ,CFS
SHA,H,76,INFLOW,20151208,1700,-2120, ,CFS
SHA,H,76,INFLOW,20151208,1800,-265, ,CFS
SHA,H,76,INFLOW,20151208,1900,15236, ,CFS
SHA,H,76,INFLOW,20151208,2000,-2827, ,CFS
SHA,H,76,INFLOW,20151208,2100,13702, ,CFS
SHA,H,76,INFLOW,20151208,2200,7222, ,CFS
SHA,H,76,INFLOW,20151208,2300,1616, ,CFS
SHA,H,76,INFLOW,20151209,0000,9744, ,CFS
SHA,H,76,INFLOW,20151209,0100,-1116, ,CFS
SHA,H,76,INFLOW,20151209,0200,86, ,CFS
SHA,H,76,INFLOW,20151209,0300,3405, ,CFS
SHA,H,76,INFLOW,20151209,0400,2364, ,CFS
SHA,H,76,INFLOW,20151209,0500,2226, ,CFS
SHA,H,76,INFLOW,20151209,0600,-877, ,CFS
SHA,H,76,INFLOW,20151209,0700,-214, ,CFS
SHA,H,76,INFLOW,20151209,0800,12777, ,CFS
SHA,H,76,INFLOW,20151209,0900,10814, ,CFS
SHA,H,76,INFLOW,20151209,1000,5752, ,CFS
SHA,H,76,INFLOW,20151209,1100,5305, ,CFS
SHA,H,76,INFLOW,20151209,1200,2249, ,CFS
SHA,H,76,INFLOW,20151209,1300,1852, ,CFS
SHA,H,76,INFLOW,20151209,1400,6998, ,CFS
SHA,H,76,INFLOW,20151209,1500,5369, ,CFS
SHA,H,76,INFLOW,20151209,1600,3576, ,CFS
SHA,H,76,INFLOW,20151209,1700,3392, ,CFS
SHA,H,76,INFLOW,20151209,1800,8480, ,CFS
SHA,H,76,INFLOW,20151209,1900,5797, ,CFS
SHA,H,76,INFLOW,20151209,2000,10280, ,CFS
SHA,H,76,INFLOW,20151209,2100,13654, ,CFS
SHA,H,76,INFLOW,20151209,2200,7256, ,CFS
SHA,H,76,INFLOW,20151209,2300,10440, ,CFS
SHA,H,76,INFLOW,20151210,0000,13247, ,CFS
SHA,H,76,INFLOW,20151210,0100,8083, ,CFS
SHA,H,76,INFLOW,20151210,0200,6426, ,CFS
SHA,H,76,INFLOW,20151210,0300,2976, ,CFS
SHA,H,76,INFLOW,20151210,0400,19097, ,CFS
SHA,H,76,INFLOW,20151210,0500,6496, ,CFS
SHA,H,76,INFLOW,20151210,0600,6641, ,CFS
SHA,H,76,INFLOW,20151210,0700,2694, ,CFS
SHA,H,76,INFLOW,20151210,0800,18008, ,CFS
SHA,H,76,INFLOW,20151210,0900,14752, ,CFS
SHA,H,76,INFLOW,20151210,1000,10325, ,CFS
SHA,H,76,INFLOW,20151210,1100,5119, ,CFS
SHA,H,76,INFLOW,20151210,1200,4585, ,CFS
SHA,H,76,INFLOW,20151210,1300,10957, ,CFS
SHA,H,76,INFLOW,20151210,1400,3205, ,CFS
SHA,H,76,INFLOW,20151210,1500,2376, ,CFS
SHA,H,76,INFLOW,20151210,1600,7112, ,CFS
SHA,H,76,INFLOW,20151210,1700,5360, ,CFS
SHA,H,76,INFLOW,20151210,1800,3706, ,CFS
SHA,H,76,INFLOW,20151210,1900,8706, ,CFS
SHA,H,76,INFLOW,20151210,2000,6157, ,CFS
SHA,H,76,INFLOW,20151210,2100,13096, ,CFS
SHA,H,76,INFLOW,20151210,2200,9647, ,CFS
SHA,H,76,INFLOW,20151210,2300,7827, ,CFS
SHA,H,76,INFLOW,20151211,0000,4681, ,CFS
SHA,H,76,INFLOW,20151211,0100,9093, ,CFS
SHA,H,76,INFLOW,20151211,0200,5637, ,CFS
SHA,H,76,INFLOW,20151211,0300,-368, ,CFS
SHA,H,76,INFLOW,20151211,0400,4517, ,CFS
SHA,H,76,INFLOW,20151211,0500,4658, ,CFS
SHA,H,76,INFLOW,20151211,0600,2023, ,CFS
SHA,H,76,INFLOW,20151211,0700,1900, ,CFS
SHA,H,76,INFLOW,20151211,0800,10198, ,CFS
SHA,H,76,INFLOW,20151211,0900,-4155, ,CFS
SHA,H,76,INFLOW,20151211,1000,11269, ,CFS
SHA,H,76,INFLOW,20151211,1100,7280, ,CFS
SHA,H,76,INFLOW,20151211,1200,-2135, ,CFS
SHA,H,76,INFLOW,20151211,1300,8337, ,CFS
SHA,H,76,INFLOW,20151211,1400,2229, ,CFS
SHA,H,76,INFLOW,20151211,1500,-1097, ,CFS
SHA,H,76,INFLOW,20151211,1600,6577, ,CFS
SHA,H,76,INFLOW,20151211,1700,1626, ,CFS
SHA,H,76,INFLOW,20151211,1800,2433, ,CFS
SHA,H,76,INFLOW,20151211,1900,7514, ,CFS
SHA,H,76,INFLOW,20151211,2000,8254, ,CFS
SHA,H,76,INFLOW,20151211,2100,4482, ,CFS
SHA,H,76,INFLOW,20151211,2200,6605, ,CFS
SHA,H,76,INFLOW,20151211,2300,12317, ,CFS
SHA,H,76,INFLOW,20151212,0000,108, ,CFS
SHA,H,76,INFLOW,20151212,0100,10725, ,CFS
SHA,H,76,INFLOW,20151212,0200,7785, ,CFS
SHA,H,76,INFLOW,20151212,0300,-1842, ,CFS
SHA,H,76,INFLOW,20151212,0400,4595, ,CFS
SHA,H,76,INFLOW,20151212,0500,3224, ,CFS
SHA,H,76,INFLOW,20151212,0600,707, ,CFS
SHA,H,76,INFLOW,20151212,0700,4141, ,CFS
SHA,H,76,INFLOW,20151212,0800,10580, ,CFS
SHA,H,76,INFLOW,20151212,0900,6170, ,CFS
SHA,H,76,INFLOW,20151212,1000,4429, ,CFS
SHA,H,76,INFLOW,20151212,1100,4642, ,CFS
SHA,H,76,INFLOW,20151212,1200,2105, ,CFS
SHA,H,76,INFLOW,20151212,1300,4337, ,CFS
SHA,H,76,INFLOW,20151212,1400,4538, ,CFS
SHA,H,76,INFLOW,20151212,1500,4881, ,CFS
SHA,H,76,INFLOW,20151212,1600,3536, ,CFS
SHA,H,76,INFLOW,20151212,1700,-513, ,CFS
SHA,H,76,INFLOW,20151212,1800,6270, ,CFS
SHA,H,76,INFLOW,20151212,1900,11190, ,CFS
SHA,H,76,INFLOW,20151212,2000,6805, ,CFS
SHA,H,76,INFLOW,20151212,2100,7691, ,CFS
SHA,H,76,INFLOW,20151212,2200,9263, ,CFS
SHA,H,76,INFLOW,20151212,2300,10022, ,CFS
SHA,H,76,INFLOW,20151213,0000,4882, ,CFS
SHA,H,76,INFLOW,20151213,0100,9685, ,CFS
SHA,H,76,INFLOW,20151213,0200,6579, ,CFS
SHA,H,76,INFLOW,20151213,0300,4750, ,CFS
SHA,H,76,INFLOW,20151213,0400,10895, ,CFS
SHA,H,76,INFLOW,20151213,0500,11038, ,CFS
SHA,H,76,INFLOW,20151213,0600,8742, ,CFS
SHA,H,76,INFLOW,20151213,0700,23697, ,CFS
SHA,H,76,INFLOW,20151213,0800,15894, ,CFS
SHA,H,76,INFLOW,20151213,0900,12703, ,CFS
SHA,H,76,INFLOW,20151213,1000,23168, ,CFS
SHA,H,76,INFLOW,20151213,1100,11563, ,CFS
SHA,H,76,INFLOW,20151213,1200,11093, ,CFS
SHA,H,76,INFLOW,20151213,1300,10424, ,CFS
SHA,H,76,INFLOW,20151213,1400,9703, ,CFS
SHA,H,76,INFLOW,20151213,1500,6929, ,CFS
SHA,H,76,INFLOW,20151213,1600,11196, ,CFS
SHA,H,76,INFLOW,20151213,1700,10701, ,CFS
SHA,H,76,INFLOW,20151213,1800,13406, ,CFS
SHA,H,76,INFLOW,20151213,1900,15364, ,CFS
SHA,H,76,INFLOW,20151213,2000,4554, ,CFS
SHA,H,76,INFLOW,20151213,2100,16066, ,CFS
SHA,H,76,INFLOW,20151213,2200,16447, ,CFS
SHA,H,76,INFLOW,20151213,2300,8932, ,CFS
SHA,H,76,INFLOW,20151214,0000,11212, ,CFS
SHA,H,76,INFLOW,20151214,0100,9509, ,CFS
SHA,H,76,INFLOW,20151214,0200,4598, ,CFS
SHA,H,76,INFLOW,20151214,0300,6318, ,CFS
SHA,H,76,INFLOW,20151214,0400,9765, ,CFS
SHA,H,76,INFLOW,20151214,0500,2182, ,CFS
SHA,H,76,INFLOW,20151214,0600,4310, ,CFS
SHA,H,76,INFLOW,20151214,0700,11136, ,CFS
SHA,H,76,INFLOW,20151214,0800,9432, ,CFS
SHA,H,76,INFLOW,20151214,0900,5132, ,CFS
SHA,H,76,INFLOW,20151214,1000,13246, ,CFS
SHA,H,76,INFLOW,20151214,1100,4798, ,CFS
SHA,H,76,INFLOW,20151214,1200,3159, ,CFS
SHA,H,76,INFLOW,20151214,1300,2434, ,CFS
SHA,H,76,INFLOW,20151214,1400,4099, ,CFS
SHA,H,76,INFLOW,20151214,1500,7073, ,CFS
SHA,H,76,INFLOW,20151214,1600,2598, ,CFS
SHA,H,76,INFLOW,20151214,1700,10, ,CFS
SHA,H,76,INFLOW,20151214,1800,6283, ,CFS
SHA,H,76,INFLOW,20151214,1900,2652, ,CFS
SHA,H,76,INFLOW,20151214,2000,4983, ,CFS
SHA,H,76,INFLOW,20151214,2100,6389, ,CFS
SHA,H,76,INFLOW,20151214,2200,1598, ,CFS
SHA,H,76,INFLOW,20151214,2300,4734, ,CFS
SHA,H,76,INFLOW,20151215,0000,2184, ,CFS
SHA,H,76,INFLOW,20151215,0100,3182, ,CFS
SHA,H,76,INFLOW,20151215,0200,3544, ,CFS
SHA,H,76,INFLOW,20151215,0300,5234, ,CFS
SHA,H,76,INFLOW,20151215,0400,3033, ,CFS
SHA,H,76,INFLOW,20151215,0500,278, ,CFS
SHA,H,76,INFLOW,20151215,0600,2344, ,CFS
SHA,H,76,INFLOW,20151215,0700,185, ,CFS
SHA,H,76,INFLOW,20151215,0800,5333, ,CFS
SHA,H,76,INFLOW,20151215,0900,682, ,CFS
SHA,H,76,INFLOW,20151215,1000,1585, ,CFS
SHA,H,76,INFLOW,20151215,1100,2995, ,CFS
SHA,H,76,INFLOW,20151215,1200,985, ,CFS
SHA,H,76,INFLOW,20151215,1300,4021, ,CFS
SHA,H,76,INFLOW,20151215,1400,914, ,CFS
SHA,H,76,INFLOW,20151215,1500,440, ,CFS
SHA,H,76,INFLOW,20151215,1600,3357, ,CFS
SHA,H,76,INFLOW,20151215,1700,228, ,CFS
SHA,H,76,INFLOW,20151215,1800,3410, ,CFS
SHA,H,76,INFLOW,20151215,1900,2365, ,CFS
SHA,H,76,INFLOW,20151215,2000,10197, ,CFS
SHA,H,76,INFLOW,20151215,2100,5321, ,CFS
SHA,H,76,INFLOW,20151215,2200,1822, ,CFS
SHA,H,76,INFLOW,20151215,2300,13439, ,CFS
SHA,H,76,INFLOW,20151216,0000,375, ,CFS
SHA,H,76,INFLOW,20151216,0100,-97, ,CFS
SHA,H,76,INFLOW,20151216,0200,6000, ,CFS
SHA,H,76,INFLOW,20151216,0300,5426, ,CFS
SHA,H,76,INFLOW,20151216,0400,-1312, ,CFS
SHA,H,76,INFLOW,20151216,0500,4475, ,CFS
SHA,H,76,INFLOW,20151216,0600,6522, ,CFS
SHA,H,76,INFLOW,20151216,0700,1564, ,CFS
SHA,H,76,INFLOW,20151216,0800,8065, ,CFS
SHA,H,76,INFLOW,20151216,0900,8970, ,CFS
SHA,H,76,INFLOW,20151216,1000,4322, ,CFS
SHA,H,76,INFLOW,20151216,1100,9391, ,CFS
SHA,H,76,INFLOW,20151216,1200,5755, ,CFS
SHA,H,76,INFLOW,20151216,1300,1946, ,CFS
SHA,H,76,INFLOW,20151216,1400,2050, ,CFS
SHA,H,76,INFLOW,20151216,1500,3310, ,CFS
SHA,H,76,INFLOW,20151216,1600,3167, ,CFS
SHA,H,76,INFLOW,20151216,1700,-811, ,CFS
SHA,H,76,INFLOW,20151216,1800,5174, ,CFS
SHA,H,76,INFLOW,20151216,1900,9032, ,CFS
SHA,H,76,INFLOW,20151216,2000,6313, ,CFS
SHA,H,76,INFLOW,20151216,2100,7674, ,CFS
SHA,H,76,INFLOW,20151216,2200,10123, ,CFS
SHA,H,76,INFLOW,20151216,2300,7398, ,CFS
SHA,H,76,INFLOW,20151217,0000,5042, ,CFS
SHA,H,76,INFLOW,20151217,0100,5696, ,CFS
SHA,H,76,INFLOW,20151217,0200,150, ,CFS
SHA,H,76,INFLOW,20151217,0300,3428, ,CFS
SHA,H,76,INFLOW,20151217,0400,3075, ,CFS
SHA,H,76,INFLOW,20151217,0500,334, ,CFS
SHA,H,76,INFLOW,20151217,0600,2686, ,CFS
SHA,H,76,INFLOW,20151217,0700,1291, ,CFS
SHA,H,76,INFLOW,20151217,0800,2420, ,CFS
SHA,H,76,INFLOW,20151217,0900,10299, ,CFS
SHA,H,76,INFLOW,20151217,1000,4902, ,CFS
SHA,H,76,INFLOW,20151217,1100,2618, ,CFS
SHA,H,76,INFLOW,20151217,1200,2361, ,CFS
SHA,H,76,INFLOW,20151217,1300,2447, ,CFS
SHA,H,76,INFLOW,20151217,1400,742, ,CFS
SHA,H,76,INFLOW,20151217,1500,3334, ,CFS
SHA,H,76,INFLOW,20151217,1600,3548, ,CFS
SHA,H,76,INFLOW,20151217,1700,-1264, ,CFS
SHA,H,76,INFLOW,20151217,1800,3519, ,CFS
SHA,H,76,INFLOW,20151217,1900,4930, ,CFS
SHA,H,76,INFLOW,20151217,2000,9771, ,CFS
SHA,H,76,INFLOW,20151217,2100,12766, ,CFS
SHA,H,76,INFLOW,20151217,2200,997, ,CFS
SHA,H,76,INFLOW,20151217,2300,9498, ,CFS
SHA,H,76,INFLOW,20151218,0000,6957, ,CFS
SHA,H,76,INFLOW,20151218,0100,297, ,CFS
SHA,H,76,INFLOW,20151218,0200,4918, ,CFS
SHA,H,76,INFLOW,20151218,0300,-113, ,CFS
SHA,H,76,INFLOW,20151218,0400,3350, ,CFS
SHA,H,76,INFLOW,20151218,0500,386, ,CFS
SHA,H,76,INFLOW,20151218,0600,6424, ,CFS
SHA,H,76,INFLOW,20151218,0700,-270, ,CFS
SHA,H,76,INFLOW,20151218,0800,7250, ,CFS
SHA,H,76,INFLOW,20151218,0900,11762, ,CFS
SHA,H,76,INFLOW,20151218,1000,7144, ,CFS
SHA,H,76,INFLOW,20151218,1100,5410, ,CFS
SHA,H,76,INFLOW,20151218,1200,5630, ,CFS
SHA,H,76,INFLOW,20151218,1300,2471, ,CFS
SHA,H,76,INFLOW,20151218,1400,5712, ,CFS
SHA,H,76,INFLOW,20151218,1500,8294, ,CFS
SHA,H,76,INFLOW,20151218,1600,-1305, ,CFS
SHA,H,76,INFLOW,20151218,1700,3255, ,CFS
SHA,H,76,INFLOW,20151218,1800,3893, ,CFS
SHA,H,76,INFLOW,20151218,1900,2626, ,CFS
SHA,H,76,INFLOW,20151218,2000,13670, ,CFS
SHA,H,76,INFLOW,20151218,2100,7600, ,CFS
SHA,H,76,INFLOW,20151218,2200,6902, ,CFS
SHA,H,76,INFLOW,20151218,2300,10961, ,CFS
SHA,H,76,INFLOW,20151219,0000,1029, ,CFS
SHA,H,76,INFLOW,20151219,0100,3528, ,CFS
SHA,H,76,INFLOW,20151219,0200,6715, ,CFS
SHA,H,76,INFLOW,20151219,0300,5, ,CFS
SHA,H,76,INFLOW,20151219,0400,3103, ,CFS
SHA,H,76,INFLOW,20151219,0500,4898, ,CFS
SHA,H,76,INFLOW,20151219,0600,1929, ,CFS
SHA,H,76,INFLOW,20151219,0700,1683, ,CFS
SHA,H,76,INFLOW,20151219,0800,4264, ,CFS
SHA,H,76,INFLOW,20151219,0900,2421, ,CFS
SHA,H,76,INFLOW,20151219,1000,2919, ,CFS
SHA,H,76,INFLOW,20151219,1100,2958, ,CFS
SHA,H,76,INFLOW,20151219,1200,2669, ,CFS
SHA,H,76,INFLOW,20151219,1300,1914, ,CFS
SHA,H,76,INFLOW,20151219,1400,3456, ,CFS
SHA,H,76,INFLOW,20151219,1500,1684, ,CFS
SHA,H,76,INFLOW,20151219,1600,3495, ,CFS
SHA,H,76,INFLOW,20151219,1700,1350, ,CFS
SHA,H,76,INFLOW,20151219,1800,6307, ,CFS
SHA,H,76,INFLOW,20151219,1900,3547, ,CFS
SHA,H,76,INFLOW,20151219,2000,11631, ,CFS
SHA,H,76,INFLOW,20151219,2100,3769, ,CFS
SHA,H,76,INFLOW,20151219,2200,3702, ,CFS
SHA,H,76,INFLOW,20151219,2300,13725, ,CFS
SHA,H,76,INFLOW,20151220,0000,6828, ,CFS
SHA,H,76,INFLOW,20151220,0100,2364, ,CFS
SHA,H,76,INFLOW,20151220,0200,4691, ,CFS
SHA,H,76,INFLOW,20151220,0300,1601, ,CFS
SHA,H,76,INFLOW,20151220,0400,1414, ,CFS
SHA,H,76,INFLOW,20151220,0500,3360, ,CFS
SHA,H,76,INFLOW,20151220,0600,1538, ,CFS
SHA,H,76,INFLOW,20151220,0700,1913, ,CFS
SHA,H,76,INFLOW,20151220,0800,5499, ,CFS
SHA,H,76,INFLOW,20151220,0900,10336, ,CFS
SHA,H,76,INFLOW,20151220,1000,3803, ,CFS
SHA,H,76,INFLOW,20151220,1100,3881, ,CFS
SHA,H,76,INFLOW,20151220,1200,8520, ,CFS
SHA,H,76,INFLOW,20151220,1300,5422, ,CFS
SHA,H,76,INFLOW,20151220,1400,3945, ,CFS
SHA,H,76,INFLOW,20151220,1500,5513, ,CFS
SHA,H,76,INFLOW,20151220,1600,916, ,CFS
SHA,H,76,INFLOW,20151220,1700,261, ,CFS
SHA,H,76,INFLOW,20151220,1800,8004, ,CFS
SHA,H,76,INFLOW,20151220,1900,7693, ,CFS
SHA,H,76,INFLOW,20151220,2000,10827, ,CFS
SHA,H,76,INFLOW,20151220,2100,10528, ,CFS
SHA,H,76,INFLOW,20151220,2200,5338, ,CFS
SHA,H,76,INFLOW,20151220,2300,11041, ,CFS
SHA,H,76,INFLOW,20151221,0000,7893, ,CFS
SHA,H,76,INFLOW,20151221,0100,5482, ,CFS
SHA,H,76,INFLOW,20151221,0200,3547, ,CFS
SHA,H,76,INFLOW,20151221,0300,6838, ,CFS
SHA,H,76,INFLOW,20151221,0400,3397, ,CFS
SHA,H,76,INFLOW,20151221,0500,3639, ,CFS
SHA,H,76,INFLOW,20151221,0600,5536, ,CFS
SHA,H,76,INFLOW,20151221,0700,6266, ,CFS
SHA,H,76,INFLOW,20151221,0800,6551, ,CFS
SHA,H,76,INFLOW,20151221,0900,7579, ,CFS
SHA,H,76,INFLOW,20151221,1000,9642, ,CFS
SHA,H,76,INFLOW,20151221,1100,10616, ,CFS
SHA,H,76,INFLOW,20151221,1200,12350, ,CFS
SHA,H,76,INFLOW,20151221,1300,7088, ,CFS
SHA,H,76,INFLOW,20151221,1400,10583, ,CFS
SHA,H,76,INFLOW,20151221,1500,8861, ,CFS
SHA,H,76,INFLOW,20151221,1600,7131, ,CFS
SHA,H,76,INFLOW,20151221,1700,9541, ,CFS
SHA,H,76,INFLOW,20151221,1800,11397, ,CFS
SHA,H,76,INFLOW,20151221,1900,5399, ,CFS
SHA,H,76,INFLOW,20151221,2000,8222, ,CFS
SHA,H,76,INFLOW,20151221,2100,9594, ,CFS
SHA,H,76,INFLOW,20151221,2200,9624, ,CFS
SHA,H,76,INFLOW,20151221,2300,13552, ,CFS
SHA,H,76,INFLOW,20151222,0000,11460, ,CFS
SHA,H,76,INFLOW,20151222,0100,5730, ,CFS
SHA,H,76,INFLOW,20151222,0200,7237, ,CFS
SHA,H,76,INFLOW,20151222,0300,6952, ,CFS
SHA,H,76,INFLOW,20151222,0400,6306, ,CFS
SHA,H,76,INFLOW,20151222,0500,9941, ,CFS
SHA,H,76,INFLOW,20151222,0600,11380, ,CFS
SHA,H,76,INFLOW,20151222,0700,6101, ,CFS
SHA,H,76,INFLOW,20151222,0800,7392, ,CFS
SHA,H,76,INFLOW,20151222,0900,6593, ,CFS
SHA,H,76,INFLOW,20151222,1000,13119, ,CFS
SHA,H,76,INFLOW,20151222,1100,12003, ,CFS
SHA,H,76,INFLOW,20151222,1200,9523, ,CFS
SHA,H,76,INFLOW,20151222,1300,9610, ,CFS
SHA,H,76,INFLOW,20151222,1400,9195, ,CFS
SHA,H,76,INFLOW,20151222,1500,9668, ,CFS
SHA,H,76,INFLOW,20151222,1600,16266, ,CFS
SHA,H,76,INFLOW,20151222,1700,10212, ,CFS
SHA,H,76,INFLOW,20151222,1800,8579, ,CFS
SHA,H,76,INFLOW,20151222,1900,6600, ,CFS
SHA,H,76,INFLOW,20151222,2000,11157, ,CFS
SHA,H,76,INFLOW,20151222,2100,10934, ,CFS
SHA,H,76,INFLOW,20151222,2200,9896, ,CFS
SHA,H,76,INFLOW,20151222,2300,10283, ,CFS
SHA,H,76,INFLOW,20151223,0000,7679, ,CFS
SHA,H,76,INFLOW,20151223,0100,11796, ,CFS
SHA,H,76,INFLOW,20151223,0200,13473, ,CFS
SHA,H,76,INFLOW,20151223,0300,6833, ,CFS
SHA,H,76,INFLOW,20151223,0400,6869, ,CFS
SHA,H,76,INFLOW,20151223,0500,10176, ,CFS
SHA,H,76,INFLOW,20151223,0600,3987, ,CFS
SHA,H,76,INFLOW,20151223,0700,8946, ,CFS
SHA,H,76,INFLOW,20151223,0800,9620, ,CFS
SHA,H,76,INFLOW,20151223,0900,10331, ,CFS
SHA,H,76,INFLOW,20151223,1000,10384, ,CFS
SHA,H,76,INFLOW,20151223,1100,7312, ,CFS
SHA,H,76,INFLOW,20151223,1200,3643, ,CFS
SHA,H,76,INFLOW,20151223,1300,6603, ,CFS
SHA,H,76,INFLOW,20151223,1400,8432, ,CFS
SHA,H,76,INFLOW,20151223,1500,6355, ,CFS
SHA,H,76,INFLOW,20151223,1600,3516, ,CFS
SHA,H,76,INFLOW,20151223,1700,5810, ,CFS
SHA,H,76,INFLOW,20151223,1800,4741, ,CFS
SHA,H,76,INFLOW,20151223,1900,12214, ,CFS
SHA,H,76,INFLOW,20151223,2000,7364, ,CFS
SHA,H,76,INFLOW,20151223,2100,12535, ,CFS
SHA,H,76,INFLOW,20151223,2200,7651, ,CFS
SHA,H,76,INFLOW,20151223,2300,10817, ,CFS
SHA,H,76,INFLOW,20151224,0000,5771, ,CFS
SHA,H,76,INFLOW,20151224,0100,13765, ,CFS
SHA,H,76,INFLOW,20151224,0200,8640, ,CFS
SHA,H,76,INFLOW,20151224,0300,3977, ,CFS
SHA,H,76,INFLOW,20151224,0400,5255, ,CFS
SHA,H,76,INFLOW,20151224,0500,7060, ,CFS
SHA,H,76,INFLOW,20151224,0600,5348, ,CFS
SHA,H,76,INFLOW,20151224,0700,8325, ,CFS
SHA,H,76,INFLOW,20151224,0800,9508, ,CFS
SHA,H,76,INFLOW,20151224,0900,9342, ,CFS
SHA,H,76,INFLOW,20151224,1000,9355, ,CFS
SHA,H,76,INFLOW,20151224,1100,7005, ,CFS
SHA,H,76,INFLOW,20151224,1200,10173, ,CFS
SHA,H,76,INFLOW,20151224,1300,3746, ,CFS
SHA,H,76,INFLOW,20151224,1400,5484, ,CFS
SHA,H,76,INFLOW,20151224,1500,5561, ,CFS
SHA,H,76,INFLOW,20151224,1600,5561, ,CFS
SHA,H,76,INFLOW,20151224,1700,4703, ,CFS
SHA,H,76,INFLOW,20151224,1800,5054, ,CFS
SHA,H,76,INFLOW,20151224,1900,9792, ,CFS
SHA,H,76,INFLOW,20151224,2000,6131, ,CFS
SHA,H,76,INFLOW,20151224,2100,11427, ,CFS
SHA,H,76,INFLOW,20151224,2200,2801, ,CFS
SHA,H,76,INFLOW,20151224,2300,12099, ,CFS
SHA,H,76,INFLOW,20151225,0000,10754, ,CFS
SHA,H,76,INFLOW,20151225,0100,8162, ,CFS
SHA,H,76,INFLOW,20151225,0200,6555, ,CFS
SHA,H,76,INFLOW,20151225,0300,6556, ,CFS
SHA,H,76,INFLOW,20151225,0400,3097, ,CFS
SHA,H,76,INFLOW,20151225,0500,8098, ,CFS
SHA,H,76,INFLOW,20151225,0600,6624, ,CFS
SHA,H,76,INFLOW,20151225,0700,2055, ,CFS
SHA,H,76,INFLOW,20151225,0800,9027, ,CFS
SHA,H,76,INFLOW,20151225,0900,3864, ,CFS
SHA,H,76,INFLOW,20151225,1000,6773, ,CFS
SHA,H,76,INFLOW,20151225,1100,4850, ,CFS
SHA,H,76,INFLOW,20151225,1200,4832, ,CFS
SHA,H,76,INFLOW,20151225,1300,5313, ,CFS
SHA,H,76,INFLOW,20151225,1400,7270, ,CFS
SHA,H,76,INFLOW,20151225,1500,2299, ,CFS
SHA,H,76,INFLOW,20151225,1600,2964, ,CFS
SHA,H,76,INFLOW,20151225,1700,2873, ,CFS
SHA,H,76,INFLOW,20151225,1800,6153, ,CFS
SHA,H,76,INFLOW,20151225,1900,4827, ,CFS
SHA,H,76,INFLOW,20151225,2000,9714, ,CFS
SHA,H,76,INFLOW,20151225,2100,9571, ,CFS
SHA,H,76,INFLOW,20151225,2200,4765, ,CFS
SHA,H,76,INFLOW,20151225,2300,11427, ,CFS
SHA,H,76,INFLOW,20151226,0000,9248, ,CFS
SHA,H,76,INFLOW,20151226,0100,3330, ,CFS
SHA,H,76,INFLOW,20151226,0200,8481, ,CFS
SHA,H,76,INFLOW,20151226,0300,8355, ,CFS
SHA,H,76,INFLOW,20151226,0400,3350, ,CFS
SHA,H,76,INFLOW,20151226,0500,5374, ,CFS
SHA,H,76,INFLOW,20151226,0600,5113, ,CFS
SHA,H,76,INFLOW,20151226,0700,2379, ,CFS
SHA,H,76,INFLOW,20151226,0800,11184, ,CFS
SHA,H,76,INFLOW,20151226,0900,6347, ,CFS
SHA,H,76,INFLOW,20151226,1000,4304, ,CFS
SHA,H,76,INFLOW,20151226,1100,4196, ,CFS
SHA,H,76,INFLOW,20151226,1200,2381, ,CFS
SHA,H,76,INFLOW,20151226,1300,451, ,CFS
SHA,H,76,INFLOW,20151226,1400,3649, ,CFS
SHA,H,76,INFLOW,20151226,1500,2412, ,CFS
SHA,H,76,INFLOW,20151226,1600,-395, ,CFS
SHA,H,76,INFLOW,20151226,1700,3388, ,CFS
SHA,H,76,INFLOW,20151226,1800,5070, ,CFS
SHA,H,76,INFLOW,20151226,1900,6009, ,CFS
SHA,H,76,INFLOW,20151226,2000,9016, ,CFS
SHA,H,76,INFLOW,20151226,2100,5521, ,CFS
SHA,H,76,INFLOW,20151226,2200,11268, ,CFS
SHA,H,76,INFLOW,20151226,2300,7371, ,CFS
SHA,H,76,INFLOW,20151227,0000,8718, ,CFS
SHA,H,76,INFLOW,20151227,0100,10314, ,CFS
SHA,H,76,INFLOW,20151227,0200,3773, ,CFS
SHA,H,76,INFLOW,20151227,0300,10252, ,CFS
SHA,H,76,INFLOW,20151227,0400,5447, ,CFS
SHA,H,76,INFLOW,20151227,0500,3999, ,CFS
SHA,H,76,INFLOW,20151227,0600,3753, ,CFS
SHA,H,76,INFLOW,20151227,0700,9780, ,CFS
SHA,H,76,INFLOW,20151227,0800,8449, ,CFS
SHA,H,76,INFLOW,20151227,0900,5969, ,CFS
SHA,H,76,INFLOW,20151227,1000,6024, ,CFS
SHA,H,76,INFLOW,20151227,1100,2743, ,CFS
SHA,H,76,INFLOW,20151227,1200,2936, ,CFS
SHA,H,76,INFLOW,20151227,1300,2569, ,CFS
SHA,H,76,INFLOW,20151227,1400,2595, ,CFS
SHA,H,76,INFLOW,20151227,1500,2488, ,CFS
SHA,H,76,INFLOW,20151227,1600,2685, ,CFS
SHA,H,76,INFLOW,20151227,1700,-242, ,CFS
SHA,H,76,INFLOW,20151227,1800,3339, ,CFS
SHA,H,76,INFLOW,20151227,1900,8095, ,CFS
SHA,H,76,INFLOW,20151227,2000,6181, ,CFS
SHA,H,76,INFLOW,20151227,2100,11796, ,CFS
SHA,H,76,INFLOW,20151227,2200,6913, ,CFS
SHA,H,76,INFLOW,20151227,2300,9369, ,CFS
SHA,H,76,INFLOW,20151228,0000,10721, ,CFS
SHA,H,76,INFLOW,20151228,0100,2544, ,CFS
SHA,H,76,INFLOW,20151228,0200,863, ,CFS
SHA,H,76,INFLOW,20151228,0300,3816, ,CFS
SHA,H,76,INFLOW,20151228,0400,7091, ,CFS
SHA,H,76,INFLOW,20151228,0500,571, ,CFS
SHA,H,76,INFLOW,20151228,0600,3935, ,CFS
SHA,H,76,INFLOW,20151228,0700,1763, ,CFS
SHA,H,76,INFLOW,20151228,0800,14057, ,CFS
SHA,H,76,INFLOW,20151228,0900,8614, ,CFS
SHA,H,76,INFLOW,20151228,1000,6538, ,CFS
SHA,H,76,INFLOW,20151228,1100,6882, ,CFS
SHA,H,76,INFLOW,20151228,1200,3467, ,CFS
SHA,H,76,INFLOW,20151228,1300,368, ,CFS
SHA,H,76,INFLOW,20151228,1400,5325, ,CFS
SHA,H,76,INFLOW,20151228,1500,3411, ,CFS
SHA,H,76,INFLOW,20151228,1600,705, ,CFS
SHA,H,76,INFLOW,20151228,1700,1903, ,CFS
SHA,H,76,INFLOW,20151228,1800,4059, ,CFS
SHA,H,76,INFLOW,20151228,1900,-546, ,CFS
SHA,H,76,INFLOW,20151228,2000,12224, ,CFS
SHA,H,76,INFLOW,20151228,2100,1200, ,CFS
SHA,H,76,INFLOW,20151228,2200,8504, ,CFS
SHA,H,76,INFLOW,20151228,2300,13924, ,CFS
SHA,H,76,INFLOW,20151229,0000,3395, ,CFS
SHA,H,76,INFLOW,20151229,0100,3754, ,CFS
SHA,H,76,INFLOW,20151229,0200,8062, ,CFS
SHA,H,76,INFLOW,20151229,0300,-1703, ,CFS
SHA,H,76,INFLOW,20151229,0400,1790, ,CFS
SHA,H,76,INFLOW,20151229,0500,5407, ,CFS
SHA,H,76,INFLOW,20151229,0600,-1168, ,CFS
SHA,H,76,INFLOW,20151229,0700,2496, ,CFS
SHA,H,76,INFLOW,20151229,0800,4730, ,CFS
SHA,H,76,INFLOW,20151229,0900,3030, ,CFS
SHA,H,76,INFLOW,20151229,1000,1671, ,CFS
SHA,H,76,INFLOW,20151229,1100,4435, ,CFS
SHA,H,76,INFLOW,20151229,1200,2529, ,CFS
SHA,H,76,INFLOW,20151229,1300,-990, ,CFS
SHA,H,76,INFLOW,20151229,1400,3417, ,CFS
SHA,H,76,INFLOW,20151229,1500,1583, ,CFS
SHA,H,76,INFLOW,20151229,1600,84, ,CFS
SHA,H,76,INFLOW,20151229,1700,606, ,CFS
SHA,H,76,INFLOW,20151229,1800,4628, ,CFS
SHA,H,76,INFLOW,20151229,1900,-1007, ,CFS
SHA,H,76,INFLOW,20151229,2000,15413, ,CFS
SHA,H,76,INFLOW,20151229,2100,4181, ,CFS
SHA,H,76,INFLOW,20151229,2200,5855, ,CFS
SHA,H,76,INFLOW,20151229,2300,9342, ,CFS
SHA,H,76,INFLOW,20151230,0000,4994, ,CFS
SHA,H,76,INFLOW,20151230,0100,141, ,CFS
SHA,H,76,INFLOW,20151230,0200,9882, ,CFS
SHA,H,76,INFLOW,20151230,0300,-6652, ,CFS
SHA,H,76,INFLOW,20151230,0400,6568, ,CFS
SHA,H,76,INFLOW,20151230,0500,3640, ,CFS
SHA,H,76,INFLOW,20151230,0600,422, ,CFS
SHA,H,76,INFLOW,20151230,0700,-1398, ,CFS
SHA,H,76,INFLOW,20151230,0800,4287, ,CFS
SHA,H,76,INFLOW,20151230,0900,1299, ,CFS
SHA,H,76,INFLOW,20151230,1000,7749, ,CFS
SHA,H,76,INFLOW,20151230,1100,2391, ,CFS
SHA,H,76,INFLOW,20151230,1200,-3466, ,CFS
SHA,H,76,INFLOW,20151230,1300,6983, ,CFS
SHA,H,76,INFLOW,20151230,1400,2067, ,CFS
SHA,H,76,INFLOW,20151230,1500,-942, ,CFS
SHA,H,76,INFLOW,20151230,1600,1672, ,CFS
SHA,H,76,INFLOW,20151230,1700,2191, ,CFS
SHA,H,76,INFLOW,20151230,1800,792, ,CFS
SHA,H,76,INFLOW,20151230,1900,4715, ,CFS
SHA,H,76,INFLOW,20151230,2000,5661, ,CFS
SHA,H,76,INFLOW,20151230,2100,4054, ,CFS
SHA,H,76,INFLOW,20151230,2200,6758, ,CFS
SHA,H,76,INFLOW,20151230,2300,3288, ,CFS
SHA,H,76,INFLOW,20151231,0000,1071, ,CFS
SHA,H,76,INFLOW,20151231,0100,3382, ,CFS
SHA,H,76,INFLOW,20151231,0200,1580, ,CFS
SHA,H,76,INFLOW,20151231,0300,1453, ,CFS
SHA,H,76,INFLOW,20151231,0400,4974, ,CFS
SHA,H,76,INFLOW,20151231,0500,531, ,CFS
SHA,H,76,INFLOW,20151231,0600,896, ,CFS
SHA,H,76,INFLOW,20151231,0700,2051, ,CFS
SHA,H,76,INFLOW,20151231,0800,2680, ,CFS
SHA,H,76,INFLOW,20151231,0900,596, ,CFS
SHA,H,76,INFLOW,20151231,1000,4218, ,CFS
SHA,H,76,INFLOW,20151231,1100,5157, ,CFS
SHA,H,76,INFLOW,20151231,1200,323, ,CFS
SHA,H,76,INFLOW,20151231,1300,3453, ,CFS
SHA,H,76,INFLOW,20151231,1400,-422, ,CFS
SHA,H,76,INFLOW,20151231,1500,-313, ,CFS
SHA,H,76,INFLOW,20151231,1600,2569, ,CFS
SHA,H,76,INFLOW,20151231,1700,2326, ,CFS
SHA,H,76,INFLOW,20151231,1800,2824, ,CFS
SHA,H,76,INFLOW,20151231,1900,-691, ,CFS
SHA,H,76,INFLOW,20151231,2000,9030, ,CFS
SHA,H,76,INFLOW,20151231,2100,5397, ,CFS
SHA,H,76,INFLOW,20151231,2200,8568, ,CFS
SHA,H,76,INFLOW,20151231,2300,6777, ,CFS
SHA,H,76,INFLOW,20160101,0000,6297, ,CFS
SHA,H,76,INFLOW,20160101,0100,1634, ,CFS
SHA,H,76,INFLOW,20160101,0200,1627, ,CFS
SHA,H,76,INFLOW,20160101,0300,4778, ,CFS
SHA,H,76,INFLOW,20160101,0400,1591, ,CFS
SHA,H,76,INFLOW,20160101,0500,3235, ,CFS
SHA,H,76,INFLOW,20160101,0600,3645, ,CFS
SHA,H,76,INFLOW,20160101,0700,-1015, ,CFS
SHA,H,76,INFLOW,20160101,0800,749, ,CFS
SHA,H,76,INFLOW,20160101,0900,5456, ,CFS
SHA,H,76,INFLOW,20160101,1000,-808, ,CFS
SHA,H,76,INFLOW,20160101,1100,2571, ,CFS
SHA,H,76,INFLOW,20160101,1200,2963, ,CFS
SHA,H,76,INFLOW,20160101,1300,-459, ,CFS
SHA,H,76,INFLOW,20160101,1400,1269, ,CFS
SHA,H,76,INFLOW,20160101,1500,599, ,CFS
SHA,H,76,INFLOW,20160101,1600,641, ,CFS
SHA,H,76,INFLOW,20160101,1700,1970, ,CFS
SHA,H,76,INFLOW,20160101,1800,3604, ,CFS
SHA,H,76,INFLOW,20160101,1900,7235, ,CFS
SHA,H,76,INFLOW,20160101,2000,2294, ,CFS
SHA,H,76,INFLOW,20160101,2100,10374, ,CFS
SHA,H,76,INFLOW,20160101,2200,5356, ,CFS
SHA,H,76,INFLOW,20160101,2300,8721, ,CFS
SHA,H,76,INFLOW,20160102,0000,9388, ,CFS
SHA,H,76,INFLOW,20160102,0100,4473, ,CFS
SHA,H,76,INFLOW,20160102,0200,1243, ,CFS
SHA,H,76,INFLOW,20160102,0300,9339, ,CFS
SHA,H,76,INFLOW,20160102,0400,1112, ,CFS
SHA,H,76,INFLOW,20160102,0500,-3620, ,CFS
SHA,H,76,INFLOW,20160102,0600,6385, ,CFS
SHA,H,76,INFLOW,20160102,0700,8434, ,CFS
SHA,H,76,INFLOW,20160102,0800,154, ,CFS
SHA,H,76,INFLOW,20160102,0900,8904, ,CFS
SHA,H,76,INFLOW,20160102,1000,3749, ,CFS
SHA,H,76,INFLOW,20160102,1100,-4616, ,CFS
SHA,H,76,INFLOW,20160102,1200,4978, ,CFS
SHA,H,76,INFLOW,20160102,1300,3297, ,CFS
SHA,H,76,INFLOW,20160102,1400,-1758, ,CFS
SHA,H,76,INFLOW,20160102,1500,4827, ,CFS
SHA,H,76,INFLOW,20160102,1600,3333, ,CFS
SHA,H,76,INFLOW,20160102,1700,-2393, ,CFS
SHA,H,76,INFLOW,20160102,1800,6606, ,CFS
SHA,H,76,INFLOW,20160102,1900,9756, ,CFS
SHA,H,76,INFLOW,20160102,2000,2710, ,CFS
SHA,H,76,INFLOW,20160102,2100,7688, ,CFS
SHA,H,76,INFLOW,20160102,2200,11949, ,CFS
SHA,H,76,INFLOW,20160102,2300,3925, ,CFS
SHA,H,76,INFLOW,20160103,0000,8482, ,CFS
SHA,H,76,INFLOW,20160103,0100,8098, ,CFS
SHA,H,76,INFLOW,20160103,0200,6410, ,CFS
SHA,H,76,INFLOW,20160103,0300,-59, ,CFS
SHA,H,76,INFLOW,20160103,0400,3283, ,CFS
SHA,H,76,INFLOW,20160103,0500,1900, ,CFS
SHA,H,76,INFLOW,20160103,0600,2203, ,CFS
SHA,H,76,INFLOW,20160103,0700,2241, ,CFS
SHA,H,76,INFLOW,20160103,0800,10717, ,CFS
SHA,H,76,INFLOW,20160103,0900,5755, ,CFS
SHA,H,76,INFLOW,20160103,1000,2382, ,CFS
SHA,H,76,INFLOW,20160103,1100,4171, ,CFS
SHA,H,76,INFLOW,20160103,1200,2514, ,CFS
SHA,H,76,INFLOW,20160103,1300,2311, ,CFS
SHA,H,76,INFLOW,20160103,1400,3679, ,CFS
SHA,H,76,INFLOW,20160103,1500,-1865, ,CFS
SHA,H,76,INFLOW,20160103,1600,3056, ,CFS
SHA,H,76,INFLOW,20160103,1700,389, ,CFS
SHA,H,76,INFLOW,20160103,1800,2394, ,CFS
SHA,H,76,INFLOW,20160103,1900,12703, ,CFS
SHA,H,76,INFLOW,20160103,2000,4382, ,CFS
SHA,H,76,INFLOW,20160103,2100,9175, ,CFS
SHA,H,76,INFLOW,20160103,2200,8878, ,CFS
SHA,H,76,INFLOW,20160103,2300,5143, ,CFS
SHA,H,76,INFLOW,20160104,0000,9214, ,CFS
SHA,H,76,INFLOW,20160104,0100,9365, ,CFS
SHA,H,76,INFLOW,20160104,0200,4264, ,CFS
SHA,H,76,INFLOW,20160104,0300,4515, ,CFS
SHA,H,76,INFLOW,20160104,0400,174, ,CFS
SHA,H,76,INFLOW,20160104,0500,1737, ,CFS
SHA,H,76,INFLOW,20160104,0600,293, ,CFS
SHA,H,76,INFLOW,20160104,0700,801, ,CFS
SHA,H,76,INFLOW,20160104,0800,2466, ,CFS
SHA,H,76,INFLOW,20160104,0900,12040, ,CFS
SHA,H,76,INFLOW,20160104,1000,273, ,CFS
SHA,H,76,INFLOW,20160104,1100,1873, ,CFS
SHA,H,76,INFLOW,20160104,1200,13193, ,CFS
SHA,H,76,INFLOW,20160104,1300,8644, ,CFS
SHA,H,76,INFLOW,20160104,1400,500, ,CFS
SHA,H,76,INFLOW,20160104,1500,6714, ,CFS
SHA,H,76,INFLOW,20160104,1600,3788, ,CFS
SHA,H,76,INFLOW,20160104,1700,-2976, ,CFS
SHA,H,76,INFLOW,20160104,1800,11885, ,CFS
SHA,H,76,INFLOW,20160104,1900,9652, ,CFS
SHA,H,76,INFLOW,20160104,2000,5032, ,CFS
SHA,H,76,INFLOW,20160104,2100,8997, ,CFS
SHA,H,76,INFLOW,20160104,2200,10221, ,CFS
SHA,H,76,INFLOW,20160104,2300,7246, ,CFS
SHA,H,76,INFLOW,20160105,0000,6536, ,CFS
SHA,H,76,INFLOW,20160105,0100,6569, ,CFS
SHA,H,76,INFLOW,20160105,0200,4727, ,CFS
SHA,H,76,INFLOW,20160105,0300,1274, ,CFS
SHA,H,76,INFLOW,20160105,0400,2983, ,CFS
SHA,H,76,INFLOW,20160105,0500,61, ,CFS
SHA,H,76,INFLOW,20160105,0600,10427, ,CFS
SHA,H,76,INFLOW,20160105,0700,11096, ,CFS
SHA,H,76,INFLOW,20160105,0800,4847, ,CFS
SHA,H,76,INFLOW,20160105,0900,5642, ,CFS
SHA,H,76,INFLOW,20160105,1000,14004, ,CFS
SHA,H,76,INFLOW,20160105,1100,8728, ,CFS
SHA,H,76,INFLOW,20160105,1200,8706, ,CFS
SHA,H,76,INFLOW,20160105,1300,10234, ,CFS
SHA,H,76,INFLOW,20160105,1400,8513, ,CFS
SHA,H,76,INFLOW,20160105,1500,11580, ,CFS
SHA,H,76,INFLOW,20160105,1600,6043, ,CFS
SHA,H,76,INFLOW,20160105,1700,4629, ,CFS
SHA,H,76,INFLOW,20160105,1800,7338, ,CFS
SHA,H,76,INFLOW,20160105,1900,8056, ,CFS
SHA,H,76,INFLOW,20160105,2000,16162, ,CFS
SHA,H,76,INFLOW,20160105,2100,10848, ,CFS
SHA,H,76,INFLOW,20160105,2200,12934, ,CFS
SHA,H,76,INFLOW,20160105,2300,15681, ,CFS
SHA,H,76,INFLOW,20160106,0000,5205, ,CFS
SHA,H,76,INFLOW,20160106,0100,3613, ,CFS
SHA,H,76,INFLOW,20160106,0200,8367, ,CFS
SHA,H,76,INFLOW,20160106,0300,4899, ,CFS
SHA,H,76,INFLOW,20160106,0400,6567, ,CFS
SHA,H,76,INFLOW,20160106,0500,10443, ,CFS
SHA,H,76,INFLOW,20160106,0600,3936, ,CFS
SHA,H,76,INFLOW,20160106,0700,9912, ,CFS
SHA,H,76,INFLOW,20160106,0800,9084, ,CFS
SHA,H,76,INFLOW,20160106,0900,5892, ,CFS
SHA,H,76,INFLOW,20160106,1000,10008, ,CFS
SHA,H,76,INFLOW,20160106,1100,7915, ,CFS
SHA,H,76,INFLOW,20160106,1200,10781, ,CFS
SHA,H,76,INFLOW,20160106,1300,10199, ,CFS
SHA,H,76,INFLOW,20160106,1400,11713, ,CFS
SHA,H,76,INFLOW,20160106,1500,13079, ,CFS
SHA,H,76,INFLOW,20160106,1600,9970, ,CFS
SHA,H,76,INFLOW,20160106,1700,11773, ,CFS
SHA,H,76,INFLOW,20160106,1800,10363, ,CFS
SHA,H,76,INFLOW,20160106,1900,12194, ,CFS
SHA,H,76,INFLOW,20160106,2000,15867, ,CFS
SHA,H,76,INFLOW,20160106,2100,17480, ,CFS
SHA,H,76,INFLOW,20160106,2200,13622, ,CFS
SHA,H,76,INFLOW,20160106,2300,15269, ,CFS
SHA,H,76,INFLOW,20160107,0000,10276, ,CFS
SHA,H,76,INFLOW,20160107,0100,6443, ,CFS
SHA,H,76,INFLOW,20160107,0200,11584, ,CFS
SHA,H,76,INFLOW,20160107,0300,9760, ,CFS
SHA,H,76,INFLOW,20160107,0400,6379, ,CFS
SHA,H,76,INFLOW,20160107,0500,10091, ,CFS
SHA,H,76,INFLOW,20160107,0600,7269, ,CFS
SHA,H,76,INFLOW,20160107,0700,7073, ,CFS
SHA,H,76,INFLOW,20160107,0800,9040, ,CFS
SHA,H,76,INFLOW,20160107,0900,6877, ,CFS
SHA,H,76,INFLOW,20160107,1000,10081, ,CFS
SHA,H,76,INFLOW,20160107,1100,6351, ,CFS
SHA,H,76,INFLOW,20160107,1200,7074, ,CFS
SHA,H,76,INFLOW,20160107,1300,6895, ,CFS
SHA,H,76,INFLOW,20160107,1400,6989, ,CFS
SHA,H,76,INFLOW,20160107,1500,5621, ,CFS
SHA,H,76,INFLOW,20160107,1600,5980, ,CFS
SHA,H,76,INFLOW,20160107,1700,6549, ,CFS
SHA,H,76,INFLOW,20160107,1800,4593, ,CFS
SHA,H,76,INFLOW,20160107,1900,5163, ,CFS
SHA,H,76,INFLOW,20160107,2000,12856, ,CFS
SHA,H,76,INFLOW,20160107,2100,11290, ,CFS
SHA,H,76,INFLOW,20160107,2200,9507, ,CFS
SHA,H,76,INFLOW,20160107,2300,13748, ,CFS
SHA,H,76,INFLOW,20160108,0000,7412, ,CFS
SHA,H,76,INFLOW,20160108,0100,7272, ,CFS
SHA,H,76,INFLOW,20160108,0200,7084, ,CFS
SHA,H,76,INFLOW,20160108,0300,4916, ,CFS
SHA,H,76,INFLOW,20160108,0400,4863, ,CFS
SHA,H,76,INFLOW,20160108,0500,5176, ,CFS
SHA,H,76,INFLOW,20160108,0600,5355, ,CFS
SHA,H,76,INFLOW,20160108,0700,5036, ,CFS
SHA,H,76,INFLOW,20160108,0800,3616, ,CFS
SHA,H,76,INFLOW,20160108,0900,5152, ,CFS
SHA,H,76,INFLOW,20160108,1000,6882, ,CFS
SHA,H,76,INFLOW,20160108,1100,3246, ,CFS
SHA,H,76,INFLOW,20160108,1200,4858, ,CFS
SHA,H,76,INFLOW,20160108,1300,4656, ,CFS
SHA,H,76,INFLOW,20160108,1400,4694, ,CFS
SHA,H,76,INFLOW,20160108,1500,3414, ,CFS
SHA,H,76,INFLOW,20160108,1600,5195, ,CFS
SHA,H,76,INFLOW,20160108,1700,1925, ,CFS
SHA,H,76,INFLOW,20160108,1800,7266, ,CFS
SHA,H,76,INFLOW,20160108,1900,12027, ,CFS
SHA,H,76,INFLOW,20160108,2000,6471, ,CFS
SHA,H,76,INFLOW,20160108,2100,10213, ,CFS
SHA,H,76,INFLOW,20160108,2200,14291, ,CFS
SHA,H,76,INFLOW,20160108,2300,5373, ,CFS
SHA,H,76,INFLOW,20160109,0000,11678, ,CFS
SHA,H,76,INFLOW,20160109,0100,10371, ,CFS
SHA,H,76,INFLOW,20160109,0200,6996, ,CFS
SHA,H,76,INFLOW,20160109,0300,3554, ,CFS
SHA,H,76,INFLOW,20160109,0400,5251, ,CFS
SHA,H,76,INFLOW,20160109,0500,5749, ,CFS
SHA,H,76,INFLOW,20160109,0600,3260, ,CFS
SHA,H,76,INFLOW,20160109,0700,5655, ,CFS
SHA,H,76,INFLOW,20160109,0800,4760, ,CFS
SHA,H,76,INFLOW,20160109,0900,5007, ,CFS
SHA,H,76,INFLOW,20160109,1000,4979, ,CFS
SHA,H,76,INFLOW,20160109,1100,7438, ,CFS
SHA,H,76,INFLOW,20160109,1200,5667, ,CFS
SHA,H,76,INFLOW,20160109,1300,3714, ,CFS
SHA,H,76,INFLOW,20160109,1400,5629, ,CFS
SHA,H,76,INFLOW,20160109,1500,3969, ,CFS
SHA,H,76,INFLOW,20160109,1600,2517, ,CFS
SHA,H,76,INFLOW,20160109,1700,4497, ,CFS
SHA,H,76,INFLOW,20160109,1800,4923, ,CFS
SHA,H,76,INFLOW,20160109,1900,11873, ,CFS
SHA,H,76,INFLOW,20160109,2000,11802, ,CFS
SHA,H,76,INFLOW,20160109,2100,8287, ,CFS
SHA,H,76,INFLOW,20160109,2200,11841, ,CFS
SHA,H,76,INFLOW,20160109,2300,8951, ,CFS
SHA,H,76,INFLOW,20160110,0000,8866, ,CFS
SHA,H,76,INFLOW,20160110,0100,10995, ,CFS
SHA,H,76,INFLOW,20160110,0200,4021, ,CFS
SHA,H,76,INFLOW,20160110,0300,2475, ,CFS
SHA,H,76,INFLOW,20160110,0400,5850, ,CFS
SHA,H,76,INFLOW,20160110,0500,4139, ,CFS
SHA,H,76,INFLOW,20160110,0600,2522, ,CFS
SHA,H,76,INFLOW,20160110,0700,5626, ,CFS
SHA,H,76,INFLOW,20160110,0800,3946, ,CFS
SHA,H,76,INFLOW,20160110,0900,4012, ,CFS
SHA,H,76,INFLOW,20160110,1000,7360, ,CFS
SHA,H,76,INFLOW,20160110,1100,3322, ,CFS
SHA,H,76,INFLOW,20160110,1200,3016, ,CFS
SHA,H,76,INFLOW,20160110,1300,4836, ,CFS
SHA,H,76,INFLOW,20160110,1400,3347, ,CFS
SHA,H,76,INFLOW,20160110,1500,3677, ,CFS
SHA,H,76,INFLOW,20160110,1600,4092, ,CFS
SHA,H,76,INFLOW,20160110,1700,2318, ,CFS
SHA,H,76,INFLOW,20160110,1800,2827, ,CFS
SHA,H,76,INFLOW,20160110,1900,15022, ,CFS
SHA,H,76,INFLOW,20160110,2000,8010, ,CFS
SHA,H,76,INFLOW,20160110,2100,6104, ,CFS
SHA,H,76,INFLOW,20160110,2200,14367, ,CFS
SHA,H,76,INFLOW,20160110,2300,7268, ,CFS
SHA,H,76,INFLOW,20160111,0000,9175, ,CFS
SHA,H,76,INFLOW,20160111,0100,11881, ,CFS
SHA,H,76,INFLOW,20160111,0200,3238, ,CFS
SHA,H,76,INFLOW,20160111,0300,5013, ,CFS
SHA,H,76,INFLOW,20160111,0400,3348, ,CFS
SHA,H,76,INFLOW,20160111,0500,5490, ,CFS
SHA,H,76,INFLOW,20160111,0600,2311, ,CFS
SHA,H,76,INFLOW,20160111,0700,2277, ,CFS
SHA,H,76,INFLOW,20160111,0800,2887, ,CFS
SHA,H,76,INFLOW,20160111,0900,7822, ,CFS
SHA,H,76,INFLOW,20160111,1000,7564, ,CFS
SHA,H,76,INFLOW,20160111,1100,12791, ,CFS
SHA,H,76,INFLOW,20160111,1200,3856, ,CFS
SHA,H,76,INFLOW,20160111,1300,-1280, ,CFS
SHA,H,76,INFLOW,20160111,1400,7113, ,CFS
SHA,H,76,INFLOW,20160111,1500,4184, ,CFS
SHA,H,76,INFLOW,20160111,1600,751, ,CFS
SHA,H,76,INFLOW,20160111,1700,4335, ,CFS
SHA,H,76,INFLOW,20160111,1800,4482, ,CFS
SHA,H,76,INFLOW,20160111,1900,6153, ,CFS
SHA,H,76,INFLOW,20160111,2000,9230, ,CFS
SHA,H,76,INFLOW,20160111,2100,9154, ,CFS
SHA,H,76,INFLOW,20160111,2200,9333, ,CFS
SHA,H,76,INFLOW,20160111,2300,8587, ,CFS
SHA,H,76,INFLOW,20160112,0000,10074, ,CFS
SHA,H,76,INFLOW,20160112,0100,3798, ,CFS
SHA,H,76,INFLOW,20160112,0200,3638, ,CFS
SHA,H,76,INFLOW,20160112,0300,5202, ,CFS
SHA,H,76,INFLOW,20160112,0400,1740, ,CFS
SHA,H,76,INFLOW,20160112,0500,5189, ,CFS
SHA,H,76,INFLOW,20160112,0600,1536, ,CFS
SHA,H,76,INFLOW,20160112,0700,2563, ,CFS
SHA,H,76,INFLOW,20160112,0800,8134, ,CFS
SHA,H,76,INFLOW,20160112,0900,7925, ,CFS
SHA,H,76,INFLOW,20160112,1000,7815, ,CFS
SHA,H,76,INFLOW,20160112,1100,6316, ,CFS
SHA,H,76,INFLOW,20160112,1200,-2359, ,CFS
SHA,H,76,INFLOW,20160112,1300,9735, ,CFS
SHA,H,76,INFLOW,20160112,1400,3946, ,CFS
SHA,H,76,INFLOW,20160112,1500,-1148, ,CFS
SHA,H,76,INFLOW,20160112,1600,6897, ,CFS
SHA,H,76,INFLOW,20160112,1700,1011, ,CFS
SHA,H,76,INFLOW,20160112,1800,1916, ,CFS
SHA,H,76,INFLOW,20160112,1900,15786, ,CFS
SHA,H,76,INFLOW,20160112,2000,3554, ,CFS
SHA,H,76,INFLOW,20160112,2100,6812, ,CFS
SHA,H,76,INFLOW,20160112,2200,20772, ,CFS
SHA,H,76,INFLOW,20160112,2300,11479, ,CFS
SHA,H,76,INFLOW,20160113,0000,4222, ,CFS
SHA,H,76,INFLOW,20160113,0100,13882, ,CFS
SHA,H,76,INFLOW,20160113,0200,3787, ,CFS
SHA,H,76,INFLOW,20160113,0300,3775, ,CFS
SHA,H,76,INFLOW,20160113,0400,13701, ,CFS
SHA,H,76,INFLOW,20160113,0500,3342, ,CFS
SHA,H,76,INFLOW,20160113,0600,17349, ,CFS
SHA,H,76,INFLOW,20160113,0700,7234, ,CFS
SHA,H,76,INFLOW,20160113,0800,4400, ,CFS
SHA,H,76,INFLOW,20160113,0900,9170, ,CFS
SHA,H,76,INFLOW,20160113,1000,12527, ,CFS
SHA,H,76,INFLOW,20160113,1100,9922, ,CFS
SHA,H,76,INFLOW,20160113,1200,12032, ,CFS
SHA,H,76,INFLOW,20160113,1300,20989, ,CFS
SHA,H,76,INFLOW,20160113,1400,12241, ,CFS
SHA,H,76,INFLOW,20160113,1500,8741, ,CFS
SHA,H,76,INFLOW,20160113,1600,21062, ,CFS
SHA,H,76,INFLOW,20160113,1700,5776, ,CFS
SHA,H,76,INFLOW,20160113,1800,18063, ,CFS
SHA,H,76,INFLOW,20160113,1900,24336, ,CFS
SHA,H,76,INFLOW,20160113,2000,12193, ,CFS
SHA,H,76,INFLOW,20160113,2100,21146, ,CFS
SHA,H,76,INFLOW,20160113,2200,22874, ,CFS
SHA,H,76,INFLOW,20160113,2300,11971, ,CFS
SHA,H,76,INFLOW,20160114,0000,14166, ,CFS
SHA,H,76,INFLOW,20160114,0100,14788, ,CFS
SHA,H,76,INFLOW,20160114,0200,9551, ,CFS
SHA,H,76,INFLOW,20160114,0300,14508, ,CFS
SHA,H,76,INFLOW,20160114,0400,12591, ,CFS
SHA,H,76,INFLOW,20160114,0500,12675, ,CFS
SHA,H,76,INFLOW,20160114,0600,14618, ,CFS
SHA,H,76,INFLOW,20160114,0700,16520, ,CFS
SHA,H,76,INFLOW,20160114,0800,14513, ,CFS
SHA,H,76,INFLOW,20160114,0900,17565, ,CFS
SHA,H,76,INFLOW,20160114,1000,14062, ,CFS
SHA,H,76,INFLOW,20160114,1100,8808, ,CFS
SHA,H,76,INFLOW,20160114,1200,14062, ,CFS
SHA,H,76,INFLOW,20160114,1300,7056, ,CFS
SHA,H,76,INFLOW,20160114,1400,12310, ,CFS
SHA,H,76,INFLOW,20160114,1500,10559, ,CFS
SHA,H,76,INFLOW,20160114,1600,12393, ,CFS
SHA,H,76,INFLOW,20160114,1700,14459, ,CFS
SHA,H,76,INFLOW,20160114,1800,19552, ,CFS
SHA,H,76,INFLOW,20160114,1900,-1929, ,CFS
SHA,H,76,INFLOW,20160114,2000,31809, ,CFS
SHA,H,76,INFLOW,20160114,2100,15955, ,CFS
SHA,H,76,INFLOW,20160114,2200,13973, ,CFS
SHA,H,76,INFLOW,20160114,2300,21294, ,CFS
SHA,H,76,INFLOW,20160115,0000,14049, ,CFS
SHA,H,76,INFLOW,20160115,0100,14779, ,CFS
SHA,H,76,INFLOW,20160115,0200,21609, ,CFS
SHA,H,76,INFLOW,20160115,0300,11040, ,CFS
SHA,H,76,INFLOW,20160115,0400,14564, ,CFS
SHA,H,76,INFLOW,20160115,0500,12685, ,CFS
SHA,H,76,INFLOW,20160115,0600,16402, ,CFS
SHA,H,76,INFLOW,20160115,0700,12465, ,CFS
SHA,H,76,INFLOW,20160115,0800,12315, ,CFS
SHA,H,76,INFLOW,20160115,0900,21435, ,CFS
SHA,H,76,INFLOW,20160115,1000,11049, ,CFS
SHA,H,76,INFLOW,20160115,1100,7433, ,CFS
SHA,H,76,INFLOW,20160115,1200,11158, ,CFS
SHA,H,76,INFLOW,20160115,1300,7936, ,CFS
SHA,H,76,INFLOW,20160115,1400,15794, ,CFS
SHA,H,76,INFLOW,20160115,1500,11164, ,CFS
SHA,H,76,INFLOW,20160115,1600,10062, ,CFS
SHA,H,76,INFLOW,20160115,1700,10315, ,CFS
SHA,H,76,INFLOW,20160115,1800,14002, ,CFS
SHA,H,76,INFLOW,20160115,1900,10981, ,CFS
SHA,H,76,INFLOW,20160115,2000,14440, ,CFS
SHA,H,76,INFLOW,20160115,2100,14481, ,CFS
SHA,H,76,INFLOW,20160115,2200,10739, ,CFS
SHA,H,76,INFLOW,20160115,2300,14048, ,CFS
SHA,H,76,INFLOW,20160116,0000,15360, ,CFS
SHA,H,76,INFLOW,20160116,0100,7577, ,CFS
SHA,H,76,INFLOW,20160116,0200,12635, ,CFS
SHA,H,76,INFLOW,20160116,0300,16182, ,CFS
SHA,H,76,INFLOW,20160116,0400,10819, ,CFS
SHA,H,76,INFLOW,20160116,0500,12344, ,CFS
SHA,H,76,INFLOW,20160116,0600,16087, ,CFS
SHA,H,76,INFLOW,20160116,0700,15924, ,CFS
SHA,H,76,INFLOW,20160116,0800,11921, ,CFS
SHA,H,76,INFLOW,20160116,0900,13507, ,CFS
SHA,H,76,INFLOW,20160116,1000,15623, ,CFS
SHA,H,76,INFLOW,20160116,1100,12942, ,CFS
SHA,H,76,INFLOW,20160116,1200,7421, ,CFS
SHA,H,76,INFLOW,20160116,1300,12465, ,CFS
SHA,H,76,INFLOW,20160116,1400,10324, ,CFS
SHA,H,76,INFLOW,20160116,1500,4941, ,CFS
SHA,H,76,INFLOW,20160116,1600,10100, ,CFS
SHA,H,76,INFLOW,20160116,1700,8802, ,CFS
SHA,H,76,INFLOW,20160116,1800,18166, ,CFS
SHA,H,76,INFLOW,20160116,1900,14596, ,CFS
SHA,H,76,INFLOW,20160116,2000,12612, ,CFS
SHA,H,76,INFLOW,20160116,2100,14541, ,CFS
SHA,H,76,INFLOW,20160116,2200,14590, ,CFS
SHA,H,76,INFLOW,20160116,2300,13277, ,CFS
SHA,H,76,INFLOW,20160117,0000,11174, ,CFS
SHA,H,76,INFLOW,20160117,0100,18426, ,CFS
SHA,H,76,INFLOW,20160117,0200,12762, ,CFS
SHA,H,76,INFLOW,20160117,0300,14444, ,CFS
SHA,H,76,INFLOW,20160117,0400,12737, ,CFS
SHA,H,76,INFLOW,20160117,0500,16349, ,CFS
SHA,H,76,INFLOW,20160117,0600,16127, ,CFS
SHA,H,76,INFLOW,20160117,0700,13010, ,CFS
SHA,H,76,INFLOW,20160117,0800,21199, ,CFS
SHA,H,76,INFLOW,20160117,0900,15805, ,CFS
SHA,H,76,INFLOW,20160117,1000,19423, ,CFS
SHA,H,76,INFLOW,20160117,1100,23630, ,CFS
SHA,H,76,INFLOW,20160117,1200,18125, ,CFS
SHA,H,76,INFLOW,20160117,1300,25363, ,CFS
SHA,H,76,INFLOW,20160117,1400,30791, ,CFS
SHA,H,76,INFLOW,20160117,1500,34631, ,CFS
SHA,H,76,INFLOW,20160117,1600,38369, ,CFS
SHA,H,76,INFLOW,20160117,1700,45902, ,CFS
SHA,H,76,INFLOW,20160117,1800,43737, ,CFS
SHA,H,76,INFLOW,20160117,1900,42061, ,CFS
SHA,H,76,INFLOW,20160117,2000,56853, ,CFS
SHA,H,76,INFLOW,20160117,2100,45855, ,CFS
SHA,H,76,INFLOW,20160117,2200,51358, ,CFS
SHA,H,76,INFLOW,20160117,2300,46201, ,CFS
SHA,H,76,INFLOW,20160118,0000,47439, ,CFS
SHA,H,76,INFLOW,20160118,0100,41916, ,CFS
SHA,H,76,INFLOW,20160118,0200,43936, ,CFS
SHA,H,76,INFLOW,20160118,0300,40331, ,CFS
SHA,H,76,INFLOW,20160118,0400,33595, ,CFS
SHA,H,76,INFLOW,20160118,0500,37199, ,CFS
SHA,H,76,INFLOW,20160118,0600,37177, ,CFS
SHA,H,76,INFLOW,20160118,0700,31597, ,CFS
SHA,H,76,INFLOW,20160118,0800,29781, ,CFS
SHA,H,76,INFLOW,20160118,0900,31897, ,CFS
SHA,H,76,INFLOW,20160118,1000,29656, ,CFS
SHA,H,76,INFLOW,20160118,1100,25796, ,CFS
SHA,H,76,INFLOW,20160118,1200,27463, ,CFS
SHA,H,76,INFLOW,20160118,1300,25706, ,CFS
SHA,H,76,INFLOW,20160118,1400,24998, ,CFS
SHA,H,76,INFLOW,20160118,1500,25175, ,CFS
SHA,H,76,INFLOW,20160118,1600,25728, ,CFS
SHA,H,76,INFLOW,20160118,1700,24163, ,CFS
SHA,H,76,INFLOW,20160118,1800,24206, ,CFS
SHA,H,76,INFLOW,20160118,1900,29498, ,CFS
SHA,H,76,INFLOW,20160118,2000,29624, ,CFS
SHA,H,76,INFLOW,20160118,2100,24174, ,CFS
SHA,H,76,INFLOW,20160118,2200,33093, ,CFS
SHA,H,76,INFLOW,20160118,2300,29817, ,CFS
SHA,H,76,INFLOW,20160119,0000,22734, ,CFS
SHA,H,76,INFLOW,20160119,0100,26501, ,CFS
SHA,H,76,INFLOW,20160119,0200,24504, ,CFS
SHA,H,76,INFLOW,20160119,0300,24505, ,CFS
SHA,H,76,INFLOW,20160119,0400,26386, ,CFS
SHA,H,76,INFLOW,20160119,0500,30145, ,CFS
SHA,H,76,INFLOW,20160119,0600,26662, ,CFS
SHA,H,76,INFLOW,20160119,0700,32529, ,CFS
SHA,H,76,INFLOW,20160119,0800,33132, ,CFS
SHA,H,76,INFLOW,20160119,0900,38505, ,CFS
SHA,H,76,INFLOW,20160119,1000,48012, ,CFS
SHA,H,76,INFLOW,20160119,1100,49623, ,CFS
SHA,H,76,INFLOW,20160119,1200,50640, ,CFS
SHA,H,76,INFLOW,20160119,1300,56292, ,CFS
SHA,H,76,INFLOW,20160119,1400,48285, ,CFS
SHA,H,76,INFLOW,20160119,1500,48997, ,CFS
SHA,H,76,INFLOW,20160119,1600,60596, ,CFS
SHA,H,76,INFLOW,20160119,1700,43844, ,CFS
SHA,H,76,INFLOW,20160119,1800,51630, ,CFS
SHA,H,76,INFLOW,20160119,1900,48113, ,CFS
SHA,H,76,INFLOW,20160119,2000,46408, ,CFS
SHA,H,76,INFLOW,20160119,2100,44352, ,CFS
SHA,H,76,INFLOW,20160119,2200,42590, ,CFS
SHA,H,76,INFLOW,20160119,2300,44358, ,CFS
SHA,H,76,INFLOW,20160120,0000,46322, ,CFS
SHA,H,76,INFLOW,20160120,0100,45571, ,CFS
SHA,H,76,INFLOW,20160120,0200,35605, ,CFS
SHA,H,76,INFLOW,20160120,0300,45346, ,CFS
SHA,H,76,INFLOW,20160120,0400,35975, ,CFS
SHA,H,76,INFLOW,20160120,0500,36159, ,CFS
SHA,H,76,INFLOW,20160120,0600,34364, ,CFS
SHA,H,76,INFLOW,20160120,0700,30754, ,CFS
SHA,H,76,INFLOW,20160120,0800,30890, ,CFS
SHA,H,76,INFLOW,20160120,0900,34486, ,CFS
SHA,H,76,INFLOW,20160120,1000,28322, ,CFS
SHA,H,76,INFLOW,20160120,1100,26773, ,CFS
SHA,H,76,INFLOW,20160120,1200,28992, ,CFS
SHA,H,76,INFLOW,20160120,1300,28507, ,CFS
SHA,H,76,INFLOW,20160120,1400,26895, ,CFS
SHA,H,76,INFLOW,20160120,1500,26692, ,CFS
SHA,H,76,INFLOW,20160120,1600,26107, ,CFS
SHA,H,76,INFLOW,20160120,1700,24388, ,CFS
SHA,H,76,INFLOW,20160120,1800,30478, ,CFS
SHA,H,76,INFLOW,20160120,1900,21936, ,CFS
SHA,H,76,INFLOW,20160120,2000,31702, ,CFS
SHA,H,76,INFLOW,20160120,2100,21945, ,CFS
SHA,H,76,INFLOW,20160120,2200,24614, ,CFS
SHA,H,76,INFLOW,20160120,2300,23112, ,CFS
SHA,H,76,INFLOW,20160121,0000,26692, ,CFS
SHA,H,76,INFLOW,20160121,0100,22691, ,CFS
SHA,H,76,INFLOW,20160121,0200,21966, ,CFS
SHA,H,76,INFLOW,20160121,0300,19928, ,CFS
SHA,H,76,INFLOW,20160121,0400,21910, ,CFS
SHA,H,76,INFLOW,20160121,0500,23915, ,CFS
SHA,H,76,INFLOW,20160121,0600,19942, ,CFS
SHA,H,76,INFLOW,20160121,0700,20170, ,CFS
SHA,H,76,INFLOW,20160121,0800,18126, ,CFS
SHA,H,76,INFLOW,20160121,0900,23894, ,CFS
SHA,H,76,INFLOW,20160121,1000,19918, ,CFS
SHA,H,76,INFLOW,20160121,1100,17977, ,CFS
SHA,H,76,INFLOW,20160121,1200,22032, ,CFS
SHA,H,76,INFLOW,20160121,1300,18034, ,CFS
SHA,H,76,INFLOW,20160121,1400,18034, ,CFS
SHA,H,76,INFLOW,20160121,1500,22032, ,CFS
SHA,H,76,INFLOW,20160121,1600,18034, ,CFS
SHA,H,76,INFLOW,20160121,1700,20033, ,CFS
SHA,H,76,INFLOW,20160121,1800,18034, ,CFS
SHA,H,76,INFLOW,20160121,1900,22032, ,CFS
SHA,H,76,INFLOW,20160121,2000,22032, ,CFS
SHA,H,76,INFLOW,20160121,2100,18072, ,CFS
SHA,H,76,INFLOW,20160121,2200,20161, ,CFS
SHA,H,76,INFLOW,20160121,2300,16171, ,CFS
SHA,H,76,INFLOW,20160122,0000,30711, ,CFS
SHA,H,76,INFLOW,20160122,0100,13316, ,CFS
SHA,H,76,INFLOW,20160122,0200,21158, ,CFS
SHA,H,76,INFLOW,20160122,0300,21186, ,CFS
SHA,H,76,INFLOW,20160122,0400,19238, ,CFS
SHA,H,76,INFLOW,20160122,0500,27394, ,CFS
SHA,H,76,INFLOW,20160122,0600,33427, ,CFS
SHA,H,76,INFLOW,20160122,0700,22350, ,CFS
SHA,H,76,INFLOW,20160122,0800,30403, ,CFS
SHA,H,76,INFLOW,20160122,0900,24331, ,CFS
SHA,H,76,INFLOW,20160122,1000,32427, ,CFS
SHA,H,76,INFLOW,20160122,1100,32416, ,CFS
SHA,H,76,INFLOW,20160122,1200,28369, ,CFS
SHA,H,76,INFLOW,20160122,1300,34453, ,CFS
SHA,H,76,INFLOW,20160122,1400,28543, ,CFS
SHA,H,76,INFLOW,20160122,1500,32616, ,CFS
SHA,H,76,INFLOW,20160122,1600,30580, ,CFS
SHA,H,76,INFLOW,20160122,1700,32616, ,CFS
SHA,H,76,INFLOW,20160122,1800,30580, ,CFS
SHA,H,76,INFLOW,20160122,1900,32616, ,CFS
SHA,H,76,INFLOW,20160122,2000,36895, ,CFS
SHA,H,76,INFLOW,20160122,2100,29428, ,CFS
SHA,H,76,INFLOW,20160122,2200,33326, ,CFS
SHA,H,76,INFLOW,20160122,2300,41792, ,CFS
SHA,H,76,INFLOW,20160123,0000,43237, ,CFS
SHA,H,76,INFLOW,20160123,0100,39920, ,CFS
SHA,H,76,INFLOW,20160123,0200,46599, ,CFS
SHA,H,76,INFLOW,20160123,0300,36507, ,CFS
SHA,H,76,INFLOW,20160123,0400,36169, ,CFS
SHA,H,76,INFLOW,20160123,0500,54588, ,CFS
SHA,H,76,INFLOW,20160123,0600,42242, ,CFS
SHA,H,76,INFLOW,20160123,0700,44287, ,CFS
SHA,H,76,INFLOW,20160123,0800,49848, ,CFS
SHA,H,76,INFLOW,20160123,0900,43580, ,CFS
SHA,H,76,INFLOW,20160123,1000,49801, ,CFS
SHA,H,76,INFLOW,20160123,1100,39647, ,CFS
SHA,H,76,INFLOW,20160123,1200,47035, ,CFS
SHA,H,76,INFLOW,20160123,1300,38420, ,CFS
SHA,H,76,INFLOW,20160123,1400,40832, ,CFS
SHA,H,76,INFLOW,20160123,1500,44800, ,CFS
SHA,H,76,INFLOW,20160123,1600,40441, ,CFS
SHA,H,76,INFLOW,20160123,1700,38631, ,CFS
SHA,H,76,INFLOW,20160123,1800,44994, ,CFS
SHA,H,76,INFLOW,20160123,1900,30410, ,CFS
SHA,H,76,INFLOW,20160123,2000,42073, ,CFS
SHA,H,76,INFLOW,20160123,2100,37840, ,CFS
SHA,H,76,INFLOW,20160123,2200,31814, ,CFS
SHA,H,76,INFLOW,20160123,2300,39560, ,CFS
SHA,H,76,INFLOW,20160124,0000,34970, ,CFS
SHA,H,76,INFLOW,20160124,0100,31771, ,CFS
SHA,H,76,INFLOW,20160124,0200,33814, ,CFS
SHA,H,76,INFLOW,20160124,0300,35925, ,CFS
SHA,H,76,INFLOW,20160124,0400,29604, ,CFS
SHA,H,76,INFLOW,20160124,0500,31718, ,CFS
SHA,H,76,INFLOW,20160124,0600,33830, ,CFS
SHA,H,76,INFLOW,20160124,0700,27493, ,CFS
SHA,H,76,INFLOW,20160124,0800,33830, ,CFS
SHA,H,76,INFLOW,20160124,0900,28524, ,CFS
SHA,H,76,INFLOW,20160124,1000,30824, ,CFS
SHA,H,76,INFLOW,20160124,1100,31346, ,CFS
SHA,H,76,INFLOW,20160124,1200,27625, ,CFS
SHA,H,76,INFLOW,20160124,1300,31888, ,CFS
SHA,H,76,INFLOW,20160124,1400,27575, ,CFS
SHA,H,76,INFLOW,20160124,1500,26009, ,CFS
SHA,H,76,INFLOW,20160124,1600,26222, ,CFS
SHA,H,76,INFLOW,20160124,1700,31118, ,CFS
SHA,H,76,INFLOW,20160124,1800,24781, ,CFS
SHA,H,76,INFLOW,20160124,1900,29201, ,CFS
SHA,H,76,INFLOW,20160124,2000,26700, ,CFS
SHA,H,76,INFLOW,20160124,2100,30810, ,CFS
SHA,H,76,INFLOW,20160124,2200,26076, ,CFS
SHA,H,76,INFLOW,20160124,2300,23981, ,CFS
SHA,H,76,INFLOW,20160125,0000,25770, ,CFS
SHA,H,76,INFLOW,20160125,0100,27858, ,CFS
SHA,H,76,INFLOW,20160125,0200,25723, ,CFS
SHA,H,76,INFLOW,20160125,0300,23725, ,CFS
SHA,H,76,INFLOW,20160125,0400,21613, ,CFS
SHA,H,76,INFLOW,20160125,0500,26123, ,CFS
SHA,H,76,INFLOW,20160125,0600,24548, ,CFS
SHA,H,76,INFLOW,20160125,0700,23370, ,CFS
SHA,H,76,INFLOW,20160125,0800,23530, ,CFS
SHA,H,76,INFLOW,20160125,0900,23126, ,CFS
SHA,H,76,INFLOW,20160125,1000,23183, ,CFS
SHA,H,76,INFLOW,20160125,1100,23667, ,CFS
SHA,H,76,INFLOW,20160125,1200,23443, ,CFS
SHA,H,76,INFLOW,20160125,1300,22157, ,CFS
SHA,H,76,INFLOW,20160125,1400,22223, ,CFS
SHA,H,76,INFLOW,20160125,1500,20220, ,CFS
SHA,H,76,INFLOW,20160125,1600,24995, ,CFS
SHA,H,76,INFLOW,20160125,1700,18148, ,CFS
SHA,H,76,INFLOW,20160125,1800,24477, ,CFS
SHA,H,76,INFLOW,20160125,1900,17336, ,CFS
SHA,H,76,INFLOW,20160125,2000,23824, ,CFS
SHA,H,76,INFLOW,20160125,2100,19499, ,CFS
SHA,H,76,INFLOW,20160125,2200,21763, ,CFS
SHA,H,76,INFLOW,20160125,2300,21377, ,CFS
SHA,H,76,INFLOW,20160126,0000,21364, ,CFS
SHA,H,76,INFLOW,20160126,0100,19231, ,CFS
SHA,H,76,INFLOW,20160126,0200,20984, ,CFS
SHA,H,76,INFLOW,20160126,0300,18456, ,CFS
SHA,H,76,INFLOW,20160126,0400,20394, ,CFS
SHA,H,76,INFLOW,20160126,0500,20593, ,CFS
SHA,H,76,INFLOW,20160126,0600,16416, ,CFS
SHA,H,76,INFLOW,20160126,0700,21069, ,CFS
SHA,H,76,INFLOW,20160126,0800,16961, ,CFS
SHA,H,76,INFLOW,20160126,0900,118965, ,CFS
SHA,H,76,INFLOW,20160126,1000,20741, ,CFS
SHA,H,76,INFLOW,20160126,1100,19770, ,CFS
SHA,H,76,INFLOW,20160126,1200,19810, ,CFS
SHA,H,76,INFLOW,20160126,1300,22168, ,CFS
SHA,H,76,INFLOW,20160126,1400,20093, ,CFS
SHA,H,76,INFLOW,20160126,1500,25533, ,CFS
SHA,H,76,INFLOW,20160126,1600,19383, ,CFS
SHA,H,76,INFLOW,20160126,1700,19709, ,CFS
SHA,H,76,INFLOW,20160126,1800,22547, ,CFS
SHA,H,76,INFLOW,20160126,1900,16472, ,CFS
SHA,H,76,INFLOW,20160126,2000,18764, ,CFS
SHA,H,76,INFLOW,20160126,2100,20802, ,CFS
SHA,H,76,INFLOW,20160126,2200,18511, ,CFS
SHA,H,76,INFLOW,20160126,2300,24410, ,CFS
SHA,H,76,INFLOW,20160127,0000,17526, ,CFS
SHA,H,76,INFLOW,20160127,0100,20603, ,CFS
SHA,H,76,INFLOW,20160127,0200,20518, ,CFS
SHA,H,76,INFLOW,20160127,0300,18311, ,CFS
SHA,H,76,INFLOW,20160127,0400,20505, ,CFS
SHA,H,76,INFLOW,20160127,0500,18303, ,CFS
SHA,H,76,INFLOW,20160127,0600,20575, ,CFS
SHA,H,76,INFLOW,20160127,0700,19419, ,CFS
SHA,H,76,INFLOW,20160127,0800,22078, ,CFS
SHA,H,76,INFLOW,20160127,0900,13785, ,CFS
SHA,H,76,INFLOW,20160127,1000,17372, ,CFS
SHA,H,76,INFLOW,20160127,1100,20673, ,CFS
SHA,H,76,INFLOW,20160127,1200,16188, ,CFS
SHA,H,76,INFLOW,20160127,1300,20621, ,CFS
SHA,H,76,INFLOW,20160127,1400,19907, ,CFS
SHA,H,76,INFLOW,20160127,1500,13349, ,CFS
SHA,H,76,INFLOW,20160127,1600,15562, ,CFS
SHA,H,76,INFLOW,20160127,1700,13927, ,CFS
SHA,H,76,INFLOW,20160127,1800,16953, ,CFS
SHA,H,76,INFLOW,20160127,1900,15973, ,CFS
SHA,H,76,INFLOW,20160127,2000,16653, ,CFS
SHA,H,76,INFLOW,20160127,2100,15770, ,CFS
SHA,H,76,INFLOW,20160127,2200,16480, ,CFS
SHA,H,76,INFLOW,20160127,2300,14662, ,CFS
SHA,H,76,INFLOW,20160128,0000,18346, ,CFS
SHA,H,76,INFLOW,20160128,0100,13716, ,CFS
SHA,H,76,INFLOW,20160128,0200,15805, ,CFS
SHA,H,76,INFLOW,20160128,0300,13427, ,CFS
SHA,H,76,INFLOW,20160128,0400,17880, ,CFS
SHA,H,76,INFLOW,20160128,0500,13427, ,CFS
SHA,H,76,INFLOW,20160128,0600,17881, ,CFS
SHA,H,76,INFLOW,20160128,0700,13445, ,CFS
SHA,H,76,INFLOW,20160128,0800,18430, ,CFS
SHA,H,76,INFLOW,20160128,0900,9514, ,CFS
SHA,H,76,INFLOW,20160128,1000,16216, ,CFS
SHA,H,76,INFLOW,20160128,1100,11839, ,CFS
SHA,H,76,INFLOW,20160128,1200,20566, ,CFS
SHA,H,76,INFLOW,20160128,1300,16230, ,CFS
SHA,H,76,INFLOW,20160128,1400,11209, ,CFS
SHA,H,76,INFLOW,20160128,1500,17906, ,CFS
SHA,H,76,INFLOW,20160128,1600,15743, ,CFS
SHA,H,76,INFLOW,20160128,1700,7339, ,CFS
SHA,H,76,INFLOW,20160128,1800,18440, ,CFS
SHA,H,76,INFLOW,20160128,1900,8519, ,CFS
SHA,H,76,INFLOW,20160128,2000,14100, ,CFS
SHA,H,76,INFLOW,20160128,2100,15738, ,CFS
SHA,H,76,INFLOW,20160128,2200,9020, ,CFS
SHA,H,76,INFLOW,20160128,2300,17979, ,CFS
SHA,H,76,INFLOW,20160129,0000,11345, ,CFS
SHA,H,76,INFLOW,20160129,0100,15800, ,CFS
SHA,H,76,INFLOW,20160129,0200,13530, ,CFS
SHA,H,76,INFLOW,20160129,0300,15772, ,CFS
SHA,H,76,INFLOW,20160129,0400,17991, ,CFS
SHA,H,76,INFLOW,20160129,0500,24713, ,CFS
SHA,H,76,INFLOW,20160129,0600,11298, ,CFS
SHA,H,76,INFLOW,20160129,0700,34690, ,CFS
SHA,H,76,INFLOW,20160129,0800,7638, ,CFS
SHA,H,76,INFLOW,20160129,0900,25129, ,CFS
SHA,H,76,INFLOW,20160129,1000,20305, ,CFS
SHA,H,76,INFLOW,20160129,1100,27057, ,CFS
SHA,H,76,INFLOW,20160129,1200,18048, ,CFS
SHA,H,76,INFLOW,20160129,1300,20301, ,CFS
SHA,H,76,INFLOW,20160129,1400,22553, ,CFS
SHA,H,76,INFLOW,20160129,1500,22553, ,CFS
SHA,H,76,INFLOW,20160129,1600,22579, ,CFS
SHA,H,76,INFLOW,20160129,1700,18581, ,CFS
SHA,H,76,INFLOW,20160129,1800,27863, ,CFS
SHA,H,76,INFLOW,20160129,1900,16463, ,CFS
SHA,H,76,INFLOW,20160129,2000,24963, ,CFS
SHA,H,76,INFLOW,20160129,2100,20650, ,CFS
SHA,H,76,INFLOW,20160129,2200,24985, ,CFS
SHA,H,76,INFLOW,20160129,2300,19452, ,CFS
SHA,H,76,INFLOW,20160130,0000,21814, ,CFS
SHA,H,76,INFLOW,20160130,0100,20495, ,CFS
SHA,H,76,INFLOW,20160130,0200,15888, ,CFS
SHA,H,76,INFLOW,20160130,0300,24950, ,CFS
SHA,H,76,INFLOW,20160130,0400,18154, ,CFS
SHA,H,76,INFLOW,20160130,0500,20419, ,CFS
SHA,H,76,INFLOW,20160130,0600,18218, ,CFS
SHA,H,76,INFLOW,20160130,0700,20536, ,CFS
SHA,H,76,INFLOW,20160130,0800,20536, ,CFS
SHA,H,76,INFLOW,20160130,0900,20536, ,CFS
SHA,H,76,INFLOW,20160130,1000,18257, ,CFS
SHA,H,76,INFLOW,20160130,1100,18257, ,CFS
SHA,H,76,INFLOW,20160130,1200,18257, ,CFS
SHA,H,76,INFLOW,20160130,1300,15979, ,CFS
SHA,H,76,INFLOW,20160130,1400,15979, ,CFS
SHA,H,76,INFLOW,20160130,1500,13701, ,CFS
SHA,H,76,INFLOW,20160130,1600,31927, ,CFS
SHA,H,76,INFLOW,20160130,1700,18551, ,CFS
SHA,H,76,INFLOW,20160130,1800,25857, ,CFS
SHA,H,76,INFLOW,20160130,1900,30567, ,CFS
SHA,H,76,INFLOW,20160130,2000,18649, ,CFS
SHA,H,76,INFLOW,20160130,2100,22953, ,CFS
SHA,H,76,INFLOW,20160130,2200,22953, ,CFS
SHA,H,76,INFLOW,20160130,2300,18371, ,CFS
SHA,H,76,INFLOW,20160131,0000,18371, ,CFS
SHA,H,76,INFLOW,20160131,0100,22953, ,CFS
SHA,H,76,INFLOW,20160131,0200,20662, ,CFS
SHA,H,76,INFLOW,20160131,0300,20662, ,CFS
SHA,H,76,INFLOW,20160131,0400,18371, ,CFS
SHA,H,76,INFLOW,20160131,0500,18452, ,CFS
SHA,H,76,INFLOW,20160131,0600,18479, ,CFS
SHA,H,76,INFLOW,20160131,0700,20784, ,CFS
SHA,H,76,INFLOW,20160131,0800,18479, ,CFS
SHA,H,76,INFLOW,20160131,0900,18479, ,CFS
SHA,H,76,INFLOW,20160131,1000,16186, ,CFS
SHA,H,76,INFLOW,20160131,1100,16186, ,CFS
SHA,H,76,INFLOW,20160131,1200,16186, ,CFS
SHA,H,76,INFLOW,20160131,1300,11576, ,CFS
SHA,H,76,INFLOW,20160131,1400,20795, ,CFS
SHA,H,76,INFLOW,20160131,1500,16186, ,CFS
SHA,H,76,INFLOW,20160131,1600,16186, ,CFS
SHA,H,76,INFLOW,20160131,1700,14108, ,CFS
SHA,H,76,INFLOW,20160131,1800,17570, ,CFS
SHA,H,76,INFLOW,20160131,1900,16566, ,CFS
SHA,H,76,INFLOW,20160131,2000,16422, ,CFS
SHA,H,76,INFLOW,20160131,2100,13960, ,CFS
SHA,H,76,INFLOW,20160131,2200,16358, ,CFS
SHA,H,76,INFLOW,20160131,2300,17308, ,CFS
SHA,H,76,INFLOW,20160201,0000,12679, ,CFS
SHA,H,76,INFLOW,20160201,0100,18664, ,CFS
SHA,H,76,INFLOW,20160201,0200,13958, ,CFS
SHA,H,76,INFLOW,20160201,0300,16275, ,CFS
SHA,H,76,INFLOW,20160201,0400,11640, ,CFS
SHA,H,76,INFLOW,20160201,0500,16276, ,CFS
SHA,H,76,INFLOW,20160201,0600,18593, ,CFS
SHA,H,76,INFLOW,20160201,0700,11640, ,CFS
SHA,H,76,INFLOW,20160201,0800,18593, ,CFS
SHA,H,76,INFLOW,20160201,0900,11640, ,CFS
SHA,H,76,INFLOW,20160201,1000,16329, ,CFS
SHA,H,76,INFLOW,20160201,1100,14123, ,CFS
SHA,H,76,INFLOW,20160201,1200,11792, ,CFS
SHA,H,76,INFLOW,20160201,1300,16454, ,CFS
SHA,H,76,INFLOW,20160201,1400,14123, ,CFS
SHA,H,76,INFLOW,20160201,1500,16456, ,CFS
SHA,H,76,INFLOW,20160201,1600,14154, ,CFS
SHA,H,76,INFLOW,20160201,1700,12193, ,CFS
SHA,H,76,INFLOW,20160201,1800,16109, ,CFS
SHA,H,76,INFLOW,20160201,1900,21077, ,CFS
SHA,H,76,INFLOW,20160201,2000,26228, ,CFS
SHA,H,76,INFLOW,20160201,2100,11910, ,CFS
SHA,H,76,INFLOW,20160201,2200,22839, ,CFS
SHA,H,76,INFLOW,20160201,2300,19202, ,CFS
SHA,H,76,INFLOW,20160202,0000,16355, ,CFS
SHA,H,76,INFLOW,20160202,0100,18907, ,CFS
SHA,H,76,INFLOW,20160202,0200,11860, ,CFS
SHA,H,76,INFLOW,20160202,0300,11860, ,CFS
SHA,H,76,INFLOW,20160202,0400,11860, ,CFS
SHA,H,76,INFLOW,20160202,0500,16548, ,CFS
SHA,H,76,INFLOW,20160202,0600,18892, ,CFS
SHA,H,76,INFLOW,20160202,0700,11860, ,CFS
SHA,H,76,INFLOW,20160202,0800,16548, ,CFS
SHA,H,76,INFLOW,20160202,0900,11860, ,CFS
SHA,H,76,INFLOW,20160202,1000,14101, ,CFS
SHA,H,76,INFLOW,20160202,1100,11757, ,CFS
SHA,H,76,INFLOW,20160202,1200,9519, ,CFS
SHA,H,76,INFLOW,20160202,1300,15780, ,CFS
SHA,H,76,INFLOW,20160202,1400,11105, ,CFS
SHA,H,76,INFLOW,20160202,1500,14202, ,CFS
SHA,H,76,INFLOW,20160202,1600,14101, ,CFS
SHA,H,76,INFLOW,20160202,1700,9858, ,CFS
SHA,H,76,INFLOW,20160202,1800,17493, ,CFS
SHA,H,76,INFLOW,20160202,1900,11977, ,CFS
SHA,H,76,INFLOW,20160202,2000,13948, ,CFS
SHA,H,76,INFLOW,20160202,2100,15431, ,CFS
SHA,H,76,INFLOW,20160202,2200,11154, ,CFS
SHA,H,76,INFLOW,20160202,2300,12781, ,CFS
SHA,H,76,INFLOW,20160203,0000,15189, ,CFS
SHA,H,76,INFLOW,20160203,0100,10262, ,CFS
SHA,H,76,INFLOW,20160203,0200,17389, ,CFS
SHA,H,76,INFLOW,20160203,0300,12752, ,CFS
SHA,H,76,INFLOW,20160203,0400,10393, ,CFS
SHA,H,76,INFLOW,20160203,0500,15115, ,CFS
SHA,H,76,INFLOW,20160203,0600,12787, ,CFS
SHA,H,76,INFLOW,20160203,0700,13559, ,CFS
SHA,H,76,INFLOW,20160203,0800,13671, ,CFS
SHA,H,76,INFLOW,20160203,0900,11041, ,CFS
SHA,H,76,INFLOW,20160203,1000,11032, ,CFS
SHA,H,76,INFLOW,20160203,1100,15711, ,CFS
SHA,H,76,INFLOW,20160203,1200,8630, ,CFS
SHA,H,76,INFLOW,20160203,1300,15678, ,CFS
SHA,H,76,INFLOW,20160203,1400,13331, ,CFS
SHA,H,76,INFLOW,20160203,1500,8647, ,CFS
SHA,H,76,INFLOW,20160203,1600,20574, ,CFS
SHA,H,76,INFLOW,20160203,1700,7282, ,CFS
SHA,H,76,INFLOW,20160203,1800,16031, ,CFS
SHA,H,76,INFLOW,20160203,1900,18479, ,CFS
SHA,H,76,INFLOW,20160203,2000,9958, ,CFS
SHA,H,76,INFLOW,20160203,2100,11555, ,CFS
SHA,H,76,INFLOW,20160203,2200,11192, ,CFS
SHA,H,76,INFLOW,20160203,2300,13715, ,CFS
SHA,H,76,INFLOW,20160204,0000,15974, ,CFS
SHA,H,76,INFLOW,20160204,0100,11234, ,CFS
SHA,H,76,INFLOW,20160204,0200,13515, ,CFS
SHA,H,76,INFLOW,20160204,0300,11052, ,CFS
SHA,H,76,INFLOW,20160204,0400,13378, ,CFS
SHA,H,76,INFLOW,20160204,0500,13642, ,CFS
SHA,H,76,INFLOW,20160204,0600,13678, ,CFS
SHA,H,76,INFLOW,20160204,0700,11138, ,CFS
SHA,H,76,INFLOW,20160204,0800,13663, ,CFS
SHA,H,76,INFLOW,20160204,0900,11284, ,CFS
SHA,H,76,INFLOW,20160204,1000,11308, ,CFS
SHA,H,76,INFLOW,20160204,1100,13583, ,CFS
SHA,H,76,INFLOW,20160204,1200,6742, ,CFS
SHA,H,76,INFLOW,20160204,1300,8966, ,CFS
SHA,H,76,INFLOW,20160204,1400,8530, ,CFS
SHA,H,76,INFLOW,20160204,1500,13351, ,CFS
SHA,H,76,INFLOW,20160204,1600,13625, ,CFS
SHA,H,76,INFLOW,20160204,1700,11508, ,CFS
SHA,H,76,INFLOW,20160204,1800,13777, ,CFS
SHA,H,76,INFLOW,20160204,1900,16194, ,CFS
SHA,H,76,INFLOW,20160204,2000,7008, ,CFS
SHA,H,76,INFLOW,20160204,2100,17294, ,CFS
SHA,H,76,INFLOW,20160204,2200,7532, ,CFS
SHA,H,76,INFLOW,20160204,2300,12142, ,CFS
SHA,H,76,INFLOW,20160205,0000,14271, ,CFS
SHA,H,76,INFLOW,20160205,0100,11585, ,CFS
SHA,H,76,INFLOW,20160205,0200,13631, ,CFS
SHA,H,76,INFLOW,20160205,0300,13574, ,CFS
SHA,H,76,INFLOW,20160205,0400,11289, ,CFS
SHA,H,76,INFLOW,20160205,0500,14222, ,CFS
SHA,H,76,INFLOW,20160205,0600,14157, ,CFS
SHA,H,76,INFLOW,20160205,0700,9424, ,CFS
SHA,H,76,INFLOW,20160205,0800,11137, ,CFS
SHA,H,76,INFLOW,20160205,0900,11072, ,CFS
SHA,H,76,INFLOW,20160205,1000,8817, ,CFS
SHA,H,76,INFLOW,20160205,1100,15447, ,CFS
SHA,H,76,INFLOW,20160205,1200,1020, ,CFS
SHA,H,76,INFLOW,20160205,1300,8224, ,CFS
SHA,H,76,INFLOW,20160205,1400,3670, ,CFS
SHA,H,76,INFLOW,20160205,1500,6274, ,CFS
SHA,H,76,INFLOW,20160205,1600,4044, ,CFS
SHA,H,76,INFLOW,20160205,1700,6499, ,CFS
SHA,H,76,INFLOW,20160205,1800,8441, ,CFS
SHA,H,76,INFLOW,20160205,1900,10487, ,CFS
SHA,H,76,INFLOW,20160205,2000,15137, ,CFS
SHA,H,76,INFLOW,20160205,2100,6445, ,CFS
SHA,H,76,INFLOW,20160205,2200,13375, ,CFS
SHA,H,76,INFLOW,20160205,2300,13783, ,CFS
SHA,H,76,INFLOW,20160206,0000,11138, ,CFS
SHA,H,76,INFLOW,20160206,0100,12104, ,CFS
SHA,H,76,INFLOW,20160206,0200,14431, ,CFS
SHA,H,76,INFLOW,20160206,0300,9647, ,CFS
SHA,H,76,INFLOW,20160206,0400,12040, ,CFS
SHA,H,76,INFLOW,20160206,0500,9755, ,CFS
SHA,H,76,INFLOW,20160206,0600,9324, ,CFS
SHA,H,76,INFLOW,20160206,0700,11752, ,CFS
SHA,H,76,INFLOW,20160206,0800,12046, ,CFS
SHA,H,76,INFLOW,20160206,0900,9548, ,CFS
SHA,H,76,INFLOW,20160206,1000,11886, ,CFS
SHA,H,76,INFLOW,20160206,1100,2258, ,CFS
SHA,H,76,INFLOW,20160206,1200,6828, ,CFS
SHA,H,76,INFLOW,20160206,1300,5933, ,CFS
SHA,H,76,INFLOW,20160206,1400,1088, ,CFS
SHA,H,76,INFLOW,20160206,1500,5752, ,CFS
SHA,H,76,INFLOW,20160206,1600,5913, ,CFS
SHA,H,76,INFLOW,20160206,1700,8565, ,CFS
SHA,H,76,INFLOW,20160206,1800,9776, ,CFS
SHA,H,76,INFLOW,20160206,1900,15238, ,CFS
SHA,H,76,INFLOW,20160206,2000,11064, ,CFS
SHA,H,76,INFLOW,20160206,2100,10143, ,CFS
SHA,H,76,INFLOW,20160206,2200,14244, ,CFS
SHA,H,76,INFLOW,20160206,2300,9389, ,CFS
SHA,H,76,INFLOW,20160207,0000,11870, ,CFS
SHA,H,76,INFLOW,20160207,0100,11921, ,CFS
SHA,H,76,INFLOW,20160207,0200,9469, ,CFS
SHA,H,76,INFLOW,20160207,0300,4634, ,CFS
SHA,H,76,INFLOW,20160207,0400,9076, ,CFS
SHA,H,76,INFLOW,20160207,0500,9455, ,CFS
SHA,H,76,INFLOW,20160207,0600,4707, ,CFS
SHA,H,76,INFLOW,20160207,0700,14498, ,CFS
SHA,H,76,INFLOW,20160207,0800,7235, ,CFS
SHA,H,76,INFLOW,20160207,0900,4615, ,CFS
SHA,H,76,INFLOW,20160207,1000,14156, ,CFS
SHA,H,76,INFLOW,20160207,1100,5018, ,CFS
SHA,H,76,INFLOW,20160207,1200,7289, ,CFS
SHA,H,76,INFLOW,20160207,1300,11364, ,CFS
SHA,H,76,INFLOW,20160207,1400,-831, ,CFS
SHA,H,76,INFLOW,20160207,1500,3994, ,CFS
SHA,H,76,INFLOW,20160207,1600,6473, ,CFS
SHA,H,76,INFLOW,20160207,1700,4245, ,CFS
SHA,H,76,INFLOW,20160207,1800,4706, ,CFS
SHA,H,76,INFLOW,20160207,1900,8781, ,CFS
SHA,H,76,INFLOW,20160207,2000,8966, ,CFS
SHA,H,76,INFLOW,20160207,2100,14643, ,CFS
SHA,H,76,INFLOW,20160207,2200,13925, ,CFS
SHA,H,76,INFLOW,20160207,2300,8902, ,CFS
SHA,H,76,INFLOW,20160208,0000,11306, ,CFS
SHA,H,76,INFLOW,20160208,0100,6552, ,CFS
SHA,H,76,INFLOW,20160208,0200,13918, ,CFS
SHA,H,76,INFLOW,20160208,0300,11583, ,CFS
SHA,H,76,INFLOW,20160208,0400,4397, ,CFS
SHA,H,76,INFLOW,20160208,0500,6899, ,CFS
SHA,H,76,INFLOW,20160208,0600,14107, ,CFS
SHA,H,76,INFLOW,20160208,0700,4949, ,CFS
SHA,H,76,INFLOW,20160208,0800,14828, ,CFS
SHA,H,76,INFLOW,20160208,0900,2797, ,CFS
SHA,H,76,INFLOW,20160208,1000,5128, ,CFS
SHA,H,76,INFLOW,20160208,1100,2483, ,CFS
SHA,H,76,INFLOW,20160208,1200,2376, ,CFS
SHA,H,76,INFLOW,20160208,1300,4939, ,CFS
SHA,H,76,INFLOW,20160208,1400,5087, ,CFS
SHA,H,76,INFLOW,20160208,1500,4093, ,CFS
SHA,H,76,INFLOW,20160208,1600,46654, ,CFS
SHA,H,76,INFLOW,20160208,1700,7929, ,CFS
SHA,H,76,INFLOW,20160208,1800,8463, ,CFS
SHA,H,76,INFLOW,20160208,1900,16320, ,CFS
SHA,H,76,INFLOW,20160208,2000,9558, ,CFS
SHA,H,76,INFLOW,20160208,2100,10160, ,CFS
SHA,H,76,INFLOW,20160208,2200,7601, ,CFS
SHA,H,76,INFLOW,20160208,2300,7448, ,CFS
SHA,H,76,INFLOW,20160209,0000,12605, ,CFS
SHA,H,76,INFLOW,20160209,0100,4638, ,CFS
SHA,H,76,INFLOW,20160209,0200,14075, ,CFS
SHA,H,76,INFLOW,20160209,0300,7168, ,CFS
SHA,H,76,INFLOW,20160209,0400,2769, ,CFS
SHA,H,76,INFLOW,20160209,0500,5450, ,CFS
SHA,H,76,INFLOW,20160209,0600,5288, ,CFS
SHA,H,76,INFLOW,20160209,0700,12467, ,CFS
SHA,H,76,INFLOW,20160209,0800,10207, ,CFS
SHA,H,76,INFLOW,20160209,0900,7307, ,CFS
SHA,H,76,INFLOW,20160209,1000,9575, ,CFS
SHA,H,76,INFLOW,20160209,1100,2221, ,CFS
SHA,H,76,INFLOW,20160209,1200,4854, ,CFS
SHA,H,76,INFLOW,20160209,1300,4836, ,CFS
SHA,H,76,INFLOW,20160209,1400,3022, ,CFS
SHA,H,76,INFLOW,20160209,1500,5594, ,CFS
SHA,H,76,INFLOW,20160209,1600,4596, ,CFS
SHA,H,76,INFLOW,20160209,1700,12419, ,CFS
SHA,H,76,INFLOW,20160209,1800,5056, ,CFS
SHA,H,76,INFLOW,20160209,1900,13915, ,CFS
SHA,H,76,INFLOW,20160209,2000,11440, ,CFS
SHA,H,76,INFLOW,20160209,2100,8785, ,CFS
SHA,H,76,INFLOW,20160209,2200,13852, ,CFS
SHA,H,76,INFLOW,20160209,2300,11900, ,CFS
SHA,H,76,INFLOW,20160210,0000,9389, ,CFS
SHA,H,76,INFLOW,20160210,0100,15374, ,CFS
SHA,H,76,INFLOW,20160210,0200,5126, ,CFS
SHA,H,76,INFLOW,20160210,0300,7257, ,CFS
SHA,H,76,INFLOW,20160210,0400,7150, ,CFS
SHA,H,76,INFLOW,20160210,0500,2653, ,CFS
SHA,H,76,INFLOW,20160210,0600,12916, ,CFS
SHA,H,76,INFLOW,20160210,0700,5358, ,CFS
SHA,H,76,INFLOW,20160210,0800,15879, ,CFS
SHA,H,76,INFLOW,20160210,0900,7722, ,CFS
SHA,H,76,INFLOW,20160210,1000,5015, ,CFS
SHA,H,76,INFLOW,20160210,1100,10141, ,CFS
SHA,H,76,INFLOW,20160210,1200,585, ,CFS
SHA,H,76,INFLOW,20160210,1300,2781, ,CFS
SHA,H,76,INFLOW,20160210,1400,7402, ,CFS
SHA,H,76,INFLOW,20160210,1500,-2040, ,CFS
SHA,H,76,INFLOW,20160210,1600,13249, ,CFS
SHA,H,76,INFLOW,20160210,1700,567, ,CFS
SHA,H,76,INFLOW,20160210,1800,16347, ,CFS
SHA,H,76,INFLOW,20160210,1900,7563, ,CFS
SHA,H,76,INFLOW,20160210,2000,11780, ,CFS
SHA,H,76,INFLOW,20160210,2100,12206, ,CFS
SHA,H,76,INFLOW,20160210,2200,7662, ,CFS
SHA,H,76,INFLOW,20160210,2300,11317, ,CFS
SHA,H,76,INFLOW,20160211,0000,13483, ,CFS
SHA,H,76,INFLOW,20160211,0100,7224, ,CFS
SHA,H,76,INFLOW,20160211,0200,9268, ,CFS
SHA,H,76,INFLOW,20160211,0300,9155, ,CFS
SHA,H,76,INFLOW,20160211,0400,1874, ,CFS
SHA,H,76,INFLOW,20160211,0500,1862, ,CFS
SHA,H,76,INFLOW,20160211,0600,4314, ,CFS
SHA,H,76,INFLOW,20160211,0700,5020, ,CFS
SHA,H,76,INFLOW,20160211,0800,1663, ,CFS
SHA,H,76,INFLOW,20160211,0900,14234, ,CFS
SHA,H,76,INFLOW,20160211,1000,5371, ,CFS
SHA,H,76,INFLOW,20160211,1100,280, ,CFS
SHA,H,76,INFLOW,20160211,1200,7648, ,CFS
SHA,H,76,INFLOW,20160211,1300,267, ,CFS
SHA,H,76,INFLOW,20160211,1400,2654, ,CFS
SHA,H,76,INFLOW,20160211,1500,7398, ,CFS
SHA,H,76,INFLOW,20160211,1600,422, ,CFS
SHA,H,76,INFLOW,20160211,1700,3124, ,CFS
SHA,H,76,INFLOW,20160211,1800,6821, ,CFS
SHA,H,76,INFLOW,20160211,1900,13533, ,CFS
SHA,H,76,INFLOW,20160211,2000,10190, ,CFS
SHA,H,76,INFLOW,20160211,2100,10094, ,CFS
SHA,H,76,INFLOW,20160211,2200,5988, ,CFS
SHA,H,76,INFLOW,20160211,2300,12831, ,CFS
SHA,H,76,INFLOW,20160212,0000,7768, ,CFS
SHA,H,76,INFLOW,20160212,0100,9335, ,CFS
SHA,H,76,INFLOW,20160212,0200,11539, ,CFS
SHA,H,76,INFLOW,20160212,0300,6903, ,CFS
SHA,H,76,INFLOW,20160212,0400,9429, ,CFS
SHA,H,76,INFLOW,20160212,0500,9732, ,CFS
SHA,H,76,INFLOW,20160212,0600,7083, ,CFS
SHA,H,76,INFLOW,20160212,0700,12069, ,CFS
SHA,H,76,INFLOW,20160212,0800,2175, ,CFS
SHA,H,76,INFLOW,20160212,0900,6433, ,CFS
SHA,H,76,INFLOW,20160212,1000,2608, ,CFS
SHA,H,76,INFLOW,20160212,1100,4939, ,CFS
SHA,H,76,INFLOW,20160212,1200,2506, ,CFS
SHA,H,76,INFLOW,20160212,1300,4939, ,CFS
SHA,H,76,INFLOW,20160212,1400,7373, ,CFS
SHA,H,76,INFLOW,20160212,1500,2506, ,CFS
SHA,H,76,INFLOW,20160212,1600,4939, ,CFS
SHA,H,76,INFLOW,20160212,1700,7690, ,CFS
SHA,H,76,INFLOW,20160212,1800,8198, ,CFS
SHA,H,76,INFLOW,20160212,1900,11296, ,CFS
SHA,H,76,INFLOW,20160212,2000,8673, ,CFS
SHA,H,76,INFLOW,20160212,2100,10010, ,CFS
SHA,H,76,INFLOW,20160212,2200,11158, ,CFS
SHA,H,76,INFLOW,20160212,2300,7296, ,CFS
SHA,H,76,INFLOW,20160213,0000,12015, ,CFS
SHA,H,76,INFLOW,20160213,0100,6264, ,CFS
SHA,H,76,INFLOW,20160213,0200,8430, ,CFS
SHA,H,76,INFLOW,20160213,0300,5871, ,CFS
SHA,H,76,INFLOW,20160213,0400,3341, ,CFS
SHA,H,76,INFLOW,20160213,0500,8707, ,CFS
SHA,H,76,INFLOW,20160213,0600,6250, ,CFS
SHA,H,76,INFLOW,20160213,0700,14604, ,CFS
SHA,H,76,INFLOW,20160213,0800,7017, ,CFS
SHA,H,76,INFLOW,20160213,0900,9504, ,CFS
SHA,H,76,INFLOW,20160213,1000,9602, ,CFS
SHA,H,76,INFLOW,20160213,1100,-6, ,CFS
SHA,H,76,INFLOW,20160213,1200,4923, ,CFS
SHA,H,76,INFLOW,20160213,1300,4731, ,CFS
SHA,H,76,INFLOW,20160213,1400,4631, ,CFS
SHA,H,76,INFLOW,20160213,1500,4730, ,CFS
SHA,H,76,INFLOW,20160213,1600,2338, ,CFS
SHA,H,76,INFLOW,20160213,1700,5082, ,CFS
SHA,H,76,INFLOW,20160213,1800,9986, ,CFS
SHA,H,76,INFLOW,20160213,1900,12524, ,CFS
SHA,H,76,INFLOW,20160213,2000,8687, ,CFS
SHA,H,76,INFLOW,20160213,2100,12199, ,CFS
SHA,H,76,INFLOW,20160213,2200,7371, ,CFS
SHA,H,76,INFLOW,20160213,2300,12925, ,CFS
SHA,H,76,INFLOW,20160214,0000,7923, ,CFS
SHA,H,76,INFLOW,20160214,0100,7529, ,CFS
SHA,H,76,INFLOW,20160214,0200,7349, ,CFS
SHA,H,76,INFLOW,20160214,0300,126, ,CFS
SHA,H,76,INFLOW,20160214,0400,19889, ,CFS
SHA,H,76,INFLOW,20160214,0500,7594, ,CFS
SHA,H,76,INFLOW,20160214,0600,-2237, ,CFS
SHA,H,76,INFLOW,20160214,0700,17823, ,CFS
SHA,H,76,INFLOW,20160214,0800,7248, ,CFS
SHA,H,76,INFLOW,20160214,0900,9404, ,CFS
SHA,H,76,INFLOW,20160214,1000,-355, ,CFS
SHA,H,76,INFLOW,20160214,1100,1996, ,CFS
SHA,H,76,INFLOW,20160214,1200,4615, ,CFS
SHA,H,76,INFLOW,20160214,1300,9364, ,CFS
SHA,H,76,INFLOW,20160214,1400,2307, ,CFS
SHA,H,76,INFLOW,20160214,1500,9690, ,CFS
SHA,H,76,INFLOW,20160214,1600,103, ,CFS
SHA,H,76,INFLOW,20160214,1700,7834, ,CFS
SHA,H,76,INFLOW,20160214,1800,11833, ,CFS
SHA,H,76,INFLOW,20160214,1900,12878, ,CFS
SHA,H,76,INFLOW,20160214,2000,6482, ,CFS
SHA,H,76,INFLOW,20160214,2100,14132, ,CFS
SHA,H,76,INFLOW,20160214,2200,4313, ,CFS
SHA,H,76,INFLOW,20160214,2300,10275, ,CFS
SHA,H,76,INFLOW,20160215,0000,10062, ,CFS
SHA,H,76,INFLOW,20160215,0100,7449, ,CFS
SHA,H,76,INFLOW,20160215,0200,7722, ,CFS
SHA,H,76,INFLOW,20160215,0300,2856, ,CFS
SHA,H,76,INFLOW,20160215,0400,2721, ,CFS
SHA,H,76,INFLOW,20160215,0500,5255, ,CFS
SHA,H,76,INFLOW,20160215,0600,10361, ,CFS
SHA,H,76,INFLOW,20160215,0700,6764, ,CFS
SHA,H,76,INFLOW,20160215,0800,11651, ,CFS
SHA,H,76,INFLOW,20160215,0900,9083, ,CFS
SHA,H,76,INFLOW,20160215,1000,6805, ,CFS
SHA,H,76,INFLOW,20160215,1100,6910, ,CFS
SHA,H,76,INFLOW,20160215,1200,1994, ,CFS
SHA,H,76,INFLOW,20160215,1300,4446, ,CFS
SHA,H,76,INFLOW,20160215,1400,4571, ,CFS
SHA,H,76,INFLOW,20160215,1500,2455, ,CFS
SHA,H,76,INFLOW,20160215,1600,12102, ,CFS
SHA,H,76,INFLOW,20160215,1700,7290, ,CFS
SHA,H,76,INFLOW,20160215,1800,12672, ,CFS
SHA,H,76,INFLOW,20160215,1900,13370, ,CFS
SHA,H,76,INFLOW,20160215,2000,6343, ,CFS
SHA,H,76,INFLOW,20160215,2100,14623, ,CFS
SHA,H,76,INFLOW,20160215,2200,6153, ,CFS
SHA,H,76,INFLOW,20160215,2300,10373, ,CFS
SHA,H,76,INFLOW,20160216,0000,12697, ,CFS
SHA,H,76,INFLOW,20160216,0100,7847, ,CFS
SHA,H,76,INFLOW,20160216,0200,2574, ,CFS
SHA,H,76,INFLOW,20160216,0300,7479, ,CFS
SHA,H,76,INFLOW,20160216,0400,2609, ,CFS
SHA,H,76,INFLOW,20160216,0500,7207, ,CFS
SHA,H,76,INFLOW,20160216,0600,2460, ,CFS
SHA,H,76,INFLOW,20160216,0700,4205, ,CFS
SHA,H,76,INFLOW,20160216,0800,9527, ,CFS
SHA,H,76,INFLOW,20160216,0900,6705, ,CFS
SHA,H,76,INFLOW,20160216,1000,9017, ,CFS
SHA,H,76,INFLOW,20160216,1100,4535, ,CFS
SHA,H,76,INFLOW,20160216,1200,99, ,CFS
SHA,H,76,INFLOW,20160216,1300,4556, ,CFS
SHA,H,76,INFLOW,20160216,1400,4473, ,CFS
SHA,H,76,INFLOW,20160216,1500,3692, ,CFS
SHA,H,76,INFLOW,20160216,1600,5840, ,CFS
SHA,H,76,INFLOW,20160216,1700,6160, ,CFS
SHA,H,76,INFLOW,20160216,1800,13952, ,CFS
SHA,H,76,INFLOW,20160216,1900,13448, ,CFS
SHA,H,76,INFLOW,20160216,2000,6257, ,CFS
SHA,H,76,INFLOW,20160216,2100,11422, ,CFS
SHA,H,76,INFLOW,20160216,2200,7116, ,CFS
SHA,H,76,INFLOW,20160216,2300,12452, ,CFS
SHA,H,76,INFLOW,20160217,0000,12022, ,CFS
SHA,H,76,INFLOW,20160217,0100,4524, ,CFS
SHA,H,76,INFLOW,20160217,0200,14357, ,CFS
SHA,H,76,INFLOW,20160217,0300,2058, ,CFS
SHA,H,76,INFLOW,20160217,0400,14292, ,CFS
SHA,H,76,INFLOW,20160217,0500,14197, ,CFS
SHA,H,76,INFLOW,20160217,0600,4449, ,CFS
SHA,H,76,INFLOW,20160217,0700,7585, ,CFS
SHA,H,76,INFLOW,20160217,0800,5537, ,CFS
SHA,H,76,INFLOW,20160217,0900,16943, ,CFS
SHA,H,76,INFLOW,20160217,1000,128, ,CFS
SHA,H,76,INFLOW,20160217,1100,9899, ,CFS
SHA,H,76,INFLOW,20160217,1200,2494, ,CFS
SHA,H,76,INFLOW,20160217,1300,11985, ,CFS
SHA,H,76,INFLOW,20160217,1400,7089, ,CFS
SHA,H,76,INFLOW,20160217,1500,-1791, ,CFS
SHA,H,76,INFLOW,20160217,1600,12732, ,CFS
SHA,H,76,INFLOW,20160217,1700,8035, ,CFS
SHA,H,76,INFLOW,20160217,1800,-8782, ,CFS
SHA,H,76,INFLOW,20160217,1900,17858, ,CFS
SHA,H,76,INFLOW,20160217,2000,18218, ,CFS
SHA,H,76,INFLOW,20160217,2100,19898, ,CFS
SHA,H,76,INFLOW,20160217,2200,8026, ,CFS
SHA,H,76,INFLOW,20160217,2300,14630, ,CFS
SHA,H,76,INFLOW,20160218,0000,9699, ,CFS
SHA,H,76,INFLOW,20160218,0100,6651, ,CFS
SHA,H,76,INFLOW,20160218,0200,12571, ,CFS
SHA,H,76,INFLOW,20160218,0300,14897, ,CFS
SHA,H,76,INFLOW,20160218,0400,14897, ,CFS
SHA,H,76,INFLOW,20160218,0500,12428, ,CFS
SHA,H,76,INFLOW,20160218,0600,10064, ,CFS
SHA,H,76,INFLOW,20160218,0700,17186, ,CFS
SHA,H,76,INFLOW,20160218,0800,9236, ,CFS
SHA,H,76,INFLOW,20160218,0900,14213, ,CFS
SHA,H,76,INFLOW,20160218,1000,11708, ,CFS
SHA,H,76,INFLOW,20160218,1100,6983, ,CFS
SHA,H,76,INFLOW,20160218,1200,7224, ,CFS
SHA,H,76,INFLOW,20160218,1300,7223, ,CFS
SHA,H,76,INFLOW,20160218,1400,4405, ,CFS
SHA,H,76,INFLOW,20160218,1500,12017, ,CFS
SHA,H,76,INFLOW,20160218,1600,19674, ,CFS
SHA,H,76,INFLOW,20160218,1700,14946, ,CFS
SHA,H,76,INFLOW,20160218,1800,27453, ,CFS
SHA,H,76,INFLOW,20160218,1900,15076, ,CFS
SHA,H,76,INFLOW,20160218,2000,17482, ,CFS
SHA,H,76,INFLOW,20160218,2100,16750, ,CFS
SHA,H,76,INFLOW,20160218,2200,16651, ,CFS
SHA,H,76,INFLOW,20160218,2300,9679, ,CFS
SHA,H,76,INFLOW,20160219,0000,19346, ,CFS
SHA,H,76,INFLOW,20160219,0100,14811, ,CFS
SHA,H,76,INFLOW,20160219,0200,12407, ,CFS
SHA,H,76,INFLOW,20160219,0300,14996, ,CFS
SHA,H,76,INFLOW,20160219,0400,14950, ,CFS
SHA,H,76,INFLOW,20160219,0500,17383, ,CFS
SHA,H,76,INFLOW,20160219,0600,2539, ,CFS
SHA,H,76,INFLOW,20160219,0700,16934, ,CFS
SHA,H,76,INFLOW,20160219,0800,14258, ,CFS
SHA,H,76,INFLOW,20160219,0900,14320, ,CFS
SHA,H,76,INFLOW,20160219,1000,19385, ,CFS
SHA,H,76,INFLOW,20160219,1100,14195, ,CFS
SHA,H,76,INFLOW,20160219,1200,7598, ,CFS
SHA,H,76,INFLOW,20160219,1300,17544, ,CFS
SHA,H,76,INFLOW,20160219,1400,7537, ,CFS
SHA,H,76,INFLOW,20160219,1500,7537, ,CFS
SHA,H,76,INFLOW,20160219,1600,15574, ,CFS
SHA,H,76,INFLOW,20160219,1700,186, ,CFS
SHA,H,76,INFLOW,20160219,1800,19358, ,CFS
SHA,H,76,INFLOW,20160219,1900,12202, ,CFS
SHA,H,76,INFLOW,20160219,2000,15478, ,CFS
SHA,H,76,INFLOW,20160219,2100,17980, ,CFS
SHA,H,76,INFLOW,20160219,2200,9876, ,CFS
SHA,H,76,INFLOW,20160219,2300,14226, ,CFS
SHA,H,76,INFLOW,20160220,0000,18891, ,CFS
SHA,H,76,INFLOW,20160220,0100,12669, ,CFS
SHA,H,76,INFLOW,20160220,0200,14889, ,CFS
SHA,H,76,INFLOW,20160220,0300,12441, ,CFS
SHA,H,76,INFLOW,20160220,0400,15100, ,CFS
SHA,H,76,INFLOW,20160220,0500,17594, ,CFS
SHA,H,76,INFLOW,20160220,0600,12590, ,CFS
SHA,H,76,INFLOW,20160220,0700,13952, ,CFS
SHA,H,76,INFLOW,20160220,0800,15123, ,CFS
SHA,H,76,INFLOW,20160220,0900,12818, ,CFS
SHA,H,76,INFLOW,20160220,1000,12713, ,CFS
SHA,H,76,INFLOW,20160220,1100,12757, ,CFS
SHA,H,76,INFLOW,20160220,1200,5194, ,CFS
SHA,H,76,INFLOW,20160220,1300,7417, ,CFS
SHA,H,76,INFLOW,20160220,1400,4532, ,CFS
SHA,H,76,INFLOW,20160220,1500,7040, ,CFS
SHA,H,76,INFLOW,20160220,1600,9852, ,CFS
SHA,H,76,INFLOW,20160220,1700,17167, ,CFS
SHA,H,76,INFLOW,20160220,1800,10705, ,CFS
SHA,H,76,INFLOW,20160220,1900,11599, ,CFS
SHA,H,76,INFLOW,20160220,2000,22701, ,CFS
SHA,H,76,INFLOW,20160220,2100,9831, ,CFS
SHA,H,76,INFLOW,20160220,2200,13215, ,CFS
SHA,H,76,INFLOW,20160220,2300,20643, ,CFS
SHA,H,76,INFLOW,20160221,0000,10091, ,CFS
SHA,H,76,INFLOW,20160221,0100,17851, ,CFS
SHA,H,76,INFLOW,20160221,0200,15253, ,CFS
SHA,H,76,INFLOW,20160221,0300,15312, ,CFS
SHA,H,76,INFLOW,20160221,0400,15341, ,CFS
SHA,H,76,INFLOW,20160221,0500,12870, ,CFS
SHA,H,76,INFLOW,20160221,0600,12919, ,CFS
SHA,H,76,INFLOW,20160221,0700,7896, ,CFS
SHA,H,76,INFLOW,20160221,0800,20515, ,CFS
SHA,H,76,INFLOW,20160221,0900,12721, ,CFS
SHA,H,76,INFLOW,20160221,1000,5064, ,CFS
SHA,H,76,INFLOW,20160221,1100,7585, ,CFS
SHA,H,76,INFLOW,20160221,1200,2546, ,CFS
SHA,H,76,INFLOW,20160221,1300,10058, ,CFS
SHA,H,76,INFLOW,20160221,1400,10006, ,CFS
SHA,H,76,INFLOW,20160221,1500,4983, ,CFS
SHA,H,76,INFLOW,20160221,1600,9749, ,CFS
SHA,H,76,INFLOW,20160221,1700,4884, ,CFS
SHA,H,76,INFLOW,20160221,1800,5914, ,CFS
SHA,H,76,INFLOW,20160221,1900,16821, ,CFS
SHA,H,76,INFLOW,20160221,2000,10560, ,CFS
SHA,H,76,INFLOW,20160221,2100,15517, ,CFS
SHA,H,76,INFLOW,20160221,2200,13017, ,CFS
SHA,H,76,INFLOW,20160221,2300,12795, ,CFS
SHA,H,76,INFLOW,20160222,0000,9962, ,CFS
SHA,H,76,INFLOW,20160222,0100,12591, ,CFS
SHA,H,76,INFLOW,20160222,0200,5014, ,CFS
SHA,H,76,INFLOW,20160222,0300,12685, ,CFS
SHA,H,76,INFLOW,20160222,0400,10279, ,CFS
SHA,H,76,INFLOW,20160222,0500,7882, ,CFS
SHA,H,76,INFLOW,20160222,0600,13028, ,CFS
SHA,H,76,INFLOW,20160222,0700,6909, ,CFS
SHA,H,76,INFLOW,20160222,0800,9546, ,CFS
SHA,H,76,INFLOW,20160222,0900,17200, ,CFS
SHA,H,76,INFLOW,20160222,1000,5841, ,CFS
SHA,H,76,INFLOW,20160222,1100,10750, ,CFS
SHA,H,76,INFLOW,20160222,1200,9232, ,CFS
SHA,H,76,INFLOW,20160222,1300,9149, ,CFS
SHA,H,76,INFLOW,20160222,1400,14169, ,CFS
SHA,H,76,INFLOW,20160222,1500,6586, ,CFS
SHA,H,76,INFLOW,20160222,1600,11508, ,CFS
SHA,H,76,INFLOW,20160222,1700,9608, ,CFS
SHA,H,76,INFLOW,20160222,1800,11843, ,CFS
SHA,H,76,INFLOW,20160222,1900,15056, ,CFS
SHA,H,76,INFLOW,20160222,2000,9600, ,CFS
SHA,H,76,INFLOW,20160222,2100,14101, ,CFS
SHA,H,76,INFLOW,20160222,2200,11323, ,CFS
SHA,H,76,INFLOW,20160222,2300,10656, ,CFS
SHA,H,76,INFLOW,20160223,0000,15622, ,CFS
SHA,H,76,INFLOW,20160223,0100,10239, ,CFS
SHA,H,76,INFLOW,20160223,0200,12726, ,CFS
SHA,H,76,INFLOW,20160223,0300,12800, ,CFS
SHA,H,76,INFLOW,20160223,0400,7733, ,CFS
SHA,H,76,INFLOW,20160223,0500,5411, ,CFS
SHA,H,76,INFLOW,20160223,0600,18286, ,CFS
SHA,H,76,INFLOW,20160223,0700,10500, ,CFS
SHA,H,76,INFLOW,20160223,0800,7797, ,CFS
SHA,H,76,INFLOW,20160223,0900,13015, ,CFS
SHA,H,76,INFLOW,20160223,1000,7067, ,CFS
SHA,H,76,INFLOW,20160223,1100,4812, ,CFS
SHA,H,76,INFLOW,20160223,1200,2371, ,CFS
SHA,H,76,INFLOW,20160223,1300,7447, ,CFS
SHA,H,76,INFLOW,20160223,1400,7472, ,CFS
SHA,H,76,INFLOW,20160223,1500,9980, ,CFS
SHA,H,76,INFLOW,20160223,1600,11773, ,CFS
SHA,H,76,INFLOW,20160223,1700,7187, ,CFS
SHA,H,76,INFLOW,20160223,1800,13920, ,CFS
SHA,H,76,INFLOW,20160223,1900,11821, ,CFS
SHA,H,76,INFLOW,20160223,2000,9043, ,CFS
SHA,H,76,INFLOW,20160223,2100,15049, ,CFS
SHA,H,76,INFLOW,20160223,2200,9598, ,CFS
SHA,H,76,INFLOW,20160223,2300,7962, ,CFS
SHA,H,76,INFLOW,20160224,0000,7935, ,CFS
SHA,H,76,INFLOW,20160224,0100,10361, ,CFS
SHA,H,76,INFLOW,20160224,0200,15448, ,CFS
SHA,H,76,INFLOW,20160224,0300,10371, ,CFS
SHA,H,76,INFLOW,20160224,0400,10376, ,CFS
SHA,H,76,INFLOW,20160224,0500,12912, ,CFS
SHA,H,76,INFLOW,20160224,0600,7799, ,CFS
SHA,H,76,INFLOW,20160224,0700,10343, ,CFS
SHA,H,76,INFLOW,20160224,0800,10504, ,CFS
SHA,H,76,INFLOW,20160224,0900,10508, ,CFS
SHA,H,76,INFLOW,20160224,1000,10313, ,CFS
SHA,H,76,INFLOW,20160224,1100,10873, ,CFS
SHA,H,76,INFLOW,20160224,1200,2979, ,CFS
SHA,H,76,INFLOW,20160224,1300,5408, ,CFS
SHA,H,76,INFLOW,20160224,1400,8404, ,CFS
SHA,H,76,INFLOW,20160224,1500,8755, ,CFS
SHA,H,76,INFLOW,20160224,1600,9004, ,CFS
SHA,H,76,INFLOW,20160224,1700,9795, ,CFS
SHA,H,76,INFLOW,20160224,1800,13254, ,CFS
SHA,H,76,INFLOW,20160224,1900,8997, ,CFS
SHA,H,76,INFLOW,20160224,2000,14322, ,CFS
SHA,H,76,INFLOW,20160224,2100,9050, ,CFS
SHA,H,76,INFLOW,20160224,2200,9204, ,CFS
SHA,H,76,INFLOW,20160224,2300,12915, ,CFS
SHA,H,76,INFLOW,20160225,0000,10280, ,CFS
SHA,H,76,INFLOW,20160225,0100,10287, ,CFS
SHA,H,76,INFLOW,20160225,0200,7740, ,CFS
SHA,H,76,INFLOW,20160225,0300,12851, ,CFS
SHA,H,76,INFLOW,20160225,0400,10295, ,CFS
SHA,H,76,INFLOW,20160225,0500,10298, ,CFS
SHA,H,76,INFLOW,20160225,0600,10430, ,CFS
SHA,H,76,INFLOW,20160225,0700,10471, ,CFS
SHA,H,76,INFLOW,20160225,0800,12571, ,CFS
SHA,H,76,INFLOW,20160225,0900,9585, ,CFS
SHA,H,76,INFLOW,20160225,1000,5084, ,CFS
SHA,H,76,INFLOW,20160225,1100,7466, ,CFS
SHA,H,76,INFLOW,20160225,1200,7824, ,CFS
SHA,H,76,INFLOW,20160225,1300,7656, ,CFS
SHA,H,76,INFLOW,20160225,1400,9469, ,CFS
SHA,H,76,INFLOW,20160225,1500,6990, ,CFS
SHA,H,76,INFLOW,20160225,1600,5875, ,CFS
SHA,H,76,INFLOW,20160225,1700,6240, ,CFS
SHA,H,76,INFLOW,20160225,1800,12533, ,CFS
SHA,H,76,INFLOW,20160225,1900,13486, ,CFS
SHA,H,76,INFLOW,20160225,2000,10239, ,CFS
SHA,H,76,INFLOW,20160225,2100,9352, ,CFS
SHA,H,76,INFLOW,20160225,2200,9748, ,CFS
SHA,H,76,INFLOW,20160225,2300,10464, ,CFS
SHA,H,76,INFLOW,20160226,0000,12855, ,CFS
SHA,H,76,INFLOW,20160226,0100,12874, ,CFS
SHA,H,76,INFLOW,20160226,0200,10320, ,CFS
SHA,H,76,INFLOW,20160226,0300,13154, ,CFS
SHA,H,76,INFLOW,20160226,0400,8127, ,CFS
SHA,H,76,INFLOW,20160226,0500,13475, ,CFS
SHA,H,76,INFLOW,20160226,0600,11117, ,CFS
SHA,H,76,INFLOW,20160226,0700,10316, ,CFS
SHA,H,76,INFLOW,20160226,0800,8875, ,CFS
SHA,H,76,INFLOW,20160226,0900,15415, ,CFS
SHA,H,76,INFLOW,20160226,1000,131, ,CFS
SHA,H,76,INFLOW,20160226,1100,7424, ,CFS
SHA,H,76,INFLOW,20160226,1200,7459, ,CFS
SHA,H,76,INFLOW,20160226,1300,7264, ,CFS
SHA,H,76,INFLOW,20160226,1400,7045, ,CFS
SHA,H,76,INFLOW,20160226,1500,4297, ,CFS
SHA,H,76,INFLOW,20160226,1600,6364, ,CFS
SHA,H,76,INFLOW,20160226,1700,9744, ,CFS
SHA,H,76,INFLOW,20160226,1800,9237, ,CFS
SHA,H,76,INFLOW,20160226,1900,5505, ,CFS
SHA,H,76,INFLOW,20160226,2000,19276, ,CFS
SHA,H,76,INFLOW,20160226,2100,-1156, ,CFS
SHA,H,76,INFLOW,20160226,2200,20094, ,CFS
SHA,H,76,INFLOW,20160226,2300,9707, ,CFS
SHA,H,76,INFLOW,20160227,0000,8981, ,CFS
SHA,H,76,INFLOW,20160227,0100,15602, ,CFS
SHA,H,76,INFLOW,20160227,0200,10384, ,CFS
SHA,H,76,INFLOW,20160227,0300,10384, ,CFS
SHA,H,76,INFLOW,20160227,0400,12956, ,CFS
SHA,H,76,INFLOW,20160227,0500,12956, ,CFS
SHA,H,76,INFLOW,20160227,0600,7953, ,CFS
SHA,H,76,INFLOW,20160227,0700,7545, ,CFS
SHA,H,76,INFLOW,20160227,0800,11609, ,CFS
SHA,H,76,INFLOW,20160227,0900,4381, ,CFS
SHA,H,76,INFLOW,20160227,1000,9638, ,CFS
SHA,H,76,INFLOW,20160227,1100,6875, ,CFS
SHA,H,76,INFLOW,20160227,1200,4387, ,CFS
SHA,H,76,INFLOW,20160227,1300,9934, ,CFS
SHA,H,76,INFLOW,20160227,1400,7323, ,CFS
SHA,H,76,INFLOW,20160227,1500,9638, ,CFS
SHA,H,76,INFLOW,20160227,1600,6511, ,CFS
SHA,H,76,INFLOW,20160227,1700,1320, ,CFS
SHA,H,76,INFLOW,20160227,1800,10927, ,CFS
SHA,H,76,INFLOW,20160227,1900,4953, ,CFS
SHA,H,76,INFLOW,20160227,2000,15035, ,CFS
SHA,H,76,INFLOW,20160227,2100,13544, ,CFS
SHA,H,76,INFLOW,20160227,2200,8188, ,CFS
SHA,H,76,INFLOW,20160227,2300,11935, ,CFS
SHA,H,76,INFLOW,20160228,0000,11481, ,CFS
SHA,H,76,INFLOW,20160228,0100,9696, ,CFS
SHA,H,76,INFLOW,20160228,0200,14974, ,CFS
SHA,H,76,INFLOW,20160228,0300,12392, ,CFS
SHA,H,76,INFLOW,20160228,0400,9715, ,CFS
SHA,H,76,INFLOW,20160228,0500,9899, ,CFS
SHA,H,76,INFLOW,20160228,0600,9847, ,CFS
SHA,H,76,INFLOW,20160228,0700,7805, ,CFS
SHA,H,76,INFLOW,20160228,0800,10600, ,CFS
SHA,H,76,INFLOW,20160228,0900,11820, ,CFS
SHA,H,76,INFLOW,20160228,1000,9134, ,CFS
SHA,H,76,INFLOW,20160228,1100,1438, ,CFS
SHA,H,76,INFLOW,20160228,1200,11740, ,CFS
SHA,H,76,INFLOW,20160228,1300,8490, ,CFS
SHA,H,76,INFLOW,20160228,1400,3358, ,CFS
SHA,H,76,INFLOW,20160228,1500,11099, ,CFS
SHA,H,76,INFLOW,20160228,1600,8713, ,CFS
SHA,H,76,INFLOW,20160228,1700,6731, ,CFS
SHA,H,76,INFLOW,20160228,1800,16059, ,CFS
SHA,H,76,INFLOW,20160228,1900,8833, ,CFS
SHA,H,76,INFLOW,20160228,2000,11334, ,CFS
SHA,H,76,INFLOW,20160228,2100,10252, ,CFS
SHA,H,76,INFLOW,20160228,2200,8128, ,CFS
SHA,H,76,INFLOW,20160228,2300,10583, ,CFS
SHA,H,76,INFLOW,20160229,0000,10027, ,CFS
SHA,H,76,INFLOW,20160229,0100,12483, ,CFS
SHA,H,76,INFLOW,20160229,0200,9945, ,CFS
SHA,H,76,INFLOW,20160229,0300,9932, ,CFS
SHA,H,76,INFLOW,20160229,0400,2292, ,CFS
SHA,H,76,INFLOW,20160229,0500,7721, ,CFS
SHA,H,76,INFLOW,20160229,0600,10212, ,CFS
SHA,H,76,INFLOW,20160229,0700,10353, ,CFS
SHA,H,76,INFLOW,20160229,0800,13325, ,CFS
SHA,H,76,INFLOW,20160229,0900,7602, ,CFS
SHA,H,76,INFLOW,20160229,1000,10063, ,CFS
SHA,H,76,INFLOW,20160229,1100,4778, ,CFS
SHA,H,76,INFLOW,20160229,1200,10278, ,CFS
SHA,H,76,INFLOW,20160229,1300,-2632, ,CFS
SHA,H,76,INFLOW,20160229,1400,10350, ,CFS
SHA,H,76,INFLOW,20160229,1500,5054, ,CFS
SHA,H,76,INFLOW,20160229,1600,2487, ,CFS
SHA,H,76,INFLOW,20160229,1700,5283, ,CFS
SHA,H,76,INFLOW,20160229,1800,941, ,CFS
SHA,H,76,INFLOW,20160229,1900,11701, ,CFS
SHA,H,76,INFLOW,20160229,2000,1083, ,CFS
SHA,H,76,INFLOW,20160229,2100,9486, ,CFS
SHA,H,76,INFLOW,20160229,2200,3441, ,CFS
SHA,H,76,INFLOW,20160229,2300,6672, ,CFS
SHA,H,76,INFLOW,20160301,0000,6248, ,CFS
SHA,H,76,INFLOW,20160301,0100,1822, ,CFS
SHA,H,76,INFLOW,20160301,0200,7031, ,CFS
SHA,H,76,INFLOW,20160301,0300,1836, ,CFS
SHA,H,76,INFLOW,20160301,0400,4715, ,CFS
SHA,H,76,INFLOW,20160301,0500,4945, ,CFS
SHA,H,76,INFLOW,20160301,0600,1900, ,CFS
SHA,H,76,INFLOW,20160301,0700,14557, ,CFS
SHA,H,76,INFLOW,20160301,0800,5242, ,CFS
SHA,H,76,INFLOW,20160301,0900,7620, ,CFS
SHA,H,76,INFLOW,20160301,1000,11833, ,CFS
SHA,H,76,INFLOW,20160301,1100,-1228, ,CFS
SHA,H,76,INFLOW,20160301,1200,9359, ,CFS
SHA,H,76,INFLOW,20160301,1300,7170, ,CFS
SHA,H,76,INFLOW,20160301,1400,-428, ,CFS
SHA,H,76,INFLOW,20160301,1500,9816, ,CFS
SHA,H,76,INFLOW,20160301,1600,4371, ,CFS
SHA,H,76,INFLOW,20160301,1700,1520, ,CFS
SHA,H,76,INFLOW,20160301,1800,3063, ,CFS
SHA,H,76,INFLOW,20160301,1900,16846, ,CFS
SHA,H,76,INFLOW,20160301,2000,9813, ,CFS
SHA,H,76,INFLOW,20160301,2100,7324, ,CFS
SHA,H,76,INFLOW,20160301,2200,13559, ,CFS
SHA,H,76,INFLOW,20160301,2300,7555, ,CFS
SHA,H,76,INFLOW,20160302,0000,6591, ,CFS
SHA,H,76,INFLOW,20160302,0100,14287, ,CFS
SHA,H,76,INFLOW,20160302,0200,6510, ,CFS
SHA,H,76,INFLOW,20160302,0300,3812, ,CFS
SHA,H,76,INFLOW,20160302,0400,6589, ,CFS
SHA,H,76,INFLOW,20160302,0500,7019, ,CFS
SHA,H,76,INFLOW,20160302,0600,1515, ,CFS
SHA,H,76,INFLOW,20160302,0700,12590, ,CFS
SHA,H,76,INFLOW,20160302,0800,4964, ,CFS
SHA,H,76,INFLOW,20160302,0900,12458, ,CFS
SHA,H,76,INFLOW,20160302,1000,9798, ,CFS
SHA,H,76,INFLOW,20160302,1100,7428, ,CFS
SHA,H,76,INFLOW,20160302,1200,4979, ,CFS
SHA,H,76,INFLOW,20160302,1300,5090, ,CFS
SHA,H,76,INFLOW,20160302,1400,5112, ,CFS
SHA,H,76,INFLOW,20160302,1500,4815, ,CFS
SHA,H,76,INFLOW,20160302,1600,2857, ,CFS
SHA,H,76,INFLOW,20160302,1700,3114, ,CFS
SHA,H,76,INFLOW,20160302,1800,12133, ,CFS
SHA,H,76,INFLOW,20160302,1900,12348, ,CFS
SHA,H,76,INFLOW,20160302,2000,12097, ,CFS
SHA,H,76,INFLOW,20160302,2100,12522, ,CFS
SHA,H,76,INFLOW,20160302,2200,7188, ,CFS
SHA,H,76,INFLOW,20160302,2300,6790, ,CFS
SHA,H,76,INFLOW,20160303,0000,17186, ,CFS
SHA,H,76,INFLOW,20160303,0100,4160, ,CFS
SHA,H,76,INFLOW,20160303,0200,9515, ,CFS
SHA,H,76,INFLOW,20160303,0300,12124, ,CFS
SHA,H,76,INFLOW,20160303,0400,4404, ,CFS
SHA,H,76,INFLOW,20160303,0500,12493, ,CFS
SHA,H,76,INFLOW,20160303,0600,6839, ,CFS
SHA,H,76,INFLOW,20160303,0700,12779, ,CFS
SHA,H,76,INFLOW,20160303,0800,13302, ,CFS
SHA,H,76,INFLOW,20160303,0900,5340, ,CFS
SHA,H,76,INFLOW,20160303,1000,10566, ,CFS
SHA,H,76,INFLOW,20160303,1100,13179, ,CFS
SHA,H,76,INFLOW,20160303,1200,13321, ,CFS
SHA,H,76,INFLOW,20160303,1300,7656, ,CFS
SHA,H,76,INFLOW,20160303,1400,13160, ,CFS
SHA,H,76,INFLOW,20160303,1500,7888, ,CFS
SHA,H,76,INFLOW,20160303,1600,10405, ,CFS
SHA,H,76,INFLOW,20160303,1700,12597, ,CFS
SHA,H,76,INFLOW,20160303,1800,7634, ,CFS
SHA,H,76,INFLOW,20160303,1900,17005, ,CFS
SHA,H,76,INFLOW,20160303,2000,9396, ,CFS
SHA,H,76,INFLOW,20160303,2100,11475, ,CFS
SHA,H,76,INFLOW,20160303,2200,11516, ,CFS
SHA,H,76,INFLOW,20160303,2300,13468, ,CFS
SHA,H,76,INFLOW,20160304,0000,8070, ,CFS
SHA,H,76,INFLOW,20160304,0100,9947, ,CFS
SHA,H,76,INFLOW,20160304,0200,12646, ,CFS
SHA,H,76,INFLOW,20160304,0300,12633, ,CFS
SHA,H,76,INFLOW,20160304,0400,12964, ,CFS
SHA,H,76,INFLOW,20160304,0500,5239, ,CFS
SHA,H,76,INFLOW,20160304,0600,13244, ,CFS
SHA,H,76,INFLOW,20160304,0700,15434, ,CFS
SHA,H,76,INFLOW,20160304,0800,4553, ,CFS
SHA,H,76,INFLOW,20160304,0900,10117, ,CFS
SHA,H,76,INFLOW,20160304,1000,12801, ,CFS
SHA,H,76,INFLOW,20160304,1100,4547, ,CFS
SHA,H,76,INFLOW,20160304,1200,17884, ,CFS
SHA,H,76,INFLOW,20160304,1300,3987, ,CFS
SHA,H,76,INFLOW,20160304,1400,14475, ,CFS
SHA,H,76,INFLOW,20160304,1500,11657, ,CFS
SHA,H,76,INFLOW,20160304,1600,3852, ,CFS
SHA,H,76,INFLOW,20160304,1700,17339, ,CFS
SHA,H,76,INFLOW,20160304,1800,10935, ,CFS
SHA,H,76,INFLOW,20160304,1900,6603, ,CFS
SHA,H,76,INFLOW,20160304,2000,11128, ,CFS
SHA,H,76,INFLOW,20160304,2100,17613, ,CFS
SHA,H,76,INFLOW,20160304,2200,9411, ,CFS
SHA,H,76,INFLOW,20160304,2300,15235, ,CFS
SHA,H,76,INFLOW,20160305,0000,12874, ,CFS
SHA,H,76,INFLOW,20160305,0100,13006, ,CFS
SHA,H,76,INFLOW,20160305,0200,10318, ,CFS
SHA,H,76,INFLOW,20160305,0300,26025, ,CFS
SHA,H,76,INFLOW,20160305,0400,7630, ,CFS
SHA,H,76,INFLOW,20160305,0500,25702, ,CFS
SHA,H,76,INFLOW,20160305,0600,20452, ,CFS
SHA,H,76,INFLOW,20160305,0700,19625, ,CFS
SHA,H,76,INFLOW,20160305,0800,17176, ,CFS
SHA,H,76,INFLOW,20160305,0900,15012, ,CFS
SHA,H,76,INFLOW,20160305,1000,24758, ,CFS
SHA,H,76,INFLOW,20160305,1100,24596, ,CFS
SHA,H,76,INFLOW,20160305,1200,27244, ,CFS
SHA,H,76,INFLOW,20160305,1300,22737, ,CFS
SHA,H,76,INFLOW,20160305,1400,30472, ,CFS
SHA,H,76,INFLOW,20160305,1500,38313, ,CFS
SHA,H,76,INFLOW,20160305,1600,25104, ,CFS
SHA,H,76,INFLOW,20160305,1700,54122, ,CFS
SHA,H,76,INFLOW,20160305,1800,31120, ,CFS
SHA,H,76,INFLOW,20160305,1900,60655, ,CFS
SHA,H,76,INFLOW,20160305,2000,55782, ,CFS
SHA,H,76,INFLOW,20160305,2100,49112, ,CFS
SHA,H,76,INFLOW,20160305,2200,77162, ,CFS
SHA,H,76,INFLOW,20160305,2300,53326, ,CFS
SHA,H,76,INFLOW,20160306,0000,85316, ,CFS
SHA,H,76,INFLOW,20160306,0100,63994, ,CFS
SHA,H,76,INFLOW,20160306,0200,66661, ,CFS
SHA,H,76,INFLOW,20160306,0300,58969, ,CFS
SHA,H,76,INFLOW,20160306,0400,53611, ,CFS
SHA,H,76,INFLOW,20160306,0500,53611, ,CFS
SHA,H,76,INFLOW,20160306,0600,50944, ,CFS
SHA,H,76,INFLOW,20160306,0700,59065, ,CFS
SHA,H,76,INFLOW,20160306,0800,37995, ,CFS
SHA,H,76,INFLOW,20160306,0900,37929, ,CFS
SHA,H,76,INFLOW,20160306,1000,53943, ,CFS
SHA,H,76,INFLOW,20160306,1100,29665, ,CFS
SHA,H,76,INFLOW,20160306,1200,43137, ,CFS
SHA,H,76,INFLOW,20160306,1300,37750, ,CFS
SHA,H,76,INFLOW,20160306,1400,35123, ,CFS
SHA,H,76,INFLOW,20160306,1500,37949, ,CFS
SHA,H,76,INFLOW,20160306,1600,24401, ,CFS
SHA,H,76,INFLOW,20160306,1700,38101, ,CFS
SHA,H,76,INFLOW,20160306,1800,51122, ,CFS
SHA,H,76,INFLOW,20160306,1900,33666, ,CFS
SHA,H,76,INFLOW,20160306,2000,53379, ,CFS
SHA,H,76,INFLOW,20160306,2100,40660, ,CFS
SHA,H,76,INFLOW,20160306,2200,39587, ,CFS
SHA,H,76,INFLOW,20160306,2300,52299, ,CFS
SHA,H,76,INFLOW,20160307,0000,38759, ,CFS
SHA,H,76,INFLOW,20160307,0100,45449, ,CFS
SHA,H,76,INFLOW,20160307,0200,40792, ,CFS
SHA,H,76,INFLOW,20160307,0300,40309, ,CFS
SHA,H,76,INFLOW,20160307,0400,43307, ,CFS
SHA,H,76,INFLOW,20160307,0500,37420, ,CFS
SHA,H,76,INFLOW,20160307,0600,42910, ,CFS
SHA,H,76,INFLOW,20160307,0700,35147, ,CFS
SHA,H,76,INFLOW,20160307,0800,38248, ,CFS
SHA,H,76,INFLOW,20160307,0900,43466, ,CFS
SHA,H,76,INFLOW,20160307,1000,37287, ,CFS
SHA,H,76,INFLOW,20160307,1100,37050, ,CFS
SHA,H,76,INFLOW,20160307,1200,31306, ,CFS
SHA,H,76,INFLOW,20160307,1300,45354, ,CFS
SHA,H,76,INFLOW,20160307,1400,34489, ,CFS
SHA,H,76,INFLOW,20160307,1500,37212, ,CFS
SHA,H,76,INFLOW,20160307,1600,37755, ,CFS
SHA,H,76,INFLOW,20160307,1700,35080, ,CFS
SHA,H,76,INFLOW,20160307,1800,30531, ,CFS
SHA,H,76,INFLOW,20160307,1900,40700, ,CFS
SHA,H,76,INFLOW,20160307,2000,34003, ,CFS
SHA,H,76,INFLOW,20160307,2100,36031, ,CFS
SHA,H,76,INFLOW,20160307,2200,32506, ,CFS
SHA,H,76,INFLOW,20160307,2300,33355, ,CFS
SHA,H,76,INFLOW,20160308,0000,27942, ,CFS
SHA,H,76,INFLOW,20160308,0100,36223, ,CFS
SHA,H,76,INFLOW,20160308,0200,24974, ,CFS
SHA,H,76,INFLOW,20160308,0300,30498, ,CFS
SHA,H,76,INFLOW,20160308,0400,33262, ,CFS
SHA,H,76,INFLOW,20160308,0500,30604, ,CFS
SHA,H,76,INFLOW,20160308,0600,25203, ,CFS
SHA,H,76,INFLOW,20160308,0700,30303, ,CFS
SHA,H,76,INFLOW,20160308,0800,24759, ,CFS
SHA,H,76,INFLOW,20160308,0900,28037, ,CFS
SHA,H,76,INFLOW,20160308,1000,27952, ,CFS
SHA,H,76,INFLOW,20160308,1100,25152, ,CFS
SHA,H,76,INFLOW,20160308,1200,25161, ,CFS
SHA,H,76,INFLOW,20160308,1300,27934, ,CFS
SHA,H,76,INFLOW,20160308,1400,19585, ,CFS
SHA,H,76,INFLOW,20160308,1500,27927, ,CFS
SHA,H,76,INFLOW,20160308,1600,16893, ,CFS
SHA,H,76,INFLOW,20160308,1700,30867, ,CFS
SHA,H,76,INFLOW,20160308,1800,18055, ,CFS
SHA,H,76,INFLOW,20160308,1900,31055, ,CFS
SHA,H,76,INFLOW,20160308,2000,25715, ,CFS
SHA,H,76,INFLOW,20160308,2100,23470, ,CFS
SHA,H,76,INFLOW,20160308,2200,28451, ,CFS
SHA,H,76,INFLOW,20160308,2300,25276, ,CFS
SHA,H,76,INFLOW,20160309,0000,22493, ,CFS
SHA,H,76,INFLOW,20160309,0100,22506, ,CFS
SHA,H,76,INFLOW,20160309,0200,25346, ,CFS
SHA,H,76,INFLOW,20160309,0300,22487, ,CFS
SHA,H,76,INFLOW,20160309,0400,28217, ,CFS
SHA,H,76,INFLOW,20160309,0500,22876, ,CFS
SHA,H,76,INFLOW,20160309,0600,17588, ,CFS
SHA,H,76,INFLOW,20160309,0700,29085, ,CFS
SHA,H,76,INFLOW,20160309,0800,15335, ,CFS
SHA,H,76,INFLOW,20160309,0900,37783, ,CFS
SHA,H,76,INFLOW,20160309,1000,12402, ,CFS
SHA,H,76,INFLOW,20160309,1100,20744, ,CFS
SHA,H,76,INFLOW,20160309,1200,23700, ,CFS
SHA,H,76,INFLOW,20160309,1300,18641, ,CFS
SHA,H,76,INFLOW,20160309,1400,27010, ,CFS
SHA,H,76,INFLOW,20160309,1500,18400, ,CFS
SHA,H,76,INFLOW,20160309,1600,18348, ,CFS
SHA,H,76,INFLOW,20160309,1700,35222, ,CFS
SHA,H,76,INFLOW,20160309,1800,4464, ,CFS
SHA,H,76,INFLOW,20160309,1900,22363, ,CFS
SHA,H,76,INFLOW,20160309,2000,27655, ,CFS
SHA,H,76,INFLOW,20160309,2100,24547, ,CFS
SHA,H,76,INFLOW,20160309,2200,15580, ,CFS
SHA,H,76,INFLOW,20160309,2300,31232, ,CFS
SHA,H,76,INFLOW,20160310,0000,14888, ,CFS
SHA,H,76,INFLOW,20160310,0100,19834, ,CFS
SHA,H,76,INFLOW,20160310,0200,16973, ,CFS
SHA,H,76,INFLOW,20160310,0300,31091, ,CFS
SHA,H,76,INFLOW,20160310,0400,19797, ,CFS
SHA,H,76,INFLOW,20160310,0500,22631, ,CFS
SHA,H,76,INFLOW,20160310,0600,34108, ,CFS
SHA,H,76,INFLOW,20160310,0700,23141, ,CFS
SHA,H,76,INFLOW,20160310,0800,34472, ,CFS
SHA,H,76,INFLOW,20160310,0900,36999, ,CFS
SHA,H,76,INFLOW,20160310,1000,31270, ,CFS
SHA,H,76,INFLOW,20160310,1100,42617, ,CFS
SHA,H,76,INFLOW,20160310,1200,39776, ,CFS
SHA,H,76,INFLOW,20160310,1300,42616, ,CFS
SHA,H,76,INFLOW,20160310,1400,39857, ,CFS
SHA,H,76,INFLOW,20160310,1500,39978, ,CFS
SHA,H,76,INFLOW,20160310,1600,48538, ,CFS
SHA,H,76,INFLOW,20160310,1700,43252, ,CFS
SHA,H,76,INFLOW,20160310,1800,49202, ,CFS
SHA,H,76,INFLOW,20160310,1900,53999, ,CFS
SHA,H,76,INFLOW,20160310,2000,48503, ,CFS
SHA,H,76,INFLOW,20160310,2100,49858, ,CFS
SHA,H,76,INFLOW,20160310,2200,55312, ,CFS
SHA,H,76,INFLOW,20160310,2300,52515, ,CFS
SHA,H,76,INFLOW,20160311,0000,52075, ,CFS
SHA,H,76,INFLOW,20160311,0100,43068, ,CFS
SHA,H,76,INFLOW,20160311,0200,51719, ,CFS
SHA,H,76,INFLOW,20160311,0300,43271, ,CFS
SHA,H,76,INFLOW,20160311,0400,49040, ,CFS
SHA,H,76,INFLOW,20160311,0500,54802, ,CFS
SHA,H,76,INFLOW,20160311,0600,54804, ,CFS
SHA,H,76,INFLOW,20160311,0700,46162, ,CFS
SHA,H,76,INFLOW,20160311,0800,46683, ,CFS
SHA,H,76,INFLOW,20160311,0900,52310, ,CFS
SHA,H,76,INFLOW,20160311,1000,55075, ,CFS
SHA,H,76,INFLOW,20160311,1100,57972, ,CFS
SHA,H,76,INFLOW,20160311,1200,57972, ,CFS
SHA,H,76,INFLOW,20160311,1300,58117, ,CFS
SHA,H,76,INFLOW,20160311,1400,54016, ,CFS
SHA,H,76,INFLOW,20160311,1500,56987, ,CFS
SHA,H,76,INFLOW,20160311,1600,54011, ,CFS
SHA,H,76,INFLOW,20160311,1700,40883, ,CFS
SHA,H,76,INFLOW,20160311,1800,58580, ,CFS
SHA,H,76,INFLOW,20160311,1900,54987, ,CFS
SHA,H,76,INFLOW,20160311,2000,48215, ,CFS
SHA,H,76,INFLOW,20160311,2100,61335, ,CFS
SHA,H,76,INFLOW,20160311,2200,49602, ,CFS
SHA,H,76,INFLOW,20160311,2300,49602, ,CFS
SHA,H,76,INFLOW,20160312,0000,61295, ,CFS
SHA,H,76,INFLOW,20160312,0100,49861, ,CFS
SHA,H,76,INFLOW,20160312,0200,52792, ,CFS
SHA,H,76,INFLOW,20160312,0300,58654, ,CFS
SHA,H,76,INFLOW,20160312,0400,55723, ,CFS
SHA,H,76,INFLOW,20160312,0500,46940, ,CFS
SHA,H,76,INFLOW,20160312,0600,55887, ,CFS
SHA,H,76,INFLOW,20160312,0700,47179, ,CFS
SHA,H,76,INFLOW,20160312,0800,50108, ,CFS
SHA,H,76,INFLOW,20160312,0900,53046, ,CFS
SHA,H,76,INFLOW,20160312,1000,64829, ,CFS
SHA,H,76,INFLOW,20160312,1100,58997, ,CFS
SHA,H,76,INFLOW,20160312,1200,65156, ,CFS
SHA,H,76,INFLOW,20160312,1300,68117, ,CFS
SHA,H,76,INFLOW,20160312,1400,71077, ,CFS
SHA,H,76,INFLOW,20160312,1500,62196, ,CFS
SHA,H,76,INFLOW,20160312,1600,53504, ,CFS
SHA,H,76,INFLOW,20160312,1700,74892, ,CFS
SHA,H,76,INFLOW,20160312,1800,66101, ,CFS
SHA,H,76,INFLOW,20160312,1900,57072, ,CFS
SHA,H,76,INFLOW,20160312,2000,69412, ,CFS
SHA,H,76,INFLOW,20160312,2100,63950, ,CFS
SHA,H,76,INFLOW,20160312,2200,60668, ,CFS
SHA,H,76,INFLOW,20160312,2300,69663, ,CFS
SHA,H,76,INFLOW,20160313,0000,66496, ,CFS
SHA,H,76,INFLOW,20160313,0100,68987, ,CFS
SHA,H,76,INFLOW,20160313,0300,---, ,CFS
SHA,H,76,INFLOW,20160313,0400,70234, ,CFS
SHA,H,76,INFLOW,20160313,0500,64152, ,CFS
SHA,H,76,INFLOW,20160313,0600,76504, ,CFS
SHA,H,76,INFLOW,20160313,0700,64672, ,CFS
SHA,H,76,INFLOW,20160313,0800,70107, ,CFS
SHA,H,76,INFLOW,20160313,0900,69510, ,CFS
SHA,H,76,INFLOW,20160313,1000,72529, ,CFS
SHA,H,76,INFLOW,20160313,1100,78855, ,CFS
SHA,H,76,INFLOW,20160313,1200,72971, ,CFS
SHA,H,76,INFLOW,20160313,1300,72920, ,CFS
SHA,H,76,INFLOW,20160313,1400,82079, ,CFS
SHA,H,76,INFLOW,20160313,1500,76956, ,CFS
SHA,H,76,INFLOW,20160313,1600,86223, ,CFS
SHA,H,76,INFLOW,20160313,1700,98457, ,CFS
SHA,H,76,INFLOW,20160313,1800,108429, ,CFS
SHA,H,76,INFLOW,20160313,1900,87769, ,CFS
SHA,H,76,INFLOW,20160313,2000,98741, ,CFS
SHA,H,76,INFLOW,20160313,2100,92144, ,CFS
SHA,H,76,INFLOW,20160313,2200,86307, ,CFS
SHA,H,76,INFLOW,20160313,2300,95551, ,CFS
SHA,H,76,INFLOW,20160314,0000,89390, ,CFS
SHA,H,76,INFLOW,20160314,0100,99002, ,CFS
SHA,H,76,INFLOW,20160314,0200,77449, ,CFS
SHA,H,76,INFLOW,20160314,0300,80545, ,CFS
SHA,H,76,INFLOW,20160314,0400,83673, ,CFS
SHA,H,76,INFLOW,20160314,0500,65390, ,CFS
SHA,H,76,INFLOW,20160314,0600,84063, ,CFS
SHA,H,76,INFLOW,20160314,0700,77839, ,CFS
SHA,H,76,INFLOW,20160314,0800,65390, ,CFS
SHA,H,76,INFLOW,20160314,0900,75029, ,CFS
SHA,H,76,INFLOW,20160314,1000,65707, ,CFS
SHA,H,76,INFLOW,20160314,1100,65708, ,CFS
SHA,H,76,INFLOW,20160314,1200,62580, ,CFS
SHA,H,76,INFLOW,20160314,1300,72040, ,CFS
SHA,H,76,INFLOW,20160314,1400,53547, ,CFS
SHA,H,76,INFLOW,20160314,1500,56602, ,CFS
SHA,H,76,INFLOW,20160314,1600,62904, ,CFS
SHA,H,76,INFLOW,20160314,1700,56793, ,CFS
SHA,H,76,INFLOW,20160314,1800,51365, ,CFS
SHA,H,76,INFLOW,20160314,1900,55476, ,CFS
SHA,H,76,INFLOW,20160314,2000,50053, ,CFS
SHA,H,76,INFLOW,20160314,2100,51173, ,CFS
SHA,H,76,INFLOW,20160314,2200,53751, ,CFS
SHA,H,76,INFLOW,20160314,2300,34818, ,CFS
SHA,H,76,INFLOW,20160315,0000,41573, ,CFS
SHA,H,76,INFLOW,20160315,0100,45378, ,CFS
SHA,H,76,INFLOW,20160315,0200,35523, ,CFS
SHA,H,76,INFLOW,20160315,0300,38435, ,CFS
SHA,H,76,INFLOW,20160315,0400,34953, ,CFS
SHA,H,76,INFLOW,20160315,0500,50894, ,CFS
SHA,H,76,INFLOW,20160315,0600,45739, ,CFS
SHA,H,76,INFLOW,20160315,0700,39957, ,CFS
SHA,H,76,INFLOW,20160315,0800,39888, ,CFS
SHA,H,76,INFLOW,20160315,0900,42811, ,CFS
SHA,H,76,INFLOW,20160315,1000,38383, ,CFS
SHA,H,76,INFLOW,20160315,1100,38312, ,CFS
SHA,H,76,INFLOW,20160315,1200,31931, ,CFS
SHA,H,76,INFLOW,20160315,1300,44691, ,CFS
SHA,H,76,INFLOW,20160315,1400,38311, ,CFS
SHA,H,76,INFLOW,20160315,1500,38394, ,CFS
SHA,H,76,INFLOW,20160315,1600,163134, ,CFS
SHA,H,76,INFLOW,20160315,1700,32746, ,CFS
SHA,H,76,INFLOW,20160315,1800,43148, ,CFS
SHA,H,76,INFLOW,20160315,1900,34022, ,CFS
SHA,H,76,INFLOW,20160315,2000,40690, ,CFS
SHA,H,76,INFLOW,20160315,2100,28990, ,CFS
SHA,H,76,INFLOW,20160315,2200,34754, ,CFS
SHA,H,76,INFLOW,20160315,2300,38827, ,CFS
SHA,H,76,INFLOW,20160316,0000,32275, ,CFS
SHA,H,76,INFLOW,20160316,0100,32257, ,CFS
SHA,H,76,INFLOW,20160316,0200,38666, ,CFS
SHA,H,76,INFLOW,20160316,0300,32260, ,CFS
SHA,H,76,INFLOW,20160316,0400,35510, ,CFS
SHA,H,76,INFLOW,20160316,0500,32508, ,CFS
SHA,H,76,INFLOW,20160316,0600,29493, ,CFS
SHA,H,76,INFLOW,20160316,0700,33167, ,CFS
SHA,H,76,INFLOW,20160316,0800,34086, ,CFS
SHA,H,76,INFLOW,20160316,0900,32509, ,CFS
SHA,H,76,INFLOW,20160316,1000,22831, ,CFS
SHA,H,76,INFLOW,20160316,1100,27879, ,CFS
SHA,H,76,INFLOW,20160316,1200,26754, ,CFS
SHA,H,76,INFLOW,20160316,1300,29272, ,CFS
SHA,H,76,INFLOW,20160316,1400,26253, ,CFS
SHA,H,76,INFLOW,20160316,1500,31092, ,CFS
SHA,H,76,INFLOW,20160316,1600,30935, ,CFS
SHA,H,76,INFLOW,20160316,1700,28499, ,CFS
SHA,H,76,INFLOW,20160316,1800,28808, ,CFS
SHA,H,76,INFLOW,20160316,1900,33410, ,CFS
SHA,H,76,INFLOW,20160316,2000,32907, ,CFS
SHA,H,76,INFLOW,20160316,2100,31779, ,CFS
SHA,H,76,INFLOW,20160316,2200,31241, ,CFS
SHA,H,76,INFLOW,20160316,2300,30730, ,CFS
SHA,H,76,INFLOW,20160317,0000,26410, ,CFS
SHA,H,76,INFLOW,20160317,0100,26251, ,CFS
SHA,H,76,INFLOW,20160317,0200,29368, ,CFS
SHA,H,76,INFLOW,20160317,0300,29185, ,CFS
SHA,H,76,INFLOW,20160317,0400,29157, ,CFS
SHA,H,76,INFLOW,20160317,0500,26170, ,CFS
SHA,H,76,INFLOW,20160317,0600,24080, ,CFS
SHA,H,76,INFLOW,20160317,0700,27859, ,CFS
SHA,H,76,INFLOW,20160317,0800,30314, ,CFS
SHA,H,76,INFLOW,20160317,0900,27920, ,CFS
SHA,H,76,INFLOW,20160317,1000,16617, ,CFS
SHA,H,76,INFLOW,20160317,1100,16203, ,CFS
SHA,H,76,INFLOW,20160317,1200,29234, ,CFS
SHA,H,76,INFLOW,20160317,1300,22782, ,CFS
SHA,H,76,INFLOW,20160317,1400,22782, ,CFS
SHA,H,76,INFLOW,20160317,1500,26094, ,CFS
SHA,H,76,INFLOW,20160317,1600,19767, ,CFS
SHA,H,76,INFLOW,20160317,1700,25894, ,CFS
SHA,H,76,INFLOW,20160317,1800,30069, ,CFS
SHA,H,76,INFLOW,20160317,1900,26058, ,CFS
SHA,H,76,INFLOW,20160317,2000,29963, ,CFS
SHA,H,76,INFLOW,20160317,2100,31967, ,CFS
SHA,H,76,INFLOW,20160317,2200,22181, ,CFS
SHA,H,76,INFLOW,20160317,2300,28316, ,CFS
SHA,H,76,INFLOW,20160318,0000,18315, ,CFS
SHA,H,76,INFLOW,20160318,0100,26049, ,CFS
SHA,H,76,INFLOW,20160318,0200,22876, ,CFS
SHA,H,76,INFLOW,20160318,0300,23051, ,CFS
SHA,H,76,INFLOW,20160318,0400,23192, ,CFS
SHA,H,76,INFLOW,20160318,0500,23267, ,CFS
SHA,H,76,INFLOW,20160318,0600,21948, ,CFS
SHA,H,76,INFLOW,20160318,0700,21265, ,CFS
SHA,H,76,INFLOW,20160318,0800,22299, ,CFS
SHA,H,76,INFLOW,20160318,0900,21921, ,CFS
SHA,H,76,INFLOW,20160318,1000,21553, ,CFS
SHA,H,76,INFLOW,20160318,1100,17824, ,CFS
SHA,H,76,INFLOW,20160318,1200,22897, ,CFS
SHA,H,76,INFLOW,20160318,1300,22713, ,CFS
SHA,H,76,INFLOW,20160318,1400,19064, ,CFS
SHA,H,76,INFLOW,20160318,1500,19620, ,CFS
SHA,H,76,INFLOW,20160318,1600,19690, ,CFS
SHA,H,76,INFLOW,20160318,1700,16443, ,CFS
SHA,H,76,INFLOW,20160318,1800,22933, ,CFS
SHA,H,76,INFLOW,20160318,1900,22856, ,CFS
SHA,H,76,INFLOW,20160318,2000,26126, ,CFS
SHA,H,76,INFLOW,20160318,2100,19441, ,CFS
SHA,H,76,INFLOW,20160318,2200,22827, ,CFS
SHA,H,76,INFLOW,20160318,2300,21664, ,CFS
SHA,H,76,INFLOW,20160319,0000,22177, ,CFS
SHA,H,76,INFLOW,20160319,0100,21034, ,CFS
SHA,H,76,INFLOW,20160319,0200,19678, ,CFS
SHA,H,76,INFLOW,20160319,0300,16269, ,CFS
SHA,H,76,INFLOW,20160319,0400,22796, ,CFS
SHA,H,76,INFLOW,20160319,0500,19718, ,CFS
SHA,H,76,INFLOW,20160319,0600,14931, ,CFS
SHA,H,76,INFLOW,20160319,0700,25128, ,CFS
SHA,H,76,INFLOW,20160319,0800,22801, ,CFS
SHA,H,76,INFLOW,20160319,0900,6522, ,CFS
SHA,H,76,INFLOW,20160319,1000,18881, ,CFS
SHA,H,76,INFLOW,20160319,1100,19472, ,CFS
SHA,H,76,INFLOW,20160319,1200,11690, ,CFS
SHA,H,76,INFLOW,20160319,1300,17813, ,CFS
SHA,H,76,INFLOW,20160319,1400,17472, ,CFS
SHA,H,76,INFLOW,20160319,1500,14542, ,CFS
SHA,H,76,INFLOW,20160319,1600,19618, ,CFS
SHA,H,76,INFLOW,20160319,1700,22843, ,CFS
SHA,H,76,INFLOW,20160319,1800,16374, ,CFS
SHA,H,76,INFLOW,20160319,1900,26282, ,CFS
SHA,H,76,INFLOW,20160319,2000,16260, ,CFS
SHA,H,76,INFLOW,20160319,2100,19509, ,CFS
SHA,H,76,INFLOW,20160319,2200,32418, ,CFS
SHA,H,76,INFLOW,20160319,2300,15818, ,CFS
SHA,H,76,INFLOW,20160320,0000,11602, ,CFS
SHA,H,76,INFLOW,20160320,0100,24533, ,CFS
SHA,H,76,INFLOW,20160320,0200,21057, ,CFS
SHA,H,76,INFLOW,20160320,0300,14330, ,CFS
SHA,H,76,INFLOW,20160320,0400,24004, ,CFS
SHA,H,76,INFLOW,20160320,0500,11327, ,CFS
SHA,H,76,INFLOW,20160320,0600,18191, ,CFS
SHA,H,76,INFLOW,20160320,0700,23352, ,CFS
SHA,H,76,INFLOW,20160320,0800,10680, ,CFS
SHA,H,76,INFLOW,20160320,0900,14264, ,CFS
SHA,H,76,INFLOW,20160320,1000,17801, ,CFS
SHA,H,76,INFLOW,20160320,1100,11323, ,CFS
SHA,H,76,INFLOW,20160320,1200,20863, ,CFS
SHA,H,76,INFLOW,20160320,1300,10959, ,CFS
SHA,H,76,INFLOW,20160320,1400,20524, ,CFS
SHA,H,76,INFLOW,20160320,1500,27058, ,CFS
SHA,H,76,INFLOW,20160320,1600,11180, ,CFS
SHA,H,76,INFLOW,20160320,1700,30590, ,CFS
SHA,H,76,INFLOW,20160320,1800,32561, ,CFS
SHA,H,76,INFLOW,20160320,1900,19646, ,CFS
SHA,H,76,INFLOW,20160320,2000,16004, ,CFS
SHA,H,76,INFLOW,20160320,2100,26109, ,CFS
SHA,H,76,INFLOW,20160320,2200,19356, ,CFS
SHA,H,76,INFLOW,20160320,2300,28153, ,CFS
SHA,H,76,INFLOW,20160321,0000,24343, ,CFS
SHA,H,76,INFLOW,20160321,0100,18811, ,CFS
SHA,H,76,INFLOW,20160321,0200,21569, ,CFS
SHA,H,76,INFLOW,20160321,0300,24527, ,CFS
SHA,H,76,INFLOW,20160321,0400,17689, ,CFS
SHA,H,76,INFLOW,20160321,0500,21378, ,CFS
SHA,H,76,INFLOW,20160321,0600,19808, ,CFS
SHA,H,76,INFLOW,20160321,0700,23644, ,CFS
SHA,H,76,INFLOW,20160321,0800,21115, ,CFS
SHA,H,76,INFLOW,20160321,0900,21466, ,CFS
SHA,H,76,INFLOW,20160321,1000,27923, ,CFS
SHA,H,76,INFLOW,20160321,1100,27641, ,CFS
SHA,H,76,INFLOW,20160321,1200,17048, ,CFS
SHA,H,76,INFLOW,20160321,1300,33074, ,CFS
SHA,H,76,INFLOW,20160321,1400,10026, ,CFS
SHA,H,76,INFLOW,20160321,1500,19569, ,CFS
SHA,H,76,INFLOW,20160321,1600,30812, ,CFS
SHA,H,76,INFLOW,20160321,1700,14474, ,CFS
SHA,H,76,INFLOW,20160321,1800,32087, ,CFS
SHA,H,76,INFLOW,20160321,1900,25292, ,CFS
SHA,H,76,INFLOW,20160321,2000,21516, ,CFS
SHA,H,76,INFLOW,20160321,2100,28399, ,CFS
SHA,H,76,INFLOW,20160321,2200,18901, ,CFS
SHA,H,76,INFLOW,20160321,2300,30590, ,CFS
SHA,H,76,INFLOW,20160322,0000,23294, ,CFS
SHA,H,76,INFLOW,20160322,0100,16932, ,CFS
SHA,H,76,INFLOW,20160322,0200,26214, ,CFS
SHA,H,76,INFLOW,20160322,0300,20029, ,CFS
SHA,H,76,INFLOW,20160322,0400,23387, ,CFS
SHA,H,76,INFLOW,20160322,0500,23382, ,CFS
SHA,H,76,INFLOW,20160322,0600,14605, ,CFS
SHA,H,76,INFLOW,20160322,0700,23889, ,CFS
SHA,H,76,INFLOW,20160322,0800,27703, ,CFS
SHA,H,76,INFLOW,20160322,0900,14132, ,CFS
SHA,H,76,INFLOW,20160322,1000,26441, ,CFS
SHA,H,76,INFLOW,20160322,1100,19382, ,CFS
SHA,H,76,INFLOW,20160322,1200,19383, ,CFS
SHA,H,76,INFLOW,20160322,1300,25902, ,CFS
SHA,H,76,INFLOW,20160322,1400,12998, ,CFS
SHA,H,76,INFLOW,20160322,1500,20631, ,CFS
SHA,H,76,INFLOW,20160322,1600,23567, ,CFS
SHA,H,76,INFLOW,20160322,1700,20556, ,CFS
SHA,H,76,INFLOW,20160322,1800,7625, ,CFS
SHA,H,76,INFLOW,20160322,1900,24954, ,CFS
SHA,H,76,INFLOW,20160322,2000,27589, ,CFS
SHA,H,76,INFLOW,20160322,2100,17896, ,CFS
SHA,H,76,INFLOW,20160322,2200,24739, ,CFS
SHA,H,76,INFLOW,20160322,2300,22711, ,CFS
SHA,H,76,INFLOW,20160323,0000,22035, ,CFS
SHA,H,76,INFLOW,20160323,0100,20220, ,CFS
SHA,H,76,INFLOW,20160323,0200,19722, ,CFS
SHA,H,76,INFLOW,20160323,0300,22859, ,CFS
SHA,H,76,INFLOW,20160323,0400,19523, ,CFS
SHA,H,76,INFLOW,20160323,0500,19636, ,CFS
SHA,H,76,INFLOW,20160323,0600,28533, ,CFS
SHA,H,76,INFLOW,20160323,0700,10261, ,CFS
SHA,H,76,INFLOW,20160323,0800,24733, ,CFS
SHA,H,76,INFLOW,20160323,0900,18354, ,CFS
SHA,H,76,INFLOW,20160323,1000,5786, ,CFS
SHA,H,76,INFLOW,20160323,1100,21937, ,CFS
SHA,H,76,INFLOW,20160323,1200,18583, ,CFS
SHA,H,76,INFLOW,20160323,1300,15192, ,CFS
SHA,H,76,INFLOW,20160323,1400,18199, ,CFS
SHA,H,76,INFLOW,20160323,1500,21155, ,CFS
SHA,H,76,INFLOW,20160323,1600,14670, ,CFS
SHA,H,76,INFLOW,20160323,1700,23551, ,CFS
SHA,H,76,INFLOW,20160323,1800,11693, ,CFS
SHA,H,76,INFLOW,20160323,1900,19743, ,CFS
SHA,H,76,INFLOW,20160323,2000,23679, ,CFS
SHA,H,76,INFLOW,20160323,2100,16105, ,CFS
SHA,H,76,INFLOW,20160323,2200,18795, ,CFS
SHA,H,76,INFLOW,20160323,2300,17267, ,CFS
SHA,H,76,INFLOW,20160324,0000,21586, ,CFS
SHA,H,76,INFLOW,20160324,0100,11891, ,CFS
SHA,H,76,INFLOW,20160324,0200,23603, ,CFS
SHA,H,76,INFLOW,20160324,0300,13364, ,CFS
SHA,H,76,INFLOW,20160324,0400,22940, ,CFS
SHA,H,76,INFLOW,20160324,0500,23152, ,CFS
SHA,H,76,INFLOW,20160324,0600,7665, ,CFS
SHA,H,76,INFLOW,20160324,0700,30993, ,CFS
SHA,H,76,INFLOW,20160324,0800,15205, ,CFS
SHA,H,76,INFLOW,20160324,0900,19488, ,CFS
SHA,H,76,INFLOW,20160324,1000,17799, ,CFS
SHA,H,76,INFLOW,20160324,1100,10751, ,CFS
SHA,H,76,INFLOW,20160324,1200,17265, ,CFS
SHA,H,76,INFLOW,20160324,1300,20545, ,CFS
SHA,H,76,INFLOW,20160324,1400,13993, ,CFS
SHA,H,76,INFLOW,20160324,1500,13782, ,CFS
SHA,H,76,INFLOW,20160324,1600,23047, ,CFS
SHA,H,76,INFLOW,20160324,1700,12342, ,CFS
SHA,H,76,INFLOW,20160324,1800,12116, ,CFS
SHA,H,76,INFLOW,20160324,1900,16881, ,CFS
SHA,H,76,INFLOW,20160324,2000,14666, ,CFS
SHA,H,76,INFLOW,20160324,2100,14544, ,CFS
SHA,H,76,INFLOW,20160324,2200,19635, ,CFS
SHA,H,76,INFLOW,20160324,2300,15658, ,CFS
SHA,H,76,INFLOW,20160325,0000,17259, ,CFS
SHA,H,76,INFLOW,20160325,0100,9244, ,CFS
SHA,H,76,INFLOW,20160325,0200,11942, ,CFS
SHA,H,76,INFLOW,20160325,0300,21797, ,CFS
SHA,H,76,INFLOW,20160325,0400,11997, ,CFS
SHA,H,76,INFLOW,20160325,0500,5827, ,CFS
SHA,H,76,INFLOW,20160325,0600,18701, ,CFS
SHA,H,76,INFLOW,20160325,0700,19451, ,CFS
SHA,H,76,INFLOW,20160325,0800,10474, ,CFS
SHA,H,76,INFLOW,20160325,0900,14337, ,CFS
SHA,H,76,INFLOW,20160325,1000,8082, ,CFS
SHA,H,76,INFLOW,20160325,1100,11651, ,CFS
SHA,H,76,INFLOW,20160325,1200,18329, ,CFS
SHA,H,76,INFLOW,20160325,1300,14984, ,CFS
SHA,H,76,INFLOW,20160325,1400,18231, ,CFS
SHA,H,76,INFLOW,20160325,1500,24888, ,CFS
SHA,H,76,INFLOW,20160325,1600,11732, ,CFS
SHA,H,76,INFLOW,20160325,1700,17872, ,CFS
SHA,H,76,INFLOW,20160325,1800,22121, ,CFS
SHA,H,76,INFLOW,20160325,1900,12425, ,CFS
SHA,H,76,INFLOW,20160325,2000,24539, ,CFS
SHA,H,76,INFLOW,20160325,2100,18109, ,CFS
SHA,H,76,INFLOW,20160325,2200,12591, ,CFS
SHA,H,76,INFLOW,20160325,2300,23086, ,CFS
SHA,H,76,INFLOW,20160326,0000,17031, ,CFS
SHA,H,76,INFLOW,20160326,0100,13528, ,CFS
SHA,H,76,INFLOW,20160326,0200,15789, ,CFS
SHA,H,76,INFLOW,20160326,0300,25283, ,CFS
SHA,H,76,INFLOW,20160326,0400,8622, ,CFS
SHA,H,76,INFLOW,20160326,0500,22132, ,CFS
SHA,H,76,INFLOW,20160326,0600,13705, ,CFS
SHA,H,76,INFLOW,20160326,0700,13680, ,CFS
SHA,H,76,INFLOW,20160326,0800,19428, ,CFS
SHA,H,76,INFLOW,20160326,0900,11971, ,CFS
SHA,H,76,INFLOW,20160326,1000,13509, ,CFS
SHA,H,76,INFLOW,20160326,1100,16494, ,CFS
SHA,H,76,INFLOW,20160326,1200,16781, ,CFS
SHA,H,76,INFLOW,20160326,1300,9490, ,CFS
SHA,H,76,INFLOW,20160326,1400,23969, ,CFS
SHA,H,76,INFLOW,20160326,1500,10927, ,CFS
SHA,H,76,INFLOW,20160326,1600,10820, ,CFS
SHA,H,76,INFLOW,20160326,1700,18023, ,CFS
SHA,H,76,INFLOW,20160326,1800,15979, ,CFS
SHA,H,76,INFLOW,20160326,1900,17270, ,CFS
SHA,H,76,INFLOW,20160326,2000,16600, ,CFS
SHA,H,76,INFLOW,20160326,2100,13489, ,CFS
SHA,H,76,INFLOW,20160326,2200,17708, ,CFS
SHA,H,76,INFLOW,20160326,2300,14530, ,CFS
SHA,H,76,INFLOW,20160327,0000,17822, ,CFS
SHA,H,76,INFLOW,20160327,0100,5959, ,CFS
SHA,H,76,INFLOW,20160327,0200,15048, ,CFS
SHA,H,76,INFLOW,20160327,0300,18115, ,CFS
SHA,H,76,INFLOW,20160327,0400,11846, ,CFS
SHA,H,76,INFLOW,20160327,0500,8805, ,CFS
SHA,H,76,INFLOW,20160327,0600,16135, ,CFS
SHA,H,76,INFLOW,20160327,0700,10994, ,CFS
SHA,H,76,INFLOW,20160327,0800,17995, ,CFS
SHA,H,76,INFLOW,20160327,0900,10735, ,CFS
SHA,H,76,INFLOW,20160327,1000,9743, ,CFS
SHA,H,76,INFLOW,20160327,1100,12490, ,CFS
SHA,H,76,INFLOW,20160327,1200,15792, ,CFS
SHA,H,76,INFLOW,20160327,1300,5910, ,CFS
SHA,H,76,INFLOW,20160327,1400,15794, ,CFS
SHA,H,76,INFLOW,20160327,1500,19174, ,CFS
SHA,H,76,INFLOW,20160327,1600,9194, ,CFS
SHA,H,76,INFLOW,20160327,1700,16072, ,CFS
SHA,H,76,INFLOW,20160327,1800,13359, ,CFS
SHA,H,76,INFLOW,20160327,1900,1525, ,CFS
SHA,H,76,INFLOW,20160327,2000,16996, ,CFS
SHA,H,76,INFLOW,20160327,2100,17416, ,CFS
SHA,H,76,INFLOW,20160327,2200,12371, ,CFS
SHA,H,76,INFLOW,20160327,2300,11378, ,CFS
SHA,H,76,INFLOW,20160328,0000,10618, ,CFS
SHA,H,76,INFLOW,20160328,0100,8063, ,CFS
SHA,H,76,INFLOW,20160328,0200,21304, ,CFS
SHA,H,76,INFLOW,20160328,0300,11297, ,CFS
SHA,H,76,INFLOW,20160328,0400,11312, ,CFS
SHA,H,76,INFLOW,20160328,0500,11841, ,CFS
SHA,H,76,INFLOW,20160328,0600,12340, ,CFS
SHA,H,76,INFLOW,20160328,0700,10623, ,CFS
SHA,H,76,INFLOW,20160328,0800,15667, ,CFS
SHA,H,76,INFLOW,20160328,0900,9785, ,CFS
SHA,H,76,INFLOW,20160328,1000,2740, ,CFS
SHA,H,76,INFLOW,20160328,1100,21636, ,CFS
SHA,H,76,INFLOW,20160328,1200,1899, ,CFS
SHA,H,76,INFLOW,20160328,1300,19669, ,CFS
SHA,H,76,INFLOW,20160328,1400,15991, ,CFS
SHA,H,76,INFLOW,20160328,1500,2952, ,CFS
SHA,H,76,INFLOW,20160328,1600,16185, ,CFS
SHA,H,76,INFLOW,20160328,1700,19606, ,CFS
SHA,H,76,INFLOW,20160328,1800,6226, ,CFS
SHA,H,76,INFLOW,20160328,1900,4271, ,CFS
SHA,H,76,INFLOW,20160328,2000,20904, ,CFS
SHA,H,76,INFLOW,20160328,2100,10836, ,CFS
SHA,H,76,INFLOW,20160328,2200,14092, ,CFS
SHA,H,76,INFLOW,20160328,2300,14546, ,CFS
SHA,H,76,INFLOW,20160329,0000,4948, ,CFS
SHA,H,76,INFLOW,20160329,0100,12584, ,CFS
SHA,H,76,INFLOW,20160329,0200,12054, ,CFS
SHA,H,76,INFLOW,20160329,0300,8502, ,CFS
SHA,H,76,INFLOW,20160329,0400,15063, ,CFS
SHA,H,76,INFLOW,20160329,0500,11872, ,CFS
SHA,H,76,INFLOW,20160329,0600,6198, ,CFS
SHA,H,76,INFLOW,20160329,0700,14882, ,CFS
SHA,H,76,INFLOW,20160329,0800,14934, ,CFS
SHA,H,76,INFLOW,20160329,0900,12347, ,CFS
SHA,H,76,INFLOW,20160329,1000,1149, ,CFS
SHA,H,76,INFLOW,20160329,1100,10128, ,CFS
SHA,H,76,INFLOW,20160329,1200,19879, ,CFS
SHA,H,76,INFLOW,20160329,1300,6622, ,CFS
SHA,H,76,INFLOW,20160329,1400,10296, ,CFS
SHA,H,76,INFLOW,20160329,1500,13488, ,CFS
SHA,H,76,INFLOW,20160329,1600,3795, ,CFS
SHA,H,76,INFLOW,20160329,1700,16690, ,CFS
SHA,H,76,INFLOW,20160329,1800,13520, ,CFS
SHA,H,76,INFLOW,20160329,1900,4023, ,CFS
SHA,H,76,INFLOW,20160329,2000,15885, ,CFS
SHA,H,76,INFLOW,20160329,2100,8856, ,CFS
SHA,H,76,INFLOW,20160329,2200,9185, ,CFS
SHA,H,76,INFLOW,20160329,2300,14526, ,CFS
SHA,H,76,INFLOW,20160330,0000,7889, ,CFS
SHA,H,76,INFLOW,20160330,0100,16811, ,CFS
SHA,H,76,INFLOW,20160330,0200,13400, ,CFS
SHA,H,76,INFLOW,20160330,0300,6773, ,CFS
SHA,H,76,INFLOW,20160330,0400,16728, ,CFS
SHA,H,76,INFLOW,20160330,0500,10648, ,CFS
SHA,H,76,INFLOW,20160330,0600,14841, ,CFS
SHA,H,76,INFLOW,20160330,0700,13112, ,CFS
SHA,H,76,INFLOW,20160330,0800,15825, ,CFS
SHA,H,76,INFLOW,20160330,0900,13693, ,CFS
SHA,H,76,INFLOW,20160330,1000,9611, ,CFS
SHA,H,76,INFLOW,20160330,1100,6162, ,CFS
SHA,H,76,INFLOW,20160330,1200,14799, ,CFS
SHA,H,76,INFLOW,20160330,1300,4846, ,CFS
SHA,H,76,INFLOW,20160330,1400,18060, ,CFS
SHA,H,76,INFLOW,20160330,1500,11797, ,CFS
SHA,H,76,INFLOW,20160330,1600,17140, ,CFS
SHA,H,76,INFLOW,20160330,1700,11661, ,CFS
SHA,H,76,INFLOW,20160330,1800,8616, ,CFS
SHA,H,76,INFLOW,20160330,1900,16475, ,CFS
SHA,H,76,INFLOW,20160330,2000,13438, ,CFS
SHA,H,76,INFLOW,20160330,2100,10717, ,CFS
SHA,H,76,INFLOW,20160330,2200,13268, ,CFS
SHA,H,76,INFLOW,20160330,2300,10180, ,CFS
SHA,H,76,INFLOW,20160331,0000,7907, ,CFS
SHA,H,76,INFLOW,20160331,0100,10310, ,CFS
SHA,H,76,INFLOW,20160331,0200,11761, ,CFS
SHA,H,76,INFLOW,20160331,0300,11544, ,CFS
SHA,H,76,INFLOW,20160331,0400,8178, ,CFS
SHA,H,76,INFLOW,20160331,0500,8723, ,CFS
SHA,H,76,INFLOW,20160331,0600,7238, ,CFS
SHA,H,76,INFLOW,20160331,0700,14083, ,CFS
SHA,H,76,INFLOW,20160331,0800,12753, ,CFS
SHA,H,76,INFLOW,20160331,0900,3092, ,CFS
SHA,H,76,INFLOW,20160331,1000,5674, ,CFS
SHA,H,76,INFLOW,20160331,1100,15426, ,CFS
SHA,H,76,INFLOW,20160331,1200,8775, ,CFS
SHA,H,76,INFLOW,20160331,1300,8735, ,CFS
SHA,H,76,INFLOW,20160331,1400,12024, ,CFS
SHA,H,76,INFLOW,20160331,1500,5125, ,CFS
SHA,H,76,INFLOW,20160331,1600,4836, ,CFS
SHA,H,76,INFLOW,20160331,1700,15204, ,CFS
SHA,H,76,INFLOW,20160331,1800,3165, ,CFS
SHA,H,76,INFLOW,20160331,1900,9465, ,CFS
SHA,H,76,INFLOW,20160331,2000,14131, ,CFS
SHA,H,76,INFLOW,20160331,2100,18446, ,CFS
SHA,H,76,INFLOW,20160331,2200,20122, ,CFS
SHA,H,76,INFLOW,20160331,2300,9126, ,CFS
SHA,H,76,INFLOW,20160401,0000,13602, ,CFS
SHA,H,76,INFLOW,20160401,0100,16938, ,CFS
SHA,H,76,INFLOW,20160401,0200,13616, ,CFS
SHA,H,76,INFLOW,20160401,0300,10290, ,CFS
SHA,H,76,INFLOW,20160401,0400,13495, ,CFS
SHA,H,76,INFLOW,20160401,0500,10417, ,CFS
SHA,H,76,INFLOW,20160401,0600,11049, ,CFS
SHA,H,76,INFLOW,20160401,0700,10585, ,CFS
SHA,H,76,INFLOW,20160401,0800,15728, ,CFS
SHA,H,76,INFLOW,20160401,0900,3083, ,CFS
SHA,H,76,INFLOW,20160401,1000,13101, ,CFS
SHA,H,76,INFLOW,20160401,1100,3425, ,CFS
SHA,H,76,INFLOW,20160401,1200,12110, ,CFS
SHA,H,76,INFLOW,20160401,1300,11936, ,CFS
SHA,H,76,INFLOW,20160401,1400,8402, ,CFS
SHA,H,76,INFLOW,20160401,1500,15458, ,CFS
SHA,H,76,INFLOW,20160401,1600,8833, ,CFS
SHA,H,76,INFLOW,20160401,1700,9820, ,CFS
SHA,H,76,INFLOW,20160401,1800,8902, ,CFS
SHA,H,76,INFLOW,20160401,1900,12929, ,CFS
SHA,H,76,INFLOW,20160401,2000,12263, ,CFS
SHA,H,76,INFLOW,20160401,2100,8080, ,CFS
SHA,H,76,INFLOW,20160401,2200,12622, ,CFS
SHA,H,76,INFLOW,20160401,2300,12208, ,CFS
SHA,H,76,INFLOW,20160402,0000,10288, ,CFS
SHA,H,76,INFLOW,20160402,0100,6734, ,CFS
SHA,H,76,INFLOW,20160402,0200,6733, ,CFS
SHA,H,76,INFLOW,20160402,0300,13419, ,CFS
SHA,H,76,INFLOW,20160402,0400,10075, ,CFS
SHA,H,76,INFLOW,20160402,0500,10084, ,CFS
SHA,H,76,INFLOW,20160402,0600,10344, ,CFS
SHA,H,76,INFLOW,20160402,0700,8140, ,CFS
SHA,H,76,INFLOW,20160402,0800,14795, ,CFS
SHA,H,76,INFLOW,20160402,0900,6031, ,CFS
SHA,H,76,INFLOW,20160402,1000,5745, ,CFS
SHA,H,76,INFLOW,20160402,1100,8810, ,CFS
SHA,H,76,INFLOW,20160402,1200,12771, ,CFS
SHA,H,76,INFLOW,20160402,1300,-534, ,CFS
SHA,H,76,INFLOW,20160402,1400,12673, ,CFS
SHA,H,76,INFLOW,20160402,1500,9268, ,CFS
SHA,H,76,INFLOW,20160402,1600,6039, ,CFS
SHA,H,76,INFLOW,20160402,1700,11595, ,CFS
SHA,H,76,INFLOW,20160402,1800,8230, ,CFS
SHA,H,76,INFLOW,20160402,1900,6241, ,CFS
SHA,H,76,INFLOW,20160402,2000,16749, ,CFS
SHA,H,76,INFLOW,20160402,2100,8093, ,CFS
SHA,H,76,INFLOW,20160402,2200,14999, ,CFS
SHA,H,76,INFLOW,20160402,2300,10794, ,CFS
SHA,H,76,INFLOW,20160403,0000,9832, ,CFS
SHA,H,76,INFLOW,20160403,0100,13039, ,CFS
SHA,H,76,INFLOW,20160403,0200,9360, ,CFS
SHA,H,76,INFLOW,20160403,0300,9582, ,CFS
SHA,H,76,INFLOW,20160403,0400,12865, ,CFS
SHA,H,76,INFLOW,20160403,0500,9530, ,CFS
SHA,H,76,INFLOW,20160403,0600,9673, ,CFS
SHA,H,76,INFLOW,20160403,0700,11922, ,CFS
SHA,H,76,INFLOW,20160403,0800,9051, ,CFS
SHA,H,76,INFLOW,20160403,0900,8677, ,CFS
SHA,H,76,INFLOW,20160403,1000,11986, ,CFS
SHA,H,76,INFLOW,20160403,1100,-1359, ,CFS
SHA,H,76,INFLOW,20160403,1200,8632, ,CFS
SHA,H,76,INFLOW,20160403,1300,5314, ,CFS
SHA,H,76,INFLOW,20160403,1400,8611, ,CFS
SHA,H,76,INFLOW,20160403,1500,5268, ,CFS
SHA,H,76,INFLOW,20160403,1600,8669, ,CFS
SHA,H,76,INFLOW,20160403,1700,5494, ,CFS
SHA,H,76,INFLOW,20160403,1800,5032, ,CFS
SHA,H,76,INFLOW,20160403,1900,16038, ,CFS
SHA,H,76,INFLOW,20160403,2000,5856, ,CFS
SHA,H,76,INFLOW,20160403,2100,12167, ,CFS
SHA,H,76,INFLOW,20160403,2200,11886, ,CFS
SHA,H,76,INFLOW,20160403,2300,12095, ,CFS
SHA,H,76,INFLOW,20160404,0000,12193, ,CFS
SHA,H,76,INFLOW,20160404,0100,3735, ,CFS
SHA,H,76,INFLOW,20160404,0200,10171, ,CFS
SHA,H,76,INFLOW,20160404,0300,10172, ,CFS
SHA,H,76,INFLOW,20160404,0400,6830, ,CFS
SHA,H,76,INFLOW,20160404,0500,13518, ,CFS
SHA,H,76,INFLOW,20160404,0600,7178, ,CFS
SHA,H,76,INFLOW,20160404,0700,12991, ,CFS
SHA,H,76,INFLOW,20160404,0800,9442, ,CFS
SHA,H,76,INFLOW,20160404,0900,12752, ,CFS
SHA,H,76,INFLOW,20160404,1000,6010, ,CFS
SHA,H,76,INFLOW,20160404,1100,6213, ,CFS
SHA,H,76,INFLOW,20160404,1200,6003, ,CFS
SHA,H,76,INFLOW,20160404,1300,12625, ,CFS
SHA,H,76,INFLOW,20160404,1400,2562, ,CFS
SHA,H,76,INFLOW,20160404,1500,12629, ,CFS
SHA,H,76,INFLOW,20160404,1600,9285, ,CFS
SHA,H,76,INFLOW,20160404,1700,9243, ,CFS
SHA,H,76,INFLOW,20160404,1800,5399, ,CFS
SHA,H,76,INFLOW,20160404,1900,8868, ,CFS
SHA,H,76,INFLOW,20160404,2000,13517, ,CFS
SHA,H,76,INFLOW,20160404,2100,7322, ,CFS
SHA,H,76,INFLOW,20160404,2200,13814, ,CFS
SHA,H,76,INFLOW,20160404,2300,6617, ,CFS
SHA,H,76,INFLOW,20160405,0000,11288, ,CFS
SHA,H,76,INFLOW,20160405,0100,10294, ,CFS
SHA,H,76,INFLOW,20160405,0200,10226, ,CFS
SHA,H,76,INFLOW,20160405,0300,10226, ,CFS
SHA,H,76,INFLOW,20160405,0400,16945, ,CFS
SHA,H,76,INFLOW,20160405,0500,6866, ,CFS
SHA,H,76,INFLOW,20160405,0600,13919, ,CFS
SHA,H,76,INFLOW,20160405,0700,6787, ,CFS
SHA,H,76,INFLOW,20160405,0800,9054, ,CFS
SHA,H,76,INFLOW,20160405,0900,5804, ,CFS
SHA,H,76,INFLOW,20160405,1000,15889, ,CFS
SHA,H,76,INFLOW,20160405,1100,1660, ,CFS
SHA,H,76,INFLOW,20160405,1200,18568, ,CFS
SHA,H,76,INFLOW,20160405,1300,5078, ,CFS
SHA,H,76,INFLOW,20160405,1400,12445, ,CFS
SHA,H,76,INFLOW,20160405,1500,9175, ,CFS
SHA,H,76,INFLOW,20160405,1600,9179, ,CFS
SHA,H,76,INFLOW,20160405,1700,11908, ,CFS
SHA,H,76,INFLOW,20160405,1800,5688, ,CFS
SHA,H,76,INFLOW,20160405,1900,10098, ,CFS
SHA,H,76,INFLOW,20160405,2000,12448, ,CFS
SHA,H,76,INFLOW,20160405,2100,12842, ,CFS
SHA,H,76,INFLOW,20160405,2200,7475, ,CFS
SHA,H,76,INFLOW,20160405,2300,14718, ,CFS
SHA,H,76,INFLOW,20160406,0000,12264, ,CFS
SHA,H,76,INFLOW,20160406,0100,8044, ,CFS
SHA,H,76,INFLOW,20160406,0200,11240, ,CFS
SHA,H,76,INFLOW,20160406,0300,11198, ,CFS
SHA,H,76,INFLOW,20160406,0400,7809, ,CFS
SHA,H,76,INFLOW,20160406,0500,14266, ,CFS
SHA,H,76,INFLOW,20160406,0600,4771, ,CFS
SHA,H,76,INFLOW,20160406,0700,11433, ,CFS
SHA,H,76,INFLOW,20160406,0800,14862, ,CFS
SHA,H,76,INFLOW,20160406,0900,708, ,CFS
SHA,H,76,INFLOW,20160406,1000,3351, ,CFS
SHA,H,76,INFLOW,20160406,1100,10077, ,CFS
SHA,H,76,INFLOW,20160406,1200,3841, ,CFS
SHA,H,76,INFLOW,20160406,1300,3912, ,CFS
SHA,H,76,INFLOW,20160406,1400,8225, ,CFS
SHA,H,76,INFLOW,20160406,1500,4956, ,CFS
SHA,H,76,INFLOW,20160406,1600,9428, ,CFS
SHA,H,76,INFLOW,20160406,1700,10607, ,CFS
SHA,H,76,INFLOW,20160406,1800,12198, ,CFS
SHA,H,76,INFLOW,20160406,1900,8843, ,CFS
SHA,H,76,INFLOW,20160406,2000,11787, ,CFS
SHA,H,76,INFLOW,20160406,2100,11571, ,CFS
SHA,H,76,INFLOW,20160406,2200,-2139, ,CFS
SHA,H,76,INFLOW,20160406,2300,17235, ,CFS
SHA,H,76,INFLOW,20160407,0000,6119, ,CFS
SHA,H,76,INFLOW,20160407,0100,7914, ,CFS
SHA,H,76,INFLOW,20160407,0200,4466, ,CFS
SHA,H,76,INFLOW,20160407,0300,7459, ,CFS
SHA,H,76,INFLOW,20160407,0400,7584, ,CFS
SHA,H,76,INFLOW,20160407,0500,4273, ,CFS
SHA,H,76,INFLOW,20160407,0600,4583, ,CFS
SHA,H,76,INFLOW,20160407,0700,7025, ,CFS
SHA,H,76,INFLOW,20160407,0800,11266, ,CFS
SHA,H,76,INFLOW,20160407,0900,8663, ,CFS
SHA,H,76,INFLOW,20160407,1000,11224, ,CFS
SHA,H,76,INFLOW,20160407,1100,1146, ,CFS
SHA,H,76,INFLOW,20160407,1200,4714, ,CFS
SHA,H,76,INFLOW,20160407,1300,15041, ,CFS
SHA,H,76,INFLOW,20160407,1400,5119, ,CFS
SHA,H,76,INFLOW,20160407,1500,698, ,CFS
SHA,H,76,INFLOW,20160407,1600,18507, ,CFS
SHA,H,76,INFLOW,20160407,1700,7532, ,CFS
SHA,H,76,INFLOW,20160407,1800,7267, ,CFS
SHA,H,76,INFLOW,20160407,1900,4192, ,CFS
SHA,H,76,INFLOW,20160407,2000,11496, ,CFS
SHA,H,76,INFLOW,20160407,2100,1773, ,CFS
SHA,H,76,INFLOW,20160407,2200,6127, ,CFS
SHA,H,76,INFLOW,20160407,2300,9446, ,CFS
SHA,H,76,INFLOW,20160408,0000,9218, ,CFS
SHA,H,76,INFLOW,20160408,0100,8003, ,CFS
SHA,H,76,INFLOW,20160408,0200,8178, ,CFS
SHA,H,76,INFLOW,20160408,0300,4822, ,CFS
SHA,H,76,INFLOW,20160408,0400,4821, ,CFS
SHA,H,76,INFLOW,20160408,0500,4829, ,CFS
SHA,H,76,INFLOW,20160408,0600,5523, ,CFS
SHA,H,76,INFLOW,20160408,0700,8507, ,CFS
SHA,H,76,INFLOW,20160408,0800,9694, ,CFS
SHA,H,76,INFLOW,20160408,0900,8369, ,CFS
SHA,H,76,INFLOW,20160408,1000,8577, ,CFS
SHA,H,76,INFLOW,20160408,1100,5416, ,CFS
SHA,H,76,INFLOW,20160408,1200,15096, ,CFS
SHA,H,76,INFLOW,20160408,1300,9191, ,CFS
SHA,H,76,INFLOW,20160408,1400,2595, ,CFS
SHA,H,76,INFLOW,20160408,1500,16350, ,CFS
SHA,H,76,INFLOW,20160408,1600,7804, ,CFS
SHA,H,76,INFLOW,20160408,1700,8009, ,CFS
SHA,H,76,INFLOW,20160408,1800,8538, ,CFS
SHA,H,76,INFLOW,20160408,1900,9329, ,CFS
SHA,H,76,INFLOW,20160408,2000,7767, ,CFS
SHA,H,76,INFLOW,20160408,2100,16748, ,CFS
SHA,H,76,INFLOW,20160408,2200,9112, ,CFS
SHA,H,76,INFLOW,20160408,2300,10421, ,CFS
SHA,H,76,INFLOW,20160409,0000,8725, ,CFS
SHA,H,76,INFLOW,20160409,0100,8500, ,CFS
SHA,H,76,INFLOW,20160409,0200,8358, ,CFS
SHA,H,76,INFLOW,20160409,0300,15175, ,CFS
SHA,H,76,INFLOW,20160409,0400,8461, ,CFS
SHA,H,76,INFLOW,20160409,0500,8704, ,CFS
SHA,H,76,INFLOW,20160409,0600,11987, ,CFS
SHA,H,76,INFLOW,20160409,0700,7799, ,CFS
SHA,H,76,INFLOW,20160409,0800,11805, ,CFS
SHA,H,76,INFLOW,20160409,0900,5236, ,CFS
SHA,H,76,INFLOW,20160409,1000,11972, ,CFS
SHA,H,76,INFLOW,20160409,1100,11973, ,CFS
SHA,H,76,INFLOW,20160409,1200,8490, ,CFS
SHA,H,76,INFLOW,20160409,1300,8977, ,CFS
SHA,H,76,INFLOW,20160409,1400,10462, ,CFS
SHA,H,76,INFLOW,20160409,1500,10441, ,CFS
SHA,H,76,INFLOW,20160409,1600,8550, ,CFS
SHA,H,76,INFLOW,20160409,1700,12078, ,CFS
SHA,H,76,INFLOW,20160409,1800,6416, ,CFS
SHA,H,76,INFLOW,20160409,1900,10804, ,CFS
SHA,H,76,INFLOW,20160409,2000,4558, ,CFS
SHA,H,76,INFLOW,20160409,2100,14598, ,CFS
SHA,H,76,INFLOW,20160409,2200,3003, ,CFS
SHA,H,76,INFLOW,20160409,2300,17369, ,CFS
SHA,H,76,INFLOW,20160410,0000,7304, ,CFS
SHA,H,76,INFLOW,20160410,0100,5796, ,CFS
SHA,H,76,INFLOW,20160410,0200,12801, ,CFS
SHA,H,76,INFLOW,20160410,0300,6147, ,CFS
SHA,H,76,INFLOW,20160410,0400,12522, ,CFS
SHA,H,76,INFLOW,20160410,0500,12530, ,CFS
SHA,H,76,INFLOW,20160410,0600,2541, ,CFS
SHA,H,76,INFLOW,20160410,0700,7014, ,CFS
SHA,H,76,INFLOW,20160410,0800,7200, ,CFS
SHA,H,76,INFLOW,20160410,0900,9767, ,CFS
SHA,H,76,INFLOW,20160410,1000,9425, ,CFS
SHA,H,76,INFLOW,20160410,1100,12349, ,CFS
SHA,H,76,INFLOW,20160410,1200,5640, ,CFS
SHA,H,76,INFLOW,20160410,1300,5570, ,CFS
SHA,H,76,INFLOW,20160410,1400,12402, ,CFS
SHA,H,76,INFLOW,20160410,1500,5924, ,CFS
SHA,H,76,INFLOW,20160410,1600,12906, ,CFS
SHA,H,76,INFLOW,20160410,1700,10162, ,CFS
SHA,H,76,INFLOW,20160410,1800,6687, ,CFS
SHA,H,76,INFLOW,20160410,1900,13155, ,CFS
SHA,H,76,INFLOW,20160410,2000,525, ,CFS
SHA,H,76,INFLOW,20160410,2100,17668, ,CFS
SHA,H,76,INFLOW,20160410,2200,12162, ,CFS
SHA,H,76,INFLOW,20160410,2300,4494, ,CFS
SHA,H,76,INFLOW,20160411,0000,12956, ,CFS
SHA,H,76,INFLOW,20160411,0100,5210, ,CFS
SHA,H,76,INFLOW,20160411,0200,11973, ,CFS
SHA,H,76,INFLOW,20160411,0300,11813, ,CFS
SHA,H,76,INFLOW,20160411,0400,4937, ,CFS
SHA,H,76,INFLOW,20160411,0500,15273, ,CFS
SHA,H,76,INFLOW,20160411,0600,1952, ,CFS
SHA,H,76,INFLOW,20160411,0700,8360, ,CFS
SHA,H,76,INFLOW,20160411,0800,9398, ,CFS
SHA,H,76,INFLOW,20160411,0900,5700, ,CFS
SHA,H,76,INFLOW,20160411,1000,12686, ,CFS
SHA,H,76,INFLOW,20160411,1100,8849, ,CFS
SHA,H,76,INFLOW,20160411,1200,9216, ,CFS
SHA,H,76,INFLOW,20160411,1300,9243, ,CFS
SHA,H,76,INFLOW,20160411,1400,8771, ,CFS
SHA,H,76,INFLOW,20160411,1500,15467, ,CFS
SHA,H,76,INFLOW,20160411,1600,10299, ,CFS
SHA,H,76,INFLOW,20160411,1700,3424, ,CFS
SHA,H,76,INFLOW,20160411,1800,7042, ,CFS
SHA,H,76,INFLOW,20160411,1900,11432, ,CFS
SHA,H,76,INFLOW,20160411,2000,5024, ,CFS
SHA,H,76,INFLOW,20160411,2100,12200, ,CFS
SHA,H,76,INFLOW,20160411,2200,13254, ,CFS
SHA,H,76,INFLOW,20160411,2300,8652, ,CFS
SHA,H,76,INFLOW,20160412,0000,10475, ,CFS
SHA,H,76,INFLOW,20160412,0100,111, ,CFS
SHA,H,76,INFLOW,20160412,0200,13610, ,CFS
SHA,H,76,INFLOW,20160412,0300,10224, ,CFS
SHA,H,76,INFLOW,20160412,0400,6827, ,CFS
SHA,H,76,INFLOW,20160412,0500,13635, ,CFS
SHA,H,76,INFLOW,20160412,0600,7829, ,CFS
SHA,H,76,INFLOW,20160412,0700,736, ,CFS
SHA,H,76,INFLOW,20160412,0800,14976, ,CFS
SHA,H,76,INFLOW,20160412,0900,8842, ,CFS
SHA,H,76,INFLOW,20160412,1000,3633, ,CFS
SHA,H,76,INFLOW,20160412,1100,13862, ,CFS
SHA,H,76,INFLOW,20160412,1200,6896, ,CFS
SHA,H,76,INFLOW,20160412,1300,7075, ,CFS
SHA,H,76,INFLOW,20160412,1400,11504, ,CFS
SHA,H,76,INFLOW,20160412,1500,4089, ,CFS
SHA,H,76,INFLOW,20160412,1600,9363, ,CFS
SHA,H,76,INFLOW,20160412,1700,10026, ,CFS
SHA,H,76,INFLOW,20160412,1800,6934, ,CFS
SHA,H,76,INFLOW,20160412,1900,4836, ,CFS
SHA,H,76,INFLOW,20160412,2000,2947, ,CFS
SHA,H,76,INFLOW,20160412,2100,17280, ,CFS
SHA,H,76,INFLOW,20160412,2200,5477, ,CFS
SHA,H,76,INFLOW,20160412,2300,10231, ,CFS
SHA,H,76,INFLOW,20160413,0000,5966, ,CFS
SHA,H,76,INFLOW,20160413,0100,10503, ,CFS
SHA,H,76,INFLOW,20160413,0200,10389, ,CFS
SHA,H,76,INFLOW,20160413,0300,3606, ,CFS
SHA,H,76,INFLOW,20160413,0400,13781, ,CFS
SHA,H,76,INFLOW,20160413,0500,13781, ,CFS
SHA,H,76,INFLOW,20160413,0600,3878, ,CFS
SHA,H,76,INFLOW,20160413,0700,15640, ,CFS
SHA,H,76,INFLOW,20160413,0800,9695, ,CFS
SHA,H,76,INFLOW,20160413,0900,3695, ,CFS
SHA,H,76,INFLOW,20160413,1000,10050, ,CFS
SHA,H,76,INFLOW,20160413,1100,3161, ,CFS
SHA,H,76,INFLOW,20160413,1200,6470, ,CFS
SHA,H,76,INFLOW,20160413,1300,6487, ,CFS
SHA,H,76,INFLOW,20160413,1400,3070, ,CFS
SHA,H,76,INFLOW,20160413,1500,10282, ,CFS
SHA,H,76,INFLOW,20160413,1600,11443, ,CFS
SHA,H,76,INFLOW,20160413,1700,7517, ,CFS
SHA,H,76,INFLOW,20160413,1800,7455, ,CFS
SHA,H,76,INFLOW,20160413,1900,7429, ,CFS
SHA,H,76,INFLOW,20160413,2000,11446, ,CFS
SHA,H,76,INFLOW,20160413,2100,12322, ,CFS
SHA,H,76,INFLOW,20160413,2200,-1537, ,CFS
SHA,H,76,INFLOW,20160413,2300,5788, ,CFS
SHA,H,76,INFLOW,20160414,0000,23843, ,CFS
SHA,H,76,INFLOW,20160414,0100,7096, ,CFS
SHA,H,76,INFLOW,20160414,0200,6936, ,CFS
SHA,H,76,INFLOW,20160414,0300,20518, ,CFS
SHA,H,76,INFLOW,20160414,0400,3548, ,CFS
SHA,H,76,INFLOW,20160414,0500,3547, ,CFS
SHA,H,76,INFLOW,20160414,0600,14251, ,CFS
SHA,H,76,INFLOW,20160414,0700,16216, ,CFS
SHA,H,76,INFLOW,20160414,0800,364, ,CFS
SHA,H,76,INFLOW,20160414,0900,12576, ,CFS
SHA,H,76,INFLOW,20160414,1000,4551, ,CFS
SHA,H,76,INFLOW,20160414,1100,3409, ,CFS
SHA,H,76,INFLOW,20160414,1200,12709, ,CFS
SHA,H,76,INFLOW,20160414,1300,2349, ,CFS
SHA,H,76,INFLOW,20160414,1400,-648, ,CFS
SHA,H,76,INFLOW,20160414,1500,28252, ,CFS
SHA,H,76,INFLOW,20160414,1600,-8699, ,CFS
SHA,H,76,INFLOW,20160414,1700,14168, ,CFS
SHA,H,76,INFLOW,20160414,1800,5315, ,CFS
SHA,H,76,INFLOW,20160414,1900,14433, ,CFS
SHA,H,76,INFLOW,20160414,2000,12705, ,CFS
SHA,H,76,INFLOW,20160414,2100,3695, ,CFS
SHA,H,76,INFLOW,20160414,2200,17563, ,CFS
SHA,H,76,INFLOW,20160414,2300,5456, ,CFS
SHA,H,76,INFLOW,20160415,0000,12153, ,CFS
SHA,H,76,INFLOW,20160415,0100,10337, ,CFS
SHA,H,76,INFLOW,20160415,0200,33, ,CFS
SHA,H,76,INFLOW,20160415,0300,6847, ,CFS
SHA,H,76,INFLOW,20160415,0400,10255, ,CFS
SHA,H,76,INFLOW,20160415,0500,6847, ,CFS
SHA,H,76,INFLOW,20160415,0600,7275, ,CFS
SHA,H,76,INFLOW,20160415,0700,11846, ,CFS
SHA,H,76,INFLOW,20160415,0800,6478, ,CFS
SHA,H,76,INFLOW,20160415,0900,8827, ,CFS
SHA,H,76,INFLOW,20160415,1000,8398, ,CFS
SHA,H,76,INFLOW,20160415,1100,4351, ,CFS
SHA,H,76,INFLOW,20160415,1200,14342, ,CFS
SHA,H,76,INFLOW,20160415,1300,7295, ,CFS
SHA,H,76,INFLOW,20160415,1400,10266, ,CFS
SHA,H,76,INFLOW,20160415,1500,325, ,CFS
SHA,H,76,INFLOW,20160415,1600,11606, ,CFS
SHA,H,76,INFLOW,20160415,1700,10054, ,CFS
SHA,H,76,INFLOW,20160415,1800,9998, ,CFS
SHA,H,76,INFLOW,20160415,1900,14325, ,CFS
SHA,H,76,INFLOW,20160415,2000,8130, ,CFS
SHA,H,76,INFLOW,20160415,2100,9193, ,CFS
SHA,H,76,INFLOW,20160415,2200,10382, ,CFS
SHA,H,76,INFLOW,20160415,2300,9006, ,CFS
SHA,H,76,INFLOW,20160416,0000,12109, ,CFS
SHA,H,76,INFLOW,20160416,0100,3650, ,CFS
SHA,H,76,INFLOW,20160416,0200,6955, ,CFS
SHA,H,76,INFLOW,20160416,0300,13770, ,CFS
SHA,H,76,INFLOW,20160416,0400,3548, ,CFS
SHA,H,76,INFLOW,20160416,0500,10363, ,CFS
SHA,H,76,INFLOW,20160416,0600,3731, ,CFS
SHA,H,76,INFLOW,20160416,0700,3787, ,CFS
SHA,H,76,INFLOW,20160416,0800,15431, ,CFS
SHA,H,76,INFLOW,20160416,0900,3509, ,CFS
SHA,H,76,INFLOW,20160416,1000,7402, ,CFS
SHA,H,76,INFLOW,20160416,1100,9858, ,CFS
SHA,H,76,INFLOW,20160416,1200,3205, ,CFS
SHA,H,76,INFLOW,20160416,1300,6530, ,CFS
SHA,H,76,INFLOW,20160416,1400,6345, ,CFS
SHA,H,76,INFLOW,20160416,1500,6729, ,CFS
SHA,H,76,INFLOW,20160416,1600,10939, ,CFS
SHA,H,76,INFLOW,20160416,1700,7378, ,CFS
SHA,H,76,INFLOW,20160416,1800,12011, ,CFS
SHA,H,76,INFLOW,20160416,1900,7428, ,CFS
SHA,H,76,INFLOW,20160416,2000,8019, ,CFS
SHA,H,76,INFLOW,20160416,2100,14752, ,CFS
SHA,H,76,INFLOW,20160416,2200,8868, ,CFS
SHA,H,76,INFLOW,20160416,2300,10626, ,CFS
SHA,H,76,INFLOW,20160417,0000,6037, ,CFS
SHA,H,76,INFLOW,20160417,0100,5265, ,CFS
SHA,H,76,INFLOW,20160417,0200,5125, ,CFS
SHA,H,76,INFLOW,20160417,0300,8403, ,CFS
SHA,H,76,INFLOW,20160417,0400,4861, ,CFS
SHA,H,76,INFLOW,20160417,0500,11862, ,CFS
SHA,H,76,INFLOW,20160417,0600,11942, ,CFS
SHA,H,76,INFLOW,20160417,0700,6720, ,CFS
SHA,H,76,INFLOW,20160417,0800,7169, ,CFS
SHA,H,76,INFLOW,20160417,0900,7191, ,CFS
SHA,H,76,INFLOW,20160417,1000,7195, ,CFS
SHA,H,76,INFLOW,20160417,1100,7209, ,CFS
SHA,H,76,INFLOW,20160417,1200,7257, ,CFS
SHA,H,76,INFLOW,20160417,1300,7277, ,CFS
SHA,H,76,INFLOW,20160417,1400,7056, ,CFS
SHA,H,76,INFLOW,20160417,1500,7252, ,CFS
SHA,H,76,INFLOW,20160417,1600,10608, ,CFS
SHA,H,76,INFLOW,20160417,1700,12992, ,CFS
SHA,H,76,INFLOW,20160417,1800,6970, ,CFS
SHA,H,76,INFLOW,20160417,1900,9866, ,CFS
SHA,H,76,INFLOW,20160417,2000,10363, ,CFS
SHA,H,76,INFLOW,20160417,2100,10305, ,CFS
SHA,H,76,INFLOW,20160417,2200,11129, ,CFS
SHA,H,76,INFLOW,20160417,2300,12686, ,CFS
SHA,H,76,INFLOW,20160418,0000,5893, ,CFS
SHA,H,76,INFLOW,20160418,0100,3710, ,CFS
SHA,H,76,INFLOW,20160418,0200,6988, ,CFS
SHA,H,76,INFLOW,20160418,0300,13803, ,CFS
SHA,H,76,INFLOW,20160418,0400,10444, ,CFS
SHA,H,76,INFLOW,20160418,0500,10444, ,CFS
SHA,H,76,INFLOW,20160418,0600,7517, ,CFS
SHA,H,76,INFLOW,20160418,0700,6258, ,CFS
SHA,H,76,INFLOW,20160418,0800,10300, ,CFS
SHA,H,76,INFLOW,20160418,0900,2174, ,CFS
SHA,H,76,INFLOW,20160418,1000,5098, ,CFS
SHA,H,76,INFLOW,20160418,1100,5233, ,CFS
SHA,H,76,INFLOW,20160418,1200,5539, ,CFS
SHA,H,76,INFLOW,20160418,1300,5218, ,CFS
SHA,H,76,INFLOW,20160418,1400,9074, ,CFS
SHA,H,76,INFLOW,20160418,1500,-1308, ,CFS
SHA,H,76,INFLOW,20160418,1600,9097, ,CFS
SHA,H,76,INFLOW,20160418,1700,1713, ,CFS
SHA,H,76,INFLOW,20160418,1800,5296, ,CFS
SHA,H,76,INFLOW,20160418,1900,4112, ,CFS
SHA,H,76,INFLOW,20160418,2000,5322, ,CFS
SHA,H,76,INFLOW,20160418,2100,7482, ,CFS
SHA,H,76,INFLOW,20160418,2200,5229, ,CFS
SHA,H,76,INFLOW,20160418,2300,10496, ,CFS
SHA,H,76,INFLOW,20160419,0000,2988, ,CFS
SHA,H,76,INFLOW,20160419,0100,7220, ,CFS
SHA,H,76,INFLOW,20160419,0200,3639, ,CFS
SHA,H,76,INFLOW,20160419,0300,3639, ,CFS
SHA,H,76,INFLOW,20160419,0400,7063, ,CFS
SHA,H,76,INFLOW,20160419,0500,7123, ,CFS
SHA,H,76,INFLOW,20160419,0600,2153, ,CFS
SHA,H,76,INFLOW,20160419,0700,4870, ,CFS
SHA,H,76,INFLOW,20160419,0800,6443, ,CFS
SHA,H,76,INFLOW,20160419,0900,4848, ,CFS
SHA,H,76,INFLOW,20160419,1000,914, ,CFS
SHA,H,76,INFLOW,20160419,1100,4288, ,CFS
SHA,H,76,INFLOW,20160419,1200,4150, ,CFS
SHA,H,76,INFLOW,20160419,1300,3890, ,CFS
SHA,H,76,INFLOW,20160419,1400,7264, ,CFS
SHA,H,76,INFLOW,20160419,1500,3472, ,CFS
SHA,H,76,INFLOW,20160419,1600,3479, ,CFS
SHA,H,76,INFLOW,20160419,1700,8173, ,CFS
SHA,H,76,INFLOW,20160419,1800,12302, ,CFS
SHA,H,76,INFLOW,20160419,1900,8916, ,CFS
SHA,H,76,INFLOW,20160419,2000,16224, ,CFS
SHA,H,76,INFLOW,20160419,2100,11181, ,CFS
SHA,H,76,INFLOW,20160419,2200,15593, ,CFS
SHA,H,76,INFLOW,20160419,2300,10776, ,CFS
SHA,H,76,INFLOW,20160420,0000,7399, ,CFS
SHA,H,76,INFLOW,20160420,0100,7806, ,CFS
SHA,H,76,INFLOW,20160420,0200,7209, ,CFS
SHA,H,76,INFLOW,20160420,0300,3755, ,CFS
SHA,H,76,INFLOW,20160420,0400,3756, ,CFS
SHA,H,76,INFLOW,20160420,0500,7250, ,CFS
SHA,H,76,INFLOW,20160420,0600,2195, ,CFS
SHA,H,76,INFLOW,20160420,0700,7378, ,CFS
SHA,H,76,INFLOW,20160420,0800,5017, ,CFS
SHA,H,76,INFLOW,20160420,0900,2488, ,CFS
SHA,H,76,INFLOW,20160420,1000,8118, ,CFS
SHA,H,76,INFLOW,20160420,1100,7503, ,CFS
SHA,H,76,INFLOW,20160420,1200,4179, ,CFS
SHA,H,76,INFLOW,20160420,1300,4676, ,CFS
SHA,H,76,INFLOW,20160420,1400,7957, ,CFS
SHA,H,76,INFLOW,20160420,1500,4567, ,CFS
SHA,H,76,INFLOW,20160420,1600,5295, ,CFS
SHA,H,76,INFLOW,20160420,1700,9754, ,CFS
SHA,H,76,INFLOW,20160420,1800,14904, ,CFS
SHA,H,76,INFLOW,20160420,1900,12329, ,CFS
SHA,H,76,INFLOW,20160420,2000,24028, ,CFS
SHA,H,76,INFLOW,20160420,2100,17113, ,CFS
SHA,H,76,INFLOW,20160420,2200,20817, ,CFS
SHA,H,76,INFLOW,20160420,2300,23109, ,CFS
SHA,H,76,INFLOW,20160421,0000,17922, ,CFS
SHA,H,76,INFLOW,20160421,0100,25452, ,CFS
SHA,H,76,INFLOW,20160421,0200,15063, ,CFS
SHA,H,76,INFLOW,20160421,0300,21844, ,CFS
SHA,H,76,INFLOW,20160421,0400,15064, ,CFS
SHA,H,76,INFLOW,20160421,0500,14998, ,CFS
SHA,H,76,INFLOW,20160421,0600,8733, ,CFS
SHA,H,76,INFLOW,20160421,0700,21563, ,CFS
SHA,H,76,INFLOW,20160421,0800,15712, ,CFS
SHA,H,76,INFLOW,20160421,0900,3214, ,CFS
SHA,H,76,INFLOW,20160421,1000,6792, ,CFS
SHA,H,76,INFLOW,20160421,1100,3281, ,CFS
SHA,H,76,INFLOW,20160421,1200,4953, ,CFS
SHA,H,76,INFLOW,20160421,1300,8321, ,CFS
SHA,H,76,INFLOW,20160421,1400,5864, ,CFS
SHA,H,76,INFLOW,20160421,1500,6787, ,CFS
SHA,H,76,INFLOW,20160421,1600,7273, ,CFS
SHA,H,76,INFLOW,20160421,1700,966, ,CFS
SHA,H,76,INFLOW,20160421,1800,8313, ,CFS
SHA,H,76,INFLOW,20160421,1900,2678, ,CFS
SHA,H,76,INFLOW,20160421,2000,7451, ,CFS
SHA,H,76,INFLOW,20160421,2100,5790, ,CFS
SHA,H,76,INFLOW,20160421,2200,6551, ,CFS
SHA,H,76,INFLOW,20160421,2300,8859, ,CFS
SHA,H,76,INFLOW,20160422,0000,407, ,CFS
SHA,H,76,INFLOW,20160422,0100,3614, ,CFS
SHA,H,76,INFLOW,20160422,0200,10461, ,CFS
SHA,H,76,INFLOW,20160422,0300,7038, ,CFS
SHA,H,76,INFLOW,20160422,0400,3614, ,CFS
SHA,H,76,INFLOW,20160422,0500,24214, ,CFS
SHA,H,76,INFLOW,20160422,0600,9024, ,CFS
SHA,H,76,INFLOW,20160422,0700,6887, ,CFS
SHA,H,76,INFLOW,20160422,0800,582, ,CFS
SHA,H,76,INFLOW,20160422,0900,18923, ,CFS
SHA,H,76,INFLOW,20160422,1000,11849, ,CFS
SHA,H,76,INFLOW,20160422,1100,-1886, ,CFS
SHA,H,76,INFLOW,20160422,1200,27563, ,CFS
SHA,H,76,INFLOW,20160422,1300,10556, ,CFS
SHA,H,76,INFLOW,20160422,1400,2839, ,CFS
SHA,H,76,INFLOW,20160422,1500,13052, ,CFS
SHA,H,76,INFLOW,20160422,1600,8763, ,CFS
SHA,H,76,INFLOW,20160422,1700,7401, ,CFS
SHA,H,76,INFLOW,20160422,1800,5953, ,CFS
SHA,H,76,INFLOW,20160422,1900,7052, ,CFS
SHA,H,76,INFLOW,20160422,2000,3401, ,CFS
SHA,H,76,INFLOW,20160422,2100,10590, ,CFS
SHA,H,76,INFLOW,20160422,2200,10794, ,CFS
SHA,H,76,INFLOW,20160422,2300,7165, ,CFS
SHA,H,76,INFLOW,20160423,0000,8648, ,CFS
SHA,H,76,INFLOW,20160423,0100,10406, ,CFS
SHA,H,76,INFLOW,20160423,0200,6914, ,CFS
SHA,H,76,INFLOW,20160423,0300,3490, ,CFS
SHA,H,76,INFLOW,20160423,0400,10337, ,CFS
SHA,H,76,INFLOW,20160423,0500,3553, ,CFS
SHA,H,76,INFLOW,20160423,0600,8305, ,CFS
SHA,H,76,INFLOW,20160423,0700,8568, ,CFS
SHA,H,76,INFLOW,20160423,0800,6328, ,CFS
SHA,H,76,INFLOW,20160423,0900,5124, ,CFS
SHA,H,76,INFLOW,20160423,1000,6982, ,CFS
SHA,H,76,INFLOW,20160423,1100,7202, ,CFS
SHA,H,76,INFLOW,20160423,1200,10662, ,CFS
SHA,H,76,INFLOW,20160423,1300,8409, ,CFS
SHA,H,76,INFLOW,20160423,1400,7430, ,CFS
SHA,H,76,INFLOW,20160423,1500,6441, ,CFS
SHA,H,76,INFLOW,20160423,1600,9768, ,CFS
SHA,H,76,INFLOW,20160423,1700,6266, ,CFS
SHA,H,76,INFLOW,20160423,1800,6667, ,CFS
SHA,H,76,INFLOW,20160423,1900,10691, ,CFS
SHA,H,76,INFLOW,20160423,2000,3879, ,CFS
SHA,H,76,INFLOW,20160423,2100,7712, ,CFS
SHA,H,76,INFLOW,20160423,2200,10329, ,CFS
SHA,H,76,INFLOW,20160423,2300,8311, ,CFS
SHA,H,76,INFLOW,20160424,0000,5817, ,CFS
SHA,H,76,INFLOW,20160424,0100,8751, ,CFS
SHA,H,76,INFLOW,20160424,0200,5316, ,CFS
SHA,H,76,INFLOW,20160424,0300,8584, ,CFS
SHA,H,76,INFLOW,20160424,0400,8558, ,CFS
SHA,H,76,INFLOW,20160424,0500,5118, ,CFS
SHA,H,76,INFLOW,20160424,0600,5318, ,CFS
SHA,H,76,INFLOW,20160424,0700,15285, ,CFS
SHA,H,76,INFLOW,20160424,0800,5097, ,CFS
SHA,H,76,INFLOW,20160424,0900,8564, ,CFS
SHA,H,76,INFLOW,20160424,1000,5109, ,CFS
SHA,H,76,INFLOW,20160424,1100,8576, ,CFS
SHA,H,76,INFLOW,20160424,1200,8831, ,CFS
SHA,H,76,INFLOW,20160424,1300,6357, ,CFS
SHA,H,76,INFLOW,20160424,1400,8687, ,CFS
SHA,H,76,INFLOW,20160424,1500,5354, ,CFS
SHA,H,76,INFLOW,20160424,1600,1925, ,CFS
SHA,H,76,INFLOW,20160424,1700,8855, ,CFS
SHA,H,76,INFLOW,20160424,1800,2827, ,CFS
SHA,H,76,INFLOW,20160424,1900,11955, ,CFS
SHA,H,76,INFLOW,20160424,2000,495, ,CFS
SHA,H,76,INFLOW,20160424,2100,4207, ,CFS
SHA,H,76,INFLOW,20160424,2200,14726, ,CFS
SHA,H,76,INFLOW,20160424,2300,1157, ,CFS
SHA,H,76,INFLOW,20160425,0000,6137, ,CFS
SHA,H,76,INFLOW,20160425,0100,3715, ,CFS
SHA,H,76,INFLOW,20160425,0200,158, ,CFS
SHA,H,76,INFLOW,20160425,0300,10478, ,CFS
SHA,H,76,INFLOW,20160425,0400,7038, ,CFS
SHA,H,76,INFLOW,20160425,0500,261, ,CFS
SHA,H,76,INFLOW,20160425,0600,9368, ,CFS
SHA,H,76,INFLOW,20160425,0700,4827, ,CFS
SHA,H,76,INFLOW,20160425,0800,7812, ,CFS
SHA,H,76,INFLOW,20160425,0900,2427, ,CFS
SHA,H,76,INFLOW,20160425,1000,5716, ,CFS
SHA,H,76,INFLOW,20160425,1100,2325, ,CFS
SHA,H,76,INFLOW,20160425,1200,6051, ,CFS
SHA,H,76,INFLOW,20160425,1300,9570, ,CFS
SHA,H,76,INFLOW,20160425,1400,5890, ,CFS
SHA,H,76,INFLOW,20160425,1500,3034, ,CFS
SHA,H,76,INFLOW,20160425,1600,6291, ,CFS
SHA,H,76,INFLOW,20160425,1700,5476, ,CFS
SHA,H,76,INFLOW,20160425,1800,3088, ,CFS
SHA,H,76,INFLOW,20160425,1900,7610, ,CFS
SHA,H,76,INFLOW,20160425,2000,7011, ,CFS
SHA,H,76,INFLOW,20160425,2100,11011, ,CFS
SHA,H,76,INFLOW,20160425,2200,6148, ,CFS
SHA,H,76,INFLOW,20160425,2300,11589, ,CFS
SHA,H,76,INFLOW,20160426,0000,3036, ,CFS
SHA,H,76,INFLOW,20160426,0100,7210, ,CFS
SHA,H,76,INFLOW,20160426,0200,13952, ,CFS
SHA,H,76,INFLOW,20160426,0300,7072, ,CFS
SHA,H,76,INFLOW,20160426,0400,7072, ,CFS
SHA,H,76,INFLOW,20160426,0500,10584, ,CFS
SHA,H,76,INFLOW,20160426,0600,8907, ,CFS
SHA,H,76,INFLOW,20160426,0700,5555, ,CFS
SHA,H,76,INFLOW,20160426,0800,9772, ,CFS
SHA,H,76,INFLOW,20160426,0900,1846, ,CFS
SHA,H,76,INFLOW,20160426,1000,5190, ,CFS
SHA,H,76,INFLOW,20160426,1100,8146, ,CFS
SHA,H,76,INFLOW,20160426,1200,5209, ,CFS
SHA,H,76,INFLOW,20160426,1300,9478, ,CFS
SHA,H,76,INFLOW,20160426,1400,9334, ,CFS
SHA,H,76,INFLOW,20160426,1500,5692, ,CFS
SHA,H,76,INFLOW,20160426,1600,11862, ,CFS
SHA,H,76,INFLOW,20160426,1700,8972, ,CFS
SHA,H,76,INFLOW,20160426,1800,2742, ,CFS
SHA,H,76,INFLOW,20160426,1900,12112, ,CFS
SHA,H,76,INFLOW,20160426,2000,7346, ,CFS
SHA,H,76,INFLOW,20160426,2100,7778, ,CFS
SHA,H,76,INFLOW,20160426,2200,7881, ,CFS
SHA,H,76,INFLOW,20160426,2300,6178, ,CFS
SHA,H,76,INFLOW,20160427,0000,8042, ,CFS
SHA,H,76,INFLOW,20160427,0100,7639, ,CFS
SHA,H,76,INFLOW,20160427,0200,7214, ,CFS
SHA,H,76,INFLOW,20160427,0300,10796, ,CFS
SHA,H,76,INFLOW,20160427,0400,3830, ,CFS
SHA,H,76,INFLOW,20160427,0500,7375, ,CFS
SHA,H,76,INFLOW,20160427,0600,4360, ,CFS
SHA,H,76,INFLOW,20160427,0700,12999, ,CFS
SHA,H,76,INFLOW,20160427,0800,-1733, ,CFS
SHA,H,76,INFLOW,20160427,0900,7166, ,CFS
SHA,H,76,INFLOW,20160427,1000,6744, ,CFS
SHA,H,76,INFLOW,20160427,1100,31407, ,CFS
SHA,H,76,INFLOW,20160427,1200,9956, ,CFS
SHA,H,76,INFLOW,20160427,1300,3578, ,CFS
SHA,H,76,INFLOW,20160427,1400,10143, ,CFS
SHA,H,76,INFLOW,20160427,1500,5889, ,CFS
SHA,H,76,INFLOW,20160427,1600,9705, ,CFS
SHA,H,76,INFLOW,20160427,1700,7453, ,CFS
SHA,H,76,INFLOW,20160427,1800,7387, ,CFS
SHA,H,76,INFLOW,20160427,1900,4153, ,CFS
SHA,H,76,INFLOW,20160427,2000,8017, ,CFS
SHA,H,76,INFLOW,20160427,2100,8611, ,CFS
SHA,H,76,INFLOW,20160427,2200,8240, ,CFS
SHA,H,76,INFLOW,20160427,2300,7240, ,CFS
SHA,H,76,INFLOW,20160428,0000,3590, ,CFS
SHA,H,76,INFLOW,20160428,0100,7030, ,CFS
SHA,H,76,INFLOW,20160428,0200,7030, ,CFS
SHA,H,76,INFLOW,20160428,0300,7030, ,CFS
SHA,H,76,INFLOW,20160428,0400,7030, ,CFS
SHA,H,76,INFLOW,20160428,0500,3590, ,CFS
SHA,H,76,INFLOW,20160428,0600,4063, ,CFS
SHA,H,76,INFLOW,20160428,0700,12782, ,CFS
SHA,H,76,INFLOW,20160428,0800,6059, ,CFS
SHA,H,76,INFLOW,20160428,0900,1858, ,CFS
SHA,H,76,INFLOW,20160428,1000,8324, ,CFS
SHA,H,76,INFLOW,20160428,1100,1613, ,CFS
SHA,H,76,INFLOW,20160428,1200,5018, ,CFS
SHA,H,76,INFLOW,20160428,1300,6990, ,CFS
SHA,H,76,INFLOW,20160428,1400,1472, ,CFS
SHA,H,76,INFLOW,20160428,1500,9488, ,CFS
SHA,H,76,INFLOW,20160428,1600,2362, ,CFS
SHA,H,76,INFLOW,20160428,1700,6079, ,CFS
SHA,H,76,INFLOW,20160428,1800,6661, ,CFS
SHA,H,76,INFLOW,20160428,1900,4729, ,CFS
SHA,H,76,INFLOW,20160428,2000,4899, ,CFS
SHA,H,76,INFLOW,20160428,2100,6213, ,CFS
SHA,H,76,INFLOW,20160428,2200,4216, ,CFS
SHA,H,76,INFLOW,20160428,2300,8045, ,CFS
SHA,H,76,INFLOW,20160429,0000,3388, ,CFS
SHA,H,76,INFLOW,20160429,0100,3704, ,CFS
SHA,H,76,INFLOW,20160429,0200,6989, ,CFS
SHA,H,76,INFLOW,20160429,0300,3549, ,CFS
SHA,H,76,INFLOW,20160429,0400,3549, ,CFS
SHA,H,76,INFLOW,20160429,0500,3549, ,CFS
SHA,H,76,INFLOW,20160429,0600,605, ,CFS
SHA,H,76,INFLOW,20160429,0700,13187, ,CFS
SHA,H,76,INFLOW,20160429,0800,-262, ,CFS
SHA,H,76,INFLOW,20160429,0900,3956, ,CFS
SHA,H,76,INFLOW,20160429,1000,3986, ,CFS
SHA,H,76,INFLOW,20160429,1100,4572, ,CFS
SHA,H,76,INFLOW,20160429,1200,4741, ,CFS
SHA,H,76,INFLOW,20160429,1300,6818, ,CFS
SHA,H,76,INFLOW,20160429,1400,5014, ,CFS
SHA,H,76,INFLOW,20160429,1500,16970, ,CFS
SHA,H,76,INFLOW,20160429,1600,4171, ,CFS
SHA,H,76,INFLOW,20160429,1700,9723, ,CFS
SHA,H,76,INFLOW,20160429,1800,14478, ,CFS
SHA,H,76,INFLOW,20160429,1900,2961, ,CFS
SHA,H,76,INFLOW,20160429,2000,9894, ,CFS
SHA,H,76,INFLOW,20160429,2100,10090, ,CFS
SHA,H,76,INFLOW,20160429,2200,5846, ,CFS
SHA,H,76,INFLOW,20160429,2300,3151, ,CFS
SHA,H,76,INFLOW,20160430,0000,13967, ,CFS
SHA,H,76,INFLOW,20160430,0100,3532, ,CFS
SHA,H,76,INFLOW,20160430,0200,10412, ,CFS
SHA,H,76,INFLOW,20160430,0300,10412, ,CFS
SHA,H,76,INFLOW,20160430,0400,6972, ,CFS
SHA,H,76,INFLOW,20160430,0500,10412, ,CFS
SHA,H,76,INFLOW,20160430,0600,4159, ,CFS
SHA,H,76,INFLOW,20160430,0700,8909, ,CFS
SHA,H,76,INFLOW,20160430,0800,9201, ,CFS
SHA,H,76,INFLOW,20160430,0900,13224, ,CFS
SHA,H,76,INFLOW,20160430,1000,2008, ,CFS
SHA,H,76,INFLOW,20160430,1100,12325, ,CFS
SHA,H,76,INFLOW,20160430,1200,1810, ,CFS
SHA,H,76,INFLOW,20160430,1300,4946, ,CFS
SHA,H,76,INFLOW,20160430,1400,3247, ,CFS
SHA,H,76,INFLOW,20160430,1500,6767, ,CFS
SHA,H,76,INFLOW,20160430,1600,8078, ,CFS
SHA,H,76,INFLOW,20160430,1700,8452, ,CFS
SHA,H,76,INFLOW,20160430,1800,12343, ,CFS
SHA,H,76,INFLOW,20160430,1900,7839, ,CFS
SHA,H,76,INFLOW,20160430,2000,8948, ,CFS
SHA,H,76,INFLOW,20160430,2100,13261, ,CFS
SHA,H,76,INFLOW,20160430,2200,7073, ,CFS
SHA,H,76,INFLOW,20160430,2300,10485, ,CFS
SHA,H,76,INFLOW,20160501,0000,11253, ,CFS
SHA,H,76,INFLOW,20160501,0100,7631, ,CFS
SHA,H,76,INFLOW,20160501,0200,7260, ,CFS
SHA,H,76,INFLOW,20160501,0300,3948, ,CFS
SHA,H,76,INFLOW,20160501,0400,7539, ,CFS
SHA,H,76,INFLOW,20160501,0500,7232, ,CFS
SHA,H,76,INFLOW,20160501,0600,-2698, ,CFS
SHA,H,76,INFLOW,20160501,0700,11618, ,CFS
SHA,H,76,INFLOW,20160501,0800,4150, ,CFS
SHA,H,76,INFLOW,20160501,0900,2297, ,CFS
SHA,H,76,INFLOW,20160501,1000,5163, ,CFS
SHA,H,76,INFLOW,20160501,1100,1747, ,CFS
SHA,H,76,INFLOW,20160501,1200,1846, ,CFS
SHA,H,76,INFLOW,20160501,1300,345, ,CFS
SHA,H,76,INFLOW,20160501,1400,7818, ,CFS
SHA,H,76,INFLOW,20160501,1500,8451, ,CFS
SHA,H,76,INFLOW,20160501,1600,8920, ,CFS
SHA,H,76,INFLOW,20160501,1700,6505, ,CFS
SHA,H,76,INFLOW,20160501,1800,11220, ,CFS
SHA,H,76,INFLOW,20160501,1900,5133, ,CFS
SHA,H,76,INFLOW,20160501,2000,12577, ,CFS
SHA,H,76,INFLOW,20160501,2100,9628, ,CFS
SHA,H,76,INFLOW,20160501,2200,8872, ,CFS
SHA,H,76,INFLOW,20160501,2300,8633, ,CFS
SHA,H,76,INFLOW,20160502,0000,4429, ,CFS
SHA,H,76,INFLOW,20160502,0100,3671, ,CFS
SHA,H,76,INFLOW,20160502,0200,3647, ,CFS
SHA,H,76,INFLOW,20160502,0300,10557, ,CFS
SHA,H,76,INFLOW,20160502,0400,192, ,CFS
SHA,H,76,INFLOW,20160502,0500,7102, ,CFS
SHA,H,76,INFLOW,20160502,0600,4110, ,CFS
SHA,H,76,INFLOW,20160502,0700,5519, ,CFS
SHA,H,76,INFLOW,20160502,0800,5776, ,CFS
SHA,H,76,INFLOW,20160502,0900,2222, ,CFS
SHA,H,76,INFLOW,20160502,1000,-135, ,CFS
SHA,H,76,INFLOW,20160502,1100,8471, ,CFS
SHA,H,76,INFLOW,20160502,1200,1541, ,CFS
SHA,H,76,INFLOW,20160502,1300,4087, ,CFS
SHA,H,76,INFLOW,20160502,1400,7167, ,CFS
SHA,H,76,INFLOW,20160502,1500,3967, ,CFS
SHA,H,76,INFLOW,20160502,1600,4935, ,CFS
SHA,H,76,INFLOW,20160502,1700,4307, ,CFS
SHA,H,76,INFLOW,20160502,1800,5268, ,CFS
SHA,H,76,INFLOW,20160502,1900,3089, ,CFS
SHA,H,76,INFLOW,20160502,2000,5172, ,CFS
SHA,H,76,INFLOW,20160502,2100,5709, ,CFS
SHA,H,76,INFLOW,20160502,2200,5207, ,CFS
SHA,H,76,INFLOW,20160502,2300,5184, ,CFS
SHA,H,76,INFLOW,20160503,0000,2273, ,CFS
SHA,H,76,INFLOW,20160503,0100,7196, ,CFS
SHA,H,76,INFLOW,20160503,0200,3673, ,CFS
SHA,H,76,INFLOW,20160503,0300,3673, ,CFS
SHA,H,76,INFLOW,20160503,0400,7128, ,CFS
SHA,H,76,INFLOW,20160503,0500,3744, ,CFS
SHA,H,76,INFLOW,20160503,0600,2016, ,CFS
SHA,H,76,INFLOW,20160503,0700,7066, ,CFS
SHA,H,76,INFLOW,20160503,0800,3901, ,CFS
SHA,H,76,INFLOW,20160503,0900,2581, ,CFS
SHA,H,76,INFLOW,20160503,1000,5859, ,CFS
SHA,H,76,INFLOW,20160503,1100,2578, ,CFS
SHA,H,76,INFLOW,20160503,1200,6153, ,CFS
SHA,H,76,INFLOW,20160503,1300,2144, ,CFS
SHA,H,76,INFLOW,20160503,1400,6450, ,CFS
SHA,H,76,INFLOW,20160503,1500,5071, ,CFS
SHA,H,76,INFLOW,20160503,1600,2702, ,CFS
SHA,H,76,INFLOW,20160503,1700,7221, ,CFS
SHA,H,76,INFLOW,20160503,1800,2980, ,CFS
SHA,H,76,INFLOW,20160503,1900,9054, ,CFS
SHA,H,76,INFLOW,20160503,2000,3012, ,CFS
SHA,H,76,INFLOW,20160503,2100,3198, ,CFS
SHA,H,76,INFLOW,20160503,2200,8979, ,CFS
SHA,H,76,INFLOW,20160503,2300,3561, ,CFS
SHA,H,76,INFLOW,20160504,0000,4632, ,CFS
SHA,H,76,INFLOW,20160504,0100,305, ,CFS
SHA,H,76,INFLOW,20160504,0200,7186, ,CFS
SHA,H,76,INFLOW,20160504,0300,3731, ,CFS
SHA,H,76,INFLOW,20160504,0400,7186, ,CFS
SHA,H,76,INFLOW,20160504,0500,280, ,CFS
SHA,H,76,INFLOW,20160504,0600,4302, ,CFS
SHA,H,76,INFLOW,20160504,0700,11097, ,CFS
SHA,H,76,INFLOW,20160504,0800,-1905, ,CFS
SHA,H,76,INFLOW,20160504,0900,592, ,CFS
SHA,H,76,INFLOW,20160504,1000,10974, ,CFS
SHA,H,76,INFLOW,20160504,1100,24462, ,CFS
SHA,H,76,INFLOW,20160504,1200,-9754, ,CFS
SHA,H,76,INFLOW,20160504,1300,20245, ,CFS
SHA,H,76,INFLOW,20160504,1400,-12477, ,CFS
SHA,H,76,INFLOW,20160504,1500,-1153, ,CFS
SHA,H,76,INFLOW,20160504,1600,15681, ,CFS
SHA,H,76,INFLOW,20160504,1700,-7786, ,CFS
SHA,H,76,INFLOW,20160504,1800,10852, ,CFS
SHA,H,76,INFLOW,20160504,1900,4532, ,CFS
SHA,H,76,INFLOW,20160504,2000,5747, ,CFS
SHA,H,76,INFLOW,20160504,2100,10110, ,CFS
SHA,H,76,INFLOW,20160504,2200,2111, ,CFS
SHA,H,76,INFLOW,20160504,2300,7176, ,CFS
SHA,H,76,INFLOW,20160505,0000,363, ,CFS
SHA,H,76,INFLOW,20160505,0100,8435, ,CFS
SHA,H,76,INFLOW,20160505,0200,1443, ,CFS
SHA,H,76,INFLOW,20160505,0300,5250, ,CFS
SHA,H,76,INFLOW,20160505,0400,1073, ,CFS
SHA,H,76,INFLOW,20160505,0500,4574, ,CFS
SHA,H,76,INFLOW,20160505,0600,1542, ,CFS
SHA,H,76,INFLOW,20160505,0700,7830, ,CFS
SHA,H,76,INFLOW,20160505,0800,4352, ,CFS
SHA,H,76,INFLOW,20160505,0900,3890, ,CFS
SHA,H,76,INFLOW,20160505,1000,4750, ,CFS
SHA,H,76,INFLOW,20160505,1100,9120, ,CFS
SHA,H,76,INFLOW,20160505,1200,6169, ,CFS
SHA,H,76,INFLOW,20160505,1300,2949, ,CFS
SHA,H,76,INFLOW,20160505,1400,7011, ,CFS
SHA,H,76,INFLOW,20160505,1500,1521, ,CFS
SHA,H,76,INFLOW,20160505,1600,6071, ,CFS
SHA,H,76,INFLOW,20160505,1700,2333, ,CFS
SHA,H,76,INFLOW,20160505,1800,8067, ,CFS
SHA,H,76,INFLOW,20160505,1900,854, ,CFS
SHA,H,76,INFLOW,20160505,2000,9287, ,CFS
SHA,H,76,INFLOW,20160505,2100,2342, ,CFS
SHA,H,76,INFLOW,20160505,2200,7771, ,CFS
SHA,H,76,INFLOW,20160505,2300,9431, ,CFS
SHA,H,76,INFLOW,20160506,0000,-705, ,CFS
SHA,H,76,INFLOW,20160506,0100,7527, ,CFS
SHA,H,76,INFLOW,20160506,0200,10794, ,CFS
SHA,H,76,INFLOW,20160506,0300,3837, ,CFS
SHA,H,76,INFLOW,20160506,0400,3831, ,CFS
SHA,H,76,INFLOW,20160506,0500,4237, ,CFS
SHA,H,76,INFLOW,20160506,0600,-1829, ,CFS
SHA,H,76,INFLOW,20160506,0700,17051, ,CFS
SHA,H,76,INFLOW,20160506,0800,198, ,CFS
SHA,H,76,INFLOW,20160506,0900,6399, ,CFS
SHA,H,76,INFLOW,20160506,1000,12707, ,CFS
SHA,H,76,INFLOW,20160506,1100,-9717, ,CFS
SHA,H,76,INFLOW,20160506,1200,18381, ,CFS
SHA,H,76,INFLOW,20160506,1300,1503, ,CFS
SHA,H,76,INFLOW,20160506,1400,8749, ,CFS
SHA,H,76,INFLOW,20160506,1500,2299, ,CFS
SHA,H,76,INFLOW,20160506,1600,11690, ,CFS
SHA,H,76,INFLOW,20160506,1700,-2711, ,CFS
SHA,H,76,INFLOW,20160506,1800,11949, ,CFS
SHA,H,76,INFLOW,20160506,1900,-6427, ,CFS
SHA,H,76,INFLOW,20160506,2000,15685, ,CFS
SHA,H,76,INFLOW,20160506,2100,4476, ,CFS
SHA,H,76,INFLOW,20160506,2200,5204, ,CFS
SHA,H,76,INFLOW,20160506,2300,-3741, ,CFS
SHA,H,76,INFLOW,20160507,0000,12510, ,CFS
SHA,H,76,INFLOW,20160507,0100,8611, ,CFS
SHA,H,76,INFLOW,20160507,0200,4348, ,CFS
SHA,H,76,INFLOW,20160507,0300,4327, ,CFS
SHA,H,76,INFLOW,20160507,0400,4445, ,CFS
SHA,H,76,INFLOW,20160507,0500,4730, ,CFS
SHA,H,76,INFLOW,20160507,0600,4158, ,CFS
SHA,H,76,INFLOW,20160507,0700,6460, ,CFS
SHA,H,76,INFLOW,20160507,0800,6680, ,CFS
SHA,H,76,INFLOW,20160507,0900,9977, ,CFS
SHA,H,76,INFLOW,20160507,1000,3819, ,CFS
SHA,H,76,INFLOW,20160507,1100,214, ,CFS
SHA,H,76,INFLOW,20160507,1200,10778, ,CFS
SHA,H,76,INFLOW,20160507,1300,5903, ,CFS
SHA,H,76,INFLOW,20160507,1400,1855, ,CFS
SHA,H,76,INFLOW,20160507,1500,2774, ,CFS
SHA,H,76,INFLOW,20160507,1600,4104, ,CFS
SHA,H,76,INFLOW,20160507,1700,8772, ,CFS
SHA,H,76,INFLOW,20160507,1800,1897, ,CFS
SHA,H,76,INFLOW,20160507,1900,3485, ,CFS
SHA,H,76,INFLOW,20160507,2000,8908, ,CFS
SHA,H,76,INFLOW,20160507,2100,542, ,CFS
SHA,H,76,INFLOW,20160507,2200,8691, ,CFS
SHA,H,76,INFLOW,20160507,2300,9558, ,CFS
SHA,H,76,INFLOW,20160508,0000,-1040, ,CFS
SHA,H,76,INFLOW,20160508,0100,10701, ,CFS
SHA,H,76,INFLOW,20160508,0200,33, ,CFS
SHA,H,76,INFLOW,20160508,0300,6913, ,CFS
SHA,H,76,INFLOW,20160508,0400,3473, ,CFS
SHA,H,76,INFLOW,20160508,0500,3477, ,CFS
SHA,H,76,INFLOW,20160508,0600,451, ,CFS
SHA,H,76,INFLOW,20160508,0700,4395, ,CFS
SHA,H,76,INFLOW,20160508,0800,7757, ,CFS
SHA,H,76,INFLOW,20160508,0900,7494, ,CFS
SHA,H,76,INFLOW,20160508,1000,179, ,CFS
SHA,H,76,INFLOW,20160508,1100,5365, ,CFS
SHA,H,76,INFLOW,20160508,1200,5386, ,CFS
SHA,H,76,INFLOW,20160508,1300,4239, ,CFS
SHA,H,76,INFLOW,20160508,1400,10772, ,CFS
SHA,H,76,INFLOW,20160508,1500,4081, ,CFS
SHA,H,76,INFLOW,20160508,1600,4483, ,CFS
SHA,H,76,INFLOW,20160508,1700,5430, ,CFS
SHA,H,76,INFLOW,20160508,1800,1257, ,CFS
SHA,H,76,INFLOW,20160508,1900,8881, ,CFS
SHA,H,76,INFLOW,20160508,2000,5537, ,CFS
SHA,H,76,INFLOW,20160508,2100,3593, ,CFS
SHA,H,76,INFLOW,20160508,2200,8895, ,CFS
SHA,H,76,INFLOW,20160508,2300,1618, ,CFS
SHA,H,76,INFLOW,20160509,0000,3795, ,CFS
SHA,H,76,INFLOW,20160509,0100,6957, ,CFS
SHA,H,76,INFLOW,20160509,0200,6955, ,CFS
SHA,H,76,INFLOW,20160509,0300,3515, ,CFS
SHA,H,76,INFLOW,20160509,0400,3515, ,CFS
SHA,H,76,INFLOW,20160509,0500,6955, ,CFS
SHA,H,76,INFLOW,20160509,0600,523, ,CFS
SHA,H,76,INFLOW,20160509,0700,8673, ,CFS
SHA,H,76,INFLOW,20160509,0800,2496, ,CFS
SHA,H,76,INFLOW,20160509,0900,5706, ,CFS
SHA,H,76,INFLOW,20160509,1000,5587, ,CFS
SHA,H,76,INFLOW,20160509,1100,5944, ,CFS
SHA,H,76,INFLOW,20160509,1200,7031, ,CFS
SHA,H,76,INFLOW,20160509,1300,2693, ,CFS
SHA,H,76,INFLOW,20160509,1400,6202, ,CFS
SHA,H,76,INFLOW,20160509,1500,6420, ,CFS
SHA,H,76,INFLOW,20160509,1600,4706, ,CFS
SHA,H,76,INFLOW,20160509,1700,5857, ,CFS
SHA,H,76,INFLOW,20160509,1800,3162, ,CFS
SHA,H,76,INFLOW,20160509,1900,5005, ,CFS
SHA,H,76,INFLOW,20160509,2000,5527, ,CFS
SHA,H,76,INFLOW,20160509,2100,5709, ,CFS
SHA,H,76,INFLOW,20160509,2200,4931, ,CFS
SHA,H,76,INFLOW,20160509,2300,8203, ,CFS
SHA,H,76,INFLOW,20160510,0000,703, ,CFS
SHA,H,76,INFLOW,20160510,0100,7095, ,CFS
SHA,H,76,INFLOW,20160510,0200,7087, ,CFS
SHA,H,76,INFLOW,20160510,0300,3835, ,CFS
SHA,H,76,INFLOW,20160510,0400,4120, ,CFS
SHA,H,76,INFLOW,20160510,0500,4349, ,CFS
SHA,H,76,INFLOW,20160510,0600,2891, ,CFS
SHA,H,76,INFLOW,20160510,0700,6761, ,CFS
SHA,H,76,INFLOW,20160510,0800,2679, ,CFS
SHA,H,76,INFLOW,20160510,0900,3065, ,CFS
SHA,H,76,INFLOW,20160510,1000,3490, ,CFS
SHA,H,76,INFLOW,20160510,1100,3266, ,CFS
SHA,H,76,INFLOW,20160510,1200,3058, ,CFS
SHA,H,76,INFLOW,20160510,1300,5069, ,CFS
SHA,H,76,INFLOW,20160510,1400,4882, ,CFS
SHA,H,76,INFLOW,20160510,1500,8642, ,CFS
SHA,H,76,INFLOW,20160510,1600,5512, ,CFS
SHA,H,76,INFLOW,20160510,1700,2539, ,CFS
SHA,H,76,INFLOW,20160510,1800,6150, ,CFS
SHA,H,76,INFLOW,20160510,1900,5117, ,CFS
SHA,H,76,INFLOW,20160510,2000,7537, ,CFS
SHA,H,76,INFLOW,20160510,2100,4205, ,CFS
SHA,H,76,INFLOW,20160510,2200,5838, ,CFS
SHA,H,76,INFLOW,20160510,2300,5049, ,CFS
SHA,H,76,INFLOW,20160511,0000,1978, ,CFS
SHA,H,76,INFLOW,20160511,0100,7216, ,CFS
SHA,H,76,INFLOW,20160511,0200,7273, ,CFS
SHA,H,76,INFLOW,20160511,0300,3811, ,CFS
SHA,H,76,INFLOW,20160511,0400,7219, ,CFS
SHA,H,76,INFLOW,20160511,0500,3982, ,CFS
SHA,H,76,INFLOW,20160511,0600,1222, ,CFS
SHA,H,76,INFLOW,20160511,0700,11125, ,CFS
SHA,H,76,INFLOW,20160511,0800,2244, ,CFS
SHA,H,76,INFLOW,20160511,0900,5537, ,CFS
SHA,H,76,INFLOW,20160511,1000,2111, ,CFS
SHA,H,76,INFLOW,20160511,1100,5528, ,CFS
SHA,H,76,INFLOW,20160511,1200,2281, ,CFS
SHA,H,76,INFLOW,20160511,1300,3385, ,CFS
SHA,H,76,INFLOW,20160511,1400,7231, ,CFS
SHA,H,76,INFLOW,20160511,1500,5815, ,CFS
SHA,H,76,INFLOW,20160511,1600,5468, ,CFS
SHA,H,76,INFLOW,20160511,1700,8338, ,CFS
SHA,H,76,INFLOW,20160511,1800,2634, ,CFS
SHA,H,76,INFLOW,20160511,1900,9719, ,CFS
SHA,H,76,INFLOW,20160511,2000,3766, ,CFS
SHA,H,76,INFLOW,20160511,2100,4444, ,CFS
SHA,H,76,INFLOW,20160511,2200,10246, ,CFS
SHA,H,76,INFLOW,20160511,2300,1804, ,CFS
SHA,H,76,INFLOW,20160512,0000,5930, ,CFS
SHA,H,76,INFLOW,20160512,0100,4226, ,CFS
SHA,H,76,INFLOW,20160512,0200,4208, ,CFS
SHA,H,76,INFLOW,20160512,0300,7616, ,CFS
SHA,H,76,INFLOW,20160512,0400,778, ,CFS
SHA,H,76,INFLOW,20160512,0500,4078, ,CFS
SHA,H,76,INFLOW,20160512,0600,1149, ,CFS
SHA,H,76,INFLOW,20160512,0700,9824, ,CFS
SHA,H,76,INFLOW,20160512,0800,3029, ,CFS
SHA,H,76,INFLOW,20160512,0900,-1809, ,CFS
SHA,H,76,INFLOW,20160512,1000,1769, ,CFS
SHA,H,76,INFLOW,20160512,1100,2500, ,CFS
SHA,H,76,INFLOW,20160512,1200,2478, ,CFS
SHA,H,76,INFLOW,20160512,1300,1857, ,CFS
SHA,H,76,INFLOW,20160512,1400,5325, ,CFS
SHA,H,76,INFLOW,20160512,1500,2866, ,CFS
SHA,H,76,INFLOW,20160512,1600,7898, ,CFS
SHA,H,76,INFLOW,20160512,1700,6249, ,CFS
SHA,H,76,INFLOW,20160512,1800,3032, ,CFS
SHA,H,76,INFLOW,20160512,1900,6710, ,CFS
SHA,H,76,INFLOW,20160512,2000,3399, ,CFS
SHA,H,76,INFLOW,20160512,2100,10268, ,CFS
SHA,H,76,INFLOW,20160512,2200,1892, ,CFS
SHA,H,76,INFLOW,20160512,2300,7330, ,CFS
SHA,H,76,INFLOW,20160513,0000,2156, ,CFS
SHA,H,76,INFLOW,20160513,0100,7173, ,CFS
SHA,H,76,INFLOW,20160513,0200,3665, ,CFS
SHA,H,76,INFLOW,20160513,0300,7105, ,CFS
SHA,H,76,INFLOW,20160513,0400,3665, ,CFS
SHA,H,76,INFLOW,20160513,0500,3665, ,CFS
SHA,H,76,INFLOW,20160513,0600,3955, ,CFS
SHA,H,76,INFLOW,20160513,0700,5622, ,CFS
SHA,H,76,INFLOW,20160513,0800,2521, ,CFS
SHA,H,76,INFLOW,20160513,0900,5938, ,CFS
SHA,H,76,INFLOW,20160513,1000,2503, ,CFS
SHA,H,76,INFLOW,20160513,1100,2832, ,CFS
SHA,H,76,INFLOW,20160513,1200,6963, ,CFS
SHA,H,76,INFLOW,20160513,1300,7200, ,CFS
SHA,H,76,INFLOW,20160513,1400,4251, ,CFS
SHA,H,76,INFLOW,20160513,1500,7759, ,CFS
SHA,H,76,INFLOW,20160513,1600,4675, ,CFS
SHA,H,76,INFLOW,20160513,1700,4181, ,CFS
SHA,H,76,INFLOW,20160513,1800,3529, ,CFS
SHA,H,76,INFLOW,20160513,1900,6812, ,CFS
SHA,H,76,INFLOW,20160513,2000,5558, ,CFS
SHA,H,76,INFLOW,20160513,2100,5935, ,CFS
SHA,H,76,INFLOW,20160513,2200,2485, ,CFS
SHA,H,76,INFLOW,20160513,2300,5658, ,CFS
SHA,H,76,INFLOW,20160514,0000,5895, ,CFS
SHA,H,76,INFLOW,20160514,0100,286, ,CFS
SHA,H,76,INFLOW,20160514,0200,7047, ,CFS
SHA,H,76,INFLOW,20160514,0300,3607, ,CFS
SHA,H,76,INFLOW,20160514,0400,3607, ,CFS
SHA,H,76,INFLOW,20160514,0500,3607, ,CFS
SHA,H,76,INFLOW,20160514,0600,509, ,CFS
SHA,H,76,INFLOW,20160514,0700,10393, ,CFS
SHA,H,76,INFLOW,20160514,0800,400, ,CFS
SHA,H,76,INFLOW,20160514,0900,10725, ,CFS
SHA,H,76,INFLOW,20160514,1000,649, ,CFS
SHA,H,76,INFLOW,20160514,1100,4101, ,CFS
SHA,H,76,INFLOW,20160514,1200,634, ,CFS
SHA,H,76,INFLOW,20160514,1300,-206, ,CFS
SHA,H,76,INFLOW,20160514,1400,3187, ,CFS
SHA,H,76,INFLOW,20160514,1500,3578, ,CFS
SHA,H,76,INFLOW,20160514,1600,10685, ,CFS
SHA,H,76,INFLOW,20160514,1700,7311, ,CFS
SHA,H,76,INFLOW,20160514,1800,11001, ,CFS
SHA,H,76,INFLOW,20160514,1900,11983, ,CFS
SHA,H,76,INFLOW,20160514,2000,8961, ,CFS
SHA,H,76,INFLOW,20160514,2100,10958, ,CFS
SHA,H,76,INFLOW,20160514,2200,4829, ,CFS
SHA,H,76,INFLOW,20160514,2300,15174, ,CFS
SHA,H,76,INFLOW,20160515,0000,6071, ,CFS
SHA,H,76,INFLOW,20160515,0100,3932, ,CFS
SHA,H,76,INFLOW,20160515,0200,7281, ,CFS
SHA,H,76,INFLOW,20160515,0300,3841, ,CFS
SHA,H,76,INFLOW,20160515,0400,3841, ,CFS
SHA,H,76,INFLOW,20160515,0500,3841, ,CFS
SHA,H,76,INFLOW,20160515,0600,4104, ,CFS
SHA,H,76,INFLOW,20160515,0700,8678, ,CFS
SHA,H,76,INFLOW,20160515,0800,2751, ,CFS
SHA,H,76,INFLOW,20160515,0900,6305, ,CFS
SHA,H,76,INFLOW,20160515,1000,3040, ,CFS
SHA,H,76,INFLOW,20160515,1100,3235, ,CFS
SHA,H,76,INFLOW,20160515,1200,6973, ,CFS
SHA,H,76,INFLOW,20160515,1300,3998, ,CFS
SHA,H,76,INFLOW,20160515,1400,4973, ,CFS
SHA,H,76,INFLOW,20160515,1500,6210, ,CFS
SHA,H,76,INFLOW,20160515,1600,6144, ,CFS
SHA,H,76,INFLOW,20160515,1700,5805, ,CFS
SHA,H,76,INFLOW,20160515,1800,8902, ,CFS
SHA,H,76,INFLOW,20160515,1900,5256, ,CFS
SHA,H,76,INFLOW,20160515,2000,14036, ,CFS
SHA,H,76,INFLOW,20160515,2100,7699, ,CFS
SHA,H,76,INFLOW,20160515,2200,7819, ,CFS
SHA,H,76,INFLOW,20160515,2300,8402, ,CFS
SHA,H,76,INFLOW,20160516,0000,5617, ,CFS
SHA,H,76,INFLOW,20160516,0100,7307, ,CFS
SHA,H,76,INFLOW,20160516,0200,3692, ,CFS
SHA,H,76,INFLOW,20160516,0300,7043, ,CFS
SHA,H,76,INFLOW,20160516,0400,10484, ,CFS
SHA,H,76,INFLOW,20160516,0500,3590, ,CFS
SHA,H,76,INFLOW,20160516,0600,4157, ,CFS
SHA,H,76,INFLOW,20160516,0700,11857, ,CFS
SHA,H,76,INFLOW,20160516,0800,2013, ,CFS
SHA,H,76,INFLOW,20160516,0900,7059, ,CFS
SHA,H,76,INFLOW,20160516,1000,7260, ,CFS
SHA,H,76,INFLOW,20160516,1100,80, ,CFS
SHA,H,76,INFLOW,20160516,1200,7591, ,CFS
SHA,H,76,INFLOW,20160516,1300,2474, ,CFS
SHA,H,76,INFLOW,20160516,1400,3072, ,CFS
SHA,H,76,INFLOW,20160516,1500,9267, ,CFS
SHA,H,76,INFLOW,20160516,1600,2633, ,CFS
SHA,H,76,INFLOW,20160516,1700,10240, ,CFS
SHA,H,76,INFLOW,20160516,1800,5915, ,CFS
SHA,H,76,INFLOW,20160516,1900,1379, ,CFS
SHA,H,76,INFLOW,20160516,2000,4497, ,CFS
SHA,H,76,INFLOW,20160516,2100,2812, ,CFS
SHA,H,76,INFLOW,20160516,2200,1515, ,CFS
SHA,H,76,INFLOW,20160516,2300,5014, ,CFS
SHA,H,76,INFLOW,20160517,0000,-921, ,CFS
SHA,H,76,INFLOW,20160517,0100,7334, ,CFS
SHA,H,76,INFLOW,20160517,0200,275, ,CFS
SHA,H,76,INFLOW,20160517,0300,7155, ,CFS
SHA,H,76,INFLOW,20160517,0400,10595, ,CFS
SHA,H,76,INFLOW,20160517,0500,7155, ,CFS
SHA,H,76,INFLOW,20160517,0600,7486, ,CFS
SHA,H,76,INFLOW,20160517,0700,10236, ,CFS
SHA,H,76,INFLOW,20160517,0800,1428, ,CFS
SHA,H,76,INFLOW,20160517,0900,-618, ,CFS
SHA,H,76,INFLOW,20160517,1000,6751, ,CFS
SHA,H,76,INFLOW,20160517,1100,7101, ,CFS
SHA,H,76,INFLOW,20160517,1200,2745, ,CFS
SHA,H,76,INFLOW,20160517,1300,6174, ,CFS
SHA,H,76,INFLOW,20160517,1400,401, ,CFS
SHA,H,76,INFLOW,20160517,1500,4671, ,CFS
SHA,H,76,INFLOW,20160517,1600,6225, ,CFS
SHA,H,76,INFLOW,20160517,1700,7585, ,CFS
SHA,H,76,INFLOW,20160517,1800,8620, ,CFS
SHA,H,76,INFLOW,20160517,1900,10792, ,CFS
SHA,H,76,INFLOW,20160517,2000,590, ,CFS
SHA,H,76,INFLOW,20160517,2100,10809, ,CFS
SHA,H,76,INFLOW,20160517,2200,11047, ,CFS
SHA,H,76,INFLOW,20160517,2300,2250, ,CFS
SHA,H,76,INFLOW,20160518,0000,2324, ,CFS
SHA,H,76,INFLOW,20160518,0100,3784, ,CFS
SHA,H,76,INFLOW,20160518,0200,275, ,CFS
SHA,H,76,INFLOW,20160518,0300,7155, ,CFS
SHA,H,76,INFLOW,20160518,0400,3715, ,CFS
SHA,H,76,INFLOW,20160518,0500,275, ,CFS
SHA,H,76,INFLOW,20160518,0600,4051, ,CFS
SHA,H,76,INFLOW,20160518,0700,3422, ,CFS
SHA,H,76,INFLOW,20160518,0800,3557, ,CFS
SHA,H,76,INFLOW,20160518,0900,4545, ,CFS
SHA,H,76,INFLOW,20160518,1000,-2471, ,CFS
SHA,H,76,INFLOW,20160518,1100,4607, ,CFS
SHA,H,76,INFLOW,20160518,1200,3707, ,CFS
SHA,H,76,INFLOW,20160518,1300,3654, ,CFS
SHA,H,76,INFLOW,20160518,1400,7375, ,CFS
SHA,H,76,INFLOW,20160518,1500,547, ,CFS
SHA,H,76,INFLOW,20160518,1600,2050, ,CFS
SHA,H,76,INFLOW,20160518,1700,1972, ,CFS
SHA,H,76,INFLOW,20160518,1800,1027, ,CFS
SHA,H,76,INFLOW,20160518,1900,5454, ,CFS
SHA,H,76,INFLOW,20160518,2000,5099, ,CFS
SHA,H,76,INFLOW,20160518,2100,4590, ,CFS
SHA,H,76,INFLOW,20160518,2200,5584, ,CFS
SHA,H,76,INFLOW,20160518,2300,1146, ,CFS
SHA,H,76,INFLOW,20160519,0000,1092, ,CFS
SHA,H,76,INFLOW,20160519,0100,7497, ,CFS
SHA,H,76,INFLOW,20160519,0200,208, ,CFS
SHA,H,76,INFLOW,20160519,0300,7088, ,CFS
SHA,H,76,INFLOW,20160519,0400,208, ,CFS
SHA,H,76,INFLOW,20160519,0500,10528, ,CFS
SHA,H,76,INFLOW,20160519,0600,7315, ,CFS
SHA,H,76,INFLOW,20160519,0700,5232, ,CFS
SHA,H,76,INFLOW,20160519,0800,9028, ,CFS
SHA,H,76,INFLOW,20160519,0900,-1558, ,CFS
SHA,H,76,INFLOW,20160519,1000,2389, ,CFS
SHA,H,76,INFLOW,20160519,1100,6572, ,CFS
SHA,H,76,INFLOW,20160519,1200,-39, ,CFS
SHA,H,76,INFLOW,20160519,1300,117, ,CFS
SHA,H,76,INFLOW,20160519,1400,2948, ,CFS
SHA,H,76,INFLOW,20160519,1500,6654, ,CFS
SHA,H,76,INFLOW,20160519,1600,3072, ,CFS
SHA,H,76,INFLOW,20160519,1700,6038, ,CFS
SHA,H,76,INFLOW,20160519,1800,1499, ,CFS
SHA,H,76,INFLOW,20160519,1900,1547, ,CFS
SHA,H,76,INFLOW,20160519,2000,4601, ,CFS
SHA,H,76,INFLOW,20160519,2100,1747, ,CFS
SHA,H,76,INFLOW,20160519,2200,1516, ,CFS
SHA,H,76,INFLOW,20160519,2300,6627, ,CFS
SHA,H,76,INFLOW,20160520,0000,5399, ,CFS
SHA,H,76,INFLOW,20160520,0100,7369, ,CFS
SHA,H,76,INFLOW,20160520,0200,3706, ,CFS
SHA,H,76,INFLOW,20160520,0300,283, ,CFS
SHA,H,76,INFLOW,20160520,0400,3706, ,CFS
SHA,H,76,INFLOW,20160520,0500,3706, ,CFS
SHA,H,76,INFLOW,20160520,0600,728, ,CFS
SHA,H,76,INFLOW,20160520,0700,8918, ,CFS
SHA,H,76,INFLOW,20160520,0800,3138, ,CFS
SHA,H,76,INFLOW,20160520,0900,9830, ,CFS
SHA,H,76,INFLOW,20160520,1000,-668, ,CFS
SHA,H,76,INFLOW,20160520,1100,5946, ,CFS
SHA,H,76,INFLOW,20160520,1200,6534, ,CFS
SHA,H,76,INFLOW,20160520,1300,9021, ,CFS
SHA,H,76,INFLOW,20160520,1400,3043, ,CFS
SHA,H,76,INFLOW,20160520,1500,5487, ,CFS
SHA,H,76,INFLOW,20160520,1600,4436, ,CFS
SHA,H,76,INFLOW,20160520,1700,7597, ,CFS
SHA,H,76,INFLOW,20160520,1800,4011, ,CFS
SHA,H,76,INFLOW,20160520,1900,-2718, ,CFS
SHA,H,76,INFLOW,20160520,2000,12386, ,CFS
SHA,H,76,INFLOW,20160520,2100,3053, ,CFS
SHA,H,76,INFLOW,20160520,2200,-586, ,CFS
SHA,H,76,INFLOW,20160520,2300,3716, ,CFS
SHA,H,76,INFLOW,20160521,0000,1810, ,CFS
SHA,H,76,INFLOW,20160521,0100,5753, ,CFS
SHA,H,76,INFLOW,20160521,0200,8951, ,CFS
SHA,H,76,INFLOW,20160521,0300,12298, ,CFS
SHA,H,76,INFLOW,20160521,0400,5463, ,CFS
SHA,H,76,INFLOW,20160521,0500,12351, ,CFS
SHA,H,76,INFLOW,20160521,0600,5626, ,CFS
SHA,H,76,INFLOW,20160521,0700,12717, ,CFS
SHA,H,76,INFLOW,20160521,0800,9689, ,CFS
SHA,H,76,INFLOW,20160521,0900,8214, ,CFS
SHA,H,76,INFLOW,20160521,1000,5161, ,CFS
SHA,H,76,INFLOW,20160521,1100,2140, ,CFS
SHA,H,76,INFLOW,20160521,1200,1931, ,CFS
SHA,H,76,INFLOW,20160521,1300,4824, ,CFS
SHA,H,76,INFLOW,20160521,1400,-4629, ,CFS
SHA,H,76,INFLOW,20160521,1500,5788, ,CFS
SHA,H,76,INFLOW,20160521,1600,2472, ,CFS
SHA,H,76,INFLOW,20160521,1700,1928, ,CFS
SHA,H,76,INFLOW,20160521,1800,2258, ,CFS
SHA,H,76,INFLOW,20160521,1900,-3946, ,CFS
SHA,H,76,INFLOW,20160521,2000,7306, ,CFS
SHA,H,76,INFLOW,20160521,2100,8416, ,CFS
SHA,H,76,INFLOW,20160521,2200,12226, ,CFS
SHA,H,76,INFLOW,20160521,2300,12192, ,CFS
SHA,H,76,INFLOW,20160522,0000,6351, ,CFS
SHA,H,76,INFLOW,20160522,0100,12116, ,CFS
SHA,H,76,INFLOW,20160522,0200,4500, ,CFS
SHA,H,76,INFLOW,20160522,0300,7857, ,CFS
SHA,H,76,INFLOW,20160522,0400,4429, ,CFS
SHA,H,76,INFLOW,20160522,0500,4422, ,CFS
SHA,H,76,INFLOW,20160522,0600,7845, ,CFS
SHA,H,76,INFLOW,20160522,0700,4714, ,CFS
SHA,H,76,INFLOW,20160522,0800,4468, ,CFS
SHA,H,76,INFLOW,20160522,0900,11417, ,CFS
SHA,H,76,INFLOW,20160522,1000,5637, ,CFS
SHA,H,76,INFLOW,20160522,1100,9156, ,CFS
SHA,H,76,INFLOW,20160522,1200,9740, ,CFS
SHA,H,76,INFLOW,20160522,1300,6274, ,CFS
SHA,H,76,INFLOW,20160522,1400,14168, ,CFS
SHA,H,76,INFLOW,20160522,1500,4196, ,CFS
SHA,H,76,INFLOW,20160522,1600,7405, ,CFS
SHA,H,76,INFLOW,20160522,1700,8660, ,CFS
SHA,H,76,INFLOW,20160522,1800,7517, ,CFS
SHA,H,76,INFLOW,20160522,1900,537, ,CFS
SHA,H,76,INFLOW,20160522,2000,1437, ,CFS
SHA,H,76,INFLOW,20160522,2100,5162, ,CFS
SHA,H,76,INFLOW,20160522,2200,8785, ,CFS
SHA,H,76,INFLOW,20160522,2300,7620, ,CFS
SHA,H,76,INFLOW,20160523,0000,5994, ,CFS
SHA,H,76,INFLOW,20160523,0100,4455, ,CFS
SHA,H,76,INFLOW,20160523,0200,6945, ,CFS
SHA,H,76,INFLOW,20160523,0300,6936, ,CFS
SHA,H,76,INFLOW,20160523,0400,10359, ,CFS
SHA,H,76,INFLOW,20160523,0500,7061, ,CFS
SHA,H,76,INFLOW,20160523,0600,2276, ,CFS
SHA,H,76,INFLOW,20160523,0700,13078, ,CFS
SHA,H,76,INFLOW,20160523,0800,-89, ,CFS
SHA,H,76,INFLOW,20160523,0900,2880, ,CFS
SHA,H,76,INFLOW,20160523,1000,2742, ,CFS
SHA,H,76,INFLOW,20160523,1100,1862, ,CFS
SHA,H,76,INFLOW,20160523,1200,5437, ,CFS
SHA,H,76,INFLOW,20160523,1300,2599, ,CFS
SHA,H,76,INFLOW,20160523,1400,6744, ,CFS
SHA,H,76,INFLOW,20160523,1500,397, ,CFS
SHA,H,76,INFLOW,20160523,1600,5038, ,CFS
SHA,H,76,INFLOW,20160523,1700,6097, ,CFS
SHA,H,76,INFLOW,20160523,1800,-3222, ,CFS
SHA,H,76,INFLOW,20160523,1900,5234, ,CFS
SHA,H,76,INFLOW,20160523,2000,680, ,CFS
SHA,H,76,INFLOW,20160523,2100,5012, ,CFS
SHA,H,76,INFLOW,20160523,2200,7534, ,CFS
SHA,H,76,INFLOW,20160523,2300,5473, ,CFS
SHA,H,76,INFLOW,20160524,0000,11194, ,CFS
SHA,H,76,INFLOW,20160524,0100,-1588, ,CFS
SHA,H,76,INFLOW,20160524,0200,4170, ,CFS
SHA,H,76,INFLOW,20160524,0300,7192, ,CFS
SHA,H,76,INFLOW,20160524,0400,10580, ,CFS
SHA,H,76,INFLOW,20160524,0500,-3026, ,CFS
SHA,H,76,INFLOW,20160524,0600,7507, ,CFS
SHA,H,76,INFLOW,20160524,0700,7921, ,CFS
SHA,H,76,INFLOW,20160524,0800,-521, ,CFS
SHA,H,76,INFLOW,20160524,0900,6164, ,CFS
SHA,H,76,INFLOW,20160524,1000,3570, ,CFS
SHA,H,76,INFLOW,20160524,1100,390, ,CFS
SHA,H,76,INFLOW,20160524,1200,13298, ,CFS
SHA,H,76,INFLOW,20160524,1300,3333, ,CFS
SHA,H,76,INFLOW,20160524,1400,228, ,CFS
SHA,H,76,INFLOW,20160524,1500,10518, ,CFS
SHA,H,76,INFLOW,20160524,1600,6240, ,CFS
SHA,H,76,INFLOW,20160524,1700,3168, ,CFS
SHA,H,76,INFLOW,20160524,1800,-6481, ,CFS
SHA,H,76,INFLOW,20160524,1900,5150, ,CFS
SHA,H,76,INFLOW,20160524,2000,10906, ,CFS
SHA,H,76,INFLOW,20160524,2100,1077, ,CFS
SHA,H,76,INFLOW,20160524,2200,4322, ,CFS
SHA,H,76,INFLOW,20160524,2300,8249, ,CFS
SHA,H,76,INFLOW,20160525,0000,-1418, ,CFS
SHA,H,76,INFLOW,20160525,0100,8439, ,CFS
SHA,H,76,INFLOW,20160525,0200,-3059, ,CFS
SHA,H,76,INFLOW,20160525,0300,7127, ,CFS
SHA,H,76,INFLOW,20160525,0400,3703, ,CFS
SHA,H,76,INFLOW,20160525,0500,660, ,CFS
SHA,H,76,INFLOW,20160525,0600,934, ,CFS
SHA,H,76,INFLOW,20160525,0700,9553, ,CFS
SHA,H,76,INFLOW,20160525,0800,1758, ,CFS
SHA,H,76,INFLOW,20160525,0900,4881, ,CFS
SHA,H,76,INFLOW,20160525,1000,1714, ,CFS
SHA,H,76,INFLOW,20160525,1100,1886, ,CFS
SHA,H,76,INFLOW,20160525,1200,5779, ,CFS
SHA,H,76,INFLOW,20160525,1300,4112, ,CFS
SHA,H,76,INFLOW,20160525,1400,11199, ,CFS
SHA,H,76,INFLOW,20160525,1500,998, ,CFS
SHA,H,76,INFLOW,20160525,1600,3094, ,CFS
SHA,H,76,INFLOW,20160525,1700,13992, ,CFS
SHA,H,76,INFLOW,20160525,1800,-1357, ,CFS
SHA,H,76,INFLOW,20160525,1900,2837, ,CFS
SHA,H,76,INFLOW,20160525,2000,3327, ,CFS
SHA,H,76,INFLOW,20160525,2100,963, ,CFS
SHA,H,76,INFLOW,20160525,2200,3204, ,CFS
SHA,H,76,INFLOW,20160525,2300,3917, ,CFS
SHA,H,76,INFLOW,20160526,0000,-1482, ,CFS
SHA,H,76,INFLOW,20160526,0100,10571, ,CFS
SHA,H,76,INFLOW,20160526,0200,3538, ,CFS
SHA,H,76,INFLOW,20160526,0300,10358, ,CFS
SHA,H,76,INFLOW,20160526,0400,6930, ,CFS
SHA,H,76,INFLOW,20160526,0500,6930, ,CFS
SHA,H,76,INFLOW,20160526,0600,7082, ,CFS
SHA,H,76,INFLOW,20160526,0700,6254, ,CFS
SHA,H,76,INFLOW,20160526,0800,-798, ,CFS
SHA,H,76,INFLOW,20160526,0900,5793, ,CFS
SHA,H,76,INFLOW,20160526,1000,1897, ,CFS
SHA,H,76,INFLOW,20160526,1100,-1264, ,CFS
SHA,H,76,INFLOW,20160526,1200,6244, ,CFS
SHA,H,76,INFLOW,20160526,1300,4463, ,CFS
SHA,H,76,INFLOW,20160526,1400,6933, ,CFS
SHA,H,76,INFLOW,20160526,1500,7769, ,CFS
SHA,H,76,INFLOW,20160526,1600,5161, ,CFS
SHA,H,76,INFLOW,20160526,1700,2927, ,CFS
SHA,H,76,INFLOW,20160526,1800,2867, ,CFS
SHA,H,76,INFLOW,20160526,1900,1734, ,CFS
SHA,H,76,INFLOW,20160526,2000,3091, ,CFS
SHA,H,76,INFLOW,20160526,2100,5705, ,CFS
SHA,H,76,INFLOW,20160526,2200,5197, ,CFS
SHA,H,76,INFLOW,20160526,2300,4058, ,CFS
SHA,H,76,INFLOW,20160527,0000,3979, ,CFS
SHA,H,76,INFLOW,20160527,0100,238, ,CFS
SHA,H,76,INFLOW,20160527,0200,7080, ,CFS
SHA,H,76,INFLOW,20160527,0300,3656, ,CFS
SHA,H,76,INFLOW,20160527,0400,233, ,CFS
SHA,H,76,INFLOW,20160527,0500,10593, ,CFS
SHA,H,76,INFLOW,20160527,0600,9001, ,CFS
SHA,H,76,INFLOW,20160527,0700,4462, ,CFS
SHA,H,76,INFLOW,20160527,0800,8324, ,CFS
SHA,H,76,INFLOW,20160527,0900,-1649, ,CFS
SHA,H,76,INFLOW,20160527,1000,4425, ,CFS
SHA,H,76,INFLOW,20160527,1100,5044, ,CFS
SHA,H,76,INFLOW,20160527,1200,5122, ,CFS
SHA,H,76,INFLOW,20160527,1300,8730, ,CFS
SHA,H,76,INFLOW,20160527,1400,6425, ,CFS
SHA,H,76,INFLOW,20160527,1500,10628, ,CFS
SHA,H,76,INFLOW,20160527,1600,9971, ,CFS
SHA,H,76,INFLOW,20160527,1700,2685, ,CFS
SHA,H,76,INFLOW,20160527,1800,8641, ,CFS
SHA,H,76,INFLOW,20160527,1900,-344, ,CFS
SHA,H,76,INFLOW,20160527,2000,6864, ,CFS
SHA,H,76,INFLOW,20160527,2100,1019, ,CFS
SHA,H,76,INFLOW,20160527,2200,4625, ,CFS
SHA,H,76,INFLOW,20160527,2300,-1629, ,CFS
SHA,H,76,INFLOW,20160528,0000,4399, ,CFS
SHA,H,76,INFLOW,20160528,0100,3839, ,CFS
SHA,H,76,INFLOW,20160528,0200,7088, ,CFS
SHA,H,76,INFLOW,20160528,0300,10511, ,CFS
SHA,H,76,INFLOW,20160528,0400,7088, ,CFS
SHA,H,76,INFLOW,20160528,0500,7088, ,CFS
SHA,H,76,INFLOW,20160528,0600,7243, ,CFS
SHA,H,76,INFLOW,20160528,0700,3438, ,CFS
SHA,H,76,INFLOW,20160528,0800,-335, ,CFS
SHA,H,76,INFLOW,20160528,0900,2614, ,CFS
SHA,H,76,INFLOW,20160528,1000,6619, ,CFS
SHA,H,76,INFLOW,20160528,1100,-184, ,CFS
SHA,H,76,INFLOW,20160528,1200,3673, ,CFS
SHA,H,76,INFLOW,20160528,1300,4733, ,CFS
SHA,H,76,INFLOW,20160528,1400,3230, ,CFS
SHA,H,76,INFLOW,20160528,1500,-275, ,CFS
SHA,H,76,INFLOW,20160528,1600,8707, ,CFS
SHA,H,76,INFLOW,20160528,1700,5303, ,CFS
SHA,H,76,INFLOW,20160528,1800,1967, ,CFS
SHA,H,76,INFLOW,20160528,1900,4789, ,CFS
SHA,H,76,INFLOW,20160528,2000,2293, ,CFS
SHA,H,76,INFLOW,20160528,2100,8457, ,CFS
SHA,H,76,INFLOW,20160528,2200,416, ,CFS
SHA,H,76,INFLOW,20160528,2300,3112, ,CFS
SHA,H,76,INFLOW,20160529,0000,4190, ,CFS
SHA,H,76,INFLOW,20160529,0100,3444, ,CFS
SHA,H,76,INFLOW,20160529,0200,3050, ,CFS
SHA,H,76,INFLOW,20160529,0300,7407, ,CFS
SHA,H,76,INFLOW,20160529,0400,10577, ,CFS
SHA,H,76,INFLOW,20160529,0500,3723, ,CFS
SHA,H,76,INFLOW,20160529,0600,7270, ,CFS
SHA,H,76,INFLOW,20160529,0700,5249, ,CFS
SHA,H,76,INFLOW,20160529,0800,1890, ,CFS
SHA,H,76,INFLOW,20160529,0900,2297, ,CFS
SHA,H,76,INFLOW,20160529,1000,3520, ,CFS
SHA,H,76,INFLOW,20160529,1100,7259, ,CFS
SHA,H,76,INFLOW,20160529,1200,6651, ,CFS
SHA,H,76,INFLOW,20160529,1300,7791, ,CFS
SHA,H,76,INFLOW,20160529,1400,3803, ,CFS
SHA,H,76,INFLOW,20160529,1500,2755, ,CFS
SHA,H,76,INFLOW,20160529,1600,6101, ,CFS
SHA,H,76,INFLOW,20160529,1700,2402, ,CFS
SHA,H,76,INFLOW,20160529,1800,1863, ,CFS
SHA,H,76,INFLOW,20160529,1900,1983, ,CFS
SHA,H,76,INFLOW,20160529,2000,4458, ,CFS
SHA,H,76,INFLOW,20160529,2100,1789, ,CFS
SHA,H,76,INFLOW,20160529,2200,3988, ,CFS
SHA,H,76,INFLOW,20160529,2300,2243, ,CFS
SHA,H,76,INFLOW,20160530,0000,5998, ,CFS
SHA,H,76,INFLOW,20160530,0100,7787, ,CFS
SHA,H,76,INFLOW,20160530,0200,-2891, ,CFS
SHA,H,76,INFLOW,20160530,0300,10502, ,CFS
SHA,H,76,INFLOW,20160530,0400,3687, ,CFS
SHA,H,76,INFLOW,20160530,0500,10535, ,CFS
SHA,H,76,INFLOW,20160530,0600,3792, ,CFS
SHA,H,76,INFLOW,20160530,0700,1746, ,CFS
SHA,H,76,INFLOW,20160530,0800,5561, ,CFS
SHA,H,76,INFLOW,20160530,0900,1361, ,CFS
SHA,H,76,INFLOW,20160530,1000,11752, ,CFS
SHA,H,76,INFLOW,20160530,1100,5031, ,CFS
SHA,H,76,INFLOW,20160530,1200,5714, ,CFS
SHA,H,76,INFLOW,20160530,1300,-412, ,CFS
SHA,H,76,INFLOW,20160530,1400,10835, ,CFS
SHA,H,76,INFLOW,20160530,1500,-89, ,CFS
SHA,H,76,INFLOW,20160530,1600,1572, ,CFS
SHA,H,76,INFLOW,20160530,1700,8839, ,CFS
SHA,H,76,INFLOW,20160530,1800,1001, ,CFS
SHA,H,76,INFLOW,20160530,1900,1078, ,CFS
SHA,H,76,INFLOW,20160530,2000,5271, ,CFS
SHA,H,76,INFLOW,20160530,2100,5105, ,CFS
SHA,H,76,INFLOW,20160530,2200,12453, ,CFS
SHA,H,76,INFLOW,20160530,2300,5974, ,CFS
SHA,H,76,INFLOW,20160531,0000,-1018, ,CFS
SHA,H,76,INFLOW,20160531,0100,3815, ,CFS
SHA,H,76,INFLOW,20160531,0200,299, ,CFS
SHA,H,76,INFLOW,20160531,0300,3706, ,CFS
SHA,H,76,INFLOW,20160531,0400,3707, ,CFS
SHA,H,76,INFLOW,20160531,0500,305, ,CFS
SHA,H,76,INFLOW,20160531,0600,4042, ,CFS
SHA,H,76,INFLOW,20160531,0700,3482, ,CFS
SHA,H,76,INFLOW,20160531,0800,3504, ,CFS
SHA,H,76,INFLOW,20160531,0900,5382, ,CFS
SHA,H,76,INFLOW,20160531,1000,2890, ,CFS
SHA,H,76,INFLOW,20160531,1100,53, ,CFS
SHA,H,76,INFLOW,20160531,1200,2535, ,CFS
SHA,H,76,INFLOW,20160531,1300,2013, ,CFS
SHA,H,76,INFLOW,20160531,1400,3662, ,CFS
SHA,H,76,INFLOW,20160531,1500,11415, ,CFS
SHA,H,76,INFLOW,20160531,1600,7220, ,CFS
SHA,H,76,INFLOW,20160531,1700,6798, ,CFS
SHA,H,76,INFLOW,20160531,1800,921, ,CFS
SHA,H,76,INFLOW,20160531,1900,80, ,CFS
SHA,H,76,INFLOW,20160531,2000,10213, ,CFS
SHA,H,76,INFLOW,20160531,2100,6141, ,CFS
SHA,H,76,INFLOW,20160531,2200,3572, ,CFS
SHA,H,76,INFLOW,20160531,2300,12222, ,CFS
SHA,H,76,INFLOW,20160601,0000,-45, ,CFS
SHA,H,76,INFLOW,20160601,0100,4849, ,CFS
SHA,H,76,INFLOW,20160601,0200,3840, ,CFS
SHA,H,76,INFLOW,20160601,0300,365, ,CFS
SHA,H,76,INFLOW,20160601,0400,3772, ,CFS
SHA,H,76,INFLOW,20160601,0500,3778, ,CFS
SHA,H,76,INFLOW,20160601,0600,552, ,CFS
SHA,H,76,INFLOW,20160601,0700,3999, ,CFS
SHA,H,76,INFLOW,20160601,0800,8965, ,CFS
SHA,H,76,INFLOW,20160601,0900,5698, ,CFS
SHA,H,76,INFLOW,20160601,1000,887, ,CFS
SHA,H,76,INFLOW,20160601,1100,3785, ,CFS
SHA,H,76,INFLOW,20160601,1200,5115, ,CFS
SHA,H,76,INFLOW,20160601,1300,5500, ,CFS
SHA,H,76,INFLOW,20160601,1400,2928, ,CFS
SHA,H,76,INFLOW,20160601,1500,3102, ,CFS
SHA,H,76,INFLOW,20160601,1600,3950, ,CFS
SHA,H,76,INFLOW,20160601,1700,7132, ,CFS
SHA,H,76,INFLOW,20160601,1800,4543, ,CFS
SHA,H,76,INFLOW,20160601,1900,962, ,CFS
SHA,H,76,INFLOW,20160601,2000,7923, ,CFS
SHA,H,76,INFLOW,20160601,2100,4164, ,CFS
SHA,H,76,INFLOW,20160601,2200,9073, ,CFS
SHA,H,76,INFLOW,20160601,2300,6089, ,CFS
SHA,H,76,INFLOW,20160602,0000,-6173, ,CFS
SHA,H,76,INFLOW,20160602,0100,7328, ,CFS
SHA,H,76,INFLOW,20160602,0200,331, ,CFS
SHA,H,76,INFLOW,20160602,0300,330, ,CFS
SHA,H,76,INFLOW,20160602,0400,3736, ,CFS
SHA,H,76,INFLOW,20160602,0500,335, ,CFS
SHA,H,76,INFLOW,20160602,0600,4126, ,CFS
SHA,H,76,INFLOW,20160602,0700,9127, ,CFS
SHA,H,76,INFLOW,20160602,0800,6052, ,CFS
SHA,H,76,INFLOW,20160602,0900,6811, ,CFS
SHA,H,76,INFLOW,20160602,1000,3317, ,CFS
SHA,H,76,INFLOW,20160602,1100,4553, ,CFS
SHA,H,76,INFLOW,20160602,1200,9420, ,CFS
SHA,H,76,INFLOW,20160602,1300,-590, ,CFS
SHA,H,76,INFLOW,20160602,1400,10878, ,CFS
SHA,H,76,INFLOW,20160602,1500,2528, ,CFS
SHA,H,76,INFLOW,20160602,1600,-425, ,CFS
SHA,H,76,INFLOW,20160602,1700,5344, ,CFS
SHA,H,76,INFLOW,20160602,1800,1724, ,CFS
SHA,H,76,INFLOW,20160602,1900,288, ,CFS
SHA,H,76,INFLOW,20160602,2000,7002, ,CFS
SHA,H,76,INFLOW,20160602,2100,2477, ,CFS
SHA,H,76,INFLOW,20160602,2200,1833, ,CFS
SHA,H,76,INFLOW,20160602,2300,4098, ,CFS
SHA,H,76,INFLOW,20160603,0000,8592, ,CFS
SHA,H,76,INFLOW,20160603,0100,385, ,CFS
SHA,H,76,INFLOW,20160603,0200,367, ,CFS
SHA,H,76,INFLOW,20160603,0300,3705, ,CFS
SHA,H,76,INFLOW,20160603,0400,3748, ,CFS
SHA,H,76,INFLOW,20160603,0500,-2150, ,CFS
SHA,H,76,INFLOW,20160603,0600,8093, ,CFS
SHA,H,76,INFLOW,20160603,0700,-2157, ,CFS
SHA,H,76,INFLOW,20160603,0800,7979, ,CFS
SHA,H,76,INFLOW,20160603,0900,-2139, ,CFS
SHA,H,76,INFLOW,20160603,1000,2548, ,CFS
SHA,H,76,INFLOW,20160603,1100,3279, ,CFS
SHA,H,76,INFLOW,20160603,1200,-970, ,CFS
SHA,H,76,INFLOW,20160603,1300,10788, ,CFS
SHA,H,76,INFLOW,20160603,1400,9649, ,CFS
SHA,H,76,INFLOW,20160603,1500,6372, ,CFS
SHA,H,76,INFLOW,20160603,1600,6292, ,CFS
SHA,H,76,INFLOW,20160603,1700,6088, ,CFS
SHA,H,76,INFLOW,20160603,1800,2601, ,CFS
SHA,H,76,INFLOW,20160603,1900,1857, ,CFS
SHA,H,76,INFLOW,20160603,2000,4852, ,CFS
SHA,H,76,INFLOW,20160603,2100,1502, ,CFS
SHA,H,76,INFLOW,20160603,2200,8041, ,CFS
SHA,H,76,INFLOW,20160603,2300,4472, ,CFS
SHA,H,76,INFLOW,20160604,0000,4533, ,CFS
SHA,H,76,INFLOW,20160604,0100,10518, ,CFS
SHA,H,76,INFLOW,20160604,0200,-3062, ,CFS
SHA,H,76,INFLOW,20160604,0300,3728, ,CFS
SHA,H,76,INFLOW,20160604,0400,3728, ,CFS
SHA,H,76,INFLOW,20160604,0500,-3085, ,CFS
SHA,H,76,INFLOW,20160604,0600,3903, ,CFS
SHA,H,76,INFLOW,20160604,0700,5610, ,CFS
SHA,H,76,INFLOW,20160604,0800,-989, ,CFS
SHA,H,76,INFLOW,20160604,0900,5576, ,CFS
SHA,H,76,INFLOW,20160604,1000,-1248, ,CFS
SHA,H,76,INFLOW,20160604,1100,2944, ,CFS
SHA,H,76,INFLOW,20160604,1200,8599, ,CFS
SHA,H,76,INFLOW,20160604,1300,890, ,CFS
SHA,H,76,INFLOW,20160604,1400,5828, ,CFS
SHA,H,76,INFLOW,20160604,1500,6165, ,CFS
SHA,H,76,INFLOW,20160604,1600,2991, ,CFS
SHA,H,76,INFLOW,20160604,1700,6394, ,CFS
SHA,H,76,INFLOW,20160604,1800,6619, ,CFS
SHA,H,76,INFLOW,20160604,1900,2937, ,CFS
SHA,H,76,INFLOW,20160604,2000,2720, ,CFS
SHA,H,76,INFLOW,20160604,2100,6005, ,CFS
SHA,H,76,INFLOW,20160604,2200,2680, ,CFS
SHA,H,76,INFLOW,20160604,2300,-3704, ,CFS
SHA,H,76,INFLOW,20160605,0000,7863, ,CFS
SHA,H,76,INFLOW,20160605,0100,2279, ,CFS
SHA,H,76,INFLOW,20160605,0200,-4943, ,CFS
SHA,H,76,INFLOW,20160605,0300,11776, ,CFS
SHA,H,76,INFLOW,20160605,0400,-8253, ,CFS
SHA,H,76,INFLOW,20160605,0500,15530, ,CFS
SHA,H,76,INFLOW,20160605,0600,8918, ,CFS
SHA,H,76,INFLOW,20160605,0700,-12592, ,CFS
SHA,H,76,INFLOW,20160605,0800,11409, ,CFS
SHA,H,76,INFLOW,20160605,0900,-15597, ,CFS
SHA,H,76,INFLOW,20160605,1000,11633, ,CFS
SHA,H,76,INFLOW,20160605,1100,-8458, ,CFS
SHA,H,76,INFLOW,20160605,1200,1663, ,CFS
SHA,H,76,INFLOW,20160605,1300,5440, ,CFS
SHA,H,76,INFLOW,20160605,1400,1062, ,CFS
SHA,H,76,INFLOW,20160605,1500,2114, ,CFS
SHA,H,76,INFLOW,20160605,1600,-464, ,CFS
SHA,H,76,INFLOW,20160605,1700,6371, ,CFS
SHA,H,76,INFLOW,20160605,1800,2478, ,CFS
SHA,H,76,INFLOW,20160605,1900,11730, ,CFS
SHA,H,76,INFLOW,20160605,2000,6326, ,CFS
SHA,H,76,INFLOW,20160605,2100,9520, ,CFS
SHA,H,76,INFLOW,20160605,2200,-349, ,CFS
SHA,H,76,INFLOW,20160605,2300,4731, ,CFS
SHA,H,76,INFLOW,20160606,0000,-1518, ,CFS
SHA,H,76,INFLOW,20160606,0100,8051, ,CFS
SHA,H,76,INFLOW,20160606,0200,-5528, ,CFS
SHA,H,76,INFLOW,20160606,0300,4635, ,CFS
SHA,H,76,INFLOW,20160606,0400,8132, ,CFS
SHA,H,76,INFLOW,20160606,0500,-2080, ,CFS
SHA,H,76,INFLOW,20160606,0600,1755, ,CFS
SHA,H,76,INFLOW,20160606,0700,4507, ,CFS
SHA,H,76,INFLOW,20160606,0800,4879, ,CFS
SHA,H,76,INFLOW,20160606,0900,4961, ,CFS
SHA,H,76,INFLOW,20160606,1000,2070, ,CFS
SHA,H,76,INFLOW,20160606,1100,5499, ,CFS
SHA,H,76,INFLOW,20160606,1200,8968, ,CFS
SHA,H,76,INFLOW,20160606,1300,4547, ,CFS
SHA,H,76,INFLOW,20160606,1400,8758, ,CFS
SHA,H,76,INFLOW,20160606,1500,8011, ,CFS
SHA,H,76,INFLOW,20160606,1600,-4679, ,CFS
SHA,H,76,INFLOW,20160606,1700,11227, ,CFS
SHA,H,76,INFLOW,20160606,1800,8750, ,CFS
SHA,H,76,INFLOW,20160606,1900,8356, ,CFS
SHA,H,76,INFLOW,20160606,2000,6841, ,CFS
SHA,H,76,INFLOW,20160606,2100,1769, ,CFS
SHA,H,76,INFLOW,20160606,2200,4639, ,CFS
SHA,H,76,INFLOW,20160606,2300,-180, ,CFS
SHA,H,76,INFLOW,20160607,0000,2137, ,CFS
SHA,H,76,INFLOW,20160607,0100,4726, ,CFS
SHA,H,76,INFLOW,20160607,0200,1355, ,CFS
SHA,H,76,INFLOW,20160607,0300,1282, ,CFS
SHA,H,76,INFLOW,20160607,0400,4693, ,CFS
SHA,H,76,INFLOW,20160607,0500,1315, ,CFS
SHA,H,76,INFLOW,20160607,0600,-1704, ,CFS
SHA,H,76,INFLOW,20160607,0700,5483, ,CFS
SHA,H,76,INFLOW,20160607,0800,7998, ,CFS
SHA,H,76,INFLOW,20160607,0900,346, ,CFS
SHA,H,76,INFLOW,20160607,1000,843, ,CFS
SHA,H,76,INFLOW,20160607,1100,7978, ,CFS
SHA,H,76,INFLOW,20160607,1200,5140, ,CFS
SHA,H,76,INFLOW,20160607,1300,4847, ,CFS
SHA,H,76,INFLOW,20160607,1400,3502, ,CFS
SHA,H,76,INFLOW,20160607,1500,3854, ,CFS
SHA,H,76,INFLOW,20160607,1600,1299, ,CFS
SHA,H,76,INFLOW,20160607,1700,2827, ,CFS
SHA,H,76,INFLOW,20160607,1800,2574, ,CFS
SHA,H,76,INFLOW,20160607,1900,13051, ,CFS
SHA,H,76,INFLOW,20160607,2000,3730, ,CFS
SHA,H,76,INFLOW,20160607,2100,7986, ,CFS
SHA,H,76,INFLOW,20160607,2200,664, ,CFS
SHA,H,76,INFLOW,20160607,2300,905, ,CFS
SHA,H,76,INFLOW,20160608,0000,2361, ,CFS
SHA,H,76,INFLOW,20160608,0100,2079, ,CFS
SHA,H,76,INFLOW,20160608,0200,5210, ,CFS
SHA,H,76,INFLOW,20160608,0300,1960, ,CFS
SHA,H,76,INFLOW,20160608,0400,1837, ,CFS
SHA,H,76,INFLOW,20160608,0500,2258, ,CFS
SHA,H,76,INFLOW,20160608,0600,2649, ,CFS
SHA,H,76,INFLOW,20160608,0700,3420, ,CFS
SHA,H,76,INFLOW,20160608,0800,-6392, ,CFS
SHA,H,76,INFLOW,20160608,0900,6818, ,CFS
SHA,H,76,INFLOW,20160608,1000,4029, ,CFS
SHA,H,76,INFLOW,20160608,1100,889, ,CFS
SHA,H,76,INFLOW,20160608,1200,2147, ,CFS
SHA,H,76,INFLOW,20160608,1300,1868, ,CFS
SHA,H,76,INFLOW,20160608,1400,8351, ,CFS
SHA,H,76,INFLOW,20160608,1500,7366, ,CFS
SHA,H,76,INFLOW,20160608,1600,3892, ,CFS
SHA,H,76,INFLOW,20160608,1700,4398, ,CFS
SHA,H,76,INFLOW,20160608,1800,-882, ,CFS
SHA,H,76,INFLOW,20160608,1900,9641, ,CFS
SHA,H,76,INFLOW,20160608,2000,7915, ,CFS
SHA,H,76,INFLOW,20160608,2100,5792, ,CFS
SHA,H,76,INFLOW,20160608,2200,6096, ,CFS
SHA,H,76,INFLOW,20160608,2300,5158, ,CFS
SHA,H,76,INFLOW,20160609,0000,5479, ,CFS
SHA,H,76,INFLOW,20160609,0100,94, ,CFS
SHA,H,76,INFLOW,20160609,0200,3599, ,CFS
SHA,H,76,INFLOW,20160609,0300,3625, ,CFS
SHA,H,76,INFLOW,20160609,0400,134, ,CFS
SHA,H,76,INFLOW,20160609,0500,3246, ,CFS
SHA,H,76,INFLOW,20160609,0600,-2955, ,CFS
SHA,H,76,INFLOW,20160609,0700,13774, ,CFS
SHA,H,76,INFLOW,20160609,0800,-3105, ,CFS
SHA,H,76,INFLOW,20160609,0900,-2682, ,CFS
SHA,H,76,INFLOW,20160609,1000,8276, ,CFS
SHA,H,76,INFLOW,20160609,1100,8812, ,CFS
SHA,H,76,INFLOW,20160609,1200,5291, ,CFS
SHA,H,76,INFLOW,20160609,1300,9525, ,CFS
SHA,H,76,INFLOW,20160609,1400,2774, ,CFS
SHA,H,76,INFLOW,20160609,1500,5621, ,CFS
SHA,H,76,INFLOW,20160609,1600,5492, ,CFS
SHA,H,76,INFLOW,20160609,1700,4696, ,CFS
SHA,H,76,INFLOW,20160609,1800,4682, ,CFS
SHA,H,76,INFLOW,20160609,1900,1321, ,CFS
SHA,H,76,INFLOW,20160609,2000,7997, ,CFS
SHA,H,76,INFLOW,20160609,2100,2817, ,CFS
SHA,H,76,INFLOW,20160609,2200,5033, ,CFS
SHA,H,76,INFLOW,20160609,2300,1385, ,CFS
SHA,H,76,INFLOW,20160610,0000,4907, ,CFS
SHA,H,76,INFLOW,20160610,0100,3116, ,CFS
SHA,H,76,INFLOW,20160610,0200,1912, ,CFS
SHA,H,76,INFLOW,20160610,0300,1935, ,CFS
SHA,H,76,INFLOW,20160610,0400,5301, ,CFS
SHA,H,76,INFLOW,20160610,0500,1926, ,CFS
SHA,H,76,INFLOW,20160610,0600,1854, ,CFS
SHA,H,76,INFLOW,20160610,0700,1910, ,CFS
SHA,H,76,INFLOW,20160610,0800,10494, ,CFS
SHA,H,76,INFLOW,20160610,0900,4079, ,CFS
SHA,H,76,INFLOW,20160610,1000,1591, ,CFS
SHA,H,76,INFLOW,20160610,1100,2355, ,CFS
SHA,H,76,INFLOW,20160610,1200,12528, ,CFS
SHA,H,76,INFLOW,20160610,1300,5960, ,CFS
SHA,H,76,INFLOW,20160610,1400,-492, ,CFS
SHA,H,76,INFLOW,20160610,1500,7540, ,CFS
SHA,H,76,INFLOW,20160610,1600,-799, ,CFS
SHA,H,76,INFLOW,20160610,1700,8779, ,CFS
SHA,H,76,INFLOW,20160610,1800,3762, ,CFS
SHA,H,76,INFLOW,20160610,1900,-2585, ,CFS
SHA,H,76,INFLOW,20160610,2000,14776, ,CFS
SHA,H,76,INFLOW,20160610,2100,2268, ,CFS
SHA,H,76,INFLOW,20160610,2200,13168, ,CFS
SHA,H,76,INFLOW,20160610,2300,3605, ,CFS
SHA,H,76,INFLOW,20160611,0000,-809, ,CFS
SHA,H,76,INFLOW,20160611,0100,2576, ,CFS
SHA,H,76,INFLOW,20160611,0200,2141, ,CFS
SHA,H,76,INFLOW,20160611,0300,2099, ,CFS
SHA,H,76,INFLOW,20160611,0400,5583, ,CFS
SHA,H,76,INFLOW,20160611,0500,5618, ,CFS
SHA,H,76,INFLOW,20160611,0600,-953, ,CFS
SHA,H,76,INFLOW,20160611,0700,3101, ,CFS
SHA,H,76,INFLOW,20160611,0800,198, ,CFS
SHA,H,76,INFLOW,20160611,0900,-2986, ,CFS
SHA,H,76,INFLOW,20160611,1000,1819, ,CFS
SHA,H,76,INFLOW,20160611,1100,2021, ,CFS
SHA,H,76,INFLOW,20160611,1200,2014, ,CFS
SHA,H,76,INFLOW,20160611,1300,-4981, ,CFS
SHA,H,76,INFLOW,20160611,1400,2046, ,CFS
SHA,H,76,INFLOW,20160611,1500,-23, ,CFS
SHA,H,76,INFLOW,20160611,1600,5080, ,CFS
SHA,H,76,INFLOW,20160611,1700,2044, ,CFS
SHA,H,76,INFLOW,20160611,1800,2031, ,CFS
SHA,H,76,INFLOW,20160611,1900,1147, ,CFS
SHA,H,76,INFLOW,20160611,2000,6259, ,CFS
SHA,H,76,INFLOW,20160611,2100,73, ,CFS
SHA,H,76,INFLOW,20160611,2200,6587, ,CFS
SHA,H,76,INFLOW,20160611,2300,6677, ,CFS
SHA,H,76,INFLOW,20160612,0000,2395, ,CFS
SHA,H,76,INFLOW,20160612,0100,2027, ,CFS
SHA,H,76,INFLOW,20160612,0200,1997, ,CFS
SHA,H,76,INFLOW,20160612,0300,1988, ,CFS
SHA,H,76,INFLOW,20160612,0400,5348, ,CFS
SHA,H,76,INFLOW,20160612,0500,1988, ,CFS
SHA,H,76,INFLOW,20160612,0600,5718, ,CFS
SHA,H,76,INFLOW,20160612,0700,9878, ,CFS
SHA,H,76,INFLOW,20160612,0800,-582, ,CFS
SHA,H,76,INFLOW,20160612,0900,2645, ,CFS
SHA,H,76,INFLOW,20160612,1000,-683, ,CFS
SHA,H,76,INFLOW,20160612,1100,-3611, ,CFS
SHA,H,76,INFLOW,20160612,1200,3161, ,CFS
SHA,H,76,INFLOW,20160612,1300,-3102, ,CFS
SHA,H,76,INFLOW,20160612,1400,829, ,CFS
SHA,H,76,INFLOW,20160612,1500,5121, ,CFS
SHA,H,76,INFLOW,20160612,1600,-1445, ,CFS
SHA,H,76,INFLOW,20160612,1700,2424, ,CFS
SHA,H,76,INFLOW,20160612,1800,2692, ,CFS
SHA,H,76,INFLOW,20160612,1900,-535, ,CFS
SHA,H,76,INFLOW,20160612,2000,2909, ,CFS
SHA,H,76,INFLOW,20160612,2100,4993, ,CFS
SHA,H,76,INFLOW,20160612,2200,6297, ,CFS
SHA,H,76,INFLOW,20160612,2300,-2367, ,CFS
SHA,H,76,INFLOW,20160613,0000,2064, ,CFS
SHA,H,76,INFLOW,20160613,0100,1973, ,CFS
SHA,H,76,INFLOW,20160613,0200,1879, ,CFS
SHA,H,76,INFLOW,20160613,0300,1836, ,CFS
SHA,H,76,INFLOW,20160613,0400,5209, ,CFS
SHA,H,76,INFLOW,20160613,0500,-1503, ,CFS
SHA,H,76,INFLOW,20160613,0600,5686, ,CFS
SHA,H,76,INFLOW,20160613,0700,3236, ,CFS
SHA,H,76,INFLOW,20160613,0800,6807, ,CFS
SHA,H,76,INFLOW,20160613,0900,7041, ,CFS
SHA,H,76,INFLOW,20160613,1000,7380, ,CFS
SHA,H,76,INFLOW,20160613,1100,7867, ,CFS
SHA,H,76,INFLOW,20160613,1200,5310, ,CFS
SHA,H,76,INFLOW,20160613,1300,2019, ,CFS
SHA,H,76,INFLOW,20160613,1400,2720, ,CFS
SHA,H,76,INFLOW,20160613,1500,2938, ,CFS
SHA,H,76,INFLOW,20160613,1600,-1051, ,CFS
SHA,H,76,INFLOW,20160613,1700,9172, ,CFS
SHA,H,76,INFLOW,20160613,1800,2552, ,CFS
SHA,H,76,INFLOW,20160613,1900,-1833, ,CFS
SHA,H,76,INFLOW,20160613,2000,4730, ,CFS
SHA,H,76,INFLOW,20160613,2100,3862, ,CFS
SHA,H,76,INFLOW,20160613,2200,7260, ,CFS
SHA,H,76,INFLOW,20160613,2300,3845, ,CFS
SHA,H,76,INFLOW,20160614,0000,5235, ,CFS
SHA,H,76,INFLOW,20160614,0100,2022, ,CFS
SHA,H,76,INFLOW,20160614,0200,5310, ,CFS
SHA,H,76,INFLOW,20160614,0300,5526, ,CFS
SHA,H,76,INFLOW,20160614,0400,-1254, ,CFS
SHA,H,76,INFLOW,20160614,0500,2122, ,CFS
SHA,H,76,INFLOW,20160614,0600,2517, ,CFS
SHA,H,76,INFLOW,20160614,0700,2885, ,CFS
SHA,H,76,INFLOW,20160614,0800,9652, ,CFS
SHA,H,76,INFLOW,20160614,0900,-3176, ,CFS
SHA,H,76,INFLOW,20160614,1000,4149, ,CFS
SHA,H,76,INFLOW,20160614,1100,1871, ,CFS
SHA,H,76,INFLOW,20160614,1200,2177, ,CFS
SHA,H,76,INFLOW,20160614,1300,2495, ,CFS
SHA,H,76,INFLOW,20160614,1400,3394, ,CFS
SHA,H,76,INFLOW,20160614,1500,-1376, ,CFS
SHA,H,76,INFLOW,20160614,1600,5259, ,CFS
SHA,H,76,INFLOW,20160614,1700,2764, ,CFS
SHA,H,76,INFLOW,20160614,1800,-2497, ,CFS
SHA,H,76,INFLOW,20160614,1900,6368, ,CFS
SHA,H,76,INFLOW,20160614,2000,10580, ,CFS
SHA,H,76,INFLOW,20160614,2100,8132, ,CFS
SHA,H,76,INFLOW,20160614,2200,6030, ,CFS
SHA,H,76,INFLOW,20160614,2300,12852, ,CFS
SHA,H,76,INFLOW,20160615,0000,-4922, ,CFS
SHA,H,76,INFLOW,20160615,0100,6219, ,CFS
SHA,H,76,INFLOW,20160615,0200,2031, ,CFS
SHA,H,76,INFLOW,20160615,0300,4689, ,CFS
SHA,H,76,INFLOW,20160615,0400,-1944, ,CFS
SHA,H,76,INFLOW,20160615,0500,5004, ,CFS
SHA,H,76,INFLOW,20160615,0600,5687, ,CFS
SHA,H,76,INFLOW,20160615,0700,3130, ,CFS
SHA,H,76,INFLOW,20160615,0800,6856, ,CFS
SHA,H,76,INFLOW,20160615,0900,3323, ,CFS
SHA,H,76,INFLOW,20160615,1000,4648, ,CFS
SHA,H,76,INFLOW,20160615,1100,7846, ,CFS
SHA,H,76,INFLOW,20160615,1200,1124, ,CFS
SHA,H,76,INFLOW,20160615,1300,5664, ,CFS
SHA,H,76,INFLOW,20160615,1400,-2324, ,CFS
SHA,H,76,INFLOW,20160615,1500,2531, ,CFS
SHA,H,76,INFLOW,20160615,1600,2113, ,CFS
SHA,H,76,INFLOW,20160615,1700,-108, ,CFS
SHA,H,76,INFLOW,20160615,1800,-1064, ,CFS
SHA,H,76,INFLOW,20160615,1900,6229, ,CFS
SHA,H,76,INFLOW,20160615,2000,5536, ,CFS
SHA,H,76,INFLOW,20160615,2100,11418, ,CFS
SHA,H,76,INFLOW,20160615,2200,7279, ,CFS
SHA,H,76,INFLOW,20160615,2300,3412, ,CFS
SHA,H,76,INFLOW,20160616,0000,8491, ,CFS
SHA,H,76,INFLOW,20160616,0100,-2337, ,CFS
SHA,H,76,INFLOW,20160616,0200,4125, ,CFS
SHA,H,76,INFLOW,20160616,0300,7511, ,CFS
SHA,H,76,INFLOW,20160616,0400,1253, ,CFS
SHA,H,76,INFLOW,20160616,0500,1465, ,CFS
SHA,H,76,INFLOW,20160616,0600,1845, ,CFS
SHA,H,76,INFLOW,20160616,0700,5960, ,CFS
SHA,H,76,INFLOW,20160616,0800,3033, ,CFS
SHA,H,76,INFLOW,20160616,0900,4053, ,CFS
SHA,H,76,INFLOW,20160616,1000,10919, ,CFS
SHA,H,76,INFLOW,20160616,1100,-1548, ,CFS
SHA,H,76,INFLOW,20160616,1200,8541, ,CFS
SHA,H,76,INFLOW,20160616,1300,8867, ,CFS
SHA,H,76,INFLOW,20160616,1400,-706, ,CFS
SHA,H,76,INFLOW,20160616,1500,3095, ,CFS
SHA,H,76,INFLOW,20160616,1600,2653, ,CFS
SHA,H,76,INFLOW,20160616,1700,415, ,CFS
SHA,H,76,INFLOW,20160616,1800,6244, ,CFS
SHA,H,76,INFLOW,20160616,1900,-481, ,CFS
SHA,H,76,INFLOW,20160616,2000,11204, ,CFS
SHA,H,76,INFLOW,20160616,2100,3440, ,CFS
SHA,H,76,INFLOW,20160616,2200,11907, ,CFS
SHA,H,76,INFLOW,20160616,2300,8169, ,CFS
SHA,H,76,INFLOW,20160617,0000,7391, ,CFS
SHA,H,76,INFLOW,20160617,0100,875, ,CFS
SHA,H,76,INFLOW,20160617,0200,4339, ,CFS
SHA,H,76,INFLOW,20160617,0300,1057, ,CFS
SHA,H,76,INFLOW,20160617,0400,988, ,CFS
SHA,H,76,INFLOW,20160617,0500,4566, ,CFS
SHA,H,76,INFLOW,20160617,0600,1572, ,CFS
SHA,H,76,INFLOW,20160617,0700,6256, ,CFS
SHA,H,76,INFLOW,20160617,0800,10425, ,CFS
SHA,H,76,INFLOW,20160617,0900,-2961, ,CFS
SHA,H,76,INFLOW,20160617,1000,3595, ,CFS
SHA,H,76,INFLOW,20160617,1100,1409, ,CFS
SHA,H,76,INFLOW,20160617,1200,-1582, ,CFS
SHA,H,76,INFLOW,20160617,1300,8509, ,CFS
SHA,H,76,INFLOW,20160617,1400,2448, ,CFS
SHA,H,76,INFLOW,20160617,1500,79, ,CFS
SHA,H,76,INFLOW,20160617,1600,-247, ,CFS
SHA,H,76,INFLOW,20160617,1700,2495, ,CFS
SHA,H,76,INFLOW,20160617,1800,2525, ,CFS
SHA,H,76,INFLOW,20160617,1900,12328, ,CFS
SHA,H,76,INFLOW,20160617,2000,9315, ,CFS
SHA,H,76,INFLOW,20160617,2100,14886, ,CFS
SHA,H,76,INFLOW,20160617,2200,9295, ,CFS
SHA,H,76,INFLOW,20160617,2300,9475, ,CFS
SHA,H,76,INFLOW,20160618,0000,14445, ,CFS
SHA,H,76,INFLOW,20160618,0100,8006, ,CFS
SHA,H,76,INFLOW,20160618,0200,4598, ,CFS
SHA,H,76,INFLOW,20160618,0300,4611, ,CFS
SHA,H,76,INFLOW,20160618,0400,11309, ,CFS
SHA,H,76,INFLOW,20160618,0500,1395, ,CFS
SHA,H,76,INFLOW,20160618,0600,1503, ,CFS
SHA,H,76,INFLOW,20160618,0700,2584, ,CFS
SHA,H,76,INFLOW,20160618,0800,2816, ,CFS
SHA,H,76,INFLOW,20160618,0900,-720, ,CFS
SHA,H,76,INFLOW,20160618,1000,6169, ,CFS
SHA,H,76,INFLOW,20160618,1100,-88, ,CFS
SHA,H,76,INFLOW,20160618,1200,161, ,CFS
SHA,H,76,INFLOW,20160618,1300,4149, ,CFS
SHA,H,76,INFLOW,20160618,1400,977, ,CFS
SHA,H,76,INFLOW,20160618,1500,2876, ,CFS
SHA,H,76,INFLOW,20160618,1600,-1851, ,CFS
SHA,H,76,INFLOW,20160618,1700,2295, ,CFS
SHA,H,76,INFLOW,20160618,1800,5571, ,CFS
SHA,H,76,INFLOW,20160618,1900,-4105, ,CFS
SHA,H,76,INFLOW,20160618,2000,15671, ,CFS
SHA,H,76,INFLOW,20160618,2100,5095, ,CFS
SHA,H,76,INFLOW,20160618,2200,6272, ,CFS
SHA,H,76,INFLOW,20160618,2300,11696, ,CFS
SHA,H,76,INFLOW,20160619,0000,-10888, ,CFS
SHA,H,76,INFLOW,20160619,0100,8251, ,CFS
SHA,H,76,INFLOW,20160619,0200,1419, ,CFS
SHA,H,76,INFLOW,20160619,0300,1268, ,CFS
SHA,H,76,INFLOW,20160619,0400,1287, ,CFS
SHA,H,76,INFLOW,20160619,0500,-1910, ,CFS
SHA,H,76,INFLOW,20160619,0600,4346, ,CFS
SHA,H,76,INFLOW,20160619,0700,1509, ,CFS
SHA,H,76,INFLOW,20160619,0800,-1520, ,CFS
SHA,H,76,INFLOW,20160619,0900,5411, ,CFS
SHA,H,76,INFLOW,20160619,1000,-918, ,CFS
SHA,H,76,INFLOW,20160619,1100,598, ,CFS
SHA,H,76,INFLOW,20160619,1200,1391, ,CFS
SHA,H,76,INFLOW,20160619,1300,1004, ,CFS
SHA,H,76,INFLOW,20160619,1400,721, ,CFS
SHA,H,76,INFLOW,20160619,1500,5346, ,CFS
SHA,H,76,INFLOW,20160619,1600,-1574, ,CFS
SHA,H,76,INFLOW,20160619,1700,8714, ,CFS
SHA,H,76,INFLOW,20160619,1800,9299, ,CFS
SHA,H,76,INFLOW,20160619,1900,3639, ,CFS
SHA,H,76,INFLOW,20160619,2000,9281, ,CFS
SHA,H,76,INFLOW,20160619,2100,8487, ,CFS
SHA,H,76,INFLOW,20160619,2200,1604, ,CFS
SHA,H,76,INFLOW,20160619,2300,1964, ,CFS
SHA,H,76,INFLOW,20160620,0000,1924, ,CFS
SHA,H,76,INFLOW,20160620,0100,1279, ,CFS
SHA,H,76,INFLOW,20160620,0200,1307, ,CFS
SHA,H,76,INFLOW,20160620,0300,7967, ,CFS
SHA,H,76,INFLOW,20160620,0400,-2033, ,CFS
SHA,H,76,INFLOW,20160620,0500,4725, ,CFS
SHA,H,76,INFLOW,20160620,0600,-1734, ,CFS
SHA,H,76,INFLOW,20160620,0700,1862, ,CFS
SHA,H,76,INFLOW,20160620,0800,5634, ,CFS
SHA,H,76,INFLOW,20160620,0900,5737, ,CFS
SHA,H,76,INFLOW,20160620,1000,2461, ,CFS
SHA,H,76,INFLOW,20160620,1100,6202, ,CFS
SHA,H,76,INFLOW,20160620,1200,3248, ,CFS
SHA,H,76,INFLOW,20160620,1300,743, ,CFS
SHA,H,76,INFLOW,20160620,1400,4977, ,CFS
SHA,H,76,INFLOW,20160620,1500,444, ,CFS
SHA,H,76,INFLOW,20160620,1600,11955, ,CFS
SHA,H,76,INFLOW,20160620,1700,5957, ,CFS
SHA,H,76,INFLOW,20160620,1800,6023, ,CFS
SHA,H,76,INFLOW,20160620,1900,8389, ,CFS
SHA,H,76,INFLOW,20160620,2000,6051, ,CFS
SHA,H,76,INFLOW,20160620,2100,11314, ,CFS
SHA,H,76,INFLOW,20160620,2200,11028, ,CFS
SHA,H,76,INFLOW,20160620,2300,1039, ,CFS
SHA,H,76,INFLOW,20160621,0000,5706, ,CFS
SHA,H,76,INFLOW,20160621,0100,5002, ,CFS
SHA,H,76,INFLOW,20160621,0200,1333, ,CFS
SHA,H,76,INFLOW,20160621,0300,4358, ,CFS
SHA,H,76,INFLOW,20160621,0400,1132, ,CFS
SHA,H,76,INFLOW,20160621,0500,1426, ,CFS
SHA,H,76,INFLOW,20160621,0600,1592, ,CFS
SHA,H,76,INFLOW,20160621,0700,2250, ,CFS
SHA,H,76,INFLOW,20160621,0800,9348, ,CFS
SHA,H,76,INFLOW,20160621,0900,9099, ,CFS
SHA,H,76,INFLOW,20160621,1000,3316, ,CFS
SHA,H,76,INFLOW,20160621,1100,7537, ,CFS
SHA,H,76,INFLOW,20160621,1200,5209, ,CFS
SHA,H,76,INFLOW,20160621,1300,8983, ,CFS
SHA,H,76,INFLOW,20160621,1400,6633, ,CFS
SHA,H,76,INFLOW,20160621,1500,-2667, ,CFS
SHA,H,76,INFLOW,20160621,1600,10191, ,CFS
SHA,H,76,INFLOW,20160621,1700,2445, ,CFS
SHA,H,76,INFLOW,20160621,1800,1245, ,CFS
SHA,H,76,INFLOW,20160621,1900,2151, ,CFS
SHA,H,76,INFLOW,20160621,2000,4752, ,CFS
SHA,H,76,INFLOW,20160621,2100,1933, ,CFS
SHA,H,76,INFLOW,20160621,2200,8098, ,CFS
SHA,H,76,INFLOW,20160621,2300,11056, ,CFS
SHA,H,76,INFLOW,20160622,0000,2192, ,CFS
SHA,H,76,INFLOW,20160622,0100,11769, ,CFS
SHA,H,76,INFLOW,20160622,0200,5443, ,CFS
SHA,H,76,INFLOW,20160622,0300,8737, ,CFS
SHA,H,76,INFLOW,20160622,0400,-1142, ,CFS
SHA,H,76,INFLOW,20160622,0500,1965, ,CFS
SHA,H,76,INFLOW,20160622,0600,2434, ,CFS
SHA,H,76,INFLOW,20160622,0700,9023, ,CFS
SHA,H,76,INFLOW,20160622,0800,5752, ,CFS
SHA,H,76,INFLOW,20160622,0900,4205, ,CFS
SHA,H,76,INFLOW,20160622,1000,7606, ,CFS
SHA,H,76,INFLOW,20160622,1100,5339, ,CFS
SHA,H,76,INFLOW,20160622,1200,7502, ,CFS
SHA,H,76,INFLOW,20160622,1300,7574, ,CFS
SHA,H,76,INFLOW,20160622,1400,3933, ,CFS
SHA,H,76,INFLOW,20160622,1500,16, ,CFS
SHA,H,76,INFLOW,20160622,1600,1978, ,CFS
SHA,H,76,INFLOW,20160622,1700,2243, ,CFS
SHA,H,76,INFLOW,20160622,1800,5211, ,CFS
SHA,H,76,INFLOW,20160622,1900,-3185, ,CFS
SHA,H,76,INFLOW,20160622,2000,4742, ,CFS
SHA,H,76,INFLOW,20160622,2100,2710, ,CFS
SHA,H,76,INFLOW,20160622,2200,4891, ,CFS
SHA,H,76,INFLOW,20160622,2300,821, ,CFS
SHA,H,76,INFLOW,20160623,0000,8737, ,CFS
SHA,H,76,INFLOW,20160623,0100,8463, ,CFS
SHA,H,76,INFLOW,20160623,0200,-1391, ,CFS
SHA,H,76,INFLOW,20160623,0300,5355, ,CFS
SHA,H,76,INFLOW,20160623,0400,2035, ,CFS
SHA,H,76,INFLOW,20160623,0500,-1215, ,CFS
SHA,H,76,INFLOW,20160623,0600,2729, ,CFS
SHA,H,76,INFLOW,20160623,0700,13449, ,CFS
SHA,H,76,INFLOW,20160623,0800,-2617, ,CFS
SHA,H,76,INFLOW,20160623,0900,3980, ,CFS
SHA,H,76,INFLOW,20160623,1000,3428, ,CFS
SHA,H,76,INFLOW,20160623,1100,-574, ,CFS
SHA,H,76,INFLOW,20160623,1200,13555, ,CFS
SHA,H,76,INFLOW,20160623,1300,1216, ,CFS
SHA,H,76,INFLOW,20160623,1400,11591, ,CFS
SHA,H,76,INFLOW,20160623,1500,9388, ,CFS
SHA,H,76,INFLOW,20160623,1600,10051, ,CFS
SHA,H,76,INFLOW,20160623,1700,-739, ,CFS
SHA,H,76,INFLOW,20160623,1800,3545, ,CFS
SHA,H,76,INFLOW,20160623,1900,1219, ,CFS
SHA,H,76,INFLOW,20160623,2000,4228, ,CFS
SHA,H,76,INFLOW,20160623,2100,7422, ,CFS
SHA,H,76,INFLOW,20160623,2200,3105, ,CFS
SHA,H,76,INFLOW,20160623,2300,-275, ,CFS
SHA,H,76,INFLOW,20160624,0000,6226, ,CFS
SHA,H,76,INFLOW,20160624,0100,-1586, ,CFS
SHA,H,76,INFLOW,20160624,0200,14668, ,CFS
SHA,H,76,INFLOW,20160624,0300,4874, ,CFS
SHA,H,76,INFLOW,20160624,0400,1566, ,CFS
SHA,H,76,INFLOW,20160624,0500,1566, ,CFS
SHA,H,76,INFLOW,20160624,0600,-1471, ,CFS
SHA,H,76,INFLOW,20160624,0700,7335, ,CFS
SHA,H,76,INFLOW,20160624,0800,1065, ,CFS
SHA,H,76,INFLOW,20160624,0900,-2280, ,CFS
SHA,H,76,INFLOW,20160624,1000,5451, ,CFS
SHA,H,76,INFLOW,20160624,1100,-457, ,CFS
SHA,H,76,INFLOW,20160624,1200,10301, ,CFS
SHA,H,76,INFLOW,20160624,1300,94, ,CFS
SHA,H,76,INFLOW,20160624,1400,708, ,CFS
SHA,H,76,INFLOW,20160624,1500,4503, ,CFS
SHA,H,76,INFLOW,20160624,1600,1770, ,CFS
SHA,H,76,INFLOW,20160624,1700,9, ,CFS
SHA,H,76,INFLOW,20160624,1800,3375, ,CFS
SHA,H,76,INFLOW,20160624,1900,-752, ,CFS
SHA,H,76,INFLOW,20160624,2000,3386, ,CFS
SHA,H,76,INFLOW,20160624,2100,3703, ,CFS
SHA,H,76,INFLOW,20160624,2200,1835, ,CFS
SHA,H,76,INFLOW,20160624,2300,4199, ,CFS
SHA,H,76,INFLOW,20160625,0000,334, ,CFS
SHA,H,76,INFLOW,20160625,0100,-383, ,CFS
SHA,H,76,INFLOW,20160625,0200,12793, ,CFS
SHA,H,76,INFLOW,20160625,0300,5687, ,CFS
SHA,H,76,INFLOW,20160625,0400,5546, ,CFS
SHA,H,76,INFLOW,20160625,0500,5572, ,CFS
SHA,H,76,INFLOW,20160625,0600,-4078, ,CFS
SHA,H,76,INFLOW,20160625,0700,6523, ,CFS
SHA,H,76,INFLOW,20160625,0800,481, ,CFS
SHA,H,76,INFLOW,20160625,0900,-2376, ,CFS
SHA,H,76,INFLOW,20160625,1000,4330, ,CFS
SHA,H,76,INFLOW,20160625,1100,-5274, ,CFS
SHA,H,76,INFLOW,20160625,1200,1919, ,CFS
SHA,H,76,INFLOW,20160625,1300,2732, ,CFS
SHA,H,76,INFLOW,20160625,1400,220, ,CFS
SHA,H,76,INFLOW,20160625,1500,1774, ,CFS
SHA,H,76,INFLOW,20160625,1600,5416, ,CFS
SHA,H,76,INFLOW,20160625,1700,-1043, ,CFS
SHA,H,76,INFLOW,20160625,1800,2800, ,CFS
SHA,H,76,INFLOW,20160625,1900,2071, ,CFS
SHA,H,76,INFLOW,20160625,2000,-957, ,CFS
SHA,H,76,INFLOW,20160625,2100,3854, ,CFS
SHA,H,76,INFLOW,20160625,2200,866, ,CFS
SHA,H,76,INFLOW,20160625,2300,5359, ,CFS
SHA,H,76,INFLOW,20160626,0000,2308, ,CFS
SHA,H,76,INFLOW,20160626,0100,9037, ,CFS
SHA,H,76,INFLOW,20160626,0200,-906, ,CFS
SHA,H,76,INFLOW,20160626,0300,-358, ,CFS
SHA,H,76,INFLOW,20160626,0400,6216, ,CFS
SHA,H,76,INFLOW,20160626,0500,-437, ,CFS
SHA,H,76,INFLOW,20160626,0600,-264, ,CFS
SHA,H,76,INFLOW,20160626,0700,6206, ,CFS
SHA,H,76,INFLOW,20160626,0800,-3414, ,CFS
SHA,H,76,INFLOW,20160626,0900,-38, ,CFS
SHA,H,76,INFLOW,20160626,1000,262, ,CFS
SHA,H,76,INFLOW,20160626,1100,-2717, ,CFS
SHA,H,76,INFLOW,20160626,1200,4844, ,CFS
SHA,H,76,INFLOW,20160626,1300,-1202, ,CFS
SHA,H,76,INFLOW,20160626,1400,3092, ,CFS
SHA,H,76,INFLOW,20160626,1500,2854, ,CFS
SHA,H,76,INFLOW,20160626,1600,1171, ,CFS
SHA,H,76,INFLOW,20160626,1700,1266, ,CFS
SHA,H,76,INFLOW,20160626,1800,4755, ,CFS
SHA,H,76,INFLOW,20160626,1900,5010, ,CFS
SHA,H,76,INFLOW,20160626,2000,7603, ,CFS
SHA,H,76,INFLOW,20160626,2100,9657, ,CFS
SHA,H,76,INFLOW,20160626,2200,758, ,CFS
SHA,H,76,INFLOW,20160626,2300,8671, ,CFS
SHA,H,76,INFLOW,20160627,0000,3762, ,CFS
SHA,H,76,INFLOW,20160627,0100,2530, ,CFS
SHA,H,76,INFLOW,20160627,0200,5445, ,CFS
SHA,H,76,INFLOW,20160627,0300,-1194, ,CFS
SHA,H,76,INFLOW,20160627,0400,5373, ,CFS
SHA,H,76,INFLOW,20160627,0500,2165, ,CFS
SHA,H,76,INFLOW,20160627,0600,-725, ,CFS
SHA,H,76,INFLOW,20160627,0700,6405, ,CFS
SHA,H,76,INFLOW,20160627,0800,-2592, ,CFS
SHA,H,76,INFLOW,20160627,0900,3594, ,CFS
SHA,H,76,INFLOW,20160627,1000,703, ,CFS
SHA,H,76,INFLOW,20160627,1100,-2326, ,CFS
SHA,H,76,INFLOW,20160627,1200,2179, ,CFS
SHA,H,76,INFLOW,20160627,1300,3223, ,CFS
SHA,H,76,INFLOW,20160627,1400,6818, ,CFS
SHA,H,76,INFLOW,20160627,1500,9858, ,CFS
SHA,H,76,INFLOW,20160627,1600,10772, ,CFS
SHA,H,76,INFLOW,20160627,1700,2237, ,CFS
SHA,H,76,INFLOW,20160627,1800,7389, ,CFS
SHA,H,76,INFLOW,20160627,1900,7343, ,CFS
SHA,H,76,INFLOW,20160627,2000,7436, ,CFS
SHA,H,76,INFLOW,20160627,2100,9557, ,CFS
SHA,H,76,INFLOW,20160627,2200,9609, ,CFS
SHA,H,76,INFLOW,20160627,2300,8848, ,CFS
SHA,H,76,INFLOW,20160628,0000,1506, ,CFS
SHA,H,76,INFLOW,20160628,0100,-449, ,CFS
SHA,H,76,INFLOW,20160628,0200,2520, ,CFS
SHA,H,76,INFLOW,20160628,0300,2540, ,CFS
SHA,H,76,INFLOW,20160628,0400,2455, ,CFS
SHA,H,76,INFLOW,20160628,0500,2382, ,CFS
SHA,H,76,INFLOW,20160628,0600,-490, ,CFS
SHA,H,76,INFLOW,20160628,0700,7287, ,CFS
SHA,H,76,INFLOW,20160628,0800,-1922, ,CFS
SHA,H,76,INFLOW,20160628,0900,2139, ,CFS
SHA,H,76,INFLOW,20160628,1000,1484, ,CFS
SHA,H,76,INFLOW,20160628,1100,-1864, ,CFS
SHA,H,76,INFLOW,20160628,1200,5348, ,CFS
SHA,H,76,INFLOW,20160628,1300,2801, ,CFS
SHA,H,76,INFLOW,20160628,1400,3794, ,CFS
SHA,H,76,INFLOW,20160628,1500,8913, ,CFS
SHA,H,76,INFLOW,20160628,1600,12064, ,CFS
SHA,H,76,INFLOW,20160628,1700,5211, ,CFS
SHA,H,76,INFLOW,20160628,1800,10719, ,CFS
SHA,H,76,INFLOW,20160628,1900,7847, ,CFS
SHA,H,76,INFLOW,20160628,2000,10256, ,CFS
SHA,H,76,INFLOW,20160628,2100,6049, ,CFS
SHA,H,76,INFLOW,20160628,2200,9471, ,CFS
SHA,H,76,INFLOW,20160628,2300,4781, ,CFS
SHA,H,76,INFLOW,20160629,0000,623, ,CFS
SHA,H,76,INFLOW,20160629,0100,2504, ,CFS
SHA,H,76,INFLOW,20160629,0200,2183, ,CFS
SHA,H,76,INFLOW,20160629,0300,1933, ,CFS
SHA,H,76,INFLOW,20160629,0400,1861, ,CFS
SHA,H,76,INFLOW,20160629,0500,1871, ,CFS
SHA,H,76,INFLOW,20160629,0600,2127, ,CFS
SHA,H,76,INFLOW,20160629,0700,3993, ,CFS
SHA,H,76,INFLOW,20160629,0800,1778, ,CFS
SHA,H,76,INFLOW,20160629,0900,2262, ,CFS
SHA,H,76,INFLOW,20160629,1000,2925, ,CFS
SHA,H,76,INFLOW,20160629,1100,-582, ,CFS
SHA,H,76,INFLOW,20160629,1200,6044, ,CFS
SHA,H,76,INFLOW,20160629,1300,-3160, ,CFS
SHA,H,76,INFLOW,20160629,1400,6551, ,CFS
SHA,H,76,INFLOW,20160629,1500,9775, ,CFS
SHA,H,76,INFLOW,20160629,1600,9591, ,CFS
SHA,H,76,INFLOW,20160629,1700,9357, ,CFS
SHA,H,76,INFLOW,20160629,1800,9215, ,CFS
SHA,H,76,INFLOW,20160629,1900,4587, ,CFS
SHA,H,76,INFLOW,20160629,2000,4586, ,CFS
SHA,H,76,INFLOW,20160629,2100,10742, ,CFS
SHA,H,76,INFLOW,20160629,2200,5534, ,CFS
SHA,H,76,INFLOW,20160629,2300,8776, ,CFS
SHA,H,76,INFLOW,20160630,0000,-2945, ,CFS
SHA,H,76,INFLOW,20160630,0100,5729, ,CFS
SHA,H,76,INFLOW,20160630,0200,-1147, ,CFS
SHA,H,76,INFLOW,20160630,0300,2517, ,CFS
SHA,H,76,INFLOW,20160630,0400,2682, ,CFS
SHA,H,76,INFLOW,20160630,0500,2914, ,CFS
SHA,H,76,INFLOW,20160630,0600,-94, ,CFS
SHA,H,76,INFLOW,20160630,0700,1518, ,CFS
SHA,H,76,INFLOW,20160630,0800,5470, ,CFS
SHA,H,76,INFLOW,20160630,0900,1908, ,CFS
SHA,H,76,INFLOW,20160630,1000,8519, ,CFS
SHA,H,76,INFLOW,20160630,1100,6264, ,CFS
SHA,H,76,INFLOW,20160630,1200,7114, ,CFS
SHA,H,76,INFLOW,20160630,1300,7247, ,CFS
SHA,H,76,INFLOW,20160630,1400,-455, ,CFS
SHA,H,76,INFLOW,20160630,1500,7766, ,CFS
SHA,H,76,INFLOW,20160630,1600,11126, ,CFS
SHA,H,76,INFLOW,20160630,1700,3154, ,CFS
SHA,H,76,INFLOW,20160630,1800,5517, ,CFS
SHA,H,76,INFLOW,20160630,1900,4089, ,CFS
SHA,H,76,INFLOW,20160630,2000,4934, ,CFS
SHA,H,76,INFLOW,20160630,2100,6913, ,CFS
SHA,H,76,INFLOW,20160630,2200,-1616, ,CFS
SHA,H,76,INFLOW,20160630,2300,2104, ,CFS
SHA,H,76,INFLOW,20160701,0000,752, ,CFS
SHA,H,76,INFLOW,20160701,0100,6486, ,CFS
SHA,H,76,INFLOW,20160701,0200,-535, ,CFS
SHA,H,76,INFLOW,20160701,0300,-812, ,CFS
SHA,H,76,INFLOW,20160701,0400,2372, ,CFS
SHA,H,76,INFLOW,20160701,0500,5606, ,CFS
SHA,H,76,INFLOW,20160701,0600,-659, ,CFS
SHA,H,76,INFLOW,20160701,0700,4087, ,CFS
SHA,H,76,INFLOW,20160701,0800,1063, ,CFS
SHA,H,76,INFLOW,20160701,0900,1325, ,CFS
SHA,H,76,INFLOW,20160701,1000,5977, ,CFS
SHA,H,76,INFLOW,20160701,1100,5153, ,CFS
SHA,H,76,INFLOW,20160701,1200,9869, ,CFS
SHA,H,76,INFLOW,20160701,1300,-3272, ,CFS
SHA,H,76,INFLOW,20160701,1400,2473, ,CFS
SHA,H,76,INFLOW,20160701,1500,4808, ,CFS
SHA,H,76,INFLOW,20160701,1600,-995, ,CFS
SHA,H,76,INFLOW,20160701,1700,5812, ,CFS
SHA,H,76,INFLOW,20160701,1800,1715, ,CFS
SHA,H,76,INFLOW,20160701,1900,1637, ,CFS
SHA,H,76,INFLOW,20160701,2000,10954, ,CFS
SHA,H,76,INFLOW,20160701,2100,1349, ,CFS
SHA,H,76,INFLOW,20160701,2200,2857, ,CFS
SHA,H,76,INFLOW,20160701,2300,6399, ,CFS
SHA,H,76,INFLOW,20160702,0000,-4305, ,CFS
SHA,H,76,INFLOW,20160702,0100,6059, ,CFS
SHA,H,76,INFLOW,20160702,0200,6071, ,CFS
SHA,H,76,INFLOW,20160702,0300,-2766, ,CFS
SHA,H,76,INFLOW,20160702,0400,3872, ,CFS
SHA,H,76,INFLOW,20160702,0500,590, ,CFS
SHA,H,76,INFLOW,20160702,0600,686, ,CFS
SHA,H,76,INFLOW,20160702,0700,3243, ,CFS
SHA,H,76,INFLOW,20160702,0800,-3133, ,CFS
SHA,H,76,INFLOW,20160702,0900,3313, ,CFS
SHA,H,76,INFLOW,20160702,1000,515, ,CFS
SHA,H,76,INFLOW,20160702,1100,1704, ,CFS
SHA,H,76,INFLOW,20160702,1200,1887, ,CFS
SHA,H,76,INFLOW,20160702,1300,1541, ,CFS
SHA,H,76,INFLOW,20160702,1400,3934, ,CFS
SHA,H,76,INFLOW,20160702,1500,1694, ,CFS
SHA,H,76,INFLOW,20160702,1600,3565, ,CFS
SHA,H,76,INFLOW,20160702,1700,-2140, ,CFS
SHA,H,76,INFLOW,20160702,1800,4993, ,CFS
SHA,H,76,INFLOW,20160702,1900,1629, ,CFS
SHA,H,76,INFLOW,20160702,2000,4331, ,CFS
SHA,H,76,INFLOW,20160702,2100,3650, ,CFS
SHA,H,76,INFLOW,20160702,2200,1836, ,CFS
SHA,H,76,INFLOW,20160702,2300,3100, ,CFS
SHA,H,76,INFLOW,20160703,0000,1059, ,CFS
SHA,H,76,INFLOW,20160703,0100,114, ,CFS
SHA,H,76,INFLOW,20160703,0200,-232, ,CFS
SHA,H,76,INFLOW,20160703,0300,6238, ,CFS
SHA,H,76,INFLOW,20160703,0400,-394, ,CFS
SHA,H,76,INFLOW,20160703,0500,2656, ,CFS
SHA,H,76,INFLOW,20160703,0600,-551, ,CFS
SHA,H,76,INFLOW,20160703,0700,41, ,CFS
SHA,H,76,INFLOW,20160703,0800,239, ,CFS
SHA,H,76,INFLOW,20160703,0900,3434, ,CFS
SHA,H,76,INFLOW,20160703,1000,204, ,CFS
SHA,H,76,INFLOW,20160703,1100,381, ,CFS
SHA,H,76,INFLOW,20160703,1200,4448, ,CFS
SHA,H,76,INFLOW,20160703,1300,28, ,CFS
SHA,H,76,INFLOW,20160703,1400,2168, ,CFS
SHA,H,76,INFLOW,20160703,1500,-226, ,CFS
SHA,H,76,INFLOW,20160703,1600,5126, ,CFS
SHA,H,76,INFLOW,20160703,1700,340, ,CFS
SHA,H,76,INFLOW,20160703,1800,1458, ,CFS
SHA,H,76,INFLOW,20160703,1900,1811, ,CFS
SHA,H,76,INFLOW,20160703,2000,7690, ,CFS
SHA,H,76,INFLOW,20160703,2100,-3217, ,CFS
SHA,H,76,INFLOW,20160703,2200,3407, ,CFS
SHA,H,76,INFLOW,20160703,2300,6381, ,CFS
SHA,H,76,INFLOW,20160704,0000,1932, ,CFS
SHA,H,76,INFLOW,20160704,0100,3047, ,CFS
SHA,H,76,INFLOW,20160704,0200,2894, ,CFS
SHA,H,76,INFLOW,20160704,0300,2931, ,CFS
SHA,H,76,INFLOW,20160704,0400,2898, ,CFS
SHA,H,76,INFLOW,20160704,0500,2870, ,CFS
SHA,H,76,INFLOW,20160704,0600,-158, ,CFS
SHA,H,76,INFLOW,20160704,0700,2849, ,CFS
SHA,H,76,INFLOW,20160704,0800,-142, ,CFS
SHA,H,76,INFLOW,20160704,0900,-713, ,CFS
SHA,H,76,INFLOW,20160704,1000,-637, ,CFS
SHA,H,76,INFLOW,20160704,1100,2771, ,CFS
SHA,H,76,INFLOW,20160704,1200,1395, ,CFS
SHA,H,76,INFLOW,20160704,1300,1531, ,CFS
SHA,H,76,INFLOW,20160704,1400,6613, ,CFS
SHA,H,76,INFLOW,20160704,1500,-3322, ,CFS
SHA,H,76,INFLOW,20160704,1600,8133, ,CFS
SHA,H,76,INFLOW,20160704,1700,3938, ,CFS
SHA,H,76,INFLOW,20160704,1800,4424, ,CFS
SHA,H,76,INFLOW,20160704,1900,-2366, ,CFS
SHA,H,76,INFLOW,20160704,2000,6728, ,CFS
SHA,H,76,INFLOW,20160704,2100,-1710, ,CFS
SHA,H,76,INFLOW,20160704,2200,3203, ,CFS
SHA,H,76,INFLOW,20160704,2300,142, ,CFS
SHA,H,76,INFLOW,20160705,0000,4750, ,CFS
SHA,H,76,INFLOW,20160705,0100,103, ,CFS
SHA,H,76,INFLOW,20160705,0200,3303, ,CFS
SHA,H,76,INFLOW,20160705,0300,3061, ,CFS
SHA,H,76,INFLOW,20160705,0400,-180, ,CFS
SHA,H,76,INFLOW,20160705,0500,3111, ,CFS
SHA,H,76,INFLOW,20160705,0600,284, ,CFS
SHA,H,76,INFLOW,20160705,0700,766, ,CFS
SHA,H,76,INFLOW,20160705,0800,792, ,CFS
SHA,H,76,INFLOW,20160705,0900,1756, ,CFS
SHA,H,76,INFLOW,20160705,1000,-1274, ,CFS
SHA,H,76,INFLOW,20160705,1100,2711, ,CFS
SHA,H,76,INFLOW,20160705,1200,3493, ,CFS
SHA,H,76,INFLOW,20160705,1300,3475, ,CFS
SHA,H,76,INFLOW,20160705,1400,627, ,CFS
SHA,H,76,INFLOW,20160705,1500,3555, ,CFS
SHA,H,76,INFLOW,20160705,1600,386, ,CFS
SHA,H,76,INFLOW,20160705,1700,3475, ,CFS
SHA,H,76,INFLOW,20160705,1800,3387, ,CFS
SHA,H,76,INFLOW,20160705,1900,-1947, ,CFS
SHA,H,76,INFLOW,20160705,2000,3494, ,CFS
SHA,H,76,INFLOW,20160705,2100,11988, ,CFS
SHA,H,76,INFLOW,20160705,2200,3086, ,CFS
SHA,H,76,INFLOW,20160705,2300,9745, ,CFS
SHA,H,76,INFLOW,20160706,0000,3295, ,CFS
SHA,H,76,INFLOW,20160706,0100,-677, ,CFS
SHA,H,76,INFLOW,20160706,0200,4964, ,CFS
SHA,H,76,INFLOW,20160706,0300,-1156, ,CFS
SHA,H,76,INFLOW,20160706,0400,2103, ,CFS
SHA,H,76,INFLOW,20160706,0500,2204, ,CFS
SHA,H,76,INFLOW,20160706,0600,-3828, ,CFS
SHA,H,76,INFLOW,20160706,0700,5330, ,CFS
SHA,H,76,INFLOW,20160706,0800,-822, ,CFS
SHA,H,76,INFLOW,20160706,0900,-1221, ,CFS
SHA,H,76,INFLOW,20160706,1000,-92, ,CFS
SHA,H,76,INFLOW,20160706,1100,10343, ,CFS
SHA,H,76,INFLOW,20160706,1200,1002, ,CFS
SHA,H,76,INFLOW,20160706,1300,7888, ,CFS
SHA,H,76,INFLOW,20160706,1400,5408, ,CFS
SHA,H,76,INFLOW,20160706,1500,3786, ,CFS
SHA,H,76,INFLOW,20160706,1600,5452, ,CFS
SHA,H,76,INFLOW,20160706,1700,-2415, ,CFS
SHA,H,76,INFLOW,20160706,1800,1270, ,CFS
SHA,H,76,INFLOW,20160706,1900,5412, ,CFS
SHA,H,76,INFLOW,20160706,2000,8433, ,CFS
SHA,H,76,INFLOW,20160706,2100,4548, ,CFS
SHA,H,76,INFLOW,20160706,2200,6622, ,CFS
SHA,H,76,INFLOW,20160706,2300,5823, ,CFS
SHA,H,76,INFLOW,20160707,0000,-749, ,CFS
SHA,H,76,INFLOW,20160707,0100,1935, ,CFS
SHA,H,76,INFLOW,20160707,0200,8550, ,CFS
SHA,H,76,INFLOW,20160707,0300,-1038, ,CFS
SHA,H,76,INFLOW,20160707,0400,2402, ,CFS
SHA,H,76,INFLOW,20160707,0500,2506, ,CFS
SHA,H,76,INFLOW,20160707,0600,-575, ,CFS
SHA,H,76,INFLOW,20160707,0700,3653, ,CFS
SHA,H,76,INFLOW,20160707,0800,7272, ,CFS
SHA,H,76,INFLOW,20160707,0900,367, ,CFS
SHA,H,76,INFLOW,20160707,1000,7382, ,CFS
SHA,H,76,INFLOW,20160707,1100,-2856, ,CFS
SHA,H,76,INFLOW,20160707,1200,2920, ,CFS
SHA,H,76,INFLOW,20160707,1300,4653, ,CFS
SHA,H,76,INFLOW,20160707,1400,-1055, ,CFS
SHA,H,76,INFLOW,20160707,1500,5129, ,CFS
SHA,H,76,INFLOW,20160707,1600,1809, ,CFS
SHA,H,76,INFLOW,20160707,1700,-1318, ,CFS
SHA,H,76,INFLOW,20160707,1800,466, ,CFS
SHA,H,76,INFLOW,20160707,1900,4408, ,CFS
SHA,H,76,INFLOW,20160707,2000,9786, ,CFS
SHA,H,76,INFLOW,20160707,2100,5582, ,CFS
SHA,H,76,INFLOW,20160707,2200,8361, ,CFS
SHA,H,76,INFLOW,20160707,2300,7091, ,CFS
SHA,H,76,INFLOW,20160708,0000,-1670, ,CFS
SHA,H,76,INFLOW,20160708,0100,6194, ,CFS
SHA,H,76,INFLOW,20160708,0200,2431, ,CFS
SHA,H,76,INFLOW,20160708,0300,-162, ,CFS
SHA,H,76,INFLOW,20160708,0400,3090, ,CFS
SHA,H,76,INFLOW,20160708,0500,3098, ,CFS
SHA,H,76,INFLOW,20160708,0600,6465, ,CFS
SHA,H,76,INFLOW,20160708,0700,7306, ,CFS
SHA,H,76,INFLOW,20160708,0800,1250, ,CFS
SHA,H,76,INFLOW,20160708,0900,7441, ,CFS
SHA,H,76,INFLOW,20160708,1000,-2005, ,CFS
SHA,H,76,INFLOW,20160708,1100,730, ,CFS
SHA,H,76,INFLOW,20160708,1200,5747, ,CFS
SHA,H,76,INFLOW,20160708,1300,2078, ,CFS
SHA,H,76,INFLOW,20160708,1400,-1140, ,CFS
SHA,H,76,INFLOW,20160708,1500,9005, ,CFS
SHA,H,76,INFLOW,20160708,1600,-715, ,CFS
SHA,H,76,INFLOW,20160708,1700,6379, ,CFS
SHA,H,76,INFLOW,20160708,1800,2231, ,CFS
SHA,H,76,INFLOW,20160708,1900,2148, ,CFS
SHA,H,76,INFLOW,20160708,2000,8309, ,CFS
SHA,H,76,INFLOW,20160708,2100,3932, ,CFS
SHA,H,76,INFLOW,20160708,2200,6780, ,CFS
SHA,H,76,INFLOW,20160708,2300,11176, ,CFS
SHA,H,76,INFLOW,20160709,0000,2850, ,CFS
SHA,H,76,INFLOW,20160709,0100,661, ,CFS
SHA,H,76,INFLOW,20160709,0200,422, ,CFS
SHA,H,76,INFLOW,20160709,0300,6964, ,CFS
SHA,H,76,INFLOW,20160709,0400,7054, ,CFS
SHA,H,76,INFLOW,20160709,0500,709, ,CFS
SHA,H,76,INFLOW,20160709,0600,796, ,CFS
SHA,H,76,INFLOW,20160709,0700,4206, ,CFS
SHA,H,76,INFLOW,20160709,0800,-2063, ,CFS
SHA,H,76,INFLOW,20160709,0900,4026, ,CFS
SHA,H,76,INFLOW,20160709,1000,682, ,CFS
SHA,H,76,INFLOW,20160709,1100,-533, ,CFS
SHA,H,76,INFLOW,20160709,1200,4461, ,CFS
SHA,H,76,INFLOW,20160709,1300,-525, ,CFS
SHA,H,76,INFLOW,20160709,1400,-553, ,CFS
SHA,H,76,INFLOW,20160709,1500,-17, ,CFS
SHA,H,76,INFLOW,20160709,1600,533, ,CFS
SHA,H,76,INFLOW,20160709,1700,4795, ,CFS
SHA,H,76,INFLOW,20160709,1800,1874, ,CFS
SHA,H,76,INFLOW,20160709,1900,-2556, ,CFS
SHA,H,76,INFLOW,20160709,2000,7034, ,CFS
SHA,H,76,INFLOW,20160709,2100,4523, ,CFS
SHA,H,76,INFLOW,20160709,2200,3947, ,CFS
SHA,H,76,INFLOW,20160709,2300,1970, ,CFS
SHA,H,76,INFLOW,20160710,0000,4293, ,CFS
SHA,H,76,INFLOW,20160710,0100,-1281, ,CFS
SHA,H,76,INFLOW,20160710,0200,5199, ,CFS
SHA,H,76,INFLOW,20160710,0300,1994, ,CFS
SHA,H,76,INFLOW,20160710,0400,1873, ,CFS
SHA,H,76,INFLOW,20160710,0500,8386, ,CFS
SHA,H,76,INFLOW,20160710,0600,2009, ,CFS
SHA,H,76,INFLOW,20160710,0700,1579, ,CFS
SHA,H,76,INFLOW,20160710,0800,1422, ,CFS
SHA,H,76,INFLOW,20160710,0900,-1610, ,CFS
SHA,H,76,INFLOW,20160710,1000,2063, ,CFS
SHA,H,76,INFLOW,20160710,1100,2618, ,CFS
SHA,H,76,INFLOW,20160710,1200,-143, ,CFS
SHA,H,76,INFLOW,20160710,1300,565, ,CFS
SHA,H,76,INFLOW,20160710,1400,3702, ,CFS
SHA,H,76,INFLOW,20160710,1500,-711, ,CFS
SHA,H,76,INFLOW,20160710,1600,2958, ,CFS
SHA,H,76,INFLOW,20160710,1700,-315, ,CFS
SHA,H,76,INFLOW,20160710,1800,3981, ,CFS
SHA,H,76,INFLOW,20160710,1900,-372, ,CFS
SHA,H,76,INFLOW,20160710,2000,2971, ,CFS
SHA,H,76,INFLOW,20160710,2100,1854, ,CFS
SHA,H,76,INFLOW,20160710,2200,-1370, ,CFS
SHA,H,76,INFLOW,20160710,2300,13352, ,CFS
SHA,H,76,INFLOW,20160711,0000,-5280, ,CFS
SHA,H,76,INFLOW,20160711,0100,764, ,CFS
SHA,H,76,INFLOW,20160711,0200,3400, ,CFS
SHA,H,76,INFLOW,20160711,0300,-3006, ,CFS
SHA,H,76,INFLOW,20160711,0400,3292, ,CFS
SHA,H,76,INFLOW,20160711,0500,3435, ,CFS
SHA,H,76,INFLOW,20160711,0600,-2458, ,CFS
SHA,H,76,INFLOW,20160711,0700,5390, ,CFS
SHA,H,76,INFLOW,20160711,0800,-408, ,CFS
SHA,H,76,INFLOW,20160711,0900,-3345, ,CFS
SHA,H,76,INFLOW,20160711,1000,3483, ,CFS
SHA,H,76,INFLOW,20160711,1100,-210, ,CFS
SHA,H,76,INFLOW,20160711,1200,-652, ,CFS
SHA,H,76,INFLOW,20160711,1300,2711, ,CFS
SHA,H,76,INFLOW,20160711,1400,6804, ,CFS
SHA,H,76,INFLOW,20160711,1500,1904, ,CFS
SHA,H,76,INFLOW,20160711,1600,7252, ,CFS
SHA,H,76,INFLOW,20160711,1700,1825, ,CFS
SHA,H,76,INFLOW,20160711,1800,814, ,CFS
SHA,H,76,INFLOW,20160711,1900,769, ,CFS
SHA,H,76,INFLOW,20160711,2000,4410, ,CFS
SHA,H,76,INFLOW,20160711,2100,4106, ,CFS
SHA,H,76,INFLOW,20160711,2200,4266, ,CFS
SHA,H,76,INFLOW,20160711,2300,930, ,CFS
SHA,H,76,INFLOW,20160712,0000,1386, ,CFS
SHA,H,76,INFLOW,20160712,0100,1105, ,CFS
SHA,H,76,INFLOW,20160712,0200,230, ,CFS
SHA,H,76,INFLOW,20160712,0300,3238, ,CFS
SHA,H,76,INFLOW,20160712,0400,29, ,CFS
SHA,H,76,INFLOW,20160712,0500,227, ,CFS
SHA,H,76,INFLOW,20160712,0600,522, ,CFS
SHA,H,76,INFLOW,20160712,0700,4332, ,CFS
SHA,H,76,INFLOW,20160712,0800,-1917, ,CFS
SHA,H,76,INFLOW,20160712,0900,-516, ,CFS
SHA,H,76,INFLOW,20160712,1000,295, ,CFS
SHA,H,76,INFLOW,20160712,1100,26, ,CFS
SHA,H,76,INFLOW,20160712,1200,3985, ,CFS
SHA,H,76,INFLOW,20160712,1300,809, ,CFS
SHA,H,76,INFLOW,20160712,1400,-999, ,CFS
SHA,H,76,INFLOW,20160712,1500,107, ,CFS
SHA,H,76,INFLOW,20160712,1600,5433, ,CFS
SHA,H,76,INFLOW,20160712,1700,1172, ,CFS
SHA,H,76,INFLOW,20160712,1800,427, ,CFS
SHA,H,76,INFLOW,20160712,1900,1046, ,CFS
SHA,H,76,INFLOW,20160712,2000,10562, ,CFS
SHA,H,76,INFLOW,20160712,2100,6790, ,CFS
SHA,H,76,INFLOW,20160712,2200,7521, ,CFS
SHA,H,76,INFLOW,20160712,2300,12934, ,CFS
SHA,H,76,INFLOW,20160713,0000,4010, ,CFS
SHA,H,76,INFLOW,20160713,0100,-903, ,CFS
SHA,H,76,INFLOW,20160713,0200,-2984, ,CFS
SHA,H,76,INFLOW,20160713,0300,3294, ,CFS
SHA,H,76,INFLOW,20160713,0400,3260, ,CFS
SHA,H,76,INFLOW,20160713,0500,263, ,CFS
SHA,H,76,INFLOW,20160713,0600,531, ,CFS
SHA,H,76,INFLOW,20160713,0700,1193, ,CFS
SHA,H,76,INFLOW,20160713,0800,11112, ,CFS
SHA,H,76,INFLOW,20160713,0900,7850, ,CFS
SHA,H,76,INFLOW,20160713,1000,1803, ,CFS
SHA,H,76,INFLOW,20160713,1100,9144, ,CFS
SHA,H,76,INFLOW,20160713,1200,6670, ,CFS
SHA,H,76,INFLOW,20160713,1300,1015, ,CFS
SHA,H,76,INFLOW,20160713,1400,3100, ,CFS
SHA,H,76,INFLOW,20160713,1500,2330, ,CFS
SHA,H,76,INFLOW,20160713,1600,1450, ,CFS
SHA,H,76,INFLOW,20160713,1700,5686, ,CFS
SHA,H,76,INFLOW,20160713,1800,4915, ,CFS
SHA,H,76,INFLOW,20160713,1900,2634, ,CFS
SHA,H,76,INFLOW,20160713,2000,6565, ,CFS
SHA,H,76,INFLOW,20160713,2100,2310, ,CFS
SHA,H,76,INFLOW,20160713,2200,11397, ,CFS
SHA,H,76,INFLOW,20160713,2300,10614, ,CFS
SHA,H,76,INFLOW,20160714,0000,-1873, ,CFS
SHA,H,76,INFLOW,20160714,0100,2233, ,CFS
SHA,H,76,INFLOW,20160714,0200,2781, ,CFS
SHA,H,76,INFLOW,20160714,0300,-4234, ,CFS
SHA,H,76,INFLOW,20160714,0400,5307, ,CFS
SHA,H,76,INFLOW,20160714,0500,2365, ,CFS
SHA,H,76,INFLOW,20160714,0600,-698, ,CFS
SHA,H,76,INFLOW,20160714,0700,2600, ,CFS
SHA,H,76,INFLOW,20160714,0800,3130, ,CFS
SHA,H,76,INFLOW,20160714,0900,-100, ,CFS
SHA,H,76,INFLOW,20160714,1000,148, ,CFS
SHA,H,76,INFLOW,20160714,1100,736, ,CFS
SHA,H,76,INFLOW,20160714,1200,6596, ,CFS
SHA,H,76,INFLOW,20160714,1300,1033, ,CFS
SHA,H,76,INFLOW,20160714,1400,7753, ,CFS
SHA,H,76,INFLOW,20160714,1500,1567, ,CFS
SHA,H,76,INFLOW,20160714,1600,1912, ,CFS
SHA,H,76,INFLOW,20160714,1700,14668, ,CFS
SHA,H,76,INFLOW,20160714,1800,4039, ,CFS
SHA,H,76,INFLOW,20160714,1900,3242, ,CFS
SHA,H,76,INFLOW,20160714,2000,2753, ,CFS
SHA,H,76,INFLOW,20160714,2100,1812, ,CFS
SHA,H,76,INFLOW,20160714,2200,12208, ,CFS
SHA,H,76,INFLOW,20160714,2300,5481, ,CFS
SHA,H,76,INFLOW,20160715,0000,2469, ,CFS
SHA,H,76,INFLOW,20160715,0100,10168, ,CFS
SHA,H,76,INFLOW,20160715,0200,8908, ,CFS
SHA,H,76,INFLOW,20160715,0300,3265, ,CFS
SHA,H,76,INFLOW,20160715,0400,9648, ,CFS
SHA,H,76,INFLOW,20160715,0500,-2971, ,CFS
SHA,H,76,INFLOW,20160715,0600,6763, ,CFS
SHA,H,76,INFLOW,20160715,0700,6805, ,CFS
SHA,H,76,INFLOW,20160715,0800,5358, ,CFS
SHA,H,76,INFLOW,20160715,0900,10278, ,CFS
SHA,H,76,INFLOW,20160715,1000,4455, ,CFS
SHA,H,76,INFLOW,20160715,1100,8839, ,CFS
SHA,H,76,INFLOW,20160715,1200,3386, ,CFS
SHA,H,76,INFLOW,20160715,1300,11207, ,CFS
SHA,H,76,INFLOW,20160715,1400,-1696, ,CFS
SHA,H,76,INFLOW,20160715,1500,1686, ,CFS
SHA,H,76,INFLOW,20160715,1600,3589, ,CFS
SHA,H,76,INFLOW,20160715,1700,-1809, ,CFS
SHA,H,76,INFLOW,20160715,1800,2451, ,CFS
SHA,H,76,INFLOW,20160715,1900,1999, ,CFS
SHA,H,76,INFLOW,20160715,2000,-816, ,CFS
SHA,H,76,INFLOW,20160715,2100,1941, ,CFS
SHA,H,76,INFLOW,20160715,2200,3441, ,CFS
SHA,H,76,INFLOW,20160715,2300,4819, ,CFS
SHA,H,76,INFLOW,20160716,0000,8309, ,CFS
SHA,H,76,INFLOW,20160716,0100,137, ,CFS
SHA,H,76,INFLOW,20160716,0200,5813, ,CFS
SHA,H,76,INFLOW,20160716,0300,2370, ,CFS
SHA,H,76,INFLOW,20160716,0400,-873, ,CFS
SHA,H,76,INFLOW,20160716,0500,3622, ,CFS
SHA,H,76,INFLOW,20160716,0600,958, ,CFS
SHA,H,76,INFLOW,20160716,0700,301, ,CFS
SHA,H,76,INFLOW,20160716,0800,6688, ,CFS
SHA,H,76,INFLOW,20160716,0900,-2851, ,CFS
SHA,H,76,INFLOW,20160716,1000,410, ,CFS
SHA,H,76,INFLOW,20160716,1100,-1229, ,CFS
SHA,H,76,INFLOW,20160716,1200,-1259, ,CFS
SHA,H,76,INFLOW,20160716,1300,4258, ,CFS
SHA,H,76,INFLOW,20160716,1400,-1489, ,CFS
SHA,H,76,INFLOW,20160716,1500,3908, ,CFS
SHA,H,76,INFLOW,20160716,1600,403, ,CFS
SHA,H,76,INFLOW,20160716,1700,2934, ,CFS
SHA,H,76,INFLOW,20160716,1800,2598, ,CFS
SHA,H,76,INFLOW,20160716,1900,-624, ,CFS
SHA,H,76,INFLOW,20160716,2000,2065, ,CFS
SHA,H,76,INFLOW,20160716,2100,4628, ,CFS
SHA,H,76,INFLOW,20160716,2200,-1888, ,CFS
SHA,H,76,INFLOW,20160716,2300,16047, ,CFS
SHA,H,76,INFLOW,20160717,0000,-8568, ,CFS
SHA,H,76,INFLOW,20160717,0100,4576, ,CFS
SHA,H,76,INFLOW,20160717,0200,-204, ,CFS
SHA,H,76,INFLOW,20160717,0300,-395, ,CFS
SHA,H,76,INFLOW,20160717,0400,2827, ,CFS
SHA,H,76,INFLOW,20160717,0500,-459, ,CFS
SHA,H,76,INFLOW,20160717,0600,-481, ,CFS
SHA,H,76,INFLOW,20160717,0700,5380, ,CFS
SHA,H,76,INFLOW,20160717,0800,-521, ,CFS
SHA,H,76,INFLOW,20160717,0900,2529, ,CFS
SHA,H,76,INFLOW,20160717,1000,2231, ,CFS
SHA,H,76,INFLOW,20160717,1100,-429, ,CFS
SHA,H,76,INFLOW,20160717,1200,3241, ,CFS
SHA,H,76,INFLOW,20160717,1300,653, ,CFS
SHA,H,76,INFLOW,20160717,1400,1411, ,CFS
SHA,H,76,INFLOW,20160717,1500,-2421, ,CFS
SHA,H,76,INFLOW,20160717,1600,2270, ,CFS
SHA,H,76,INFLOW,20160717,1700,3866, ,CFS
SHA,H,76,INFLOW,20160717,1800,1643, ,CFS
SHA,H,76,INFLOW,20160717,1900,-1377, ,CFS
SHA,H,76,INFLOW,20160717,2000,956, ,CFS
SHA,H,76,INFLOW,20160717,2100,569, ,CFS
SHA,H,76,INFLOW,20160717,2200,2236, ,CFS
SHA,H,76,INFLOW,20160717,2300,12624, ,CFS
SHA,H,76,INFLOW,20160718,0000,-4241, ,CFS
SHA,H,76,INFLOW,20160718,0100,3875, ,CFS
SHA,H,76,INFLOW,20160718,0200,3428, ,CFS
SHA,H,76,INFLOW,20160718,0300,302, ,CFS
SHA,H,76,INFLOW,20160718,0400,225, ,CFS
SHA,H,76,INFLOW,20160718,0500,229, ,CFS
SHA,H,76,INFLOW,20160718,0600,3094, ,CFS
SHA,H,76,INFLOW,20160718,0700,3727, ,CFS
SHA,H,76,INFLOW,20160718,0800,6848, ,CFS
SHA,H,76,INFLOW,20160718,0900,3693, ,CFS
SHA,H,76,INFLOW,20160718,1000,4992, ,CFS
SHA,H,76,INFLOW,20160718,1100,2551, ,CFS
SHA,H,76,INFLOW,20160718,1200,194, ,CFS
SHA,H,76,INFLOW,20160718,1300,5560, ,CFS
SHA,H,76,INFLOW,20160718,1400,794, ,CFS
SHA,H,76,INFLOW,20160718,1500,3320, ,CFS
SHA,H,76,INFLOW,20160718,1600,3334, ,CFS
SHA,H,76,INFLOW,20160718,1700,-1183, ,CFS
SHA,H,76,INFLOW,20160718,1800,142, ,CFS
SHA,H,76,INFLOW,20160718,1900,3635, ,CFS
SHA,H,76,INFLOW,20160718,2000,3787, ,CFS
SHA,H,76,INFLOW,20160718,2100,6494, ,CFS
SHA,H,76,INFLOW,20160718,2200,8494, ,CFS
SHA,H,76,INFLOW,20160718,2300,6648, ,CFS
SHA,H,76,INFLOW,20160719,0000,3703, ,CFS
SHA,H,76,INFLOW,20160719,0100,-2302, ,CFS
SHA,H,76,INFLOW,20160719,0200,6722, ,CFS
SHA,H,76,INFLOW,20160719,0300,3484, ,CFS
SHA,H,76,INFLOW,20160719,0400,226, ,CFS
SHA,H,76,INFLOW,20160719,0500,3366, ,CFS
SHA,H,76,INFLOW,20160719,0600,319, ,CFS
SHA,H,76,INFLOW,20160719,0700,-499, ,CFS
SHA,H,76,INFLOW,20160719,0800,-88, ,CFS
SHA,H,76,INFLOW,20160719,0900,2879, ,CFS
SHA,H,76,INFLOW,20160719,1000,2952, ,CFS
SHA,H,76,INFLOW,20160719,1100,617, ,CFS
SHA,H,76,INFLOW,20160719,1200,6900, ,CFS
SHA,H,76,INFLOW,20160719,1300,-879, ,CFS
SHA,H,76,INFLOW,20160719,1400,6461, ,CFS
SHA,H,76,INFLOW,20160719,1500,9797, ,CFS
SHA,H,76,INFLOW,20160719,1600,-1915, ,CFS
SHA,H,76,INFLOW,20160719,1700,9953, ,CFS
SHA,H,76,INFLOW,20160719,1800,68, ,CFS
SHA,H,76,INFLOW,20160719,1900,-2618, ,CFS
SHA,H,76,INFLOW,20160719,2000,15495, ,CFS
SHA,H,76,INFLOW,20160719,2100,5228, ,CFS
SHA,H,76,INFLOW,20160719,2200,5653, ,CFS
SHA,H,76,INFLOW,20160719,2300,16038, ,CFS
SHA,H,76,INFLOW,20160720,0000,-7211, ,CFS
SHA,H,76,INFLOW,20160720,0100,3315, ,CFS
SHA,H,76,INFLOW,20160720,0200,2697, ,CFS
SHA,H,76,INFLOW,20160720,0300,2693, ,CFS
SHA,H,76,INFLOW,20160720,0400,6206, ,CFS
SHA,H,76,INFLOW,20160720,0500,45, ,CFS
SHA,H,76,INFLOW,20160720,0600,344, ,CFS
SHA,H,76,INFLOW,20160720,0700,3682, ,CFS
SHA,H,76,INFLOW,20160720,0800,4171, ,CFS
SHA,H,76,INFLOW,20160720,0900,8632, ,CFS
SHA,H,76,INFLOW,20160720,1000,2828, ,CFS
SHA,H,76,INFLOW,20160720,1100,-28, ,CFS
SHA,H,76,INFLOW,20160720,1200,6932, ,CFS
SHA,H,76,INFLOW,20160720,1300,-1829, ,CFS
SHA,H,76,INFLOW,20160720,1400,3883, ,CFS
SHA,H,76,INFLOW,20160720,1500,3136, ,CFS
SHA,H,76,INFLOW,20160720,1600,-3034, ,CFS
SHA,H,76,INFLOW,20160720,1700,7733, ,CFS
SHA,H,76,INFLOW,20160720,1800,910, ,CFS
SHA,H,76,INFLOW,20160720,1900,5940, ,CFS
SHA,H,76,INFLOW,20160720,2000,9530, ,CFS
SHA,H,76,INFLOW,20160720,2100,6470, ,CFS
SHA,H,76,INFLOW,20160720,2200,10537, ,CFS
SHA,H,76,INFLOW,20160720,2300,9087, ,CFS
SHA,H,76,INFLOW,20160721,0000,-1927, ,CFS
SHA,H,76,INFLOW,20160721,0100,3120, ,CFS
SHA,H,76,INFLOW,20160721,0200,-333, ,CFS
SHA,H,76,INFLOW,20160721,0300,-129, ,CFS
SHA,H,76,INFLOW,20160721,0400,2985, ,CFS
SHA,H,76,INFLOW,20160721,0500,-61, ,CFS
SHA,H,76,INFLOW,20160721,0600,236, ,CFS
SHA,H,76,INFLOW,20160721,0700,1128, ,CFS
SHA,H,76,INFLOW,20160721,0800,1318, ,CFS
SHA,H,76,INFLOW,20160721,0900,1360, ,CFS
SHA,H,76,INFLOW,20160721,1000,-910, ,CFS
SHA,H,76,INFLOW,20160721,1100,773, ,CFS
SHA,H,76,INFLOW,20160721,1200,16326, ,CFS
SHA,H,76,INFLOW,20160721,1300,-1381, ,CFS
SHA,H,76,INFLOW,20160721,1400,12393, ,CFS
SHA,H,76,INFLOW,20160721,1500,508, ,CFS
SHA,H,76,INFLOW,20160721,1600,27, ,CFS
SHA,H,76,INFLOW,20160721,1700,3778, ,CFS
SHA,H,76,INFLOW,20160721,1800,1011, ,CFS
SHA,H,76,INFLOW,20160721,1900,2791, ,CFS
SHA,H,76,INFLOW,20160721,2000,14776, ,CFS
SHA,H,76,INFLOW,20160721,2100,2494, ,CFS
SHA,H,76,INFLOW,20160721,2200,8973, ,CFS
SHA,H,76,INFLOW,20160721,2300,11948, ,CFS
SHA,H,76,INFLOW,20160722,0000,3529, ,CFS
SHA,H,76,INFLOW,20160722,0100,3027, ,CFS
SHA,H,76,INFLOW,20160722,0200,-334, ,CFS
SHA,H,76,INFLOW,20160722,0300,2609, ,CFS
SHA,H,76,INFLOW,20160722,0400,2658, ,CFS
SHA,H,76,INFLOW,20160722,0500,-479, ,CFS
SHA,H,76,INFLOW,20160722,0600,144, ,CFS
SHA,H,76,INFLOW,20160722,0700,-893, ,CFS
SHA,H,76,INFLOW,20160722,0800,6, ,CFS
SHA,H,76,INFLOW,20160722,0900,367, ,CFS
SHA,H,76,INFLOW,20160722,1000,404, ,CFS
SHA,H,76,INFLOW,20160722,1100,8481, ,CFS
SHA,H,76,INFLOW,20160722,1200,1734, ,CFS
SHA,H,76,INFLOW,20160722,1300,5026, ,CFS
SHA,H,76,INFLOW,20160722,1400,3297, ,CFS
SHA,H,76,INFLOW,20160722,1500,1250, ,CFS
SHA,H,76,INFLOW,20160722,1600,2414, ,CFS
SHA,H,76,INFLOW,20160722,1700,3381, ,CFS
SHA,H,76,INFLOW,20160722,1800,5414, ,CFS
SHA,H,76,INFLOW,20160722,1900,9426, ,CFS
SHA,H,76,INFLOW,20160722,2000,6426, ,CFS
SHA,H,76,INFLOW,20160722,2100,6432, ,CFS
SHA,H,76,INFLOW,20160722,2200,12361, ,CFS
SHA,H,76,INFLOW,20160722,2300,-2877, ,CFS
SHA,H,76,INFLOW,20160723,0000,3541, ,CFS
SHA,H,76,INFLOW,20160723,0100,1043, ,CFS
SHA,H,76,INFLOW,20160723,0200,496, ,CFS
SHA,H,76,INFLOW,20160723,0300,3726, ,CFS
SHA,H,76,INFLOW,20160723,0400,522, ,CFS
SHA,H,76,INFLOW,20160723,0500,703, ,CFS
SHA,H,76,INFLOW,20160723,0600,3826, ,CFS
SHA,H,76,INFLOW,20160723,0700,-1089, ,CFS
SHA,H,76,INFLOW,20160723,0800,-1004, ,CFS
SHA,H,76,INFLOW,20160723,0900,2045, ,CFS
SHA,H,76,INFLOW,20160723,1000,-1181, ,CFS
SHA,H,76,INFLOW,20160723,1100,3409, ,CFS
SHA,H,76,INFLOW,20160723,1200,-375, ,CFS
SHA,H,76,INFLOW,20160723,1300,-1556, ,CFS
SHA,H,76,INFLOW,20160723,1400,2965, ,CFS
SHA,H,76,INFLOW,20160723,1500,-345, ,CFS
SHA,H,76,INFLOW,20160723,1600,6834, ,CFS
SHA,H,76,INFLOW,20160723,1700,-35, ,CFS
SHA,H,76,INFLOW,20160723,1800,268, ,CFS
SHA,H,76,INFLOW,20160723,1900,3423, ,CFS
SHA,H,76,INFLOW,20160723,2000,13124, ,CFS
SHA,H,76,INFLOW,20160723,2100,6781, ,CFS
SHA,H,76,INFLOW,20160723,2200,10697, ,CFS
SHA,H,76,INFLOW,20160723,2300,446, ,CFS
SHA,H,76,INFLOW,20160724,0000,-2423, ,CFS
SHA,H,76,INFLOW,20160724,0100,6417, ,CFS
SHA,H,76,INFLOW,20160724,0200,-3470, ,CFS
SHA,H,76,INFLOW,20160724,0300,2391, ,CFS
SHA,H,76,INFLOW,20160724,0400,2473, ,CFS
SHA,H,76,INFLOW,20160724,0500,-651, ,CFS
SHA,H,76,INFLOW,20160724,0600,-396, ,CFS
SHA,H,76,INFLOW,20160724,0700,2642, ,CFS
SHA,H,76,INFLOW,20160724,0800,-278, ,CFS
SHA,H,76,INFLOW,20160724,0900,2807, ,CFS
SHA,H,76,INFLOW,20160724,1000,-250, ,CFS
SHA,H,76,INFLOW,20160724,1100,1204, ,CFS
SHA,H,76,INFLOW,20160724,1200,765, ,CFS
SHA,H,76,INFLOW,20160724,1300,-1359, ,CFS
SHA,H,76,INFLOW,20160724,1400,-29, ,CFS
SHA,H,76,INFLOW,20160724,1500,2946, ,CFS
SHA,H,76,INFLOW,20160724,1600,3660, ,CFS
SHA,H,76,INFLOW,20160724,1700,833, ,CFS
SHA,H,76,INFLOW,20160724,1800,12558, ,CFS
SHA,H,76,INFLOW,20160724,1900,1878, ,CFS
SHA,H,76,INFLOW,20160724,2000,3795, ,CFS
SHA,H,76,INFLOW,20160724,2100,6970, ,CFS
SHA,H,76,INFLOW,20160724,2200,7791, ,CFS
SHA,H,76,INFLOW,20160724,2300,6899, ,CFS
SHA,H,76,INFLOW,20160725,0000,-6505, ,CFS
SHA,H,76,INFLOW,20160725,0100,3471, ,CFS
SHA,H,76,INFLOW,20160725,0200,-580, ,CFS
SHA,H,76,INFLOW,20160725,0300,2053, ,CFS
SHA,H,76,INFLOW,20160725,0400,4753, ,CFS
SHA,H,76,INFLOW,20160725,0500,-1490, ,CFS
SHA,H,76,INFLOW,20160725,0600,2513, ,CFS
SHA,H,76,INFLOW,20160725,0700,2983, ,CFS
SHA,H,76,INFLOW,20160725,0800,29, ,CFS
SHA,H,76,INFLOW,20160725,0900,3748, ,CFS
SHA,H,76,INFLOW,20160725,1000,-5025, ,CFS
SHA,H,76,INFLOW,20160725,1100,3381, ,CFS
SHA,H,76,INFLOW,20160725,1200,722, ,CFS
SHA,H,76,INFLOW,20160725,1300,-2885, ,CFS
SHA,H,76,INFLOW,20160725,1400,5335, ,CFS
SHA,H,76,INFLOW,20160725,1500,1228, ,CFS
SHA,H,76,INFLOW,20160725,1600,11078, ,CFS
SHA,H,76,INFLOW,20160725,1700,7956, ,CFS
SHA,H,76,INFLOW,20160725,1800,8342, ,CFS
SHA,H,76,INFLOW,20160725,1900,9745, ,CFS
SHA,H,76,INFLOW,20160725,2000,5764, ,CFS
SHA,H,76,INFLOW,20160725,2100,11081, ,CFS
SHA,H,76,INFLOW,20160725,2200,4165, ,CFS
SHA,H,76,INFLOW,20160725,2300,2054, ,CFS
SHA,H,76,INFLOW,20160726,0000,1780, ,CFS
SHA,H,76,INFLOW,20160726,0100,2432, ,CFS
SHA,H,76,INFLOW,20160726,0200,-928, ,CFS
SHA,H,76,INFLOW,20160726,0300,5154, ,CFS
SHA,H,76,INFLOW,20160726,0400,2006, ,CFS
SHA,H,76,INFLOW,20160726,0500,-1063, ,CFS
SHA,H,76,INFLOW,20160726,0600,2567, ,CFS
SHA,H,76,INFLOW,20160726,0700,2932, ,CFS
SHA,H,76,INFLOW,20160726,0800,-2688, ,CFS
SHA,H,76,INFLOW,20160726,0900,3574, ,CFS
SHA,H,76,INFLOW,20160726,1000,-1419, ,CFS
SHA,H,76,INFLOW,20160726,1100,2924, ,CFS
SHA,H,76,INFLOW,20160726,1200,863, ,CFS
SHA,H,76,INFLOW,20160726,1300,-823, ,CFS
SHA,H,76,INFLOW,20160726,1400,11821, ,CFS
SHA,H,76,INFLOW,20160726,1500,-787, ,CFS
SHA,H,76,INFLOW,20160726,1600,12532, ,CFS
SHA,H,76,INFLOW,20160726,1700,12513, ,CFS
SHA,H,76,INFLOW,20160726,1800,4157, ,CFS
SHA,H,76,INFLOW,20160726,1900,10161, ,CFS
SHA,H,76,INFLOW,20160726,2000,8935, ,CFS
SHA,H,76,INFLOW,20160726,2100,5, ,CFS
SHA,H,76,INFLOW,20160726,2200,17551, ,CFS
SHA,H,76,INFLOW,20160726,2300,-4395, ,CFS
SHA,H,76,INFLOW,20160727,0000,-4505, ,CFS
SHA,H,76,INFLOW,20160727,0100,11646, ,CFS
SHA,H,76,INFLOW,20160727,0200,-6400, ,CFS
SHA,H,76,INFLOW,20160727,0300,5988, ,CFS
SHA,H,76,INFLOW,20160727,0400,2648, ,CFS
SHA,H,76,INFLOW,20160727,0500,-3563, ,CFS
SHA,H,76,INFLOW,20160727,0600,6333, ,CFS
SHA,H,76,INFLOW,20160727,0700,-444, ,CFS
SHA,H,76,INFLOW,20160727,0800,529, ,CFS
SHA,H,76,INFLOW,20160727,0900,3159, ,CFS
SHA,H,76,INFLOW,20160727,1000,-2593, ,CFS
SHA,H,76,INFLOW,20160727,1100,1428, ,CFS
SHA,H,76,INFLOW,20160727,1200,3947, ,CFS
SHA,H,76,INFLOW,20160727,1300,422, ,CFS
SHA,H,76,INFLOW,20160727,1400,13549, ,CFS
SHA,H,76,INFLOW,20160727,1500,2762, ,CFS
SHA,H,76,INFLOW,20160727,1600,9119, ,CFS
SHA,H,76,INFLOW,20160727,1700,10868, ,CFS
SHA,H,76,INFLOW,20160727,1800,4465, ,CFS
SHA,H,76,INFLOW,20160727,1900,14104, ,CFS
SHA,H,76,INFLOW,20160727,2000,6953, ,CFS
SHA,H,76,INFLOW,20160727,2100,7731, ,CFS
SHA,H,76,INFLOW,20160727,2200,4358, ,CFS
SHA,H,76,INFLOW,20160727,2300,-784, ,CFS
SHA,H,76,INFLOW,20160728,0000,76, ,CFS
SHA,H,76,INFLOW,20160728,0100,35, ,CFS
SHA,H,76,INFLOW,20160728,0200,2649, ,CFS
SHA,H,76,INFLOW,20160728,0300,2628, ,CFS
SHA,H,76,INFLOW,20160728,0400,-322, ,CFS
SHA,H,76,INFLOW,20160728,0500,2650, ,CFS
SHA,H,76,INFLOW,20160728,0600,-63, ,CFS
SHA,H,76,INFLOW,20160728,0700,2731, ,CFS
SHA,H,76,INFLOW,20160728,0800,3383, ,CFS
SHA,H,76,INFLOW,20160728,0900,-3010, ,CFS
SHA,H,76,INFLOW,20160728,1000,664, ,CFS
SHA,H,76,INFLOW,20160728,1100,-925, ,CFS
SHA,H,76,INFLOW,20160728,1200,2997, ,CFS
SHA,H,76,INFLOW,20160728,1300,156, ,CFS
SHA,H,76,INFLOW,20160728,1400,7556, ,CFS
SHA,H,76,INFLOW,20160728,1500,8841, ,CFS
SHA,H,76,INFLOW,20160728,1600,10216, ,CFS
SHA,H,76,INFLOW,20160728,1700,8254, ,CFS
SHA,H,76,INFLOW,20160728,1800,8178, ,CFS
SHA,H,76,INFLOW,20160728,1900,8309, ,CFS
SHA,H,76,INFLOW,20160728,2000,7502, ,CFS
SHA,H,76,INFLOW,20160728,2100,4679, ,CFS
SHA,H,76,INFLOW,20160728,2200,10840, ,CFS
SHA,H,76,INFLOW,20160728,2300,3481, ,CFS
SHA,H,76,INFLOW,20160729,0000,-2327, ,CFS
SHA,H,76,INFLOW,20160729,0100,2934, ,CFS
SHA,H,76,INFLOW,20160729,0200,-253, ,CFS
SHA,H,76,INFLOW,20160729,0300,2754, ,CFS
SHA,H,76,INFLOW,20160729,0400,2755, ,CFS
SHA,H,76,INFLOW,20160729,0500,-14, ,CFS
SHA,H,76,INFLOW,20160729,0600,3331, ,CFS
SHA,H,76,INFLOW,20160729,0700,-580, ,CFS
SHA,H,76,INFLOW,20160729,0800,-65, ,CFS
SHA,H,76,INFLOW,20160729,0900,2723, ,CFS
SHA,H,76,INFLOW,20160729,1000,-1566, ,CFS
SHA,H,76,INFLOW,20160729,1100,2156, ,CFS
SHA,H,76,INFLOW,20160729,1200,-765, ,CFS
SHA,H,76,INFLOW,20160729,1300,1564, ,CFS
SHA,H,76,INFLOW,20160729,1400,214, ,CFS
SHA,H,76,INFLOW,20160729,1500,14032, ,CFS
SHA,H,76,INFLOW,20160729,1600,5180, ,CFS
SHA,H,76,INFLOW,20160729,1700,11384, ,CFS
SHA,H,76,INFLOW,20160729,1800,8286, ,CFS
SHA,H,76,INFLOW,20160729,1900,5660, ,CFS
SHA,H,76,INFLOW,20160729,2000,5270, ,CFS
SHA,H,76,INFLOW,20160729,2100,7982, ,CFS
SHA,H,76,INFLOW,20160729,2200,8771, ,CFS
SHA,H,76,INFLOW,20160729,2300,5693, ,CFS
SHA,H,76,INFLOW,20160730,0000,-5828, ,CFS
SHA,H,76,INFLOW,20160730,0100,5917, ,CFS
SHA,H,76,INFLOW,20160730,0200,-93, ,CFS
SHA,H,76,INFLOW,20160730,0300,2904, ,CFS
SHA,H,76,INFLOW,20160730,0400,2791, ,CFS
SHA,H,76,INFLOW,20160730,0500,-236, ,CFS
SHA,H,76,INFLOW,20160730,0600,147, ,CFS
SHA,H,76,INFLOW,20160730,0700,6197, ,CFS
SHA,H,76,INFLOW,20160730,0800,-2544, ,CFS
SHA,H,76,INFLOW,20160730,0900,3972, ,CFS
SHA,H,76,INFLOW,20160730,1000,-2097, ,CFS
SHA,H,76,INFLOW,20160730,1100,-194, ,CFS
SHA,H,76,INFLOW,20160730,1200,1650, ,CFS
SHA,H,76,INFLOW,20160730,1300,395, ,CFS
SHA,H,76,INFLOW,20160730,1400,3737, ,CFS
SHA,H,76,INFLOW,20160730,1500,1372, ,CFS
SHA,H,76,INFLOW,20160730,1600,1188, ,CFS
SHA,H,76,INFLOW,20160730,1700,5580, ,CFS
SHA,H,76,INFLOW,20160730,1800,8979, ,CFS
SHA,H,76,INFLOW,20160730,1900,-4110, ,CFS
SHA,H,76,INFLOW,20160730,2000,7269, ,CFS
SHA,H,76,INFLOW,20160730,2100,4607, ,CFS
SHA,H,76,INFLOW,20160730,2200,5849, ,CFS
SHA,H,76,INFLOW,20160730,2300,2095, ,CFS
SHA,H,76,INFLOW,20160731,0000,-1886, ,CFS
SHA,H,76,INFLOW,20160731,0100,2856, ,CFS
SHA,H,76,INFLOW,20160731,0200,-267, ,CFS
SHA,H,76,INFLOW,20160731,0300,5864, ,CFS
SHA,H,76,INFLOW,20160731,0400,2786, ,CFS
SHA,H,76,INFLOW,20160731,0500,-3273, ,CFS
SHA,H,76,INFLOW,20160731,0600,3159, ,CFS
SHA,H,76,INFLOW,20160731,0700,3017, ,CFS
SHA,H,76,INFLOW,20160731,0800,-2881, ,CFS
SHA,H,76,INFLOW,20160731,0900,3157, ,CFS
SHA,H,76,INFLOW,20160731,1000,254, ,CFS
SHA,H,76,INFLOW,20160731,1100,-1256, ,CFS
SHA,H,76,INFLOW,20160731,1200,-1300, ,CFS
SHA,H,76,INFLOW,20160731,1300,8702, ,CFS
SHA,H,76,INFLOW,20160731,1400,-2275, ,CFS
SHA,H,76,INFLOW,20160731,1500,5013, ,CFS
SHA,H,76,INFLOW,20160731,1600,2338, ,CFS
SHA,H,76,INFLOW,20160731,1700,4416, ,CFS
SHA,H,76,INFLOW,20160731,1800,2443, ,CFS
SHA,H,76,INFLOW,20160731,1900,1713, ,CFS
SHA,H,76,INFLOW,20160731,2000,3882, ,CFS
SHA,H,76,INFLOW,20160731,2100,2878, ,CFS
SHA,H,76,INFLOW,20160731,2200,7704, ,CFS
SHA,H,76,INFLOW,20160731,2300,2666, ,CFS
SHA,H,76,INFLOW,20160801,0000,-2719, ,CFS
SHA,H,76,INFLOW,20160801,0100,2951, ,CFS
SHA,H,76,INFLOW,20160801,0200,-354, ,CFS
SHA,H,76,INFLOW,20160801,0300,2430, ,CFS
SHA,H,76,INFLOW,20160801,0400,2415, ,CFS
SHA,H,76,INFLOW,20160801,0500,-3487, ,CFS
SHA,H,76,INFLOW,20160801,0600,3187, ,CFS
SHA,H,76,INFLOW,20160801,0700,2311, ,CFS
SHA,H,76,INFLOW,20160801,0800,2673, ,CFS
SHA,H,76,INFLOW,20160801,0900,8861, ,CFS
SHA,H,76,INFLOW,20160801,1000,-3550, ,CFS
SHA,H,76,INFLOW,20160801,1100,859, ,CFS
SHA,H,76,INFLOW,20160801,1200,4574, ,CFS
SHA,H,76,INFLOW,20160801,1300,-996, ,CFS
SHA,H,76,INFLOW,20160801,1400,7514, ,CFS
SHA,H,76,INFLOW,20160801,1500,1262, ,CFS
SHA,H,76,INFLOW,20160801,1600,241, ,CFS
SHA,H,76,INFLOW,20160801,1700,4866, ,CFS
SHA,H,76,INFLOW,20160801,1800,-1563, ,CFS
SHA,H,76,INFLOW,20160801,1900,1787, ,CFS
SHA,H,76,INFLOW,20160801,2000,7579, ,CFS
SHA,H,76,INFLOW,20160801,2100,-3728, ,CFS
SHA,H,76,INFLOW,20160801,2200,6544, ,CFS
SHA,H,76,INFLOW,20160801,2300,3738, ,CFS
SHA,H,76,INFLOW,20160802,0000,-1253, ,CFS
SHA,H,76,INFLOW,20160802,0100,6165, ,CFS
SHA,H,76,INFLOW,20160802,0200,312, ,CFS
SHA,H,76,INFLOW,20160802,0300,42, ,CFS
SHA,H,76,INFLOW,20160802,0400,5512, ,CFS
SHA,H,76,INFLOW,20160802,0500,2633, ,CFS
SHA,H,76,INFLOW,20160802,0600,3248, ,CFS
SHA,H,76,INFLOW,20160802,0700,2502, ,CFS
SHA,H,76,INFLOW,20160802,0800,-73, ,CFS
SHA,H,76,INFLOW,20160802,0900,2758, ,CFS
SHA,H,76,INFLOW,20160802,1000,-2003, ,CFS
SHA,H,76,INFLOW,20160802,1100,1981, ,CFS
SHA,H,76,INFLOW,20160802,1200,2551, ,CFS
SHA,H,76,INFLOW,20160802,1300,7763, ,CFS
SHA,H,76,INFLOW,20160802,1400,13845, ,CFS
SHA,H,76,INFLOW,20160802,1500,-3252, ,CFS
SHA,H,76,INFLOW,20160802,1600,264, ,CFS
SHA,H,76,INFLOW,20160802,1700,416, ,CFS
SHA,H,76,INFLOW,20160802,1800,3615, ,CFS
SHA,H,76,INFLOW,20160802,1900,3578, ,CFS
SHA,H,76,INFLOW,20160802,2000,-71, ,CFS
SHA,H,76,INFLOW,20160802,2100,10553, ,CFS
SHA,H,76,INFLOW,20160802,2200,-1360, ,CFS
SHA,H,76,INFLOW,20160802,2300,280, ,CFS
SHA,H,76,INFLOW,20160803,0000,3065, ,CFS
SHA,H,76,INFLOW,20160803,0100,267, ,CFS
SHA,H,76,INFLOW,20160803,0200,2836, ,CFS
SHA,H,76,INFLOW,20160803,0300,2453, ,CFS
SHA,H,76,INFLOW,20160803,0400,2349, ,CFS
SHA,H,76,INFLOW,20160803,0500,5502, ,CFS
SHA,H,76,INFLOW,20160803,0600,-2914, ,CFS
SHA,H,76,INFLOW,20160803,0700,-497, ,CFS
SHA,H,76,INFLOW,20160803,0800,85, ,CFS
SHA,H,76,INFLOW,20160803,0900,3122, ,CFS
SHA,H,76,INFLOW,20160803,1000,3172, ,CFS
SHA,H,76,INFLOW,20160803,1100,-2207, ,CFS
SHA,H,76,INFLOW,20160803,1200,-2564, ,CFS
SHA,H,76,INFLOW,20160803,1300,-411, ,CFS
SHA,H,76,INFLOW,20160803,1400,693, ,CFS
SHA,H,76,INFLOW,20160803,1500,1746, ,CFS
SHA,H,76,INFLOW,20160803,1600,3716, ,CFS
SHA,H,76,INFLOW,20160803,1700,922, ,CFS
SHA,H,76,INFLOW,20160803,1800,11286, ,CFS
SHA,H,76,INFLOW,20160803,1900,4732, ,CFS
SHA,H,76,INFLOW,20160803,2000,9845, ,CFS
SHA,H,76,INFLOW,20160803,2100,8521, ,CFS
SHA,H,76,INFLOW,20160803,2200,-2083, ,CFS
SHA,H,76,INFLOW,20160803,2300,1516, ,CFS
SHA,H,76,INFLOW,20160804,0000,-376, ,CFS
SHA,H,76,INFLOW,20160804,0100,3177, ,CFS
SHA,H,76,INFLOW,20160804,0200,2993, ,CFS
SHA,H,76,INFLOW,20160804,0300,140, ,CFS
SHA,H,76,INFLOW,20160804,0400,202, ,CFS
SHA,H,76,INFLOW,20160804,0500,2917, ,CFS
SHA,H,76,INFLOW,20160804,0600,-2597, ,CFS
SHA,H,76,INFLOW,20160804,0700,3540, ,CFS
SHA,H,76,INFLOW,20160804,0800,753, ,CFS
SHA,H,76,INFLOW,20160804,0900,3284, ,CFS
SHA,H,76,INFLOW,20160804,1000,-2141, ,CFS
SHA,H,76,INFLOW,20160804,1100,2958, ,CFS
SHA,H,76,INFLOW,20160804,1200,3805, ,CFS
SHA,H,76,INFLOW,20160804,1300,4708, ,CFS
SHA,H,76,INFLOW,20160804,1400,4761, ,CFS
SHA,H,76,INFLOW,20160804,1500,4362, ,CFS
SHA,H,76,INFLOW,20160804,1600,4679, ,CFS
SHA,H,76,INFLOW,20160804,1700,3420, ,CFS
SHA,H,76,INFLOW,20160804,1800,5341, ,CFS
SHA,H,76,INFLOW,20160804,1900,8581, ,CFS
SHA,H,76,INFLOW,20160804,2000,6785, ,CFS
SHA,H,76,INFLOW,20160804,2100,5384, ,CFS
SHA,H,76,INFLOW,20160804,2200,6474, ,CFS
SHA,H,76,INFLOW,20160804,2300,-3704, ,CFS
SHA,H,76,INFLOW,20160805,0000,5956, ,CFS
SHA,H,76,INFLOW,20160805,0100,2944, ,CFS
SHA,H,76,INFLOW,20160805,0200,2620, ,CFS
SHA,H,76,INFLOW,20160805,0300,2503, ,CFS
SHA,H,76,INFLOW,20160805,0400,-520, ,CFS
SHA,H,76,INFLOW,20160805,0500,3002, ,CFS
SHA,H,76,INFLOW,20160805,0600,528, ,CFS
SHA,H,76,INFLOW,20160805,0700,2536, ,CFS
SHA,H,76,INFLOW,20160805,0800,11684, ,CFS
SHA,H,76,INFLOW,20160805,0900,-491, ,CFS
SHA,H,76,INFLOW,20160805,1000,-381, ,CFS
SHA,H,76,INFLOW,20160805,1100,6380, ,CFS
SHA,H,76,INFLOW,20160805,1200,913, ,CFS
SHA,H,76,INFLOW,20160805,1300,9127, ,CFS
SHA,H,76,INFLOW,20160805,1400,-693, ,CFS
SHA,H,76,INFLOW,20160805,1500,1679, ,CFS
SHA,H,76,INFLOW,20160805,1600,6765, ,CFS
SHA,H,76,INFLOW,20160805,1700,-2196, ,CFS
SHA,H,76,INFLOW,20160805,1800,4971, ,CFS
SHA,H,76,INFLOW,20160805,1900,-979, ,CFS
SHA,H,76,INFLOW,20160805,2000,6530, ,CFS
SHA,H,76,INFLOW,20160805,2100,5993, ,CFS
SHA,H,76,INFLOW,20160805,2200,8062, ,CFS
SHA,H,76,INFLOW,20160805,2300,4889, ,CFS
SHA,H,76,INFLOW,20160806,0000,7757, ,CFS
SHA,H,76,INFLOW,20160806,0100,-1186, ,CFS
SHA,H,76,INFLOW,20160806,0200,4450, ,CFS
SHA,H,76,INFLOW,20160806,0300,1409, ,CFS
SHA,H,76,INFLOW,20160806,0400,10260, ,CFS
SHA,H,76,INFLOW,20160806,0500,-1834, ,CFS
SHA,H,76,INFLOW,20160806,0600,1559, ,CFS
SHA,H,76,INFLOW,20160806,0700,13638, ,CFS
SHA,H,76,INFLOW,20160806,0800,-7139, ,CFS
SHA,H,76,INFLOW,20160806,0900,2093, ,CFS
SHA,H,76,INFLOW,20160806,1000,2177, ,CFS
SHA,H,76,INFLOW,20160806,1100,-4317, ,CFS
SHA,H,76,INFLOW,20160806,1200,7276, ,CFS
SHA,H,76,INFLOW,20160806,1300,-1139, ,CFS
SHA,H,76,INFLOW,20160806,1400,-1269, ,CFS
SHA,H,76,INFLOW,20160806,1500,6216, ,CFS
SHA,H,76,INFLOW,20160806,1600,-1115, ,CFS
SHA,H,76,INFLOW,20160806,1700,5282, ,CFS
SHA,H,76,INFLOW,20160806,1800,907, ,CFS
SHA,H,76,INFLOW,20160806,1900,-2095, ,CFS
SHA,H,76,INFLOW,20160806,2000,13672, ,CFS
SHA,H,76,INFLOW,20160806,2100,4408, ,CFS
SHA,H,76,INFLOW,20160806,2200,884, ,CFS
SHA,H,76,INFLOW,20160806,2300,5833, ,CFS
SHA,H,76,INFLOW,20160807,0000,-416, ,CFS
SHA,H,76,INFLOW,20160807,0100,2967, ,CFS
SHA,H,76,INFLOW,20160807,0200,2591, ,CFS
SHA,H,76,INFLOW,20160807,0300,2898, ,CFS
SHA,H,76,INFLOW,20160807,0400,-122, ,CFS
SHA,H,76,INFLOW,20160807,0500,2792, ,CFS
SHA,H,76,INFLOW,20160807,0600,92, ,CFS
SHA,H,76,INFLOW,20160807,0700,3196, ,CFS
SHA,H,76,INFLOW,20160807,0800,457, ,CFS
SHA,H,76,INFLOW,20160807,0900,624, ,CFS
SHA,H,76,INFLOW,20160807,1000,-439, ,CFS
SHA,H,76,INFLOW,20160807,1100,754, ,CFS
SHA,H,76,INFLOW,20160807,1200,940, ,CFS
SHA,H,76,INFLOW,20160807,1300,-996, ,CFS
SHA,H,76,INFLOW,20160807,1400,3724, ,CFS
SHA,H,76,INFLOW,20160807,1500,2154, ,CFS
SHA,H,76,INFLOW,20160807,1600,757, ,CFS
SHA,H,76,INFLOW,20160807,1700,4220, ,CFS
SHA,H,76,INFLOW,20160807,1800,-1466, ,CFS
SHA,H,76,INFLOW,20160807,1900,4643, ,CFS
SHA,H,76,INFLOW,20160807,2000,10439, ,CFS
SHA,H,76,INFLOW,20160807,2100,3739, ,CFS
SHA,H,76,INFLOW,20160807,2200,12692, ,CFS
SHA,H,76,INFLOW,20160807,2300,8812, ,CFS
SHA,H,76,INFLOW,20160808,0000,1887, ,CFS
SHA,H,76,INFLOW,20160808,0100,1824, ,CFS
SHA,H,76,INFLOW,20160808,0200,-1183, ,CFS
SHA,H,76,INFLOW,20160808,0300,4781, ,CFS
SHA,H,76,INFLOW,20160808,0400,1736, ,CFS
SHA,H,76,INFLOW,20160808,0500,-1192, ,CFS
SHA,H,76,INFLOW,20160808,0600,2755, ,CFS
SHA,H,76,INFLOW,20160808,0700,2657, ,CFS
SHA,H,76,INFLOW,20160808,0800,-27, ,CFS
SHA,H,76,INFLOW,20160808,0900,44, ,CFS
SHA,H,76,INFLOW,20160808,1000,342, ,CFS
SHA,H,76,INFLOW,20160808,1100,-2625, ,CFS
SHA,H,76,INFLOW,20160808,1200,1968, ,CFS
SHA,H,76,INFLOW,20160808,1300,-61, ,CFS
SHA,H,76,INFLOW,20160808,1400,4718, ,CFS
SHA,H,76,INFLOW,20160808,1500,462, ,CFS
SHA,H,76,INFLOW,20160808,1600,-131, ,CFS
SHA,H,76,INFLOW,20160808,1700,2119, ,CFS
SHA,H,76,INFLOW,20160808,1800,2904, ,CFS
SHA,H,76,INFLOW,20160808,1900,7458, ,CFS
SHA,H,76,INFLOW,20160808,2000,9596, ,CFS
SHA,H,76,INFLOW,20160808,2100,8308, ,CFS
SHA,H,76,INFLOW,20160808,2200,7422, ,CFS
SHA,H,76,INFLOW,20160808,2300,10478, ,CFS
SHA,H,76,INFLOW,20160809,0000,-4867, ,CFS
SHA,H,76,INFLOW,20160809,0100,5878, ,CFS
SHA,H,76,INFLOW,20160809,0200,-741, ,CFS
SHA,H,76,INFLOW,20160809,0300,2133, ,CFS
SHA,H,76,INFLOW,20160809,0400,2092, ,CFS
SHA,H,76,INFLOW,20160809,0500,-765, ,CFS
SHA,H,76,INFLOW,20160809,0600,2842, ,CFS
SHA,H,76,INFLOW,20160809,0700,3119, ,CFS
SHA,H,76,INFLOW,20160809,0800,338, ,CFS
SHA,H,76,INFLOW,20160809,0900,1858, ,CFS
SHA,H,76,INFLOW,20160809,1000,2152, ,CFS
SHA,H,76,INFLOW,20160809,1100,-4911, ,CFS
SHA,H,76,INFLOW,20160809,1200,2372, ,CFS
SHA,H,76,INFLOW,20160809,1300,-3064, ,CFS
SHA,H,76,INFLOW,20160809,1400,2723, ,CFS
SHA,H,76,INFLOW,20160809,1500,1141, ,CFS
SHA,H,76,INFLOW,20160809,1600,1098, ,CFS
SHA,H,76,INFLOW,20160809,1700,-1859, ,CFS
SHA,H,76,INFLOW,20160809,1800,2120, ,CFS
SHA,H,76,INFLOW,20160809,1900,11111, ,CFS
SHA,H,76,INFLOW,20160809,2000,7247, ,CFS
SHA,H,76,INFLOW,20160809,2100,10587, ,CFS
SHA,H,76,INFLOW,20160809,2200,5563, ,CFS
SHA,H,76,INFLOW,20160809,2300,4466, ,CFS
SHA,H,76,INFLOW,20160810,0000,-1908, ,CFS
SHA,H,76,INFLOW,20160810,0100,2587, ,CFS
SHA,H,76,INFLOW,20160810,0200,2175, ,CFS
SHA,H,76,INFLOW,20160810,0300,2149, ,CFS
SHA,H,76,INFLOW,20160810,0400,1966, ,CFS
SHA,H,76,INFLOW,20160810,0500,2189, ,CFS
SHA,H,76,INFLOW,20160810,0600,-187, ,CFS
SHA,H,76,INFLOW,20160810,0700,1335, ,CFS
SHA,H,76,INFLOW,20160810,0800,2091, ,CFS
SHA,H,76,INFLOW,20160810,0900,1828, ,CFS
SHA,H,76,INFLOW,20160810,1000,-753, ,CFS
SHA,H,76,INFLOW,20160810,1100,417, ,CFS
SHA,H,76,INFLOW,20160810,1200,440, ,CFS
SHA,H,76,INFLOW,20160810,1300,-2954, ,CFS
SHA,H,76,INFLOW,20160810,1400,4344, ,CFS
SHA,H,76,INFLOW,20160810,1500,698, ,CFS
SHA,H,76,INFLOW,20160810,1600,957, ,CFS
SHA,H,76,INFLOW,20160810,1700,2551, ,CFS
SHA,H,76,INFLOW,20160810,1800,-1862, ,CFS
SHA,H,76,INFLOW,20160810,1900,8129, ,CFS
SHA,H,76,INFLOW,20160810,2000,8035, ,CFS
SHA,H,76,INFLOW,20160810,2100,9209, ,CFS
SHA,H,76,INFLOW,20160810,2200,6287, ,CFS
SHA,H,76,INFLOW,20160810,2300,12441, ,CFS
SHA,H,76,INFLOW,20160811,0000,-7941, ,CFS
SHA,H,76,INFLOW,20160811,0100,4671, ,CFS
SHA,H,76,INFLOW,20160811,0200,1369, ,CFS
SHA,H,76,INFLOW,20160811,0300,1489, ,CFS
SHA,H,76,INFLOW,20160811,0400,1354, ,CFS
SHA,H,76,INFLOW,20160811,0500,4450, ,CFS
SHA,H,76,INFLOW,20160811,0600,-3892, ,CFS
SHA,H,76,INFLOW,20160811,0700,5739, ,CFS
SHA,H,76,INFLOW,20160811,0800,182, ,CFS
SHA,H,76,INFLOW,20160811,0900,3195, ,CFS
SHA,H,76,INFLOW,20160811,1000,325, ,CFS
SHA,H,76,INFLOW,20160811,1100,-17262, ,CFS
SHA,H,76,INFLOW,20160811,1200,-764, ,CFS
SHA,H,76,INFLOW,20160811,1300,-2608, ,CFS
SHA,H,76,INFLOW,20160811,1400,3926, ,CFS
SHA,H,76,INFLOW,20160811,1500,-577, ,CFS
SHA,H,76,INFLOW,20160811,1600,2762, ,CFS
SHA,H,76,INFLOW,20160811,1700,1961, ,CFS
SHA,H,76,INFLOW,20160811,1800,8516, ,CFS
SHA,H,76,INFLOW,20160811,1900,6033, ,CFS
SHA,H,76,INFLOW,20160811,2000,10786, ,CFS
SHA,H,76,INFLOW,20160811,2100,8734, ,CFS
SHA,H,76,INFLOW,20160811,2200,5989, ,CFS
SHA,H,76,INFLOW,20160811,2300,7152, ,CFS
SHA,H,76,INFLOW,20160812,0000,179, ,CFS
SHA,H,76,INFLOW,20160812,0100,-502, ,CFS
SHA,H,76,INFLOW,20160812,0200,5457, ,CFS
SHA,H,76,INFLOW,20160812,0300,-547, ,CFS
SHA,H,76,INFLOW,20160812,0400,2511, ,CFS
SHA,H,76,INFLOW,20160812,0500,2520, ,CFS
SHA,H,76,INFLOW,20160812,0600,-2845, ,CFS
SHA,H,76,INFLOW,20160812,0700,4306, ,CFS
SHA,H,76,INFLOW,20160812,0800,1495, ,CFS
SHA,H,76,INFLOW,20160812,0900,1729, ,CFS
SHA,H,76,INFLOW,20160812,1000,-1249, ,CFS
SHA,H,76,INFLOW,20160812,1100,-1093, ,CFS
SHA,H,76,INFLOW,20160812,1200,166, ,CFS
SHA,H,76,INFLOW,20160812,1300,1294, ,CFS
SHA,H,76,INFLOW,20160812,1400,918, ,CFS
SHA,H,76,INFLOW,20160812,1500,3195, ,CFS
SHA,H,76,INFLOW,20160812,1600,-1348, ,CFS
SHA,H,76,INFLOW,20160812,1700,1729, ,CFS
SHA,H,76,INFLOW,20160812,1800,10096, ,CFS
SHA,H,76,INFLOW,20160812,1900,7751, ,CFS
SHA,H,76,INFLOW,20160812,2000,10588, ,CFS
SHA,H,76,INFLOW,20160812,2100,7379, ,CFS
SHA,H,76,INFLOW,20160812,2200,-466, ,CFS
SHA,H,76,INFLOW,20160812,2300,3955, ,CFS
SHA,H,76,INFLOW,20160813,0000,-1389, ,CFS
SHA,H,76,INFLOW,20160813,0100,1454, ,CFS
SHA,H,76,INFLOW,20160813,0200,920, ,CFS
SHA,H,76,INFLOW,20160813,0300,1000, ,CFS
SHA,H,76,INFLOW,20160813,0400,1014, ,CFS
SHA,H,76,INFLOW,20160813,0500,3758, ,CFS
SHA,H,76,INFLOW,20160813,0600,-1724, ,CFS
SHA,H,76,INFLOW,20160813,0700,3616, ,CFS
SHA,H,76,INFLOW,20160813,0800,-1925, ,CFS
SHA,H,76,INFLOW,20160813,0900,1371, ,CFS
SHA,H,76,INFLOW,20160813,1000,1478, ,CFS
SHA,H,76,INFLOW,20160813,1100,-2301, ,CFS
SHA,H,76,INFLOW,20160813,1200,1173, ,CFS
SHA,H,76,INFLOW,20160813,1300,1798, ,CFS
SHA,H,76,INFLOW,20160813,1400,3378, ,CFS
SHA,H,76,INFLOW,20160813,1500,826, ,CFS
SHA,H,76,INFLOW,20160813,1600,725, ,CFS
SHA,H,76,INFLOW,20160813,1700,779, ,CFS
SHA,H,76,INFLOW,20160813,1800,-210, ,CFS
SHA,H,76,INFLOW,20160813,1900,14977, ,CFS
SHA,H,76,INFLOW,20160813,2000,2856, ,CFS
SHA,H,76,INFLOW,20160813,2100,2399, ,CFS
SHA,H,76,INFLOW,20160813,2200,1728, ,CFS
SHA,H,76,INFLOW,20160813,2300,3246, ,CFS
SHA,H,76,INFLOW,20160814,0000,-897, ,CFS
SHA,H,76,INFLOW,20160814,0100,266, ,CFS
SHA,H,76,INFLOW,20160814,0200,-2, ,CFS
SHA,H,76,INFLOW,20160814,0300,115, ,CFS
SHA,H,76,INFLOW,20160814,0400,2927, ,CFS
SHA,H,76,INFLOW,20160814,0500,-208, ,CFS
SHA,H,76,INFLOW,20160814,0600,-65, ,CFS
SHA,H,76,INFLOW,20160814,0700,2415, ,CFS
SHA,H,76,INFLOW,20160814,0800,47, ,CFS
SHA,H,76,INFLOW,20160814,0900,3601, ,CFS
SHA,H,76,INFLOW,20160814,1000,-2209, ,CFS
SHA,H,76,INFLOW,20160814,1100,2685, ,CFS
SHA,H,76,INFLOW,20160814,1200,-521, ,CFS
SHA,H,76,INFLOW,20160814,1300,2588, ,CFS
SHA,H,76,INFLOW,20160814,1400,-937, ,CFS
SHA,H,76,INFLOW,20160814,1500,3873, ,CFS
SHA,H,76,INFLOW,20160814,1600,3282, ,CFS
SHA,H,76,INFLOW,20160814,1700,2608, ,CFS
SHA,H,76,INFLOW,20160814,1800,8797, ,CFS
SHA,H,76,INFLOW,20160814,1900,-2477, ,CFS
SHA,H,76,INFLOW,20160814,2000,8091, ,CFS
SHA,H,76,INFLOW,20160814,2100,7082, ,CFS
SHA,H,76,INFLOW,20160814,2200,-5133, ,CFS
SHA,H,76,INFLOW,20160814,2300,8920, ,CFS
SHA,H,76,INFLOW,20160815,0000,-3836, ,CFS
SHA,H,76,INFLOW,20160815,0100,2618, ,CFS
SHA,H,76,INFLOW,20160815,0200,3284, ,CFS
SHA,H,76,INFLOW,20160815,0300,-1270, ,CFS
SHA,H,76,INFLOW,20160815,0400,1003, ,CFS
SHA,H,76,INFLOW,20160815,0500,4220, ,CFS
SHA,H,76,INFLOW,20160815,0600,-1155, ,CFS
SHA,H,76,INFLOW,20160815,0700,4494, ,CFS
SHA,H,76,INFLOW,20160815,0800,-1553, ,CFS
SHA,H,76,INFLOW,20160815,0900,7472, ,CFS
SHA,H,76,INFLOW,20160815,1000,-3851, ,CFS
SHA,H,76,INFLOW,20160815,1100,924, ,CFS
SHA,H,76,INFLOW,20160815,1200,2272, ,CFS
SHA,H,76,INFLOW,20160815,1300,-275, ,CFS
SHA,H,76,INFLOW,20160815,1400,6176, ,CFS
SHA,H,76,INFLOW,20160815,1500,573, ,CFS
SHA,H,76,INFLOW,20160815,1600,7168, ,CFS
SHA,H,76,INFLOW,20160815,1700,10487, ,CFS
SHA,H,76,INFLOW,20160815,1800,6327, ,CFS
SHA,H,76,INFLOW,20160815,1900,7200, ,CFS
SHA,H,76,INFLOW,20160815,2000,10168, ,CFS
SHA,H,76,INFLOW,20160815,2100,7275, ,CFS
SHA,H,76,INFLOW,20160815,2200,5315, ,CFS
SHA,H,76,INFLOW,20160815,2300,11977, ,CFS
SHA,H,76,INFLOW,20160816,0000,-3935, ,CFS
SHA,H,76,INFLOW,20160816,0100,1527, ,CFS
SHA,H,76,INFLOW,20160816,0200,-535, ,CFS
SHA,H,76,INFLOW,20160816,0300,2177, ,CFS
SHA,H,76,INFLOW,20160816,0400,1756, ,CFS
SHA,H,76,INFLOW,20160816,0500,-909, ,CFS
SHA,H,76,INFLOW,20160816,0600,-139, ,CFS
SHA,H,76,INFLOW,20160816,0700,6020, ,CFS
SHA,H,76,INFLOW,20160816,0800,-2306, ,CFS
SHA,H,76,INFLOW,20160816,0900,5341, ,CFS
SHA,H,76,INFLOW,20160816,1000,-441, ,CFS
SHA,H,76,INFLOW,20160816,1100,-2068, ,CFS
SHA,H,76,INFLOW,20160816,1200,1113, ,CFS
SHA,H,76,INFLOW,20160816,1300,-360, ,CFS
SHA,H,76,INFLOW,20160816,1400,7696, ,CFS
SHA,H,76,INFLOW,20160816,1500,2111, ,CFS
SHA,H,76,INFLOW,20160816,1600,13168, ,CFS
SHA,H,76,INFLOW,20160816,1700,4190, ,CFS
SHA,H,76,INFLOW,20160816,1800,-777, ,CFS
SHA,H,76,INFLOW,20160816,1900,13650, ,CFS
SHA,H,76,INFLOW,20160816,2000,1421, ,CFS
SHA,H,76,INFLOW,20160816,2100,10776, ,CFS
SHA,H,76,INFLOW,20160816,2200,6391, ,CFS
SHA,H,76,INFLOW,20160816,2300,8848, ,CFS
SHA,H,76,INFLOW,20160817,0000,-783, ,CFS
SHA,H,76,INFLOW,20160817,0100,-1202, ,CFS
SHA,H,76,INFLOW,20160817,0200,2961, ,CFS
SHA,H,76,INFLOW,20160817,0300,3004, ,CFS
SHA,H,76,INFLOW,20160817,0400,-2630, ,CFS
SHA,H,76,INFLOW,20160817,0500,3461, ,CFS
SHA,H,76,INFLOW,20160817,0600,-2310, ,CFS
SHA,H,76,INFLOW,20160817,0700,3216, ,CFS
SHA,H,76,INFLOW,20160817,0800,944, ,CFS
SHA,H,76,INFLOW,20160817,0900,3180, ,CFS
SHA,H,76,INFLOW,20160817,1000,422, ,CFS
SHA,H,76,INFLOW,20160817,1100,516, ,CFS
SHA,H,76,INFLOW,20160817,1200,1536, ,CFS
SHA,H,76,INFLOW,20160817,1300,-1622, ,CFS
SHA,H,76,INFLOW,20160817,1400,9548, ,CFS
SHA,H,76,INFLOW,20160817,1500,6283, ,CFS
SHA,H,76,INFLOW,20160817,1600,10370, ,CFS
SHA,H,76,INFLOW,20160817,1700,5591, ,CFS
SHA,H,76,INFLOW,20160817,1800,7910, ,CFS
SHA,H,76,INFLOW,20160817,1900,10764, ,CFS
SHA,H,76,INFLOW,20160817,2000,7543, ,CFS
SHA,H,76,INFLOW,20160817,2100,7448, ,CFS
SHA,H,76,INFLOW,20160817,2200,4665, ,CFS
SHA,H,76,INFLOW,20160817,2300,3934, ,CFS
SHA,H,76,INFLOW,20160818,0000,-430, ,CFS
SHA,H,76,INFLOW,20160818,0100,2831, ,CFS
SHA,H,76,INFLOW,20160818,0200,-588, ,CFS
SHA,H,76,INFLOW,20160818,0300,2338, ,CFS
SHA,H,76,INFLOW,20160818,0400,2325, ,CFS
SHA,H,76,INFLOW,20160818,0500,-602, ,CFS
SHA,H,76,INFLOW,20160818,0600,2973, ,CFS
SHA,H,76,INFLOW,20160818,0700,-1483, ,CFS
SHA,H,76,INFLOW,20160818,0800,1667, ,CFS
SHA,H,76,INFLOW,20160818,0900,4388, ,CFS
SHA,H,76,INFLOW,20160818,1000,-1599, ,CFS
SHA,H,76,INFLOW,20160818,1100,-891, ,CFS
SHA,H,76,INFLOW,20160818,1200,2986, ,CFS
SHA,H,76,INFLOW,20160818,1300,234, ,CFS
SHA,H,76,INFLOW,20160818,1400,780, ,CFS
SHA,H,76,INFLOW,20160818,1500,550, ,CFS
SHA,H,76,INFLOW,20160818,1600,3956, ,CFS
SHA,H,76,INFLOW,20160818,1700,6381, ,CFS
SHA,H,76,INFLOW,20160818,1800,10791, ,CFS
SHA,H,76,INFLOW,20160818,1900,7723, ,CFS
SHA,H,76,INFLOW,20160818,2000,10787, ,CFS
SHA,H,76,INFLOW,20160818,2100,3051, ,CFS
SHA,H,76,INFLOW,20160818,2200,5265, ,CFS
SHA,H,76,INFLOW,20160818,2300,6953, ,CFS
SHA,H,76,INFLOW,20160819,0000,-3663, ,CFS
SHA,H,76,INFLOW,20160819,0100,6310, ,CFS
SHA,H,76,INFLOW,20160819,0200,-112, ,CFS
SHA,H,76,INFLOW,20160819,0300,2921, ,CFS
SHA,H,76,INFLOW,20160819,0400,2913, ,CFS
SHA,H,76,INFLOW,20160819,0500,2, ,CFS
SHA,H,76,INFLOW,20160819,0600,310, ,CFS
SHA,H,76,INFLOW,20160819,0700,-813, ,CFS
SHA,H,76,INFLOW,20160819,0800,2334, ,CFS
SHA,H,76,INFLOW,20160819,0900,-1298, ,CFS
SHA,H,76,INFLOW,20160819,1000,2182, ,CFS
SHA,H,76,INFLOW,20160819,1100,-223, ,CFS
SHA,H,76,INFLOW,20160819,1200,2030, ,CFS
SHA,H,76,INFLOW,20160819,1300,173, ,CFS
SHA,H,76,INFLOW,20160819,1400,4301, ,CFS
SHA,H,76,INFLOW,20160819,1500,1180, ,CFS
SHA,H,76,INFLOW,20160819,1600,4574, ,CFS
SHA,H,76,INFLOW,20160819,1700,1681, ,CFS
SHA,H,76,INFLOW,20160819,1800,8389, ,CFS
SHA,H,76,INFLOW,20160819,1900,7934, ,CFS
SHA,H,76,INFLOW,20160819,2000,9329, ,CFS
SHA,H,76,INFLOW,20160819,2100,5301, ,CFS
SHA,H,76,INFLOW,20160819,2200,-542, ,CFS
SHA,H,76,INFLOW,20160819,2300,10004, ,CFS
SHA,H,76,INFLOW,20160820,0000,143, ,CFS
SHA,H,76,INFLOW,20160820,0100,322, ,CFS
SHA,H,76,INFLOW,20160820,0200,5301, ,CFS
SHA,H,76,INFLOW,20160820,0300,-441, ,CFS
SHA,H,76,INFLOW,20160820,0400,2544, ,CFS
SHA,H,76,INFLOW,20160820,0500,-236, ,CFS
SHA,H,76,INFLOW,20160820,0600,58, ,CFS
SHA,H,76,INFLOW,20160820,0700,4902, ,CFS
SHA,H,76,INFLOW,20160820,0800,-541, ,CFS
SHA,H,76,INFLOW,20160820,0900,-973, ,CFS
SHA,H,76,INFLOW,20160820,1000,2022, ,CFS
SHA,H,76,INFLOW,20160820,1100,-261, ,CFS
SHA,H,76,INFLOW,20160820,1200,3400, ,CFS
SHA,H,76,INFLOW,20160820,1300,-1246, ,CFS
SHA,H,76,INFLOW,20160820,1400,862, ,CFS
SHA,H,76,INFLOW,20160820,1500,3424, ,CFS
SHA,H,76,INFLOW,20160820,1600,2264, ,CFS
SHA,H,76,INFLOW,20160820,1700,-149, ,CFS
SHA,H,76,INFLOW,20160820,1800,2796, ,CFS
SHA,H,76,INFLOW,20160820,1900,-904, ,CFS
SHA,H,76,INFLOW,20160820,2000,7269, ,CFS
SHA,H,76,INFLOW,20160820,2100,6491, ,CFS
SHA,H,76,INFLOW,20160820,2200,4588, ,CFS
SHA,H,76,INFLOW,20160820,2300,2514, ,CFS
SHA,H,76,INFLOW,20160821,0000,-2010, ,CFS
SHA,H,76,INFLOW,20160821,0100,5743, ,CFS
SHA,H,76,INFLOW,20160821,0200,-147, ,CFS
SHA,H,76,INFLOW,20160821,0300,2889, ,CFS
SHA,H,76,INFLOW,20160821,0400,2728, ,CFS
SHA,H,76,INFLOW,20160821,0500,30, ,CFS
SHA,H,76,INFLOW,20160821,0600,3311, ,CFS
SHA,H,76,INFLOW,20160821,0700,-558, ,CFS
SHA,H,76,INFLOW,20160821,0800,-408, ,CFS
SHA,H,76,INFLOW,20160821,0900,2706, ,CFS
SHA,H,76,INFLOW,20160821,1000,-3090, ,CFS
SHA,H,76,INFLOW,20160821,1100,11, ,CFS
SHA,H,76,INFLOW,20160821,1200,3475, ,CFS
SHA,H,76,INFLOW,20160821,1300,768, ,CFS
SHA,H,76,INFLOW,20160821,1400,4407, ,CFS
SHA,H,76,INFLOW,20160821,1500,-698, ,CFS
SHA,H,76,INFLOW,20160821,1600,320, ,CFS
SHA,H,76,INFLOW,20160821,1700,3189, ,CFS
SHA,H,76,INFLOW,20160821,1800,-527, ,CFS
SHA,H,76,INFLOW,20160821,1900,2044, ,CFS
SHA,H,76,INFLOW,20160821,2000,2401, ,CFS
SHA,H,76,INFLOW,20160821,2100,9204, ,CFS
SHA,H,76,INFLOW,20160821,2200,-1344, ,CFS
SHA,H,76,INFLOW,20160821,2300,661, ,CFS
SHA,H,76,INFLOW,20160822,0000,2663, ,CFS
SHA,H,76,INFLOW,20160822,0100,-560, ,CFS
SHA,H,76,INFLOW,20160822,0200,5061, ,CFS
SHA,H,76,INFLOW,20160822,0300,1979, ,CFS
SHA,H,76,INFLOW,20160822,0400,-1191, ,CFS
SHA,H,76,INFLOW,20160822,0500,4958, ,CFS
SHA,H,76,INFLOW,20160822,0600,-2938, ,CFS
SHA,H,76,INFLOW,20160822,0700,2711, ,CFS
SHA,H,76,INFLOW,20160822,0800,2723, ,CFS
SHA,H,76,INFLOW,20160822,0900,-843, ,CFS
SHA,H,76,INFLOW,20160822,1000,2149, ,CFS
SHA,H,76,INFLOW,20160822,1100,735, ,CFS
SHA,H,76,INFLOW,20160822,1200,1338, ,CFS
SHA,H,76,INFLOW,20160822,1300,-1227, ,CFS
SHA,H,76,INFLOW,20160822,1400,1342, ,CFS
SHA,H,76,INFLOW,20160822,1500,3990, ,CFS
SHA,H,76,INFLOW,20160822,1600,-1787, ,CFS
SHA,H,76,INFLOW,20160822,1700,7602, ,CFS
SHA,H,76,INFLOW,20160822,1800,9001, ,CFS
SHA,H,76,INFLOW,20160822,1900,9139, ,CFS
SHA,H,76,INFLOW,20160822,2000,4080, ,CFS
SHA,H,76,INFLOW,20160822,2100,8463, ,CFS
SHA,H,76,INFLOW,20160822,2200,2902, ,CFS
SHA,H,76,INFLOW,20160822,2300,3529, ,CFS
SHA,H,76,INFLOW,20160823,0000,-4893, ,CFS
SHA,H,76,INFLOW,20160823,0100,10702, ,CFS
SHA,H,76,INFLOW,20160823,0200,-1105, ,CFS
SHA,H,76,INFLOW,20160823,0300,7977, ,CFS
SHA,H,76,INFLOW,20160823,0400,-794, ,CFS
SHA,H,76,INFLOW,20160823,0500,2157, ,CFS
SHA,H,76,INFLOW,20160823,0600,2942, ,CFS
SHA,H,76,INFLOW,20160823,0700,209, ,CFS
SHA,H,76,INFLOW,20160823,0800,8907, ,CFS
SHA,H,76,INFLOW,20160823,0900,2953, ,CFS
SHA,H,76,INFLOW,20160823,1000,-3397, ,CFS
SHA,H,76,INFLOW,20160823,1100,2882, ,CFS
SHA,H,76,INFLOW,20160823,1200,-1090, ,CFS
SHA,H,76,INFLOW,20160823,1300,9638, ,CFS
SHA,H,76,INFLOW,20160823,1400,-2762, ,CFS
SHA,H,76,INFLOW,20160823,1500,1766, ,CFS
SHA,H,76,INFLOW,20160823,1600,1482, ,CFS
SHA,H,76,INFLOW,20160823,1700,-426, ,CFS
SHA,H,76,INFLOW,20160823,1800,4781, ,CFS
SHA,H,76,INFLOW,20160823,1900,10564, ,CFS
SHA,H,76,INFLOW,20160823,2000,1735, ,CFS
SHA,H,76,INFLOW,20160823,2100,9742, ,CFS
SHA,H,76,INFLOW,20160823,2200,5544, ,CFS
SHA,H,76,INFLOW,20160823,2300,1231, ,CFS
SHA,H,76,INFLOW,20160824,0000,263, ,CFS
SHA,H,76,INFLOW,20160824,0100,2904, ,CFS
SHA,H,76,INFLOW,20160824,0200,-247, ,CFS
SHA,H,76,INFLOW,20160824,0300,5860, ,CFS
SHA,H,76,INFLOW,20160824,0400,131, ,CFS
SHA,H,76,INFLOW,20160824,0500,143, ,CFS
SHA,H,76,INFLOW,20160824,0600,3220, ,CFS
SHA,H,76,INFLOW,20160824,0700,-441, ,CFS
SHA,H,76,INFLOW,20160824,0800,2662, ,CFS
SHA,H,76,INFLOW,20160824,0900,760, ,CFS
SHA,H,76,INFLOW,20160824,1000,-2597, ,CFS
SHA,H,76,INFLOW,20160824,1100,10667, ,CFS
SHA,H,76,INFLOW,20160824,1200,3483, ,CFS
SHA,H,76,INFLOW,20160824,1300,8376, ,CFS
SHA,H,76,INFLOW,20160824,1400,848, ,CFS
SHA,H,76,INFLOW,20160824,1500,322, ,CFS
SHA,H,76,INFLOW,20160824,1600,6065, ,CFS
SHA,H,76,INFLOW,20160824,1700,-5736, ,CFS
SHA,H,76,INFLOW,20160824,1800,2824, ,CFS
SHA,H,76,INFLOW,20160824,1900,4167, ,CFS
SHA,H,76,INFLOW,20160824,2000,6528, ,CFS
SHA,H,76,INFLOW,20160824,2100,11557, ,CFS
SHA,H,76,INFLOW,20160824,2200,3710, ,CFS
SHA,H,76,INFLOW,20160824,2300,2935, ,CFS
SHA,H,76,INFLOW,20160825,0000,-1592, ,CFS
SHA,H,76,INFLOW,20160825,0100,5297, ,CFS
SHA,H,76,INFLOW,20160825,0200,-873, ,CFS
SHA,H,76,INFLOW,20160825,0300,1640, ,CFS
SHA,H,76,INFLOW,20160825,0400,1942, ,CFS
SHA,H,76,INFLOW,20160825,0500,-876, ,CFS
SHA,H,76,INFLOW,20160825,0600,2984, ,CFS
SHA,H,76,INFLOW,20160825,0700,3385, ,CFS
SHA,H,76,INFLOW,20160825,0800,1156, ,CFS
SHA,H,76,INFLOW,20160825,0900,268, ,CFS
SHA,H,76,INFLOW,20160825,1000,-107, ,CFS
SHA,H,76,INFLOW,20160825,1100,848, ,CFS
SHA,H,76,INFLOW,20160825,1200,-1067, ,CFS
SHA,H,76,INFLOW,20160825,1300,-6748, ,CFS
SHA,H,76,INFLOW,20160825,1400,3821, ,CFS
SHA,H,76,INFLOW,20160825,1500,-971, ,CFS
SHA,H,76,INFLOW,20160825,1600,4461, ,CFS
SHA,H,76,INFLOW,20160825,1700,4523, ,CFS
SHA,H,76,INFLOW,20160825,1800,4952, ,CFS
SHA,H,76,INFLOW,20160825,1900,8963, ,CFS
SHA,H,76,INFLOW,20160825,2000,9625, ,CFS
SHA,H,76,INFLOW,20160825,2100,10100, ,CFS
SHA,H,76,INFLOW,20160825,2200,4291, ,CFS
SHA,H,76,INFLOW,20160825,2300,9535, ,CFS
SHA,H,76,INFLOW,20160826,0000,-5601, ,CFS
SHA,H,76,INFLOW,20160826,0100,2212, ,CFS
SHA,H,76,INFLOW,20160826,0200,4447, ,CFS
SHA,H,76,INFLOW,20160826,0300,-1162, ,CFS
SHA,H,76,INFLOW,20160826,0400,3827, ,CFS
SHA,H,76,INFLOW,20160826,0500,1777, ,CFS
SHA,H,76,INFLOW,20160826,0600,-837, ,CFS
SHA,H,76,INFLOW,20160826,0700,13609, ,CFS
SHA,H,76,INFLOW,20160826,0800,5765, ,CFS
SHA,H,76,INFLOW,20160826,0900,6115, ,CFS
SHA,H,76,INFLOW,20160826,1000,183, ,CFS
SHA,H,76,INFLOW,20160826,1100,-2020, ,CFS
SHA,H,76,INFLOW,20160826,1200,4543, ,CFS
SHA,H,76,INFLOW,20160826,1300,-1988, ,CFS
SHA,H,76,INFLOW,20160826,1400,1893, ,CFS
SHA,H,76,INFLOW,20160826,1500,2793, ,CFS
SHA,H,76,INFLOW,20160826,1600,-1745, ,CFS
SHA,H,76,INFLOW,20160826,1700,5483, ,CFS
SHA,H,76,INFLOW,20160826,1800,-415, ,CFS
SHA,H,76,INFLOW,20160826,1900,12272, ,CFS
SHA,H,76,INFLOW,20160826,2000,4396, ,CFS
SHA,H,76,INFLOW,20160826,2100,8350, ,CFS
SHA,H,76,INFLOW,20160826,2200,13022, ,CFS
SHA,H,76,INFLOW,20160826,2300,1674, ,CFS
SHA,H,76,INFLOW,20160827,0000,850, ,CFS
SHA,H,76,INFLOW,20160827,0100,1931, ,CFS
SHA,H,76,INFLOW,20160827,0200,1433, ,CFS
SHA,H,76,INFLOW,20160827,0300,2035, ,CFS
SHA,H,76,INFLOW,20160827,0400,2120, ,CFS
SHA,H,76,INFLOW,20160827,0500,2291, ,CFS
SHA,H,76,INFLOW,20160827,0600,2529, ,CFS
SHA,H,76,INFLOW,20160827,0700,5172, ,CFS
SHA,H,76,INFLOW,20160827,0800,-360, ,CFS
SHA,H,76,INFLOW,20160827,0900,2710, ,CFS
SHA,H,76,INFLOW,20160827,1000,-3113, ,CFS
SHA,H,76,INFLOW,20160827,1100,240, ,CFS
SHA,H,76,INFLOW,20160827,1200,1404, ,CFS
SHA,H,76,INFLOW,20160827,1300,-2992, ,CFS
SHA,H,76,INFLOW,20160827,1400,3915, ,CFS
SHA,H,76,INFLOW,20160827,1500,1366, ,CFS
SHA,H,76,INFLOW,20160827,1600,-199, ,CFS
SHA,H,76,INFLOW,20160827,1700,2958, ,CFS
SHA,H,76,INFLOW,20160827,1800,-474, ,CFS
SHA,H,76,INFLOW,20160827,1900,6338, ,CFS
SHA,H,76,INFLOW,20160827,2000,4286, ,CFS
SHA,H,76,INFLOW,20160827,2100,1671, ,CFS
SHA,H,76,INFLOW,20160827,2200,13795, ,CFS
SHA,H,76,INFLOW,20160827,2300,-1633, ,CFS
SHA,H,76,INFLOW,20160828,0000,9201, ,CFS
SHA,H,76,INFLOW,20160828,0100,-547, ,CFS
SHA,H,76,INFLOW,20160828,0200,-3223, ,CFS
SHA,H,76,INFLOW,20160828,0300,8408, ,CFS
SHA,H,76,INFLOW,20160828,0400,-3118, ,CFS
SHA,H,76,INFLOW,20160828,0500,2623, ,CFS
SHA,H,76,INFLOW,20160828,0600,98, ,CFS
SHA,H,76,INFLOW,20160828,0700,-183, ,CFS
SHA,H,76,INFLOW,20160828,0800,8302, ,CFS
SHA,H,76,INFLOW,20160828,0900,1457, ,CFS
SHA,H,76,INFLOW,20160828,1000,-2605, ,CFS
SHA,H,76,INFLOW,20160828,1100,3112, ,CFS
SHA,H,76,INFLOW,20160828,1200,-1778, ,CFS
SHA,H,76,INFLOW,20160828,1300,3498, ,CFS
SHA,H,76,INFLOW,20160828,1400,1453, ,CFS
SHA,H,76,INFLOW,20160828,1500,1601, ,CFS
SHA,H,76,INFLOW,20160828,1600,2691, ,CFS
SHA,H,76,INFLOW,20160828,1700,-784, ,CFS
SHA,H,76,INFLOW,20160828,1800,3897, ,CFS
SHA,H,76,INFLOW,20160828,1900,4681, ,CFS
SHA,H,76,INFLOW,20160828,2000,7974, ,CFS
SHA,H,76,INFLOW,20160828,2100,7587, ,CFS
SHA,H,76,INFLOW,20160828,2200,6331, ,CFS
SHA,H,76,INFLOW,20160828,2300,-753, ,CFS
SHA,H,76,INFLOW,20160829,0000,-1684, ,CFS
SHA,H,76,INFLOW,20160829,0100,4932, ,CFS
SHA,H,76,INFLOW,20160829,0200,-3931, ,CFS
SHA,H,76,INFLOW,20160829,0300,4483, ,CFS
SHA,H,76,INFLOW,20160829,0400,1676, ,CFS
SHA,H,76,INFLOW,20160829,0500,-956, ,CFS
SHA,H,76,INFLOW,20160829,0600,2608, ,CFS
SHA,H,76,INFLOW,20160829,0700,3030, ,CFS
SHA,H,76,INFLOW,20160829,0800,416, ,CFS
SHA,H,76,INFLOW,20160829,0900,2019, ,CFS
SHA,H,76,INFLOW,20160829,1000,-414, ,CFS
SHA,H,76,INFLOW,20160829,1100,-150, ,CFS
SHA,H,76,INFLOW,20160829,1200,-846, ,CFS
SHA,H,76,INFLOW,20160829,1300,1174, ,CFS
SHA,H,76,INFLOW,20160829,1400,2445, ,CFS
SHA,H,76,INFLOW,20160829,1500,572, ,CFS
SHA,H,76,INFLOW,20160829,1600,957, ,CFS
SHA,H,76,INFLOW,20160829,1700,1307, ,CFS
SHA,H,76,INFLOW,20160829,1800,8231, ,CFS
SHA,H,76,INFLOW,20160829,1900,6968, ,CFS
SHA,H,76,INFLOW,20160829,2000,9890, ,CFS
SHA,H,76,INFLOW,20160829,2100,8352, ,CFS
SHA,H,76,INFLOW,20160829,2200,9094, ,CFS
SHA,H,76,INFLOW,20160829,2300,108, ,CFS
SHA,H,76,INFLOW,20160830,0000,680, ,CFS
SHA,H,76,INFLOW,20160830,0100,2463, ,CFS
SHA,H,76,INFLOW,20160830,0200,2459, ,CFS
SHA,H,76,INFLOW,20160830,0300,6192, ,CFS
SHA,H,76,INFLOW,20160830,0400,3421, ,CFS
SHA,H,76,INFLOW,20160830,0500,-7797, ,CFS
SHA,H,76,INFLOW,20160830,0600,6846, ,CFS
SHA,H,76,INFLOW,20160830,0700,-3145, ,CFS
SHA,H,76,INFLOW,20160830,0800,10756, ,CFS
SHA,H,76,INFLOW,20160830,0900,-783, ,CFS
SHA,H,76,INFLOW,20160830,1000,5282, ,CFS
SHA,H,76,INFLOW,20160830,1100,-124, ,CFS
SHA,H,76,INFLOW,20160830,1200,2979, ,CFS
SHA,H,76,INFLOW,20160830,1300,1563, ,CFS
SHA,H,76,INFLOW,20160830,1400,-1847, ,CFS
SHA,H,76,INFLOW,20160830,1500,1971, ,CFS
SHA,H,76,INFLOW,20160830,1600,5228, ,CFS
SHA,H,76,INFLOW,20160830,1700,8527, ,CFS
SHA,H,76,INFLOW,20160830,1800,6655, ,CFS
SHA,H,76,INFLOW,20160830,1900,6685, ,CFS
SHA,H,76,INFLOW,20160830,2000,6293, ,CFS
SHA,H,76,INFLOW,20160830,2100,11384, ,CFS
SHA,H,76,INFLOW,20160830,2200,7254, ,CFS
SHA,H,76,INFLOW,20160830,2300,9863, ,CFS
SHA,H,76,INFLOW,20160831,0000,-3482, ,CFS
SHA,H,76,INFLOW,20160831,0100,3404, ,CFS
SHA,H,76,INFLOW,20160831,0200,297, ,CFS
SHA,H,76,INFLOW,20160831,0300,293, ,CFS
SHA,H,76,INFLOW,20160831,0400,3094, ,CFS
SHA,H,76,INFLOW,20160831,0500,85, ,CFS
SHA,H,76,INFLOW,20160831,0600,-2430, ,CFS
SHA,H,76,INFLOW,20160831,0700,4443, ,CFS
SHA,H,76,INFLOW,20160831,0800,-3465, ,CFS
SHA,H,76,INFLOW,20160831,0900,2195, ,CFS
SHA,H,76,INFLOW,20160831,1000,2623, ,CFS
SHA,H,76,INFLOW,20160831,1100,-64, ,CFS
SHA,H,76,INFLOW,20160831,1200,272, ,CFS
SHA,H,76,INFLOW,20160831,1300,685, ,CFS
SHA,H,76,INFLOW,20160831,1400,2326, ,CFS
SHA,H,76,INFLOW,20160831,1500,-980, ,CFS
SHA,H,76,INFLOW,20160831,1600,2306, ,CFS
SHA,H,76,INFLOW,20160831,1700,-207, ,CFS
SHA,H,76,INFLOW,20160831,1800,601, ,CFS
SHA,H,76,INFLOW,20160831,1900,8756, ,CFS
SHA,H,76,INFLOW,20160831,2000,5631, ,CFS
SHA,H,76,INFLOW,20160831,2100,7626, ,CFS
SHA,H,76,INFLOW,20160831,2200,10618, ,CFS
SHA,H,76,INFLOW,20160831,2300,4342, ,CFS
SHA,H,76,INFLOW,20160901,0000,3386, ,CFS
SHA,H,76,INFLOW,20160901,0100,480, ,CFS
SHA,H,76,INFLOW,20160901,0200,3414, ,CFS
SHA,H,76,INFLOW,20160901,0300,19, ,CFS
SHA,H,76,INFLOW,20160901,0400,-9, ,CFS
SHA,H,76,INFLOW,20160901,0500,2874, ,CFS
SHA,H,76,INFLOW,20160901,0600,-2218, ,CFS
SHA,H,76,INFLOW,20160901,0700,7960, ,CFS
SHA,H,76,INFLOW,20160901,0800,5533, ,CFS
SHA,H,76,INFLOW,20160901,0900,7273, ,CFS
SHA,H,76,INFLOW,20160901,1000,-1244, ,CFS
SHA,H,76,INFLOW,20160901,1100,-792, ,CFS
SHA,H,76,INFLOW,20160901,1200,2664, ,CFS
SHA,H,76,INFLOW,20160901,1300,-1232, ,CFS
SHA,H,76,INFLOW,20160901,1400,4832, ,CFS
SHA,H,76,INFLOW,20160901,1500,-908, ,CFS
SHA,H,76,INFLOW,20160901,1600,304, ,CFS
SHA,H,76,INFLOW,20160901,1700,3147, ,CFS
SHA,H,76,INFLOW,20160901,1800,814, ,CFS
SHA,H,76,INFLOW,20160901,1900,9747, ,CFS
SHA,H,76,INFLOW,20160901,2000,6608, ,CFS
SHA,H,76,INFLOW,20160901,2100,6160, ,CFS
SHA,H,76,INFLOW,20160901,2200,10470, ,CFS
SHA,H,76,INFLOW,20160901,2300,2141, ,CFS
SHA,H,76,INFLOW,20160902,0000,3497, ,CFS
SHA,H,76,INFLOW,20160902,0100,2832, ,CFS
SHA,H,76,INFLOW,20160902,0200,90, ,CFS
SHA,H,76,INFLOW,20160902,0300,2919, ,CFS
SHA,H,76,INFLOW,20160902,0400,-55, ,CFS
SHA,H,76,INFLOW,20160902,0500,2991, ,CFS
SHA,H,76,INFLOW,20160902,0600,645, ,CFS
SHA,H,76,INFLOW,20160902,0700,7700, ,CFS
SHA,H,76,INFLOW,20160902,0800,5316, ,CFS
SHA,H,76,INFLOW,20160902,0900,9253, ,CFS
SHA,H,76,INFLOW,20160902,1000,-1867, ,CFS
SHA,H,76,INFLOW,20160902,1100,-1726, ,CFS
SHA,H,76,INFLOW,20160902,1200,4195, ,CFS
SHA,H,76,INFLOW,20160902,1300,-3598, ,CFS
SHA,H,76,INFLOW,20160902,1400,5559, ,CFS
SHA,H,76,INFLOW,20160902,1500,-2923, ,CFS
SHA,H,76,INFLOW,20160902,1600,3759, ,CFS
SHA,H,76,INFLOW,20160902,1700,3286, ,CFS
SHA,H,76,INFLOW,20160902,1800,-726, ,CFS
SHA,H,76,INFLOW,20160902,1900,906, ,CFS
SHA,H,76,INFLOW,20160902,2000,6441, ,CFS
SHA,H,76,INFLOW,20160902,2100,9260, ,CFS
SHA,H,76,INFLOW,20160902,2200,9853, ,CFS
SHA,H,76,INFLOW,20160902,2300,6853, ,CFS
SHA,H,76,INFLOW,20160903,0000,-4362, ,CFS
SHA,H,76,INFLOW,20160903,0100,6240, ,CFS
SHA,H,76,INFLOW,20160903,0200,321, ,CFS
SHA,H,76,INFLOW,20160903,0300,168, ,CFS
SHA,H,76,INFLOW,20160903,0400,14194, ,CFS
SHA,H,76,INFLOW,20160903,0500,2889, ,CFS
SHA,H,76,INFLOW,20160903,0600,355, ,CFS
SHA,H,76,INFLOW,20160903,0700,1860, ,CFS
SHA,H,76,INFLOW,20160903,0800,-923, ,CFS
SHA,H,76,INFLOW,20160903,0900,1042, ,CFS
SHA,H,76,INFLOW,20160903,1000,-1975, ,CFS
SHA,H,76,INFLOW,20160903,1100,6601, ,CFS
SHA,H,76,INFLOW,20160903,1200,-4166, ,CFS
SHA,H,76,INFLOW,20160903,1300,4661, ,CFS
SHA,H,76,INFLOW,20160903,1400,821, ,CFS
SHA,H,76,INFLOW,20160903,1500,-255, ,CFS
SHA,H,76,INFLOW,20160903,1600,8667, ,CFS
SHA,H,76,INFLOW,20160903,1700,-5204, ,CFS
SHA,H,76,INFLOW,20160903,1800,3927, ,CFS
SHA,H,76,INFLOW,20160903,1900,940, ,CFS
SHA,H,76,INFLOW,20160903,2000,6510, ,CFS
SHA,H,76,INFLOW,20160903,2100,4126, ,CFS
SHA,H,76,INFLOW,20160903,2200,4786, ,CFS
SHA,H,76,INFLOW,20160903,2300,-1840, ,CFS
SHA,H,76,INFLOW,20160904,0000,8652, ,CFS
SHA,H,76,INFLOW,20160904,0100,-2963, ,CFS
SHA,H,76,INFLOW,20160904,0200,5239, ,CFS
SHA,H,76,INFLOW,20160904,0300,-721, ,CFS
SHA,H,76,INFLOW,20160904,0400,1456, ,CFS
SHA,H,76,INFLOW,20160904,0500,1433, ,CFS
SHA,H,76,INFLOW,20160904,0600,-950, ,CFS
SHA,H,76,INFLOW,20160904,0700,1925, ,CFS
SHA,H,76,INFLOW,20160904,0800,2147, ,CFS
SHA,H,76,INFLOW,20160904,0900,1109, ,CFS
SHA,H,76,INFLOW,20160904,1000,-1779, ,CFS
SHA,H,76,INFLOW,20160904,1100,-1490, ,CFS
SHA,H,76,INFLOW,20160904,1200,4334, ,CFS
SHA,H,76,INFLOW,20160904,1300,-1019, ,CFS
SHA,H,76,INFLOW,20160904,1400,5434, ,CFS
SHA,H,76,INFLOW,20160904,1500,1275, ,CFS
SHA,H,76,INFLOW,20160904,1600,296, ,CFS
SHA,H,76,INFLOW,20160904,1700,3910, ,CFS
SHA,H,76,INFLOW,20160904,1800,-393, ,CFS
SHA,H,76,INFLOW,20160904,1900,1898, ,CFS
SHA,H,76,INFLOW,20160904,2000,-809, ,CFS
SHA,H,76,INFLOW,20160904,2100,6509, ,CFS
SHA,H,76,INFLOW,20160904,2200,4879, ,CFS
SHA,H,76,INFLOW,20160904,2300,-734, ,CFS
SHA,H,76,INFLOW,20160905,0000,397, ,CFS
SHA,H,76,INFLOW,20160905,0100,439, ,CFS
SHA,H,76,INFLOW,20160905,0200,3400, ,CFS
SHA,H,76,INFLOW,20160905,0300,3247, ,CFS
SHA,H,76,INFLOW,20160905,0400,367, ,CFS
SHA,H,76,INFLOW,20160905,0500,454, ,CFS
SHA,H,76,INFLOW,20160905,0600,3624, ,CFS
SHA,H,76,INFLOW,20160905,0700,-1753, ,CFS
SHA,H,76,INFLOW,20160905,0800,12132, ,CFS
SHA,H,76,INFLOW,20160905,0900,-4515, ,CFS
SHA,H,76,INFLOW,20160905,1000,4149, ,CFS
SHA,H,76,INFLOW,20160905,1100,2214, ,CFS
SHA,H,76,INFLOW,20160905,1200,-2760, ,CFS
SHA,H,76,INFLOW,20160905,1300,5701, ,CFS
SHA,H,76,INFLOW,20160905,1400,1434, ,CFS
SHA,H,76,INFLOW,20160905,1500,118, ,CFS
SHA,H,76,INFLOW,20160905,1600,7298, ,CFS
SHA,H,76,INFLOW,20160905,1700,-1013, ,CFS
SHA,H,76,INFLOW,20160905,1800,1810, ,CFS
SHA,H,76,INFLOW,20160905,1900,-910, ,CFS
SHA,H,76,INFLOW,20160905,2000,2186, ,CFS
SHA,H,76,INFLOW,20160905,2100,1887, ,CFS
SHA,H,76,INFLOW,20160905,2200,5506, ,CFS
SHA,H,76,INFLOW,20160905,2300,1176, ,CFS
SHA,H,76,INFLOW,20160906,0000,8062, ,CFS
SHA,H,76,INFLOW,20160906,0100,3321, ,CFS
SHA,H,76,INFLOW,20160906,0200,2589, ,CFS
SHA,H,76,INFLOW,20160906,0300,-427, ,CFS
SHA,H,76,INFLOW,20160906,0400,5132, ,CFS
SHA,H,76,INFLOW,20160906,0500,-296, ,CFS
SHA,H,76,INFLOW,20160906,0600,676, ,CFS
SHA,H,76,INFLOW,20160906,0700,2447, ,CFS
SHA,H,76,INFLOW,20160906,0800,7961, ,CFS
SHA,H,76,INFLOW,20160906,0900,-4797, ,CFS
SHA,H,76,INFLOW,20160906,1000,3466, ,CFS
SHA,H,76,INFLOW,20160906,1100,-1779, ,CFS
SHA,H,76,INFLOW,20160906,1200,1887, ,CFS
SHA,H,76,INFLOW,20160906,1300,1141, ,CFS
SHA,H,76,INFLOW,20160906,1400,61, ,CFS
SHA,H,76,INFLOW,20160906,1500,1088, ,CFS
SHA,H,76,INFLOW,20160906,1600,4255, ,CFS
SHA,H,76,INFLOW,20160906,1700,-1138, ,CFS
SHA,H,76,INFLOW,20160906,1800,2676, ,CFS
SHA,H,76,INFLOW,20160906,1900,10761, ,CFS
SHA,H,76,INFLOW,20160906,2000,2188, ,CFS
SHA,H,76,INFLOW,20160906,2100,10416, ,CFS
SHA,H,76,INFLOW,20160906,2200,5555, ,CFS
SHA,H,76,INFLOW,20160906,2300,8401, ,CFS
SHA,H,76,INFLOW,20160907,0000,-1652, ,CFS
SHA,H,76,INFLOW,20160907,0100,3481, ,CFS
SHA,H,76,INFLOW,20160907,0200,3187, ,CFS
SHA,H,76,INFLOW,20160907,0300,-2719, ,CFS
SHA,H,76,INFLOW,20160907,0400,5590, ,CFS
SHA,H,76,INFLOW,20160907,0500,243, ,CFS
SHA,H,76,INFLOW,20160907,0600,-1803, ,CFS
SHA,H,76,INFLOW,20160907,0700,3173, ,CFS
SHA,H,76,INFLOW,20160907,0800,8767, ,CFS
SHA,H,76,INFLOW,20160907,0900,-2805, ,CFS
SHA,H,76,INFLOW,20160907,1000,10912, ,CFS
SHA,H,76,INFLOW,20160907,1100,-823, ,CFS
SHA,H,76,INFLOW,20160907,1200,7881, ,CFS
SHA,H,76,INFLOW,20160907,1300,742, ,CFS
SHA,H,76,INFLOW,20160907,1400,-1042, ,CFS
SHA,H,76,INFLOW,20160907,1500,2941, ,CFS
SHA,H,76,INFLOW,20160907,1600,1974, ,CFS
SHA,H,76,INFLOW,20160907,1700,875, ,CFS
SHA,H,76,INFLOW,20160907,1800,9146, ,CFS
SHA,H,76,INFLOW,20160907,1900,1135, ,CFS
SHA,H,76,INFLOW,20160907,2000,14467, ,CFS
SHA,H,76,INFLOW,20160907,2100,8099, ,CFS
SHA,H,76,INFLOW,20160907,2200,1258, ,CFS
SHA,H,76,INFLOW,20160907,2300,17831, ,CFS
SHA,H,76,INFLOW,20160908,0000,-6063, ,CFS
SHA,H,76,INFLOW,20160908,0100,3596, ,CFS
SHA,H,76,INFLOW,20160908,0200,3025, ,CFS
SHA,H,76,INFLOW,20160908,0300,171, ,CFS
SHA,H,76,INFLOW,20160908,0400,2973, ,CFS
SHA,H,76,INFLOW,20160908,0500,498, ,CFS
SHA,H,76,INFLOW,20160908,0600,-329, ,CFS
SHA,H,76,INFLOW,20160908,0700,7385, ,CFS
SHA,H,76,INFLOW,20160908,0800,1812, ,CFS
SHA,H,76,INFLOW,20160908,0900,-187, ,CFS
SHA,H,76,INFLOW,20160908,1000,2740, ,CFS
SHA,H,76,INFLOW,20160908,1100,-3952, ,CFS
SHA,H,76,INFLOW,20160908,1200,-192, ,CFS
SHA,H,76,INFLOW,20160908,1300,938, ,CFS
SHA,H,76,INFLOW,20160908,1400,2644, ,CFS
SHA,H,76,INFLOW,20160908,1500,-1552, ,CFS
SHA,H,76,INFLOW,20160908,1600,1648, ,CFS
SHA,H,76,INFLOW,20160908,1700,-267, ,CFS
SHA,H,76,INFLOW,20160908,1800,6536, ,CFS
SHA,H,76,INFLOW,20160908,1900,1555, ,CFS
SHA,H,76,INFLOW,20160908,2000,6736, ,CFS
SHA,H,76,INFLOW,20160908,2100,6272, ,CFS
SHA,H,76,INFLOW,20160908,2200,4959, ,CFS
SHA,H,76,INFLOW,20160908,2300,901, ,CFS
SHA,H,76,INFLOW,20160909,0000,3576, ,CFS
SHA,H,76,INFLOW,20160909,0100,3504, ,CFS
SHA,H,76,INFLOW,20160909,0200,343, ,CFS
SHA,H,76,INFLOW,20160909,0300,309, ,CFS
SHA,H,76,INFLOW,20160909,0400,2842, ,CFS
SHA,H,76,INFLOW,20160909,0500,3087, ,CFS
SHA,H,76,INFLOW,20160909,0600,-1629, ,CFS
SHA,H,76,INFLOW,20160909,0700,3981, ,CFS
SHA,H,76,INFLOW,20160909,0800,3830, ,CFS
SHA,H,76,INFLOW,20160909,0900,2271, ,CFS
SHA,H,76,INFLOW,20160909,1000,-380, ,CFS
SHA,H,76,INFLOW,20160909,1100,-3031, ,CFS
SHA,H,76,INFLOW,20160909,1200,-201, ,CFS
SHA,H,76,INFLOW,20160909,1300,2653, ,CFS
SHA,H,76,INFLOW,20160909,1400,2760, ,CFS
SHA,H,76,INFLOW,20160909,1500,3979, ,CFS
SHA,H,76,INFLOW,20160909,1600,5171, ,CFS
SHA,H,76,INFLOW,20160909,1700,140, ,CFS
SHA,H,76,INFLOW,20160909,1800,7134, ,CFS
SHA,H,76,INFLOW,20160909,1900,4946, ,CFS
SHA,H,76,INFLOW,20160909,2000,7350, ,CFS
SHA,H,76,INFLOW,20160909,2100,6659, ,CFS
SHA,H,76,INFLOW,20160909,2200,68, ,CFS
SHA,H,76,INFLOW,20160909,2300,6728, ,CFS
SHA,H,76,INFLOW,20160910,0000,-1922, ,CFS
SHA,H,76,INFLOW,20160910,0100,5859, ,CFS
SHA,H,76,INFLOW,20160910,0200,6337, ,CFS
SHA,H,76,INFLOW,20160910,0300,3263, ,CFS
SHA,H,76,INFLOW,20160910,0400,3175, ,CFS
SHA,H,76,INFLOW,20160910,0500,6017, ,CFS
SHA,H,76,INFLOW,20160910,0600,-1958, ,CFS
SHA,H,76,INFLOW,20160910,0700,8113, ,CFS
SHA,H,76,INFLOW,20160910,0800,2930, ,CFS
SHA,H,76,INFLOW,20160910,0900,1707, ,CFS
SHA,H,76,INFLOW,20160910,1000,1968, ,CFS
SHA,H,76,INFLOW,20160910,1100,-1020, ,CFS
SHA,H,76,INFLOW,20160910,1200,2139, ,CFS
SHA,H,76,INFLOW,20160910,1300,154, ,CFS
SHA,H,76,INFLOW,20160910,1400,6169, ,CFS
SHA,H,76,INFLOW,20160910,1500,4012, ,CFS
SHA,H,76,INFLOW,20160910,1600,-1484, ,CFS
SHA,H,76,INFLOW,20160910,1700,7158, ,CFS
SHA,H,76,INFLOW,20160910,1800,9081, ,CFS
SHA,H,76,INFLOW,20160910,1900,2694, ,CFS
SHA,H,76,INFLOW,20160910,2000,5480, ,CFS
SHA,H,76,INFLOW,20160910,2100,2272, ,CFS
SHA,H,76,INFLOW,20160910,2200,6830, ,CFS
SHA,H,76,INFLOW,20160910,2300,6101, ,CFS
SHA,H,76,INFLOW,20160911,0000,3999, ,CFS
SHA,H,76,INFLOW,20160911,0100,2442, ,CFS
SHA,H,76,INFLOW,20160911,0200,1989, ,CFS
SHA,H,76,INFLOW,20160911,0300,1989, ,CFS
SHA,H,76,INFLOW,20160911,0400,1973, ,CFS
SHA,H,76,INFLOW,20160911,0500,1976, ,CFS
SHA,H,76,INFLOW,20160911,0600,2344, ,CFS
SHA,H,76,INFLOW,20160911,0700,8278, ,CFS
SHA,H,76,INFLOW,20160911,0800,-2896, ,CFS
SHA,H,76,INFLOW,20160911,0900,7084, ,CFS
SHA,H,76,INFLOW,20160911,1000,-3578, ,CFS
SHA,H,76,INFLOW,20160911,1100,2315, ,CFS
SHA,H,76,INFLOW,20160911,1200,-324, ,CFS
SHA,H,76,INFLOW,20160911,1300,2733, ,CFS
SHA,H,76,INFLOW,20160911,1400,3314, ,CFS
SHA,H,76,INFLOW,20160911,1500,1371, ,CFS
SHA,H,76,INFLOW,20160911,1600,-251, ,CFS
SHA,H,76,INFLOW,20160911,1700,1168, ,CFS
SHA,H,76,INFLOW,20160911,1800,-269, ,CFS
SHA,H,76,INFLOW,20160911,1900,4012, ,CFS
SHA,H,76,INFLOW,20160911,2000,1376, ,CFS
SHA,H,76,INFLOW,20160911,2100,4074, ,CFS
SHA,H,76,INFLOW,20160911,2200,4744, ,CFS
SHA,H,76,INFLOW,20160911,2300,1703, ,CFS
SHA,H,76,INFLOW,20160912,0000,6263, ,CFS
SHA,H,76,INFLOW,20160912,0100,2269, ,CFS
SHA,H,76,INFLOW,20160912,0200,1870, ,CFS
SHA,H,76,INFLOW,20160912,0300,1565, ,CFS
SHA,H,76,INFLOW,20160912,0400,4550, ,CFS
SHA,H,76,INFLOW,20160912,0500,-541, ,CFS
SHA,H,76,INFLOW,20160912,0600,4498, ,CFS
SHA,H,76,INFLOW,20160912,0700,4101, ,CFS
SHA,H,76,INFLOW,20160912,0800,2836, ,CFS
SHA,H,76,INFLOW,20160912,0900,5987, ,CFS
SHA,H,76,INFLOW,20160912,1000,589, ,CFS
SHA,H,76,INFLOW,20160912,1100,860, ,CFS
SHA,H,76,INFLOW,20160912,1200,489, ,CFS
SHA,H,76,INFLOW,20160912,1300,1490, ,CFS
SHA,H,76,INFLOW,20160912,1400,-691, ,CFS
SHA,H,76,INFLOW,20160912,1500,97, ,CFS
SHA,H,76,INFLOW,20160912,1600,4986, ,CFS
SHA,H,76,INFLOW,20160912,1700,3234, ,CFS
SHA,H,76,INFLOW,20160912,1800,2494, ,CFS
SHA,H,76,INFLOW,20160912,1900,2211, ,CFS
SHA,H,76,INFLOW,20160912,2000,3507, ,CFS
SHA,H,76,INFLOW,20160912,2100,684, ,CFS
SHA,H,76,INFLOW,20160912,2200,5792, ,CFS
SHA,H,76,INFLOW,20160912,2300,6690, ,CFS
SHA,H,76,INFLOW,20160913,0000,-408, ,CFS
SHA,H,76,INFLOW,20160913,0100,7314, ,CFS
SHA,H,76,INFLOW,20160913,0200,-1445, ,CFS
SHA,H,76,INFLOW,20160913,0300,3889, ,CFS
SHA,H,76,INFLOW,20160913,0400,4160, ,CFS
SHA,H,76,INFLOW,20160913,0500,-797, ,CFS
SHA,H,76,INFLOW,20160913,0600,-153, ,CFS
SHA,H,76,INFLOW,20160913,0700,4991, ,CFS
SHA,H,76,INFLOW,20160913,0800,-2979, ,CFS
SHA,H,76,INFLOW,20160913,0900,11011, ,CFS
SHA,H,76,INFLOW,20160913,1000,201, ,CFS
SHA,H,76,INFLOW,20160913,1100,3105, ,CFS
SHA,H,76,INFLOW,20160913,1200,6324, ,CFS
SHA,H,76,INFLOW,20160913,1300,4302, ,CFS
SHA,H,76,INFLOW,20160913,1400,6897, ,CFS
SHA,H,76,INFLOW,20160913,1500,-1407, ,CFS
SHA,H,76,INFLOW,20160913,1600,3313, ,CFS
SHA,H,76,INFLOW,20160913,1700,-653, ,CFS
SHA,H,76,INFLOW,20160913,1800,3199, ,CFS
SHA,H,76,INFLOW,20160913,1900,120, ,CFS
SHA,H,76,INFLOW,20160913,2000,6023, ,CFS
SHA,H,76,INFLOW,20160913,2100,953, ,CFS
SHA,H,76,INFLOW,20160913,2200,4902, ,CFS
SHA,H,76,INFLOW,20160913,2300,5067, ,CFS
SHA,H,76,INFLOW,20160914,0000,2696, ,CFS
SHA,H,76,INFLOW,20160914,0100,3223, ,CFS
SHA,H,76,INFLOW,20160914,0200,4049, ,CFS
SHA,H,76,INFLOW,20160914,0300,4123, ,CFS
SHA,H,76,INFLOW,20160914,0400,1390, ,CFS
SHA,H,76,INFLOW,20160914,0500,1700, ,CFS
SHA,H,76,INFLOW,20160914,0600,-422, ,CFS
SHA,H,76,INFLOW,20160914,0700,6758, ,CFS
SHA,H,76,INFLOW,20160914,0800,4781, ,CFS
SHA,H,76,INFLOW,20160914,0900,6396, ,CFS
SHA,H,76,INFLOW,20160914,1000,-5, ,CFS
SHA,H,76,INFLOW,20160914,1100,2836, ,CFS
SHA,H,76,INFLOW,20160914,1200,3123, ,CFS
SHA,H,76,INFLOW,20160914,1300,2362, ,CFS
SHA,H,76,INFLOW,20160914,1400,2386, ,CFS
SHA,H,76,INFLOW,20160914,1500,3245, ,CFS
SHA,H,76,INFLOW,20160914,1600,9079, ,CFS
SHA,H,76,INFLOW,20160914,1700,3439, ,CFS
SHA,H,76,INFLOW,20160914,1800,6838, ,CFS
SHA,H,76,INFLOW,20160914,1900,5783, ,CFS
SHA,H,76,INFLOW,20160914,2000,513, ,CFS
SHA,H,76,INFLOW,20160914,2100,11624, ,CFS
SHA,H,76,INFLOW,20160914,2200,6017, ,CFS
SHA,H,76,INFLOW,20160914,2300,802, ,CFS
SHA,H,76,INFLOW,20160915,0000,8026, ,CFS
SHA,H,76,INFLOW,20160915,0100,2251, ,CFS
SHA,H,76,INFLOW,20160915,0200,4852, ,CFS
SHA,H,76,INFLOW,20160915,0300,4922, ,CFS
SHA,H,76,INFLOW,20160915,0400,-3306, ,CFS
SHA,H,76,INFLOW,20160915,0500,7757, ,CFS
SHA,H,76,INFLOW,20160915,0600,-2410, ,CFS
SHA,H,76,INFLOW,20160915,0700,1805, ,CFS
SHA,H,76,INFLOW,20160915,0800,3778, ,CFS
SHA,H,76,INFLOW,20160915,0900,2185, ,CFS
SHA,H,76,INFLOW,20160915,1000,-3835, ,CFS
SHA,H,76,INFLOW,20160915,1100,-756, ,CFS
SHA,H,76,INFLOW,20160915,1200,2149, ,CFS
SHA,H,76,INFLOW,20160915,1300,-671, ,CFS
SHA,H,76,INFLOW,20160915,1400,2542, ,CFS
SHA,H,76,INFLOW,20160915,1500,341, ,CFS
SHA,H,76,INFLOW,20160915,1600,5481, ,CFS
SHA,H,76,INFLOW,20160915,1700,3968, ,CFS
SHA,H,76,INFLOW,20160915,1800,3162, ,CFS
SHA,H,76,INFLOW,20160915,1900,5878, ,CFS
SHA,H,76,INFLOW,20160915,2000,3621, ,CFS
SHA,H,76,INFLOW,20160915,2100,8945, ,CFS
SHA,H,76,INFLOW,20160915,2200,5835, ,CFS
SHA,H,76,INFLOW,20160915,2300,3493, ,CFS
SHA,H,76,INFLOW,20160916,0000,3050, ,CFS
SHA,H,76,INFLOW,20160916,0100,7219, ,CFS
SHA,H,76,INFLOW,20160916,0200,-1103, ,CFS
SHA,H,76,INFLOW,20160916,0300,4120, ,CFS
SHA,H,76,INFLOW,20160916,0400,-1234, ,CFS
SHA,H,76,INFLOW,20160916,0500,1565, ,CFS
SHA,H,76,INFLOW,20160916,0600,2312, ,CFS
SHA,H,76,INFLOW,20160916,0700,1239, ,CFS
SHA,H,76,INFLOW,20160916,0800,-1141, ,CFS
SHA,H,76,INFLOW,20160916,0900,35, ,CFS
SHA,H,76,INFLOW,20160916,1000,3010, ,CFS
SHA,H,76,INFLOW,20160916,1100,-1361, ,CFS
SHA,H,76,INFLOW,20160916,1200,-1149, ,CFS
SHA,H,76,INFLOW,20160916,1300,92, ,CFS
SHA,H,76,INFLOW,20160916,1400,---, ,CFS
SHA,H,76,INFLOW,20160916,1500,470, ,CFS
SHA,H,76,INFLOW,20160916,1600,2782, ,CFS
SHA,H,76,INFLOW,20160916,1700,-485, ,CFS
SHA,H,76,INFLOW,20160916,1800,2004, ,CFS
SHA,H,76,INFLOW,20160916,1900,8364, ,CFS
SHA,H,76,INFLOW,20160916,2000,8976, ,CFS
SHA,H,76,INFLOW,20160916,2100,9254, ,CFS
SHA,H,76,INFLOW,20160916,2200,6923, ,CFS
SHA,H,76,INFLOW,20160916,2300,6289, ,CFS
SHA,H,76,INFLOW,20160917,0000,589, ,CFS
SHA,H,76,INFLOW,20160917,0100,460, ,CFS
SHA,H,76,INFLOW,20160917,0200,5791, ,CFS
SHA,H,76,INFLOW,20160917,0300,-2221, ,CFS
SHA,H,76,INFLOW,20160917,0400,5619, ,CFS
SHA,H,76,INFLOW,20160917,0500,397, ,CFS
SHA,H,76,INFLOW,20160917,0600,-1943, ,CFS
SHA,H,76,INFLOW,20160917,0700,6028, ,CFS
SHA,H,76,INFLOW,20160917,0800,-5198, ,CFS
SHA,H,76,INFLOW,20160917,0900,3146, ,CFS
SHA,H,76,INFLOW,20160917,1000,789, ,CFS
SHA,H,76,INFLOW,20160917,1100,-1521, ,CFS
SHA,H,76,INFLOW,20160917,1200,1435, ,CFS
SHA,H,76,INFLOW,20160917,1300,1107, ,CFS
SHA,H,76,INFLOW,20160917,1400,-2111, ,CFS
SHA,H,76,INFLOW,20160917,1500,1974, ,CFS
SHA,H,76,INFLOW,20160917,1600,3481, ,CFS
SHA,H,76,INFLOW,20160917,1700,-581, ,CFS
SHA,H,76,INFLOW,20160917,1800,-162, ,CFS
SHA,H,76,INFLOW,20160917,1900,3151, ,CFS
SHA,H,76,INFLOW,20160917,2000,5729, ,CFS
SHA,H,76,INFLOW,20160917,2100,8957, ,CFS
SHA,H,76,INFLOW,20160917,2200,-5095, ,CFS
SHA,H,76,INFLOW,20160917,2300,8172, ,CFS
SHA,H,76,INFLOW,20160918,0000,-79, ,CFS
SHA,H,76,INFLOW,20160918,0100,-2506, ,CFS
SHA,H,76,INFLOW,20160918,0200,7978, ,CFS
SHA,H,76,INFLOW,20160918,0300,-298, ,CFS
SHA,H,76,INFLOW,20160918,0400,-700, ,CFS
SHA,H,76,INFLOW,20160918,0500,4732, ,CFS
SHA,H,76,INFLOW,20160918,0600,-3054, ,CFS
SHA,H,76,INFLOW,20160918,0700,5482, ,CFS
SHA,H,76,INFLOW,20160918,0800,-2236, ,CFS
SHA,H,76,INFLOW,20160918,0900,-542, ,CFS
SHA,H,76,INFLOW,20160918,1000,2111, ,CFS
SHA,H,76,INFLOW,20160918,1100,-842, ,CFS
SHA,H,76,INFLOW,20160918,1200,2420, ,CFS
SHA,H,76,INFLOW,20160918,1300,671, ,CFS
SHA,H,76,INFLOW,20160918,1400,1625, ,CFS
SHA,H,76,INFLOW,20160918,1500,-296, ,CFS
SHA,H,76,INFLOW,20160918,1600,3209, ,CFS
SHA,H,76,INFLOW,20160918,1700,988, ,CFS
SHA,H,76,INFLOW,20160918,1800,3627, ,CFS
SHA,H,76,INFLOW,20160918,1900,8579, ,CFS
SHA,H,76,INFLOW,20160918,2000,5089, ,CFS
SHA,H,76,INFLOW,20160918,2100,7862, ,CFS
SHA,H,76,INFLOW,20160918,2200,7332, ,CFS
SHA,H,76,INFLOW,20160918,2300,7697, ,CFS
SHA,H,76,INFLOW,20160919,0000,-3189, ,CFS
SHA,H,76,INFLOW,20160919,0100,5919, ,CFS
SHA,H,76,INFLOW,20160919,0200,-2790, ,CFS
SHA,H,76,INFLOW,20160919,0300,4778, ,CFS
SHA,H,76,INFLOW,20160919,0400,1819, ,CFS
SHA,H,76,INFLOW,20160919,0500,-847, ,CFS
SHA,H,76,INFLOW,20160919,0600,2706, ,CFS
SHA,H,76,INFLOW,20160919,0700,2265, ,CFS
SHA,H,76,INFLOW,20160919,0800,-270, ,CFS
SHA,H,76,INFLOW,20160919,0900,2715, ,CFS
SHA,H,76,INFLOW,20160919,1000,-2185, ,CFS
SHA,H,76,INFLOW,20160919,1100,699, ,CFS
SHA,H,76,INFLOW,20160919,1200,606, ,CFS
SHA,H,76,INFLOW,20160919,1300,6910, ,CFS
SHA,H,76,INFLOW,20160919,1400,1904, ,CFS
SHA,H,76,INFLOW,20160919,1500,438, ,CFS
SHA,H,76,INFLOW,20160919,1600,2705, ,CFS
SHA,H,76,INFLOW,20160919,1700,7265, ,CFS
SHA,H,76,INFLOW,20160919,1800,7648, ,CFS
SHA,H,76,INFLOW,20160919,1900,8524, ,CFS
SHA,H,76,INFLOW,20160919,2000,5696, ,CFS
SHA,H,76,INFLOW,20160919,2100,9089, ,CFS
SHA,H,76,INFLOW,20160919,2200,6779, ,CFS
SHA,H,76,INFLOW,20160919,2300,776, ,CFS
SHA,H,76,INFLOW,20160920,0000,602, ,CFS
SHA,H,76,INFLOW,20160920,0100,4850, ,CFS
SHA,H,76,INFLOW,20160920,0200,-372, ,CFS
SHA,H,76,INFLOW,20160920,0300,4234, ,CFS
SHA,H,76,INFLOW,20160920,0400,3988, ,CFS
SHA,H,76,INFLOW,20160920,0500,-877, ,CFS
SHA,H,76,INFLOW,20160920,0600,-116, ,CFS
SHA,H,76,INFLOW,20160920,0700,2450, ,CFS
SHA,H,76,INFLOW,20160920,0800,67, ,CFS
SHA,H,76,INFLOW,20160920,0900,357, ,CFS
SHA,H,76,INFLOW,20160920,1000,510, ,CFS
SHA,H,76,INFLOW,20160920,1100,955, ,CFS
SHA,H,76,INFLOW,20160920,1200,3500, ,CFS
SHA,H,76,INFLOW,20160920,1300,-3557, ,CFS
SHA,H,76,INFLOW,20160920,1400,4951, ,CFS
SHA,H,76,INFLOW,20160920,1500,6, ,CFS
SHA,H,76,INFLOW,20160920,1600,-892, ,CFS
SHA,H,76,INFLOW,20160920,1700,4191, ,CFS
SHA,H,76,INFLOW,20160920,1800,-1354, ,CFS
SHA,H,76,INFLOW,20160920,1900,3649, ,CFS
SHA,H,76,INFLOW,20160920,2000,8789, ,CFS
SHA,H,76,INFLOW,20160920,2100,8414, ,CFS
SHA,H,76,INFLOW,20160920,2200,-5428, ,CFS
SHA,H,76,INFLOW,20160920,2300,5832, ,CFS
SHA,H,76,INFLOW,20160921,0000,-1553, ,CFS
SHA,H,76,INFLOW,20160921,0100,1904, ,CFS
SHA,H,76,INFLOW,20160921,0200,4572, ,CFS
SHA,H,76,INFLOW,20160921,0300,-1058, ,CFS
SHA,H,76,INFLOW,20160921,0400,1447, ,CFS
SHA,H,76,INFLOW,20160921,0500,4500, ,CFS
SHA,H,76,INFLOW,20160921,0600,-3303, ,CFS
SHA,H,76,INFLOW,20160921,0700,6701, ,CFS
SHA,H,76,INFLOW,20160921,0800,-940, ,CFS
SHA,H,76,INFLOW,20160921,0900,-336, ,CFS
SHA,H,76,INFLOW,20160921,1000,2434, ,CFS
SHA,H,76,INFLOW,20160921,1100,-2813, ,CFS
SHA,H,76,INFLOW,20160921,1200,2818, ,CFS
SHA,H,76,INFLOW,20160921,1300,317, ,CFS
SHA,H,76,INFLOW,20160921,1400,301, ,CFS
SHA,H,76,INFLOW,20160921,1500,3289, ,CFS
SHA,H,76,INFLOW,20160921,1600,-4199, ,CFS
SHA,H,76,INFLOW,20160921,1700,5051, ,CFS
SHA,H,76,INFLOW,20160921,1800,614, ,CFS
SHA,H,76,INFLOW,20160921,1900,-2061, ,CFS
SHA,H,76,INFLOW,20160921,2000,6322, ,CFS
SHA,H,76,INFLOW,20160921,2100,2689, ,CFS
SHA,H,76,INFLOW,20160921,2200,5043, ,CFS
SHA,H,76,INFLOW,20160921,2300,2648, ,CFS
SHA,H,76,INFLOW,20160922,0000,555, ,CFS
SHA,H,76,INFLOW,20160922,0100,1822, ,CFS
SHA,H,76,INFLOW,20160922,0200,4359, ,CFS
SHA,H,76,INFLOW,20160922,0300,-927, ,CFS
SHA,H,76,INFLOW,20160922,0400,1601, ,CFS
SHA,H,76,INFLOW,20160922,0500,1820, ,CFS
SHA,H,76,INFLOW,20160922,0600,-274, ,CFS
SHA,H,76,INFLOW,20160922,0700,3253, ,CFS
SHA,H,76,INFLOW,20160922,0800,1402, ,CFS
SHA,H,76,INFLOW,20160922,0900,289, ,CFS
SHA,H,76,INFLOW,20160922,1000,147, ,CFS
SHA,H,76,INFLOW,20160922,1100,51, ,CFS
SHA,H,76,INFLOW,20160922,1200,2628, ,CFS
SHA,H,76,INFLOW,20160922,1300,-649, ,CFS
SHA,H,76,INFLOW,20160922,1400,302, ,CFS
SHA,H,76,INFLOW,20160922,1500,3127, ,CFS
SHA,H,76,INFLOW,20160922,1600,-2966, ,CFS
SHA,H,76,INFLOW,20160922,1700,8556, ,CFS
SHA,H,76,INFLOW,20160922,1800,-1390, ,CFS
SHA,H,76,INFLOW,20160922,1900,653, ,CFS
SHA,H,76,INFLOW,20160922,2000,3739, ,CFS
SHA,H,76,INFLOW,20160922,2100,6356, ,CFS
SHA,H,76,INFLOW,20160922,2200,7392, ,CFS
SHA,H,76,INFLOW,20160922,2300,-1739, ,CFS
SHA,H,76,INFLOW,20160923,0000,1422, ,CFS
SHA,H,76,INFLOW,20160923,0100,2239, ,CFS
SHA,H,76,INFLOW,20160923,0200,-612, ,CFS
SHA,H,76,INFLOW,20160923,0300,4595, ,CFS
SHA,H,76,INFLOW,20160923,0400,-611, ,CFS
SHA,H,76,INFLOW,20160923,0500,4988, ,CFS
SHA,H,76,INFLOW,20160923,0600,436, ,CFS
SHA,H,76,INFLOW,20160923,0700,306, ,CFS
SHA,H,76,INFLOW,20160923,0800,2923, ,CFS
SHA,H,76,INFLOW,20160923,0900,2029, ,CFS
SHA,H,76,INFLOW,20160923,1000,-658, ,CFS
SHA,H,76,INFLOW,20160923,1100,-3246, ,CFS
SHA,H,76,INFLOW,20160923,1200,4865, ,CFS
SHA,H,76,INFLOW,20160923,1300,-3304, ,CFS
SHA,H,76,INFLOW,20160923,1400,4747, ,CFS
SHA,H,76,INFLOW,20160923,1500,-123, ,CFS
SHA,H,76,INFLOW,20160923,1600,939, ,CFS
SHA,H,76,INFLOW,20160923,1700,1167, ,CFS
SHA,H,76,INFLOW,20160923,1800,3727, ,CFS
SHA,H,76,INFLOW,20160923,1900,-1425, ,CFS
SHA,H,76,INFLOW,20160923,2000,6644, ,CFS
SHA,H,76,INFLOW,20160923,2100,6351, ,CFS
SHA,H,76,INFLOW,20160923,2200,7656, ,CFS
SHA,H,76,INFLOW,20160923,2300,5116, ,CFS
SHA,H,76,INFLOW,20160924,0000,1695, ,CFS
SHA,H,76,INFLOW,20160924,0100,2618, ,CFS
SHA,H,76,INFLOW,20160924,0200,94, ,CFS
SHA,H,76,INFLOW,20160924,0300,2827, ,CFS
SHA,H,76,INFLOW,20160924,0400,2847, ,CFS
SHA,H,76,INFLOW,20160924,0500,-2419, ,CFS
SHA,H,76,INFLOW,20160924,0600,608, ,CFS
SHA,H,76,INFLOW,20160924,0700,2691, ,CFS
SHA,H,76,INFLOW,20160924,0800,2691, ,CFS
SHA,H,76,INFLOW,20160924,0900,1663, ,CFS
SHA,H,76,INFLOW,20160924,1000,-3738, ,CFS
SHA,H,76,INFLOW,20160924,1100,1601, ,CFS
SHA,H,76,INFLOW,20160924,1200,-1081, ,CFS
SHA,H,76,INFLOW,20160924,1300,1938, ,CFS
SHA,H,76,INFLOW,20160924,1400,-443, ,CFS
SHA,H,76,INFLOW,20160924,1500,49, ,CFS
SHA,H,76,INFLOW,20160924,1600,956, ,CFS
SHA,H,76,INFLOW,20160924,1700,3416, ,CFS
SHA,H,76,INFLOW,20160924,1800,1531, ,CFS
SHA,H,76,INFLOW,20160924,1900,3331, ,CFS
SHA,H,76,INFLOW,20160924,2000,8705, ,CFS
SHA,H,76,INFLOW,20160924,2100,11103, ,CFS
SHA,H,76,INFLOW,20160924,2200,355, ,CFS
SHA,H,76,INFLOW,20160924,2300,5315, ,CFS
SHA,H,76,INFLOW,20160925,0000,1608, ,CFS
SHA,H,76,INFLOW,20160925,0100,-145, ,CFS
SHA,H,76,INFLOW,20160925,0200,2566, ,CFS
SHA,H,76,INFLOW,20160925,0300,-204, ,CFS
SHA,H,76,INFLOW,20160925,0400,5031, ,CFS
SHA,H,76,INFLOW,20160925,0500,2501, ,CFS
SHA,H,76,INFLOW,20160925,0600,-4430, ,CFS
SHA,H,76,INFLOW,20160925,0700,1336, ,CFS
SHA,H,76,INFLOW,20160925,0800,7010, ,CFS
SHA,H,76,INFLOW,20160925,0900,1849, ,CFS
SHA,H,76,INFLOW,20160925,1000,-4032, ,CFS
SHA,H,76,INFLOW,20160925,1100,23, ,CFS
SHA,H,76,INFLOW,20160925,1200,-677, ,CFS
SHA,H,76,INFLOW,20160925,1300,-3026, ,CFS
SHA,H,76,INFLOW,20160925,1400,-2728, ,CFS
SHA,H,76,INFLOW,20160925,1500,2695, ,CFS
SHA,H,76,INFLOW,20160925,1600,1125, ,CFS
SHA,H,76,INFLOW,20160925,1700,5959, ,CFS
SHA,H,76,INFLOW,20160925,1800,11404, ,CFS
SHA,H,76,INFLOW,20160925,1900,3746, ,CFS
SHA,H,76,INFLOW,20160925,2000,11294, ,CFS
SHA,H,76,INFLOW,20160925,2100,10605, ,CFS
SHA,H,76,INFLOW,20160925,2200,5139, ,CFS
SHA,H,76,INFLOW,20160925,2300,6012, ,CFS
SHA,H,76,INFLOW,20160926,0000,306, ,CFS
SHA,H,76,INFLOW,20160926,0100,1722, ,CFS
SHA,H,76,INFLOW,20160926,0200,4882, ,CFS
SHA,H,76,INFLOW,20160926,0300,-3266, ,CFS
SHA,H,76,INFLOW,20160926,0400,7240, ,CFS
SHA,H,76,INFLOW,20160926,0500,-488, ,CFS
SHA,H,76,INFLOW,20160926,0600,-2548, ,CFS
SHA,H,76,INFLOW,20160926,0700,6267, ,CFS
SHA,H,76,INFLOW,20160926,0800,1279, ,CFS
SHA,H,76,INFLOW,20160926,0900,3405, ,CFS
SHA,H,76,INFLOW,20160926,1000,-2023, ,CFS
SHA,H,76,INFLOW,20160926,1100,559, ,CFS
SHA,H,76,INFLOW,20160926,1200,1158, ,CFS
SHA,H,76,INFLOW,20160926,1300,1099, ,CFS
SHA,H,76,INFLOW,20160926,1400,3989, ,CFS
SHA,H,76,INFLOW,20160926,1500,7822, ,CFS
SHA,H,76,INFLOW,20160926,1600,7536, ,CFS
SHA,H,76,INFLOW,20160926,1700,7014, ,CFS
SHA,H,76,INFLOW,20160926,1800,7875, ,CFS
SHA,H,76,INFLOW,20160926,1900,8109, ,CFS
SHA,H,76,INFLOW,20160926,2000,10842, ,CFS
SHA,H,76,INFLOW,20160926,2100,10300, ,CFS
SHA,H,76,INFLOW,20160926,2200,6419, ,CFS
SHA,H,76,INFLOW,20160926,2300,6529, ,CFS
SHA,H,76,INFLOW,20160927,0000,2127, ,CFS
SHA,H,76,INFLOW,20160927,0100,4913, ,CFS
SHA,H,76,INFLOW,20160927,0200,2166, ,CFS
SHA,H,76,INFLOW,20160927,0300,2066, ,CFS
SHA,H,76,INFLOW,20160927,0400,2164, ,CFS
SHA,H,76,INFLOW,20160927,0500,1784, ,CFS
SHA,H,76,INFLOW,20160927,0600,-416, ,CFS
SHA,H,76,INFLOW,20160927,0700,4425, ,CFS
SHA,H,76,INFLOW,20160927,0800,2098, ,CFS
SHA,H,76,INFLOW,20160927,0900,2804, ,CFS
SHA,H,76,INFLOW,20160927,1000,103, ,CFS
SHA,H,76,INFLOW,20160927,1100,-1167, ,CFS
SHA,H,76,INFLOW,20160927,1200,1800, ,CFS
SHA,H,76,INFLOW,20160927,1300,-718, ,CFS
SHA,H,76,INFLOW,20160927,1400,5270, ,CFS
SHA,H,76,INFLOW,20160927,1500,1305, ,CFS
SHA,H,76,INFLOW,20160927,1600,14838, ,CFS
SHA,H,76,INFLOW,20160927,1700,5238, ,CFS
SHA,H,76,INFLOW,20160927,1800,7741, ,CFS
SHA,H,76,INFLOW,20160927,1900,8526, ,CFS
SHA,H,76,INFLOW,20160927,2000,6166, ,CFS
SHA,H,76,INFLOW,20160927,2100,13362, ,CFS
SHA,H,76,INFLOW,20160927,2200,4074, ,CFS
SHA,H,76,INFLOW,20160927,2300,7002, ,CFS
SHA,H,76,INFLOW,20160928,0000,5779, ,CFS
SHA,H,76,INFLOW,20160928,0100,4738, ,CFS
SHA,H,76,INFLOW,20160928,0200,4434, ,CFS
SHA,H,76,INFLOW,20160928,0300,1632, ,CFS
SHA,H,76,INFLOW,20160928,0400,1411, ,CFS
SHA,H,76,INFLOW,20160928,0500,1611, ,CFS
SHA,H,76,INFLOW,20160928,0600,-1125, ,CFS
SHA,H,76,INFLOW,20160928,0700,2906, ,CFS
SHA,H,76,INFLOW,20160928,0800,3321, ,CFS
SHA,H,76,INFLOW,20160928,0900,-410, ,CFS
SHA,H,76,INFLOW,20160928,1000,2390, ,CFS
SHA,H,76,INFLOW,20160928,1100,171, ,CFS
SHA,H,76,INFLOW,20160928,1200,209, ,CFS
SHA,H,76,INFLOW,20160928,1300,596, ,CFS
SHA,H,76,INFLOW,20160928,1400,4359, ,CFS
SHA,H,76,INFLOW,20160928,1500,1280, ,CFS
SHA,H,76,INFLOW,20160928,1600,8615, ,CFS
SHA,H,76,INFLOW,20160928,1700,8713, ,CFS
SHA,H,76,INFLOW,20160928,1800,9061, ,CFS
SHA,H,76,INFLOW,20160928,1900,6300, ,CFS
SHA,H,76,INFLOW,20160928,2000,11609, ,CFS
SHA,H,76,INFLOW,20160928,2100,5217, ,CFS
SHA,H,76,INFLOW,20160928,2200,8235, ,CFS
SHA,H,76,INFLOW,20160928,2300,5900, ,CFS
SHA,H,76,INFLOW,20160929,0000,5317, ,CFS
SHA,H,76,INFLOW,20160929,0100,4856, ,CFS
SHA,H,76,INFLOW,20160929,0200,2025, ,CFS
SHA,H,76,INFLOW,20160929,0300,1907, ,CFS
SHA,H,76,INFLOW,20160929,0400,1713, ,CFS
SHA,H,76,INFLOW,20160929,0500,-851, ,CFS
SHA,H,76,INFLOW,20160929,0600,-154, ,CFS
SHA,H,76,INFLOW,20160929,0700,4586, ,CFS
SHA,H,76,INFLOW,20160929,0800,6860, ,CFS
SHA,H,76,INFLOW,20160929,0900,6602, ,CFS
SHA,H,76,INFLOW,20160929,1000,-120, ,CFS
SHA,H,76,INFLOW,20160929,1100,432, ,CFS
SHA,H,76,INFLOW,20160929,1200,3307, ,CFS
SHA,H,76,INFLOW,20160929,1300,-962, ,CFS
SHA,H,76,INFLOW,20160929,1400,2485, ,CFS
SHA,H,76,INFLOW,20160929,1500,-1752, ,CFS
SHA,H,76,INFLOW,20160929,1600,819, ,CFS
SHA,H,76,INFLOW,20160929,1700,4382, ,CFS
SHA,H,76,INFLOW,20160929,1800,-1473, ,CFS
SHA,H,76,INFLOW,20160929,1900,9326, ,CFS
SHA,H,76,INFLOW,20160929,2000,6402, ,CFS
SHA,H,76,INFLOW,20160929,2100,5861, ,CFS
SHA,H,76,INFLOW,20160929,2200,7796, ,CFS
SHA,H,76,INFLOW,20160929,2300,721, ,CFS
SHA,H,76,INFLOW,20160930,0000,5835, ,CFS
SHA,H,76,INFLOW,20160930,0100,4279, ,CFS
SHA,H,76,INFLOW,20160930,0200,1608, ,CFS
SHA,H,76,INFLOW,20160930,0300,4506, ,CFS
SHA,H,76,INFLOW,20160930,0400,-805, ,CFS
SHA,H,76,INFLOW,20160930,0500,1606, ,CFS
SHA,H,76,INFLOW,20160930,0600,-836, ,CFS
SHA,H,76,INFLOW,20160930,0700,1033, ,CFS
SHA,H,76,INFLOW,20160930,0800,991, ,CFS
SHA,H,76,INFLOW,20160930,0900,3470, ,CFS
SHA,H,76,INFLOW,20160930,1000,12, ,CFS
SHA,H,76,INFLOW,20160930,1100,2994, ,CFS
SHA,H,76,INFLOW,20160930,1200,-1532, ,CFS
SHA,H,76,INFLOW,20160930,1300,946, ,CFS
SHA,H,76,INFLOW,20160930,1400,3773, ,CFS
SHA,H,76,INFLOW,20160930,1500,-736, ,CFS
SHA,H,76,INFLOW,20160930,1600,4998, ,CFS
SHA,H,76,INFLOW,20160930,1700,-2623, ,CFS
SHA,H,76,INFLOW,20160930,1800,4602, ,CFS
SHA,H,76,INFLOW,20160930,1900,10701, ,CFS
SHA,H,76,INFLOW,20160930,2000,2526, ,CFS
SHA,H,76,INFLOW,20160930,2100,8723, ,CFS
SHA,H,76,INFLOW,20160930,2200,9579, ,CFS
SHA,H,76,INFLOW,20160930,2300,-1304, ,CFS
SHA,H,76,INFLOW,20161001,0000,7388, ,CFS
SHA,H,76,INFLOW,20161001,0100,1426, ,CFS
SHA,H,76,INFLOW,20161001,0200,-4216, ,CFS
SHA,H,76,INFLOW,20161001,0300,6393, ,CFS
SHA,H,76,INFLOW,20161001,0400,1051, ,CFS
SHA,H,76,INFLOW,20161001,0500,9077, ,CFS
SHA,H,76,INFLOW,20161001,0600,1428, ,CFS
SHA,H,76,INFLOW,20161001,0700,2928, ,CFS
SHA,H,76,INFLOW,20161001,0800,2764, ,CFS
SHA,H,76,INFLOW,20161001,0900,-177, ,CFS
SHA,H,76,INFLOW,20161001,1000,-2686, ,CFS
SHA,H,76,INFLOW,20161001,1100,1643, ,CFS
SHA,H,76,INFLOW,20161001,1200,1751, ,CFS
SHA,H,76,INFLOW,20161001,1300,436, ,CFS
SHA,H,76,INFLOW,20161001,1400,4211, ,CFS
SHA,H,76,INFLOW,20161001,1500,-780, ,CFS
SHA,H,76,INFLOW,20161001,1600,2185, ,CFS
SHA,H,76,INFLOW,20161001,1700,-2447, ,CFS
SHA,H,76,INFLOW,20161001,1800,2678, ,CFS
SHA,H,76,INFLOW,20161001,1900,341, ,CFS
SHA,H,76,INFLOW,20161001,2000,10923, ,CFS
SHA,H,76,INFLOW,20161001,2100,2620, ,CFS
SHA,H,76,INFLOW,20161001,2200,10779, ,CFS
SHA,H,76,INFLOW,20161001,2300,4709, ,CFS
SHA,H,76,INFLOW,20161002,0000,-570, ,CFS
SHA,H,76,INFLOW,20161002,0100,1980, ,CFS
SHA,H,76,INFLOW,20161002,0200,4509, ,CFS
SHA,H,76,INFLOW,20161002,0300,-737, ,CFS
SHA,H,76,INFLOW,20161002,0400,2014, ,CFS
SHA,H,76,INFLOW,20161002,0500,2042, ,CFS
SHA,H,76,INFLOW,20161002,0600,2230, ,CFS
SHA,H,76,INFLOW,20161002,0700,-333, ,CFS
SHA,H,76,INFLOW,20161002,0800,2628, ,CFS
SHA,H,76,INFLOW,20161002,0900,10301, ,CFS
SHA,H,76,INFLOW,20161002,1000,-7814, ,CFS
SHA,H,76,INFLOW,20161002,1100,7687, ,CFS
SHA,H,76,INFLOW,20161002,1200,2153, ,CFS
SHA,H,76,INFLOW,20161002,1300,-2947, ,CFS
SHA,H,76,INFLOW,20161002,1400,7532, ,CFS
SHA,H,76,INFLOW,20161002,1500,5181, ,CFS
SHA,H,76,INFLOW,20161002,1600,-922, ,CFS
SHA,H,76,INFLOW,20161002,1700,7367, ,CFS
SHA,H,76,INFLOW,20161002,1800,-6802, ,CFS
SHA,H,76,INFLOW,20161002,1900,4258, ,CFS
SHA,H,76,INFLOW,20161002,2000,7015, ,CFS
SHA,H,76,INFLOW,20161002,2100,1558, ,CFS
SHA,H,76,INFLOW,20161002,2200,10867, ,CFS
SHA,H,76,INFLOW,20161002,2300,7091, ,CFS
SHA,H,76,INFLOW,20161003,0000,-745, ,CFS
SHA,H,76,INFLOW,20161003,0100,9191, ,CFS
SHA,H,76,INFLOW,20161003,0200,1201, ,CFS
SHA,H,76,INFLOW,20161003,0300,1188, ,CFS
SHA,H,76,INFLOW,20161003,0400,1530, ,CFS
SHA,H,76,INFLOW,20161003,0500,-916, ,CFS
SHA,H,76,INFLOW,20161003,0600,-3187, ,CFS
SHA,H,76,INFLOW,20161003,0700,3836, ,CFS
SHA,H,76,INFLOW,20161003,0800,-1225, ,CFS
SHA,H,76,INFLOW,20161003,0900,3181, ,CFS
SHA,H,76,INFLOW,20161003,1000,-2059, ,CFS
SHA,H,76,INFLOW,20161003,1100,3215, ,CFS
SHA,H,76,INFLOW,20161003,1200,3234, ,CFS
SHA,H,76,INFLOW,20161003,1300,290, ,CFS
SHA,H,76,INFLOW,20161003,1400,2651, ,CFS
SHA,H,76,INFLOW,20161003,1500,115, ,CFS
SHA,H,76,INFLOW,20161003,1600,553, ,CFS
SHA,H,76,INFLOW,20161003,1700,175, ,CFS
SHA,H,76,INFLOW,20161003,1800,4077, ,CFS
SHA,H,76,INFLOW,20161003,1900,2184, ,CFS
SHA,H,76,INFLOW,20161003,2000,12544, ,CFS
SHA,H,76,INFLOW,20161003,2100,4230, ,CFS
SHA,H,76,INFLOW,20161003,2200,8568, ,CFS
SHA,H,76,INFLOW,20161003,2300,7411, ,CFS
SHA,H,76,INFLOW,20161004,0000,1772, ,CFS
SHA,H,76,INFLOW,20161004,0100,960, ,CFS
SHA,H,76,INFLOW,20161004,0200,3351, ,CFS
SHA,H,76,INFLOW,20161004,0300,-2122, ,CFS
SHA,H,76,INFLOW,20161004,0400,518, ,CFS
SHA,H,76,INFLOW,20161004,0500,3490, ,CFS
SHA,H,76,INFLOW,20161004,0600,-1024, ,CFS
SHA,H,76,INFLOW,20161004,0700,1460, ,CFS
SHA,H,76,INFLOW,20161004,0800,2417, ,CFS
SHA,H,76,INFLOW,20161004,0900,3493, ,CFS
SHA,H,76,INFLOW,20161004,1000,773, ,CFS
SHA,H,76,INFLOW,20161004,1100,988, ,CFS
SHA,H,76,INFLOW,20161004,1200,285, ,CFS
SHA,H,76,INFLOW,20161004,1300,2654, ,CFS
SHA,H,76,INFLOW,20161004,1400,-925, ,CFS
SHA,H,76,INFLOW,20161004,1500,3402, ,CFS
SHA,H,76,INFLOW,20161004,1600,1787, ,CFS
SHA,H,76,INFLOW,20161004,1700,-1715, ,CFS
SHA,H,76,INFLOW,20161004,1800,1878, ,CFS
SHA,H,76,INFLOW,20161004,1900,-196, ,CFS
SHA,H,76,INFLOW,20161004,2000,10608, ,CFS
SHA,H,76,INFLOW,20161004,2100,4636, ,CFS
SHA,H,76,INFLOW,20161004,2200,6040, ,CFS
SHA,H,76,INFLOW,20161004,2300,2268, ,CFS
SHA,H,76,INFLOW,20161005,0000,1489, ,CFS
SHA,H,76,INFLOW,20161005,0100,5039, ,CFS
SHA,H,76,INFLOW,20161005,0200,-2968, ,CFS
SHA,H,76,INFLOW,20161005,0300,4818, ,CFS
SHA,H,76,INFLOW,20161005,0400,4709, ,CFS
SHA,H,76,INFLOW,20161005,0500,-2739, ,CFS
SHA,H,76,INFLOW,20161005,0600,1080, ,CFS
SHA,H,76,INFLOW,20161005,0700,-864, ,CFS
SHA,H,76,INFLOW,20161005,0800,3724, ,CFS
SHA,H,76,INFLOW,20161005,0900,9859, ,CFS
SHA,H,76,INFLOW,20161005,1000,-5994, ,CFS
SHA,H,76,INFLOW,20161005,1100,3335, ,CFS
SHA,H,76,INFLOW,20161005,1200,3195, ,CFS
SHA,H,76,INFLOW,20161005,1300,589, ,CFS
SHA,H,76,INFLOW,20161005,1400,6091, ,CFS
SHA,H,76,INFLOW,20161005,1500,-1523, ,CFS
SHA,H,76,INFLOW,20161005,1600,-292, ,CFS
SHA,H,76,INFLOW,20161005,1700,4889, ,CFS
SHA,H,76,INFLOW,20161005,1800,-4249, ,CFS
SHA,H,76,INFLOW,20161005,1900,3821, ,CFS
SHA,H,76,INFLOW,20161005,2000,6648, ,CFS
SHA,H,76,INFLOW,20161005,2100,4962, ,CFS
SHA,H,76,INFLOW,20161005,2200,10746, ,CFS
SHA,H,76,INFLOW,20161005,2300,-2127, ,CFS
SHA,H,76,INFLOW,20161006,0000,4454, ,CFS
SHA,H,76,INFLOW,20161006,0100,2154, ,CFS
SHA,H,76,INFLOW,20161006,0200,-786, ,CFS
SHA,H,76,INFLOW,20161006,0300,4411, ,CFS
SHA,H,76,INFLOW,20161006,0400,-721, ,CFS
SHA,H,76,INFLOW,20161006,0500,-871, ,CFS
SHA,H,76,INFLOW,20161006,0600,2379, ,CFS
SHA,H,76,INFLOW,20161006,0700,2660, ,CFS
SHA,H,76,INFLOW,20161006,0800,494, ,CFS
SHA,H,76,INFLOW,20161006,0900,3604, ,CFS
SHA,H,76,INFLOW,20161006,1000,690, ,CFS
SHA,H,76,INFLOW,20161006,1100,-1629, ,CFS
SHA,H,76,INFLOW,20161006,1200,1038, ,CFS
SHA,H,76,INFLOW,20161006,1300,-1475, ,CFS
SHA,H,76,INFLOW,20161006,1400,1058, ,CFS
SHA,H,76,INFLOW,20161006,1500,1297, ,CFS
SHA,H,76,INFLOW,20161006,1600,-1137, ,CFS
SHA,H,76,INFLOW,20161006,1700,4686, ,CFS
SHA,H,76,INFLOW,20161006,1800,-2568, ,CFS
SHA,H,76,INFLOW,20161006,1900,3321, ,CFS
SHA,H,76,INFLOW,20161006,2000,9024, ,CFS
SHA,H,76,INFLOW,20161006,2100,5410, ,CFS
SHA,H,76,INFLOW,20161006,2200,-1004, ,CFS
SHA,H,76,INFLOW,20161006,2300,3687, ,CFS
SHA,H,76,INFLOW,20161007,0000,-1565, ,CFS
SHA,H,76,INFLOW,20161007,0100,3409, ,CFS
SHA,H,76,INFLOW,20161007,0200,3461, ,CFS
SHA,H,76,INFLOW,20161007,0300,579, ,CFS
SHA,H,76,INFLOW,20161007,0400,3101, ,CFS
SHA,H,76,INFLOW,20161007,0500,880, ,CFS
SHA,H,76,INFLOW,20161007,0600,-1423, ,CFS
SHA,H,76,INFLOW,20161007,0700,3982, ,CFS
SHA,H,76,INFLOW,20161007,0800,1017, ,CFS
SHA,H,76,INFLOW,20161007,0900,3018, ,CFS
SHA,H,76,INFLOW,20161007,1000,289, ,CFS
SHA,H,76,INFLOW,20161007,1100,323, ,CFS
SHA,H,76,INFLOW,20161007,1200,634, ,CFS
SHA,H,76,INFLOW,20161007,1300,575, ,CFS
SHA,H,76,INFLOW,20161007,1400,675, ,CFS
SHA,H,76,INFLOW,20161007,1500,1147, ,CFS
SHA,H,76,INFLOW,20161007,1600,3034, ,CFS
SHA,H,76,INFLOW,20161007,1700,-139, ,CFS
SHA,H,76,INFLOW,20161007,1800,2645, ,CFS
SHA,H,76,INFLOW,20161007,1900,6671, ,CFS
SHA,H,76,INFLOW,20161007,2000,9043, ,CFS
SHA,H,76,INFLOW,20161007,2100,10214, ,CFS
SHA,H,76,INFLOW,20161007,2200,2940, ,CFS
SHA,H,76,INFLOW,20161007,2300,5311, ,CFS
SHA,H,76,INFLOW,20161008,0000,830, ,CFS
SHA,H,76,INFLOW,20161008,0100,2678, ,CFS
SHA,H,76,INFLOW,20161008,0200,-169, ,CFS
SHA,H,76,INFLOW,20161008,0300,2531, ,CFS
SHA,H,76,INFLOW,20161008,0400,5217, ,CFS
SHA,H,76,INFLOW,20161008,0500,68, ,CFS
SHA,H,76,INFLOW,20161008,0600,2916, ,CFS
SHA,H,76,INFLOW,20161008,0700,-62, ,CFS
SHA,H,76,INFLOW,20161008,0800,-1, ,CFS
SHA,H,76,INFLOW,20161008,0900,2220, ,CFS
SHA,H,76,INFLOW,20161008,1000,-410, ,CFS
SHA,H,76,INFLOW,20161008,1100,-172, ,CFS
SHA,H,76,INFLOW,20161008,1200,-61, ,CFS
SHA,H,76,INFLOW,20161008,1300,3069, ,CFS
SHA,H,76,INFLOW,20161008,1400,589, ,CFS
SHA,H,76,INFLOW,20161008,1500,938, ,CFS
SHA,H,76,INFLOW,20161008,1600,1338, ,CFS
SHA,H,76,INFLOW,20161008,1700,-1766, ,CFS
SHA,H,76,INFLOW,20161008,1800,3756, ,CFS
SHA,H,76,INFLOW,20161008,1900,-1114, ,CFS
SHA,H,76,INFLOW,20161008,2000,14419, ,CFS
SHA,H,76,INFLOW,20161008,2100,3642, ,CFS
SHA,H,76,INFLOW,20161008,2200,-2971, ,CFS
SHA,H,76,INFLOW,20161008,2300,7671, ,CFS
SHA,H,76,INFLOW,20161009,0000,-4484, ,CFS
SHA,H,76,INFLOW,20161009,0100,5898, ,CFS
SHA,H,76,INFLOW,20161009,0200,3482, ,CFS
SHA,H,76,INFLOW,20161009,0300,-1940, ,CFS
SHA,H,76,INFLOW,20161009,0400,5426, ,CFS
SHA,H,76,INFLOW,20161009,0500,184, ,CFS
SHA,H,76,INFLOW,20161009,0600,421, ,CFS
SHA,H,76,INFLOW,20161009,0700,3646, ,CFS
SHA,H,76,INFLOW,20161009,0800,-1657, ,CFS
SHA,H,76,INFLOW,20161009,0900,3822, ,CFS
SHA,H,76,INFLOW,20161009,1000,-2129, ,CFS
SHA,H,76,INFLOW,20161009,1100,-215, ,CFS
SHA,H,76,INFLOW,20161009,1200,-166, ,CFS
SHA,H,76,INFLOW,20161009,1300,550, ,CFS
SHA,H,76,INFLOW,20161009,1400,3276, ,CFS
SHA,H,76,INFLOW,20161009,1500,826, ,CFS
SHA,H,76,INFLOW,20161009,1600,-1002, ,CFS
SHA,H,76,INFLOW,20161009,1700,3820, ,CFS
SHA,H,76,INFLOW,20161009,1800,1562, ,CFS
SHA,H,76,INFLOW,20161009,1900,5377, ,CFS
SHA,H,76,INFLOW,20161009,2000,6695, ,CFS
SHA,H,76,INFLOW,20161009,2100,8166, ,CFS
SHA,H,76,INFLOW,20161009,2200,1510, ,CFS
SHA,H,76,INFLOW,20161009,2300,1200, ,CFS
SHA,H,76,INFLOW,20161010,0000,3184, ,CFS
SHA,H,76,INFLOW,20161010,0100,1987, ,CFS
SHA,H,76,INFLOW,20161010,0200,1845, ,CFS
SHA,H,76,INFLOW,20161010,0300,-790, ,CFS
SHA,H,76,INFLOW,20161010,0400,1811, ,CFS
SHA,H,76,INFLOW,20161010,0500,4295, ,CFS
SHA,H,76,INFLOW,20161010,0600,-2732, ,CFS
SHA,H,76,INFLOW,20161010,0700,2545, ,CFS
SHA,H,76,INFLOW,20161010,0800,3166, ,CFS
SHA,H,76,INFLOW,20161010,0900,442, ,CFS
SHA,H,76,INFLOW,20161010,1000,2641, ,CFS
SHA,H,76,INFLOW,20161010,1100,-2200, ,CFS
SHA,H,76,INFLOW,20161010,1200,3018, ,CFS
SHA,H,76,INFLOW,20161010,1300,434, ,CFS
SHA,H,76,INFLOW,20161010,1400,694, ,CFS
SHA,H,76,INFLOW,20161010,1500,1887, ,CFS
SHA,H,76,INFLOW,20161010,1600,1989, ,CFS
SHA,H,76,INFLOW,20161010,1700,-1238, ,CFS
SHA,H,76,INFLOW,20161010,1800,10879, ,CFS
SHA,H,76,INFLOW,20161010,1900,684, ,CFS
SHA,H,76,INFLOW,20161010,2000,6876, ,CFS
SHA,H,76,INFLOW,20161010,2100,3421, ,CFS
SHA,H,76,INFLOW,20161010,2200,743, ,CFS
SHA,H,76,INFLOW,20161010,2300,3257, ,CFS
SHA,H,76,INFLOW,20161011,0000,1772, ,CFS
SHA,H,76,INFLOW,20161011,0100,4270, ,CFS
SHA,H,76,INFLOW,20161011,0200,1910, ,CFS
SHA,H,76,INFLOW,20161011,0300,1592, ,CFS
SHA,H,76,INFLOW,20161011,0400,1570, ,CFS
SHA,H,76,INFLOW,20161011,0500,2007, ,CFS
SHA,H,76,INFLOW,20161011,0600,-2342, ,CFS
SHA,H,76,INFLOW,20161011,0700,3421, ,CFS
SHA,H,76,INFLOW,20161011,0800,9852, ,CFS
SHA,H,76,INFLOW,20161011,0900,4384, ,CFS
SHA,H,76,INFLOW,20161011,1000,-1444, ,CFS
SHA,H,76,INFLOW,20161011,1100,-80, ,CFS
SHA,H,76,INFLOW,20161011,1200,-113, ,CFS
SHA,H,76,INFLOW,20161011,1300,274, ,CFS
SHA,H,76,INFLOW,20161011,1400,3346, ,CFS
SHA,H,76,INFLOW,20161011,1500,803, ,CFS
SHA,H,76,INFLOW,20161011,1600,903, ,CFS
SHA,H,76,INFLOW,20161011,1700,3344, ,CFS
SHA,H,76,INFLOW,20161011,1800,929, ,CFS
SHA,H,76,INFLOW,20161011,1900,3015, ,CFS
SHA,H,76,INFLOW,20161011,2000,7017, ,CFS
SHA,H,76,INFLOW,20161011,2100,8544, ,CFS
SHA,H,76,INFLOW,20161011,2200,5179, ,CFS
SHA,H,76,INFLOW,20161011,2300,1071, ,CFS
SHA,H,76,INFLOW,20161012,0000,4727, ,CFS
SHA,H,76,INFLOW,20161012,0100,-772, ,CFS
SHA,H,76,INFLOW,20161012,0200,1786, ,CFS
SHA,H,76,INFLOW,20161012,0300,2138, ,CFS
SHA,H,76,INFLOW,20161012,0400,-447, ,CFS
SHA,H,76,INFLOW,20161012,0500,4549, ,CFS
SHA,H,76,INFLOW,20161012,0600,-266, ,CFS
SHA,H,76,INFLOW,20161012,0700,3068, ,CFS
SHA,H,76,INFLOW,20161012,0800,13306, ,CFS
SHA,H,76,INFLOW,20161012,0900,-3641, ,CFS
SHA,H,76,INFLOW,20161012,1000,3890, ,CFS
SHA,H,76,INFLOW,20161012,1100,1397, ,CFS
SHA,H,76,INFLOW,20161012,1200,-1400, ,CFS
SHA,H,76,INFLOW,20161012,1300,2868, ,CFS
SHA,H,76,INFLOW,20161012,1400,281, ,CFS
SHA,H,76,INFLOW,20161012,1500,652, ,CFS
SHA,H,76,INFLOW,20161012,1600,1030, ,CFS
SHA,H,76,INFLOW,20161012,1700,892, ,CFS
SHA,H,76,INFLOW,20161012,1800,3026, ,CFS
SHA,H,76,INFLOW,20161012,1900,5388, ,CFS
SHA,H,76,INFLOW,20161012,2000,3549, ,CFS
SHA,H,76,INFLOW,20161012,2100,12476, ,CFS
SHA,H,76,INFLOW,20161012,2200,5333, ,CFS
SHA,H,76,INFLOW,20161012,2300,7078, ,CFS
SHA,H,76,INFLOW,20161013,0000,-445, ,CFS
SHA,H,76,INFLOW,20161013,0100,4525, ,CFS
SHA,H,76,INFLOW,20161013,0200,1875, ,CFS
SHA,H,76,INFLOW,20161013,0300,1668, ,CFS
SHA,H,76,INFLOW,20161013,0400,1762, ,CFS
SHA,H,76,INFLOW,20161013,0500,-3302, ,CFS
SHA,H,76,INFLOW,20161013,0600,2334, ,CFS
SHA,H,76,INFLOW,20161013,0700,4250, ,CFS
SHA,H,76,INFLOW,20161013,0800,3036, ,CFS
SHA,H,76,INFLOW,20161013,0900,-923, ,CFS
SHA,H,76,INFLOW,20161013,1000,1721, ,CFS
SHA,H,76,INFLOW,20161013,1100,-1579, ,CFS
SHA,H,76,INFLOW,20161013,1200,6278, ,CFS
SHA,H,76,INFLOW,20161013,1300,8256, ,CFS
SHA,H,76,INFLOW,20161013,1400,10655, ,CFS
SHA,H,76,INFLOW,20161013,1500,5532, ,CFS
SHA,H,76,INFLOW,20161013,1600,8692, ,CFS
SHA,H,76,INFLOW,20161013,1700,8581, ,CFS
SHA,H,76,INFLOW,20161013,1800,3414, ,CFS
SHA,H,76,INFLOW,20161013,1900,7828, ,CFS
SHA,H,76,INFLOW,20161013,2000,4383, ,CFS
SHA,H,76,INFLOW,20161013,2100,-1521, ,CFS
SHA,H,76,INFLOW,20161013,2200,274, ,CFS
SHA,H,76,INFLOW,20161013,2300,365, ,CFS
SHA,H,76,INFLOW,20161014,0000,-509, ,CFS
SHA,H,76,INFLOW,20161014,0100,12145, ,CFS
SHA,H,76,INFLOW,20161014,0200,6999, ,CFS
SHA,H,76,INFLOW,20161014,0300,4455, ,CFS
SHA,H,76,INFLOW,20161014,0400,14804, ,CFS
SHA,H,76,INFLOW,20161014,0500,9669, ,CFS
SHA,H,76,INFLOW,20161014,0600,10379, ,CFS
SHA,H,76,INFLOW,20161014,0700,8952, ,CFS
SHA,H,76,INFLOW,20161014,0800,4336, ,CFS
SHA,H,76,INFLOW,20161014,0900,11841, ,CFS
SHA,H,76,INFLOW,20161014,1000,-3417, ,CFS
SHA,H,76,INFLOW,20161014,1100,18602, ,CFS
SHA,H,76,INFLOW,20161014,1200,641, ,CFS
SHA,H,76,INFLOW,20161014,1300,5924, ,CFS
SHA,H,76,INFLOW,20161014,1400,8510, ,CFS
SHA,H,76,INFLOW,20161014,1500,3356, ,CFS
SHA,H,76,INFLOW,20161014,1600,-3865, ,CFS
SHA,H,76,INFLOW,20161014,1700,10702, ,CFS
SHA,H,76,INFLOW,20161014,1800,2566, ,CFS
SHA,H,76,INFLOW,20161014,1900,-1446, ,CFS
SHA,H,76,INFLOW,20161014,2000,9230, ,CFS
SHA,H,76,INFLOW,20161014,2100,14852, ,CFS
SHA,H,76,INFLOW,20161014,2200,2847, ,CFS
SHA,H,76,INFLOW,20161014,2300,5462, ,CFS
SHA,H,76,INFLOW,20161015,0000,-468, ,CFS
SHA,H,76,INFLOW,20161015,0100,12228, ,CFS
SHA,H,76,INFLOW,20161015,0200,7104, ,CFS
SHA,H,76,INFLOW,20161015,0300,7040, ,CFS
SHA,H,76,INFLOW,20161015,0400,-623, ,CFS
SHA,H,76,INFLOW,20161015,0500,4595, ,CFS
SHA,H,76,INFLOW,20161015,0600,-5328, ,CFS
SHA,H,76,INFLOW,20161015,0700,5958, ,CFS
SHA,H,76,INFLOW,20161015,0800,3663, ,CFS
SHA,H,76,INFLOW,20161015,0900,8926, ,CFS
SHA,H,76,INFLOW,20161015,1000,-1140, ,CFS
SHA,H,76,INFLOW,20161015,1100,3859, ,CFS
SHA,H,76,INFLOW,20161015,1200,6514, ,CFS
SHA,H,76,INFLOW,20161015,1300,1485, ,CFS
SHA,H,76,INFLOW,20161015,1400,-930, ,CFS
SHA,H,76,INFLOW,20161015,1500,19939, ,CFS
SHA,H,76,INFLOW,20161015,1600,-2290, ,CFS
SHA,H,76,INFLOW,20161015,1700,8590, ,CFS
SHA,H,76,INFLOW,20161015,1800,1599, ,CFS
SHA,H,76,INFLOW,20161015,1900,9549, ,CFS
SHA,H,76,INFLOW,20161015,2000,4582, ,CFS
SHA,H,76,INFLOW,20161015,2100,20289, ,CFS
SHA,H,76,INFLOW,20161015,2200,8608, ,CFS
SHA,H,76,INFLOW,20161015,2300,9298, ,CFS
SHA,H,76,INFLOW,20161016,0000,4794, ,CFS
SHA,H,76,INFLOW,20161016,0100,7062, ,CFS
SHA,H,76,INFLOW,20161016,0200,4642, ,CFS
SHA,H,76,INFLOW,20161016,0300,4484, ,CFS
SHA,H,76,INFLOW,20161016,0400,4697, ,CFS
SHA,H,76,INFLOW,20161016,0500,4272, ,CFS
SHA,H,76,INFLOW,20161016,0600,-621, ,CFS
SHA,H,76,INFLOW,20161016,0700,3285, ,CFS
SHA,H,76,INFLOW,20161016,0800,5473, ,CFS
SHA,H,76,INFLOW,20161016,0900,6295, ,CFS
SHA,H,76,INFLOW,20161016,1000,1203, ,CFS
SHA,H,76,INFLOW,20161016,1100,3966, ,CFS
SHA,H,76,INFLOW,20161016,1200,3771, ,CFS
SHA,H,76,INFLOW,20161016,1300,6643, ,CFS
SHA,H,76,INFLOW,20161016,1400,1342, ,CFS
SHA,H,76,INFLOW,20161016,1500,6061, ,CFS
SHA,H,76,INFLOW,20161016,1600,3716, ,CFS
SHA,H,76,INFLOW,20161016,1700,8804, ,CFS
SHA,H,76,INFLOW,20161016,1800,8559, ,CFS
SHA,H,76,INFLOW,20161016,1900,9274, ,CFS
SHA,H,76,INFLOW,20161016,2000,6989, ,CFS
SHA,H,76,INFLOW,20161016,2100,16746, ,CFS
SHA,H,76,INFLOW,20161016,2200,5425, ,CFS
SHA,H,76,INFLOW,20161016,2300,5821, ,CFS
SHA,H,76,INFLOW,20161017,0000,7374, ,CFS
SHA,H,76,INFLOW,20161017,0100,1307, ,CFS
SHA,H,76,INFLOW,20161017,0200,11245, ,CFS
SHA,H,76,INFLOW,20161017,0300,3757, ,CFS
SHA,H,76,INFLOW,20161017,0400,6676, ,CFS
SHA,H,76,INFLOW,20161017,0500,4432, ,CFS
SHA,H,76,INFLOW,20161017,0600,2179, ,CFS
SHA,H,76,INFLOW,20161017,0700,10687, ,CFS
SHA,H,76,INFLOW,20161017,0800,5225, ,CFS
SHA,H,76,INFLOW,20161017,0900,10568, ,CFS
SHA,H,76,INFLOW,20161017,1000,5638, ,CFS
SHA,H,76,INFLOW,20161017,1100,847, ,CFS
SHA,H,76,INFLOW,20161017,1200,6138, ,CFS
SHA,H,76,INFLOW,20161017,1300,3168, ,CFS
SHA,H,76,INFLOW,20161017,1400,-1977, ,CFS
SHA,H,76,INFLOW,20161017,1500,3442, ,CFS
SHA,H,76,INFLOW,20161017,1600,4634, ,CFS
SHA,H,76,INFLOW,20161017,1700,1786, ,CFS
SHA,H,76,INFLOW,20161017,1800,2525, ,CFS
SHA,H,76,INFLOW,20161017,1900,4136, ,CFS
SHA,H,76,INFLOW,20161017,2000,4399, ,CFS
SHA,H,76,INFLOW,20161017,2100,11620, ,CFS
SHA,H,76,INFLOW,20161017,2200,-175, ,CFS
SHA,H,76,INFLOW,20161017,2300,12471, ,CFS
SHA,H,76,INFLOW,20161018,0000,4550, ,CFS
SHA,H,76,INFLOW,20161018,0100,7101, ,CFS
SHA,H,76,INFLOW,20161018,0200,4499, ,CFS
SHA,H,76,INFLOW,20161018,0300,4466, ,CFS
SHA,H,76,INFLOW,20161018,0400,4382, ,CFS
SHA,H,76,INFLOW,20161018,0500,-1048, ,CFS
SHA,H,76,INFLOW,20161018,0600,-824, ,CFS
SHA,H,76,INFLOW,20161018,0700,1828, ,CFS
SHA,H,76,INFLOW,20161018,0800,5054, ,CFS
SHA,H,76,INFLOW,20161018,0900,-213, ,CFS
SHA,H,76,INFLOW,20161018,1000,1952, ,CFS
SHA,H,76,INFLOW,20161018,1100,-366, ,CFS
SHA,H,76,INFLOW,20161018,1200,4589, ,CFS
SHA,H,76,INFLOW,20161018,1300,-206, ,CFS
SHA,H,76,INFLOW,20161018,1400,2080, ,CFS
SHA,H,76,INFLOW,20161018,1500,2174, ,CFS
SHA,H,76,INFLOW,20161018,1600,-149, ,CFS
SHA,H,76,INFLOW,20161018,1700,1253, ,CFS
SHA,H,76,INFLOW,20161018,1800,91, ,CFS
SHA,H,76,INFLOW,20161018,1900,9133, ,CFS
SHA,H,76,INFLOW,20161018,2000,-660, ,CFS
SHA,H,76,INFLOW,20161018,2100,13966, ,CFS
SHA,H,76,INFLOW,20161018,2200,5381, ,CFS
SHA,H,76,INFLOW,20161018,2300,-3023, ,CFS
SHA,H,76,INFLOW,20161019,0000,9665, ,CFS
SHA,H,76,INFLOW,20161019,0100,-5753, ,CFS
SHA,H,76,INFLOW,20161019,0200,7008, ,CFS
SHA,H,76,INFLOW,20161019,0300,4256, ,CFS
SHA,H,76,INFLOW,20161019,0400,-950, ,CFS
SHA,H,76,INFLOW,20161019,0500,4166, ,CFS
SHA,H,76,INFLOW,20161019,0600,-382, ,CFS
SHA,H,76,INFLOW,20161019,0700,5017, ,CFS
SHA,H,76,INFLOW,20161019,0800,6174, ,CFS
SHA,H,76,INFLOW,20161019,0900,-1345, ,CFS
SHA,H,76,INFLOW,20161019,1000,3550, ,CFS
SHA,H,76,INFLOW,20161019,1100,1142, ,CFS
SHA,H,76,INFLOW,20161019,1200,-1428, ,CFS
SHA,H,76,INFLOW,20161019,1300,1218, ,CFS
SHA,H,76,INFLOW,20161019,1400,4483, ,CFS
SHA,H,76,INFLOW,20161019,1500,-355, ,CFS
SHA,H,76,INFLOW,20161019,1600,2248, ,CFS
SHA,H,76,INFLOW,20161019,1700,-336, ,CFS
SHA,H,76,INFLOW,20161019,1800,4914, ,CFS
SHA,H,76,INFLOW,20161019,1900,3094, ,CFS
SHA,H,76,INFLOW,20161019,2000,3357, ,CFS
SHA,H,76,INFLOW,20161019,2100,12468, ,CFS
SHA,H,76,INFLOW,20161019,2200,-4551, ,CFS
SHA,H,76,INFLOW,20161019,2300,15397, ,CFS
SHA,H,76,INFLOW,20161020,0000,2051, ,CFS
SHA,H,76,INFLOW,20161020,0100,4810, ,CFS
SHA,H,76,INFLOW,20161020,0200,7167, ,CFS
SHA,H,76,INFLOW,20161020,0300,-972, ,CFS
SHA,H,76,INFLOW,20161020,0400,4154, ,CFS
SHA,H,76,INFLOW,20161020,0500,4404, ,CFS
SHA,H,76,INFLOW,20161020,0600,-5209, ,CFS
SHA,H,76,INFLOW,20161020,0700,6384, ,CFS
SHA,H,76,INFLOW,20161020,0800,3905, ,CFS
SHA,H,76,INFLOW,20161020,0900,-951, ,CFS
SHA,H,76,INFLOW,20161020,1000,3659, ,CFS
SHA,H,76,INFLOW,20161020,1100,-3723, ,CFS
SHA,H,76,INFLOW,20161020,1200,1505, ,CFS
SHA,H,76,INFLOW,20161020,1300,4693, ,CFS
SHA,H,76,INFLOW,20161020,1400,-813, ,CFS
SHA,H,76,INFLOW,20161020,1500,2092, ,CFS
SHA,H,76,INFLOW,20161020,1600,2369, ,CFS
SHA,H,76,INFLOW,20161020,1700,137, ,CFS
SHA,H,76,INFLOW,20161020,1800,1286, ,CFS
SHA,H,76,INFLOW,20161020,1900,8916, ,CFS
SHA,H,76,INFLOW,20161020,2000,-1049, ,CFS
SHA,H,76,INFLOW,20161020,2100,8431, ,CFS
SHA,H,76,INFLOW,20161020,2200,4342, ,CFS
SHA,H,76,INFLOW,20161020,2300,4966, ,CFS
SHA,H,76,INFLOW,20161021,0000,10159, ,CFS
SHA,H,76,INFLOW,20161021,0100,-355, ,CFS
SHA,H,76,INFLOW,20161021,0200,4975, ,CFS
SHA,H,76,INFLOW,20161021,0300,2501, ,CFS
SHA,H,76,INFLOW,20161021,0400,1911, ,CFS
SHA,H,76,INFLOW,20161021,0500,4340, ,CFS
SHA,H,76,INFLOW,20161021,0600,2516, ,CFS
SHA,H,76,INFLOW,20161021,0700,1769, ,CFS
SHA,H,76,INFLOW,20161021,0800,4441, ,CFS
SHA,H,76,INFLOW,20161021,0900,1663, ,CFS
SHA,H,76,INFLOW,20161021,1000,4264, ,CFS
SHA,H,76,INFLOW,20161021,1100,-3119, ,CFS
SHA,H,76,INFLOW,20161021,1200,5353, ,CFS
SHA,H,76,INFLOW,20161021,1300,2420, ,CFS
SHA,H,76,INFLOW,20161021,1400,-580, ,CFS
SHA,H,76,INFLOW,20161021,1500,4537, ,CFS
SHA,H,76,INFLOW,20161021,1600,1664, ,CFS
SHA,H,76,INFLOW,20161021,1700,-649, ,CFS
SHA,H,76,INFLOW,20161021,1800,11426, ,CFS
SHA,H,76,INFLOW,20161021,1900,-3172, ,CFS
SHA,H,76,INFLOW,20161021,2000,6784, ,CFS
SHA,H,76,INFLOW,20161021,2100,3689, ,CFS
SHA,H,76,INFLOW,20161021,2200,3231, ,CFS
SHA,H,76,INFLOW,20161021,2300,10355, ,CFS
SHA,H,76,INFLOW,20161022,0000,2063, ,CFS
SHA,H,76,INFLOW,20161022,0100,2414, ,CFS
SHA,H,76,INFLOW,20161022,0200,7233, ,CFS
SHA,H,76,INFLOW,20161022,0300,60, ,CFS
SHA,H,76,INFLOW,20161022,0400,2661, ,CFS
SHA,H,76,INFLOW,20161022,0500,2594, ,CFS
SHA,H,76,INFLOW,20161022,0600,35, ,CFS
SHA,H,76,INFLOW,20161022,0700,5282, ,CFS
SHA,H,76,INFLOW,20161022,0800,-2396, ,CFS
SHA,H,76,INFLOW,20161022,0900,2752, ,CFS
SHA,H,76,INFLOW,20161022,1000,-148, ,CFS
SHA,H,76,INFLOW,20161022,1100,-2122, ,CFS
SHA,H,76,INFLOW,20161022,1200,260, ,CFS
SHA,H,76,INFLOW,20161022,1300,248, ,CFS
SHA,H,76,INFLOW,20161022,1400,525, ,CFS
SHA,H,76,INFLOW,20161022,1500,865, ,CFS
SHA,H,76,INFLOW,20161022,1600,575, ,CFS
SHA,H,76,INFLOW,20161022,1700,-2754, ,CFS
SHA,H,76,INFLOW,20161022,1800,4140, ,CFS
SHA,H,76,INFLOW,20161022,1900,1159, ,CFS
SHA,H,76,INFLOW,20161022,2000,3925, ,CFS
SHA,H,76,INFLOW,20161022,2100,-2864, ,CFS
SHA,H,76,INFLOW,20161022,2200,1853, ,CFS
SHA,H,76,INFLOW,20161022,2300,763, ,CFS
SHA,H,76,INFLOW,20161023,0000,559, ,CFS
SHA,H,76,INFLOW,20161023,0100,-592, ,CFS
SHA,H,76,INFLOW,20161023,0200,1764, ,CFS
SHA,H,76,INFLOW,20161023,0300,2350, ,CFS
SHA,H,76,INFLOW,20161023,0400,-270, ,CFS
SHA,H,76,INFLOW,20161023,0500,2366, ,CFS
SHA,H,76,INFLOW,20161023,0600,139, ,CFS
SHA,H,76,INFLOW,20161023,0700,4147, ,CFS
SHA,H,76,INFLOW,20161023,0800,-1057, ,CFS
SHA,H,76,INFLOW,20161023,0900,1362, ,CFS
SHA,H,76,INFLOW,20161023,1000,-1454, ,CFS
SHA,H,76,INFLOW,20161023,1100,-1656, ,CFS
SHA,H,76,INFLOW,20161023,1200,1029, ,CFS
SHA,H,76,INFLOW,20161023,1300,-976, ,CFS
SHA,H,76,INFLOW,20161023,1400,1448, ,CFS
SHA,H,76,INFLOW,20161023,1500,1699, ,CFS
SHA,H,76,INFLOW,20161023,1600,-1404, ,CFS
SHA,H,76,INFLOW,20161023,1700,1685, ,CFS
SHA,H,76,INFLOW,20161023,1800,1130, ,CFS
SHA,H,76,INFLOW,20161023,1900,665, ,CFS
SHA,H,76,INFLOW,20161023,2000,3011, ,CFS
SHA,H,76,INFLOW,20161023,2100,-788, ,CFS
SHA,H,76,INFLOW,20161023,2200,3378, ,CFS
SHA,H,76,INFLOW,20161023,2300,-1311, ,CFS
SHA,H,76,INFLOW,20161024,0000,-90, ,CFS
SHA,H,76,INFLOW,20161024,0100,1750, ,CFS
SHA,H,76,INFLOW,20161024,0200,1685, ,CFS
SHA,H,76,INFLOW,20161024,0300,-670, ,CFS
SHA,H,76,INFLOW,20161024,0400,1956, ,CFS
SHA,H,76,INFLOW,20161024,0500,-2929, ,CFS
SHA,H,76,INFLOW,20161024,0600,85, ,CFS
SHA,H,76,INFLOW,20161024,0700,8862, ,CFS
SHA,H,76,INFLOW,20161024,0800,-1115, ,CFS
SHA,H,76,INFLOW,20161024,0900,-5960, ,CFS
SHA,H,76,INFLOW,20161024,1000,6674, ,CFS
SHA,H,76,INFLOW,20161024,1100,-651, ,CFS
SHA,H,76,INFLOW,20161024,1200,8913, ,CFS
SHA,H,76,INFLOW,20161024,1300,5986, ,CFS
SHA,H,76,INFLOW,20161024,1400,6202, ,CFS
SHA,H,76,INFLOW,20161024,1500,3544, ,CFS
SHA,H,76,INFLOW,20161024,1600,4697, ,CFS
SHA,H,76,INFLOW,20161024,1700,5489, ,CFS
SHA,H,76,INFLOW,20161024,1800,2420, ,CFS
SHA,H,76,INFLOW,20161024,1900,5500, ,CFS
SHA,H,76,INFLOW,20161024,2000,-1996, ,CFS
SHA,H,76,INFLOW,20161024,2100,7946, ,CFS
SHA,H,76,INFLOW,20161024,2200,1869, ,CFS
SHA,H,76,INFLOW,20161024,2300,1445, ,CFS
SHA,H,76,INFLOW,20161025,0000,7818, ,CFS
SHA,H,76,INFLOW,20161025,0100,10309, ,CFS
SHA,H,76,INFLOW,20161025,0200,5425, ,CFS
SHA,H,76,INFLOW,20161025,0300,9893, ,CFS
SHA,H,76,INFLOW,20161025,0400,4654, ,CFS
SHA,H,76,INFLOW,20161025,0500,4779, ,CFS
SHA,H,76,INFLOW,20161025,0600,10297, ,CFS
SHA,H,76,INFLOW,20161025,0700,7193, ,CFS
SHA,H,76,INFLOW,20161025,0800,1286, ,CFS
SHA,H,76,INFLOW,20161025,0900,6796, ,CFS
SHA,H,76,INFLOW,20161025,1000,7252, ,CFS
SHA,H,76,INFLOW,20161025,1100,5582, ,CFS
SHA,H,76,INFLOW,20161025,1200,5496, ,CFS
SHA,H,76,INFLOW,20161025,1300,5825, ,CFS
SHA,H,76,INFLOW,20161025,1400,5749, ,CFS
SHA,H,76,INFLOW,20161025,1500,11205, ,CFS
SHA,H,76,INFLOW,20161025,1600,2873, ,CFS
SHA,H,76,INFLOW,20161025,1700,8298, ,CFS
SHA,H,76,INFLOW,20161025,1800,6997, ,CFS
SHA,H,76,INFLOW,20161025,1900,2776, ,CFS
SHA,H,76,INFLOW,20161025,2000,7615, ,CFS
SHA,H,76,INFLOW,20161025,2100,9990, ,CFS
SHA,H,76,INFLOW,20161025,2200,16407, ,CFS
SHA,H,76,INFLOW,20161025,2300,4968, ,CFS
SHA,H,76,INFLOW,20161026,0000,15193, ,CFS
SHA,H,76,INFLOW,20161026,0100,15011, ,CFS
SHA,H,76,INFLOW,20161026,0200,7137, ,CFS
SHA,H,76,INFLOW,20161026,0300,2094, ,CFS
SHA,H,76,INFLOW,20161026,0400,11987, ,CFS
SHA,H,76,INFLOW,20161026,0500,2252, ,CFS
SHA,H,76,INFLOW,20161026,0600,5347, ,CFS
SHA,H,76,INFLOW,20161026,0700,11170, ,CFS
SHA,H,76,INFLOW,20161026,0800,9913, ,CFS
SHA,H,76,INFLOW,20161026,0900,13836, ,CFS
SHA,H,76,INFLOW,20161026,1000,8685, ,CFS
SHA,H,76,INFLOW,20161026,1100,13426, ,CFS
SHA,H,76,INFLOW,20161026,1200,8372, ,CFS
SHA,H,76,INFLOW,20161026,1300,8281, ,CFS
SHA,H,76,INFLOW,20161026,1400,8505, ,CFS
SHA,H,76,INFLOW,20161026,1500,8420, ,CFS
SHA,H,76,INFLOW,20161026,1600,4551, ,CFS
SHA,H,76,INFLOW,20161026,1700,5991, ,CFS
SHA,H,76,INFLOW,20161026,1800,6126, ,CFS
SHA,H,76,INFLOW,20161026,1900,7227, ,CFS
SHA,H,76,INFLOW,20161026,2000,5205, ,CFS
SHA,H,76,INFLOW,20161026,2100,5818, ,CFS
SHA,H,76,INFLOW,20161026,2200,9066, ,CFS
SHA,H,76,INFLOW,20161026,2300,780, ,CFS
SHA,H,76,INFLOW,20161027,0000,7677, ,CFS
SHA,H,76,INFLOW,20161027,0100,2741, ,CFS
SHA,H,76,INFLOW,20161027,0200,339, ,CFS
SHA,H,76,INFLOW,20161027,0300,17920, ,CFS
SHA,H,76,INFLOW,20161027,0400,-2375, ,CFS
SHA,H,76,INFLOW,20161027,0500,3009, ,CFS
SHA,H,76,INFLOW,20161027,0600,11070, ,CFS
SHA,H,76,INFLOW,20161027,0700,6397, ,CFS
SHA,H,76,INFLOW,20161027,0800,14303, ,CFS
SHA,H,76,INFLOW,20161027,0900,11752, ,CFS
SHA,H,76,INFLOW,20161027,1000,13567, ,CFS
SHA,H,76,INFLOW,20161027,1100,13519, ,CFS
SHA,H,76,INFLOW,20161027,1200,8842, ,CFS
SHA,H,76,INFLOW,20161027,1300,11469, ,CFS
SHA,H,76,INFLOW,20161027,1400,9308, ,CFS
SHA,H,76,INFLOW,20161027,1500,10139, ,CFS
SHA,H,76,INFLOW,20161027,1600,23868, ,CFS
SHA,H,76,INFLOW,20161027,1700,8319, ,CFS
SHA,H,76,INFLOW,20161027,1800,8506, ,CFS
SHA,H,76,INFLOW,20161027,1900,16769, ,CFS
SHA,H,76,INFLOW,20161027,2000,14339, ,CFS
SHA,H,76,INFLOW,20161027,2100,14141, ,CFS
SHA,H,76,INFLOW,20161027,2200,17880, ,CFS
SHA,H,76,INFLOW,20161027,2300,16315, ,CFS
SHA,H,76,INFLOW,20161028,0000,10730, ,CFS
SHA,H,76,INFLOW,20161028,0100,12950, ,CFS
SHA,H,76,INFLOW,20161028,0200,5329, ,CFS
SHA,H,76,INFLOW,20161028,0300,5075, ,CFS
SHA,H,76,INFLOW,20161028,0400,7801, ,CFS
SHA,H,76,INFLOW,20161028,0500,5344, ,CFS
SHA,H,76,INFLOW,20161028,0600,3106, ,CFS
SHA,H,76,INFLOW,20161028,0700,8209, ,CFS
SHA,H,76,INFLOW,20161028,0800,6270, ,CFS
SHA,H,76,INFLOW,20161028,0900,13527, ,CFS
SHA,H,76,INFLOW,20161028,1000,-2143, ,CFS
SHA,H,76,INFLOW,20161028,1100,7988, ,CFS
SHA,H,76,INFLOW,20161028,1200,8101, ,CFS
SHA,H,76,INFLOW,20161028,1300,-93, ,CFS
SHA,H,76,INFLOW,20161028,1400,10411, ,CFS
SHA,H,76,INFLOW,20161028,1500,13013, ,CFS
SHA,H,76,INFLOW,20161028,1600,2412, ,CFS
SHA,H,76,INFLOW,20161028,1700,15645, ,CFS
SHA,H,76,INFLOW,20161028,1800,11172, ,CFS
SHA,H,76,INFLOW,20161028,1900,10545, ,CFS
SHA,H,76,INFLOW,20161028,2000,15824, ,CFS
SHA,H,76,INFLOW,20161028,2100,8907, ,CFS
SHA,H,76,INFLOW,20161028,2200,13951, ,CFS
SHA,H,76,INFLOW,20161028,2300,13381, ,CFS
SHA,H,76,INFLOW,20161029,0000,8399, ,CFS
SHA,H,76,INFLOW,20161029,0100,5610, ,CFS
SHA,H,76,INFLOW,20161029,0200,10707, ,CFS
SHA,H,76,INFLOW,20161029,0300,8679, ,CFS
SHA,H,76,INFLOW,20161029,0400,3332, ,CFS
SHA,H,76,INFLOW,20161029,0500,11047, ,CFS
SHA,H,76,INFLOW,20161029,0600,3347, ,CFS
SHA,H,76,INFLOW,20161029,0700,5786, ,CFS
SHA,H,76,INFLOW,20161029,0800,10941, ,CFS
SHA,H,76,INFLOW,20161029,0900,6037, ,CFS
SHA,H,76,INFLOW,20161029,1000,5939, ,CFS
SHA,H,76,INFLOW,20161029,1100,8548, ,CFS
SHA,H,76,INFLOW,20161029,1200,6121, ,CFS
SHA,H,76,INFLOW,20161029,1300,6217, ,CFS
SHA,H,76,INFLOW,20161029,1400,8805, ,CFS
SHA,H,76,INFLOW,20161029,1500,11190, ,CFS
SHA,H,76,INFLOW,20161029,1600,8733, ,CFS
SHA,H,76,INFLOW,20161029,1700,6030, ,CFS
SHA,H,76,INFLOW,20161029,1800,8826, ,CFS
SHA,H,76,INFLOW,20161029,1900,20614, ,CFS
SHA,H,76,INFLOW,20161029,2000,9076, ,CFS
SHA,H,76,INFLOW,20161029,2100,18543, ,CFS
SHA,H,76,INFLOW,20161029,2200,20620, ,CFS
SHA,H,76,INFLOW,20161029,2300,18318, ,CFS
SHA,H,76,INFLOW,20161030,0000,18346, ,CFS
SHA,H,76,INFLOW,20161030,0100,15839, ,CFS
SHA,H,76,INFLOW,20161030,0200,23613, ,CFS
SHA,H,76,INFLOW,20161030,0300,16008, ,CFS
SHA,H,76,INFLOW,20161030,0400,13559, ,CFS
SHA,H,76,INFLOW,20161030,0500,23686, ,CFS
SHA,H,76,INFLOW,20161030,0600,11015, ,CFS
SHA,H,76,INFLOW,20161030,0700,16000, ,CFS
SHA,H,76,INFLOW,20161030,0800,21195, ,CFS
SHA,H,76,INFLOW,20161030,0900,23756, ,CFS
SHA,H,76,INFLOW,20161030,1000,13838, ,CFS
SHA,H,76,INFLOW,20161030,1100,26959, ,CFS
SHA,H,76,INFLOW,20161030,1200,21823, ,CFS
SHA,H,76,INFLOW,20161030,1300,16297, ,CFS
SHA,H,76,INFLOW,20161030,1400,18661, ,CFS
SHA,H,76,INFLOW,20161030,1500,13412, ,CFS
SHA,H,76,INFLOW,20161030,1600,25580, ,CFS
SHA,H,76,INFLOW,20161030,1700,17994, ,CFS
SHA,H,76,INFLOW,20161030,1800,16444, ,CFS
SHA,H,76,INFLOW,20161030,1900,28937, ,CFS
SHA,H,76,INFLOW,20161030,2000,29010, ,CFS
SHA,H,76,INFLOW,20161030,2100,14927, ,CFS
SHA,H,76,INFLOW,20161030,2200,31266, ,CFS
SHA,H,76,INFLOW,20161030,2300,26293, ,CFS
SHA,H,76,INFLOW,20161031,0000,15659, ,CFS
SHA,H,76,INFLOW,20161031,0100,23428, ,CFS
SHA,H,76,INFLOW,20161031,0200,23419, ,CFS
SHA,H,76,INFLOW,20161031,0300,13193, ,CFS
SHA,H,76,INFLOW,20161031,0400,15882, ,CFS
SHA,H,76,INFLOW,20161031,0500,10972, ,CFS
SHA,H,76,INFLOW,20161031,0600,24285, ,CFS
SHA,H,76,INFLOW,20161031,0700,16063, ,CFS
SHA,H,76,INFLOW,20161031,0800,21819, ,CFS
SHA,H,76,INFLOW,20161031,0900,10850, ,CFS
SHA,H,76,INFLOW,20161031,1000,18566, ,CFS
SHA,H,76,INFLOW,20161031,1100,16070, ,CFS
SHA,H,76,INFLOW,20161031,1200,19319, ,CFS
SHA,H,76,INFLOW,20161031,1300,16304, ,CFS
SHA,H,76,INFLOW,20161031,1400,8607, ,CFS
SHA,H,76,INFLOW,20161031,1500,11309, ,CFS
SHA,H,76,INFLOW,20161031,1600,18961, ,CFS
SHA,H,76,INFLOW,20161031,1700,13887, ,CFS
SHA,H,76,INFLOW,20161031,1800,19781, ,CFS
SHA,H,76,INFLOW,20161031,1900,18149, ,CFS
SHA,H,76,INFLOW,20161031,2000,18234, ,CFS
SHA,H,76,INFLOW,20161031,2100,24649, ,CFS
SHA,H,76,INFLOW,20161031,2200,14199, ,CFS
SHA,H,76,INFLOW,20161031,2300,21721, ,CFS
SHA,H,76,INFLOW,20161101,0000,21391, ,CFS
SHA,H,76,INFLOW,20161101,0100,18561, ,CFS
SHA,H,76,INFLOW,20161101,0200,15934, ,CFS
SHA,H,76,INFLOW,20161101,0300,20673, ,CFS
SHA,H,76,INFLOW,20161101,0400,7432, ,CFS
SHA,H,76,INFLOW,20161101,0500,20674, ,CFS
SHA,H,76,INFLOW,20161101,0600,13490, ,CFS
SHA,H,76,INFLOW,20161101,0700,10549, ,CFS
SHA,H,76,INFLOW,20161101,0800,13825, ,CFS
SHA,H,76,INFLOW,20161101,0900,13348, ,CFS
SHA,H,76,INFLOW,20161101,1000,13573, ,CFS
SHA,H,76,INFLOW,20161101,1100,13235, ,CFS
SHA,H,76,INFLOW,20161101,1200,10604, ,CFS
SHA,H,76,INFLOW,20161101,1300,15608, ,CFS
SHA,H,76,INFLOW,20161101,1400,12950, ,CFS
SHA,H,76,INFLOW,20161101,1500,15701, ,CFS
SHA,H,76,INFLOW,20161101,1600,13170, ,CFS
SHA,H,76,INFLOW,20161101,1700,15604, ,CFS
SHA,H,76,INFLOW,20161101,1800,12682, ,CFS
SHA,H,76,INFLOW,20161101,1900,14924, ,CFS
SHA,H,76,INFLOW,20161101,2000,17052, ,CFS
SHA,H,76,INFLOW,20161101,2100,12986, ,CFS
SHA,H,76,INFLOW,20161101,2200,15351, ,CFS
SHA,H,76,INFLOW,20161101,2300,13953, ,CFS
SHA,H,76,INFLOW,20161102,0000,13774, ,CFS
SHA,H,76,INFLOW,20161102,0100,14004, ,CFS
SHA,H,76,INFLOW,20161102,0200,16689, ,CFS
SHA,H,76,INFLOW,20161102,0300,14061, ,CFS
SHA,H,76,INFLOW,20161102,0400,13660, ,CFS
SHA,H,76,INFLOW,20161102,0500,16601, ,CFS
SHA,H,76,INFLOW,20161102,0600,9001, ,CFS
SHA,H,76,INFLOW,20161102,0700,16160, ,CFS
SHA,H,76,INFLOW,20161102,0800,11035, ,CFS
SHA,H,76,INFLOW,20161102,0900,16006, ,CFS
SHA,H,76,INFLOW,20161102,1000,13401, ,CFS
SHA,H,76,INFLOW,20161102,1100,5779, ,CFS
SHA,H,76,INFLOW,20161102,1200,18785, ,CFS
SHA,H,76,INFLOW,20161102,1300,8092, ,CFS
SHA,H,76,INFLOW,20161102,1400,13764, ,CFS
SHA,H,76,INFLOW,20161102,1500,16229, ,CFS
SHA,H,76,INFLOW,20161102,1600,8596, ,CFS
SHA,H,76,INFLOW,20161102,1700,14044, ,CFS
SHA,H,76,INFLOW,20161102,1800,11519, ,CFS
SHA,H,76,INFLOW,20161102,1900,14038, ,CFS
SHA,H,76,INFLOW,20161102,2000,13877, ,CFS
SHA,H,76,INFLOW,20161102,2100,11018, ,CFS
SHA,H,76,INFLOW,20161102,2200,13311, ,CFS
SHA,H,76,INFLOW,20161102,2300,11259, ,CFS
SHA,H,76,INFLOW,20161103,0000,13842, ,CFS
SHA,H,76,INFLOW,20161103,0100,11173, ,CFS
SHA,H,76,INFLOW,20161103,0200,5615, ,CFS
SHA,H,76,INFLOW,20161103,0300,8520, ,CFS
SHA,H,76,INFLOW,20161103,0400,5889, ,CFS
SHA,H,76,INFLOW,20161103,0500,3295, ,CFS
SHA,H,76,INFLOW,20161103,0600,3430, ,CFS
SHA,H,76,INFLOW,20161103,0700,5992, ,CFS
SHA,H,76,INFLOW,20161103,0800,16386, ,CFS
SHA,H,76,INFLOW,20161103,0900,5684, ,CFS
SHA,H,76,INFLOW,20161103,1000,561, ,CFS
SHA,H,76,INFLOW,20161103,1100,5878, ,CFS
SHA,H,76,INFLOW,20161103,1200,3108, ,CFS
SHA,H,76,INFLOW,20161103,1300,3436, ,CFS
SHA,H,76,INFLOW,20161103,1400,5940, ,CFS
SHA,H,76,INFLOW,20161103,1500,3327, ,CFS
SHA,H,76,INFLOW,20161103,1600,5864, ,CFS
SHA,H,76,INFLOW,20161103,1700,3243, ,CFS
SHA,H,76,INFLOW,20161103,1800,3892, ,CFS
SHA,H,76,INFLOW,20161103,1900,14358, ,CFS
SHA,H,76,INFLOW,20161103,2000,6569, ,CFS
SHA,H,76,INFLOW,20161103,2100,10842, ,CFS
SHA,H,76,INFLOW,20161103,2200,10568, ,CFS
SHA,H,76,INFLOW,20161103,2300,8467, ,CFS
SHA,H,76,INFLOW,20161104,0000,10786, ,CFS
SHA,H,76,INFLOW,20161104,0100,6219, ,CFS
SHA,H,76,INFLOW,20161104,0200,6223, ,CFS
SHA,H,76,INFLOW,20161104,0300,6223, ,CFS
SHA,H,76,INFLOW,20161104,0400,3543, ,CFS
SHA,H,76,INFLOW,20161104,0500,3453, ,CFS
SHA,H,76,INFLOW,20161104,0600,3477, ,CFS
SHA,H,76,INFLOW,20161104,0700,6148, ,CFS
SHA,H,76,INFLOW,20161104,0800,11438, ,CFS
SHA,H,76,INFLOW,20161104,0900,11193, ,CFS
SHA,H,76,INFLOW,20161104,1000,818, ,CFS
SHA,H,76,INFLOW,20161104,1100,14598, ,CFS
SHA,H,76,INFLOW,20161104,1200,4195, ,CFS
SHA,H,76,INFLOW,20161104,1300,3685, ,CFS
SHA,H,76,INFLOW,20161104,1400,9090, ,CFS
SHA,H,76,INFLOW,20161104,1500,1984, ,CFS
SHA,H,76,INFLOW,20161104,1600,4979, ,CFS
SHA,H,76,INFLOW,20161104,1700,2667, ,CFS
SHA,H,76,INFLOW,20161104,1800,7199, ,CFS
SHA,H,76,INFLOW,20161104,1900,12930, ,CFS
SHA,H,76,INFLOW,20161104,2000,9222, ,CFS
SHA,H,76,INFLOW,20161104,2100,11647, ,CFS
SHA,H,76,INFLOW,20161104,2200,7399, ,CFS
SHA,H,76,INFLOW,20161104,2300,10052, ,CFS
SHA,H,76,INFLOW,20161105,0000,12347, ,CFS
SHA,H,76,INFLOW,20161105,0100,8820, ,CFS
SHA,H,76,INFLOW,20161105,0200,1026, ,CFS
SHA,H,76,INFLOW,20161105,0300,6262, ,CFS
SHA,H,76,INFLOW,20161105,0400,3666, ,CFS
SHA,H,76,INFLOW,20161105,0500,6293, ,CFS
SHA,H,76,INFLOW,20161105,0600,3664, ,CFS
SHA,H,76,INFLOW,20161105,0700,1024, ,CFS
SHA,H,76,INFLOW,20161105,0800,3647, ,CFS
SHA,H,76,INFLOW,20161105,0900,3660, ,CFS
SHA,H,76,INFLOW,20161105,1000,3662, ,CFS
SHA,H,76,INFLOW,20161105,1100,5813, ,CFS
SHA,H,76,INFLOW,20161105,1200,5956, ,CFS
SHA,H,76,INFLOW,20161105,1300,6135, ,CFS
SHA,H,76,INFLOW,20161105,1400,759, ,CFS
SHA,H,76,INFLOW,20161105,1500,6032, ,CFS
SHA,H,76,INFLOW,20161105,1600,3662, ,CFS
SHA,H,76,INFLOW,20161105,1700,1084, ,CFS
SHA,H,76,INFLOW,20161105,1800,7264, ,CFS
SHA,H,76,INFLOW,20161105,1900,7579, ,CFS
SHA,H,76,INFLOW,20161105,2000,5081, ,CFS
SHA,H,76,INFLOW,20161105,2100,17769, ,CFS
SHA,H,76,INFLOW,20161105,2200,5241, ,CFS
SHA,H,76,INFLOW,20161105,2300,-317, ,CFS
SHA,H,76,INFLOW,20161106,0000,4690, ,CFS
SHA,H,76,INFLOW,20161106,0100,5221, ,CFS
SHA,H,76,INFLOW,20161106,0200,10170, ,CFS
SHA,H,76,INFLOW,20161106,0300,-203, ,CFS
SHA,H,76,INFLOW,20161106,0400,5209, ,CFS
SHA,H,76,INFLOW,20161106,0500,1718, ,CFS
SHA,H,76,INFLOW,20161106,0600,3979, ,CFS
SHA,H,76,INFLOW,20161106,0700,7760, ,CFS
SHA,H,76,INFLOW,20161106,0800,-90, ,CFS
SHA,H,76,INFLOW,20161106,0900,10600, ,CFS
SHA,H,76,INFLOW,20161106,1000,8085, ,CFS
SHA,H,76,INFLOW,20161106,1100,10559, ,CFS
SHA,H,76,INFLOW,20161106,1200,2925, ,CFS
SHA,H,76,INFLOW,20161106,1300,13334, ,CFS
SHA,H,76,INFLOW,20161106,1400,5610, ,CFS
SHA,H,76,INFLOW,20161106,1500,2455, ,CFS
SHA,H,76,INFLOW,20161106,1600,8067, ,CFS
SHA,H,76,INFLOW,20161106,1700,-733, ,CFS
SHA,H,76,INFLOW,20161106,1800,9280, ,CFS
SHA,H,76,INFLOW,20161106,1900,3255, ,CFS
SHA,H,76,INFLOW,20161106,2000,5787, ,CFS
SHA,H,76,INFLOW,20161106,2100,13942, ,CFS
SHA,H,76,INFLOW,20161106,2200,2381, ,CFS
SHA,H,76,INFLOW,20161106,2300,4687, ,CFS
SHA,H,76,INFLOW,20161107,0000,5039, ,CFS
SHA,H,76,INFLOW,20161107,0100,1907, ,CFS
SHA,H,76,INFLOW,20161107,0200,6821, ,CFS
SHA,H,76,INFLOW,20161107,0300,1531, ,CFS
SHA,H,76,INFLOW,20161107,0400,6832, ,CFS
SHA,H,76,INFLOW,20161107,0500,1959, ,CFS
SHA,H,76,INFLOW,20161107,0600,-342, ,CFS
SHA,H,76,INFLOW,20161107,0700,12474, ,CFS
SHA,H,76,INFLOW,20161107,0800,9638, ,CFS
SHA,H,76,INFLOW,20161107,0900,6903, ,CFS
SHA,H,76,INFLOW,20161107,1000,1783, ,CFS
SHA,H,76,INFLOW,20161107,1100,1929, ,CFS
SHA,H,76,INFLOW,20161107,1200,7407, ,CFS
SHA,H,76,INFLOW,20161107,1300,1779, ,CFS
SHA,H,76,INFLOW,20161107,1400,1519, ,CFS
SHA,H,76,INFLOW,20161107,1500,6954, ,CFS
SHA,H,76,INFLOW,20161107,1600,1647, ,CFS
SHA,H,76,INFLOW,20161107,1700,7173, ,CFS
SHA,H,76,INFLOW,20161107,1800,10138, ,CFS
SHA,H,76,INFLOW,20161107,1900,10019, ,CFS
SHA,H,76,INFLOW,20161107,2000,9886, ,CFS
SHA,H,76,INFLOW,20161107,2100,7462, ,CFS
SHA,H,76,INFLOW,20161107,2200,8764, ,CFS
SHA,H,76,INFLOW,20161107,2300,7180, ,CFS
SHA,H,76,INFLOW,20161108,0000,7077, ,CFS
SHA,H,76,INFLOW,20161108,0100,7847, ,CFS
SHA,H,76,INFLOW,20161108,0200,2383, ,CFS
SHA,H,76,INFLOW,20161108,0300,7186, ,CFS
SHA,H,76,INFLOW,20161108,0400,1943, ,CFS
SHA,H,76,INFLOW,20161108,0500,4921, ,CFS
SHA,H,76,INFLOW,20161108,0600,2531, ,CFS
SHA,H,76,INFLOW,20161108,0700,7811, ,CFS
SHA,H,76,INFLOW,20161108,0800,8103, ,CFS
SHA,H,76,INFLOW,20161108,0900,7956, ,CFS
SHA,H,76,INFLOW,20161108,1000,2517, ,CFS
SHA,H,76,INFLOW,20161108,1100,2384, ,CFS
SHA,H,76,INFLOW,20161108,1200,2537, ,CFS
SHA,H,76,INFLOW,20161108,1300,2638, ,CFS
SHA,H,76,INFLOW,20161108,1400,2558, ,CFS
SHA,H,76,INFLOW,20161108,1500,2526, ,CFS
SHA,H,76,INFLOW,20161108,1600,5365, ,CFS
SHA,H,76,INFLOW,20161108,1700,4526, ,CFS
SHA,H,76,INFLOW,20161108,1800,15102, ,CFS
SHA,H,76,INFLOW,20161108,1900,7567, ,CFS
SHA,H,76,INFLOW,20161108,2000,6448, ,CFS
SHA,H,76,INFLOW,20161108,2100,11144, ,CFS
SHA,H,76,INFLOW,20161108,2200,6110, ,CFS
SHA,H,76,INFLOW,20161108,2300,11025, ,CFS
SHA,H,76,INFLOW,20161109,0000,7877, ,CFS
SHA,H,76,INFLOW,20161109,0100,2232, ,CFS
SHA,H,76,INFLOW,20161109,0200,7346, ,CFS
SHA,H,76,INFLOW,20161109,0300,4642, ,CFS
SHA,H,76,INFLOW,20161109,0400,2015, ,CFS
SHA,H,76,INFLOW,20161109,0500,2129, ,CFS
SHA,H,76,INFLOW,20161109,0600,2799, ,CFS
SHA,H,76,INFLOW,20161109,0700,3064, ,CFS
SHA,H,76,INFLOW,20161109,0800,10457, ,CFS
SHA,H,76,INFLOW,20161109,0900,-2595, ,CFS
SHA,H,76,INFLOW,20161109,1000,5648, ,CFS
SHA,H,76,INFLOW,20161109,1100,2959, ,CFS
SHA,H,76,INFLOW,20161109,1200,439, ,CFS
SHA,H,76,INFLOW,20161109,1300,5312, ,CFS
SHA,H,76,INFLOW,20161109,1400,760, ,CFS
SHA,H,76,INFLOW,20161109,1500,3109, ,CFS
SHA,H,76,INFLOW,20161109,1600,3279, ,CFS
SHA,H,76,INFLOW,20161109,1700,6433, ,CFS
SHA,H,76,INFLOW,20161109,1800,10441, ,CFS
SHA,H,76,INFLOW,20161109,1900,11536, ,CFS
SHA,H,76,INFLOW,20161109,2000,8176, ,CFS
SHA,H,76,INFLOW,20161109,2100,7321, ,CFS
SHA,H,76,INFLOW,20161109,2200,13135, ,CFS
SHA,H,76,INFLOW,20161109,2300,7237, ,CFS
SHA,H,76,INFLOW,20161110,0000,4167, ,CFS
SHA,H,76,INFLOW,20161110,0100,4250, ,CFS
SHA,H,76,INFLOW,20161110,0200,4152, ,CFS
SHA,H,76,INFLOW,20161110,0300,-1314, ,CFS
SHA,H,76,INFLOW,20161110,0400,6778, ,CFS
SHA,H,76,INFLOW,20161110,0500,1692, ,CFS
SHA,H,76,INFLOW,20161110,0600,2198, ,CFS
SHA,H,76,INFLOW,20161110,0700,5142, ,CFS
SHA,H,76,INFLOW,20161110,0800,-171, ,CFS
SHA,H,76,INFLOW,20161110,0900,7969, ,CFS
SHA,H,76,INFLOW,20161110,1000,353, ,CFS
SHA,H,76,INFLOW,20161110,1100,3367, ,CFS
SHA,H,76,INFLOW,20161110,1200,3168, ,CFS
SHA,H,76,INFLOW,20161110,1300,848, ,CFS
SHA,H,76,INFLOW,20161110,1400,1239, ,CFS
SHA,H,76,INFLOW,20161110,1500,3929, ,CFS
SHA,H,76,INFLOW,20161110,1600,971, ,CFS
SHA,H,76,INFLOW,20161110,1700,8726, ,CFS
SHA,H,76,INFLOW,20161110,1800,10226, ,CFS
SHA,H,76,INFLOW,20161110,1900,9292, ,CFS
SHA,H,76,INFLOW,20161110,2000,8137, ,CFS
SHA,H,76,INFLOW,20161110,2100,10017, ,CFS
SHA,H,76,INFLOW,20161110,2200,7324, ,CFS
SHA,H,76,INFLOW,20161110,2300,9803, ,CFS
SHA,H,76,INFLOW,20161111,0000,4196, ,CFS
SHA,H,76,INFLOW,20161111,0100,1823, ,CFS
SHA,H,76,INFLOW,20161111,0200,4207, ,CFS
SHA,H,76,INFLOW,20161111,0300,4087, ,CFS
SHA,H,76,INFLOW,20161111,0400,3998, ,CFS
SHA,H,76,INFLOW,20161111,0500,1949, ,CFS
SHA,H,76,INFLOW,20161111,0600,2573, ,CFS
SHA,H,76,INFLOW,20161111,0700,2011, ,CFS
SHA,H,76,INFLOW,20161111,0800,2076, ,CFS
SHA,H,76,INFLOW,20161111,0900,1739, ,CFS
SHA,H,76,INFLOW,20161111,1000,4180, ,CFS
SHA,H,76,INFLOW,20161111,1100,1790, ,CFS
SHA,H,76,INFLOW,20161111,1200,1824, ,CFS
SHA,H,76,INFLOW,20161111,1300,1475, ,CFS
SHA,H,76,INFLOW,20161111,1400,4192, ,CFS
SHA,H,76,INFLOW,20161111,1500,1892, ,CFS
SHA,H,76,INFLOW,20161111,1600,2499, ,CFS
SHA,H,76,INFLOW,20161111,1700,10969, ,CFS
SHA,H,76,INFLOW,20161111,1800,2327, ,CFS
SHA,H,76,INFLOW,20161111,1900,10050, ,CFS
SHA,H,76,INFLOW,20161111,2000,10479, ,CFS
SHA,H,76,INFLOW,20161111,2100,10259, ,CFS
SHA,H,76,INFLOW,20161111,2200,4613, ,CFS
SHA,H,76,INFLOW,20161111,2300,3411, ,CFS
SHA,H,76,INFLOW,20161112,0000,5205, ,CFS
SHA,H,76,INFLOW,20161112,0100,7641, ,CFS
SHA,H,76,INFLOW,20161112,0200,4529, ,CFS
SHA,H,76,INFLOW,20161112,0300,-3300, ,CFS
SHA,H,76,INFLOW,20161112,0400,7214, ,CFS
SHA,H,76,INFLOW,20161112,0500,9912, ,CFS
SHA,H,76,INFLOW,20161112,0600,-3353, ,CFS
SHA,H,76,INFLOW,20161112,0700,4369, ,CFS
SHA,H,76,INFLOW,20161112,0800,4497, ,CFS
SHA,H,76,INFLOW,20161112,0900,6370, ,CFS
SHA,H,76,INFLOW,20161112,1000,-1246, ,CFS
SHA,H,76,INFLOW,20161112,1100,2165, ,CFS
SHA,H,76,INFLOW,20161112,1200,7383, ,CFS
SHA,H,76,INFLOW,20161112,1300,-341, ,CFS
SHA,H,76,INFLOW,20161112,1400,1948, ,CFS
SHA,H,76,INFLOW,20161112,1500,4784, ,CFS
SHA,H,76,INFLOW,20161112,1600,-2288, ,CFS
SHA,H,76,INFLOW,20161112,1700,3107, ,CFS
SHA,H,76,INFLOW,20161112,1800,10283, ,CFS
SHA,H,76,INFLOW,20161112,1900,5046, ,CFS
SHA,H,76,INFLOW,20161112,2000,12156, ,CFS
SHA,H,76,INFLOW,20161112,2100,6399, ,CFS
SHA,H,76,INFLOW,20161112,2200,8046, ,CFS
SHA,H,76,INFLOW,20161112,2300,10875, ,CFS
SHA,H,76,INFLOW,20161113,0000,-2699, ,CFS
SHA,H,76,INFLOW,20161113,0100,7463, ,CFS
SHA,H,76,INFLOW,20161113,0200,1755, ,CFS
SHA,H,76,INFLOW,20161113,0300,1816, ,CFS
SHA,H,76,INFLOW,20161113,0400,4995, ,CFS
SHA,H,76,INFLOW,20161113,0500,62, ,CFS
SHA,H,76,INFLOW,20161113,0600,5131, ,CFS
SHA,H,76,INFLOW,20161113,0700,156, ,CFS
SHA,H,76,INFLOW,20161113,0800,2602, ,CFS
SHA,H,76,INFLOW,20161113,0900,5571, ,CFS
SHA,H,76,INFLOW,20161113,1000,338, ,CFS
SHA,H,76,INFLOW,20161113,1100,2947, ,CFS
SHA,H,76,INFLOW,20161113,1200,8242, ,CFS
SHA,H,76,INFLOW,20161113,1300,5919, ,CFS
SHA,H,76,INFLOW,20161113,1400,-3372, ,CFS
SHA,H,76,INFLOW,20161113,1500,7881, ,CFS
SHA,H,76,INFLOW,20161113,1600,323, ,CFS
SHA,H,76,INFLOW,20161113,1700,1053, ,CFS
SHA,H,76,INFLOW,20161113,1800,10381, ,CFS
SHA,H,76,INFLOW,20161113,1900,4946, ,CFS
SHA,H,76,INFLOW,20161113,2000,11316, ,CFS
SHA,H,76,INFLOW,20161113,2100,7213, ,CFS
SHA,H,76,INFLOW,20161113,2200,9607, ,CFS
SHA,H,76,INFLOW,20161113,2300,11399, ,CFS
SHA,H,76,INFLOW,20161114,0000,-2383, ,CFS
SHA,H,76,INFLOW,20161114,0100,2796, ,CFS
SHA,H,76,INFLOW,20161114,0200,5212, ,CFS
SHA,H,76,INFLOW,20161114,0300,-2726, ,CFS
SHA,H,76,INFLOW,20161114,0400,5196, ,CFS
SHA,H,76,INFLOW,20161114,0500,-16, ,CFS
SHA,H,76,INFLOW,20161114,0600,3419, ,CFS
SHA,H,76,INFLOW,20161114,0700,3840, ,CFS
SHA,H,76,INFLOW,20161114,0800,6475, ,CFS
SHA,H,76,INFLOW,20161114,0900,-1609, ,CFS
SHA,H,76,INFLOW,20161114,1000,9173, ,CFS
SHA,H,76,INFLOW,20161114,1100,-4267, ,CFS
SHA,H,76,INFLOW,20161114,1200,3529, ,CFS
SHA,H,76,INFLOW,20161114,1300,3527, ,CFS
SHA,H,76,INFLOW,20161114,1400,-1427, ,CFS
SHA,H,76,INFLOW,20161114,1500,4615, ,CFS
SHA,H,76,INFLOW,20161114,1600,-1944, ,CFS
SHA,H,76,INFLOW,20161114,1700,2222, ,CFS
SHA,H,76,INFLOW,20161114,1800,10681, ,CFS
SHA,H,76,INFLOW,20161114,1900,4973, ,CFS
SHA,H,76,INFLOW,20161114,2000,10074, ,CFS
SHA,H,76,INFLOW,20161114,2100,12731, ,CFS
SHA,H,76,INFLOW,20161114,2200,1937, ,CFS
SHA,H,76,INFLOW,20161114,2300,5076, ,CFS
SHA,H,76,INFLOW,20161115,0000,4144, ,CFS
SHA,H,76,INFLOW,20161115,0100,4109, ,CFS
SHA,H,76,INFLOW,20161115,0200,1411, ,CFS
SHA,H,76,INFLOW,20161115,0300,3780, ,CFS
SHA,H,76,INFLOW,20161115,0400,-1401, ,CFS
SHA,H,76,INFLOW,20161115,0500,4080, ,CFS
SHA,H,76,INFLOW,20161115,0600,1953, ,CFS
SHA,H,76,INFLOW,20161115,0700,4854, ,CFS
SHA,H,76,INFLOW,20161115,0800,2977, ,CFS
SHA,H,76,INFLOW,20161115,0900,8480, ,CFS
SHA,H,76,INFLOW,20161115,1000,3240, ,CFS
SHA,H,76,INFLOW,20161115,1100,-2372, ,CFS
SHA,H,76,INFLOW,20161115,1200,2629, ,CFS
SHA,H,76,INFLOW,20161115,1300,213, ,CFS
SHA,H,76,INFLOW,20161115,1400,3025, ,CFS
SHA,H,76,INFLOW,20161115,1500,8270, ,CFS
SHA,H,76,INFLOW,20161115,1600,-7542, ,CFS
SHA,H,76,INFLOW,20161115,1700,10016, ,CFS
SHA,H,76,INFLOW,20161115,1800,10344, ,CFS
SHA,H,76,INFLOW,20161115,1900,2108, ,CFS
SHA,H,76,INFLOW,20161115,2000,7626, ,CFS
SHA,H,76,INFLOW,20161115,2100,9688, ,CFS
SHA,H,76,INFLOW,20161115,2200,7486, ,CFS
SHA,H,76,INFLOW,20161115,2300,545, ,CFS
SHA,H,76,INFLOW,20161116,0000,7219, ,CFS
SHA,H,76,INFLOW,20161116,0100,1599, ,CFS
SHA,H,76,INFLOW,20161116,0200,4580, ,CFS
SHA,H,76,INFLOW,20161116,0300,2125, ,CFS
SHA,H,76,INFLOW,20161116,0400,2125, ,CFS
SHA,H,76,INFLOW,20161116,0500,2327, ,CFS
SHA,H,76,INFLOW,20161116,0600,-54, ,CFS
SHA,H,76,INFLOW,20161116,0700,2785, ,CFS
SHA,H,76,INFLOW,20161116,0800,2915, ,CFS
SHA,H,76,INFLOW,20161116,0900,5144, ,CFS
SHA,H,76,INFLOW,20161116,1000,2279, ,CFS
SHA,H,76,INFLOW,20161116,1100,2128, ,CFS
SHA,H,76,INFLOW,20161116,1200,1689, ,CFS
SHA,H,76,INFLOW,20161116,1300,1661, ,CFS
SHA,H,76,INFLOW,20161116,1400,4756, ,CFS
SHA,H,76,INFLOW,20161116,1500,2266, ,CFS
SHA,H,76,INFLOW,20161116,1600,-1059, ,CFS
SHA,H,76,INFLOW,20161116,1700,2362, ,CFS
SHA,H,76,INFLOW,20161116,1800,8180, ,CFS
SHA,H,76,INFLOW,20161116,1900,8092, ,CFS
SHA,H,76,INFLOW,20161116,2000,7772, ,CFS
SHA,H,76,INFLOW,20161116,2100,7944, ,CFS
SHA,H,76,INFLOW,20161116,2200,766, ,CFS
SHA,H,76,INFLOW,20161116,2300,5848, ,CFS
SHA,H,76,INFLOW,20161117,0000,5379, ,CFS
SHA,H,76,INFLOW,20161117,0100,-828, ,CFS
SHA,H,76,INFLOW,20161117,0200,1839, ,CFS
SHA,H,76,INFLOW,20161117,0300,4530, ,CFS
SHA,H,76,INFLOW,20161117,0400,-207, ,CFS
SHA,H,76,INFLOW,20161117,0500,4884, ,CFS
SHA,H,76,INFLOW,20161117,0600,357, ,CFS
SHA,H,76,INFLOW,20161117,0700,17, ,CFS
SHA,H,76,INFLOW,20161117,0800,4888, ,CFS
SHA,H,76,INFLOW,20161117,0900,-890, ,CFS
SHA,H,76,INFLOW,20161117,1000,6953, ,CFS
SHA,H,76,INFLOW,20161117,1100,1558, ,CFS
SHA,H,76,INFLOW,20161117,1200,-954, ,CFS
SHA,H,76,INFLOW,20161117,1300,6685, ,CFS
SHA,H,76,INFLOW,20161117,1400,-2697, ,CFS
SHA,H,76,INFLOW,20161117,1500,2608, ,CFS
SHA,H,76,INFLOW,20161117,1600,302, ,CFS
SHA,H,76,INFLOW,20161117,1700,2264, ,CFS
SHA,H,76,INFLOW,20161117,1800,13409, ,CFS
SHA,H,76,INFLOW,20161117,1900,7847, ,CFS
SHA,H,76,INFLOW,20161117,2000,5260, ,CFS
SHA,H,76,INFLOW,20161117,2100,13538, ,CFS
SHA,H,76,INFLOW,20161117,2200,-299, ,CFS
SHA,H,76,INFLOW,20161117,2300,3055, ,CFS
SHA,H,76,INFLOW,20161118,0000,5134, ,CFS
SHA,H,76,INFLOW,20161118,0100,-1039, ,CFS
SHA,H,76,INFLOW,20161118,0200,6744, ,CFS
SHA,H,76,INFLOW,20161118,0300,4045, ,CFS
SHA,H,76,INFLOW,20161118,0400,1457, ,CFS
SHA,H,76,INFLOW,20161118,0500,1701, ,CFS
SHA,H,76,INFLOW,20161118,0600,-404, ,CFS
SHA,H,76,INFLOW,20161118,0700,4089, ,CFS
SHA,H,76,INFLOW,20161118,0800,8501, ,CFS
SHA,H,76,INFLOW,20161118,0900,-1836, ,CFS
SHA,H,76,INFLOW,20161118,1000,3460, ,CFS
SHA,H,76,INFLOW,20161118,1100,3457, ,CFS
SHA,H,76,INFLOW,20161118,1200,-1937, ,CFS
SHA,H,76,INFLOW,20161118,1300,6685, ,CFS
SHA,H,76,INFLOW,20161118,1400,2877, ,CFS
SHA,H,76,INFLOW,20161118,1500,-1929, ,CFS
SHA,H,76,INFLOW,20161118,1600,6026, ,CFS
SHA,H,76,INFLOW,20161118,1700,3242, ,CFS
SHA,H,76,INFLOW,20161118,1800,7697, ,CFS
SHA,H,76,INFLOW,20161118,1900,7537, ,CFS
SHA,H,76,INFLOW,20161118,2000,9220, ,CFS
SHA,H,76,INFLOW,20161118,2100,13613, ,CFS
SHA,H,76,INFLOW,20161118,2200,-3507, ,CFS
SHA,H,76,INFLOW,20161118,2300,294, ,CFS
SHA,H,76,INFLOW,20161119,0000,2032, ,CFS
SHA,H,76,INFLOW,20161119,0100,9887, ,CFS
SHA,H,76,INFLOW,20161119,0200,2038, ,CFS
SHA,H,76,INFLOW,20161119,0300,-5846, ,CFS
SHA,H,76,INFLOW,20161119,0400,12712, ,CFS
SHA,H,76,INFLOW,20161119,0500,10238, ,CFS
SHA,H,76,INFLOW,20161119,0600,13372, ,CFS
SHA,H,76,INFLOW,20161119,0700,4130, ,CFS
SHA,H,76,INFLOW,20161119,0800,9477, ,CFS
SHA,H,76,INFLOW,20161119,0900,9398, ,CFS
SHA,H,76,INFLOW,20161119,1000,7211, ,CFS
SHA,H,76,INFLOW,20161119,1100,12318, ,CFS
SHA,H,76,INFLOW,20161119,1200,7046, ,CFS
SHA,H,76,INFLOW,20161119,1300,9288, ,CFS
SHA,H,76,INFLOW,20161119,1400,9087, ,CFS
SHA,H,76,INFLOW,20161119,1500,6403, ,CFS
SHA,H,76,INFLOW,20161119,1600,4062, ,CFS
SHA,H,76,INFLOW,20161119,1700,5449, ,CFS
SHA,H,76,INFLOW,20161119,1800,19724, ,CFS
SHA,H,76,INFLOW,20161119,1900,6572, ,CFS
SHA,H,76,INFLOW,20161119,2000,14320, ,CFS
SHA,H,76,INFLOW,20161119,2100,10987, ,CFS
SHA,H,76,INFLOW,20161119,2200,13398, ,CFS
SHA,H,76,INFLOW,20161119,2300,12128, ,CFS
SHA,H,76,INFLOW,20161120,0000,7568, ,CFS
SHA,H,76,INFLOW,20161120,0100,4659, ,CFS
SHA,H,76,INFLOW,20161120,0200,9823, ,CFS
SHA,H,76,INFLOW,20161120,0300,4168, ,CFS
SHA,H,76,INFLOW,20161120,0400,8975, ,CFS
SHA,H,76,INFLOW,20161120,0500,8906, ,CFS
SHA,H,76,INFLOW,20161120,0600,9944, ,CFS
SHA,H,76,INFLOW,20161120,0700,10417, ,CFS
SHA,H,76,INFLOW,20161120,0800,4200, ,CFS
SHA,H,76,INFLOW,20161120,0900,22545, ,CFS
SHA,H,76,INFLOW,20161120,1000,9633, ,CFS
SHA,H,76,INFLOW,20161120,1100,-833, ,CFS
SHA,H,76,INFLOW,20161120,1200,15055, ,CFS
SHA,H,76,INFLOW,20161120,1300,15071, ,CFS
SHA,H,76,INFLOW,20161120,1400,3639, ,CFS
SHA,H,76,INFLOW,20161120,1500,14055, ,CFS
SHA,H,76,INFLOW,20161120,1600,14027, ,CFS
SHA,H,76,INFLOW,20161120,1700,17625, ,CFS
SHA,H,76,INFLOW,20161120,1800,14912, ,CFS
SHA,H,76,INFLOW,20161120,1900,14998, ,CFS
SHA,H,76,INFLOW,20161120,2000,17893, ,CFS
SHA,H,76,INFLOW,20161120,2100,13631, ,CFS
SHA,H,76,INFLOW,20161120,2200,17431, ,CFS
SHA,H,76,INFLOW,20161120,2300,10453, ,CFS
SHA,H,76,INFLOW,20161121,0000,15070, ,CFS
SHA,H,76,INFLOW,20161121,0100,17475, ,CFS
SHA,H,76,INFLOW,20161121,0200,4085, ,CFS
SHA,H,76,INFLOW,20161121,0300,9293, ,CFS
SHA,H,76,INFLOW,20161121,0400,11753, ,CFS
SHA,H,76,INFLOW,20161121,0500,4153, ,CFS
SHA,H,76,INFLOW,20161121,0600,10468, ,CFS
SHA,H,76,INFLOW,20161121,0700,7074, ,CFS
SHA,H,76,INFLOW,20161121,0800,5879, ,CFS
SHA,H,76,INFLOW,20161121,0900,12538, ,CFS
SHA,H,76,INFLOW,20161121,1000,4697, ,CFS
SHA,H,76,INFLOW,20161121,1100,7114, ,CFS
SHA,H,76,INFLOW,20161121,1200,11876, ,CFS
SHA,H,76,INFLOW,20161121,1300,9092, ,CFS
SHA,H,76,INFLOW,20161121,1400,10328, ,CFS
SHA,H,76,INFLOW,20161121,1500,7540, ,CFS
SHA,H,76,INFLOW,20161121,1600,2963, ,CFS
SHA,H,76,INFLOW,20161121,1700,10851, ,CFS
SHA,H,76,INFLOW,20161121,1800,10117, ,CFS
SHA,H,76,INFLOW,20161121,1900,12821, ,CFS
SHA,H,76,INFLOW,20161121,2000,13506, ,CFS
SHA,H,76,INFLOW,20161121,2100,12984, ,CFS
SHA,H,76,INFLOW,20161121,2200,11185, ,CFS
SHA,H,76,INFLOW,20161121,2300,5466, ,CFS
SHA,H,76,INFLOW,20161122,0000,4826, ,CFS
SHA,H,76,INFLOW,20161122,0100,7801, ,CFS
SHA,H,76,INFLOW,20161122,0200,4800, ,CFS
SHA,H,76,INFLOW,20161122,0300,7000, ,CFS
SHA,H,76,INFLOW,20161122,0400,4400, ,CFS
SHA,H,76,INFLOW,20161122,0500,4755, ,CFS
SHA,H,76,INFLOW,20161122,0600,5245, ,CFS
SHA,H,76,INFLOW,20161122,0700,8360, ,CFS
SHA,H,76,INFLOW,20161122,0800,11300, ,CFS
SHA,H,76,INFLOW,20161122,0900,7219, ,CFS
SHA,H,76,INFLOW,20161122,1000,7236, ,CFS
SHA,H,76,INFLOW,20161122,1100,6928, ,CFS
SHA,H,76,INFLOW,20161122,1200,4356, ,CFS
SHA,H,76,INFLOW,20161122,1300,4427, ,CFS
SHA,H,76,INFLOW,20161122,1400,7594, ,CFS
SHA,H,76,INFLOW,20161122,1500,5313, ,CFS
SHA,H,76,INFLOW,20161122,1600,5124, ,CFS
SHA,H,76,INFLOW,20161122,1700,4728, ,CFS
SHA,H,76,INFLOW,20161122,1800,7788, ,CFS
SHA,H,76,INFLOW,20161122,1900,10558, ,CFS
SHA,H,76,INFLOW,20161122,2000,22982, ,CFS
SHA,H,76,INFLOW,20161122,2100,8219, ,CFS
SHA,H,76,INFLOW,20161122,2200,19843, ,CFS
SHA,H,76,INFLOW,20161122,2300,8292, ,CFS
SHA,H,76,INFLOW,20161123,0000,7593, ,CFS
SHA,H,76,INFLOW,20161123,0100,-75, ,CFS
SHA,H,76,INFLOW,20161123,0200,15704, ,CFS
SHA,H,76,INFLOW,20161123,0300,2215, ,CFS
SHA,H,76,INFLOW,20161123,0400,7582, ,CFS
SHA,H,76,INFLOW,20161123,0500,10284, ,CFS
SHA,H,76,INFLOW,20161123,0600,336, ,CFS
SHA,H,76,INFLOW,20161123,0700,10746, ,CFS
SHA,H,76,INFLOW,20161123,0800,13463, ,CFS
SHA,H,76,INFLOW,20161123,0900,7832, ,CFS
SHA,H,76,INFLOW,20161123,1000,10055, ,CFS
SHA,H,76,INFLOW,20161123,1100,4860, ,CFS
SHA,H,76,INFLOW,20161123,1200,4880, ,CFS
SHA,H,76,INFLOW,20161123,1300,12162, ,CFS
SHA,H,76,INFLOW,20161123,1400,6069, ,CFS
SHA,H,76,INFLOW,20161123,1500,6426, ,CFS
SHA,H,76,INFLOW,20161123,1600,6756, ,CFS
SHA,H,76,INFLOW,20161123,1700,4905, ,CFS
SHA,H,76,INFLOW,20161123,1800,12418, ,CFS
SHA,H,76,INFLOW,20161123,1900,7091, ,CFS
SHA,H,76,INFLOW,20161123,2000,16534, ,CFS
SHA,H,76,INFLOW,20161123,2100,8000, ,CFS
SHA,H,76,INFLOW,20161123,2200,9454, ,CFS
SHA,H,76,INFLOW,20161123,2300,13696, ,CFS
SHA,H,76,INFLOW,20161124,0000,10469, ,CFS
SHA,H,76,INFLOW,20161124,0100,2773, ,CFS
SHA,H,76,INFLOW,20161124,0200,10512, ,CFS
SHA,H,76,INFLOW,20161124,0300,2486, ,CFS
SHA,H,76,INFLOW,20161124,0400,7820, ,CFS
SHA,H,76,INFLOW,20161124,0500,5304, ,CFS
SHA,H,76,INFLOW,20161124,0600,3189, ,CFS
SHA,H,76,INFLOW,20161124,0700,12767, ,CFS
SHA,H,76,INFLOW,20161124,0800,10170, ,CFS
SHA,H,76,INFLOW,20161124,0900,10072, ,CFS
SHA,H,76,INFLOW,20161124,1000,7368, ,CFS
SHA,H,76,INFLOW,20161124,1100,15337, ,CFS
SHA,H,76,INFLOW,20161124,1200,4743, ,CFS
SHA,H,76,INFLOW,20161124,1300,12753, ,CFS
SHA,H,76,INFLOW,20161124,1400,12636, ,CFS
SHA,H,76,INFLOW,20161124,1500,4697, ,CFS
SHA,H,76,INFLOW,20161124,1600,8940, ,CFS
SHA,H,76,INFLOW,20161124,1700,2243, ,CFS
SHA,H,76,INFLOW,20161124,1800,17375, ,CFS
SHA,H,76,INFLOW,20161124,1900,6467, ,CFS
SHA,H,76,INFLOW,20161124,2000,18740, ,CFS
SHA,H,76,INFLOW,20161124,2100,9913, ,CFS
SHA,H,76,INFLOW,20161124,2200,8559, ,CFS
SHA,H,76,INFLOW,20161124,2300,13716, ,CFS
SHA,H,76,INFLOW,20161125,0000,10781, ,CFS
SHA,H,76,INFLOW,20161125,0100,-754, ,CFS
SHA,H,76,INFLOW,20161125,0200,17554, ,CFS
SHA,H,76,INFLOW,20161125,0300,6784, ,CFS
SHA,H,76,INFLOW,20161125,0400,9393, ,CFS
SHA,H,76,INFLOW,20161125,0500,14821, ,CFS
SHA,H,76,INFLOW,20161125,0600,4390, ,CFS
SHA,H,76,INFLOW,20161125,0700,12694, ,CFS
SHA,H,76,INFLOW,20161125,0800,10487, ,CFS
SHA,H,76,INFLOW,20161125,0900,7222, ,CFS
SHA,H,76,INFLOW,20161125,1000,7471, ,CFS
SHA,H,76,INFLOW,20161125,1100,7490, ,CFS
SHA,H,76,INFLOW,20161125,1200,4885, ,CFS
SHA,H,76,INFLOW,20161125,1300,7504, ,CFS
SHA,H,76,INFLOW,20161125,1400,1204, ,CFS
SHA,H,76,INFLOW,20161125,1500,8158, ,CFS
SHA,H,76,INFLOW,20161125,1600,9352, ,CFS
SHA,H,76,INFLOW,20161125,1700,9080, ,CFS
SHA,H,76,INFLOW,20161125,1800,10724, ,CFS
SHA,H,76,INFLOW,20161125,1900,10793, ,CFS
SHA,H,76,INFLOW,20161125,2000,7849, ,CFS
SHA,H,76,INFLOW,20161125,2100,13554, ,CFS
SHA,H,76,INFLOW,20161125,2200,8114, ,CFS
SHA,H,76,INFLOW,20161125,2300,4926, ,CFS
SHA,H,76,INFLOW,20161126,0000,12400, ,CFS
SHA,H,76,INFLOW,20161126,0100,10128, ,CFS
SHA,H,76,INFLOW,20161126,0200,2008, ,CFS
SHA,H,76,INFLOW,20161126,0300,7388, ,CFS
SHA,H,76,INFLOW,20161126,0400,7640, ,CFS
SHA,H,76,INFLOW,20161126,0500,5113, ,CFS
SHA,H,76,INFLOW,20161126,0600,10631, ,CFS
SHA,H,76,INFLOW,20161126,0700,13310, ,CFS
SHA,H,76,INFLOW,20161126,0800,8274, ,CFS
SHA,H,76,INFLOW,20161126,0900,11082, ,CFS
SHA,H,76,INFLOW,20161126,1000,11339, ,CFS
SHA,H,76,INFLOW,20161126,1100,6019, ,CFS
SHA,H,76,INFLOW,20161126,1200,8573, ,CFS
SHA,H,76,INFLOW,20161126,1300,7506, ,CFS
SHA,H,76,INFLOW,20161126,1400,9609, ,CFS
SHA,H,76,INFLOW,20161126,1500,4508, ,CFS
SHA,H,76,INFLOW,20161126,1600,12492, ,CFS
SHA,H,76,INFLOW,20161126,1700,10069, ,CFS
SHA,H,76,INFLOW,20161126,1800,14993, ,CFS
SHA,H,76,INFLOW,20161126,1900,20433, ,CFS
SHA,H,76,INFLOW,20161126,2000,8448, ,CFS
SHA,H,76,INFLOW,20161126,2100,10943, ,CFS
SHA,H,76,INFLOW,20161126,2200,12919, ,CFS
SHA,H,76,INFLOW,20161126,2300,16237, ,CFS
SHA,H,76,INFLOW,20161127,0000,8123, ,CFS
SHA,H,76,INFLOW,20161127,0100,13898, ,CFS
SHA,H,76,INFLOW,20161127,0200,3197, ,CFS
SHA,H,76,INFLOW,20161127,0300,11088, ,CFS
SHA,H,76,INFLOW,20161127,0400,13725, ,CFS
SHA,H,76,INFLOW,20161127,0500,3373, ,CFS
SHA,H,76,INFLOW,20161127,0600,13913, ,CFS
SHA,H,76,INFLOW,20161127,0700,3095, ,CFS
SHA,H,76,INFLOW,20161127,0800,8370, ,CFS
SHA,H,76,INFLOW,20161127,0900,11326, ,CFS
SHA,H,76,INFLOW,20161127,1000,8198, ,CFS
SHA,H,76,INFLOW,20161127,1100,2862, ,CFS
SHA,H,76,INFLOW,20161127,1200,10626, ,CFS
SHA,H,76,INFLOW,20161127,1300,2073, ,CFS
SHA,H,76,INFLOW,20161127,1400,7606, ,CFS
SHA,H,76,INFLOW,20161127,1500,4926, ,CFS
SHA,H,76,INFLOW,20161127,1600,5014, ,CFS
SHA,H,76,INFLOW,20161127,1700,9223, ,CFS
SHA,H,76,INFLOW,20161127,1800,12932, ,CFS
SHA,H,76,INFLOW,20161127,1900,3952, ,CFS
SHA,H,76,INFLOW,20161127,2000,14598, ,CFS
SHA,H,76,INFLOW,20161127,2100,21389, ,CFS
SHA,H,76,INFLOW,20161127,2200,114, ,CFS
SHA,H,76,INFLOW,20161127,2300,13699, ,CFS
SHA,H,76,INFLOW,20161128,0000,11286, ,CFS
SHA,H,76,INFLOW,20161128,0100,9581, ,CFS
SHA,H,76,INFLOW,20161128,0200,9134, ,CFS
SHA,H,76,INFLOW,20161128,0300,6434, ,CFS
SHA,H,76,INFLOW,20161128,0400,7167, ,CFS
SHA,H,76,INFLOW,20161128,0500,4777, ,CFS
SHA,H,76,INFLOW,20161128,0600,5303, ,CFS
SHA,H,76,INFLOW,20161128,0700,10752, ,CFS
SHA,H,76,INFLOW,20161128,0800,5576, ,CFS
SHA,H,76,INFLOW,20161128,0900,10704, ,CFS
SHA,H,76,INFLOW,20161128,1000,5486, ,CFS
SHA,H,76,INFLOW,20161128,1100,8139, ,CFS
SHA,H,76,INFLOW,20161128,1200,927, ,CFS
SHA,H,76,INFLOW,20161128,1300,6810, ,CFS
SHA,H,76,INFLOW,20161128,1400,3944, ,CFS
SHA,H,76,INFLOW,20161128,1500,6626, ,CFS
SHA,H,76,INFLOW,20161128,1600,4539, ,CFS
SHA,H,76,INFLOW,20161128,1700,7534, ,CFS
SHA,H,76,INFLOW,20161128,1800,9975, ,CFS
SHA,H,76,INFLOW,20161128,1900,13387, ,CFS
SHA,H,76,INFLOW,20161128,2000,10741, ,CFS
SHA,H,76,INFLOW,20161128,2100,15499, ,CFS
SHA,H,76,INFLOW,20161128,2200,6031, ,CFS
SHA,H,76,INFLOW,20161128,2300,13700, ,CFS
SHA,H,76,INFLOW,20161129,0000,10217, ,CFS
SHA,H,76,INFLOW,20161129,0100,5365, ,CFS
SHA,H,76,INFLOW,20161129,0200,5186, ,CFS
SHA,H,76,INFLOW,20161129,0300,7423, ,CFS
SHA,H,76,INFLOW,20161129,0400,4702, ,CFS
SHA,H,76,INFLOW,20161129,0500,4873, ,CFS
SHA,H,76,INFLOW,20161129,0600,5399, ,CFS
SHA,H,76,INFLOW,20161129,0700,3664, ,CFS
SHA,H,76,INFLOW,20161129,0800,5606, ,CFS
SHA,H,76,INFLOW,20161129,0900,7883, ,CFS
SHA,H,76,INFLOW,20161129,1000,2311, ,CFS
SHA,H,76,INFLOW,20161129,1100,5087, ,CFS
SHA,H,76,INFLOW,20161129,1200,3681, ,CFS
SHA,H,76,INFLOW,20161129,1300,3432, ,CFS
SHA,H,76,INFLOW,20161129,1400,3392, ,CFS
SHA,H,76,INFLOW,20161129,1500,3343, ,CFS
SHA,H,76,INFLOW,20161129,1600,2760, ,CFS
SHA,H,76,INFLOW,20161129,1700,4068, ,CFS
SHA,H,76,INFLOW,20161129,1800,12815, ,CFS
SHA,H,76,INFLOW,20161129,1900,7187, ,CFS
SHA,H,76,INFLOW,20161129,2000,11537, ,CFS
SHA,H,76,INFLOW,20161129,2100,6280, ,CFS
SHA,H,76,INFLOW,20161129,2200,8807, ,CFS
SHA,H,76,INFLOW,20161129,2300,6172, ,CFS
SHA,H,76,INFLOW,20161130,0000,4851, ,CFS
SHA,H,76,INFLOW,20161130,0100,7957, ,CFS
SHA,H,76,INFLOW,20161130,0200,5037, ,CFS
SHA,H,76,INFLOW,20161130,0300,5109, ,CFS
SHA,H,76,INFLOW,20161130,0400,2643, ,CFS
SHA,H,76,INFLOW,20161130,0500,5588, ,CFS
SHA,H,76,INFLOW,20161130,0600,3175, ,CFS
SHA,H,76,INFLOW,20161130,0700,11059, ,CFS
SHA,H,76,INFLOW,20161130,0800,6414, ,CFS
SHA,H,76,INFLOW,20161130,0900,11270, ,CFS
SHA,H,76,INFLOW,20161130,1000,8369, ,CFS
SHA,H,76,INFLOW,20161130,1100,3297, ,CFS
SHA,H,76,INFLOW,20161130,1200,5627, ,CFS
SHA,H,76,INFLOW,20161130,1300,3194, ,CFS
SHA,H,76,INFLOW,20161130,1400,3383, ,CFS
SHA,H,76,INFLOW,20161130,1500,3573, ,CFS
SHA,H,76,INFLOW,20161130,1600,3807, ,CFS
SHA,H,76,INFLOW,20161130,1700,7001, ,CFS
SHA,H,76,INFLOW,20161130,1800,11209, ,CFS
SHA,H,76,INFLOW,20161130,1900,6074, ,CFS
SHA,H,76,INFLOW,20161130,2000,8645, ,CFS
SHA,H,76,INFLOW,20161130,2100,11300, ,CFS
SHA,H,76,INFLOW,20161130,2200,7213, ,CFS
SHA,H,76,INFLOW,20161130,2300,11134, ,CFS
SHA,H,76,INFLOW,20161201,0000,8422, ,CFS
SHA,H,76,INFLOW,20161201,0100,9718, ,CFS
SHA,H,76,INFLOW,20161201,0200,1407, ,CFS
SHA,H,76,INFLOW,20161201,0300,6546, ,CFS
SHA,H,76,INFLOW,20161201,0400,3994, ,CFS
SHA,H,76,INFLOW,20161201,0500,4681, ,CFS
SHA,H,76,INFLOW,20161201,0600,5032, ,CFS
SHA,H,76,INFLOW,20161201,0700,3327, ,CFS
SHA,H,76,INFLOW,20161201,0800,5742, ,CFS
SHA,H,76,INFLOW,20161201,0900,5349, ,CFS
SHA,H,76,INFLOW,20161201,1000,5243, ,CFS
SHA,H,76,INFLOW,20161201,1100,2500, ,CFS
SHA,H,76,INFLOW,20161201,1200,5026, ,CFS
SHA,H,76,INFLOW,20161201,1300,1143, ,CFS
SHA,H,76,INFLOW,20161201,1400,3710, ,CFS
SHA,H,76,INFLOW,20161201,1500,3892, ,CFS
SHA,H,76,INFLOW,20161201,1600,3867, ,CFS
SHA,H,76,INFLOW,20161201,1700,4324, ,CFS
SHA,H,76,INFLOW,20161201,1800,7495, ,CFS
SHA,H,76,INFLOW,20161201,1900,4568, ,CFS
SHA,H,76,INFLOW,20161201,2000,15548, ,CFS
SHA,H,76,INFLOW,20161201,2100,5677, ,CFS
SHA,H,76,INFLOW,20161201,2200,7020, ,CFS
SHA,H,76,INFLOW,20161201,2300,9189, ,CFS
SHA,H,76,INFLOW,20161202,0000,6389, ,CFS
SHA,H,76,INFLOW,20161202,0100,7047, ,CFS
SHA,H,76,INFLOW,20161202,0200,12044, ,CFS
SHA,H,76,INFLOW,20161202,0300,4121, ,CFS
SHA,H,76,INFLOW,20161202,0400,9454, ,CFS
SHA,H,76,INFLOW,20161202,0500,7096, ,CFS
SHA,H,76,INFLOW,20161202,0600,7298, ,CFS
SHA,H,76,INFLOW,20161202,0700,11023, ,CFS
SHA,H,76,INFLOW,20161202,0800,8881, ,CFS
SHA,H,76,INFLOW,20161202,0900,7715, ,CFS
SHA,H,76,INFLOW,20161202,1000,-152, ,CFS
SHA,H,76,INFLOW,20161202,1100,6047, ,CFS
SHA,H,76,INFLOW,20161202,1200,5812, ,CFS
SHA,H,76,INFLOW,20161202,1300,3199, ,CFS
SHA,H,76,INFLOW,20161202,1400,3062, ,CFS
SHA,H,76,INFLOW,20161202,1500,2284, ,CFS
SHA,H,76,INFLOW,20161202,1600,132, ,CFS
SHA,H,76,INFLOW,20161202,1700,8730, ,CFS
SHA,H,76,INFLOW,20161202,1800,8869, ,CFS
SHA,H,76,INFLOW,20161202,1900,11258, ,CFS
SHA,H,76,INFLOW,20161202,2000,5577, ,CFS
SHA,H,76,INFLOW,20161202,2100,8306, ,CFS
SHA,H,76,INFLOW,20161202,2200,12266, ,CFS
SHA,H,76,INFLOW,20161202,2300,2362, ,CFS
SHA,H,76,INFLOW,20161203,0000,10278, ,CFS
SHA,H,76,INFLOW,20161203,0100,9995, ,CFS
SHA,H,76,INFLOW,20161203,0200,7165, ,CFS
SHA,H,76,INFLOW,20161203,0300,9539, ,CFS
SHA,H,76,INFLOW,20161203,0400,4197, ,CFS
SHA,H,76,INFLOW,20161203,0500,4323, ,CFS
SHA,H,76,INFLOW,20161203,0600,4814, ,CFS
SHA,H,76,INFLOW,20161203,0700,6538, ,CFS
SHA,H,76,INFLOW,20161203,0800,9345, ,CFS
SHA,H,76,INFLOW,20161203,0900,6510, ,CFS
SHA,H,76,INFLOW,20161203,1000,910, ,CFS
SHA,H,76,INFLOW,20161203,1100,5658, ,CFS
SHA,H,76,INFLOW,20161203,1200,5576, ,CFS
SHA,H,76,INFLOW,20161203,1300,66, ,CFS
SHA,H,76,INFLOW,20161203,1400,5371, ,CFS
SHA,H,76,INFLOW,20161203,1500,2899, ,CFS
SHA,H,76,INFLOW,20161203,1600,489, ,CFS
SHA,H,76,INFLOW,20161203,1700,6208, ,CFS
SHA,H,76,INFLOW,20161203,1800,9021, ,CFS
SHA,H,76,INFLOW,20161203,1900,7928, ,CFS
SHA,H,76,INFLOW,20161203,2000,10068, ,CFS
SHA,H,76,INFLOW,20161203,2100,7131, ,CFS
SHA,H,76,INFLOW,20161203,2200,10697, ,CFS
SHA,H,76,INFLOW,20161203,2300,5091, ,CFS
SHA,H,76,INFLOW,20161204,0000,7795, ,CFS
SHA,H,76,INFLOW,20161204,0100,4004, ,CFS
SHA,H,76,INFLOW,20161204,0200,505, ,CFS
SHA,H,76,INFLOW,20161204,0300,8418, ,CFS
SHA,H,76,INFLOW,20161204,0400,8404, ,CFS
SHA,H,76,INFLOW,20161204,0500,533, ,CFS
SHA,H,76,INFLOW,20161204,0600,5931, ,CFS
SHA,H,76,INFLOW,20161204,0700,1470, ,CFS
SHA,H,76,INFLOW,20161204,0800,1370, ,CFS
SHA,H,76,INFLOW,20161204,0900,9581, ,CFS
SHA,H,76,INFLOW,20161204,1000,4573, ,CFS
SHA,H,76,INFLOW,20161204,1100,4666, ,CFS
SHA,H,76,INFLOW,20161204,1200,15293, ,CFS
SHA,H,76,INFLOW,20161204,1300,1739, ,CFS
SHA,H,76,INFLOW,20161204,1400,4470, ,CFS
SHA,H,76,INFLOW,20161204,1500,1350, ,CFS
SHA,H,76,INFLOW,20161204,1600,4206, ,CFS
SHA,H,76,INFLOW,20161204,1700,2449, ,CFS
SHA,H,76,INFLOW,20161204,1800,10314, ,CFS
SHA,H,76,INFLOW,20161204,1900,7948, ,CFS
SHA,H,76,INFLOW,20161204,2000,7854, ,CFS
SHA,H,76,INFLOW,20161204,2100,5027, ,CFS
SHA,H,76,INFLOW,20161204,2200,7723, ,CFS
SHA,H,76,INFLOW,20161204,2300,11304, ,CFS
SHA,H,76,INFLOW,20161205,0000,3088, ,CFS
SHA,H,76,INFLOW,20161205,0100,4957, ,CFS
SHA,H,76,INFLOW,20161205,0200,5021, ,CFS
SHA,H,76,INFLOW,20161205,0300,-360, ,CFS
SHA,H,76,INFLOW,20161205,0400,5062, ,CFS
SHA,H,76,INFLOW,20161205,0500,2522, ,CFS
SHA,H,76,INFLOW,20161205,0600,2764, ,CFS
SHA,H,76,INFLOW,20161205,0700,3374, ,CFS
SHA,H,76,INFLOW,20161205,0800,5884, ,CFS
SHA,H,76,INFLOW,20161205,0900,3891, ,CFS
SHA,H,76,INFLOW,20161205,1000,6637, ,CFS
SHA,H,76,INFLOW,20161205,1100,11907, ,CFS
SHA,H,76,INFLOW,20161205,1200,976, ,CFS
SHA,H,76,INFLOW,20161205,1300,6262, ,CFS
SHA,H,76,INFLOW,20161205,1400,1012, ,CFS
SHA,H,76,INFLOW,20161205,1500,934, ,CFS
SHA,H,76,INFLOW,20161205,1600,4102, ,CFS
SHA,H,76,INFLOW,20161205,1700,1318, ,CFS
SHA,H,76,INFLOW,20161205,1800,8104, ,CFS
SHA,H,76,INFLOW,20161205,1900,3011, ,CFS
SHA,H,76,INFLOW,20161205,2000,5175, ,CFS
SHA,H,76,INFLOW,20161205,2100,-1693, ,CFS
SHA,H,76,INFLOW,20161205,2200,14033, ,CFS
SHA,H,76,INFLOW,20161205,2300,4894, ,CFS
SHA,H,76,INFLOW,20161206,0000,7636, ,CFS
SHA,H,76,INFLOW,20161206,0100,3630, ,CFS
SHA,H,76,INFLOW,20161206,0200,3655, ,CFS
SHA,H,76,INFLOW,20161206,0300,3800, ,CFS
SHA,H,76,INFLOW,20161206,0400,3998, ,CFS
SHA,H,76,INFLOW,20161206,0500,1460, ,CFS
SHA,H,76,INFLOW,20161206,0600,1636, ,CFS
SHA,H,76,INFLOW,20161206,0700,4871, ,CFS
SHA,H,76,INFLOW,20161206,0800,5164, ,CFS
SHA,H,76,INFLOW,20161206,0900,7827, ,CFS
SHA,H,76,INFLOW,20161206,1000,2384, ,CFS
SHA,H,76,INFLOW,20161206,1100,1346, ,CFS
SHA,H,76,INFLOW,20161206,1200,3984, ,CFS
SHA,H,76,INFLOW,20161206,1300,-1418, ,CFS
SHA,H,76,INFLOW,20161206,1400,3942, ,CFS
SHA,H,76,INFLOW,20161206,1500,3800, ,CFS
SHA,H,76,INFLOW,20161206,1600,3759, ,CFS
SHA,H,76,INFLOW,20161206,1700,1472, ,CFS
SHA,H,76,INFLOW,20161206,1800,13169, ,CFS
SHA,H,76,INFLOW,20161206,1900,2843, ,CFS
SHA,H,76,INFLOW,20161206,2000,13517, ,CFS
SHA,H,76,INFLOW,20161206,2100,1607, ,CFS
SHA,H,76,INFLOW,20161206,2200,8964, ,CFS
SHA,H,76,INFLOW,20161206,2300,6713, ,CFS
SHA,H,76,INFLOW,20161207,0000,3620, ,CFS
SHA,H,76,INFLOW,20161207,0100,7105, ,CFS
SHA,H,76,INFLOW,20161207,0200,1711, ,CFS
SHA,H,76,INFLOW,20161207,0300,4252, ,CFS
SHA,H,76,INFLOW,20161207,0400,4313, ,CFS
SHA,H,76,INFLOW,20161207,0500,1962, ,CFS
SHA,H,76,INFLOW,20161207,0600,5396, ,CFS
SHA,H,76,INFLOW,20161207,0700,2136, ,CFS
SHA,H,76,INFLOW,20161207,0800,9216, ,CFS
SHA,H,76,INFLOW,20161207,0900,9108, ,CFS
SHA,H,76,INFLOW,20161207,1000,3710, ,CFS
SHA,H,76,INFLOW,20161207,1100,6273, ,CFS
SHA,H,76,INFLOW,20161207,1200,995, ,CFS
SHA,H,76,INFLOW,20161207,1300,3525, ,CFS
SHA,H,76,INFLOW,20161207,1400,3558, ,CFS
SHA,H,76,INFLOW,20161207,1500,867, ,CFS
SHA,H,76,INFLOW,20161207,1600,923, ,CFS
SHA,H,76,INFLOW,20161207,1700,4429, ,CFS
SHA,H,76,INFLOW,20161207,1800,13349, ,CFS
SHA,H,76,INFLOW,20161207,1900,8478, ,CFS
SHA,H,76,INFLOW,20161207,2000,10887, ,CFS
SHA,H,76,INFLOW,20161207,2100,4084, ,CFS
SHA,H,76,INFLOW,20161207,2200,11105, ,CFS
SHA,H,76,INFLOW,20161207,2300,5614, ,CFS
SHA,H,76,INFLOW,20161208,0000,8059, ,CFS
SHA,H,76,INFLOW,20161208,0100,2590, ,CFS
SHA,H,76,INFLOW,20161208,0200,7692, ,CFS
SHA,H,76,INFLOW,20161208,0300,10124, ,CFS
SHA,H,76,INFLOW,20161208,0400,4635, ,CFS
SHA,H,76,INFLOW,20161208,0500,2180, ,CFS
SHA,H,76,INFLOW,20161208,0600,8135, ,CFS
SHA,H,76,INFLOW,20161208,0700,10760, ,CFS
SHA,H,76,INFLOW,20161208,0800,6102, ,CFS
SHA,H,76,INFLOW,20161208,0900,8752, ,CFS
SHA,H,76,INFLOW,20161208,1000,6677, ,CFS
SHA,H,76,INFLOW,20161208,1100,6913, ,CFS
SHA,H,76,INFLOW,20161208,1200,8782, ,CFS
SHA,H,76,INFLOW,20161208,1300,2054, ,CFS
SHA,H,76,INFLOW,20161208,1400,4785, ,CFS
SHA,H,76,INFLOW,20161208,1500,2037, ,CFS
SHA,H,76,INFLOW,20161208,1600,5189, ,CFS
SHA,H,76,INFLOW,20161208,1700,7489, ,CFS
SHA,H,76,INFLOW,20161208,1800,7189, ,CFS
SHA,H,76,INFLOW,20161208,1900,10609, ,CFS
SHA,H,76,INFLOW,20161208,2000,10403, ,CFS
SHA,H,76,INFLOW,20161208,2100,6605, ,CFS
SHA,H,76,INFLOW,20161208,2200,8239, ,CFS
SHA,H,76,INFLOW,20161208,2300,6070, ,CFS
SHA,H,76,INFLOW,20161209,0000,6224, ,CFS
SHA,H,76,INFLOW,20161209,0100,10702, ,CFS
SHA,H,76,INFLOW,20161209,0200,2311, ,CFS
SHA,H,76,INFLOW,20161209,0300,4334, ,CFS
SHA,H,76,INFLOW,20161209,0400,7020, ,CFS
SHA,H,76,INFLOW,20161209,0500,-2825, ,CFS
SHA,H,76,INFLOW,20161209,0600,6041, ,CFS
SHA,H,76,INFLOW,20161209,0700,9985, ,CFS
SHA,H,76,INFLOW,20161209,0800,5465, ,CFS
SHA,H,76,INFLOW,20161209,0900,11898, ,CFS
SHA,H,76,INFLOW,20161209,1000,3704, ,CFS
SHA,H,76,INFLOW,20161209,1100,3793, ,CFS
SHA,H,76,INFLOW,20161209,1200,6444, ,CFS
SHA,H,76,INFLOW,20161209,1300,-72, ,CFS
SHA,H,76,INFLOW,20161209,1400,7644, ,CFS
SHA,H,76,INFLOW,20161209,1500,-514, ,CFS
SHA,H,76,INFLOW,20161209,1600,4127, ,CFS
SHA,H,76,INFLOW,20161209,1700,7226, ,CFS
SHA,H,76,INFLOW,20161209,1800,13243, ,CFS
SHA,H,76,INFLOW,20161209,1900,12784, ,CFS
SHA,H,76,INFLOW,20161209,2000,8907, ,CFS
SHA,H,76,INFLOW,20161209,2100,17402, ,CFS
SHA,H,76,INFLOW,20161209,2200,13982, ,CFS
SHA,H,76,INFLOW,20161209,2300,15756, ,CFS
SHA,H,76,INFLOW,20161210,0000,17513, ,CFS
SHA,H,76,INFLOW,20161210,0100,14923, ,CFS
SHA,H,76,INFLOW,20161210,0200,17492, ,CFS
SHA,H,76,INFLOW,20161210,0300,17455, ,CFS
SHA,H,76,INFLOW,20161210,0400,20200, ,CFS
SHA,H,76,INFLOW,20161210,0500,20423, ,CFS
SHA,H,76,INFLOW,20161210,0600,18199, ,CFS
SHA,H,76,INFLOW,20161210,0700,27548, ,CFS
SHA,H,76,INFLOW,20161210,0800,11427, ,CFS
SHA,H,76,INFLOW,20161210,0900,22636, ,CFS
SHA,H,76,INFLOW,20161210,1000,14425, ,CFS
SHA,H,76,INFLOW,20161210,1100,33350, ,CFS
SHA,H,76,INFLOW,20161210,1200,19664, ,CFS
SHA,H,76,INFLOW,20161210,1300,21458, ,CFS
SHA,H,76,INFLOW,20161210,1400,21257, ,CFS
SHA,H,76,INFLOW,20161210,1500,15734, ,CFS
SHA,H,76,INFLOW,20161210,1600,19994, ,CFS
SHA,H,76,INFLOW,20161210,1700,21400, ,CFS
SHA,H,76,INFLOW,20161210,1800,20828, ,CFS
SHA,H,76,INFLOW,20161210,1900,18399, ,CFS
SHA,H,76,INFLOW,20161210,2000,17707, ,CFS
SHA,H,76,INFLOW,20161210,2100,19358, ,CFS
SHA,H,76,INFLOW,20161210,2200,18285, ,CFS
SHA,H,76,INFLOW,20161210,2300,21087, ,CFS
SHA,H,76,INFLOW,20161211,0000,20386, ,CFS
SHA,H,76,INFLOW,20161211,0100,18135, ,CFS
SHA,H,76,INFLOW,20161211,0200,15450, ,CFS
SHA,H,76,INFLOW,20161211,0300,21331, ,CFS
SHA,H,76,INFLOW,20161211,0400,18733, ,CFS
SHA,H,76,INFLOW,20161211,0500,16026, ,CFS
SHA,H,76,INFLOW,20161211,0600,19195, ,CFS
SHA,H,76,INFLOW,20161211,0700,13690, ,CFS
SHA,H,76,INFLOW,20161211,0800,16555, ,CFS
SHA,H,76,INFLOW,20161211,0900,16393, ,CFS
SHA,H,76,INFLOW,20161211,1000,13698, ,CFS
SHA,H,76,INFLOW,20161211,1100,13505, ,CFS
SHA,H,76,INFLOW,20161211,1200,13260, ,CFS
SHA,H,76,INFLOW,20161211,1300,11069, ,CFS
SHA,H,76,INFLOW,20161211,1400,10884, ,CFS
SHA,H,76,INFLOW,20161211,1500,11230, ,CFS
SHA,H,76,INFLOW,20161211,1600,11864, ,CFS
SHA,H,76,INFLOW,20161211,1700,9965, ,CFS
SHA,H,76,INFLOW,20161211,1800,18636, ,CFS
SHA,H,76,INFLOW,20161211,1900,15384, ,CFS
SHA,H,76,INFLOW,20161211,2000,11066, ,CFS
SHA,H,76,INFLOW,20161211,2100,18538, ,CFS
SHA,H,76,INFLOW,20161211,2200,14995, ,CFS
SHA,H,76,INFLOW,20161211,2300,15684, ,CFS
SHA,H,76,INFLOW,20161212,0000,15325, ,CFS
SHA,H,76,INFLOW,20161212,0100,13833, ,CFS
SHA,H,76,INFLOW,20161212,0200,8238, ,CFS
SHA,H,76,INFLOW,20161212,0300,8245, ,CFS
SHA,H,76,INFLOW,20161212,0400,8247, ,CFS
SHA,H,76,INFLOW,20161212,0500,2776, ,CFS
SHA,H,76,INFLOW,20161212,0600,11330, ,CFS
SHA,H,76,INFLOW,20161212,0700,7851, ,CFS
SHA,H,76,INFLOW,20161212,0800,5244, ,CFS
SHA,H,76,INFLOW,20161212,0900,10506, ,CFS
SHA,H,76,INFLOW,20161212,1000,5017, ,CFS
SHA,H,76,INFLOW,20161212,1100,9582, ,CFS
SHA,H,76,INFLOW,20161212,1200,6744, ,CFS
SHA,H,76,INFLOW,20161212,1300,6806, ,CFS
SHA,H,76,INFLOW,20161212,1400,6402, ,CFS
SHA,H,76,INFLOW,20161212,1500,6079, ,CFS
SHA,H,76,INFLOW,20161212,1600,9155, ,CFS
SHA,H,76,INFLOW,20161212,1700,6759, ,CFS
SHA,H,76,INFLOW,20161212,1800,10432, ,CFS
SHA,H,76,INFLOW,20161212,1900,10939, ,CFS
SHA,H,76,INFLOW,20161212,2000,8514, ,CFS
SHA,H,76,INFLOW,20161212,2100,10179, ,CFS
SHA,H,76,INFLOW,20161212,2200,5678, ,CFS
SHA,H,76,INFLOW,20161212,2300,10970, ,CFS
SHA,H,76,INFLOW,20161213,0000,8280, ,CFS
SHA,H,76,INFLOW,20161213,0100,11904, ,CFS
SHA,H,76,INFLOW,20161213,0200,6163, ,CFS
SHA,H,76,INFLOW,20161213,0300,8465, ,CFS
SHA,H,76,INFLOW,20161213,0400,8474, ,CFS
SHA,H,76,INFLOW,20161213,0500,8511, ,CFS
SHA,H,76,INFLOW,20161213,0600,8698, ,CFS
SHA,H,76,INFLOW,20161213,0700,7533, ,CFS
SHA,H,76,INFLOW,20161213,0800,7055, ,CFS
SHA,H,76,INFLOW,20161213,0900,10522, ,CFS
SHA,H,76,INFLOW,20161213,1000,13011, ,CFS
SHA,H,76,INFLOW,20161213,1100,7313, ,CFS
SHA,H,76,INFLOW,20161213,1200,12074, ,CFS
SHA,H,76,INFLOW,20161213,1300,9650, ,CFS
SHA,H,76,INFLOW,20161213,1400,10033, ,CFS
SHA,H,76,INFLOW,20161213,1500,7867, ,CFS
SHA,H,76,INFLOW,20161213,1600,17343, ,CFS
SHA,H,76,INFLOW,20161213,1700,7978, ,CFS
SHA,H,76,INFLOW,20161213,1800,18712, ,CFS
SHA,H,76,INFLOW,20161213,1900,2656, ,CFS
SHA,H,76,INFLOW,20161213,2000,24386, ,CFS
SHA,H,76,INFLOW,20161213,2100,5903, ,CFS
SHA,H,76,INFLOW,20161213,2200,10810, ,CFS
SHA,H,76,INFLOW,20161213,2300,16098, ,CFS
SHA,H,76,INFLOW,20161214,0000,10125, ,CFS
SHA,H,76,INFLOW,20161214,0100,14156, ,CFS
SHA,H,76,INFLOW,20161214,0200,13805, ,CFS
SHA,H,76,INFLOW,20161214,0300,8293, ,CFS
SHA,H,76,INFLOW,20161214,0400,13809, ,CFS
SHA,H,76,INFLOW,20161214,0500,17008, ,CFS
SHA,H,76,INFLOW,20161214,0600,12623, ,CFS
SHA,H,76,INFLOW,20161214,0700,17457, ,CFS
SHA,H,76,INFLOW,20161214,0800,17425, ,CFS
SHA,H,76,INFLOW,20161214,0900,8403, ,CFS
SHA,H,76,INFLOW,20161214,1000,18544, ,CFS
SHA,H,76,INFLOW,20161214,1100,15308, ,CFS
SHA,H,76,INFLOW,20161214,1200,12436, ,CFS
SHA,H,76,INFLOW,20161214,1300,17773, ,CFS
SHA,H,76,INFLOW,20161214,1400,15999, ,CFS
SHA,H,76,INFLOW,20161214,1500,13216, ,CFS
SHA,H,76,INFLOW,20161214,1600,18775, ,CFS
SHA,H,76,INFLOW,20161214,1700,19620, ,CFS
SHA,H,76,INFLOW,20161214,1800,23447, ,CFS
SHA,H,76,INFLOW,20161214,1900,18354, ,CFS
SHA,H,76,INFLOW,20161214,2000,26393, ,CFS
SHA,H,76,INFLOW,20161214,2100,20797, ,CFS
SHA,H,76,INFLOW,20161214,2200,22579, ,CFS
SHA,H,76,INFLOW,20161214,2300,25985, ,CFS
SHA,H,76,INFLOW,20161215,0000,33377, ,CFS
SHA,H,76,INFLOW,20161215,0100,41533, ,CFS
SHA,H,76,INFLOW,20161215,0200,30445, ,CFS
SHA,H,76,INFLOW,20161215,0300,47038, ,CFS
SHA,H,76,INFLOW,20161215,0400,52569, ,CFS
SHA,H,76,INFLOW,20161215,0500,52895, ,CFS
SHA,H,76,INFLOW,20161215,0600,59678, ,CFS
SHA,H,76,INFLOW,20161215,0700,66017, ,CFS
SHA,H,76,INFLOW,20161215,0800,63240, ,CFS
SHA,H,76,INFLOW,20161215,0900,64166, ,CFS
SHA,H,76,INFLOW,20161215,1000,70008, ,CFS
SHA,H,76,INFLOW,20161215,1100,58707, ,CFS
SHA,H,76,INFLOW,20161215,1200,69884, ,CFS
SHA,H,76,INFLOW,20161215,1300,64295, ,CFS
SHA,H,76,INFLOW,20161215,1400,56085, ,CFS
SHA,H,76,INFLOW,20161215,1500,61818, ,CFS
SHA,H,76,INFLOW,20161215,1600,67564, ,CFS
SHA,H,76,INFLOW,20161215,1700,58818, ,CFS
SHA,H,76,INFLOW,20161215,1800,75660, ,CFS
SHA,H,76,INFLOW,20161215,1900,56482, ,CFS
SHA,H,76,INFLOW,20161215,2000,62369, ,CFS
SHA,H,76,INFLOW,20161215,2100,61655, ,CFS
SHA,H,76,INFLOW,20161215,2200,56622, ,CFS
SHA,H,76,INFLOW,20161215,2300,59377, ,CFS
SHA,H,76,INFLOW,20161216,0000,51190, ,CFS
SHA,H,76,INFLOW,20161216,0100,49275, ,CFS
SHA,H,76,INFLOW,20161216,0200,52591, ,CFS
SHA,H,76,INFLOW,20161216,0300,52573, ,CFS
SHA,H,76,INFLOW,20161216,0400,43593, ,CFS
SHA,H,76,INFLOW,20161216,0500,52486, ,CFS
SHA,H,76,INFLOW,20161216,0600,44592, ,CFS
SHA,H,76,INFLOW,20161216,0700,45547, ,CFS
SHA,H,76,INFLOW,20161216,0800,45949, ,CFS
SHA,H,76,INFLOW,20161216,0900,38433, ,CFS
SHA,H,76,INFLOW,20161216,1000,34530, ,CFS
SHA,H,76,INFLOW,20161216,1100,31469, ,CFS
SHA,H,76,INFLOW,20161216,1200,36885, ,CFS
SHA,H,76,INFLOW,20161216,1300,28760, ,CFS
SHA,H,76,INFLOW,20161216,1400,25837, ,CFS
SHA,H,76,INFLOW,20161216,1500,29371, ,CFS
SHA,H,76,INFLOW,20161216,1600,27751, ,CFS
SHA,H,76,INFLOW,20161216,1700,25756, ,CFS
SHA,H,76,INFLOW,20161216,1800,30494, ,CFS
SHA,H,76,INFLOW,20161216,1900,23227, ,CFS
SHA,H,76,INFLOW,20161216,2000,24276, ,CFS
SHA,H,76,INFLOW,20161216,2100,26126, ,CFS
SHA,H,76,INFLOW,20161216,2200,22970, ,CFS
SHA,H,76,INFLOW,20161216,2300,27423, ,CFS
SHA,H,76,INFLOW,20161217,0000,26572, ,CFS
SHA,H,76,INFLOW,20161217,0100,24780, ,CFS
SHA,H,76,INFLOW,20161217,0200,25281, ,CFS
SHA,H,76,INFLOW,20161217,0300,24731, ,CFS
SHA,H,76,INFLOW,20161217,0400,21772, ,CFS
SHA,H,76,INFLOW,20161217,0500,27580, ,CFS
SHA,H,76,INFLOW,20161217,0600,31304, ,CFS
SHA,H,76,INFLOW,20161217,0700,27392, ,CFS
SHA,H,76,INFLOW,20161217,0800,28046, ,CFS
SHA,H,76,INFLOW,20161217,0900,23916, ,CFS
SHA,H,76,INFLOW,20161217,1000,21982, ,CFS
SHA,H,76,INFLOW,20161217,1100,25198, ,CFS
SHA,H,76,INFLOW,20161217,1200,25334, ,CFS
SHA,H,76,INFLOW,20161217,1300,25277, ,CFS
SHA,H,76,INFLOW,20161217,1400,25058, ,CFS
SHA,H,76,INFLOW,20161217,1500,22434, ,CFS
SHA,H,76,INFLOW,20161217,1600,22874, ,CFS
SHA,H,76,INFLOW,20161217,1700,24492, ,CFS
SHA,H,76,INFLOW,20161217,1800,21418, ,CFS
SHA,H,76,INFLOW,20161217,1900,26472, ,CFS
SHA,H,76,INFLOW,20161217,2000,23431, ,CFS
SHA,H,76,INFLOW,20161217,2100,18931, ,CFS
SHA,H,76,INFLOW,20161217,2200,26604, ,CFS
SHA,H,76,INFLOW,20161217,2300,23276, ,CFS
SHA,H,76,INFLOW,20161218,0000,19778, ,CFS
SHA,H,76,INFLOW,20161218,0100,27998, ,CFS
SHA,H,76,INFLOW,20161218,0200,16363, ,CFS
SHA,H,76,INFLOW,20161218,0300,24694, ,CFS
SHA,H,76,INFLOW,20161218,0400,21969, ,CFS
SHA,H,76,INFLOW,20161218,0500,22156, ,CFS
SHA,H,76,INFLOW,20161218,0600,19494, ,CFS
SHA,H,76,INFLOW,20161218,0700,23051, ,CFS
SHA,H,76,INFLOW,20161218,0800,22746, ,CFS
SHA,H,76,INFLOW,20161218,0900,19364, ,CFS
SHA,H,76,INFLOW,20161218,1000,25049, ,CFS
SHA,H,76,INFLOW,20161218,1100,7943, ,CFS
SHA,H,76,INFLOW,20161218,1200,11119, ,CFS
SHA,H,76,INFLOW,20161218,1300,22618, ,CFS
SHA,H,76,INFLOW,20161218,1400,13846, ,CFS
SHA,H,76,INFLOW,20161218,1500,16588, ,CFS
SHA,H,76,INFLOW,20161218,1600,13906, ,CFS
SHA,H,76,INFLOW,20161218,1700,17286, ,CFS
SHA,H,76,INFLOW,20161218,1800,16584, ,CFS
SHA,H,76,INFLOW,20161218,1900,20020, ,CFS
SHA,H,76,INFLOW,20161218,2000,18782, ,CFS
SHA,H,76,INFLOW,20161218,2100,12766, ,CFS
SHA,H,76,INFLOW,20161218,2200,20695, ,CFS
SHA,H,76,INFLOW,20161218,2300,14855, ,CFS
SHA,H,76,INFLOW,20161219,0000,17683, ,CFS
SHA,H,76,INFLOW,20161219,0100,13980, ,CFS
SHA,H,76,INFLOW,20161219,0200,14151, ,CFS
SHA,H,76,INFLOW,20161219,0300,19922, ,CFS
SHA,H,76,INFLOW,20161219,0400,14207, ,CFS
SHA,H,76,INFLOW,20161219,0500,17656, ,CFS
SHA,H,76,INFLOW,20161219,0600,18129, ,CFS
SHA,H,76,INFLOW,20161219,0700,15297, ,CFS
SHA,H,76,INFLOW,20161219,0800,18110, ,CFS
SHA,H,76,INFLOW,20161219,0900,13743, ,CFS
SHA,H,76,INFLOW,20161219,1000,13456, ,CFS
SHA,H,76,INFLOW,20161219,1100,10486, ,CFS
SHA,H,76,INFLOW,20161219,1200,15888, ,CFS
SHA,H,76,INFLOW,20161219,1300,5970, ,CFS
SHA,H,76,INFLOW,20161219,1400,17548, ,CFS
SHA,H,76,INFLOW,20161219,1500,11716, ,CFS
SHA,H,76,INFLOW,20161219,1600,11716, ,CFS
SHA,H,76,INFLOW,20161219,1700,12238, ,CFS
SHA,H,76,INFLOW,20161219,1800,15649, ,CFS
SHA,H,76,INFLOW,20161219,1900,10155, ,CFS
SHA,H,76,INFLOW,20161219,2000,15374, ,CFS
SHA,H,76,INFLOW,20161219,2100,8236, ,CFS
SHA,H,76,INFLOW,20161219,2200,15145, ,CFS
SHA,H,76,INFLOW,20161219,2300,15054, ,CFS
SHA,H,76,INFLOW,20161220,0000,5925, ,CFS
SHA,H,76,INFLOW,20161220,0100,20562, ,CFS
SHA,H,76,INFLOW,20161220,0200,2984, ,CFS
SHA,H,76,INFLOW,20161220,0300,11778, ,CFS
SHA,H,76,INFLOW,20161220,0400,11778, ,CFS
SHA,H,76,INFLOW,20161220,0500,5916, ,CFS
SHA,H,76,INFLOW,20161220,0600,14798, ,CFS
SHA,H,76,INFLOW,20161220,0700,7816, ,CFS
SHA,H,76,INFLOW,20161220,0800,8678, ,CFS
SHA,H,76,INFLOW,20161220,0900,12469, ,CFS
SHA,H,76,INFLOW,20161220,1000,12109, ,CFS
SHA,H,76,INFLOW,20161220,1100,12243, ,CFS
SHA,H,76,INFLOW,20161220,1200,14537, ,CFS
SHA,H,76,INFLOW,20161220,1300,8447, ,CFS
SHA,H,76,INFLOW,20161220,1400,14361, ,CFS
SHA,H,76,INFLOW,20161220,1500,8775, ,CFS
SHA,H,76,INFLOW,20161220,1600,11853, ,CFS
SHA,H,76,INFLOW,20161220,1700,15836, ,CFS
SHA,H,76,INFLOW,20161220,1800,17561, ,CFS
SHA,H,76,INFLOW,20161220,1900,5637, ,CFS
SHA,H,76,INFLOW,20161220,2000,18566, ,CFS
SHA,H,76,INFLOW,20161220,2100,10142, ,CFS
SHA,H,76,INFLOW,20161220,2200,8846, ,CFS
SHA,H,76,INFLOW,20161220,2300,14830, ,CFS
SHA,H,76,INFLOW,20161221,0000,11416, ,CFS
SHA,H,76,INFLOW,20161221,0100,17802, ,CFS
SHA,H,76,INFLOW,20161221,0200,8829, ,CFS
SHA,H,76,INFLOW,20161221,0300,14150, ,CFS
SHA,H,76,INFLOW,20161221,0400,11276, ,CFS
SHA,H,76,INFLOW,20161221,0500,14485, ,CFS
SHA,H,76,INFLOW,20161221,0600,12400, ,CFS
SHA,H,76,INFLOW,20161221,0700,14587, ,CFS
SHA,H,76,INFLOW,20161221,0800,8141, ,CFS
SHA,H,76,INFLOW,20161221,0900,18980, ,CFS
SHA,H,76,INFLOW,20161221,1000,4479, ,CFS
SHA,H,76,INFLOW,20161221,1100,9272, ,CFS
SHA,H,76,INFLOW,20161221,1200,13725, ,CFS
SHA,H,76,INFLOW,20161221,1300,12976, ,CFS
SHA,H,76,INFLOW,20161221,1400,1305, ,CFS
SHA,H,76,INFLOW,20161221,1500,7854, ,CFS
SHA,H,76,INFLOW,20161221,1600,17709, ,CFS
SHA,H,76,INFLOW,20161221,1700,7472, ,CFS
SHA,H,76,INFLOW,20161221,1800,11070, ,CFS
SHA,H,76,INFLOW,20161221,1900,14733, ,CFS
SHA,H,76,INFLOW,20161221,2000,8679, ,CFS
SHA,H,76,INFLOW,20161221,2100,11331, ,CFS
SHA,H,76,INFLOW,20161221,2200,7453, ,CFS
SHA,H,76,INFLOW,20161221,2300,7086, ,CFS
SHA,H,76,INFLOW,20161222,0000,15634, ,CFS
SHA,H,76,INFLOW,20161222,0100,12349, ,CFS
SHA,H,76,INFLOW,20161222,0200,9309, ,CFS
SHA,H,76,INFLOW,20161222,0300,12219, ,CFS
SHA,H,76,INFLOW,20161222,0400,12038, ,CFS
SHA,H,76,INFLOW,20161222,0500,8732, ,CFS
SHA,H,76,INFLOW,20161222,0600,10758, ,CFS
SHA,H,76,INFLOW,20161222,0700,7207, ,CFS
SHA,H,76,INFLOW,20161222,0800,11020, ,CFS
SHA,H,76,INFLOW,20161222,0900,4301, ,CFS
SHA,H,76,INFLOW,20161222,1000,5899, ,CFS
SHA,H,76,INFLOW,20161222,1100,3080, ,CFS
SHA,H,76,INFLOW,20161222,1200,541, ,CFS
SHA,H,76,INFLOW,20161222,1300,2971, ,CFS
SHA,H,76,INFLOW,20161222,1400,1910, ,CFS
SHA,H,76,INFLOW,20161222,1500,13115, ,CFS
SHA,H,76,INFLOW,20161222,1600,4690, ,CFS
SHA,H,76,INFLOW,20161222,1700,10284, ,CFS
SHA,H,76,INFLOW,20161222,1800,13479, ,CFS
SHA,H,76,INFLOW,20161222,1900,11698, ,CFS
SHA,H,76,INFLOW,20161222,2000,8742, ,CFS
SHA,H,76,INFLOW,20161222,2100,14650, ,CFS
SHA,H,76,INFLOW,20161222,2200,11814, ,CFS
SHA,H,76,INFLOW,20161222,2300,9734, ,CFS
SHA,H,76,INFLOW,20161223,0000,15228, ,CFS
SHA,H,76,INFLOW,20161223,0100,963, ,CFS
SHA,H,76,INFLOW,20161223,0200,15036, ,CFS
SHA,H,76,INFLOW,20161223,0300,18037, ,CFS
SHA,H,76,INFLOW,20161223,0400,15259, ,CFS
SHA,H,76,INFLOW,20161223,0500,15662, ,CFS
SHA,H,76,INFLOW,20161223,0600,7732, ,CFS
SHA,H,76,INFLOW,20161223,0700,17209, ,CFS
SHA,H,76,INFLOW,20161223,0800,18259, ,CFS
SHA,H,76,INFLOW,20161223,0900,16841, ,CFS
SHA,H,76,INFLOW,20161223,1000,15595, ,CFS
SHA,H,76,INFLOW,20161223,1100,24209, ,CFS
SHA,H,76,INFLOW,20161223,1200,15779, ,CFS
SHA,H,76,INFLOW,20161223,1300,22024, ,CFS
SHA,H,76,INFLOW,20161223,1400,21191, ,CFS
SHA,H,76,INFLOW,20161223,1500,16530, ,CFS
SHA,H,76,INFLOW,20161223,1600,16284, ,CFS
SHA,H,76,INFLOW,20161223,1700,10358, ,CFS
SHA,H,76,INFLOW,20161223,1800,15951, ,CFS
SHA,H,76,INFLOW,20161223,1900,18143, ,CFS
SHA,H,76,INFLOW,20161223,2000,14848, ,CFS
SHA,H,76,INFLOW,20161223,2100,6170, ,CFS
SHA,H,76,INFLOW,20161223,2200,16785, ,CFS
SHA,H,76,INFLOW,20161223,2300,14042, ,CFS
SHA,H,76,INFLOW,20161224,0000,15463, ,CFS
SHA,H,76,INFLOW,20161224,0100,13189, ,CFS
SHA,H,76,INFLOW,20161224,0200,15660, ,CFS
SHA,H,76,INFLOW,20161224,0300,12549, ,CFS
SHA,H,76,INFLOW,20161224,0400,15790, ,CFS
SHA,H,76,INFLOW,20161224,0500,16054, ,CFS
SHA,H,76,INFLOW,20161224,0600,8025, ,CFS
SHA,H,76,INFLOW,20161224,0700,14460, ,CFS
SHA,H,76,INFLOW,20161224,0800,11957, ,CFS
SHA,H,76,INFLOW,20161224,0900,12001, ,CFS
SHA,H,76,INFLOW,20161224,1000,12115, ,CFS
SHA,H,76,INFLOW,20161224,1100,12517, ,CFS
SHA,H,76,INFLOW,20161224,1200,12010, ,CFS
SHA,H,76,INFLOW,20161224,1300,11095, ,CFS
SHA,H,76,INFLOW,20161224,1400,8010, ,CFS
SHA,H,76,INFLOW,20161224,1500,14001, ,CFS
SHA,H,76,INFLOW,20161224,1600,8675, ,CFS
SHA,H,76,INFLOW,20161224,1700,11599, ,CFS
SHA,H,76,INFLOW,20161224,1800,14649, ,CFS
SHA,H,76,INFLOW,20161224,1900,11811, ,CFS
SHA,H,76,INFLOW,20161224,2000,11852, ,CFS
SHA,H,76,INFLOW,20161224,2100,14480, ,CFS
SHA,H,76,INFLOW,20161224,2200,13765, ,CFS
SHA,H,76,INFLOW,20161224,2300,13897, ,CFS
SHA,H,76,INFLOW,20161225,0000,8672, ,CFS
SHA,H,76,INFLOW,20161225,0100,11803, ,CFS
SHA,H,76,INFLOW,20161225,0200,2543, ,CFS
SHA,H,76,INFLOW,20161225,0300,11452, ,CFS
SHA,H,76,INFLOW,20161225,0400,11352, ,CFS
SHA,H,76,INFLOW,20161225,0500,11717, ,CFS
SHA,H,76,INFLOW,20161225,0600,7273, ,CFS
SHA,H,76,INFLOW,20161225,0700,11332, ,CFS
SHA,H,76,INFLOW,20161225,0800,12118, ,CFS
SHA,H,76,INFLOW,20161225,0900,9304, ,CFS
SHA,H,76,INFLOW,20161225,1000,7955, ,CFS
SHA,H,76,INFLOW,20161225,1100,11246, ,CFS
SHA,H,76,INFLOW,20161225,1200,1881, ,CFS
SHA,H,76,INFLOW,20161225,1300,7024, ,CFS
SHA,H,76,INFLOW,20161225,1400,9797, ,CFS
SHA,H,76,INFLOW,20161225,1500,4785, ,CFS
SHA,H,76,INFLOW,20161225,1600,6072, ,CFS
SHA,H,76,INFLOW,20161225,1700,8459, ,CFS
SHA,H,76,INFLOW,20161225,1800,8939, ,CFS
SHA,H,76,INFLOW,20161225,1900,12125, ,CFS
SHA,H,76,INFLOW,20161225,2000,12229, ,CFS
SHA,H,76,INFLOW,20161225,2100,9125, ,CFS
SHA,H,76,INFLOW,20161225,2200,11349, ,CFS
SHA,H,76,INFLOW,20161225,2300,8810, ,CFS
SHA,H,76,INFLOW,20161226,0000,9558, ,CFS
SHA,H,76,INFLOW,20161226,0100,11358, ,CFS
SHA,H,76,INFLOW,20161226,0200,8435, ,CFS
SHA,H,76,INFLOW,20161226,0300,8524, ,CFS
SHA,H,76,INFLOW,20161226,0400,11497, ,CFS
SHA,H,76,INFLOW,20161226,0500,11942, ,CFS
SHA,H,76,INFLOW,20161226,0600,11134, ,CFS
SHA,H,76,INFLOW,20161226,0700,8937, ,CFS
SHA,H,76,INFLOW,20161226,0800,12093, ,CFS
SHA,H,76,INFLOW,20161226,0900,10088, ,CFS
SHA,H,76,INFLOW,20161226,1000,904, ,CFS
SHA,H,76,INFLOW,20161226,1100,8966, ,CFS
SHA,H,76,INFLOW,20161226,1200,2736, ,CFS
SHA,H,76,INFLOW,20161226,1300,1957, ,CFS
SHA,H,76,INFLOW,20161226,1400,13737, ,CFS
SHA,H,76,INFLOW,20161226,1500,-751, ,CFS
SHA,H,76,INFLOW,20161226,1600,6285, ,CFS
SHA,H,76,INFLOW,20161226,1700,13884, ,CFS
SHA,H,76,INFLOW,20161226,1800,6357, ,CFS
SHA,H,76,INFLOW,20161226,1900,12306, ,CFS
SHA,H,76,INFLOW,20161226,2000,12304, ,CFS
SHA,H,76,INFLOW,20161226,2100,9282, ,CFS
SHA,H,76,INFLOW,20161226,2200,9043, ,CFS
SHA,H,76,INFLOW,20161226,2300,12007, ,CFS
SHA,H,76,INFLOW,20161227,0000,13061, ,CFS
SHA,H,76,INFLOW,20161227,0100,6554, ,CFS
SHA,H,76,INFLOW,20161227,0200,6176, ,CFS
SHA,H,76,INFLOW,20161227,0300,9104, ,CFS
SHA,H,76,INFLOW,20161227,0400,8992, ,CFS
SHA,H,76,INFLOW,20161227,0500,737, ,CFS
SHA,H,76,INFLOW,20161227,0600,10055, ,CFS
SHA,H,76,INFLOW,20161227,0700,13227, ,CFS
SHA,H,76,INFLOW,20161227,0800,8718, ,CFS
SHA,H,76,INFLOW,20161227,0900,10020, ,CFS
SHA,H,76,INFLOW,20161227,1000,6296, ,CFS
SHA,H,76,INFLOW,20161227,1100,8486, ,CFS
SHA,H,76,INFLOW,20161227,1200,2305, ,CFS
SHA,H,76,INFLOW,20161227,1300,1478, ,CFS
SHA,H,76,INFLOW,20161227,1400,4491, ,CFS
SHA,H,76,INFLOW,20161227,1500,4589, ,CFS
SHA,H,76,INFLOW,20161227,1600,112, ,CFS
SHA,H,76,INFLOW,20161227,1700,7110, ,CFS
SHA,H,76,INFLOW,20161227,1800,14221, ,CFS
SHA,H,76,INFLOW,20161227,1900,8302, ,CFS
SHA,H,76,INFLOW,20161227,2000,9252, ,CFS
SHA,H,76,INFLOW,20161227,2100,11064, ,CFS
SHA,H,76,INFLOW,20161227,2200,7947, ,CFS
SHA,H,76,INFLOW,20161227,2300,10118, ,CFS
SHA,H,76,INFLOW,20161228,0000,7811, ,CFS
SHA,H,76,INFLOW,20161228,0100,11387, ,CFS
SHA,H,76,INFLOW,20161228,0200,8420, ,CFS
SHA,H,76,INFLOW,20161228,0300,8351, ,CFS
SHA,H,76,INFLOW,20161228,0400,11162, ,CFS
SHA,H,76,INFLOW,20161228,0500,8725, ,CFS
SHA,H,76,INFLOW,20161228,0600,7239, ,CFS
SHA,H,76,INFLOW,20161228,0700,10313, ,CFS
SHA,H,76,INFLOW,20161228,0800,7113, ,CFS
SHA,H,76,INFLOW,20161228,0900,13017, ,CFS
SHA,H,76,INFLOW,20161228,1000,9031, ,CFS
SHA,H,76,INFLOW,20161228,1100,5338, ,CFS
SHA,H,76,INFLOW,20161228,1200,6874, ,CFS
SHA,H,76,INFLOW,20161228,1300,3401, ,CFS
SHA,H,76,INFLOW,20161228,1400,2832, ,CFS
SHA,H,76,INFLOW,20161228,1500,5922, ,CFS
SHA,H,76,INFLOW,20161228,1600,2228, ,CFS
SHA,H,76,INFLOW,20161228,1700,6231, ,CFS
SHA,H,76,INFLOW,20161228,1800,10397, ,CFS
SHA,H,76,INFLOW,20161228,1900,10675, ,CFS
SHA,H,76,INFLOW,20161228,2000,7273, ,CFS
SHA,H,76,INFLOW,20161228,2100,10148, ,CFS
SHA,H,76,INFLOW,20161228,2200,8492, ,CFS
SHA,H,76,INFLOW,20161228,2300,9519, ,CFS
SHA,H,76,INFLOW,20161229,0000,10466, ,CFS
SHA,H,76,INFLOW,20161229,0100,2743, ,CFS
SHA,H,76,INFLOW,20161229,0200,8386, ,CFS
SHA,H,76,INFLOW,20161229,0300,5378, ,CFS
SHA,H,76,INFLOW,20161229,0400,5587, ,CFS
SHA,H,76,INFLOW,20161229,0500,6050, ,CFS
SHA,H,76,INFLOW,20161229,0600,7116, ,CFS
SHA,H,76,INFLOW,20161229,0700,12566, ,CFS
SHA,H,76,INFLOW,20161229,0800,4846, ,CFS
SHA,H,76,INFLOW,20161229,0900,13333, ,CFS
SHA,H,76,INFLOW,20161229,1000,4058, ,CFS
SHA,H,76,INFLOW,20161229,1100,4702, ,CFS
SHA,H,76,INFLOW,20161229,1200,3124, ,CFS
SHA,H,76,INFLOW,20161229,1300,2638, ,CFS
SHA,H,76,INFLOW,20161229,1400,5606, ,CFS
SHA,H,76,INFLOW,20161229,1500,2848, ,CFS
SHA,H,76,INFLOW,20161229,1600,3124, ,CFS
SHA,H,76,INFLOW,20161229,1700,11558, ,CFS
SHA,H,76,INFLOW,20161229,1800,8911, ,CFS
SHA,H,76,INFLOW,20161229,1900,9064, ,CFS
SHA,H,76,INFLOW,20161229,2000,9094, ,CFS
SHA,H,76,INFLOW,20161229,2100,8888, ,CFS
SHA,H,76,INFLOW,20161229,2200,11731, ,CFS
SHA,H,76,INFLOW,20161229,2300,4954, ,CFS
SHA,H,76,INFLOW,20161230,0000,9319, ,CFS
SHA,H,76,INFLOW,20161230,0100,5458, ,CFS
SHA,H,76,INFLOW,20161230,0200,11091, ,CFS
SHA,H,76,INFLOW,20161230,0300,8270, ,CFS
SHA,H,76,INFLOW,20161230,0400,11295, ,CFS
SHA,H,76,INFLOW,20161230,0500,5884, ,CFS
SHA,H,76,INFLOW,20161230,0600,10153, ,CFS
SHA,H,76,INFLOW,20161230,0700,11372, ,CFS
SHA,H,76,INFLOW,20161230,0800,6587, ,CFS
SHA,H,76,INFLOW,20161230,0900,11597, ,CFS
SHA,H,76,INFLOW,20161230,1000,318, ,CFS
SHA,H,76,INFLOW,20161230,1100,6074, ,CFS
SHA,H,76,INFLOW,20161230,1200,8161, ,CFS
SHA,H,76,INFLOW,20161230,1300,-782, ,CFS
SHA,H,76,INFLOW,20161230,1400,7822, ,CFS
SHA,H,76,INFLOW,20161230,1500,6468, ,CFS
SHA,H,76,INFLOW,20161230,1600,-377, ,CFS
SHA,H,76,INFLOW,20161230,1700,7704, ,CFS
SHA,H,76,INFLOW,20161230,1800,5583, ,CFS
SHA,H,76,INFLOW,20161230,1900,5551, ,CFS
SHA,H,76,INFLOW,20161230,2000,13820, ,CFS
SHA,H,76,INFLOW,20161230,2100,10211, ,CFS
SHA,H,76,INFLOW,20161230,2200,12796, ,CFS
SHA,H,76,INFLOW,20161230,2300,4887, ,CFS
SHA,H,76,INFLOW,20161231,0000,9382, ,CFS
SHA,H,76,INFLOW,20161231,0100,8399, ,CFS
SHA,H,76,INFLOW,20161231,0200,11543, ,CFS
SHA,H,76,INFLOW,20161231,0300,2760, ,CFS
SHA,H,76,INFLOW,20161231,0400,2392, ,CFS
SHA,H,76,INFLOW,20161231,0500,5508, ,CFS
SHA,H,76,INFLOW,20161231,0600,339, ,CFS
SHA,H,76,INFLOW,20161231,0700,9225, ,CFS
SHA,H,76,INFLOW,20161231,0800,8366, ,CFS
SHA,H,76,INFLOW,20161231,0900,5135, ,CFS
SHA,H,76,INFLOW,20161231,1000,3559, ,CFS
SHA,H,76,INFLOW,20161231,1100,-1121, ,CFS
SHA,H,76,INFLOW,20161231,1200,12614, ,CFS
SHA,H,76,INFLOW,20161231,1300,6419, ,CFS
SHA,H,76,INFLOW,20161231,1400,1091, ,CFS
SHA,H,76,INFLOW,20161231,1500,12579, ,CFS
SHA,H,76,INFLOW,20161231,1600,-224, ,CFS
SHA,H,76,INFLOW,20161231,1700,3248, ,CFS
SHA,H,76,INFLOW,20161231,1800,15139, ,CFS
SHA,H,76,INFLOW,20161231,1900,6243, ,CFS
SHA,H,76,INFLOW,20161231,2000,11170, ,CFS
SHA,H,76,INFLOW,20161231,2100,6382, ,CFS
SHA,H,76,INFLOW,20161231,2200,10510, ,CFS
SHA,H,76,INFLOW,20161231,2300,7998, ,CFS
SHA,H,76,INFLOW,20170101,0000,10037, ,CFS
SHA,H,76,INFLOW,20170101,0100,-1104, ,CFS
SHA,H,76,INFLOW,20170101,0200,7422, ,CFS
SHA,H,76,INFLOW,20170101,0300,4336, ,CFS
SHA,H,76,INFLOW,20170101,0400,1400, ,CFS
SHA,H,76,INFLOW,20170101,0500,4514, ,CFS
SHA,H,76,INFLOW,20170101,0600,-942, ,CFS
SHA,H,76,INFLOW,20170101,0700,5191, ,CFS
SHA,H,76,INFLOW,20170101,0800,15396, ,CFS
SHA,H,76,INFLOW,20170101,0900,3544, ,CFS
SHA,H,76,INFLOW,20170101,1000,2467, ,CFS
SHA,H,76,INFLOW,20170101,1100,5305, ,CFS
SHA,H,76,INFLOW,20170101,1200,14065, ,CFS
SHA,H,76,INFLOW,20170101,1300,-3552, ,CFS
SHA,H,76,INFLOW,20170101,1400,5354, ,CFS
SHA,H,76,INFLOW,20170101,1500,5344, ,CFS
SHA,H,76,INFLOW,20170101,1600,-3311, ,CFS
SHA,H,76,INFLOW,20170101,1700,5673, ,CFS
SHA,H,76,INFLOW,20170101,1800,13916, ,CFS
SHA,H,76,INFLOW,20170101,1900,2609, ,CFS
SHA,H,76,INFLOW,20170101,2000,8060, ,CFS
SHA,H,76,INFLOW,20170101,2100,7189, ,CFS
SHA,H,76,INFLOW,20170101,2200,6789, ,CFS
SHA,H,76,INFLOW,20170101,2300,7618, ,CFS
SHA,H,76,INFLOW,20170102,0000,4617, ,CFS
SHA,H,76,INFLOW,20170102,0100,10325, ,CFS
SHA,H,76,INFLOW,20170102,0200,7750, ,CFS
SHA,H,76,INFLOW,20170102,0300,4714, ,CFS
SHA,H,76,INFLOW,20170102,0400,4737, ,CFS
SHA,H,76,INFLOW,20170102,0500,8132, ,CFS
SHA,H,76,INFLOW,20170102,0600,6860, ,CFS
SHA,H,76,INFLOW,20170102,0700,10491, ,CFS
SHA,H,76,INFLOW,20170102,0800,723, ,CFS
SHA,H,76,INFLOW,20170102,0900,6014, ,CFS
SHA,H,76,INFLOW,20170102,1000,5856, ,CFS
SHA,H,76,INFLOW,20170102,1100,3089, ,CFS
SHA,H,76,INFLOW,20170102,1200,5909, ,CFS
SHA,H,76,INFLOW,20170102,1300,5974, ,CFS
SHA,H,76,INFLOW,20170102,1400,2905, ,CFS
SHA,H,76,INFLOW,20170102,1500,5709, ,CFS
SHA,H,76,INFLOW,20170102,1600,5520, ,CFS
SHA,H,76,INFLOW,20170102,1700,2593, ,CFS
SHA,H,76,INFLOW,20170102,1800,12908, ,CFS
SHA,H,76,INFLOW,20170102,1900,4170, ,CFS
SHA,H,76,INFLOW,20170102,2000,15948, ,CFS
SHA,H,76,INFLOW,20170102,2100,5555, ,CFS
SHA,H,76,INFLOW,20170102,2200,7955, ,CFS
SHA,H,76,INFLOW,20170102,2300,6566, ,CFS
SHA,H,76,INFLOW,20170103,0000,8492, ,CFS
SHA,H,76,INFLOW,20170103,0100,7554, ,CFS
SHA,H,76,INFLOW,20170103,0200,4605, ,CFS
SHA,H,76,INFLOW,20170103,0300,4526, ,CFS
SHA,H,76,INFLOW,20170103,0400,7489, ,CFS
SHA,H,76,INFLOW,20170103,0500,1920, ,CFS
SHA,H,76,INFLOW,20170103,0600,6081, ,CFS
SHA,H,76,INFLOW,20170103,0700,3065, ,CFS
SHA,H,76,INFLOW,20170103,0800,8963, ,CFS
SHA,H,76,INFLOW,20170103,0900,11335, ,CFS
SHA,H,76,INFLOW,20170103,1000,8852, ,CFS
SHA,H,76,INFLOW,20170103,1100,5801, ,CFS
SHA,H,76,INFLOW,20170103,1200,11677, ,CFS
SHA,H,76,INFLOW,20170103,1300,8544, ,CFS
SHA,H,76,INFLOW,20170103,1400,4364, ,CFS
SHA,H,76,INFLOW,20170103,1500,10067, ,CFS
SHA,H,76,INFLOW,20170103,1600,13105, ,CFS
SHA,H,76,INFLOW,20170103,1700,5885, ,CFS
SHA,H,76,INFLOW,20170103,1800,17285, ,CFS
SHA,H,76,INFLOW,20170103,1900,11810, ,CFS
SHA,H,76,INFLOW,20170103,2000,14428, ,CFS
SHA,H,76,INFLOW,20170103,2100,17754, ,CFS
SHA,H,76,INFLOW,20170103,2200,8690, ,CFS
SHA,H,76,INFLOW,20170103,2300,14935, ,CFS
SHA,H,76,INFLOW,20170104,0000,17969, ,CFS
SHA,H,76,INFLOW,20170104,0100,4766, ,CFS
SHA,H,76,INFLOW,20170104,0200,20748, ,CFS
SHA,H,76,INFLOW,20170104,0300,2970, ,CFS
SHA,H,76,INFLOW,20170104,0400,2970, ,CFS
SHA,H,76,INFLOW,20170104,0500,11919, ,CFS
SHA,H,76,INFLOW,20170104,0600,7729, ,CFS
SHA,H,76,INFLOW,20170104,0700,11436, ,CFS
SHA,H,76,INFLOW,20170104,0800,13781, ,CFS
SHA,H,76,INFLOW,20170104,0900,6498, ,CFS
SHA,H,76,INFLOW,20170104,1000,14069, ,CFS
SHA,H,76,INFLOW,20170104,1100,5421, ,CFS
SHA,H,76,INFLOW,20170104,1200,11229, ,CFS
SHA,H,76,INFLOW,20170104,1300,4959, ,CFS
SHA,H,76,INFLOW,20170104,1400,5478, ,CFS
SHA,H,76,INFLOW,20170104,1500,5835, ,CFS
SHA,H,76,INFLOW,20170104,1600,11790, ,CFS
SHA,H,76,INFLOW,20170104,1700,9090, ,CFS
SHA,H,76,INFLOW,20170104,1800,14262, ,CFS
SHA,H,76,INFLOW,20170104,1900,13892, ,CFS
SHA,H,76,INFLOW,20170104,2000,11307, ,CFS
SHA,H,76,INFLOW,20170104,2100,9062, ,CFS
SHA,H,76,INFLOW,20170104,2200,12838, ,CFS
SHA,H,76,INFLOW,20170104,2300,10463, ,CFS
SHA,H,76,INFLOW,20170105,0000,12568, ,CFS
SHA,H,76,INFLOW,20170105,0100,3197, ,CFS
SHA,H,76,INFLOW,20170105,0200,11867, ,CFS
SHA,H,76,INFLOW,20170105,0300,14827, ,CFS
SHA,H,76,INFLOW,20170105,0400,5946, ,CFS
SHA,H,76,INFLOW,20170105,0500,14932, ,CFS
SHA,H,76,INFLOW,20170105,0600,11334, ,CFS
SHA,H,76,INFLOW,20170105,0700,11831, ,CFS
SHA,H,76,INFLOW,20170105,0800,19089, ,CFS
SHA,H,76,INFLOW,20170105,0900,8293, ,CFS
SHA,H,76,INFLOW,20170105,1000,13518, ,CFS
SHA,H,76,INFLOW,20170105,1100,12762, ,CFS
SHA,H,76,INFLOW,20170105,1200,9438, ,CFS
SHA,H,76,INFLOW,20170105,1300,9003, ,CFS
SHA,H,76,INFLOW,20170105,1400,11732, ,CFS
SHA,H,76,INFLOW,20170105,1500,9302, ,CFS
SHA,H,76,INFLOW,20170105,1600,457, ,CFS
SHA,H,76,INFLOW,20170105,1700,11599, ,CFS
SHA,H,76,INFLOW,20170105,1800,19624, ,CFS
SHA,H,76,INFLOW,20170105,1900,3631, ,CFS
SHA,H,76,INFLOW,20170105,2000,20751, ,CFS
SHA,H,76,INFLOW,20170105,2100,5364, ,CFS
SHA,H,76,INFLOW,20170105,2200,9381, ,CFS
SHA,H,76,INFLOW,20170105,2300,12015, ,CFS
SHA,H,76,INFLOW,20170106,0000,11998, ,CFS
SHA,H,76,INFLOW,20170106,0100,7360, ,CFS
SHA,H,76,INFLOW,20170106,0200,10378, ,CFS
SHA,H,76,INFLOW,20170106,0300,13001, ,CFS
SHA,H,76,INFLOW,20170106,0400,12597, ,CFS
SHA,H,76,INFLOW,20170106,0500,15990, ,CFS
SHA,H,76,INFLOW,20170106,0600,7575, ,CFS
SHA,H,76,INFLOW,20170106,0700,7000, ,CFS
SHA,H,76,INFLOW,20170106,0800,16947, ,CFS
SHA,H,76,INFLOW,20170106,0900,6427, ,CFS
SHA,H,76,INFLOW,20170106,1000,11582, ,CFS
SHA,H,76,INFLOW,20170106,1100,3223, ,CFS
SHA,H,76,INFLOW,20170106,1200,6541, ,CFS
SHA,H,76,INFLOW,20170106,1300,15238, ,CFS
SHA,H,76,INFLOW,20170106,1400,6412, ,CFS
SHA,H,76,INFLOW,20170106,1500,6669, ,CFS
SHA,H,76,INFLOW,20170106,1600,16384, ,CFS
SHA,H,76,INFLOW,20170106,1700,8037, ,CFS
SHA,H,76,INFLOW,20170106,1800,14429, ,CFS
SHA,H,76,INFLOW,20170106,1900,8874, ,CFS
SHA,H,76,INFLOW,20170106,2000,14216, ,CFS
SHA,H,76,INFLOW,20170106,2100,5830, ,CFS
SHA,H,76,INFLOW,20170106,2200,11344, ,CFS
SHA,H,76,INFLOW,20170106,2300,11759, ,CFS
SHA,H,76,INFLOW,20170107,0000,8285, ,CFS
SHA,H,76,INFLOW,20170107,0100,9595, ,CFS
SHA,H,76,INFLOW,20170107,0200,9643, ,CFS
SHA,H,76,INFLOW,20170107,0300,9762, ,CFS
SHA,H,76,INFLOW,20170107,0400,15531, ,CFS
SHA,H,76,INFLOW,20170107,0500,6965, ,CFS
SHA,H,76,INFLOW,20170107,0600,13786, ,CFS
SHA,H,76,INFLOW,20170107,0700,19466, ,CFS
SHA,H,76,INFLOW,20170107,0800,9165, ,CFS
SHA,H,76,INFLOW,20170107,0900,23526, ,CFS
SHA,H,76,INFLOW,20170107,1000,10639, ,CFS
SHA,H,76,INFLOW,20170107,1100,3998, ,CFS
SHA,H,76,INFLOW,20170107,1200,12801, ,CFS
SHA,H,76,INFLOW,20170107,1300,15417, ,CFS
SHA,H,76,INFLOW,20170107,1400,9016, ,CFS
SHA,H,76,INFLOW,20170107,1500,15074, ,CFS
SHA,H,76,INFLOW,20170107,1600,7828, ,CFS
SHA,H,76,INFLOW,20170107,1700,12128, ,CFS
SHA,H,76,INFLOW,20170107,1800,11859, ,CFS
SHA,H,76,INFLOW,20170107,1900,12196, ,CFS
SHA,H,76,INFLOW,20170107,2000,8700, ,CFS
SHA,H,76,INFLOW,20170107,2100,16272, ,CFS
SHA,H,76,INFLOW,20170107,2200,13691, ,CFS
SHA,H,76,INFLOW,20170107,2300,6631, ,CFS
SHA,H,76,INFLOW,20170108,0000,11982, ,CFS
SHA,H,76,INFLOW,20170108,0100,9660, ,CFS
SHA,H,76,INFLOW,20170108,0200,4007, ,CFS
SHA,H,76,INFLOW,20170108,0300,12346, ,CFS
SHA,H,76,INFLOW,20170108,0400,15158, ,CFS
SHA,H,76,INFLOW,20170108,0500,21259, ,CFS
SHA,H,76,INFLOW,20170108,0600,15364, ,CFS
SHA,H,76,INFLOW,20170108,0700,30728, ,CFS
SHA,H,76,INFLOW,20170108,0800,20206, ,CFS
SHA,H,76,INFLOW,20170108,0900,20024, ,CFS
SHA,H,76,INFLOW,20170108,1000,38353, ,CFS
SHA,H,76,INFLOW,20170108,1100,16076, ,CFS
SHA,H,76,INFLOW,20170108,1200,31584, ,CFS
SHA,H,76,INFLOW,20170108,1300,54730, ,CFS
SHA,H,76,INFLOW,20170108,1400,37925, ,CFS
SHA,H,76,INFLOW,20170108,1500,50952, ,CFS
SHA,H,76,INFLOW,20170108,1600,63581, ,CFS
SHA,H,76,INFLOW,20170108,1700,66598, ,CFS
SHA,H,76,INFLOW,20170108,1800,78982, ,CFS
SHA,H,76,INFLOW,20170108,1900,81476, ,CFS
SHA,H,76,INFLOW,20170108,2000,81240, ,CFS
SHA,H,76,INFLOW,20170108,2100,86160, ,CFS
SHA,H,76,INFLOW,20170108,2200,70091, ,CFS
SHA,H,76,INFLOW,20170108,2300,78624, ,CFS
SHA,H,76,INFLOW,20170109,0000,67362, ,CFS
SHA,H,76,INFLOW,20170109,0100,67011, ,CFS
SHA,H,76,INFLOW,20170109,0200,100116, ,CFS
SHA,H,76,INFLOW,20170109,0300,96982, ,CFS
SHA,H,76,INFLOW,20170109,0400,73046, ,CFS
SHA,H,76,INFLOW,20170109,0500,64510, ,CFS
SHA,H,76,INFLOW,20170109,0600,65298, ,CFS
SHA,H,76,INFLOW,20170109,0700,66479, ,CFS
SHA,H,76,INFLOW,20170109,0800,44415, ,CFS
SHA,H,76,INFLOW,20170109,0900,53323, ,CFS
SHA,H,76,INFLOW,20170109,1000,49144, ,CFS
SHA,H,76,INFLOW,20170109,1100,51638, ,CFS
SHA,H,76,INFLOW,20170109,1200,54995, ,CFS
SHA,H,76,INFLOW,20170109,1300,44867, ,CFS
SHA,H,76,INFLOW,20170109,1400,44673, ,CFS
SHA,H,76,INFLOW,20170109,1500,45117, ,CFS
SHA,H,76,INFLOW,20170109,1600,37946, ,CFS
SHA,H,76,INFLOW,20170109,1700,46809, ,CFS
SHA,H,76,INFLOW,20170109,1800,42855, ,CFS
SHA,H,76,INFLOW,20170109,1900,42877, ,CFS
SHA,H,76,INFLOW,20170109,2000,45339, ,CFS
SHA,H,76,INFLOW,20170109,2100,41657, ,CFS
SHA,H,76,INFLOW,20170109,2200,47640, ,CFS
SHA,H,76,INFLOW,20170109,2300,42634, ,CFS
SHA,H,76,INFLOW,20170110,0000,31649, ,CFS
SHA,H,76,INFLOW,20170110,0100,43561, ,CFS
SHA,H,76,INFLOW,20170110,0200,46370, ,CFS
SHA,H,76,INFLOW,20170110,0300,39586, ,CFS
SHA,H,76,INFLOW,20170110,0400,46037, ,CFS
SHA,H,76,INFLOW,20170110,0500,43639, ,CFS
SHA,H,76,INFLOW,20170110,0600,50020, ,CFS
SHA,H,76,INFLOW,20170110,0700,47823, ,CFS
SHA,H,76,INFLOW,20170110,0800,48546, ,CFS
SHA,H,76,INFLOW,20170110,0900,54845, ,CFS
SHA,H,76,INFLOW,20170110,1000,49299, ,CFS
SHA,H,76,INFLOW,20170110,1100,54897, ,CFS
SHA,H,76,INFLOW,20170110,1200,61092, ,CFS
SHA,H,76,INFLOW,20170110,1300,73542, ,CFS
SHA,H,76,INFLOW,20170110,1400,78261, ,CFS
SHA,H,76,INFLOW,20170110,1500,75201, ,CFS
SHA,H,76,INFLOW,20170110,1600,101370, ,CFS
SHA,H,76,INFLOW,20170110,1700,84754, ,CFS
SHA,H,76,INFLOW,20170110,1800,88783, ,CFS
SHA,H,76,INFLOW,20170110,1900,91917, ,CFS
SHA,H,76,INFLOW,20170110,2000,98388, ,CFS
SHA,H,76,INFLOW,20170110,2100,97936, ,CFS
SHA,H,76,INFLOW,20170110,2200,74659, ,CFS
SHA,H,76,INFLOW,20170110,2300,91356, ,CFS
SHA,H,76,INFLOW,20170111,0000,93491, ,CFS
SHA,H,76,INFLOW,20170111,0100,68967, ,CFS
SHA,H,76,INFLOW,20170111,0200,81096, ,CFS
SHA,H,76,INFLOW,20170111,0300,66985, ,CFS
SHA,H,76,INFLOW,20170111,0400,76616, ,CFS
SHA,H,76,INFLOW,20170111,0500,74185, ,CFS
SHA,H,76,INFLOW,20170111,0600,77580, ,CFS
SHA,H,76,INFLOW,20170111,0700,62144, ,CFS
SHA,H,76,INFLOW,20170111,0800,58198, ,CFS
SHA,H,76,INFLOW,20170111,0900,62471, ,CFS
SHA,H,76,INFLOW,20170111,1000,58874, ,CFS
SHA,H,76,INFLOW,20170111,1100,44348, ,CFS
SHA,H,76,INFLOW,20170111,1200,41085, ,CFS
SHA,H,76,INFLOW,20170111,1300,55943, ,CFS
SHA,H,76,INFLOW,20170111,1400,46501, ,CFS
SHA,H,76,INFLOW,20170111,1500,52710, ,CFS
SHA,H,76,INFLOW,20170111,1600,49418, ,CFS
SHA,H,76,INFLOW,20170111,1700,46151, ,CFS
SHA,H,76,INFLOW,20170111,1800,53902, ,CFS
SHA,H,76,INFLOW,20170111,1900,50971, ,CFS
SHA,H,76,INFLOW,20170111,2000,44002, ,CFS
SHA,H,76,INFLOW,20170111,2100,52970, ,CFS
SHA,H,76,INFLOW,20170111,2200,45868, ,CFS
SHA,H,76,INFLOW,20170111,2300,48672, ,CFS
SHA,H,76,INFLOW,20170112,0000,45067, ,CFS
SHA,H,76,INFLOW,20170112,0100,51083, ,CFS
SHA,H,76,INFLOW,20170112,0200,41500, ,CFS
SHA,H,76,INFLOW,20170112,0300,43317, ,CFS
SHA,H,76,INFLOW,20170112,0400,46601, ,CFS
SHA,H,76,INFLOW,20170112,0500,40396, ,CFS
SHA,H,76,INFLOW,20170112,0600,44453, ,CFS
SHA,H,76,INFLOW,20170112,0700,38068, ,CFS
SHA,H,76,INFLOW,20170112,0800,41066, ,CFS
SHA,H,76,INFLOW,20170112,0900,41493, ,CFS
SHA,H,76,INFLOW,20170112,1000,38650, ,CFS
SHA,H,76,INFLOW,20170112,1100,38199, ,CFS
SHA,H,76,INFLOW,20170112,1200,35192, ,CFS
SHA,H,76,INFLOW,20170112,1300,31432, ,CFS
SHA,H,76,INFLOW,20170112,1400,34532, ,CFS
SHA,H,76,INFLOW,20170112,1500,34471, ,CFS
SHA,H,76,INFLOW,20170112,1600,34163, ,CFS
SHA,H,76,INFLOW,20170112,1700,34268, ,CFS
SHA,H,76,INFLOW,20170112,1800,31403, ,CFS
SHA,H,76,INFLOW,20170112,1900,31390, ,CFS
SHA,H,76,INFLOW,20170112,2000,34147, ,CFS
SHA,H,76,INFLOW,20170112,2100,31324, ,CFS
SHA,H,76,INFLOW,20170112,2200,34796, ,CFS
SHA,H,76,INFLOW,20170112,2300,31419, ,CFS
SHA,H,76,INFLOW,20170113,0000,34818, ,CFS
SHA,H,76,INFLOW,20170113,0100,28906, ,CFS
SHA,H,76,INFLOW,20170113,0200,28913, ,CFS
SHA,H,76,INFLOW,20170113,0300,32010, ,CFS
SHA,H,76,INFLOW,20170113,0400,29287, ,CFS
SHA,H,76,INFLOW,20170113,0500,30255, ,CFS
SHA,H,76,INFLOW,20170113,0600,30917, ,CFS
SHA,H,76,INFLOW,20170113,0700,27804, ,CFS
SHA,H,76,INFLOW,20170113,0800,32109, ,CFS
SHA,H,76,INFLOW,20170113,0900,25573, ,CFS
SHA,H,76,INFLOW,20170113,1000,28969, ,CFS
SHA,H,76,INFLOW,20170113,1100,30639, ,CFS
SHA,H,76,INFLOW,20170113,1200,26920, ,CFS
SHA,H,76,INFLOW,20170113,1300,30840, ,CFS
SHA,H,76,INFLOW,20170113,1400,28038, ,CFS
SHA,H,76,INFLOW,20170113,1500,24356, ,CFS
SHA,H,76,INFLOW,20170113,1600,28155, ,CFS
SHA,H,76,INFLOW,20170113,1700,27100, ,CFS
SHA,H,76,INFLOW,20170113,1800,28922, ,CFS
SHA,H,76,INFLOW,20170113,1900,28909, ,CFS
SHA,H,76,INFLOW,20170113,2000,22536, ,CFS
SHA,H,76,INFLOW,20170113,2100,32113, ,CFS
SHA,H,76,INFLOW,20170113,2200,29655, ,CFS
SHA,H,76,INFLOW,20170113,2300,27191, ,CFS
SHA,H,76,INFLOW,20170114,0000,22883, ,CFS
SHA,H,76,INFLOW,20170114,0100,28500, ,CFS
SHA,H,76,INFLOW,20170114,0200,25685, ,CFS
SHA,H,76,INFLOW,20170114,0300,27853, ,CFS
SHA,H,76,INFLOW,20170114,0400,24672, ,CFS
SHA,H,76,INFLOW,20170114,0500,28303, ,CFS
SHA,H,76,INFLOW,20170114,0600,21861, ,CFS
SHA,H,76,INFLOW,20170114,0700,25245, ,CFS
SHA,H,76,INFLOW,20170114,0800,25266, ,CFS
SHA,H,76,INFLOW,20170114,0900,28207, ,CFS
SHA,H,76,INFLOW,20170114,1000,21864, ,CFS
SHA,H,76,INFLOW,20170114,1100,24258, ,CFS
SHA,H,76,INFLOW,20170114,1200,23700, ,CFS
SHA,H,76,INFLOW,20170114,1300,23849, ,CFS
SHA,H,76,INFLOW,20170114,1400,27001, ,CFS
SHA,H,76,INFLOW,20170114,1500,24100, ,CFS
SHA,H,76,INFLOW,20170114,1600,23799, ,CFS
SHA,H,76,INFLOW,20170114,1700,22369, ,CFS
SHA,H,76,INFLOW,20170114,1800,22445, ,CFS
SHA,H,76,INFLOW,20170114,1900,22638, ,CFS
SHA,H,76,INFLOW,20170114,2000,22137, ,CFS
SHA,H,76,INFLOW,20170114,2100,18905, ,CFS
SHA,H,76,INFLOW,20170114,2200,18985, ,CFS
SHA,H,76,INFLOW,20170114,2300,18322, ,CFS
SHA,H,76,INFLOW,20170115,0000,18272, ,CFS
SHA,H,76,INFLOW,20170115,0100,22174, ,CFS
SHA,H,76,INFLOW,20170115,0200,21893, ,CFS
SHA,H,76,INFLOW,20170115,0300,15900, ,CFS
SHA,H,76,INFLOW,20170115,0400,22407, ,CFS
SHA,H,76,INFLOW,20170115,0500,15947, ,CFS
SHA,H,76,INFLOW,20170115,0600,18118, ,CFS
SHA,H,76,INFLOW,20170115,0700,22330, ,CFS
SHA,H,76,INFLOW,20170115,0800,15047, ,CFS
SHA,H,76,INFLOW,20170115,0900,17499, ,CFS
SHA,H,76,INFLOW,20170115,1000,24264, ,CFS
SHA,H,76,INFLOW,20170115,1100,14388, ,CFS
SHA,H,76,INFLOW,20170115,1200,17848, ,CFS
SHA,H,76,INFLOW,20170115,1300,18158, ,CFS
SHA,H,76,INFLOW,20170115,1400,20860, ,CFS
SHA,H,76,INFLOW,20170115,1500,17896, ,CFS
SHA,H,76,INFLOW,20170115,1600,18233, ,CFS
SHA,H,76,INFLOW,20170115,1700,21151, ,CFS
SHA,H,76,INFLOW,20170115,1800,14182, ,CFS
SHA,H,76,INFLOW,20170115,1900,18112, ,CFS
SHA,H,76,INFLOW,20170115,2000,17867, ,CFS
SHA,H,76,INFLOW,20170115,2100,20535, ,CFS
SHA,H,76,INFLOW,20170115,2200,21491, ,CFS
SHA,H,76,INFLOW,20170115,2300,18426, ,CFS
SHA,H,76,INFLOW,20170116,0000,21463, ,CFS
SHA,H,76,INFLOW,20170116,0100,21788, ,CFS
SHA,H,76,INFLOW,20170116,0200,21579, ,CFS
SHA,H,76,INFLOW,20170116,0300,20233, ,CFS
SHA,H,76,INFLOW,20170116,0400,21605, ,CFS
SHA,H,76,INFLOW,20170116,0500,18901, ,CFS
SHA,H,76,INFLOW,20170116,0600,21560, ,CFS
SHA,H,76,INFLOW,20170116,0700,13930, ,CFS
SHA,H,76,INFLOW,20170116,0800,20678, ,CFS
SHA,H,76,INFLOW,20170116,0900,17057, ,CFS
SHA,H,76,INFLOW,20170116,1000,13980, ,CFS
SHA,H,76,INFLOW,20170116,1100,16089, ,CFS
SHA,H,76,INFLOW,20170116,1200,20859, ,CFS
SHA,H,76,INFLOW,20170116,1300,17451, ,CFS
SHA,H,76,INFLOW,20170116,1400,17162, ,CFS
SHA,H,76,INFLOW,20170116,1500,20397, ,CFS
SHA,H,76,INFLOW,20170116,1600,17243, ,CFS
SHA,H,76,INFLOW,20170116,1700,17928, ,CFS
SHA,H,76,INFLOW,20170116,1800,21185, ,CFS
SHA,H,76,INFLOW,20170116,1900,15045, ,CFS
SHA,H,76,INFLOW,20170116,2000,15214, ,CFS
SHA,H,76,INFLOW,20170116,2100,14787, ,CFS
SHA,H,76,INFLOW,20170116,2200,18724, ,CFS
SHA,H,76,INFLOW,20170116,2300,15695, ,CFS
SHA,H,76,INFLOW,20170117,0000,15562, ,CFS
SHA,H,76,INFLOW,20170117,0100,18486, ,CFS
SHA,H,76,INFLOW,20170117,0200,18535, ,CFS
SHA,H,76,INFLOW,20170117,0300,15361, ,CFS
SHA,H,76,INFLOW,20170117,0400,15273, ,CFS
SHA,H,76,INFLOW,20170117,0500,12528, ,CFS
SHA,H,76,INFLOW,20170117,0600,15789, ,CFS
SHA,H,76,INFLOW,20170117,0700,17856, ,CFS
SHA,H,76,INFLOW,20170117,0800,17968, ,CFS
SHA,H,76,INFLOW,20170117,0900,7992, ,CFS
SHA,H,76,INFLOW,20170117,1000,23791, ,CFS
SHA,H,76,INFLOW,20170117,1100,11920, ,CFS
SHA,H,76,INFLOW,20170117,1200,8496, ,CFS
SHA,H,76,INFLOW,20170117,1300,14692, ,CFS
SHA,H,76,INFLOW,20170117,1400,17642, ,CFS
SHA,H,76,INFLOW,20170117,1500,17470, ,CFS
SHA,H,76,INFLOW,20170117,1600,13927, ,CFS
SHA,H,76,INFLOW,20170117,1700,14557, ,CFS
SHA,H,76,INFLOW,20170117,1800,18183, ,CFS
SHA,H,76,INFLOW,20170117,1900,8584, ,CFS
SHA,H,76,INFLOW,20170117,2000,12060, ,CFS
SHA,H,76,INFLOW,20170117,2100,18045, ,CFS
SHA,H,76,INFLOW,20170117,2200,8563, ,CFS
SHA,H,76,INFLOW,20170117,2300,25259, ,CFS
SHA,H,76,INFLOW,20170118,0000,10725, ,CFS
SHA,H,76,INFLOW,20170118,0100,9639, ,CFS
SHA,H,76,INFLOW,20170118,0200,15998, ,CFS
SHA,H,76,INFLOW,20170118,0300,11230, ,CFS
SHA,H,76,INFLOW,20170118,0400,20864, ,CFS
SHA,H,76,INFLOW,20170118,0500,11734, ,CFS
SHA,H,76,INFLOW,20170118,0600,8681, ,CFS
SHA,H,76,INFLOW,20170118,0700,18128, ,CFS
SHA,H,76,INFLOW,20170118,0800,8630, ,CFS
SHA,H,76,INFLOW,20170118,0900,89001, ,CFS
SHA,H,76,INFLOW,20170118,1000,23433, ,CFS
SHA,H,76,INFLOW,20170118,1100,18005, ,CFS
SHA,H,76,INFLOW,20170118,1200,18309, ,CFS
SHA,H,76,INFLOW,20170118,1300,19151, ,CFS
SHA,H,76,INFLOW,20170118,1400,23974, ,CFS
SHA,H,76,INFLOW,20170118,1500,19667, ,CFS
SHA,H,76,INFLOW,20170118,1600,17939, ,CFS
SHA,H,76,INFLOW,20170118,1700,32135, ,CFS
SHA,H,76,INFLOW,20170118,1800,36202, ,CFS
SHA,H,76,INFLOW,20170118,1900,23595, ,CFS
SHA,H,76,INFLOW,20170118,2000,29928, ,CFS
SHA,H,76,INFLOW,20170118,2100,30254, ,CFS
SHA,H,76,INFLOW,20170118,2200,24011, ,CFS
SHA,H,76,INFLOW,20170118,2300,30732, ,CFS
SHA,H,76,INFLOW,20170119,0000,33956, ,CFS
SHA,H,76,INFLOW,20170119,0100,27379, ,CFS
SHA,H,76,INFLOW,20170119,0200,27016, ,CFS
SHA,H,76,INFLOW,20170119,0300,33213, ,CFS
SHA,H,76,INFLOW,20170119,0400,23497, ,CFS
SHA,H,76,INFLOW,20170119,0500,26255, ,CFS
SHA,H,76,INFLOW,20170119,0600,33284, ,CFS
SHA,H,76,INFLOW,20170119,0700,27133, ,CFS
SHA,H,76,INFLOW,20170119,0800,24359, ,CFS
SHA,H,76,INFLOW,20170119,0900,33642, ,CFS
SHA,H,76,INFLOW,20170119,1000,24202, ,CFS
SHA,H,76,INFLOW,20170119,1100,27287, ,CFS
SHA,H,76,INFLOW,20170119,1200,25122, ,CFS
SHA,H,76,INFLOW,20170119,1300,27380, ,CFS
SHA,H,76,INFLOW,20170119,1400,23185, ,CFS
SHA,H,76,INFLOW,20170119,1500,21209, ,CFS
SHA,H,76,INFLOW,20170119,1600,27997, ,CFS
SHA,H,76,INFLOW,20170119,1700,24960, ,CFS
SHA,H,76,INFLOW,20170119,1800,28007, ,CFS
SHA,H,76,INFLOW,20170119,1900,24945, ,CFS
SHA,H,76,INFLOW,20170119,2000,37194, ,CFS
SHA,H,76,INFLOW,20170119,2100,18443, ,CFS
SHA,H,76,INFLOW,20170119,2200,28087, ,CFS
SHA,H,76,INFLOW,20170119,2300,28396, ,CFS
SHA,H,76,INFLOW,20170120,0000,21833, ,CFS
SHA,H,76,INFLOW,20170120,0100,37084, ,CFS
SHA,H,76,INFLOW,20170120,0200,34244, ,CFS
SHA,H,76,INFLOW,20170120,0300,33754, ,CFS
SHA,H,76,INFLOW,20170120,0400,30666, ,CFS
SHA,H,76,INFLOW,20170120,0500,33978, ,CFS
SHA,H,76,INFLOW,20170120,0600,43327, ,CFS
SHA,H,76,INFLOW,20170120,0700,36720, ,CFS
SHA,H,76,INFLOW,20170120,0800,38104, ,CFS
SHA,H,76,INFLOW,20170120,0900,49895, ,CFS
SHA,H,76,INFLOW,20170120,1000,34270, ,CFS
SHA,H,76,INFLOW,20170120,1100,36439, ,CFS
SHA,H,76,INFLOW,20170120,1200,42347, ,CFS
SHA,H,76,INFLOW,20170120,1300,37796, ,CFS
SHA,H,76,INFLOW,20170120,1400,44766, ,CFS
SHA,H,76,INFLOW,20170120,1500,42107, ,CFS
SHA,H,76,INFLOW,20170120,1600,41877, ,CFS
SHA,H,76,INFLOW,20170120,1700,45434, ,CFS
SHA,H,76,INFLOW,20170120,1800,39731, ,CFS
SHA,H,76,INFLOW,20170120,1900,37290, ,CFS
SHA,H,76,INFLOW,20170120,2000,40344, ,CFS
SHA,H,76,INFLOW,20170120,2100,40157, ,CFS
SHA,H,76,INFLOW,20170120,2200,40204, ,CFS
SHA,H,76,INFLOW,20170120,2300,37052, ,CFS
SHA,H,76,INFLOW,20170121,0000,33799, ,CFS
SHA,H,76,INFLOW,20170121,0100,37141, ,CFS
SHA,H,76,INFLOW,20170121,0200,36957, ,CFS
SHA,H,76,INFLOW,20170121,0300,36663, ,CFS
SHA,H,76,INFLOW,20170121,0400,36427, ,CFS
SHA,H,76,INFLOW,20170121,0500,42662, ,CFS
SHA,H,76,INFLOW,20170121,0600,33429, ,CFS
SHA,H,76,INFLOW,20170121,0700,33993, ,CFS
SHA,H,76,INFLOW,20170121,0800,36030, ,CFS
SHA,H,76,INFLOW,20170121,0900,32622, ,CFS
SHA,H,76,INFLOW,20170121,1000,26465, ,CFS
SHA,H,76,INFLOW,20170121,1100,42351, ,CFS
SHA,H,76,INFLOW,20170121,1200,26441, ,CFS
SHA,H,76,INFLOW,20170121,1300,23506, ,CFS
SHA,H,76,INFLOW,20170121,1400,32734, ,CFS
SHA,H,76,INFLOW,20170121,1500,29917, ,CFS
SHA,H,76,INFLOW,20170121,1600,39460, ,CFS
SHA,H,76,INFLOW,20170121,1700,31273, ,CFS
SHA,H,76,INFLOW,20170121,1800,37602, ,CFS
SHA,H,76,INFLOW,20170121,1900,34634, ,CFS
SHA,H,76,INFLOW,20170121,2000,31468, ,CFS
SHA,H,76,INFLOW,20170121,2100,40911, ,CFS
SHA,H,76,INFLOW,20170121,2200,43580, ,CFS
SHA,H,76,INFLOW,20170121,2300,34308, ,CFS
SHA,H,76,INFLOW,20170122,0000,43465, ,CFS
SHA,H,76,INFLOW,20170122,0100,46973, ,CFS
SHA,H,76,INFLOW,20170122,0200,46696, ,CFS
SHA,H,76,INFLOW,20170122,0300,49591, ,CFS
SHA,H,76,INFLOW,20170122,0400,36827, ,CFS
SHA,H,76,INFLOW,20170122,0500,49538, ,CFS
SHA,H,76,INFLOW,20170122,0600,56167, ,CFS
SHA,H,76,INFLOW,20170122,0700,46871, ,CFS
SHA,H,76,INFLOW,20170122,0800,43959, ,CFS
SHA,H,76,INFLOW,20170122,0900,34610, ,CFS
SHA,H,76,INFLOW,20170122,1000,40508, ,CFS
SHA,H,76,INFLOW,20170122,1100,46955, ,CFS
SHA,H,76,INFLOW,20170122,1200,40603, ,CFS
SHA,H,76,INFLOW,20170122,1300,34492, ,CFS
SHA,H,76,INFLOW,20170122,1400,44028, ,CFS
SHA,H,76,INFLOW,20170122,1500,31446, ,CFS
SHA,H,76,INFLOW,20170122,1600,43753, ,CFS
SHA,H,76,INFLOW,20170122,1700,40486, ,CFS
SHA,H,76,INFLOW,20170122,1800,34400, ,CFS
SHA,H,76,INFLOW,20170122,1900,37392, ,CFS
SHA,H,76,INFLOW,20170122,2000,37318, ,CFS
SHA,H,76,INFLOW,20170122,2100,34413, ,CFS
SHA,H,76,INFLOW,20170122,2200,40143, ,CFS
SHA,H,76,INFLOW,20170122,2300,30897, ,CFS
SHA,H,76,INFLOW,20170123,0000,34200, ,CFS
SHA,H,76,INFLOW,20170123,0100,33903, ,CFS
SHA,H,76,INFLOW,20170123,0200,33677, ,CFS
SHA,H,76,INFLOW,20170123,0300,30527, ,CFS
SHA,H,76,INFLOW,20170123,0400,30628, ,CFS
SHA,H,76,INFLOW,20170123,0500,31018, ,CFS
SHA,H,76,INFLOW,20170123,0600,31245, ,CFS
SHA,H,76,INFLOW,20170123,0700,28564, ,CFS
SHA,H,76,INFLOW,20170123,0800,31473, ,CFS
SHA,H,76,INFLOW,20170123,0900,28327, ,CFS
SHA,H,76,INFLOW,20170123,1000,28340, ,CFS
SHA,H,76,INFLOW,20170123,1100,28051, ,CFS
SHA,H,76,INFLOW,20170123,1200,27776, ,CFS
SHA,H,76,INFLOW,20170123,1300,28263, ,CFS
SHA,H,76,INFLOW,20170123,1400,28185, ,CFS
SHA,H,76,INFLOW,20170123,1500,24096, ,CFS
SHA,H,76,INFLOW,20170123,1600,28142, ,CFS
SHA,H,76,INFLOW,20170123,1700,28173, ,CFS
SHA,H,76,INFLOW,20170123,1800,24814, ,CFS
SHA,H,76,INFLOW,20170123,1900,31055, ,CFS
SHA,H,76,INFLOW,20170123,2000,27644, ,CFS
SHA,H,76,INFLOW,20170123,2100,24502, ,CFS
SHA,H,76,INFLOW,20170123,2200,27046, ,CFS
SHA,H,76,INFLOW,20170123,2300,24620, ,CFS
SHA,H,76,INFLOW,20170124,0000,24554, ,CFS
SHA,H,76,INFLOW,20170124,0100,24641, ,CFS
SHA,H,76,INFLOW,20170124,0200,24442, ,CFS
SHA,H,76,INFLOW,20170124,0300,24277, ,CFS
SHA,H,76,INFLOW,20170124,0400,24148, ,CFS
SHA,H,76,INFLOW,20170124,0500,21107, ,CFS
SHA,H,76,INFLOW,20170124,0600,22963, ,CFS
SHA,H,76,INFLOW,20170124,0700,21846, ,CFS
SHA,H,76,INFLOW,20170124,0800,21703, ,CFS
SHA,H,76,INFLOW,20170124,0900,21347, ,CFS
SHA,H,76,INFLOW,20170124,1000,18060, ,CFS
SHA,H,76,INFLOW,20170124,1100,16736, ,CFS
SHA,H,76,INFLOW,20170124,1200,16177, ,CFS
SHA,H,76,INFLOW,20170124,1300,16350, ,CFS
SHA,H,76,INFLOW,20170124,1400,20033, ,CFS
SHA,H,76,INFLOW,20170124,1500,16843, ,CFS
SHA,H,76,INFLOW,20170124,1600,23165, ,CFS
SHA,H,76,INFLOW,20170124,1700,17160, ,CFS
SHA,H,76,INFLOW,20170124,1800,21535, ,CFS
SHA,H,76,INFLOW,20170124,1900,20777, ,CFS
SHA,H,76,INFLOW,20170124,2000,20214, ,CFS
SHA,H,76,INFLOW,20170124,2100,21104, ,CFS
SHA,H,76,INFLOW,20170124,2200,18622, ,CFS
SHA,H,76,INFLOW,20170124,2300,18887, ,CFS
SHA,H,76,INFLOW,20170125,0000,18250, ,CFS
SHA,H,76,INFLOW,20170125,0100,17638, ,CFS
SHA,H,76,INFLOW,20170125,0200,17577, ,CFS
SHA,H,76,INFLOW,20170125,0300,17665, ,CFS
SHA,H,76,INFLOW,20170125,0400,17645, ,CFS
SHA,H,76,INFLOW,20170125,0500,17433, ,CFS
SHA,H,76,INFLOW,20170125,0600,18198, ,CFS
SHA,H,76,INFLOW,20170125,0700,15554, ,CFS
SHA,H,76,INFLOW,20170125,0800,18140, ,CFS
SHA,H,76,INFLOW,20170125,0900,18328, ,CFS
SHA,H,76,INFLOW,20170125,1000,8981, ,CFS
SHA,H,76,INFLOW,20170125,1100,24875, ,CFS
SHA,H,76,INFLOW,20170125,1200,5855, ,CFS
SHA,H,76,INFLOW,20170125,1300,11939, ,CFS
SHA,H,76,INFLOW,20170125,1400,21231, ,CFS
SHA,H,76,INFLOW,20170125,1500,18269, ,CFS
SHA,H,76,INFLOW,20170125,1600,21112, ,CFS
SHA,H,76,INFLOW,20170125,1700,24482, ,CFS
SHA,H,76,INFLOW,20170125,1800,15215, ,CFS
SHA,H,76,INFLOW,20170125,1900,15979, ,CFS
SHA,H,76,INFLOW,20170125,2000,15364, ,CFS
SHA,H,76,INFLOW,20170125,2100,15307, ,CFS
SHA,H,76,INFLOW,20170125,2200,18416, ,CFS
SHA,H,76,INFLOW,20170125,2300,18526, ,CFS
SHA,H,76,INFLOW,20170126,0000,15373, ,CFS
SHA,H,76,INFLOW,20170126,0100,18002, ,CFS
SHA,H,76,INFLOW,20170126,0200,11581, ,CFS
SHA,H,76,INFLOW,20170126,0300,18034, ,CFS
SHA,H,76,INFLOW,20170126,0400,17902, ,CFS
SHA,H,76,INFLOW,20170126,0500,15043, ,CFS
SHA,H,76,INFLOW,20170126,0600,13949, ,CFS
SHA,H,76,INFLOW,20170126,0700,15000, ,CFS
SHA,H,76,INFLOW,20170126,0800,14794, ,CFS
SHA,H,76,INFLOW,20170126,0900,17263, ,CFS
SHA,H,76,INFLOW,20170126,1000,13827, ,CFS
SHA,H,76,INFLOW,20170126,1100,16910, ,CFS
SHA,H,76,INFLOW,20170126,1200,13372, ,CFS
SHA,H,76,INFLOW,20170126,1300,15147, ,CFS
SHA,H,76,INFLOW,20170126,1400,16259, ,CFS
SHA,H,76,INFLOW,20170126,1500,11209, ,CFS
SHA,H,76,INFLOW,20170126,1600,17482, ,CFS
SHA,H,76,INFLOW,20170126,1700,17305, ,CFS
SHA,H,76,INFLOW,20170126,1800,9245, ,CFS
SHA,H,76,INFLOW,20170126,1900,15686, ,CFS
SHA,H,76,INFLOW,20170126,2000,12554, ,CFS
SHA,H,76,INFLOW,20170126,2100,15061, ,CFS
SHA,H,76,INFLOW,20170126,2200,14962, ,CFS
SHA,H,76,INFLOW,20170126,2300,15617, ,CFS
SHA,H,76,INFLOW,20170127,0000,12063, ,CFS
SHA,H,76,INFLOW,20170127,0100,18212, ,CFS
SHA,H,76,INFLOW,20170127,0200,12060, ,CFS
SHA,H,76,INFLOW,20170127,0300,14951, ,CFS
SHA,H,76,INFLOW,20170127,0400,15314, ,CFS
SHA,H,76,INFLOW,20170127,0500,11882, ,CFS
SHA,H,76,INFLOW,20170127,0600,18237, ,CFS
SHA,H,76,INFLOW,20170127,0700,12357, ,CFS
SHA,H,76,INFLOW,20170127,0800,13609, ,CFS
SHA,H,76,INFLOW,20170127,0900,18404, ,CFS
SHA,H,76,INFLOW,20170127,1000,5875, ,CFS
SHA,H,76,INFLOW,20170127,1100,15287, ,CFS
SHA,H,76,INFLOW,20170127,1200,11958, ,CFS
SHA,H,76,INFLOW,20170127,1300,8618, ,CFS
SHA,H,76,INFLOW,20170127,1400,8181, ,CFS
SHA,H,76,INFLOW,20170127,1500,8244, ,CFS
SHA,H,76,INFLOW,20170127,1600,11664, ,CFS
SHA,H,76,INFLOW,20170127,1700,17549, ,CFS
SHA,H,76,INFLOW,20170127,1800,8419, ,CFS
SHA,H,76,INFLOW,20170127,1900,21438, ,CFS
SHA,H,76,INFLOW,20170127,2000,8913, ,CFS
SHA,H,76,INFLOW,20170127,2100,15397, ,CFS
SHA,H,76,INFLOW,20170127,2200,18633, ,CFS
SHA,H,76,INFLOW,20170127,2300,12151, ,CFS
SHA,H,76,INFLOW,20170128,0000,18638, ,CFS
SHA,H,76,INFLOW,20170128,0100,12385, ,CFS
SHA,H,76,INFLOW,20170128,0200,12490, ,CFS
SHA,H,76,INFLOW,20170128,0300,12333, ,CFS
SHA,H,76,INFLOW,20170128,0400,12359, ,CFS
SHA,H,76,INFLOW,20170128,0500,12324, ,CFS
SHA,H,76,INFLOW,20170128,0600,12086, ,CFS
SHA,H,76,INFLOW,20170128,0700,12089, ,CFS
SHA,H,76,INFLOW,20170128,0800,11696, ,CFS
SHA,H,76,INFLOW,20170128,0900,8766, ,CFS
SHA,H,76,INFLOW,20170128,1000,5670, ,CFS
SHA,H,76,INFLOW,20170128,1100,12629, ,CFS
SHA,H,76,INFLOW,20170128,1200,2523, ,CFS
SHA,H,76,INFLOW,20170128,1300,11970, ,CFS
SHA,H,76,INFLOW,20170128,1400,15111, ,CFS
SHA,H,76,INFLOW,20170128,1500,5745, ,CFS
SHA,H,76,INFLOW,20170128,1600,11965, ,CFS
SHA,H,76,INFLOW,20170128,1700,12188, ,CFS
SHA,H,76,INFLOW,20170128,1800,9151, ,CFS
SHA,H,76,INFLOW,20170128,1900,12521, ,CFS
SHA,H,76,INFLOW,20170128,2000,12592, ,CFS
SHA,H,76,INFLOW,20170128,2100,12144, ,CFS
SHA,H,76,INFLOW,20170128,2200,12406, ,CFS
SHA,H,76,INFLOW,20170128,2300,9325, ,CFS
SHA,H,76,INFLOW,20170129,0000,15327, ,CFS
SHA,H,76,INFLOW,20170129,0100,12165, ,CFS
SHA,H,76,INFLOW,20170129,0200,9084, ,CFS
SHA,H,76,INFLOW,20170129,0300,12331, ,CFS
SHA,H,76,INFLOW,20170129,0400,12265, ,CFS
SHA,H,76,INFLOW,20170129,0500,12276, ,CFS
SHA,H,76,INFLOW,20170129,0600,9235, ,CFS
SHA,H,76,INFLOW,20170129,0700,12228, ,CFS
SHA,H,76,INFLOW,20170129,0800,12546, ,CFS
SHA,H,76,INFLOW,20170129,0900,5962, ,CFS
SHA,H,76,INFLOW,20170129,1000,9103, ,CFS
SHA,H,76,INFLOW,20170129,1100,12142, ,CFS
SHA,H,76,INFLOW,20170129,1200,9091, ,CFS
SHA,H,76,INFLOW,20170129,1300,9114, ,CFS
SHA,H,76,INFLOW,20170129,1400,12176, ,CFS
SHA,H,76,INFLOW,20170129,1500,5955, ,CFS
SHA,H,76,INFLOW,20170129,1600,12210, ,CFS
SHA,H,76,INFLOW,20170129,1700,12159, ,CFS
SHA,H,76,INFLOW,20170129,1800,12352, ,CFS
SHA,H,76,INFLOW,20170129,1900,12540, ,CFS
SHA,H,76,INFLOW,20170129,2000,9794, ,CFS
SHA,H,76,INFLOW,20170129,2100,9048, ,CFS
SHA,H,76,INFLOW,20170129,2200,15345, ,CFS
SHA,H,76,INFLOW,20170129,2300,12309, ,CFS
SHA,H,76,INFLOW,20170130,0000,8913, ,CFS
SHA,H,76,INFLOW,20170130,0100,9586, ,CFS
SHA,H,76,INFLOW,20170130,0200,9536, ,CFS
SHA,H,76,INFLOW,20170130,0300,15493, ,CFS
SHA,H,76,INFLOW,20170130,0400,6523, ,CFS
SHA,H,76,INFLOW,20170130,0500,9740, ,CFS
SHA,H,76,INFLOW,20170130,0600,9879, ,CFS
SHA,H,76,INFLOW,20170130,0700,12897, ,CFS
SHA,H,76,INFLOW,20170130,0800,6346, ,CFS
SHA,H,76,INFLOW,20170130,0900,12341, ,CFS
SHA,H,76,INFLOW,20170130,1000,9308, ,CFS
SHA,H,76,INFLOW,20170130,1100,6233, ,CFS
SHA,H,76,INFLOW,20170130,1200,15092, ,CFS
SHA,H,76,INFLOW,20170130,1300,6088, ,CFS
SHA,H,76,INFLOW,20170130,1400,14811, ,CFS
SHA,H,76,INFLOW,20170130,1500,5767, ,CFS
SHA,H,76,INFLOW,20170130,1600,12263, ,CFS
SHA,H,76,INFLOW,20170130,1700,12194, ,CFS
SHA,H,76,INFLOW,20170130,1800,9237, ,CFS
SHA,H,76,INFLOW,20170130,1900,15657, ,CFS
SHA,H,76,INFLOW,20170130,2000,12141, ,CFS
SHA,H,76,INFLOW,20170130,2100,8955, ,CFS
SHA,H,76,INFLOW,20170130,2200,15012, ,CFS
SHA,H,76,INFLOW,20170130,2300,12526, ,CFS
SHA,H,76,INFLOW,20170131,0000,12016, ,CFS
SHA,H,76,INFLOW,20170131,0100,9031, ,CFS
SHA,H,76,INFLOW,20170131,0200,9196, ,CFS
SHA,H,76,INFLOW,20170131,0300,12357, ,CFS
SHA,H,76,INFLOW,20170131,0400,12421, ,CFS
SHA,H,76,INFLOW,20170131,0500,15758, ,CFS
SHA,H,76,INFLOW,20170131,0600,9430, ,CFS
SHA,H,76,INFLOW,20170131,0700,9532, ,CFS
SHA,H,76,INFLOW,20170131,0800,3610, ,CFS
SHA,H,76,INFLOW,20170131,0900,9854, ,CFS
SHA,H,76,INFLOW,20170131,1000,6205, ,CFS
SHA,H,76,INFLOW,20170131,1100,9030, ,CFS
SHA,H,76,INFLOW,20170131,1200,14608, ,CFS
SHA,H,76,INFLOW,20170131,1300,5344, ,CFS
SHA,H,76,INFLOW,20170131,1400,17569, ,CFS
SHA,H,76,INFLOW,20170131,1500,-3987, ,CFS
SHA,H,76,INFLOW,20170131,1600,12097, ,CFS
SHA,H,76,INFLOW,20170131,1700,15857, ,CFS
SHA,H,76,INFLOW,20170131,1800,19088, ,CFS
SHA,H,76,INFLOW,20170131,1900,9869, ,CFS
SHA,H,76,INFLOW,20170131,2000,12996, ,CFS
SHA,H,76,INFLOW,20170131,2100,12903, ,CFS
SHA,H,76,INFLOW,20170131,2200,694, ,CFS
SHA,H,76,INFLOW,20170131,2300,9259, ,CFS
SHA,H,76,INFLOW,20170201,0000,15305, ,CFS
SHA,H,76,INFLOW,20170201,0100,15190, ,CFS
SHA,H,76,INFLOW,20170201,0200,8833, ,CFS
SHA,H,76,INFLOW,20170201,0300,16895, ,CFS
SHA,H,76,INFLOW,20170201,0400,7902, ,CFS
SHA,H,76,INFLOW,20170201,0500,5178, ,CFS
SHA,H,76,INFLOW,20170201,0600,20606, ,CFS
SHA,H,76,INFLOW,20170201,0700,8823, ,CFS
SHA,H,76,INFLOW,20170201,0800,9660, ,CFS
SHA,H,76,INFLOW,20170201,0900,15929, ,CFS
SHA,H,76,INFLOW,20170201,1000,6245, ,CFS
SHA,H,76,INFLOW,20170201,1100,6158, ,CFS
SHA,H,76,INFLOW,20170201,1200,14674, ,CFS
SHA,H,76,INFLOW,20170201,1300,5500, ,CFS
SHA,H,76,INFLOW,20170201,1400,11500, ,CFS
SHA,H,76,INFLOW,20170201,1500,12698, ,CFS
SHA,H,76,INFLOW,20170201,1600,12596, ,CFS
SHA,H,76,INFLOW,20170201,1700,12391, ,CFS
SHA,H,76,INFLOW,20170201,1800,8779, ,CFS
SHA,H,76,INFLOW,20170201,1900,15626, ,CFS
SHA,H,76,INFLOW,20170201,2000,6148, ,CFS
SHA,H,76,INFLOW,20170201,2100,12309, ,CFS
SHA,H,76,INFLOW,20170201,2200,8769, ,CFS
SHA,H,76,INFLOW,20170201,2300,12056, ,CFS
SHA,H,76,INFLOW,20170202,0000,14897, ,CFS
SHA,H,76,INFLOW,20170202,0100,8804, ,CFS
SHA,H,76,INFLOW,20170202,0200,8616, ,CFS
SHA,H,76,INFLOW,20170202,0300,8857, ,CFS
SHA,H,76,INFLOW,20170202,0400,11882, ,CFS
SHA,H,76,INFLOW,20170202,0500,6503, ,CFS
SHA,H,76,INFLOW,20170202,0600,24185, ,CFS
SHA,H,76,INFLOW,20170202,0700,11126, ,CFS
SHA,H,76,INFLOW,20170202,0800,9769, ,CFS
SHA,H,76,INFLOW,20170202,0900,12108, ,CFS
SHA,H,76,INFLOW,20170202,1000,12046, ,CFS
SHA,H,76,INFLOW,20170202,1100,12372, ,CFS
SHA,H,76,INFLOW,20170202,1200,12413, ,CFS
SHA,H,76,INFLOW,20170202,1300,12653, ,CFS
SHA,H,76,INFLOW,20170202,1400,12352, ,CFS
SHA,H,76,INFLOW,20170202,1500,15272, ,CFS
SHA,H,76,INFLOW,20170202,1600,12174, ,CFS
SHA,H,76,INFLOW,20170202,1700,11224, ,CFS
SHA,H,76,INFLOW,20170202,1800,18477, ,CFS
SHA,H,76,INFLOW,20170202,1900,12539, ,CFS
SHA,H,76,INFLOW,20170202,2000,12158, ,CFS
SHA,H,76,INFLOW,20170202,2100,17475, ,CFS
SHA,H,76,INFLOW,20170202,2200,17646, ,CFS
SHA,H,76,INFLOW,20170202,2300,18518, ,CFS
SHA,H,76,INFLOW,20170203,0000,12184, ,CFS
SHA,H,76,INFLOW,20170203,0100,6196, ,CFS
SHA,H,76,INFLOW,20170203,0200,18230, ,CFS
SHA,H,76,INFLOW,20170203,0300,27715, ,CFS
SHA,H,76,INFLOW,20170203,0400,15460, ,CFS
SHA,H,76,INFLOW,20170203,0500,21186, ,CFS
SHA,H,76,INFLOW,20170203,0600,18319, ,CFS
SHA,H,76,INFLOW,20170203,0700,21583, ,CFS
SHA,H,76,INFLOW,20170203,0800,24579, ,CFS
SHA,H,76,INFLOW,20170203,0900,22123, ,CFS
SHA,H,76,INFLOW,20170203,1000,31367, ,CFS
SHA,H,76,INFLOW,20170203,1100,25190, ,CFS
SHA,H,76,INFLOW,20170203,1200,33862, ,CFS
SHA,H,76,INFLOW,20170203,1300,39778, ,CFS
SHA,H,76,INFLOW,20170203,1400,36504, ,CFS
SHA,H,76,INFLOW,20170203,1500,42866, ,CFS
SHA,H,76,INFLOW,20170203,1600,52379, ,CFS
SHA,H,76,INFLOW,20170203,1700,43245, ,CFS
SHA,H,76,INFLOW,20170203,1800,39799, ,CFS
SHA,H,76,INFLOW,20170203,1900,70600, ,CFS
SHA,H,76,INFLOW,20170203,2000,49332, ,CFS
SHA,H,76,INFLOW,20170203,2100,46018, ,CFS
SHA,H,76,INFLOW,20170203,2200,77004, ,CFS
SHA,H,76,INFLOW,20170203,2300,77441, ,CFS
SHA,H,76,INFLOW,20170204,0000,59491, ,CFS
SHA,H,76,INFLOW,20170204,0100,61820, ,CFS
SHA,H,76,INFLOW,20170204,0200,67432, ,CFS
SHA,H,76,INFLOW,20170204,0300,70341, ,CFS
SHA,H,76,INFLOW,20170204,0400,52124, ,CFS
SHA,H,76,INFLOW,20170204,0500,61803, ,CFS
SHA,H,76,INFLOW,20170204,0600,61400, ,CFS
SHA,H,76,INFLOW,20170204,0700,52566, ,CFS
SHA,H,76,INFLOW,20170204,0800,49119, ,CFS
SHA,H,76,INFLOW,20170204,0900,52025, ,CFS
SHA,H,76,INFLOW,20170204,1000,52092, ,CFS
SHA,H,76,INFLOW,20170204,1100,49868, ,CFS
SHA,H,76,INFLOW,20170204,1200,52987, ,CFS
SHA,H,76,INFLOW,20170204,1300,49905, ,CFS
SHA,H,76,INFLOW,20170204,1400,43702, ,CFS
SHA,H,76,INFLOW,20170204,1500,50011, ,CFS
SHA,H,76,INFLOW,20170204,1600,49988, ,CFS
SHA,H,76,INFLOW,20170204,1700,46909, ,CFS
SHA,H,76,INFLOW,20170204,1800,52947, ,CFS
SHA,H,76,INFLOW,20170204,1900,56049, ,CFS
SHA,H,76,INFLOW,20170204,2000,59183, ,CFS
SHA,H,76,INFLOW,20170204,2100,46820, ,CFS
SHA,H,76,INFLOW,20170204,2200,49966, ,CFS
SHA,H,76,INFLOW,20170204,2300,53025, ,CFS
SHA,H,76,INFLOW,20170205,0000,46501, ,CFS
SHA,H,76,INFLOW,20170205,0100,49694, ,CFS
SHA,H,76,INFLOW,20170205,0200,49360, ,CFS
SHA,H,76,INFLOW,20170205,0300,49483, ,CFS
SHA,H,76,INFLOW,20170205,0400,43330, ,CFS
SHA,H,76,INFLOW,20170205,0500,52745, ,CFS
SHA,H,76,INFLOW,20170205,0600,43969, ,CFS
SHA,H,76,INFLOW,20170205,0700,43828, ,CFS
SHA,H,76,INFLOW,20170205,0800,46930, ,CFS
SHA,H,76,INFLOW,20170205,0900,43762, ,CFS
SHA,H,76,INFLOW,20170205,1000,43847, ,CFS
SHA,H,76,INFLOW,20170205,1100,46871, ,CFS
SHA,H,76,INFLOW,20170205,1200,40784, ,CFS
SHA,H,76,INFLOW,20170205,1300,40724, ,CFS
SHA,H,76,INFLOW,20170205,1400,43915, ,CFS
SHA,H,76,INFLOW,20170205,1500,40864, ,CFS
SHA,H,76,INFLOW,20170205,1600,40190, ,CFS
SHA,H,76,INFLOW,20170205,1700,43256, ,CFS
SHA,H,76,INFLOW,20170205,1800,43364, ,CFS
SHA,H,76,INFLOW,20170205,1900,55525, ,CFS
SHA,H,76,INFLOW,20170205,2000,40088, ,CFS
SHA,H,76,INFLOW,20170205,2100,53070, ,CFS
SHA,H,76,INFLOW,20170205,2200,39773, ,CFS
SHA,H,76,INFLOW,20170205,2300,46132, ,CFS
SHA,H,76,INFLOW,20170206,0000,45731, ,CFS
SHA,H,76,INFLOW,20170206,0100,49770, ,CFS
SHA,H,76,INFLOW,20170206,0200,53034, ,CFS
SHA,H,76,INFLOW,20170206,0300,65797, ,CFS
SHA,H,76,INFLOW,20170206,0400,50318, ,CFS
SHA,H,76,INFLOW,20170206,0500,69184, ,CFS
SHA,H,76,INFLOW,20170206,0600,84785, ,CFS
SHA,H,76,INFLOW,20170206,0700,78330, ,CFS
SHA,H,76,INFLOW,20170206,0800,69005, ,CFS
SHA,H,76,INFLOW,20170206,0900,72347, ,CFS
SHA,H,76,INFLOW,20170206,1000,66158, ,CFS
SHA,H,76,INFLOW,20170206,1100,84664, ,CFS
SHA,H,76,INFLOW,20170206,1200,70578, ,CFS
SHA,H,76,INFLOW,20170206,1300,75246, ,CFS
SHA,H,76,INFLOW,20170206,1400,79359, ,CFS
SHA,H,76,INFLOW,20170206,1500,74131, ,CFS
SHA,H,76,INFLOW,20170206,1600,69576, ,CFS
SHA,H,76,INFLOW,20170206,1700,69474, ,CFS
SHA,H,76,INFLOW,20170206,1800,79078, ,CFS
SHA,H,76,INFLOW,20170206,1900,69512, ,CFS
SHA,H,76,INFLOW,20170206,2000,69644, ,CFS
SHA,H,76,INFLOW,20170206,2100,78753, ,CFS
SHA,H,76,INFLOW,20170206,2200,72220, ,CFS
SHA,H,76,INFLOW,20170206,2300,76032, ,CFS
SHA,H,76,INFLOW,20170207,0000,75690, ,CFS
SHA,H,76,INFLOW,20170207,0100,85664, ,CFS
SHA,H,76,INFLOW,20170207,0200,85328, ,CFS
SHA,H,76,INFLOW,20170207,0300,87877, ,CFS
SHA,H,76,INFLOW,20170207,0400,100723, ,CFS
SHA,H,76,INFLOW,20170207,0500,82095, ,CFS
SHA,H,76,INFLOW,20170207,0600,102026, ,CFS
SHA,H,76,INFLOW,20170207,0700,107752, ,CFS
SHA,H,76,INFLOW,20170207,0800,92114, ,CFS
SHA,H,76,INFLOW,20170207,0900,107532, ,CFS
SHA,H,76,INFLOW,20170207,1000,101446, ,CFS
SHA,H,76,INFLOW,20170207,1100,85615, ,CFS
SHA,H,76,INFLOW,20170207,1200,111315, ,CFS
SHA,H,76,INFLOW,20170207,1300,101666, ,CFS
SHA,H,76,INFLOW,20170207,1400,88799, ,CFS
SHA,H,76,INFLOW,20170207,1500,91923, ,CFS
SHA,H,76,INFLOW,20170207,1600,82610, ,CFS
SHA,H,76,INFLOW,20170207,1700,89073, ,CFS
SHA,H,76,INFLOW,20170207,1800,79455, ,CFS
SHA,H,76,INFLOW,20170207,1900,79721, ,CFS
SHA,H,76,INFLOW,20170207,2000,79754, ,CFS
SHA,H,76,INFLOW,20170207,2100,66438, ,CFS
SHA,H,76,INFLOW,20170207,2200,83025, ,CFS
SHA,H,76,INFLOW,20170207,2300,70327, ,CFS
SHA,H,76,INFLOW,20170208,0000,69858, ,CFS
SHA,H,76,INFLOW,20170208,0100,76102, ,CFS
SHA,H,76,INFLOW,20170208,0200,66248, ,CFS
SHA,H,76,INFLOW,20170208,0300,65941, ,CFS
SHA,H,76,INFLOW,20170208,0400,72041, ,CFS
SHA,H,76,INFLOW,20170208,0500,66071, ,CFS
SHA,H,76,INFLOW,20170208,0600,69843, ,CFS
SHA,H,76,INFLOW,20170208,0700,63916, ,CFS
SHA,H,76,INFLOW,20170208,0800,61711, ,CFS
SHA,H,76,INFLOW,20170208,0900,63964, ,CFS
SHA,H,76,INFLOW,20170208,1000,60831, ,CFS
SHA,H,76,INFLOW,20170208,1100,60232, ,CFS
SHA,H,76,INFLOW,20170208,1200,66463, ,CFS
SHA,H,76,INFLOW,20170208,1300,59873, ,CFS
SHA,H,76,INFLOW,20170208,1400,59826, ,CFS
SHA,H,76,INFLOW,20170208,1500,66589, ,CFS
SHA,H,76,INFLOW,20170208,1600,69876, ,CFS
SHA,H,76,INFLOW,20170208,1700,78110, ,CFS
SHA,H,76,INFLOW,20170208,1800,70532, ,CFS
SHA,H,76,INFLOW,20170208,1900,70977, ,CFS
SHA,H,76,INFLOW,20170208,2000,93923, ,CFS
SHA,H,76,INFLOW,20170208,2100,100776, ,CFS
SHA,H,76,INFLOW,20170208,2200,87482, ,CFS
SHA,H,76,INFLOW,20170208,2300,103932, ,CFS
SHA,H,76,INFLOW,20170209,0000,96666, ,CFS
SHA,H,76,INFLOW,20170209,0100,102658, ,CFS
SHA,H,76,INFLOW,20170209,0200,99382, ,CFS
SHA,H,76,INFLOW,20170209,0300,99366, ,CFS
SHA,H,76,INFLOW,20170209,0400,105975, ,CFS
SHA,H,76,INFLOW,20170209,0500,102869, ,CFS
SHA,H,76,INFLOW,20170209,0600,93014, ,CFS
SHA,H,76,INFLOW,20170209,0700,109992, ,CFS
SHA,H,76,INFLOW,20170209,0800,90427, ,CFS
SHA,H,76,INFLOW,20170209,0900,134295, ,CFS
SHA,H,76,INFLOW,20170209,1000,93920, ,CFS
SHA,H,76,INFLOW,20170209,1100,111624, ,CFS
SHA,H,76,INFLOW,20170209,1200,141939, ,CFS
SHA,H,76,INFLOW,20170209,1300,111610, ,CFS
SHA,H,76,INFLOW,20170209,1400,151867, ,CFS
SHA,H,76,INFLOW,20170209,1500,154229, ,CFS
SHA,H,76,INFLOW,20170209,1600,145608, ,CFS
SHA,H,76,INFLOW,20170209,1700,142656, ,CFS
SHA,H,76,INFLOW,20170209,1800,165659, ,CFS
SHA,H,76,INFLOW,20170209,1900,162388, ,CFS
SHA,H,76,INFLOW,20170209,2000,149330, ,CFS
SHA,H,76,INFLOW,20170209,2100,159653, ,CFS
SHA,H,76,INFLOW,20170209,2200,170378, ,CFS
SHA,H,76,INFLOW,20170209,2300,151317, ,CFS
SHA,H,76,INFLOW,20170210,0000,171700, ,CFS
SHA,H,76,INFLOW,20170210,0100,150075, ,CFS
SHA,H,76,INFLOW,20170210,0200,150147, ,CFS
SHA,H,76,INFLOW,20170210,0300,137521, ,CFS
SHA,H,76,INFLOW,20170210,0400,137929, ,CFS
SHA,H,76,INFLOW,20170210,0500,141727, ,CFS
SHA,H,76,INFLOW,20170210,0600,125232, ,CFS
SHA,H,76,INFLOW,20170210,0700,128902, ,CFS
SHA,H,76,INFLOW,20170210,0800,122331, ,CFS
SHA,H,76,INFLOW,20170210,0900,111603, ,CFS
SHA,H,76,INFLOW,20170210,1000,118207, ,CFS
SHA,H,76,INFLOW,20170210,1100,108209, ,CFS
SHA,H,76,INFLOW,20170210,1200,104426, ,CFS
SHA,H,76,INFLOW,20170210,1300,111554, ,CFS
SHA,H,76,INFLOW,20170210,1400,101324, ,CFS
SHA,H,76,INFLOW,20170210,1500,98068, ,CFS
SHA,H,76,INFLOW,20170210,1600,93651, ,CFS
SHA,H,76,INFLOW,20170210,1700,98156, ,CFS
SHA,H,76,INFLOW,20170210,1800,90842, ,CFS
SHA,H,76,INFLOW,20170210,1900,87883, ,CFS
SHA,H,76,INFLOW,20170210,2000,84410, ,CFS
SHA,H,76,INFLOW,20170210,2100,84732, ,CFS
SHA,H,76,INFLOW,20170210,2200,80766, ,CFS
SHA,H,76,INFLOW,20170210,2300,77340, ,CFS
SHA,H,76,INFLOW,20170211,0000,76646, ,CFS
SHA,H,76,INFLOW,20170211,0100,81136, ,CFS
SHA,H,76,INFLOW,20170211,0200,72703, ,CFS
SHA,H,76,INFLOW,20170211,0300,77271, ,CFS
SHA,H,76,INFLOW,20170211,0400,69751, ,CFS
SHA,H,76,INFLOW,20170211,0500,69880, ,CFS
SHA,H,76,INFLOW,20170211,0600,73696, ,CFS
SHA,H,76,INFLOW,20170211,0700,66584, ,CFS
SHA,H,76,INFLOW,20170211,0800,71698, ,CFS
SHA,H,76,INFLOW,20170211,0900,59475, ,CFS
SHA,H,76,INFLOW,20170211,1000,73427, ,CFS
SHA,H,76,INFLOW,20170211,1100,56982, ,CFS
SHA,H,76,INFLOW,20170211,1200,64230, ,CFS
SHA,H,76,INFLOW,20170211,1300,63919, ,CFS
SHA,H,76,INFLOW,20170211,1400,59994, ,CFS
SHA,H,76,INFLOW,20170211,1500,58357, ,CFS
SHA,H,76,INFLOW,20170211,1600,58904, ,CFS
SHA,H,76,INFLOW,20170211,1700,61940, ,CFS
SHA,H,76,INFLOW,20170211,1800,66775, ,CFS
SHA,H,76,INFLOW,20170211,1900,56326, ,CFS
SHA,H,76,INFLOW,20170211,2000,62887, ,CFS
SHA,H,76,INFLOW,20170211,2100,58874, ,CFS
SHA,H,76,INFLOW,20170211,2200,62504, ,CFS
SHA,H,76,INFLOW,20170211,2300,59078, ,CFS
SHA,H,76,INFLOW,20170212,0000,55712, ,CFS
SHA,H,76,INFLOW,20170212,0100,59031, ,CFS
SHA,H,76,INFLOW,20170212,0200,58823, ,CFS
SHA,H,76,INFLOW,20170212,0300,58669, ,CFS
SHA,H,76,INFLOW,20170212,0400,55657, ,CFS
SHA,H,76,INFLOW,20170212,0500,59145, ,CFS
SHA,H,76,INFLOW,20170212,0600,56030, ,CFS
SHA,H,76,INFLOW,20170212,0700,48889, ,CFS
SHA,H,76,INFLOW,20170212,0800,51426, ,CFS
SHA,H,76,INFLOW,20170212,0900,57785, ,CFS
SHA,H,76,INFLOW,20170212,1000,52486, ,CFS
SHA,H,76,INFLOW,20170212,1100,52057, ,CFS
SHA,H,76,INFLOW,20170212,1200,50622, ,CFS
SHA,H,76,INFLOW,20170212,1300,53358, ,CFS
SHA,H,76,INFLOW,20170212,1400,47379, ,CFS
SHA,H,76,INFLOW,20170212,1500,51372, ,CFS
SHA,H,76,INFLOW,20170212,1600,51984, ,CFS
SHA,H,76,INFLOW,20170212,1700,49043, ,CFS
SHA,H,76,INFLOW,20170212,1800,53126, ,CFS
SHA,H,76,INFLOW,20170212,1900,49490, ,CFS
SHA,H,76,INFLOW,20170212,2000,49042, ,CFS
SHA,H,76,INFLOW,20170212,2100,49067, ,CFS
SHA,H,76,INFLOW,20170212,2200,48864, ,CFS
SHA,H,76,INFLOW,20170212,2300,52796, ,CFS
SHA,H,76,INFLOW,20170213,0000,48515, ,CFS
SHA,H,76,INFLOW,20170213,0100,45469, ,CFS
SHA,H,76,INFLOW,20170213,0200,44753, ,CFS
SHA,H,76,INFLOW,20170213,0300,51973, ,CFS
SHA,H,76,INFLOW,20170213,0400,44472, ,CFS
SHA,H,76,INFLOW,20170213,0500,44449, ,CFS
SHA,H,76,INFLOW,20170213,0600,45054, ,CFS
SHA,H,76,INFLOW,20170213,0700,37965, ,CFS
SHA,H,76,INFLOW,20170213,0800,48524, ,CFS
SHA,H,76,INFLOW,20170213,0900,41009, ,CFS
SHA,H,76,INFLOW,20170213,1000,45870, ,CFS
SHA,H,76,INFLOW,20170213,1100,42320, ,CFS
SHA,H,76,INFLOW,20170213,1200,38512, ,CFS
SHA,H,76,INFLOW,20170213,1300,39072, ,CFS
SHA,H,76,INFLOW,20170213,1400,46329, ,CFS
SHA,H,76,INFLOW,20170213,1500,40764, ,CFS
SHA,H,76,INFLOW,20170213,1600,43501, ,CFS
SHA,H,76,INFLOW,20170213,1700,41996, ,CFS
SHA,H,76,INFLOW,20170213,1800,37192, ,CFS
SHA,H,76,INFLOW,20170213,1900,44463, ,CFS
SHA,H,76,INFLOW,20170213,2000,37455, ,CFS
SHA,H,76,INFLOW,20170213,2100,40512, ,CFS
SHA,H,76,INFLOW,20170213,2200,40447, ,CFS
SHA,H,76,INFLOW,20170213,2300,36627, ,CFS
SHA,H,76,INFLOW,20170214,0000,39017, ,CFS
SHA,H,76,INFLOW,20170214,0100,42665, ,CFS
SHA,H,76,INFLOW,20170214,0200,38386, ,CFS
SHA,H,76,INFLOW,20170214,0300,38803, ,CFS
SHA,H,76,INFLOW,20170214,0400,38398, ,CFS
SHA,H,76,INFLOW,20170214,0500,32329, ,CFS
SHA,H,76,INFLOW,20170214,0600,42378, ,CFS
SHA,H,76,INFLOW,20170214,0700,35884, ,CFS
SHA,H,76,INFLOW,20170214,0800,37068, ,CFS
SHA,H,76,INFLOW,20170214,0900,33110, ,CFS
SHA,H,76,INFLOW,20170214,1000,28644, ,CFS
SHA,H,76,INFLOW,20170214,1100,35816, ,CFS
SHA,H,76,INFLOW,20170214,1200,38740, ,CFS
SHA,H,76,INFLOW,20170214,1300,31997, ,CFS
SHA,H,76,INFLOW,20170214,1400,34838, ,CFS
SHA,H,76,INFLOW,20170214,1500,35382, ,CFS
SHA,H,76,INFLOW,20170214,1600,32471, ,CFS
SHA,H,76,INFLOW,20170214,1700,40601, ,CFS
SHA,H,76,INFLOW,20170214,1800,30617, ,CFS
SHA,H,76,INFLOW,20170214,1900,37070, ,CFS
SHA,H,76,INFLOW,20170214,2000,37683, ,CFS
SHA,H,76,INFLOW,20170214,2100,30275, ,CFS
SHA,H,76,INFLOW,20170214,2200,32751, ,CFS
SHA,H,76,INFLOW,20170214,2300,30284, ,CFS
SHA,H,76,INFLOW,20170215,0000,34565, ,CFS
SHA,H,76,INFLOW,20170215,0100,32530, ,CFS
SHA,H,76,INFLOW,20170215,0200,30025, ,CFS
SHA,H,76,INFLOW,20170215,0300,32326, ,CFS
SHA,H,76,INFLOW,20170215,0400,34182, ,CFS
SHA,H,76,INFLOW,20170215,0500,37310, ,CFS
SHA,H,76,INFLOW,20170215,0600,22330, ,CFS
SHA,H,76,INFLOW,20170215,0700,33518, ,CFS
SHA,H,76,INFLOW,20170215,0800,26811, ,CFS
SHA,H,76,INFLOW,20170215,0900,33649, ,CFS
SHA,H,76,INFLOW,20170215,1000,33585, ,CFS
SHA,H,76,INFLOW,20170215,1100,29956, ,CFS
SHA,H,76,INFLOW,20170215,1200,33968, ,CFS
SHA,H,76,INFLOW,20170215,1300,32096, ,CFS
SHA,H,76,INFLOW,20170215,1400,20749, ,CFS
SHA,H,76,INFLOW,20170215,1500,32339, ,CFS
SHA,H,76,INFLOW,20170215,1600,28890, ,CFS
SHA,H,76,INFLOW,20170215,1700,32438, ,CFS
SHA,H,76,INFLOW,20170215,1800,24780, ,CFS
SHA,H,76,INFLOW,20170215,1900,27567, ,CFS
SHA,H,76,INFLOW,20170215,2000,27012, ,CFS
SHA,H,76,INFLOW,20170215,2100,26515, ,CFS
SHA,H,76,INFLOW,20170215,2200,39614, ,CFS
SHA,H,76,INFLOW,20170215,2300,11503, ,CFS
SHA,H,76,INFLOW,20170216,0000,27828, ,CFS
SHA,H,76,INFLOW,20170216,0100,28059, ,CFS
SHA,H,76,INFLOW,20170216,0200,27811, ,CFS
SHA,H,76,INFLOW,20170216,0300,51037, ,CFS
SHA,H,76,INFLOW,20170216,0400,30014, ,CFS
SHA,H,76,INFLOW,20170216,0500,36541, ,CFS
SHA,H,76,INFLOW,20170216,0600,29008, ,CFS
SHA,H,76,INFLOW,20170216,0700,24574, ,CFS
SHA,H,76,INFLOW,20170216,0800,35475, ,CFS
SHA,H,76,INFLOW,20170216,0900,37754, ,CFS
SHA,H,76,INFLOW,20170216,1000,34286, ,CFS
SHA,H,76,INFLOW,20170216,1100,27338, ,CFS
SHA,H,76,INFLOW,20170216,1200,40872, ,CFS
SHA,H,76,INFLOW,20170216,1300,37692, ,CFS
SHA,H,76,INFLOW,20170216,1400,34230, ,CFS
SHA,H,76,INFLOW,20170216,1500,34155, ,CFS
SHA,H,76,INFLOW,20170216,1600,31185, ,CFS
SHA,H,76,INFLOW,20170216,1700,42368, ,CFS
SHA,H,76,INFLOW,20170216,1800,22689, ,CFS
SHA,H,76,INFLOW,20170216,1900,40129, ,CFS
SHA,H,76,INFLOW,20170216,2000,33335, ,CFS
SHA,H,76,INFLOW,20170216,2100,37562, ,CFS
SHA,H,76,INFLOW,20170216,2200,34206, ,CFS
SHA,H,76,INFLOW,20170216,2300,30760, ,CFS
SHA,H,76,INFLOW,20170217,0000,34233, ,CFS
SHA,H,76,INFLOW,20170217,0100,30026, ,CFS
SHA,H,76,INFLOW,20170217,0200,37482, ,CFS
SHA,H,76,INFLOW,20170217,0300,31721, ,CFS
SHA,H,76,INFLOW,20170217,0400,35970, ,CFS
SHA,H,76,INFLOW,20170217,0500,29223, ,CFS
SHA,H,76,INFLOW,20170217,0600,29218, ,CFS
SHA,H,76,INFLOW,20170217,0700,36334, ,CFS
SHA,H,76,INFLOW,20170217,0800,34762, ,CFS
SHA,H,76,INFLOW,20170217,0900,33962, ,CFS
SHA,H,76,INFLOW,20170217,1000,30815, ,CFS
SHA,H,76,INFLOW,20170217,1100,27723, ,CFS
SHA,H,76,INFLOW,20170217,1200,33988, ,CFS
SHA,H,76,INFLOW,20170217,1300,24784, ,CFS
SHA,H,76,INFLOW,20170217,1400,35105, ,CFS
SHA,H,76,INFLOW,20170217,1500,37620, ,CFS
SHA,H,76,INFLOW,20170217,1600,31912, ,CFS
SHA,H,76,INFLOW,20170217,1700,34181, ,CFS
SHA,H,76,INFLOW,20170217,1800,30890, ,CFS
SHA,H,76,INFLOW,20170217,1900,29192, ,CFS
SHA,H,76,INFLOW,20170217,2000,38211, ,CFS
SHA,H,76,INFLOW,20170217,2100,35015, ,CFS
SHA,H,76,INFLOW,20170217,2200,35618, ,CFS
SHA,H,76,INFLOW,20170217,2300,35352, ,CFS
SHA,H,76,INFLOW,20170218,0000,35237, ,CFS
SHA,H,76,INFLOW,20170218,0100,35343, ,CFS
SHA,H,76,INFLOW,20170218,0200,38719, ,CFS
SHA,H,76,INFLOW,20170218,0300,30360, ,CFS
SHA,H,76,INFLOW,20170218,0400,40739, ,CFS
SHA,H,76,INFLOW,20170218,0500,37235, ,CFS
SHA,H,76,INFLOW,20170218,0600,30832, ,CFS
SHA,H,76,INFLOW,20170218,0700,35391, ,CFS
SHA,H,76,INFLOW,20170218,0800,38790, ,CFS
SHA,H,76,INFLOW,20170218,0900,32034, ,CFS
SHA,H,76,INFLOW,20170218,1000,38589, ,CFS
SHA,H,76,INFLOW,20170218,1100,34928, ,CFS
SHA,H,76,INFLOW,20170218,1200,34987, ,CFS
SHA,H,76,INFLOW,20170218,1300,38279, ,CFS
SHA,H,76,INFLOW,20170218,1400,34933, ,CFS
SHA,H,76,INFLOW,20170218,1500,34818, ,CFS
SHA,H,76,INFLOW,20170218,1600,34863, ,CFS
SHA,H,76,INFLOW,20170218,1700,35470, ,CFS
SHA,H,76,INFLOW,20170218,1800,32362, ,CFS
SHA,H,76,INFLOW,20170218,1900,35749, ,CFS
SHA,H,76,INFLOW,20170218,2000,35740, ,CFS
SHA,H,76,INFLOW,20170218,2100,35572, ,CFS
SHA,H,76,INFLOW,20170218,2200,31970, ,CFS
SHA,H,76,INFLOW,20170218,2300,28585, ,CFS
SHA,H,76,INFLOW,20170219,0000,38726, ,CFS
SHA,H,76,INFLOW,20170219,0100,31805, ,CFS
SHA,H,76,INFLOW,20170219,0200,35015, ,CFS
SHA,H,76,INFLOW,20170219,0300,38431, ,CFS
SHA,H,76,INFLOW,20170219,0400,31803, ,CFS
SHA,H,76,INFLOW,20170219,0500,28679, ,CFS
SHA,H,76,INFLOW,20170219,0600,35054, ,CFS
SHA,H,76,INFLOW,20170219,0700,35166, ,CFS
SHA,H,76,INFLOW,20170219,0800,31874, ,CFS
SHA,H,76,INFLOW,20170219,0900,28002, ,CFS
SHA,H,76,INFLOW,20170219,1000,38434, ,CFS
SHA,H,76,INFLOW,20170219,1100,38597, ,CFS
SHA,H,76,INFLOW,20170219,1200,31807, ,CFS
SHA,H,76,INFLOW,20170219,1300,35170, ,CFS
SHA,H,76,INFLOW,20170219,1400,38562, ,CFS
SHA,H,76,INFLOW,20170219,1500,34504, ,CFS
SHA,H,76,INFLOW,20170219,1600,43986, ,CFS
SHA,H,76,INFLOW,20170219,1700,39815, ,CFS
SHA,H,76,INFLOW,20170219,1800,38454, ,CFS
SHA,H,76,INFLOW,20170219,1900,40637, ,CFS
SHA,H,76,INFLOW,20170219,2000,44138, ,CFS
SHA,H,76,INFLOW,20170219,2100,37552, ,CFS
SHA,H,76,INFLOW,20170219,2200,44434, ,CFS
SHA,H,76,INFLOW,20170219,2300,41097, ,CFS
SHA,H,76,INFLOW,20170220,0000,46043, ,CFS
SHA,H,76,INFLOW,20170220,0100,49473, ,CFS
SHA,H,76,INFLOW,20170220,0200,42662, ,CFS
SHA,H,76,INFLOW,20170220,0300,65528, ,CFS
SHA,H,76,INFLOW,20170220,0400,36769, ,CFS
SHA,H,76,INFLOW,20170220,0500,64533, ,CFS
SHA,H,76,INFLOW,20170220,0600,71728, ,CFS
SHA,H,76,INFLOW,20170220,0700,41226, ,CFS
SHA,H,76,INFLOW,20170220,0800,61319, ,CFS
SHA,H,76,INFLOW,20170220,0900,68660, ,CFS
SHA,H,76,INFLOW,20170220,1000,52672, ,CFS
SHA,H,76,INFLOW,20170220,1100,69148, ,CFS
SHA,H,76,INFLOW,20170220,1200,66257, ,CFS
SHA,H,76,INFLOW,20170220,1300,66288, ,CFS
SHA,H,76,INFLOW,20170220,1400,69710, ,CFS
SHA,H,76,INFLOW,20170220,1500,76522, ,CFS
SHA,H,76,INFLOW,20170220,1600,73082, ,CFS
SHA,H,76,INFLOW,20170220,1700,62998, ,CFS
SHA,H,76,INFLOW,20170220,1800,76213, ,CFS
SHA,H,76,INFLOW,20170220,1900,76057, ,CFS
SHA,H,76,INFLOW,20170220,2000,72976, ,CFS
SHA,H,76,INFLOW,20170220,2100,83265, ,CFS
SHA,H,76,INFLOW,20170220,2200,76124, ,CFS
SHA,H,76,INFLOW,20170220,2300,75092, ,CFS
SHA,H,76,INFLOW,20170221,0000,80250, ,CFS
SHA,H,76,INFLOW,20170221,0100,90538, ,CFS
SHA,H,76,INFLOW,20170221,0200,66591, ,CFS
SHA,H,76,INFLOW,20170221,0300,86560, ,CFS
SHA,H,76,INFLOW,20170221,0400,96869, ,CFS
SHA,H,76,INFLOW,20170221,0500,60071, ,CFS
SHA,H,76,INFLOW,20170221,0600,94006, ,CFS
SHA,H,76,INFLOW,20170221,0700,77254, ,CFS
SHA,H,76,INFLOW,20170221,0800,69942, ,CFS
SHA,H,76,INFLOW,20170221,0900,84233, ,CFS
SHA,H,76,INFLOW,20170221,1000,78998, ,CFS
SHA,H,76,INFLOW,20170221,1100,73557, ,CFS
SHA,H,76,INFLOW,20170221,1200,70268, ,CFS
SHA,H,76,INFLOW,20170221,1300,73221, ,CFS
SHA,H,76,INFLOW,20170221,1400,66623, ,CFS
SHA,H,76,INFLOW,20170221,1500,77316, ,CFS
SHA,H,76,INFLOW,20170221,1600,61555, ,CFS
SHA,H,76,INFLOW,20170221,1700,67350, ,CFS
SHA,H,76,INFLOW,20170221,1800,67330, ,CFS
SHA,H,76,INFLOW,20170221,1900,63920, ,CFS
SHA,H,76,INFLOW,20170221,2000,63892, ,CFS
SHA,H,76,INFLOW,20170221,2100,66867, ,CFS
SHA,H,76,INFLOW,20170221,2200,60242, ,CFS
SHA,H,76,INFLOW,20170221,2300,66355, ,CFS
SHA,H,76,INFLOW,20170222,0000,56085, ,CFS
SHA,H,76,INFLOW,20170222,0100,56305, ,CFS
SHA,H,76,INFLOW,20170222,0200,63291, ,CFS
SHA,H,76,INFLOW,20170222,0300,50058, ,CFS
SHA,H,76,INFLOW,20170222,0400,53615, ,CFS
SHA,H,76,INFLOW,20170222,0500,60895, ,CFS
SHA,H,76,INFLOW,20170222,0600,53391, ,CFS
SHA,H,76,INFLOW,20170222,0700,53592, ,CFS
SHA,H,76,INFLOW,20170222,0800,48247, ,CFS
SHA,H,76,INFLOW,20170222,0900,50122, ,CFS
SHA,H,76,INFLOW,20170222,1000,52829, ,CFS
SHA,H,76,INFLOW,20170222,1100,49210, ,CFS
SHA,H,76,INFLOW,20170222,1200,45742, ,CFS
SHA,H,76,INFLOW,20170222,1300,45594, ,CFS
SHA,H,76,INFLOW,20170222,1400,46148, ,CFS
SHA,H,76,INFLOW,20170222,1500,52818, ,CFS
SHA,H,76,INFLOW,20170222,1600,50900, ,CFS
SHA,H,76,INFLOW,20170222,1700,50688, ,CFS
SHA,H,76,INFLOW,20170222,1800,44242, ,CFS
SHA,H,76,INFLOW,20170222,1900,47997, ,CFS
SHA,H,76,INFLOW,20170222,2000,41328, ,CFS
SHA,H,76,INFLOW,20170222,2100,44530, ,CFS
SHA,H,76,INFLOW,20170222,2200,44201, ,CFS
SHA,H,76,INFLOW,20170222,2300,51832, ,CFS
SHA,H,76,INFLOW,20170223,0000,37304, ,CFS
SHA,H,76,INFLOW,20170223,0100,44246, ,CFS
SHA,H,76,INFLOW,20170223,0200,44231, ,CFS
SHA,H,76,INFLOW,20170223,0300,40828, ,CFS
SHA,H,76,INFLOW,20170223,0400,40774, ,CFS
SHA,H,76,INFLOW,20170223,0500,44208, ,CFS
SHA,H,76,INFLOW,20170223,0600,45633, ,CFS
SHA,H,76,INFLOW,20170223,0700,39528, ,CFS
SHA,H,76,INFLOW,20170223,0800,43171, ,CFS
SHA,H,76,INFLOW,20170223,0900,46401, ,CFS
SHA,H,76,INFLOW,20170223,1000,39493, ,CFS
SHA,H,76,INFLOW,20170223,1100,36059, ,CFS
SHA,H,76,INFLOW,20170223,1200,36107, ,CFS
SHA,H,76,INFLOW,20170223,1300,39101, ,CFS
SHA,H,76,INFLOW,20170223,1400,39508, ,CFS
SHA,H,76,INFLOW,20170223,1500,39449, ,CFS
SHA,H,76,INFLOW,20170223,1600,42853, ,CFS
SHA,H,76,INFLOW,20170223,1700,39437, ,CFS
SHA,H,76,INFLOW,20170223,1800,43181, ,CFS
SHA,H,76,INFLOW,20170223,1900,39213, ,CFS
SHA,H,76,INFLOW,20170223,2000,43717, ,CFS
SHA,H,76,INFLOW,20170223,2100,44271, ,CFS
SHA,H,76,INFLOW,20170223,2200,40855, ,CFS
SHA,H,76,INFLOW,20170223,2300,40844, ,CFS
SHA,H,76,INFLOW,20170224,0000,37779, ,CFS
SHA,H,76,INFLOW,20170224,0100,40823, ,CFS
SHA,H,76,INFLOW,20170224,0200,40815, ,CFS
SHA,H,76,INFLOW,20170224,0300,40335, ,CFS
SHA,H,76,INFLOW,20170224,0400,37440, ,CFS
SHA,H,76,INFLOW,20170224,0500,44196, ,CFS
SHA,H,76,INFLOW,20170224,0600,33939, ,CFS
SHA,H,76,INFLOW,20170224,0700,37321, ,CFS
SHA,H,76,INFLOW,20170224,0800,40300, ,CFS
SHA,H,76,INFLOW,20170224,0900,40983, ,CFS
SHA,H,76,INFLOW,20170224,1000,34279, ,CFS
SHA,H,76,INFLOW,20170224,1100,41089, ,CFS
SHA,H,76,INFLOW,20170224,1200,34242, ,CFS
SHA,H,76,INFLOW,20170224,1300,34052, ,CFS
SHA,H,76,INFLOW,20170224,1400,33650, ,CFS
SHA,H,76,INFLOW,20170224,1500,33494, ,CFS
SHA,H,76,INFLOW,20170224,1600,35026, ,CFS
SHA,H,76,INFLOW,20170224,1700,28539, ,CFS
SHA,H,76,INFLOW,20170224,1800,35378, ,CFS
SHA,H,76,INFLOW,20170224,1900,38570, ,CFS
SHA,H,76,INFLOW,20170224,2000,35528, ,CFS
SHA,H,76,INFLOW,20170224,2100,36575, ,CFS
SHA,H,76,INFLOW,20170224,2200,37068, ,CFS
SHA,H,76,INFLOW,20170224,2300,34100, ,CFS
SHA,H,76,INFLOW,20170225,0000,37346, ,CFS
SHA,H,76,INFLOW,20170225,0100,33993, ,CFS
SHA,H,76,INFLOW,20170225,0200,33527, ,CFS
SHA,H,76,INFLOW,20170225,0300,33546, ,CFS
SHA,H,76,INFLOW,20170225,0400,37306, ,CFS
SHA,H,76,INFLOW,20170225,0500,36990, ,CFS
SHA,H,76,INFLOW,20170225,0600,34178, ,CFS
SHA,H,76,INFLOW,20170225,0700,33755, ,CFS
SHA,H,76,INFLOW,20170225,0800,29198, ,CFS
SHA,H,76,INFLOW,20170225,0900,35501, ,CFS
SHA,H,76,INFLOW,20170225,1000,32185, ,CFS
SHA,H,76,INFLOW,20170225,1100,31900, ,CFS
SHA,H,76,INFLOW,20170225,1200,31661, ,CFS
SHA,H,76,INFLOW,20170225,1300,35719, ,CFS
SHA,H,76,INFLOW,20170225,1400,33027, ,CFS
SHA,H,76,INFLOW,20170225,1500,36864, ,CFS
SHA,H,76,INFLOW,20170225,1600,30734, ,CFS
SHA,H,76,INFLOW,20170225,1700,30817, ,CFS
SHA,H,76,INFLOW,20170225,1800,30903, ,CFS
SHA,H,76,INFLOW,20170225,1900,33892, ,CFS
SHA,H,76,INFLOW,20170225,2000,33700, ,CFS
SHA,H,76,INFLOW,20170225,2100,30838, ,CFS
SHA,H,76,INFLOW,20170225,2200,26959, ,CFS
SHA,H,76,INFLOW,20170225,2300,34198, ,CFS
SHA,H,76,INFLOW,20170226,0000,30722, ,CFS
SHA,H,76,INFLOW,20170226,0100,30672, ,CFS
SHA,H,76,INFLOW,20170226,0200,30191, ,CFS
SHA,H,76,INFLOW,20170226,0300,27212, ,CFS
SHA,H,76,INFLOW,20170226,0400,33749, ,CFS
SHA,H,76,INFLOW,20170226,0500,26663, ,CFS
SHA,H,76,INFLOW,20170226,0600,30114, ,CFS
SHA,H,76,INFLOW,20170226,0700,27535, ,CFS
SHA,H,76,INFLOW,20170226,0800,27345, ,CFS
SHA,H,76,INFLOW,20170226,0900,29642, ,CFS
SHA,H,76,INFLOW,20170226,1000,26506, ,CFS
SHA,H,76,INFLOW,20170226,1100,23253, ,CFS
SHA,H,76,INFLOW,20170226,1200,29452, ,CFS
SHA,H,76,INFLOW,20170226,1300,31035, ,CFS
SHA,H,76,INFLOW,20170226,1400,24590, ,CFS
SHA,H,76,INFLOW,20170226,1500,24671, ,CFS
SHA,H,76,INFLOW,20170226,1600,34872, ,CFS
SHA,H,76,INFLOW,20170226,1700,20947, ,CFS
SHA,H,76,INFLOW,20170226,1800,34268, ,CFS
SHA,H,76,INFLOW,20170226,1900,24485, ,CFS
SHA,H,76,INFLOW,20170226,2000,27021, ,CFS
SHA,H,76,INFLOW,20170226,2100,26681, ,CFS
SHA,H,76,INFLOW,20170226,2200,26974, ,CFS
SHA,H,76,INFLOW,20170226,2300,26748, ,CFS
SHA,H,76,INFLOW,20170227,0000,26673, ,CFS
SHA,H,76,INFLOW,20170227,0100,29945, ,CFS
SHA,H,76,INFLOW,20170227,0200,27326, ,CFS
SHA,H,76,INFLOW,20170227,0300,23785, ,CFS
SHA,H,76,INFLOW,20170227,0400,27174, ,CFS
SHA,H,76,INFLOW,20170227,0500,27295, ,CFS
SHA,H,76,INFLOW,20170227,0600,23832, ,CFS
SHA,H,76,INFLOW,20170227,0700,24292, ,CFS
SHA,H,76,INFLOW,20170227,0800,20974, ,CFS
SHA,H,76,INFLOW,20170227,0900,27068, ,CFS
SHA,H,76,INFLOW,20170227,1000,24387, ,CFS
SHA,H,76,INFLOW,20170227,1100,17791, ,CFS
SHA,H,76,INFLOW,20170227,1200,27256, ,CFS
SHA,H,76,INFLOW,20170227,1300,23675, ,CFS
SHA,H,76,INFLOW,20170227,1400,26896, ,CFS
SHA,H,76,INFLOW,20170227,1500,17358, ,CFS
SHA,H,76,INFLOW,20170227,1600,23483, ,CFS
SHA,H,76,INFLOW,20170227,1700,23884, ,CFS
SHA,H,76,INFLOW,20170227,1800,21194, ,CFS
SHA,H,76,INFLOW,20170227,1900,24352, ,CFS
SHA,H,76,INFLOW,20170227,2000,17455, ,CFS
SHA,H,76,INFLOW,20170227,2100,27403, ,CFS
SHA,H,76,INFLOW,20170227,2200,21086, ,CFS
SHA,H,76,INFLOW,20170227,2300,21184, ,CFS
SHA,H,76,INFLOW,20170228,0000,24481, ,CFS
SHA,H,76,INFLOW,20170228,0100,24192, ,CFS
SHA,H,76,INFLOW,20170228,0200,17214, ,CFS
SHA,H,76,INFLOW,20170228,0300,20462, ,CFS
SHA,H,76,INFLOW,20170228,0400,20844, ,CFS
SHA,H,76,INFLOW,20170228,0500,21477, ,CFS
SHA,H,76,INFLOW,20170228,0600,18736, ,CFS
SHA,H,76,INFLOW,20170228,0700,19699, ,CFS
SHA,H,76,INFLOW,20170228,0800,21705, ,CFS
SHA,H,76,INFLOW,20170228,0900,18499, ,CFS
SHA,H,76,INFLOW,20170228,1000,18600, ,CFS
SHA,H,76,INFLOW,20170228,1100,22455, ,CFS
SHA,H,76,INFLOW,20170228,1200,10578, ,CFS
SHA,H,76,INFLOW,20170228,1300,20553, ,CFS
SHA,H,76,INFLOW,20170228,1400,23399, ,CFS
SHA,H,76,INFLOW,20170228,1500,1394, ,CFS
SHA,H,76,INFLOW,20170228,1600,33346, ,CFS
SHA,H,76,INFLOW,20170228,1700,27266, ,CFS
SHA,H,76,INFLOW,20170228,1800,20965, ,CFS
SHA,H,76,INFLOW,20170228,1900,26965, ,CFS
SHA,H,76,INFLOW,20170228,2000,27727, ,CFS
SHA,H,76,INFLOW,20170228,2100,21119, ,CFS
SHA,H,76,INFLOW,20170228,2200,27508, ,CFS
SHA,H,76,INFLOW,20170228,2300,23918, ,CFS
SHA,H,76,INFLOW,20170301,0000,24184, ,CFS
SHA,H,76,INFLOW,20170301,0100,23483, ,CFS
SHA,H,76,INFLOW,20170301,0200,20695, ,CFS
SHA,H,76,INFLOW,20170301,0300,20692, ,CFS
SHA,H,76,INFLOW,20170301,0400,23933, ,CFS
SHA,H,76,INFLOW,20170301,0500,20428, ,CFS
SHA,H,76,INFLOW,20170301,0600,20862, ,CFS
SHA,H,76,INFLOW,20170301,0700,20940, ,CFS
SHA,H,76,INFLOW,20170301,0800,20391, ,CFS
SHA,H,76,INFLOW,20170301,0900,19637, ,CFS
SHA,H,76,INFLOW,20170301,1000,15359, ,CFS
SHA,H,76,INFLOW,20170301,1100,21389, ,CFS
SHA,H,76,INFLOW,20170301,1200,14818, ,CFS
SHA,H,76,INFLOW,20170301,1300,18540, ,CFS
SHA,H,76,INFLOW,20170301,1400,18610, ,CFS
SHA,H,76,INFLOW,20170301,1500,18837, ,CFS
SHA,H,76,INFLOW,20170301,1600,15592, ,CFS
SHA,H,76,INFLOW,20170301,1700,15604, ,CFS
SHA,H,76,INFLOW,20170301,1800,15203, ,CFS
SHA,H,76,INFLOW,20170301,1900,-2436, ,CFS
SHA,H,76,INFLOW,20170301,2000,19681, ,CFS
SHA,H,76,INFLOW,20170301,2100,9771, ,CFS
SHA,H,76,INFLOW,20170301,2200,9974, ,CFS
SHA,H,76,INFLOW,20170301,2300,16492, ,CFS
SHA,H,76,INFLOW,20170302,0000,3951, ,CFS
SHA,H,76,INFLOW,20170302,0100,13493, ,CFS
SHA,H,76,INFLOW,20170302,0200,10279, ,CFS
SHA,H,76,INFLOW,20170302,0300,7111, ,CFS
SHA,H,76,INFLOW,20170302,0400,9889, ,CFS
SHA,H,76,INFLOW,20170302,0500,6980, ,CFS
SHA,H,76,INFLOW,20170302,0600,5035, ,CFS
SHA,H,76,INFLOW,20170302,0700,12139, ,CFS
SHA,H,76,INFLOW,20170302,0800,12136, ,CFS
SHA,H,76,INFLOW,20170302,0900,14944, ,CFS
SHA,H,76,INFLOW,20170302,1000,24630, ,CFS
SHA,H,76,INFLOW,20170302,1100,20948, ,CFS
SHA,H,76,INFLOW,20170302,1200,20925, ,CFS
SHA,H,76,INFLOW,20170302,1300,23976, ,CFS
SHA,H,76,INFLOW,20170302,1400,24027, ,CFS
SHA,H,76,INFLOW,20170302,1500,14840, ,CFS
SHA,H,76,INFLOW,20170302,1600,20736, ,CFS
SHA,H,76,INFLOW,20170302,1700,15332, ,CFS
SHA,H,76,INFLOW,20170302,1800,18468, ,CFS
SHA,H,76,INFLOW,20170302,1900,12199, ,CFS
SHA,H,76,INFLOW,20170302,2000,15163, ,CFS
SHA,H,76,INFLOW,20170302,2100,11995, ,CFS
SHA,H,76,INFLOW,20170302,2200,14066, ,CFS
SHA,H,76,INFLOW,20170302,2300,16241, ,CFS
SHA,H,76,INFLOW,20170303,0000,12545, ,CFS
SHA,H,76,INFLOW,20170303,0100,11440, ,CFS
SHA,H,76,INFLOW,20170303,0200,11673, ,CFS
SHA,H,76,INFLOW,20170303,0300,11795, ,CFS
SHA,H,76,INFLOW,20170303,0400,17871, ,CFS
SHA,H,76,INFLOW,20170303,0500,9548, ,CFS
SHA,H,76,INFLOW,20170303,0600,13336, ,CFS
SHA,H,76,INFLOW,20170303,0700,16546, ,CFS
SHA,H,76,INFLOW,20170303,0800,10129, ,CFS
SHA,H,76,INFLOW,20170303,0900,9748, ,CFS
SHA,H,76,INFLOW,20170303,1000,6971, ,CFS
SHA,H,76,INFLOW,20170303,1100,13521, ,CFS
SHA,H,76,INFLOW,20170303,1200,16261, ,CFS
SHA,H,76,INFLOW,20170303,1300,9846, ,CFS
SHA,H,76,INFLOW,20170303,1400,16777, ,CFS
SHA,H,76,INFLOW,20170303,1500,13890, ,CFS
SHA,H,76,INFLOW,20170303,1600,15157, ,CFS
SHA,H,76,INFLOW,20170303,1700,21664, ,CFS
SHA,H,76,INFLOW,20170303,1800,19938, ,CFS
SHA,H,76,INFLOW,20170303,1900,10957, ,CFS
SHA,H,76,INFLOW,20170303,2000,10666, ,CFS
SHA,H,76,INFLOW,20170303,2100,18337, ,CFS
SHA,H,76,INFLOW,20170303,2200,15311, ,CFS
SHA,H,76,INFLOW,20170303,2300,15124, ,CFS
SHA,H,76,INFLOW,20170304,0000,17911, ,CFS
SHA,H,76,INFLOW,20170304,0100,18833, ,CFS
SHA,H,76,INFLOW,20170304,0200,15859, ,CFS
SHA,H,76,INFLOW,20170304,0300,15329, ,CFS
SHA,H,76,INFLOW,20170304,0400,10679, ,CFS
SHA,H,76,INFLOW,20170304,0500,4516, ,CFS
SHA,H,76,INFLOW,20170304,0600,10867, ,CFS
SHA,H,76,INFLOW,20170304,0700,16243, ,CFS
SHA,H,76,INFLOW,20170304,0800,25087, ,CFS
SHA,H,76,INFLOW,20170304,0900,12156, ,CFS
SHA,H,76,INFLOW,20170304,1000,11659, ,CFS
SHA,H,76,INFLOW,20170304,1100,15259, ,CFS
SHA,H,76,INFLOW,20170304,1200,8519, ,CFS
SHA,H,76,INFLOW,20170304,1300,11762, ,CFS
SHA,H,76,INFLOW,20170304,1400,23647, ,CFS
SHA,H,76,INFLOW,20170304,1500,11218, ,CFS
SHA,H,76,INFLOW,20170304,1600,10389, ,CFS
SHA,H,76,INFLOW,20170304,1700,26207, ,CFS
SHA,H,76,INFLOW,20170304,1800,26030, ,CFS
SHA,H,76,INFLOW,20170304,1900,13793, ,CFS
SHA,H,76,INFLOW,20170304,2000,29020, ,CFS
SHA,H,76,INFLOW,20170304,2100,4527, ,CFS
SHA,H,76,INFLOW,20170304,2200,21629, ,CFS
SHA,H,76,INFLOW,20170304,2300,9175, ,CFS
SHA,H,76,INFLOW,20170305,0000,24350, ,CFS
SHA,H,76,INFLOW,20170305,0100,17927, ,CFS
SHA,H,76,INFLOW,20170305,0200,18097, ,CFS
SHA,H,76,INFLOW,20170305,0300,11869, ,CFS
SHA,H,76,INFLOW,20170305,0400,23948, ,CFS
SHA,H,76,INFLOW,20170305,0500,5781, ,CFS
SHA,H,76,INFLOW,20170305,0600,24562, ,CFS
SHA,H,76,INFLOW,20170305,0700,16008, ,CFS
SHA,H,76,INFLOW,20170305,0800,12661, ,CFS
SHA,H,76,INFLOW,20170305,0900,21778, ,CFS
SHA,H,76,INFLOW,20170305,1000,12796, ,CFS
SHA,H,76,INFLOW,20170305,1100,9872, ,CFS
SHA,H,76,INFLOW,20170305,1200,9811, ,CFS
SHA,H,76,INFLOW,20170305,1300,18964, ,CFS
SHA,H,76,INFLOW,20170305,1400,10013, ,CFS
SHA,H,76,INFLOW,20170305,1500,15611, ,CFS
SHA,H,76,INFLOW,20170305,1600,18219, ,CFS
SHA,H,76,INFLOW,20170305,1700,6704, ,CFS
SHA,H,76,INFLOW,20170305,1800,24396, ,CFS
SHA,H,76,INFLOW,20170305,1900,13070, ,CFS
SHA,H,76,INFLOW,20170305,2000,15645, ,CFS
SHA,H,76,INFLOW,20170305,2100,12468, ,CFS
SHA,H,76,INFLOW,20170305,2200,9577, ,CFS
SHA,H,76,INFLOW,20170305,2300,18888, ,CFS
SHA,H,76,INFLOW,20170306,0000,13072, ,CFS
SHA,H,76,INFLOW,20170306,0100,12798, ,CFS
SHA,H,76,INFLOW,20170306,0200,18699, ,CFS
SHA,H,76,INFLOW,20170306,0300,12356, ,CFS
SHA,H,76,INFLOW,20170306,0400,18574, ,CFS
SHA,H,76,INFLOW,20170306,0500,15494, ,CFS
SHA,H,76,INFLOW,20170306,0600,15692, ,CFS
SHA,H,76,INFLOW,20170306,0700,15806, ,CFS
SHA,H,76,INFLOW,20170306,0800,15145, ,CFS
SHA,H,76,INFLOW,20170306,0900,15576, ,CFS
SHA,H,76,INFLOW,20170306,1000,6941, ,CFS
SHA,H,76,INFLOW,20170306,1100,18825, ,CFS
SHA,H,76,INFLOW,20170306,1200,12783, ,CFS
SHA,H,76,INFLOW,20170306,1300,15600, ,CFS
SHA,H,76,INFLOW,20170306,1400,18381, ,CFS
SHA,H,76,INFLOW,20170306,1500,12040, ,CFS
SHA,H,76,INFLOW,20170306,1600,24338, ,CFS
SHA,H,76,INFLOW,20170306,1700,26349, ,CFS
SHA,H,76,INFLOW,20170306,1800,12465, ,CFS
SHA,H,76,INFLOW,20170306,1900,6538, ,CFS
SHA,H,76,INFLOW,20170306,2000,21661, ,CFS
SHA,H,76,INFLOW,20170306,2100,9748, ,CFS
SHA,H,76,INFLOW,20170306,2200,15758, ,CFS
SHA,H,76,INFLOW,20170306,2300,18500, ,CFS
SHA,H,76,INFLOW,20170307,0000,6803, ,CFS
SHA,H,76,INFLOW,20170307,0100,17846, ,CFS
SHA,H,76,INFLOW,20170307,0200,11604, ,CFS
SHA,H,76,INFLOW,20170307,0300,14299, ,CFS
SHA,H,76,INFLOW,20170307,0400,15665, ,CFS
SHA,H,76,INFLOW,20170307,0500,11474, ,CFS
SHA,H,76,INFLOW,20170307,0600,14791, ,CFS
SHA,H,76,INFLOW,20170307,0700,14787, ,CFS
SHA,H,76,INFLOW,20170307,0800,14670, ,CFS
SHA,H,76,INFLOW,20170307,0900,14545, ,CFS
SHA,H,76,INFLOW,20170307,1000,23905, ,CFS
SHA,H,76,INFLOW,20170307,1100,20987, ,CFS
SHA,H,76,INFLOW,20170307,1200,17763, ,CFS
SHA,H,76,INFLOW,20170307,1300,18533, ,CFS
SHA,H,76,INFLOW,20170307,1400,27125, ,CFS
SHA,H,76,INFLOW,20170307,1500,20861, ,CFS
SHA,H,76,INFLOW,20170307,1600,20968, ,CFS
SHA,H,76,INFLOW,20170307,1700,8756, ,CFS
SHA,H,76,INFLOW,20170307,1800,17783, ,CFS
SHA,H,76,INFLOW,20170307,1900,42347, ,CFS
SHA,H,76,INFLOW,20170307,2000,6386, ,CFS
SHA,H,76,INFLOW,20170307,2100,6234, ,CFS
SHA,H,76,INFLOW,20170307,2200,30257, ,CFS
SHA,H,76,INFLOW,20170307,2300,536, ,CFS
SHA,H,76,INFLOW,20170308,0000,18449, ,CFS
SHA,H,76,INFLOW,20170308,0100,21070, ,CFS
SHA,H,76,INFLOW,20170308,0200,9462, ,CFS
SHA,H,76,INFLOW,20170308,0300,15029, ,CFS
SHA,H,76,INFLOW,20170308,0400,15172, ,CFS
SHA,H,76,INFLOW,20170308,0500,10009, ,CFS
SHA,H,76,INFLOW,20170308,0600,21690, ,CFS
SHA,H,76,INFLOW,20170308,0700,9397, ,CFS
SHA,H,76,INFLOW,20170308,0800,15286, ,CFS
SHA,H,76,INFLOW,20170308,0900,18092, ,CFS
SHA,H,76,INFLOW,20170308,1000,144, ,CFS
SHA,H,76,INFLOW,20170308,1100,32636, ,CFS
SHA,H,76,INFLOW,20170308,1200,17591, ,CFS
SHA,H,76,INFLOW,20170308,1300,20511, ,CFS
SHA,H,76,INFLOW,20170308,1400,26481, ,CFS
SHA,H,76,INFLOW,20170308,1500,23516, ,CFS
SHA,H,76,INFLOW,20170308,1600,5595, ,CFS
SHA,H,76,INFLOW,20170308,1700,21664, ,CFS
SHA,H,76,INFLOW,20170308,1800,21025, ,CFS
SHA,H,76,INFLOW,20170308,1900,3096, ,CFS
SHA,H,76,INFLOW,20170308,2000,23612, ,CFS
SHA,H,76,INFLOW,20170308,2100,17352, ,CFS
SHA,H,76,INFLOW,20170308,2200,8410, ,CFS
SHA,H,76,INFLOW,20170308,2300,21364, ,CFS
SHA,H,76,INFLOW,20170309,0000,12142, ,CFS
SHA,H,76,INFLOW,20170309,0100,17426, ,CFS
SHA,H,76,INFLOW,20170309,0200,17137, ,CFS
SHA,H,76,INFLOW,20170309,0300,10329, ,CFS
SHA,H,76,INFLOW,20170309,0400,19232, ,CFS
SHA,H,76,INFLOW,20170309,0500,16475, ,CFS
SHA,H,76,INFLOW,20170309,0600,14164, ,CFS
SHA,H,76,INFLOW,20170309,0700,19222, ,CFS
SHA,H,76,INFLOW,20170309,0800,16042, ,CFS
SHA,H,76,INFLOW,20170309,0900,3651, ,CFS
SHA,H,76,INFLOW,20170309,1000,21544, ,CFS
SHA,H,76,INFLOW,20170309,1100,10424, ,CFS
SHA,H,76,INFLOW,20170309,1200,13641, ,CFS
SHA,H,76,INFLOW,20170309,1300,-19101, ,CFS
SHA,H,76,INFLOW,20170309,1400,13756, ,CFS
SHA,H,76,INFLOW,20170309,1500,19813, ,CFS
SHA,H,76,INFLOW,20170309,1600,22914, ,CFS
SHA,H,76,INFLOW,20170309,1700,20473, ,CFS
SHA,H,76,INFLOW,20170309,1800,15451, ,CFS
SHA,H,76,INFLOW,20170309,1900,13397, ,CFS
SHA,H,76,INFLOW,20170309,2000,18866, ,CFS
SHA,H,76,INFLOW,20170309,2100,15482, ,CFS
SHA,H,76,INFLOW,20170309,2200,11623, ,CFS
SHA,H,76,INFLOW,20170309,2300,20290, ,CFS
SHA,H,76,INFLOW,20170310,0000,14208, ,CFS
SHA,H,76,INFLOW,20170310,0100,15925, ,CFS
SHA,H,76,INFLOW,20170310,0200,15834, ,CFS
SHA,H,76,INFLOW,20170310,0300,15871, ,CFS
SHA,H,76,INFLOW,20170310,0400,19859, ,CFS
SHA,H,76,INFLOW,20170310,0500,13913, ,CFS
SHA,H,76,INFLOW,20170310,0600,10848, ,CFS
SHA,H,76,INFLOW,20170310,0700,16262, ,CFS
SHA,H,76,INFLOW,20170310,0800,14062, ,CFS
SHA,H,76,INFLOW,20170310,0900,13942, ,CFS
SHA,H,76,INFLOW,20170310,1000,22499, ,CFS
SHA,H,76,INFLOW,20170310,1100,12233, ,CFS
SHA,H,76,INFLOW,20170310,1200,15160, ,CFS
SHA,H,76,INFLOW,20170310,1300,22844, ,CFS
SHA,H,76,INFLOW,20170310,1400,20572, ,CFS
SHA,H,76,INFLOW,20170310,1500,13676, ,CFS
SHA,H,76,INFLOW,20170310,1600,22860, ,CFS
SHA,H,76,INFLOW,20170310,1700,13649, ,CFS
SHA,H,76,INFLOW,20170310,1800,16336, ,CFS
SHA,H,76,INFLOW,20170310,1900,14946, ,CFS
SHA,H,76,INFLOW,20170310,2000,23814, ,CFS
SHA,H,76,INFLOW,20170310,2100,16795, ,CFS
SHA,H,76,INFLOW,20170310,2200,13312, ,CFS
SHA,H,76,INFLOW,20170310,2300,20299, ,CFS
SHA,H,76,INFLOW,20170311,0000,13782, ,CFS
SHA,H,76,INFLOW,20170311,0100,17167, ,CFS
SHA,H,76,INFLOW,20170311,0200,16782, ,CFS
SHA,H,76,INFLOW,20170311,0300,18090, ,CFS
SHA,H,76,INFLOW,20170311,0400,15290, ,CFS
SHA,H,76,INFLOW,20170311,0500,15227, ,CFS
SHA,H,76,INFLOW,20170311,0600,15338, ,CFS
SHA,H,76,INFLOW,20170311,0700,17610, ,CFS
SHA,H,76,INFLOW,20170311,0800,14651, ,CFS
SHA,H,76,INFLOW,20170311,0900,13686, ,CFS
SHA,H,76,INFLOW,20170311,1000,10905, ,CFS
SHA,H,76,INFLOW,20170311,1100,14320, ,CFS
SHA,H,76,INFLOW,20170311,1200,17003, ,CFS
SHA,H,76,INFLOW,20170311,1300,16702, ,CFS
SHA,H,76,INFLOW,20170311,1400,16361, ,CFS
SHA,H,76,INFLOW,20170311,1500,18911, ,CFS
SHA,H,76,INFLOW,20170311,1600,15806, ,CFS
SHA,H,76,INFLOW,20170311,1700,13286, ,CFS
SHA,H,76,INFLOW,20170311,1800,16982, ,CFS
SHA,H,76,INFLOW,20170311,1900,17866, ,CFS
SHA,H,76,INFLOW,20170311,2000,14911, ,CFS
SHA,H,76,INFLOW,20170311,2100,20356, ,CFS
SHA,H,76,INFLOW,20170311,2200,15759, ,CFS
SHA,H,76,INFLOW,20170311,2300,15238, ,CFS
SHA,H,76,INFLOW,20170312,0000,14221, ,CFS
SHA,H,76,INFLOW,20170312,0100,12205, ,CFS
SHA,H,76,INFLOW,20170312,0300,---, ,CFS
SHA,H,76,INFLOW,20170312,0400,14764, ,CFS
SHA,H,76,INFLOW,20170312,0500,15057, ,CFS
SHA,H,76,INFLOW,20170312,0600,16154, ,CFS
SHA,H,76,INFLOW,20170312,0700,14676, ,CFS
SHA,H,76,INFLOW,20170312,0800,12584, ,CFS
SHA,H,76,INFLOW,20170312,0900,13578, ,CFS
SHA,H,76,INFLOW,20170312,1000,23595, ,CFS
SHA,H,76,INFLOW,20170312,1100,5632, ,CFS
SHA,H,76,INFLOW,20170312,1200,17829, ,CFS
SHA,H,76,INFLOW,20170312,1300,18558, ,CFS
SHA,H,76,INFLOW,20170312,1400,10266, ,CFS
SHA,H,76,INFLOW,20170312,1500,21280, ,CFS
SHA,H,76,INFLOW,20170312,1600,12301, ,CFS
SHA,H,76,INFLOW,20170312,1700,17666, ,CFS
SHA,H,76,INFLOW,20170312,1800,17910, ,CFS
SHA,H,76,INFLOW,20170312,1900,20957, ,CFS
SHA,H,76,INFLOW,20170312,2000,12340, ,CFS
SHA,H,76,INFLOW,20170312,2100,18042, ,CFS
SHA,H,76,INFLOW,20170312,2200,17226, ,CFS
SHA,H,76,INFLOW,20170312,2300,12994, ,CFS
SHA,H,76,INFLOW,20170313,0000,21435, ,CFS
SHA,H,76,INFLOW,20170313,0100,15199, ,CFS
SHA,H,76,INFLOW,20170313,0200,14417, ,CFS
SHA,H,76,INFLOW,20170313,0300,14246, ,CFS
SHA,H,76,INFLOW,20170313,0400,17421, ,CFS
SHA,H,76,INFLOW,20170313,0500,16363, ,CFS
SHA,H,76,INFLOW,20170313,0600,17137, ,CFS
SHA,H,76,INFLOW,20170313,0700,18085, ,CFS
SHA,H,76,INFLOW,20170313,0800,18529, ,CFS
SHA,H,76,INFLOW,20170313,0900,11955, ,CFS
SHA,H,76,INFLOW,20170313,1000,6358, ,CFS
SHA,H,76,INFLOW,20170313,1100,13994, ,CFS
SHA,H,76,INFLOW,20170313,1200,11203, ,CFS
SHA,H,76,INFLOW,20170313,1300,24245, ,CFS
SHA,H,76,INFLOW,20170313,1400,15737, ,CFS
SHA,H,76,INFLOW,20170313,1500,11124, ,CFS
SHA,H,76,INFLOW,20170313,1600,19986, ,CFS
SHA,H,76,INFLOW,20170313,1700,22894, ,CFS
SHA,H,76,INFLOW,20170313,1800,14377, ,CFS
SHA,H,76,INFLOW,20170313,1900,17526, ,CFS
SHA,H,76,INFLOW,20170313,2000,20185, ,CFS
SHA,H,76,INFLOW,20170313,2100,11144, ,CFS
SHA,H,76,INFLOW,20170313,2200,21196, ,CFS
SHA,H,76,INFLOW,20170313,2300,14391, ,CFS
SHA,H,76,INFLOW,20170314,0000,15283, ,CFS
SHA,H,76,INFLOW,20170314,0100,19652, ,CFS
SHA,H,76,INFLOW,20170314,0200,17125, ,CFS
SHA,H,76,INFLOW,20170314,0300,16939, ,CFS
SHA,H,76,INFLOW,20170314,0400,17513, ,CFS
SHA,H,76,INFLOW,20170314,0500,19069, ,CFS
SHA,H,76,INFLOW,20170314,0600,16360, ,CFS
SHA,H,76,INFLOW,20170314,0700,16782, ,CFS
SHA,H,76,INFLOW,20170314,0800,16620, ,CFS
SHA,H,76,INFLOW,20170314,0900,20416, ,CFS
SHA,H,76,INFLOW,20170314,1000,3530, ,CFS
SHA,H,76,INFLOW,20170314,1100,18661, ,CFS
SHA,H,76,INFLOW,20170314,1200,17754, ,CFS
SHA,H,76,INFLOW,20170314,1300,21258, ,CFS
SHA,H,76,INFLOW,20170314,1400,17919, ,CFS
SHA,H,76,INFLOW,20170314,1500,21266, ,CFS
SHA,H,76,INFLOW,20170314,1600,21840, ,CFS
SHA,H,76,INFLOW,20170314,1700,13388, ,CFS
SHA,H,76,INFLOW,20170314,1800,22186, ,CFS
SHA,H,76,INFLOW,20170314,1900,17594, ,CFS
SHA,H,76,INFLOW,20170314,2000,18405, ,CFS
SHA,H,76,INFLOW,20170314,2100,18286, ,CFS
SHA,H,76,INFLOW,20170314,2200,20064, ,CFS
SHA,H,76,INFLOW,20170314,2300,13015, ,CFS
SHA,H,76,INFLOW,20170315,0000,20282, ,CFS
SHA,H,76,INFLOW,20170315,0100,15137, ,CFS
SHA,H,76,INFLOW,20170315,0200,14465, ,CFS
SHA,H,76,INFLOW,20170315,0300,20404, ,CFS
SHA,H,76,INFLOW,20170315,0400,14286, ,CFS
SHA,H,76,INFLOW,20170315,0500,14875, ,CFS
SHA,H,76,INFLOW,20170315,0600,18613, ,CFS
SHA,H,76,INFLOW,20170315,0700,15971, ,CFS
SHA,H,76,INFLOW,20170315,0800,12398, ,CFS
SHA,H,76,INFLOW,20170315,0900,19155, ,CFS
SHA,H,76,INFLOW,20170315,1000,16057, ,CFS
SHA,H,76,INFLOW,20170315,1100,13595, ,CFS
SHA,H,76,INFLOW,20170315,1200,13856, ,CFS
SHA,H,76,INFLOW,20170315,1300,16920, ,CFS
SHA,H,76,INFLOW,20170315,1400,16455, ,CFS
SHA,H,76,INFLOW,20170315,1500,16504, ,CFS
SHA,H,76,INFLOW,20170315,1600,10101, ,CFS
SHA,H,76,INFLOW,20170315,1700,21200, ,CFS
SHA,H,76,INFLOW,20170315,1800,15685, ,CFS
SHA,H,76,INFLOW,20170315,1900,19236, ,CFS
SHA,H,76,INFLOW,20170315,2000,26091, ,CFS
SHA,H,76,INFLOW,20170315,2100,7904, ,CFS
SHA,H,76,INFLOW,20170315,2200,19592, ,CFS
SHA,H,76,INFLOW,20170315,2300,17781, ,CFS
SHA,H,76,INFLOW,20170316,0000,11685, ,CFS
SHA,H,76,INFLOW,20170316,0100,10756, ,CFS
SHA,H,76,INFLOW,20170316,0200,19713, ,CFS
SHA,H,76,INFLOW,20170316,0300,25680, ,CFS
SHA,H,76,INFLOW,20170316,0400,10556, ,CFS
SHA,H,76,INFLOW,20170316,0500,16734, ,CFS
SHA,H,76,INFLOW,20170316,0600,19169, ,CFS
SHA,H,76,INFLOW,20170316,0700,15615, ,CFS
SHA,H,76,INFLOW,20170316,0800,22077, ,CFS
SHA,H,76,INFLOW,20170316,0900,16869, ,CFS
SHA,H,76,INFLOW,20170316,1000,3977, ,CFS
SHA,H,76,INFLOW,20170316,1100,12965, ,CFS
SHA,H,76,INFLOW,20170316,1200,19135, ,CFS
SHA,H,76,INFLOW,20170316,1300,10663, ,CFS
SHA,H,76,INFLOW,20170316,1400,32231, ,CFS
SHA,H,76,INFLOW,20170316,1500,17287, ,CFS
SHA,H,76,INFLOW,20170316,1600,11125, ,CFS
SHA,H,76,INFLOW,20170316,1700,13114, ,CFS
SHA,H,76,INFLOW,20170316,1800,7504, ,CFS
SHA,H,76,INFLOW,20170316,1900,24595, ,CFS
SHA,H,76,INFLOW,20170316,2000,18550, ,CFS
SHA,H,76,INFLOW,20170316,2100,15816, ,CFS
SHA,H,76,INFLOW,20170316,2200,17905, ,CFS
SHA,H,76,INFLOW,20170316,2300,13256, ,CFS
SHA,H,76,INFLOW,20170317,0000,20864, ,CFS
SHA,H,76,INFLOW,20170317,0100,12654, ,CFS
SHA,H,76,INFLOW,20170317,0200,18308, ,CFS
SHA,H,76,INFLOW,20170317,0300,18284, ,CFS
SHA,H,76,INFLOW,20170317,0400,15273, ,CFS
SHA,H,76,INFLOW,20170317,0500,16139, ,CFS
SHA,H,76,INFLOW,20170317,0600,18633, ,CFS
SHA,H,76,INFLOW,20170317,0700,15929, ,CFS
SHA,H,76,INFLOW,20170317,0800,16614, ,CFS
SHA,H,76,INFLOW,20170317,0900,16426, ,CFS
SHA,H,76,INFLOW,20170317,1000,8387, ,CFS
SHA,H,76,INFLOW,20170317,1100,19441, ,CFS
SHA,H,76,INFLOW,20170317,1200,1461, ,CFS
SHA,H,76,INFLOW,20170317,1300,26553, ,CFS
SHA,H,76,INFLOW,20170317,1400,20438, ,CFS
SHA,H,76,INFLOW,20170317,1500,11410, ,CFS
SHA,H,76,INFLOW,20170317,1600,27095, ,CFS
SHA,H,76,INFLOW,20170317,1700,16407, ,CFS
SHA,H,76,INFLOW,20170317,1800,13845, ,CFS
SHA,H,76,INFLOW,20170317,1900,23372, ,CFS
SHA,H,76,INFLOW,20170317,2000,12842, ,CFS
SHA,H,76,INFLOW,20170317,2100,16050, ,CFS
SHA,H,76,INFLOW,20170317,2200,16419, ,CFS
SHA,H,76,INFLOW,20170317,2300,15748, ,CFS
SHA,H,76,INFLOW,20170318,0000,16225, ,CFS
SHA,H,76,INFLOW,20170318,0100,18729, ,CFS
SHA,H,76,INFLOW,20170318,0200,15905, ,CFS
SHA,H,76,INFLOW,20170318,0300,15817, ,CFS
SHA,H,76,INFLOW,20170318,0400,15910, ,CFS
SHA,H,76,INFLOW,20170318,0500,7051, ,CFS
SHA,H,76,INFLOW,20170318,0600,16778, ,CFS
SHA,H,76,INFLOW,20170318,0700,13149, ,CFS
SHA,H,76,INFLOW,20170318,0800,13068, ,CFS
SHA,H,76,INFLOW,20170318,0900,23367, ,CFS
SHA,H,76,INFLOW,20170318,1000,13864, ,CFS
SHA,H,76,INFLOW,20170318,1100,10914, ,CFS
SHA,H,76,INFLOW,20170318,1200,29447, ,CFS
SHA,H,76,INFLOW,20170318,1300,19987, ,CFS
SHA,H,76,INFLOW,20170318,1400,13942, ,CFS
SHA,H,76,INFLOW,20170318,1500,17132, ,CFS
SHA,H,76,INFLOW,20170318,1600,18032, ,CFS
SHA,H,76,INFLOW,20170318,1700,11243, ,CFS
SHA,H,76,INFLOW,20170318,1800,17899, ,CFS
SHA,H,76,INFLOW,20170318,1900,21433, ,CFS
SHA,H,76,INFLOW,20170318,2000,19326, ,CFS
SHA,H,76,INFLOW,20170318,2100,13234, ,CFS
SHA,H,76,INFLOW,20170318,2200,22154, ,CFS
SHA,H,76,INFLOW,20170318,2300,14986, ,CFS
SHA,H,76,INFLOW,20170319,0000,12574, ,CFS
SHA,H,76,INFLOW,20170319,0100,23820, ,CFS
SHA,H,76,INFLOW,20170319,0200,14165, ,CFS
SHA,H,76,INFLOW,20170319,0300,16762, ,CFS
SHA,H,76,INFLOW,20170319,0400,19994, ,CFS
SHA,H,76,INFLOW,20170319,0500,17412, ,CFS
SHA,H,76,INFLOW,20170319,0600,16839, ,CFS
SHA,H,76,INFLOW,20170319,0700,17441, ,CFS
SHA,H,76,INFLOW,20170319,0800,17670, ,CFS
SHA,H,76,INFLOW,20170319,0900,17693, ,CFS
SHA,H,76,INFLOW,20170319,1000,26738, ,CFS
SHA,H,76,INFLOW,20170319,1100,17513, ,CFS
SHA,H,76,INFLOW,20170319,1200,8317, ,CFS
SHA,H,76,INFLOW,20170319,1300,23639, ,CFS
SHA,H,76,INFLOW,20170319,1400,11983, ,CFS
SHA,H,76,INFLOW,20170319,1500,13951, ,CFS
SHA,H,76,INFLOW,20170319,1600,19889, ,CFS
SHA,H,76,INFLOW,20170319,1700,14307, ,CFS
SHA,H,76,INFLOW,20170319,1800,19893, ,CFS
SHA,H,76,INFLOW,20170319,1900,26159, ,CFS
SHA,H,76,INFLOW,20170319,2000,11048, ,CFS
SHA,H,76,INFLOW,20170319,2100,17197, ,CFS
SHA,H,76,INFLOW,20170319,2200,14077, ,CFS
SHA,H,76,INFLOW,20170319,2300,15051, ,CFS
SHA,H,76,INFLOW,20170320,0000,30093, ,CFS
SHA,H,76,INFLOW,20170320,0100,20255, ,CFS
SHA,H,76,INFLOW,20170320,0200,13338, ,CFS
SHA,H,76,INFLOW,20170320,0300,22481, ,CFS
SHA,H,76,INFLOW,20170320,0400,16153, ,CFS
SHA,H,76,INFLOW,20170320,0500,13237, ,CFS
SHA,H,76,INFLOW,20170320,0600,14993, ,CFS
SHA,H,76,INFLOW,20170320,0700,18417, ,CFS
SHA,H,76,INFLOW,20170320,0800,18269, ,CFS
SHA,H,76,INFLOW,20170320,0900,14785, ,CFS
SHA,H,76,INFLOW,20170320,1000,9125, ,CFS
SHA,H,76,INFLOW,20170320,1100,27198, ,CFS
SHA,H,76,INFLOW,20170320,1200,11846, ,CFS
SHA,H,76,INFLOW,20170320,1300,14863, ,CFS
SHA,H,76,INFLOW,20170320,1400,24123, ,CFS
SHA,H,76,INFLOW,20170320,1500,12641, ,CFS
SHA,H,76,INFLOW,20170320,1600,24827, ,CFS
SHA,H,76,INFLOW,20170320,1700,14211, ,CFS
SHA,H,76,INFLOW,20170320,1800,18246, ,CFS
SHA,H,76,INFLOW,20170320,1900,22817, ,CFS
SHA,H,76,INFLOW,20170320,2000,15325, ,CFS
SHA,H,76,INFLOW,20170320,2100,24051, ,CFS
SHA,H,76,INFLOW,20170320,2200,27366, ,CFS
SHA,H,76,INFLOW,20170320,2300,20772, ,CFS
SHA,H,76,INFLOW,20170321,0000,23033, ,CFS
SHA,H,76,INFLOW,20170321,0100,21881, ,CFS
SHA,H,76,INFLOW,20170321,0200,15523, ,CFS
SHA,H,76,INFLOW,20170321,0300,27924, ,CFS
SHA,H,76,INFLOW,20170321,0400,34112, ,CFS
SHA,H,76,INFLOW,20170321,0500,15901, ,CFS
SHA,H,76,INFLOW,20170321,0600,28428, ,CFS
SHA,H,76,INFLOW,20170321,0700,27869, ,CFS
SHA,H,76,INFLOW,20170321,0800,28620, ,CFS
SHA,H,76,INFLOW,20170321,0900,34831, ,CFS
SHA,H,76,INFLOW,20170321,1000,30970, ,CFS
SHA,H,76,INFLOW,20170321,1100,33666, ,CFS
SHA,H,76,INFLOW,20170321,1200,27610, ,CFS
SHA,H,76,INFLOW,20170321,1300,39287, ,CFS
SHA,H,76,INFLOW,20170321,1400,37705, ,CFS
SHA,H,76,INFLOW,20170321,1500,47253, ,CFS
SHA,H,76,INFLOW,20170321,1600,35690, ,CFS
SHA,H,76,INFLOW,20170321,1700,23544, ,CFS
SHA,H,76,INFLOW,20170321,1800,28280, ,CFS
SHA,H,76,INFLOW,20170321,1900,35275, ,CFS
SHA,H,76,INFLOW,20170321,2000,35374, ,CFS
SHA,H,76,INFLOW,20170321,2100,28827, ,CFS
SHA,H,76,INFLOW,20170321,2200,31593, ,CFS
SHA,H,76,INFLOW,20170321,2300,33265, ,CFS
SHA,H,76,INFLOW,20170322,0000,33500, ,CFS
SHA,H,76,INFLOW,20170322,0100,33716, ,CFS
SHA,H,76,INFLOW,20170322,0200,33615, ,CFS
SHA,H,76,INFLOW,20170322,0300,40151, ,CFS
SHA,H,76,INFLOW,20170322,0400,36969, ,CFS
SHA,H,76,INFLOW,20170322,0500,37141, ,CFS
SHA,H,76,INFLOW,20170322,0600,40439, ,CFS
SHA,H,76,INFLOW,20170322,0700,40985, ,CFS
SHA,H,76,INFLOW,20170322,0800,44287, ,CFS
SHA,H,76,INFLOW,20170322,0900,37816, ,CFS
SHA,H,76,INFLOW,20170322,1000,36810, ,CFS
SHA,H,76,INFLOW,20170322,1100,33495, ,CFS
SHA,H,76,INFLOW,20170322,1200,36709, ,CFS
SHA,H,76,INFLOW,20170322,1300,26391, ,CFS
SHA,H,76,INFLOW,20170322,1400,32629, ,CFS
SHA,H,76,INFLOW,20170322,1500,30083, ,CFS
SHA,H,76,INFLOW,20170322,1600,32659, ,CFS
SHA,H,76,INFLOW,20170322,1700,37932, ,CFS
SHA,H,76,INFLOW,20170322,1800,43017, ,CFS
SHA,H,76,INFLOW,20170322,1900,34012, ,CFS
SHA,H,76,INFLOW,20170322,2000,37563, ,CFS
SHA,H,76,INFLOW,20170322,2100,25785, ,CFS
SHA,H,76,INFLOW,20170322,2200,37937, ,CFS
SHA,H,76,INFLOW,20170322,2300,33175, ,CFS
SHA,H,76,INFLOW,20170323,0000,30043, ,CFS
SHA,H,76,INFLOW,20170323,0100,27129, ,CFS
SHA,H,76,INFLOW,20170323,0200,33472, ,CFS
SHA,H,76,INFLOW,20170323,0300,21070, ,CFS
SHA,H,76,INFLOW,20170323,0400,30244, ,CFS
SHA,H,76,INFLOW,20170323,0500,30644, ,CFS
SHA,H,76,INFLOW,20170323,0600,28395, ,CFS
SHA,H,76,INFLOW,20170323,0700,54708, ,CFS
SHA,H,76,INFLOW,20170323,0800,35362, ,CFS
SHA,H,76,INFLOW,20170323,0900,33526, ,CFS
SHA,H,76,INFLOW,20170323,1000,32840, ,CFS
SHA,H,76,INFLOW,20170323,1100,21128, ,CFS
SHA,H,76,INFLOW,20170323,1200,27452, ,CFS
SHA,H,76,INFLOW,20170323,1300,27562, ,CFS
SHA,H,76,INFLOW,20170323,1400,24368, ,CFS
SHA,H,76,INFLOW,20170323,1500,27465, ,CFS
SHA,H,76,INFLOW,20170323,1600,24432, ,CFS
SHA,H,76,INFLOW,20170323,1700,21418, ,CFS
SHA,H,76,INFLOW,20170323,1800,30737, ,CFS
SHA,H,76,INFLOW,20170323,1900,25826, ,CFS
SHA,H,76,INFLOW,20170323,2000,39104, ,CFS
SHA,H,76,INFLOW,20170323,2100,32782, ,CFS
SHA,H,76,INFLOW,20170323,2200,31731, ,CFS
SHA,H,76,INFLOW,20170323,2300,34570, ,CFS
SHA,H,76,INFLOW,20170324,0000,26790, ,CFS
SHA,H,76,INFLOW,20170324,0100,33939, ,CFS
SHA,H,76,INFLOW,20170324,0200,36931, ,CFS
SHA,H,76,INFLOW,20170324,0300,30446, ,CFS
SHA,H,76,INFLOW,20170324,0400,36926, ,CFS
SHA,H,76,INFLOW,20170324,0500,34447, ,CFS
SHA,H,76,INFLOW,20170324,0600,34474, ,CFS
SHA,H,76,INFLOW,20170324,0700,35851, ,CFS
SHA,H,76,INFLOW,20170324,0800,32568, ,CFS
SHA,H,76,INFLOW,20170324,0900,31975, ,CFS
SHA,H,76,INFLOW,20170324,1000,25873, ,CFS
SHA,H,76,INFLOW,20170324,1100,31991, ,CFS
SHA,H,76,INFLOW,20170324,1200,37996, ,CFS
SHA,H,76,INFLOW,20170324,1300,31973, ,CFS
SHA,H,76,INFLOW,20170324,1400,44644, ,CFS
SHA,H,76,INFLOW,20170324,1500,28888, ,CFS
SHA,H,76,INFLOW,20170324,1600,32076, ,CFS
SHA,H,76,INFLOW,20170324,1700,35242, ,CFS
SHA,H,76,INFLOW,20170324,1800,38064, ,CFS
SHA,H,76,INFLOW,20170324,1900,41928, ,CFS
SHA,H,76,INFLOW,20170324,2000,41850, ,CFS
SHA,H,76,INFLOW,20170324,2100,47242, ,CFS
SHA,H,76,INFLOW,20170324,2200,40039, ,CFS
SHA,H,76,INFLOW,20170324,2300,43451, ,CFS
SHA,H,76,INFLOW,20170325,0000,41402, ,CFS
SHA,H,76,INFLOW,20170325,0100,44888, ,CFS
SHA,H,76,INFLOW,20170325,0200,38351, ,CFS
SHA,H,76,INFLOW,20170325,0300,41359, ,CFS
SHA,H,76,INFLOW,20170325,0400,40711, ,CFS
SHA,H,76,INFLOW,20170325,0500,35086, ,CFS
SHA,H,76,INFLOW,20170325,0600,32041, ,CFS
SHA,H,76,INFLOW,20170325,0700,38694, ,CFS
SHA,H,76,INFLOW,20170325,0800,47116, ,CFS
SHA,H,76,INFLOW,20170325,0900,28133, ,CFS
SHA,H,76,INFLOW,20170325,1000,37368, ,CFS
SHA,H,76,INFLOW,20170325,1100,37662, ,CFS
SHA,H,76,INFLOW,20170325,1200,27938, ,CFS
SHA,H,76,INFLOW,20170325,1300,40735, ,CFS
SHA,H,76,INFLOW,20170325,1400,34056, ,CFS
SHA,H,76,INFLOW,20170325,1500,33915, ,CFS
SHA,H,76,INFLOW,20170325,1600,30977, ,CFS
SHA,H,76,INFLOW,20170325,1700,33099, ,CFS
SHA,H,76,INFLOW,20170325,1800,29892, ,CFS
SHA,H,76,INFLOW,20170325,1900,36792, ,CFS
SHA,H,76,INFLOW,20170325,2000,41261, ,CFS
SHA,H,76,INFLOW,20170325,2100,37983, ,CFS
SHA,H,76,INFLOW,20170325,2200,37327, ,CFS
SHA,H,76,INFLOW,20170325,2300,37425, ,CFS
SHA,H,76,INFLOW,20170326,0000,37006, ,CFS
SHA,H,76,INFLOW,20170326,0100,30773, ,CFS
SHA,H,76,INFLOW,20170326,0200,37024, ,CFS
SHA,H,76,INFLOW,20170326,0300,30533, ,CFS
SHA,H,76,INFLOW,20170326,0400,24727, ,CFS
SHA,H,76,INFLOW,20170326,0500,26060, ,CFS
SHA,H,76,INFLOW,20170326,0600,30619, ,CFS
SHA,H,76,INFLOW,20170326,0700,35529, ,CFS
SHA,H,76,INFLOW,20170326,0800,37166, ,CFS
SHA,H,76,INFLOW,20170326,0900,31854, ,CFS
SHA,H,76,INFLOW,20170326,1000,21670, ,CFS
SHA,H,76,INFLOW,20170326,1100,28170, ,CFS
SHA,H,76,INFLOW,20170326,1200,28033, ,CFS
SHA,H,76,INFLOW,20170326,1300,24669, ,CFS
SHA,H,76,INFLOW,20170326,1400,35425, ,CFS
SHA,H,76,INFLOW,20170326,1500,22630, ,CFS
SHA,H,76,INFLOW,20170326,1600,26397, ,CFS
SHA,H,76,INFLOW,20170326,1700,28015, ,CFS
SHA,H,76,INFLOW,20170326,1800,26697, ,CFS
SHA,H,76,INFLOW,20170326,1900,27372, ,CFS
SHA,H,76,INFLOW,20170326,2000,35963, ,CFS
SHA,H,76,INFLOW,20170326,2100,42457, ,CFS
SHA,H,76,INFLOW,20170326,2200,29629, ,CFS
SHA,H,76,INFLOW,20170326,2300,34071, ,CFS
SHA,H,76,INFLOW,20170327,0000,22514, ,CFS
SHA,H,76,INFLOW,20170327,0100,31817, ,CFS
SHA,H,76,INFLOW,20170327,0200,27918, ,CFS
SHA,H,76,INFLOW,20170327,0300,21173, ,CFS
SHA,H,76,INFLOW,20170327,0400,31119, ,CFS
SHA,H,76,INFLOW,20170327,0500,16208, ,CFS
SHA,H,76,INFLOW,20170327,0600,28981, ,CFS
SHA,H,76,INFLOW,20170327,0700,26995, ,CFS
SHA,H,76,INFLOW,20170327,0800,30387, ,CFS
SHA,H,76,INFLOW,20170327,0900,30066, ,CFS
SHA,H,76,INFLOW,20170327,1000,28762, ,CFS
SHA,H,76,INFLOW,20170327,1100,19712, ,CFS
SHA,H,76,INFLOW,20170327,1200,17923, ,CFS
SHA,H,76,INFLOW,20170327,1300,31273, ,CFS
SHA,H,76,INFLOW,20170327,1400,24499, ,CFS
SHA,H,76,INFLOW,20170327,1500,24482, ,CFS
SHA,H,76,INFLOW,20170327,1600,32201, ,CFS
SHA,H,76,INFLOW,20170327,1700,18596, ,CFS
SHA,H,76,INFLOW,20170327,1800,28343, ,CFS
SHA,H,76,INFLOW,20170327,1900,29458, ,CFS
SHA,H,76,INFLOW,20170327,2000,20967, ,CFS
SHA,H,76,INFLOW,20170327,2100,31038, ,CFS
SHA,H,76,INFLOW,20170327,2200,13663, ,CFS
SHA,H,76,INFLOW,20170327,2300,24606, ,CFS
SHA,H,76,INFLOW,20170328,0000,23216, ,CFS
SHA,H,76,INFLOW,20170328,0100,12395, ,CFS
SHA,H,76,INFLOW,20170328,0200,28400, ,CFS
SHA,H,76,INFLOW,20170328,0300,22174, ,CFS
SHA,H,76,INFLOW,20170328,0400,15795, ,CFS
SHA,H,76,INFLOW,20170328,0500,21360, ,CFS
SHA,H,76,INFLOW,20170328,0600,22291, ,CFS
SHA,H,76,INFLOW,20170328,0700,23163, ,CFS
SHA,H,76,INFLOW,20170328,0800,33338, ,CFS
SHA,H,76,INFLOW,20170328,0900,30855, ,CFS
SHA,H,76,INFLOW,20170328,1000,14281, ,CFS
SHA,H,76,INFLOW,20170328,1100,30147, ,CFS
SHA,H,76,INFLOW,20170328,1200,22680, ,CFS
SHA,H,76,INFLOW,20170328,1300,19204, ,CFS
SHA,H,76,INFLOW,20170328,1400,31745, ,CFS
SHA,H,76,INFLOW,20170328,1500,17928, ,CFS
SHA,H,76,INFLOW,20170328,1600,22683, ,CFS
SHA,H,76,INFLOW,20170328,1700,22744, ,CFS
SHA,H,76,INFLOW,20170328,1800,16232, ,CFS
SHA,H,76,INFLOW,20170328,1900,16571, ,CFS
SHA,H,76,INFLOW,20170328,2000,19709, ,CFS
SHA,H,76,INFLOW,20170328,2100,26518, ,CFS
SHA,H,76,INFLOW,20170328,2200,23276, ,CFS
SHA,H,76,INFLOW,20170328,2300,15459, ,CFS
SHA,H,76,INFLOW,20170329,0000,27777, ,CFS
SHA,H,76,INFLOW,20170329,0100,17738, ,CFS
SHA,H,76,INFLOW,20170329,0200,20762, ,CFS
SHA,H,76,INFLOW,20170329,0300,23879, ,CFS
SHA,H,76,INFLOW,20170329,0400,20456, ,CFS
SHA,H,76,INFLOW,20170329,0500,17974, ,CFS
SHA,H,76,INFLOW,20170329,0600,23931, ,CFS
SHA,H,76,INFLOW,20170329,0700,22357, ,CFS
SHA,H,76,INFLOW,20170329,0800,26086, ,CFS
SHA,H,76,INFLOW,20170329,0900,12941, ,CFS
SHA,H,76,INFLOW,20170329,1000,17931, ,CFS
SHA,H,76,INFLOW,20170329,1100,15251, ,CFS
SHA,H,76,INFLOW,20170329,1200,18258, ,CFS
SHA,H,76,INFLOW,20170329,1300,14838, ,CFS
SHA,H,76,INFLOW,20170329,1400,21919, ,CFS
SHA,H,76,INFLOW,20170329,1500,25458, ,CFS
SHA,H,76,INFLOW,20170329,1600,14976, ,CFS
SHA,H,76,INFLOW,20170329,1700,25158, ,CFS
SHA,H,76,INFLOW,20170329,1800,15562, ,CFS
SHA,H,76,INFLOW,20170329,1900,30463, ,CFS
SHA,H,76,INFLOW,20170329,2000,24080, ,CFS
SHA,H,76,INFLOW,20170329,2100,24401, ,CFS
SHA,H,76,INFLOW,20170329,2200,27253, ,CFS
SHA,H,76,INFLOW,20170329,2300,22591, ,CFS
SHA,H,76,INFLOW,20170330,0000,14363, ,CFS
SHA,H,76,INFLOW,20170330,0100,18701, ,CFS
SHA,H,76,INFLOW,20170330,0200,18448, ,CFS
SHA,H,76,INFLOW,20170330,0300,15093, ,CFS
SHA,H,76,INFLOW,20170330,0400,15071, ,CFS
SHA,H,76,INFLOW,20170330,0500,2172, ,CFS
SHA,H,76,INFLOW,20170330,0600,33256, ,CFS
SHA,H,76,INFLOW,20170330,0700,22904, ,CFS
SHA,H,76,INFLOW,20170330,0800,5603, ,CFS
SHA,H,76,INFLOW,20170330,0900,20407, ,CFS
SHA,H,76,INFLOW,20170330,1000,23228, ,CFS
SHA,H,76,INFLOW,20170330,1100,9327, ,CFS
SHA,H,76,INFLOW,20170330,1200,22718, ,CFS
SHA,H,76,INFLOW,20170330,1300,12357, ,CFS
SHA,H,76,INFLOW,20170330,1400,35778, ,CFS
SHA,H,76,INFLOW,20170330,1500,12760, ,CFS
SHA,H,76,INFLOW,20170330,1600,12708, ,CFS
SHA,H,76,INFLOW,20170330,1700,22854, ,CFS
SHA,H,76,INFLOW,20170330,1800,23496, ,CFS
SHA,H,76,INFLOW,20170330,1900,27638, ,CFS
SHA,H,76,INFLOW,20170330,2000,13762, ,CFS
SHA,H,76,INFLOW,20170330,2100,29866, ,CFS
SHA,H,76,INFLOW,20170330,2200,30271, ,CFS
SHA,H,76,INFLOW,20170330,2300,19774, ,CFS
SHA,H,76,INFLOW,20170331,0000,24629, ,CFS
SHA,H,76,INFLOW,20170331,0100,18251, ,CFS
SHA,H,76,INFLOW,20170331,0200,14568, ,CFS
SHA,H,76,INFLOW,20170331,0300,21464, ,CFS
SHA,H,76,INFLOW,20170331,0400,18158, ,CFS
SHA,H,76,INFLOW,20170331,0500,18564, ,CFS
SHA,H,76,INFLOW,20170331,0600,14454, ,CFS
SHA,H,76,INFLOW,20170331,0700,22896, ,CFS
SHA,H,76,INFLOW,20170331,0800,14101, ,CFS
SHA,H,76,INFLOW,20170331,0900,10985, ,CFS
SHA,H,76,INFLOW,20170331,1000,18541, ,CFS
SHA,H,76,INFLOW,20170331,1100,9128, ,CFS
SHA,H,76,INFLOW,20170331,1200,22698, ,CFS
SHA,H,76,INFLOW,20170331,1300,12739, ,CFS
SHA,H,76,INFLOW,20170331,1400,16324, ,CFS
SHA,H,76,INFLOW,20170331,1500,19383, ,CFS
SHA,H,76,INFLOW,20170331,1600,16188, ,CFS
SHA,H,76,INFLOW,20170331,1700,16531, ,CFS
SHA,H,76,INFLOW,20170331,1800,16883, ,CFS
SHA,H,76,INFLOW,20170331,1900,17756, ,CFS
SHA,H,76,INFLOW,20170331,2000,26498, ,CFS
SHA,H,76,INFLOW,20170331,2100,23133, ,CFS
SHA,H,76,INFLOW,20170331,2200,15269, ,CFS
SHA,H,76,INFLOW,20170331,2300,21634, ,CFS
SHA,H,76,INFLOW,20170401,0000,19452, ,CFS
SHA,H,76,INFLOW,20170401,0100,16573, ,CFS
SHA,H,76,INFLOW,20170401,0200,16418, ,CFS
SHA,H,76,INFLOW,20170401,0300,20040, ,CFS
SHA,H,76,INFLOW,20170401,0400,13486, ,CFS
SHA,H,76,INFLOW,20170401,0500,23927, ,CFS
SHA,H,76,INFLOW,20170401,0600,16395, ,CFS
SHA,H,76,INFLOW,20170401,0700,17291, ,CFS
SHA,H,76,INFLOW,20170401,0800,23921, ,CFS
SHA,H,76,INFLOW,20170401,0900,10118, ,CFS
SHA,H,76,INFLOW,20170401,1000,13126, ,CFS
SHA,H,76,INFLOW,20170401,1100,23378, ,CFS
SHA,H,76,INFLOW,20170401,1200,9798, ,CFS
SHA,H,76,INFLOW,20170401,1300,13386, ,CFS
SHA,H,76,INFLOW,20170401,1400,16527, ,CFS
SHA,H,76,INFLOW,20170401,1500,13599, ,CFS
SHA,H,76,INFLOW,20170401,1600,17332, ,CFS
SHA,H,76,INFLOW,20170401,1700,16742, ,CFS
SHA,H,76,INFLOW,20170401,1800,14047, ,CFS
SHA,H,76,INFLOW,20170401,1900,17836, ,CFS
SHA,H,76,INFLOW,20170401,2000,17713, ,CFS
SHA,H,76,INFLOW,20170401,2100,20640, ,CFS
SHA,H,76,INFLOW,20170401,2200,16873, ,CFS
SHA,H,76,INFLOW,20170401,2300,15536, ,CFS
SHA,H,76,INFLOW,20170402,0000,17155, ,CFS
SHA,H,76,INFLOW,20170402,0100,15214, ,CFS
SHA,H,76,INFLOW,20170402,0200,14860, ,CFS
SHA,H,76,INFLOW,20170402,0300,10834, ,CFS
SHA,H,76,INFLOW,20170402,0400,20650, ,CFS
SHA,H,76,INFLOW,20170402,0500,17403, ,CFS
SHA,H,76,INFLOW,20170402,0600,9121, ,CFS
SHA,H,76,INFLOW,20170402,0700,28756, ,CFS
SHA,H,76,INFLOW,20170402,0800,8459, ,CFS
SHA,H,76,INFLOW,20170402,0900,18089, ,CFS
SHA,H,76,INFLOW,20170402,1000,10752, ,CFS
SHA,H,76,INFLOW,20170402,1100,10938, ,CFS
SHA,H,76,INFLOW,20170402,1200,17872, ,CFS
SHA,H,76,INFLOW,20170402,1300,14514, ,CFS
SHA,H,76,INFLOW,20170402,1400,14469, ,CFS
SHA,H,76,INFLOW,20170402,1500,14625, ,CFS
SHA,H,76,INFLOW,20170402,1600,15286, ,CFS
SHA,H,76,INFLOW,20170402,1700,17433, ,CFS
SHA,H,76,INFLOW,20170402,1800,14997, ,CFS
SHA,H,76,INFLOW,20170402,1900,13250, ,CFS
SHA,H,76,INFLOW,20170402,2000,13837, ,CFS
SHA,H,76,INFLOW,20170402,2100,16883, ,CFS
SHA,H,76,INFLOW,20170402,2200,16611, ,CFS
SHA,H,76,INFLOW,20170402,2300,15576, ,CFS
SHA,H,76,INFLOW,20170403,0000,16883, ,CFS
SHA,H,76,INFLOW,20170403,0100,13814, ,CFS
SHA,H,76,INFLOW,20170403,0200,6171, ,CFS
SHA,H,76,INFLOW,20170403,0300,16541, ,CFS
SHA,H,76,INFLOW,20170403,0400,13272, ,CFS
SHA,H,76,INFLOW,20170403,0500,17150, ,CFS
SHA,H,76,INFLOW,20170403,0600,17105, ,CFS
SHA,H,76,INFLOW,20170403,0700,14050, ,CFS
SHA,H,76,INFLOW,20170403,0800,20596, ,CFS
SHA,H,76,INFLOW,20170403,0900,14129, ,CFS
SHA,H,76,INFLOW,20170403,1000,3665, ,CFS
SHA,H,76,INFLOW,20170403,1100,23517, ,CFS
SHA,H,76,INFLOW,20170403,1200,8962, ,CFS
SHA,H,76,INFLOW,20170403,1300,5479, ,CFS
SHA,H,76,INFLOW,20170403,1400,36991, ,CFS
SHA,H,76,INFLOW,20170403,1500,-1481, ,CFS
SHA,H,76,INFLOW,20170403,1600,16637, ,CFS
SHA,H,76,INFLOW,20170403,1700,23000, ,CFS
SHA,H,76,INFLOW,20170403,1800,4313, ,CFS
SHA,H,76,INFLOW,20170403,1900,24750, ,CFS
SHA,H,76,INFLOW,20170403,2000,23894, ,CFS
SHA,H,76,INFLOW,20170403,2100,17308, ,CFS
SHA,H,76,INFLOW,20170403,2200,20332, ,CFS
SHA,H,76,INFLOW,20170403,2300,15840, ,CFS
SHA,H,76,INFLOW,20170404,0000,19147, ,CFS
SHA,H,76,INFLOW,20170404,0100,5481, ,CFS
SHA,H,76,INFLOW,20170404,0200,18706, ,CFS
SHA,H,76,INFLOW,20170404,0300,22143, ,CFS
SHA,H,76,INFLOW,20170404,0400,-1193, ,CFS
SHA,H,76,INFLOW,20170404,0500,33068, ,CFS
SHA,H,76,INFLOW,20170404,0600,15062, ,CFS
SHA,H,76,INFLOW,20170404,0700,4322, ,CFS
SHA,H,76,INFLOW,20170404,0800,17798, ,CFS
SHA,H,76,INFLOW,20170404,0900,7730, ,CFS
SHA,H,76,INFLOW,20170404,1000,16538, ,CFS
SHA,H,76,INFLOW,20170404,1100,16434, ,CFS
SHA,H,76,INFLOW,20170404,1200,6279, ,CFS
SHA,H,76,INFLOW,20170404,1300,9895, ,CFS
SHA,H,76,INFLOW,20170404,1400,16742, ,CFS
SHA,H,76,INFLOW,20170404,1500,6883, ,CFS
SHA,H,76,INFLOW,20170404,1600,24785, ,CFS
SHA,H,76,INFLOW,20170404,1700,3312, ,CFS
SHA,H,76,INFLOW,20170404,1800,24664, ,CFS
SHA,H,76,INFLOW,20170404,1900,26567, ,CFS
SHA,H,76,INFLOW,20170404,2000,15121, ,CFS
SHA,H,76,INFLOW,20170404,2100,25354, ,CFS
SHA,H,76,INFLOW,20170404,2200,18430, ,CFS
SHA,H,76,INFLOW,20170404,2300,16787, ,CFS
SHA,H,76,INFLOW,20170405,0000,19386, ,CFS
SHA,H,76,INFLOW,20170405,0100,11995, ,CFS
SHA,H,76,INFLOW,20170405,0200,15139, ,CFS
SHA,H,76,INFLOW,20170405,0300,15333, ,CFS
SHA,H,76,INFLOW,20170405,0400,18749, ,CFS
SHA,H,76,INFLOW,20170405,0500,12444, ,CFS
SHA,H,76,INFLOW,20170405,0600,19796, ,CFS
SHA,H,76,INFLOW,20170405,0700,17747, ,CFS
SHA,H,76,INFLOW,20170405,0800,21699, ,CFS
SHA,H,76,INFLOW,20170405,0900,17584, ,CFS
SHA,H,76,INFLOW,20170405,1000,10209, ,CFS
SHA,H,76,INFLOW,20170405,1100,19900, ,CFS
SHA,H,76,INFLOW,20170405,1200,20003, ,CFS
SHA,H,76,INFLOW,20170405,1300,13360, ,CFS
SHA,H,76,INFLOW,20170405,1400,10546, ,CFS
SHA,H,76,INFLOW,20170405,1500,10490, ,CFS
SHA,H,76,INFLOW,20170405,1600,15099, ,CFS
SHA,H,76,INFLOW,20170405,1700,7409, ,CFS
SHA,H,76,INFLOW,20170405,1800,11436, ,CFS
SHA,H,76,INFLOW,20170405,1900,13858, ,CFS
SHA,H,76,INFLOW,20170405,2000,17763, ,CFS
SHA,H,76,INFLOW,20170405,2100,20829, ,CFS
SHA,H,76,INFLOW,20170405,2200,9128, ,CFS
SHA,H,76,INFLOW,20170405,2300,19584, ,CFS
SHA,H,76,INFLOW,20170406,0000,18339, ,CFS
SHA,H,76,INFLOW,20170406,0100,7394, ,CFS
SHA,H,76,INFLOW,20170406,0200,4201, ,CFS
SHA,H,76,INFLOW,20170406,0300,18030, ,CFS
SHA,H,76,INFLOW,20170406,0400,14559, ,CFS
SHA,H,76,INFLOW,20170406,0500,21606, ,CFS
SHA,H,76,INFLOW,20170406,0600,15245, ,CFS
SHA,H,76,INFLOW,20170406,0700,12348, ,CFS
SHA,H,76,INFLOW,20170406,0800,26817, ,CFS
SHA,H,76,INFLOW,20170406,0900,19843, ,CFS
SHA,H,76,INFLOW,20170406,1000,18935, ,CFS
SHA,H,76,INFLOW,20170406,1100,12370, ,CFS
SHA,H,76,INFLOW,20170406,1200,33226, ,CFS
SHA,H,76,INFLOW,20170406,1300,14936, ,CFS
SHA,H,76,INFLOW,20170406,1400,18404, ,CFS
SHA,H,76,INFLOW,20170406,1500,22205, ,CFS
SHA,H,76,INFLOW,20170406,1600,13988, ,CFS
SHA,H,76,INFLOW,20170406,1700,21760, ,CFS
SHA,H,76,INFLOW,20170406,1800,28708, ,CFS
SHA,H,76,INFLOW,20170406,1900,24762, ,CFS
SHA,H,76,INFLOW,20170406,2000,27872, ,CFS
SHA,H,76,INFLOW,20170406,2100,38512, ,CFS
SHA,H,76,INFLOW,20170406,2200,48506, ,CFS
SHA,H,76,INFLOW,20170406,2300,25618, ,CFS
SHA,H,76,INFLOW,20170407,0000,11637, ,CFS
SHA,H,76,INFLOW,20170407,0100,39705, ,CFS
SHA,H,76,INFLOW,20170407,0200,25992, ,CFS
SHA,H,76,INFLOW,20170407,0300,25496, ,CFS
SHA,H,76,INFLOW,20170407,0400,22233, ,CFS
SHA,H,76,INFLOW,20170407,0500,43170, ,CFS
SHA,H,76,INFLOW,20170407,0600,24875, ,CFS
SHA,H,76,INFLOW,20170407,0700,26056, ,CFS
SHA,H,76,INFLOW,20170407,0800,50178, ,CFS
SHA,H,76,INFLOW,20170407,0900,19867, ,CFS
SHA,H,76,INFLOW,20170407,1000,25482, ,CFS
SHA,H,76,INFLOW,20170407,1100,48925, ,CFS
SHA,H,76,INFLOW,20170407,1200,22345, ,CFS
SHA,H,76,INFLOW,20170407,1300,34219, ,CFS
SHA,H,76,INFLOW,20170407,1400,40741, ,CFS
SHA,H,76,INFLOW,20170407,1500,30515, ,CFS
SHA,H,76,INFLOW,20170407,1600,34417, ,CFS
SHA,H,76,INFLOW,20170407,1700,38455, ,CFS
SHA,H,76,INFLOW,20170407,1800,43222, ,CFS
SHA,H,76,INFLOW,20170407,1900,28468, ,CFS
SHA,H,76,INFLOW,20170407,2000,47079, ,CFS
SHA,H,76,INFLOW,20170407,2100,47716, ,CFS
SHA,H,76,INFLOW,20170407,2200,29752, ,CFS
SHA,H,76,INFLOW,20170407,2300,35335, ,CFS
SHA,H,76,INFLOW,20170408,0000,34729, ,CFS
SHA,H,76,INFLOW,20170408,0100,33340, ,CFS
SHA,H,76,INFLOW,20170408,0200,39647, ,CFS
SHA,H,76,INFLOW,20170408,0300,35542, ,CFS
SHA,H,76,INFLOW,20170408,0400,32094, ,CFS
SHA,H,76,INFLOW,20170408,0500,27353, ,CFS
SHA,H,76,INFLOW,20170408,0600,40943, ,CFS
SHA,H,76,INFLOW,20170408,0700,28806, ,CFS
SHA,H,76,INFLOW,20170408,0800,28350, ,CFS
SHA,H,76,INFLOW,20170408,0900,28219, ,CFS
SHA,H,76,INFLOW,20170408,1000,16902, ,CFS
SHA,H,76,INFLOW,20170408,1100,24145, ,CFS
SHA,H,76,INFLOW,20170408,1200,23952, ,CFS
SHA,H,76,INFLOW,20170408,1300,25573, ,CFS
SHA,H,76,INFLOW,20170408,1400,32267, ,CFS
SHA,H,76,INFLOW,20170408,1500,32706, ,CFS
SHA,H,76,INFLOW,20170408,1600,31304, ,CFS
SHA,H,76,INFLOW,20170408,1700,32462, ,CFS
SHA,H,76,INFLOW,20170408,1800,32794, ,CFS
SHA,H,76,INFLOW,20170408,1900,28244, ,CFS
SHA,H,76,INFLOW,20170408,2000,38553, ,CFS
SHA,H,76,INFLOW,20170408,2100,35033, ,CFS
SHA,H,76,INFLOW,20170408,2200,18793, ,CFS
SHA,H,76,INFLOW,20170408,2300,37237, ,CFS
SHA,H,76,INFLOW,20170409,0000,23930, ,CFS
SHA,H,76,INFLOW,20170409,0100,25364, ,CFS
SHA,H,76,INFLOW,20170409,0200,28275, ,CFS
SHA,H,76,INFLOW,20170409,0300,17604, ,CFS
SHA,H,76,INFLOW,20170409,0400,24615, ,CFS
SHA,H,76,INFLOW,20170409,0500,17497, ,CFS
SHA,H,76,INFLOW,20170409,0600,30444, ,CFS
SHA,H,76,INFLOW,20170409,0700,25952, ,CFS
SHA,H,76,INFLOW,20170409,0800,22146, ,CFS
SHA,H,76,INFLOW,20170409,0900,25921, ,CFS
SHA,H,76,INFLOW,20170409,1000,23206, ,CFS
SHA,H,76,INFLOW,20170409,1100,26217, ,CFS
SHA,H,76,INFLOW,20170409,1200,19285, ,CFS
SHA,H,76,INFLOW,20170409,1300,24837, ,CFS
SHA,H,76,INFLOW,20170409,1400,21564, ,CFS
SHA,H,76,INFLOW,20170409,1500,18874, ,CFS
SHA,H,76,INFLOW,20170409,1600,25932, ,CFS
SHA,H,76,INFLOW,20170409,1700,26155, ,CFS
SHA,H,76,INFLOW,20170409,1800,19622, ,CFS
SHA,H,76,INFLOW,20170409,1900,24105, ,CFS
SHA,H,76,INFLOW,20170409,2000,27626, ,CFS
SHA,H,76,INFLOW,20170409,2100,20770, ,CFS
SHA,H,76,INFLOW,20170409,2200,30832, ,CFS
SHA,H,76,INFLOW,20170409,2300,24641, ,CFS
SHA,H,76,INFLOW,20170410,0000,18607, ,CFS
SHA,H,76,INFLOW,20170410,0100,21775, ,CFS
SHA,H,76,INFLOW,20170410,0200,17922, ,CFS
SHA,H,76,INFLOW,20170410,0300,20516, ,CFS
SHA,H,76,INFLOW,20170410,0400,20719, ,CFS
SHA,H,76,INFLOW,20170410,0500,21356, ,CFS
SHA,H,76,INFLOW,20170410,0600,27228, ,CFS
SHA,H,76,INFLOW,20170410,0700,21596, ,CFS
SHA,H,76,INFLOW,20170410,0800,22170, ,CFS
SHA,H,76,INFLOW,20170410,0900,26097, ,CFS
SHA,H,76,INFLOW,20170410,1000,18218, ,CFS
SHA,H,76,INFLOW,20170410,1100,26468, ,CFS
SHA,H,76,INFLOW,20170410,1200,25538, ,CFS
SHA,H,76,INFLOW,20170410,1300,21917, ,CFS
SHA,H,76,INFLOW,20170410,1400,26181, ,CFS
SHA,H,76,INFLOW,20170410,1500,19438, ,CFS
SHA,H,76,INFLOW,20170410,1600,15712, ,CFS
SHA,H,76,INFLOW,20170410,1700,19131, ,CFS
SHA,H,76,INFLOW,20170410,1800,15040, ,CFS
SHA,H,76,INFLOW,20170410,1900,23413, ,CFS
SHA,H,76,INFLOW,20170410,2000,20332, ,CFS
SHA,H,76,INFLOW,20170410,2100,16888, ,CFS
SHA,H,76,INFLOW,20170410,2200,20290, ,CFS
SHA,H,76,INFLOW,20170410,2300,27025, ,CFS
SHA,H,76,INFLOW,20170411,0000,20177, ,CFS
SHA,H,76,INFLOW,20170411,0100,24206, ,CFS
SHA,H,76,INFLOW,20170411,0200,20210, ,CFS
SHA,H,76,INFLOW,20170411,0300,23561, ,CFS
SHA,H,76,INFLOW,20170411,0400,30182, ,CFS
SHA,H,76,INFLOW,20170411,0500,17421, ,CFS
SHA,H,76,INFLOW,20170411,0600,24358, ,CFS
SHA,H,76,INFLOW,20170411,0700,19363, ,CFS
SHA,H,76,INFLOW,20170411,0800,22814, ,CFS
SHA,H,76,INFLOW,20170411,0900,22724, ,CFS
SHA,H,76,INFLOW,20170411,1000,20914, ,CFS
SHA,H,76,INFLOW,20170411,1100,26987, ,CFS
SHA,H,76,INFLOW,20170411,1200,25437, ,CFS
SHA,H,76,INFLOW,20170411,1300,21492, ,CFS
SHA,H,76,INFLOW,20170411,1400,29349, ,CFS
SHA,H,76,INFLOW,20170411,1500,31679, ,CFS
SHA,H,76,INFLOW,20170411,1600,13694, ,CFS
SHA,H,76,INFLOW,20170411,1700,32562, ,CFS
SHA,H,76,INFLOW,20170411,1800,27805, ,CFS
SHA,H,76,INFLOW,20170411,1900,29750, ,CFS
SHA,H,76,INFLOW,20170411,2000,25434, ,CFS
SHA,H,76,INFLOW,20170411,2100,21608, ,CFS
SHA,H,76,INFLOW,20170411,2200,21378, ,CFS
SHA,H,76,INFLOW,20170411,2300,17769, ,CFS
SHA,H,76,INFLOW,20170412,0000,16582, ,CFS
SHA,H,76,INFLOW,20170412,0100,26297, ,CFS
SHA,H,76,INFLOW,20170412,0200,22763, ,CFS
SHA,H,76,INFLOW,20170412,0300,29802, ,CFS
SHA,H,76,INFLOW,20170412,0400,30075, ,CFS
SHA,H,76,INFLOW,20170412,0500,23175, ,CFS
SHA,H,76,INFLOW,20170412,0600,23341, ,CFS
SHA,H,76,INFLOW,20170412,0700,23856, ,CFS
SHA,H,76,INFLOW,20170412,0800,23913, ,CFS
SHA,H,76,INFLOW,20170412,0900,23491, ,CFS
SHA,H,76,INFLOW,20170412,1000,17263, ,CFS
SHA,H,76,INFLOW,20170412,1100,31799, ,CFS
SHA,H,76,INFLOW,20170412,1200,27244, ,CFS
SHA,H,76,INFLOW,20170412,1300,25041, ,CFS
SHA,H,76,INFLOW,20170412,1400,27495, ,CFS
SHA,H,76,INFLOW,20170412,1500,23400, ,CFS
SHA,H,76,INFLOW,20170412,1600,24015, ,CFS
SHA,H,76,INFLOW,20170412,1700,25284, ,CFS
SHA,H,76,INFLOW,20170412,1800,26959, ,CFS
SHA,H,76,INFLOW,20170412,1900,32040, ,CFS
SHA,H,76,INFLOW,20170412,2000,32099, ,CFS
SHA,H,76,INFLOW,20170412,2100,28607, ,CFS
SHA,H,76,INFLOW,20170412,2200,53349, ,CFS
SHA,H,76,INFLOW,20170412,2300,31729, ,CFS
SHA,H,76,INFLOW,20170413,0000,31267, ,CFS
SHA,H,76,INFLOW,20170413,0100,32971, ,CFS
SHA,H,76,INFLOW,20170413,0200,30294, ,CFS
SHA,H,76,INFLOW,20170413,0300,37078, ,CFS
SHA,H,76,INFLOW,20170413,0400,37128, ,CFS
SHA,H,76,INFLOW,20170413,0500,33757, ,CFS
SHA,H,76,INFLOW,20170413,0600,41991, ,CFS
SHA,H,76,INFLOW,20170413,0700,39310, ,CFS
SHA,H,76,INFLOW,20170413,0800,31793, ,CFS
SHA,H,76,INFLOW,20170413,0900,49309, ,CFS
SHA,H,76,INFLOW,20170413,1000,31805, ,CFS
SHA,H,76,INFLOW,20170413,1100,52719, ,CFS
SHA,H,76,INFLOW,20170413,1200,31465, ,CFS
SHA,H,76,INFLOW,20170413,1300,48372, ,CFS
SHA,H,76,INFLOW,20170413,1400,24308, ,CFS
SHA,H,76,INFLOW,20170413,1500,16965, ,CFS
SHA,H,76,INFLOW,20170413,1600,24672, ,CFS
SHA,H,76,INFLOW,20170413,1700,20881, ,CFS
SHA,H,76,INFLOW,20170413,1800,32500, ,CFS
SHA,H,76,INFLOW,20170413,1900,23876, ,CFS
SHA,H,76,INFLOW,20170413,2000,34737, ,CFS
SHA,H,76,INFLOW,20170413,2100,21049, ,CFS
SHA,H,76,INFLOW,20170413,2200,32471, ,CFS
SHA,H,76,INFLOW,20170413,2300,21322, ,CFS
SHA,H,76,INFLOW,20170414,0000,28304, ,CFS
SHA,H,76,INFLOW,20170414,0100,27654, ,CFS
SHA,H,76,INFLOW,20170414,0200,23816, ,CFS
SHA,H,76,INFLOW,20170414,0300,34240, ,CFS
SHA,H,76,INFLOW,20170414,0400,30713, ,CFS
SHA,H,76,INFLOW,20170414,0500,31137, ,CFS
SHA,H,76,INFLOW,20170414,0600,37312, ,CFS
SHA,H,76,INFLOW,20170414,0700,30993, ,CFS
SHA,H,76,INFLOW,20170414,0800,31300, ,CFS
SHA,H,76,INFLOW,20170414,0900,24008, ,CFS
SHA,H,76,INFLOW,20170414,1000,27597, ,CFS
SHA,H,76,INFLOW,20170414,1100,26616, ,CFS
SHA,H,76,INFLOW,20170414,1200,24005, ,CFS
SHA,H,76,INFLOW,20170414,1300,31090, ,CFS
SHA,H,76,INFLOW,20170414,1400,24011, ,CFS
SHA,H,76,INFLOW,20170414,1500,27572, ,CFS
SHA,H,76,INFLOW,20170414,1600,27499, ,CFS
SHA,H,76,INFLOW,20170414,1700,23905, ,CFS
SHA,H,76,INFLOW,20170414,1800,27284, ,CFS
SHA,H,76,INFLOW,20170414,1900,37514, ,CFS
SHA,H,76,INFLOW,20170414,2000,34646, ,CFS
SHA,H,76,INFLOW,20170414,2100,17678, ,CFS
SHA,H,76,INFLOW,20170414,2200,42349, ,CFS
SHA,H,76,INFLOW,20170414,2300,28055, ,CFS
SHA,H,76,INFLOW,20170415,0000,32450, ,CFS
SHA,H,76,INFLOW,20170415,0100,35429, ,CFS
SHA,H,76,INFLOW,20170415,0200,21269, ,CFS
SHA,H,76,INFLOW,20170415,0300,18121, ,CFS
SHA,H,76,INFLOW,20170415,0400,28352, ,CFS
SHA,H,76,INFLOW,20170415,0500,21301, ,CFS
SHA,H,76,INFLOW,20170415,0600,20164, ,CFS
SHA,H,76,INFLOW,20170415,0700,27440, ,CFS
SHA,H,76,INFLOW,20170415,0800,24030, ,CFS
SHA,H,76,INFLOW,20170415,0900,13511, ,CFS
SHA,H,76,INFLOW,20170415,1000,25033, ,CFS
SHA,H,76,INFLOW,20170415,1100,14354, ,CFS
SHA,H,76,INFLOW,20170415,1200,21480, ,CFS
SHA,H,76,INFLOW,20170415,1300,21187, ,CFS
SHA,H,76,INFLOW,20170415,1400,15185, ,CFS
SHA,H,76,INFLOW,20170415,1500,25488, ,CFS
SHA,H,76,INFLOW,20170415,1600,25236, ,CFS
SHA,H,76,INFLOW,20170415,1700,18269, ,CFS
SHA,H,76,INFLOW,20170415,1800,23288, ,CFS
SHA,H,76,INFLOW,20170415,1900,21177, ,CFS
SHA,H,76,INFLOW,20170415,2000,20626, ,CFS
SHA,H,76,INFLOW,20170415,2100,27750, ,CFS
SHA,H,76,INFLOW,20170415,2200,21010, ,CFS
SHA,H,76,INFLOW,20170415,2300,21160, ,CFS
SHA,H,76,INFLOW,20170416,0000,27728, ,CFS
SHA,H,76,INFLOW,20170416,0100,20978, ,CFS
SHA,H,76,INFLOW,20170416,0200,17158, ,CFS
SHA,H,76,INFLOW,20170416,0300,27557, ,CFS
SHA,H,76,INFLOW,20170416,0400,24054, ,CFS
SHA,H,76,INFLOW,20170416,0500,20522, ,CFS
SHA,H,76,INFLOW,20170416,0600,20815, ,CFS
SHA,H,76,INFLOW,20170416,0700,24433, ,CFS
SHA,H,76,INFLOW,20170416,0800,27324, ,CFS
SHA,H,76,INFLOW,20170416,0900,5764, ,CFS
SHA,H,76,INFLOW,20170416,1000,6665, ,CFS
SHA,H,76,INFLOW,20170416,1100,35009, ,CFS
SHA,H,76,INFLOW,20170416,1200,21271, ,CFS
SHA,H,76,INFLOW,20170416,1300,10064, ,CFS
SHA,H,76,INFLOW,20170416,1400,20938, ,CFS
SHA,H,76,INFLOW,20170416,1500,21208, ,CFS
SHA,H,76,INFLOW,20170416,1600,17896, ,CFS
SHA,H,76,INFLOW,20170416,1700,28417, ,CFS
SHA,H,76,INFLOW,20170416,1800,24710, ,CFS
SHA,H,76,INFLOW,20170416,1900,35255, ,CFS
SHA,H,76,INFLOW,20170416,2000,31689, ,CFS
SHA,H,76,INFLOW,20170416,2100,14380, ,CFS
SHA,H,76,INFLOW,20170416,2200,34831, ,CFS
SHA,H,76,INFLOW,20170416,2300,24216, ,CFS
SHA,H,76,INFLOW,20170417,0000,20729, ,CFS
SHA,H,76,INFLOW,20170417,0100,28332, ,CFS
SHA,H,76,INFLOW,20170417,0200,31933, ,CFS
SHA,H,76,INFLOW,20170417,0300,28280, ,CFS
SHA,H,76,INFLOW,20170417,0400,21246, ,CFS
SHA,H,76,INFLOW,20170417,0500,17526, ,CFS
SHA,H,76,INFLOW,20170417,0600,23971, ,CFS
SHA,H,76,INFLOW,20170417,0700,20733, ,CFS
SHA,H,76,INFLOW,20170417,0800,25063, ,CFS
SHA,H,76,INFLOW,20170417,0900,14074, ,CFS
SHA,H,76,INFLOW,20170417,1000,16979, ,CFS
SHA,H,76,INFLOW,20170417,1100,24457, ,CFS
SHA,H,76,INFLOW,20170417,1200,17947, ,CFS
SHA,H,76,INFLOW,20170417,1300,21137, ,CFS
SHA,H,76,INFLOW,20170417,1400,20986, ,CFS
SHA,H,76,INFLOW,20170417,1500,17021, ,CFS
SHA,H,76,INFLOW,20170417,1600,20497, ,CFS
SHA,H,76,INFLOW,20170417,1700,24906, ,CFS
SHA,H,76,INFLOW,20170417,1800,16951, ,CFS
SHA,H,76,INFLOW,20170417,1900,10504, ,CFS
SHA,H,76,INFLOW,20170417,2000,24650, ,CFS
SHA,H,76,INFLOW,20170417,2100,35489, ,CFS
SHA,H,76,INFLOW,20170417,2200,24894, ,CFS
SHA,H,76,INFLOW,20170417,2300,31045, ,CFS
SHA,H,76,INFLOW,20170418,0000,27575, ,CFS
SHA,H,76,INFLOW,20170418,0100,22723, ,CFS
SHA,H,76,INFLOW,20170418,0200,27878, ,CFS
SHA,H,76,INFLOW,20170418,0300,27729, ,CFS
SHA,H,76,INFLOW,20170418,0400,21031, ,CFS
SHA,H,76,INFLOW,20170418,0500,31758, ,CFS
SHA,H,76,INFLOW,20170418,0600,20120, ,CFS
SHA,H,76,INFLOW,20170418,0700,24978, ,CFS
SHA,H,76,INFLOW,20170418,0800,25210, ,CFS
SHA,H,76,INFLOW,20170418,0900,26332, ,CFS
SHA,H,76,INFLOW,20170418,1000,24230, ,CFS
SHA,H,76,INFLOW,20170418,1100,27938, ,CFS
SHA,H,76,INFLOW,20170418,1200,20783, ,CFS
SHA,H,76,INFLOW,20170418,1300,26813, ,CFS
SHA,H,76,INFLOW,20170418,1400,23277, ,CFS
SHA,H,76,INFLOW,20170418,1500,24050, ,CFS
SHA,H,76,INFLOW,20170418,1600,20071, ,CFS
SHA,H,76,INFLOW,20170418,1700,27013, ,CFS
SHA,H,76,INFLOW,20170418,1800,23548, ,CFS
SHA,H,76,INFLOW,20170418,1900,23771, ,CFS
SHA,H,76,INFLOW,20170418,2000,27619, ,CFS
SHA,H,76,INFLOW,20170418,2100,24475, ,CFS
SHA,H,76,INFLOW,20170418,2200,27028, ,CFS
SHA,H,76,INFLOW,20170418,2300,27337, ,CFS
SHA,H,76,INFLOW,20170419,0000,23287, ,CFS
SHA,H,76,INFLOW,20170419,0100,20553, ,CFS
SHA,H,76,INFLOW,20170419,0200,28294, ,CFS
SHA,H,76,INFLOW,20170419,0300,23014, ,CFS
SHA,H,76,INFLOW,20170419,0400,16047, ,CFS
SHA,H,76,INFLOW,20170419,0500,26639, ,CFS
SHA,H,76,INFLOW,20170419,0600,34733, ,CFS
SHA,H,76,INFLOW,20170419,0700,17780, ,CFS
SHA,H,76,INFLOW,20170419,0800,27863, ,CFS
SHA,H,76,INFLOW,20170419,0900,17194, ,CFS
SHA,H,76,INFLOW,20170419,1000,21188, ,CFS
SHA,H,76,INFLOW,20170419,1100,32072, ,CFS
SHA,H,76,INFLOW,20170419,1200,28621, ,CFS
SHA,H,76,INFLOW,20170419,1300,24967, ,CFS
SHA,H,76,INFLOW,20170419,1400,29147, ,CFS
SHA,H,76,INFLOW,20170419,1500,25097, ,CFS
SHA,H,76,INFLOW,20170419,1600,21549, ,CFS
SHA,H,76,INFLOW,20170419,1700,23725, ,CFS
SHA,H,76,INFLOW,20170419,1800,23614, ,CFS
SHA,H,76,INFLOW,20170419,1900,30913, ,CFS
SHA,H,76,INFLOW,20170419,2000,34228, ,CFS
SHA,H,76,INFLOW,20170419,2100,31126, ,CFS
SHA,H,76,INFLOW,20170419,2200,20485, ,CFS
SHA,H,76,INFLOW,20170419,2300,31403, ,CFS
SHA,H,76,INFLOW,20170420,0000,20934, ,CFS
SHA,H,76,INFLOW,20170420,0100,24046, ,CFS
SHA,H,76,INFLOW,20170420,0200,27765, ,CFS
SHA,H,76,INFLOW,20170420,0300,24467, ,CFS
SHA,H,76,INFLOW,20170420,0400,24446, ,CFS
SHA,H,76,INFLOW,20170420,0500,28200, ,CFS
SHA,H,76,INFLOW,20170420,0600,21123, ,CFS
SHA,H,76,INFLOW,20170420,0700,21587, ,CFS
SHA,H,76,INFLOW,20170420,0800,28815, ,CFS
SHA,H,76,INFLOW,20170420,0900,14348, ,CFS
SHA,H,76,INFLOW,20170420,1000,21175, ,CFS
SHA,H,76,INFLOW,20170420,1100,24798, ,CFS
SHA,H,76,INFLOW,20170420,1200,17615, ,CFS
SHA,H,76,INFLOW,20170420,1300,24639, ,CFS
SHA,H,76,INFLOW,20170420,1400,20739, ,CFS
SHA,H,76,INFLOW,20170420,1500,20913, ,CFS
SHA,H,76,INFLOW,20170420,1600,25032, ,CFS
SHA,H,76,INFLOW,20170420,1700,17436, ,CFS
SHA,H,76,INFLOW,20170420,1800,17730, ,CFS
SHA,H,76,INFLOW,20170420,1900,31594, ,CFS
SHA,H,76,INFLOW,20170420,2000,7117, ,CFS
SHA,H,76,INFLOW,20170420,2100,38950, ,CFS
SHA,H,76,INFLOW,20170420,2200,17625, ,CFS
SHA,H,76,INFLOW,20170420,2300,17589, ,CFS
SHA,H,76,INFLOW,20170421,0000,24851, ,CFS
SHA,H,76,INFLOW,20170421,0100,10964, ,CFS
SHA,H,76,INFLOW,20170421,0200,28505, ,CFS
SHA,H,76,INFLOW,20170421,0300,17848, ,CFS
SHA,H,76,INFLOW,20170421,0400,10179, ,CFS
SHA,H,76,INFLOW,20170421,0500,25201, ,CFS
SHA,H,76,INFLOW,20170421,0600,9737, ,CFS
SHA,H,76,INFLOW,20170421,0700,24122, ,CFS
SHA,H,76,INFLOW,20170421,0800,24057, ,CFS
SHA,H,76,INFLOW,20170421,0900,20527, ,CFS
SHA,H,76,INFLOW,20170421,1000,20488, ,CFS
SHA,H,76,INFLOW,20170421,1100,13087, ,CFS
SHA,H,76,INFLOW,20170421,1200,21465, ,CFS
SHA,H,76,INFLOW,20170421,1300,19363, ,CFS
SHA,H,76,INFLOW,20170421,1400,16922, ,CFS
SHA,H,76,INFLOW,20170421,1500,21110, ,CFS
SHA,H,76,INFLOW,20170421,1600,23348, ,CFS
SHA,H,76,INFLOW,20170421,1700,13365, ,CFS
SHA,H,76,INFLOW,20170421,1800,24396, ,CFS
SHA,H,76,INFLOW,20170421,1900,29345, ,CFS
SHA,H,76,INFLOW,20170421,2000,20359, ,CFS
SHA,H,76,INFLOW,20170421,2100,23770, ,CFS
SHA,H,76,INFLOW,20170421,2200,23420, ,CFS
SHA,H,76,INFLOW,20170421,2300,26283, ,CFS
SHA,H,76,INFLOW,20170422,0000,22206, ,CFS
SHA,H,76,INFLOW,20170422,0100,22259, ,CFS
SHA,H,76,INFLOW,20170422,0200,22113, ,CFS
SHA,H,76,INFLOW,20170422,0300,14817, ,CFS
SHA,H,76,INFLOW,20170422,0400,29065, ,CFS
SHA,H,76,INFLOW,20170422,0500,22815, ,CFS
SHA,H,76,INFLOW,20170422,0600,22517, ,CFS
SHA,H,76,INFLOW,20170422,0700,29156, ,CFS
SHA,H,76,INFLOW,20170422,0800,18596, ,CFS
SHA,H,76,INFLOW,20170422,0900,11546, ,CFS
SHA,H,76,INFLOW,20170422,1000,24047, ,CFS
SHA,H,76,INFLOW,20170422,1100,15218, ,CFS
SHA,H,76,INFLOW,20170422,1200,18940, ,CFS
SHA,H,76,INFLOW,20170422,1300,18791, ,CFS
SHA,H,76,INFLOW,20170422,1400,15651, ,CFS
SHA,H,76,INFLOW,20170422,1500,15847, ,CFS
SHA,H,76,INFLOW,20170422,1600,21516, ,CFS
SHA,H,76,INFLOW,20170422,1700,11115, ,CFS
SHA,H,76,INFLOW,20170422,1800,21254, ,CFS
SHA,H,76,INFLOW,20170422,1900,15088, ,CFS
SHA,H,76,INFLOW,20170422,2000,20094, ,CFS
SHA,H,76,INFLOW,20170422,2100,25797, ,CFS
SHA,H,76,INFLOW,20170422,2200,15234, ,CFS
SHA,H,76,INFLOW,20170422,2300,22526, ,CFS
SHA,H,76,INFLOW,20170423,0000,14931, ,CFS
SHA,H,76,INFLOW,20170423,0100,12247, ,CFS
SHA,H,76,INFLOW,20170423,0200,12272, ,CFS
SHA,H,76,INFLOW,20170423,0300,28900, ,CFS
SHA,H,76,INFLOW,20170423,0400,4634, ,CFS
SHA,H,76,INFLOW,20170423,0500,19944, ,CFS
SHA,H,76,INFLOW,20170423,0600,33782, ,CFS
SHA,H,76,INFLOW,20170423,0700,6014, ,CFS
SHA,H,76,INFLOW,20170423,0800,19771, ,CFS
SHA,H,76,INFLOW,20170423,0900,24823, ,CFS
SHA,H,76,INFLOW,20170423,1000,9682, ,CFS
SHA,H,76,INFLOW,20170423,1100,23017, ,CFS
SHA,H,76,INFLOW,20170423,1200,19562, ,CFS
SHA,H,76,INFLOW,20170423,1300,19179, ,CFS
SHA,H,76,INFLOW,20170423,1400,19777, ,CFS
SHA,H,76,INFLOW,20170423,1500,12869, ,CFS
SHA,H,76,INFLOW,20170423,1600,19209, ,CFS
SHA,H,76,INFLOW,20170423,1700,16927, ,CFS
SHA,H,76,INFLOW,20170423,1800,16936, ,CFS
SHA,H,76,INFLOW,20170423,1900,22203, ,CFS
SHA,H,76,INFLOW,20170423,2000,27425, ,CFS
SHA,H,76,INFLOW,20170423,2100,23530, ,CFS
SHA,H,76,INFLOW,20170423,2200,26816, ,CFS
SHA,H,76,INFLOW,20170423,2300,13135, ,CFS
SHA,H,76,INFLOW,20170424,0000,23486, ,CFS
SHA,H,76,INFLOW,20170424,0100,13365, ,CFS
SHA,H,76,INFLOW,20170424,0200,19987, ,CFS
SHA,H,76,INFLOW,20170424,0300,8816, ,CFS
SHA,H,76,INFLOW,20170424,0400,19307, ,CFS
SHA,H,76,INFLOW,20170424,0500,12419, ,CFS
SHA,H,76,INFLOW,20170424,0600,15920, ,CFS
SHA,H,76,INFLOW,20170424,0700,16765, ,CFS
SHA,H,76,INFLOW,20170424,0800,21008, ,CFS
SHA,H,76,INFLOW,20170424,0900,20407, ,CFS
SHA,H,76,INFLOW,20170424,1000,9532, ,CFS
SHA,H,76,INFLOW,20170424,1100,130966, ,CFS
SHA,H,76,INFLOW,20170424,1200,23452, ,CFS
SHA,H,76,INFLOW,20170424,1300,12968, ,CFS
SHA,H,76,INFLOW,20170424,1400,20634, ,CFS
SHA,H,76,INFLOW,20170424,1500,10394, ,CFS
SHA,H,76,INFLOW,20170424,1600,10198, ,CFS
SHA,H,76,INFLOW,20170424,1700,26060, ,CFS
SHA,H,76,INFLOW,20170424,1800,18953, ,CFS
SHA,H,76,INFLOW,20170424,1900,15235, ,CFS
SHA,H,76,INFLOW,20170424,2000,18611, ,CFS
SHA,H,76,INFLOW,20170424,2100,23521, ,CFS
SHA,H,76,INFLOW,20170424,2200,18437, ,CFS
SHA,H,76,INFLOW,20170424,2300,16617, ,CFS
SHA,H,76,INFLOW,20170425,0000,23694, ,CFS
SHA,H,76,INFLOW,20170425,0100,18022, ,CFS
SHA,H,76,INFLOW,20170425,0200,14181, ,CFS
SHA,H,76,INFLOW,20170425,0300,17063, ,CFS
SHA,H,76,INFLOW,20170425,0400,20213, ,CFS
SHA,H,76,INFLOW,20170425,0500,16753, ,CFS
SHA,H,76,INFLOW,20170425,0600,16122, ,CFS
SHA,H,76,INFLOW,20170425,0700,24658, ,CFS
SHA,H,76,INFLOW,20170425,0800,10291, ,CFS
SHA,H,76,INFLOW,20170425,0900,17182, ,CFS
SHA,H,76,INFLOW,20170425,1000,8546, ,CFS
SHA,H,76,INFLOW,20170425,1100,19754, ,CFS
SHA,H,76,INFLOW,20170425,1200,13050, ,CFS
SHA,H,76,INFLOW,20170425,1300,16090, ,CFS
SHA,H,76,INFLOW,20170425,1400,5075, ,CFS
SHA,H,76,INFLOW,20170425,1500,15624, ,CFS
SHA,H,76,INFLOW,20170425,1600,19132, ,CFS
SHA,H,76,INFLOW,20170425,1700,16031, ,CFS
SHA,H,76,INFLOW,20170425,1800,19483, ,CFS
SHA,H,76,INFLOW,20170425,1900,26592, ,CFS
SHA,H,76,INFLOW,20170425,2000,12823, ,CFS
SHA,H,76,INFLOW,20170425,2100,19634, ,CFS
SHA,H,76,INFLOW,20170425,2200,12837, ,CFS
SHA,H,76,INFLOW,20170425,2300,16724, ,CFS
SHA,H,76,INFLOW,20170426,0000,19175, ,CFS
SHA,H,76,INFLOW,20170426,0100,13318, ,CFS
SHA,H,76,INFLOW,20170426,0200,17099, ,CFS
SHA,H,76,INFLOW,20170426,0300,13520, ,CFS
SHA,H,76,INFLOW,20170426,0400,13944, ,CFS
SHA,H,76,INFLOW,20170426,0500,15179, ,CFS
SHA,H,76,INFLOW,20170426,0600,10992, ,CFS
SHA,H,76,INFLOW,20170426,0700,15214, ,CFS
SHA,H,76,INFLOW,20170426,0800,21935, ,CFS
SHA,H,76,INFLOW,20170426,0900,10565, ,CFS
SHA,H,76,INFLOW,20170426,1000,26055, ,CFS
SHA,H,76,INFLOW,20170426,1100,13598, ,CFS
SHA,H,76,INFLOW,20170426,1200,16710, ,CFS
SHA,H,76,INFLOW,20170426,1300,19836, ,CFS
SHA,H,76,INFLOW,20170426,1400,13189, ,CFS
SHA,H,76,INFLOW,20170426,1500,16382, ,CFS
SHA,H,76,INFLOW,20170426,1600,16829, ,CFS
SHA,H,76,INFLOW,20170426,1700,20763, ,CFS
SHA,H,76,INFLOW,20170426,1800,10461, ,CFS
SHA,H,76,INFLOW,20170426,1900,20763, ,CFS
SHA,H,76,INFLOW,20170426,2000,10590, ,CFS
SHA,H,76,INFLOW,20170426,2100,14829, ,CFS
SHA,H,76,INFLOW,20170426,2200,17787, ,CFS
SHA,H,76,INFLOW,20170426,2300,13846, ,CFS
SHA,H,76,INFLOW,20170427,0000,20317, ,CFS
SHA,H,76,INFLOW,20170427,0100,12722, ,CFS
SHA,H,76,INFLOW,20170427,0200,13233, ,CFS
SHA,H,76,INFLOW,20170427,0300,17634, ,CFS
SHA,H,76,INFLOW,20170427,0400,17755, ,CFS
SHA,H,76,INFLOW,20170427,0500,17223, ,CFS
SHA,H,76,INFLOW,20170427,0600,13337, ,CFS
SHA,H,76,INFLOW,20170427,0700,12910, ,CFS
SHA,H,76,INFLOW,20170427,0800,16310, ,CFS
SHA,H,76,INFLOW,20170427,0900,9540, ,CFS
SHA,H,76,INFLOW,20170427,1000,13892, ,CFS
SHA,H,76,INFLOW,20170427,1100,19414, ,CFS
SHA,H,76,INFLOW,20170427,1200,5444, ,CFS
SHA,H,76,INFLOW,20170427,1300,16297, ,CFS
SHA,H,76,INFLOW,20170427,1400,19789, ,CFS
SHA,H,76,INFLOW,20170427,1500,17273, ,CFS
SHA,H,76,INFLOW,20170427,1600,17531, ,CFS
SHA,H,76,INFLOW,20170427,1700,17668, ,CFS
SHA,H,76,INFLOW,20170427,1800,17153, ,CFS
SHA,H,76,INFLOW,20170427,1900,17701, ,CFS
SHA,H,76,INFLOW,20170427,2000,17303, ,CFS
SHA,H,76,INFLOW,20170427,2100,14530, ,CFS
SHA,H,76,INFLOW,20170427,2200,18318, ,CFS
SHA,H,76,INFLOW,20170427,2300,11005, ,CFS
SHA,H,76,INFLOW,20170428,0000,19637, ,CFS
SHA,H,76,INFLOW,20170428,0100,12314, ,CFS
SHA,H,76,INFLOW,20170428,0200,18324, ,CFS
SHA,H,76,INFLOW,20170428,0300,14937, ,CFS
SHA,H,76,INFLOW,20170428,0400,14946, ,CFS
SHA,H,76,INFLOW,20170428,0500,14759, ,CFS
SHA,H,76,INFLOW,20170428,0600,11513, ,CFS
SHA,H,76,INFLOW,20170428,0700,16826, ,CFS
SHA,H,76,INFLOW,20170428,0800,16434, ,CFS
SHA,H,76,INFLOW,20170428,0900,10988, ,CFS
SHA,H,76,INFLOW,20170428,1000,13835, ,CFS
SHA,H,76,INFLOW,20170428,1100,7106, ,CFS
SHA,H,76,INFLOW,20170428,1200,7014, ,CFS
SHA,H,76,INFLOW,20170428,1300,10915, ,CFS
SHA,H,76,INFLOW,20170428,1400,7273, ,CFS
SHA,H,76,INFLOW,20170428,1500,12569, ,CFS
SHA,H,76,INFLOW,20170428,1600,16791, ,CFS
SHA,H,76,INFLOW,20170428,1700,11009, ,CFS
SHA,H,76,INFLOW,20170428,1800,25885, ,CFS
SHA,H,76,INFLOW,20170428,1900,21578, ,CFS
SHA,H,76,INFLOW,20170428,2000,21533, ,CFS
SHA,H,76,INFLOW,20170428,2100,9674, ,CFS
SHA,H,76,INFLOW,20170428,2200,14540, ,CFS
SHA,H,76,INFLOW,20170428,2300,20577, ,CFS
SHA,H,76,INFLOW,20170429,0000,10245, ,CFS
SHA,H,76,INFLOW,20170429,0100,18044, ,CFS
SHA,H,76,INFLOW,20170429,0200,15708, ,CFS
SHA,H,76,INFLOW,20170429,0300,11414, ,CFS
SHA,H,76,INFLOW,20170429,0400,18177, ,CFS
SHA,H,76,INFLOW,20170429,0500,14602, ,CFS
SHA,H,76,INFLOW,20170429,0600,12504, ,CFS
SHA,H,76,INFLOW,20170429,0700,14423, ,CFS
SHA,H,76,INFLOW,20170429,0800,16585, ,CFS
SHA,H,76,INFLOW,20170429,0900,2292, ,CFS
SHA,H,76,INFLOW,20170429,1000,13123, ,CFS
SHA,H,76,INFLOW,20170429,1100,9905, ,CFS
SHA,H,76,INFLOW,20170429,1200,10028, ,CFS
SHA,H,76,INFLOW,20170429,1300,16992, ,CFS
SHA,H,76,INFLOW,20170429,1400,10083, ,CFS
SHA,H,76,INFLOW,20170429,1500,13757, ,CFS
SHA,H,76,INFLOW,20170429,1600,17035, ,CFS
SHA,H,76,INFLOW,20170429,1700,14156, ,CFS
SHA,H,76,INFLOW,20170429,1800,23537, ,CFS
SHA,H,76,INFLOW,20170429,1900,13779, ,CFS
SHA,H,76,INFLOW,20170429,2000,13642, ,CFS
SHA,H,76,INFLOW,20170429,2100,20516, ,CFS
SHA,H,76,INFLOW,20170429,2200,13530, ,CFS
SHA,H,76,INFLOW,20170429,2300,17243, ,CFS
SHA,H,76,INFLOW,20170430,0000,16872, ,CFS
SHA,H,76,INFLOW,20170430,0100,12468, ,CFS
SHA,H,76,INFLOW,20170430,0200,18635, ,CFS
SHA,H,76,INFLOW,20170430,0300,11735, ,CFS
SHA,H,76,INFLOW,20170430,0400,11999, ,CFS
SHA,H,76,INFLOW,20170430,0500,15685, ,CFS
SHA,H,76,INFLOW,20170430,0600,549, ,CFS
SHA,H,76,INFLOW,20170430,0700,14087, ,CFS
SHA,H,76,INFLOW,20170430,0800,8792, ,CFS
SHA,H,76,INFLOW,20170430,0900,9110, ,CFS
SHA,H,76,INFLOW,20170430,1000,14946, ,CFS
SHA,H,76,INFLOW,20170430,1100,7768, ,CFS
SHA,H,76,INFLOW,20170430,1200,14529, ,CFS
SHA,H,76,INFLOW,20170430,1300,15989, ,CFS
SHA,H,76,INFLOW,20170430,1400,11818, ,CFS
SHA,H,76,INFLOW,20170430,1500,15311, ,CFS
SHA,H,76,INFLOW,20170430,1600,17072, ,CFS
SHA,H,76,INFLOW,20170430,1700,10566, ,CFS
SHA,H,76,INFLOW,20170430,1800,15822, ,CFS
SHA,H,76,INFLOW,20170430,1900,15036, ,CFS
SHA,H,76,INFLOW,20170430,2000,11596, ,CFS
SHA,H,76,INFLOW,20170430,2100,15217, ,CFS
SHA,H,76,INFLOW,20170430,2200,15266, ,CFS
SHA,H,76,INFLOW,20170430,2300,14729, ,CFS
SHA,H,76,INFLOW,20170501,0000,16330, ,CFS
SHA,H,76,INFLOW,20170501,0100,9140, ,CFS
SHA,H,76,INFLOW,20170501,0200,19315, ,CFS
SHA,H,76,INFLOW,20170501,0300,15799, ,CFS
SHA,H,76,INFLOW,20170501,0400,12397, ,CFS
SHA,H,76,INFLOW,20170501,0500,15927, ,CFS
SHA,H,76,INFLOW,20170501,0600,10163, ,CFS
SHA,H,76,INFLOW,20170501,0700,15130, ,CFS
SHA,H,76,INFLOW,20170501,0800,15683, ,CFS
SHA,H,76,INFLOW,20170501,0900,9249, ,CFS
SHA,H,76,INFLOW,20170501,1000,12319, ,CFS
SHA,H,76,INFLOW,20170501,1100,12935, ,CFS
SHA,H,76,INFLOW,20170501,1200,16455, ,CFS
SHA,H,76,INFLOW,20170501,1300,14455, ,CFS
SHA,H,76,INFLOW,20170501,1400,15830, ,CFS
SHA,H,76,INFLOW,20170501,1500,17370, ,CFS
SHA,H,76,INFLOW,20170501,1600,13955, ,CFS
SHA,H,76,INFLOW,20170501,1700,16246, ,CFS
SHA,H,76,INFLOW,20170501,1800,17166, ,CFS
SHA,H,76,INFLOW,20170501,1900,11525, ,CFS
SHA,H,76,INFLOW,20170501,2000,19284, ,CFS
SHA,H,76,INFLOW,20170501,2100,16787, ,CFS
SHA,H,76,INFLOW,20170501,2200,15499, ,CFS
SHA,H,76,INFLOW,20170501,2300,15762, ,CFS
SHA,H,76,INFLOW,20170502,0000,14497, ,CFS
SHA,H,76,INFLOW,20170502,0100,12748, ,CFS
SHA,H,76,INFLOW,20170502,0200,15969, ,CFS
SHA,H,76,INFLOW,20170502,0300,12491, ,CFS
SHA,H,76,INFLOW,20170502,0400,19440, ,CFS
SHA,H,76,INFLOW,20170502,0500,12538, ,CFS
SHA,H,76,INFLOW,20170502,0600,13873, ,CFS
SHA,H,76,INFLOW,20170502,0700,19875, ,CFS
SHA,H,76,INFLOW,20170502,0800,9698, ,CFS
SHA,H,76,INFLOW,20170502,0900,14517, ,CFS
SHA,H,76,INFLOW,20170502,1000,13148, ,CFS
SHA,H,76,INFLOW,20170502,1100,14213, ,CFS
SHA,H,76,INFLOW,20170502,1200,14338, ,CFS
SHA,H,76,INFLOW,20170502,1300,15068, ,CFS
SHA,H,76,INFLOW,20170502,1400,15478, ,CFS
SHA,H,76,INFLOW,20170502,1500,15992, ,CFS
SHA,H,76,INFLOW,20170502,1600,13517, ,CFS
SHA,H,76,INFLOW,20170502,1700,16876, ,CFS
SHA,H,76,INFLOW,20170502,1800,13728, ,CFS
SHA,H,76,INFLOW,20170502,1900,15666, ,CFS
SHA,H,76,INFLOW,20170502,2000,18139, ,CFS
SHA,H,76,INFLOW,20170502,2100,14390, ,CFS
SHA,H,76,INFLOW,20170502,2200,13822, ,CFS
SHA,H,76,INFLOW,20170502,2300,16690, ,CFS
SHA,H,76,INFLOW,20170503,0000,12574, ,CFS
SHA,H,76,INFLOW,20170503,0100,16238, ,CFS
SHA,H,76,INFLOW,20170503,0200,16470, ,CFS
SHA,H,76,INFLOW,20170503,0300,12985, ,CFS
SHA,H,76,INFLOW,20170503,0400,16690, ,CFS
SHA,H,76,INFLOW,20170503,0500,13556, ,CFS
SHA,H,76,INFLOW,20170503,0600,20041, ,CFS
SHA,H,76,INFLOW,20170503,0700,12103, ,CFS
SHA,H,76,INFLOW,20170503,0800,14921, ,CFS
SHA,H,76,INFLOW,20170503,0900,13727, ,CFS
SHA,H,76,INFLOW,20170503,1000,13998, ,CFS
SHA,H,76,INFLOW,20170503,1100,13663, ,CFS
SHA,H,76,INFLOW,20170503,1200,13794, ,CFS
SHA,H,76,INFLOW,20170503,1300,16479, ,CFS
SHA,H,76,INFLOW,20170503,1400,13118, ,CFS
SHA,H,76,INFLOW,20170503,1500,14073, ,CFS
SHA,H,76,INFLOW,20170503,1600,18495, ,CFS
SHA,H,76,INFLOW,20170503,1700,12757, ,CFS
SHA,H,76,INFLOW,20170503,1800,17526, ,CFS
SHA,H,76,INFLOW,20170503,1900,16101, ,CFS
SHA,H,76,INFLOW,20170503,2000,15003, ,CFS
SHA,H,76,INFLOW,20170503,2100,12596, ,CFS
SHA,H,76,INFLOW,20170503,2200,11827, ,CFS
SHA,H,76,INFLOW,20170503,2300,16894, ,CFS
SHA,H,76,INFLOW,20170504,0000,11092, ,CFS
SHA,H,76,INFLOW,20170504,0100,11316, ,CFS
SHA,H,76,INFLOW,20170504,0200,10820, ,CFS
SHA,H,76,INFLOW,20170504,0300,14242, ,CFS
SHA,H,76,INFLOW,20170504,0400,10757, ,CFS
SHA,H,76,INFLOW,20170504,0500,11053, ,CFS
SHA,H,76,INFLOW,20170504,0600,12635, ,CFS
SHA,H,76,INFLOW,20170504,0700,12457, ,CFS
SHA,H,76,INFLOW,20170504,0800,14691, ,CFS
SHA,H,76,INFLOW,20170504,0900,9722, ,CFS
SHA,H,76,INFLOW,20170504,1000,10437, ,CFS
SHA,H,76,INFLOW,20170504,1100,14558, ,CFS
SHA,H,76,INFLOW,20170504,1200,10195, ,CFS
SHA,H,76,INFLOW,20170504,1300,16731, ,CFS
SHA,H,76,INFLOW,20170504,1400,15023, ,CFS
SHA,H,76,INFLOW,20170504,1500,12173, ,CFS
SHA,H,76,INFLOW,20170504,1600,13098, ,CFS
SHA,H,76,INFLOW,20170504,1700,9320, ,CFS
SHA,H,76,INFLOW,20170504,1800,16528, ,CFS
SHA,H,76,INFLOW,20170504,1900,9558, ,CFS
SHA,H,76,INFLOW,20170504,2000,13158, ,CFS
SHA,H,76,INFLOW,20170504,2100,12786, ,CFS
SHA,H,76,INFLOW,20170504,2200,15554, ,CFS
SHA,H,76,INFLOW,20170504,2300,14663, ,CFS
SHA,H,76,INFLOW,20170505,0000,11196, ,CFS
SHA,H,76,INFLOW,20170505,0100,14304, ,CFS
SHA,H,76,INFLOW,20170505,0200,17807, ,CFS
SHA,H,76,INFLOW,20170505,0300,21311, ,CFS
SHA,H,76,INFLOW,20170505,0400,14304, ,CFS
SHA,H,76,INFLOW,20170505,0500,17808, ,CFS
SHA,H,76,INFLOW,20170505,0600,18080, ,CFS
SHA,H,76,INFLOW,20170505,0700,12515, ,CFS
SHA,H,76,INFLOW,20170505,0800,19855, ,CFS
SHA,H,76,INFLOW,20170505,0900,16229, ,CFS
SHA,H,76,INFLOW,20170505,1000,19676, ,CFS
SHA,H,76,INFLOW,20170505,1100,16107, ,CFS
SHA,H,76,INFLOW,20170505,1200,12559, ,CFS
SHA,H,76,INFLOW,20170505,1300,19536, ,CFS
SHA,H,76,INFLOW,20170505,1400,12464, ,CFS
SHA,H,76,INFLOW,20170505,1500,16057, ,CFS
SHA,H,76,INFLOW,20170505,1600,12423, ,CFS
SHA,H,76,INFLOW,20170505,1700,12613, ,CFS
SHA,H,76,INFLOW,20170505,1800,10579, ,CFS
SHA,H,76,INFLOW,20170505,1900,21116, ,CFS
SHA,H,76,INFLOW,20170505,2000,14255, ,CFS
SHA,H,76,INFLOW,20170505,2100,14469, ,CFS
SHA,H,76,INFLOW,20170505,2200,12301, ,CFS
SHA,H,76,INFLOW,20170505,2300,18225, ,CFS
SHA,H,76,INFLOW,20170506,0000,17992, ,CFS
SHA,H,76,INFLOW,20170506,0100,7305, ,CFS
SHA,H,76,INFLOW,20170506,0200,17816, ,CFS
SHA,H,76,INFLOW,20170506,0300,14313, ,CFS
SHA,H,76,INFLOW,20170506,0400,14313, ,CFS
SHA,H,76,INFLOW,20170506,0500,17972, ,CFS
SHA,H,76,INFLOW,20170506,0600,14161, ,CFS
SHA,H,76,INFLOW,20170506,0700,12515, ,CFS
SHA,H,76,INFLOW,20170506,0800,17742, ,CFS
SHA,H,76,INFLOW,20170506,0900,10222, ,CFS
SHA,H,76,INFLOW,20170506,1000,10388, ,CFS
SHA,H,76,INFLOW,20170506,1100,13475, ,CFS
SHA,H,76,INFLOW,20170506,1200,6449, ,CFS
SHA,H,76,INFLOW,20170506,1300,13460, ,CFS
SHA,H,76,INFLOW,20170506,1400,6449, ,CFS
SHA,H,76,INFLOW,20170506,1500,6466, ,CFS
SHA,H,76,INFLOW,20170506,1600,13918, ,CFS
SHA,H,76,INFLOW,20170506,1700,7386, ,CFS
SHA,H,76,INFLOW,20170506,1800,4133, ,CFS
SHA,H,76,INFLOW,20170506,1900,18981, ,CFS
SHA,H,76,INFLOW,20170506,2000,17665, ,CFS
SHA,H,76,INFLOW,20170506,2100,14346, ,CFS
SHA,H,76,INFLOW,20170506,2200,18101, ,CFS
SHA,H,76,INFLOW,20170506,2300,10379, ,CFS
SHA,H,76,INFLOW,20170507,0000,11797, ,CFS
SHA,H,76,INFLOW,20170507,0100,12504, ,CFS
SHA,H,76,INFLOW,20170507,0200,16156, ,CFS
SHA,H,76,INFLOW,20170507,0300,16195, ,CFS
SHA,H,76,INFLOW,20170507,0400,12649, ,CFS
SHA,H,76,INFLOW,20170507,0500,12684, ,CFS
SHA,H,76,INFLOW,20170507,0600,12810, ,CFS
SHA,H,76,INFLOW,20170507,0700,15258, ,CFS
SHA,H,76,INFLOW,20170507,0800,15357, ,CFS
SHA,H,76,INFLOW,20170507,0900,4873, ,CFS
SHA,H,76,INFLOW,20170507,1000,11863, ,CFS
SHA,H,76,INFLOW,20170507,1100,4863, ,CFS
SHA,H,76,INFLOW,20170507,1200,8375, ,CFS
SHA,H,76,INFLOW,20170507,1300,19340, ,CFS
SHA,H,76,INFLOW,20170507,1400,15754, ,CFS
SHA,H,76,INFLOW,20170507,1500,5205, ,CFS
SHA,H,76,INFLOW,20170507,1600,16144, ,CFS
SHA,H,76,INFLOW,20170507,1700,16489, ,CFS
SHA,H,76,INFLOW,20170507,1800,8657, ,CFS
SHA,H,76,INFLOW,20170507,1900,18711, ,CFS
SHA,H,76,INFLOW,20170507,2000,4904, ,CFS
SHA,H,76,INFLOW,20170507,2100,22387, ,CFS
SHA,H,76,INFLOW,20170507,2200,11238, ,CFS
SHA,H,76,INFLOW,20170507,2300,13999, ,CFS
SHA,H,76,INFLOW,20170508,0000,16758, ,CFS
SHA,H,76,INFLOW,20170508,0100,10765, ,CFS
SHA,H,76,INFLOW,20170508,0200,14397, ,CFS
SHA,H,76,INFLOW,20170508,0300,13745, ,CFS
SHA,H,76,INFLOW,20170508,0400,10277, ,CFS
SHA,H,76,INFLOW,20170508,0500,17296, ,CFS
SHA,H,76,INFLOW,20170508,0600,14114, ,CFS
SHA,H,76,INFLOW,20170508,0700,10618, ,CFS
SHA,H,76,INFLOW,20170508,0800,10464, ,CFS
SHA,H,76,INFLOW,20170508,0900,13854, ,CFS
SHA,H,76,INFLOW,20170508,1000,9698, ,CFS
SHA,H,76,INFLOW,20170508,1100,19081, ,CFS
SHA,H,76,INFLOW,20170508,1200,8743, ,CFS
SHA,H,76,INFLOW,20170508,1300,9039, ,CFS
SHA,H,76,INFLOW,20170508,1400,12465, ,CFS
SHA,H,76,INFLOW,20170508,1500,12532, ,CFS
SHA,H,76,INFLOW,20170508,1600,11394, ,CFS
SHA,H,76,INFLOW,20170508,1700,12118, ,CFS
SHA,H,76,INFLOW,20170508,1800,12136, ,CFS
SHA,H,76,INFLOW,20170508,1900,12135, ,CFS
SHA,H,76,INFLOW,20170508,2000,12165, ,CFS
SHA,H,76,INFLOW,20170508,2100,11808, ,CFS
SHA,H,76,INFLOW,20170508,2200,11734, ,CFS
SHA,H,76,INFLOW,20170508,2300,13730, ,CFS
SHA,H,76,INFLOW,20170509,0000,9223, ,CFS
SHA,H,76,INFLOW,20170509,0100,13127, ,CFS
SHA,H,76,INFLOW,20170509,0200,9497, ,CFS
SHA,H,76,INFLOW,20170509,0300,16303, ,CFS
SHA,H,76,INFLOW,20170509,0400,9770, ,CFS
SHA,H,76,INFLOW,20170509,0500,9954, ,CFS
SHA,H,76,INFLOW,20170509,0600,13616, ,CFS
SHA,H,76,INFLOW,20170509,0700,12231, ,CFS
SHA,H,76,INFLOW,20170509,0800,13047, ,CFS
SHA,H,76,INFLOW,20170509,0900,9095, ,CFS
SHA,H,76,INFLOW,20170509,1000,12132, ,CFS
SHA,H,76,INFLOW,20170509,1100,12226, ,CFS
SHA,H,76,INFLOW,20170509,1200,12334, ,CFS
SHA,H,76,INFLOW,20170509,1300,9820, ,CFS
SHA,H,76,INFLOW,20170509,1400,11305, ,CFS
SHA,H,76,INFLOW,20170509,1500,11862, ,CFS
SHA,H,76,INFLOW,20170509,1600,13513, ,CFS
SHA,H,76,INFLOW,20170509,1700,10387, ,CFS
SHA,H,76,INFLOW,20170509,1800,13583, ,CFS
SHA,H,76,INFLOW,20170509,1900,13793, ,CFS
SHA,H,76,INFLOW,20170509,2000,13541, ,CFS
SHA,H,76,INFLOW,20170509,2100,-682, ,CFS
SHA,H,76,INFLOW,20170509,2200,16853, ,CFS
SHA,H,76,INFLOW,20170509,2300,15049, ,CFS
SHA,H,76,INFLOW,20170510,0000,5444, ,CFS
SHA,H,76,INFLOW,20170510,0100,16394, ,CFS
SHA,H,76,INFLOW,20170510,0200,9195, ,CFS
SHA,H,76,INFLOW,20170510,0300,9246, ,CFS
SHA,H,76,INFLOW,20170510,0400,12673, ,CFS
SHA,H,76,INFLOW,20170510,0500,9840, ,CFS
SHA,H,76,INFLOW,20170510,0600,12141, ,CFS
SHA,H,76,INFLOW,20170510,0700,12355, ,CFS
SHA,H,76,INFLOW,20170510,0800,9555, ,CFS
SHA,H,76,INFLOW,20170510,0900,10153, ,CFS
SHA,H,76,INFLOW,20170510,1000,5269, ,CFS
SHA,H,76,INFLOW,20170510,1100,13553, ,CFS
SHA,H,76,INFLOW,20170510,1200,10708, ,CFS
SHA,H,76,INFLOW,20170510,1300,12184, ,CFS
SHA,H,76,INFLOW,20170510,1400,12598, ,CFS
SHA,H,76,INFLOW,20170510,1500,11395, ,CFS
SHA,H,76,INFLOW,20170510,1600,13004, ,CFS
SHA,H,76,INFLOW,20170510,1700,5494, ,CFS
SHA,H,76,INFLOW,20170510,1800,14221, ,CFS
SHA,H,76,INFLOW,20170510,1900,10438, ,CFS
SHA,H,76,INFLOW,20170510,2000,9804, ,CFS
SHA,H,76,INFLOW,20170510,2100,9973, ,CFS
SHA,H,76,INFLOW,20170510,2200,5671, ,CFS
SHA,H,76,INFLOW,20170510,2300,5131, ,CFS
SHA,H,76,INFLOW,20170511,0000,22793, ,CFS
SHA,H,76,INFLOW,20170511,0100,5096, ,CFS
SHA,H,76,INFLOW,20170511,0200,15158, ,CFS
SHA,H,76,INFLOW,20170511,0300,7637, ,CFS
SHA,H,76,INFLOW,20170511,0400,10927, ,CFS
SHA,H,76,INFLOW,20170511,0500,11453, ,CFS
SHA,H,76,INFLOW,20170511,0600,14092, ,CFS
SHA,H,76,INFLOW,20170511,0700,7258, ,CFS
SHA,H,76,INFLOW,20170511,0800,14212, ,CFS
SHA,H,76,INFLOW,20170511,0900,-1413, ,CFS
SHA,H,76,INFLOW,20170511,1000,19542, ,CFS
SHA,H,76,INFLOW,20170511,1100,12249, ,CFS
SHA,H,76,INFLOW,20170511,1200,9571, ,CFS
SHA,H,76,INFLOW,20170511,1300,13508, ,CFS
SHA,H,76,INFLOW,20170511,1400,13325, ,CFS
SHA,H,76,INFLOW,20170511,1500,9489, ,CFS
SHA,H,76,INFLOW,20170511,1600,15594, ,CFS
SHA,H,76,INFLOW,20170511,1700,11762, ,CFS
SHA,H,76,INFLOW,20170511,1800,11843, ,CFS
SHA,H,76,INFLOW,20170511,1900,13626, ,CFS
SHA,H,76,INFLOW,20170511,2000,14293, ,CFS
SHA,H,76,INFLOW,20170511,2100,-4100, ,CFS
SHA,H,76,INFLOW,20170511,2200,9102, ,CFS
SHA,H,76,INFLOW,20170511,2300,10753, ,CFS
SHA,H,76,INFLOW,20170512,0000,17597, ,CFS
SHA,H,76,INFLOW,20170512,0100,13358, ,CFS
SHA,H,76,INFLOW,20170512,0200,8888, ,CFS
SHA,H,76,INFLOW,20170512,0300,16043, ,CFS
SHA,H,76,INFLOW,20170512,0400,9154, ,CFS
SHA,H,76,INFLOW,20170512,0500,13638, ,CFS
SHA,H,76,INFLOW,20170512,0600,9742, ,CFS
SHA,H,76,INFLOW,20170512,0700,12920, ,CFS
SHA,H,76,INFLOW,20170512,0800,13534, ,CFS
SHA,H,76,INFLOW,20170512,0900,3909, ,CFS
SHA,H,76,INFLOW,20170512,1000,17512, ,CFS
SHA,H,76,INFLOW,20170512,1100,-49, ,CFS
SHA,H,76,INFLOW,20170512,1200,11472, ,CFS
SHA,H,76,INFLOW,20170512,1300,11569, ,CFS
SHA,H,76,INFLOW,20170512,1400,8426, ,CFS
SHA,H,76,INFLOW,20170512,1500,8429, ,CFS
SHA,H,76,INFLOW,20170512,1600,5140, ,CFS
SHA,H,76,INFLOW,20170512,1700,1866, ,CFS
SHA,H,76,INFLOW,20170512,1800,13282, ,CFS
SHA,H,76,INFLOW,20170512,1900,12551, ,CFS
SHA,H,76,INFLOW,20170512,2000,9268, ,CFS
SHA,H,76,INFLOW,20170512,2100,12877, ,CFS
SHA,H,76,INFLOW,20170512,2200,12770, ,CFS
SHA,H,76,INFLOW,20170512,2300,8543, ,CFS
SHA,H,76,INFLOW,20170513,0000,15886, ,CFS
SHA,H,76,INFLOW,20170513,0100,7902, ,CFS
SHA,H,76,INFLOW,20170513,0200,13931, ,CFS
SHA,H,76,INFLOW,20170513,0300,7087, ,CFS
SHA,H,76,INFLOW,20170513,0400,16272, ,CFS
SHA,H,76,INFLOW,20170513,0500,13273, ,CFS
SHA,H,76,INFLOW,20170513,0600,10863, ,CFS
SHA,H,76,INFLOW,20170513,0700,12636, ,CFS
SHA,H,76,INFLOW,20170513,0800,-1590, ,CFS
SHA,H,76,INFLOW,20170513,0900,202, ,CFS
SHA,H,76,INFLOW,20170513,1000,12951, ,CFS
SHA,H,76,INFLOW,20170513,1100,16758, ,CFS
SHA,H,76,INFLOW,20170513,1200,6914, ,CFS
SHA,H,76,INFLOW,20170513,1300,15095, ,CFS
SHA,H,76,INFLOW,20170513,1400,11705, ,CFS
SHA,H,76,INFLOW,20170513,1500,8995, ,CFS
SHA,H,76,INFLOW,20170513,1600,14836, ,CFS
SHA,H,76,INFLOW,20170513,1700,7779, ,CFS
SHA,H,76,INFLOW,20170513,1800,8927, ,CFS
SHA,H,76,INFLOW,20170513,1900,12757, ,CFS
SHA,H,76,INFLOW,20170513,2000,20741, ,CFS
SHA,H,76,INFLOW,20170513,2100,6649, ,CFS
SHA,H,76,INFLOW,20170513,2200,9605, ,CFS
SHA,H,76,INFLOW,20170513,2300,15832, ,CFS
SHA,H,76,INFLOW,20170514,0000,5171, ,CFS
SHA,H,76,INFLOW,20170514,0100,10529, ,CFS
SHA,H,76,INFLOW,20170514,0200,10808, ,CFS
SHA,H,76,INFLOW,20170514,0300,3990, ,CFS
SHA,H,76,INFLOW,20170514,0400,14574, ,CFS
SHA,H,76,INFLOW,20170514,0500,7549, ,CFS
SHA,H,76,INFLOW,20170514,0600,14342, ,CFS
SHA,H,76,INFLOW,20170514,0700,11069, ,CFS
SHA,H,76,INFLOW,20170514,0800,7445, ,CFS
SHA,H,76,INFLOW,20170514,0900,5964, ,CFS
SHA,H,76,INFLOW,20170514,1000,8139, ,CFS
SHA,H,76,INFLOW,20170514,1100,5304, ,CFS
SHA,H,76,INFLOW,20170514,1200,8617, ,CFS
SHA,H,76,INFLOW,20170514,1300,8431, ,CFS
SHA,H,76,INFLOW,20170514,1400,6987, ,CFS
SHA,H,76,INFLOW,20170514,1500,13904, ,CFS
SHA,H,76,INFLOW,20170514,1600,7524, ,CFS
SHA,H,76,INFLOW,20170514,1700,7768, ,CFS
SHA,H,76,INFLOW,20170514,1800,4404, ,CFS
SHA,H,76,INFLOW,20170514,1900,20089, ,CFS
SHA,H,76,INFLOW,20170514,2000,9497, ,CFS
SHA,H,76,INFLOW,20170514,2100,13456, ,CFS
SHA,H,76,INFLOW,20170514,2200,-4374, ,CFS
SHA,H,76,INFLOW,20170514,2300,6852, ,CFS
SHA,H,76,INFLOW,20170515,0000,6342, ,CFS
SHA,H,76,INFLOW,20170515,0100,8602, ,CFS
SHA,H,76,INFLOW,20170515,0200,17877, ,CFS
SHA,H,76,INFLOW,20170515,0300,6213, ,CFS
SHA,H,76,INFLOW,20170515,0400,13685, ,CFS
SHA,H,76,INFLOW,20170515,0500,11445, ,CFS
SHA,H,76,INFLOW,20170515,0600,9757, ,CFS
SHA,H,76,INFLOW,20170515,0700,10314, ,CFS
SHA,H,76,INFLOW,20170515,0800,13703, ,CFS
SHA,H,76,INFLOW,20170515,0900,-8985, ,CFS
SHA,H,76,INFLOW,20170515,1000,8344, ,CFS
SHA,H,76,INFLOW,20170515,1100,12218, ,CFS
SHA,H,76,INFLOW,20170515,1200,8084, ,CFS
SHA,H,76,INFLOW,20170515,1300,7376, ,CFS
SHA,H,76,INFLOW,20170515,1400,11125, ,CFS
SHA,H,76,INFLOW,20170515,1500,4434, ,CFS
SHA,H,76,INFLOW,20170515,1600,6693, ,CFS
SHA,H,76,INFLOW,20170515,1700,13388, ,CFS
SHA,H,76,INFLOW,20170515,1800,11223, ,CFS
SHA,H,76,INFLOW,20170515,1900,9697, ,CFS
SHA,H,76,INFLOW,20170515,2000,12790, ,CFS
SHA,H,76,INFLOW,20170515,2100,12989, ,CFS
SHA,H,76,INFLOW,20170515,2200,5803, ,CFS
SHA,H,76,INFLOW,20170515,2300,14406, ,CFS
SHA,H,76,INFLOW,20170516,0000,14056, ,CFS
SHA,H,76,INFLOW,20170516,0100,6857, ,CFS
SHA,H,76,INFLOW,20170516,0200,9153, ,CFS
SHA,H,76,INFLOW,20170516,0300,9117, ,CFS
SHA,H,76,INFLOW,20170516,0400,12561, ,CFS
SHA,H,76,INFLOW,20170516,0500,9130, ,CFS
SHA,H,76,INFLOW,20170516,0600,14156, ,CFS
SHA,H,76,INFLOW,20170516,0700,8853, ,CFS
SHA,H,76,INFLOW,20170516,0800,9630, ,CFS
SHA,H,76,INFLOW,20170516,0900,-4392, ,CFS
SHA,H,76,INFLOW,20170516,1000,13191, ,CFS
SHA,H,76,INFLOW,20170516,1100,2636, ,CFS
SHA,H,76,INFLOW,20170516,1200,-841, ,CFS
SHA,H,76,INFLOW,20170516,1300,6318, ,CFS
SHA,H,76,INFLOW,20170516,1400,3103, ,CFS
SHA,H,76,INFLOW,20170516,1500,6864, ,CFS
SHA,H,76,INFLOW,20170516,1600,7066, ,CFS
SHA,H,76,INFLOW,20170516,1700,14106, ,CFS
SHA,H,76,INFLOW,20170516,1800,7171, ,CFS
SHA,H,76,INFLOW,20170516,1900,11111, ,CFS
SHA,H,76,INFLOW,20170516,2000,8458, ,CFS
SHA,H,76,INFLOW,20170516,2100,5090, ,CFS
SHA,H,76,INFLOW,20170516,2200,11295, ,CFS
SHA,H,76,INFLOW,20170516,2300,8503, ,CFS
SHA,H,76,INFLOW,20170517,0000,8176, ,CFS
SHA,H,76,INFLOW,20170517,0100,12741, ,CFS
SHA,H,76,INFLOW,20170517,0200,11812, ,CFS
SHA,H,76,INFLOW,20170517,0300,11446, ,CFS
SHA,H,76,INFLOW,20170517,0400,11507, ,CFS
SHA,H,76,INFLOW,20170517,0500,9435, ,CFS
SHA,H,76,INFLOW,20170517,0600,8199, ,CFS
SHA,H,76,INFLOW,20170517,0700,12833, ,CFS
SHA,H,76,INFLOW,20170517,0800,4539, ,CFS
SHA,H,76,INFLOW,20170517,0900,11504, ,CFS
SHA,H,76,INFLOW,20170517,1000,6076, ,CFS
SHA,H,76,INFLOW,20170517,1100,6162, ,CFS
SHA,H,76,INFLOW,20170517,1200,-4827, ,CFS
SHA,H,76,INFLOW,20170517,1300,5510, ,CFS
SHA,H,76,INFLOW,20170517,1400,8001, ,CFS
SHA,H,76,INFLOW,20170517,1500,4774, ,CFS
SHA,H,76,INFLOW,20170517,1600,15707, ,CFS
SHA,H,76,INFLOW,20170517,1700,8926, ,CFS
SHA,H,76,INFLOW,20170517,1800,8916, ,CFS
SHA,H,76,INFLOW,20170517,1900,11876, ,CFS
SHA,H,76,INFLOW,20170517,2000,9661, ,CFS
SHA,H,76,INFLOW,20170517,2100,12585, ,CFS
SHA,H,76,INFLOW,20170517,2200,12359, ,CFS
SHA,H,76,INFLOW,20170517,2300,5359, ,CFS
SHA,H,76,INFLOW,20170518,0000,11509, ,CFS
SHA,H,76,INFLOW,20170518,0100,1758, ,CFS
SHA,H,76,INFLOW,20170518,0200,22620, ,CFS
SHA,H,76,INFLOW,20170518,0300,1595, ,CFS
SHA,H,76,INFLOW,20170518,0400,8931, ,CFS
SHA,H,76,INFLOW,20170518,0500,9215, ,CFS
SHA,H,76,INFLOW,20170518,0600,7189, ,CFS
SHA,H,76,INFLOW,20170518,0700,17093, ,CFS
SHA,H,76,INFLOW,20170518,0800,7652, ,CFS
SHA,H,76,INFLOW,20170518,0900,139, ,CFS
SHA,H,76,INFLOW,20170518,1000,7445, ,CFS
SHA,H,76,INFLOW,20170518,1100,11176, ,CFS
SHA,H,76,INFLOW,20170518,1200,11165, ,CFS
SHA,H,76,INFLOW,20170518,1300,8753, ,CFS
SHA,H,76,INFLOW,20170518,1400,10883, ,CFS
SHA,H,76,INFLOW,20170518,1500,7113, ,CFS
SHA,H,76,INFLOW,20170518,1600,10852, ,CFS
SHA,H,76,INFLOW,20170518,1700,13406, ,CFS
SHA,H,76,INFLOW,20170518,1800,10031, ,CFS
SHA,H,76,INFLOW,20170518,1900,13981, ,CFS
SHA,H,76,INFLOW,20170518,2000,10174, ,CFS
SHA,H,76,INFLOW,20170518,2100,6471, ,CFS
SHA,H,76,INFLOW,20170518,2200,6330, ,CFS
SHA,H,76,INFLOW,20170518,2300,13826, ,CFS
SHA,H,76,INFLOW,20170519,0000,13443, ,CFS
SHA,H,76,INFLOW,20170519,0100,6296, ,CFS
SHA,H,76,INFLOW,20170519,0200,16618, ,CFS
SHA,H,76,INFLOW,20170519,0300,6079, ,CFS
SHA,H,76,INFLOW,20170519,0400,9554, ,CFS
SHA,H,76,INFLOW,20170519,0500,13082, ,CFS
SHA,H,76,INFLOW,20170519,0600,9694, ,CFS
SHA,H,76,INFLOW,20170519,0700,10448, ,CFS
SHA,H,76,INFLOW,20170519,0800,10744, ,CFS
SHA,H,76,INFLOW,20170519,0900,152, ,CFS
SHA,H,76,INFLOW,20170519,1000,21382, ,CFS
SHA,H,76,INFLOW,20170519,1100,-179, ,CFS
SHA,H,76,INFLOW,20170519,1200,10497, ,CFS
SHA,H,76,INFLOW,20170519,1300,6733, ,CFS
SHA,H,76,INFLOW,20170519,1400,6862, ,CFS
SHA,H,76,INFLOW,20170519,1500,10368, ,CFS
SHA,H,76,INFLOW,20170519,1600,10389, ,CFS
SHA,H,76,INFLOW,20170519,1700,10709, ,CFS
SHA,H,76,INFLOW,20170519,1800,10981, ,CFS
SHA,H,76,INFLOW,20170519,1900,10994, ,CFS
SHA,H,76,INFLOW,20170519,2000,10507, ,CFS
SHA,H,76,INFLOW,20170519,2100,13914, ,CFS
SHA,H,76,INFLOW,20170519,2200,-266, ,CFS
SHA,H,76,INFLOW,20170519,2300,9471, ,CFS
SHA,H,76,INFLOW,20170520,0000,13668, ,CFS
SHA,H,76,INFLOW,20170520,0100,2736, ,CFS
SHA,H,76,INFLOW,20170520,0200,16661, ,CFS
SHA,H,76,INFLOW,20170520,0300,9439, ,CFS
SHA,H,76,INFLOW,20170520,0400,5945, ,CFS
SHA,H,76,INFLOW,20170520,0500,13066, ,CFS
SHA,H,76,INFLOW,20170520,0600,6408, ,CFS
SHA,H,76,INFLOW,20170520,0700,10496, ,CFS
SHA,H,76,INFLOW,20170520,0800,-113, ,CFS
SHA,H,76,INFLOW,20170520,0900,6812, ,CFS
SHA,H,76,INFLOW,20170520,1000,10853, ,CFS
SHA,H,76,INFLOW,20170520,1100,7006, ,CFS
SHA,H,76,INFLOW,20170520,1200,3421, ,CFS
SHA,H,76,INFLOW,20170520,1300,3927, ,CFS
SHA,H,76,INFLOW,20170520,1400,10665, ,CFS
SHA,H,76,INFLOW,20170520,1500,7108, ,CFS
SHA,H,76,INFLOW,20170520,1600,10619, ,CFS
SHA,H,76,INFLOW,20170520,1700,10384, ,CFS
SHA,H,76,INFLOW,20170520,1800,10476, ,CFS
SHA,H,76,INFLOW,20170520,1900,10542, ,CFS
SHA,H,76,INFLOW,20170520,2000,10654, ,CFS
SHA,H,76,INFLOW,20170520,2100,10699, ,CFS
SHA,H,76,INFLOW,20170520,2200,10717, ,CFS
SHA,H,76,INFLOW,20170520,2300,13160, ,CFS
SHA,H,76,INFLOW,20170521,0000,7595, ,CFS
SHA,H,76,INFLOW,20170521,0100,11010, ,CFS
SHA,H,76,INFLOW,20170521,0200,14245, ,CFS
SHA,H,76,INFLOW,20170521,0300,10330, ,CFS
SHA,H,76,INFLOW,20170521,0400,10031, ,CFS
SHA,H,76,INFLOW,20170521,0500,10018, ,CFS
SHA,H,76,INFLOW,20170521,0600,10685, ,CFS
SHA,H,76,INFLOW,20170521,0700,7099, ,CFS
SHA,H,76,INFLOW,20170521,0800,14183, ,CFS
SHA,H,76,INFLOW,20170521,0900,576, ,CFS
SHA,H,76,INFLOW,20170521,1000,2842, ,CFS
SHA,H,76,INFLOW,20170521,1100,-3609, ,CFS
SHA,H,76,INFLOW,20170521,1200,6964, ,CFS
SHA,H,76,INFLOW,20170521,1300,6948, ,CFS
SHA,H,76,INFLOW,20170521,1400,10611, ,CFS
SHA,H,76,INFLOW,20170521,1500,4004, ,CFS
SHA,H,76,INFLOW,20170521,1600,8308, ,CFS
SHA,H,76,INFLOW,20170521,1700,651, ,CFS
SHA,H,76,INFLOW,20170521,1800,11562, ,CFS
SHA,H,76,INFLOW,20170521,1900,15188, ,CFS
SHA,H,76,INFLOW,20170521,2000,8172, ,CFS
SHA,H,76,INFLOW,20170521,2100,15321, ,CFS
SHA,H,76,INFLOW,20170521,2200,8355, ,CFS
SHA,H,76,INFLOW,20170521,2300,11371, ,CFS
SHA,H,76,INFLOW,20170522,0000,10181, ,CFS
SHA,H,76,INFLOW,20170522,0100,-435, ,CFS
SHA,H,76,INFLOW,20170522,0200,6447, ,CFS
SHA,H,76,INFLOW,20170522,0300,8755, ,CFS
SHA,H,76,INFLOW,20170522,0400,7883, ,CFS
SHA,H,76,INFLOW,20170522,0500,16268, ,CFS
SHA,H,76,INFLOW,20170522,0600,6629, ,CFS
SHA,H,76,INFLOW,20170522,0700,7102, ,CFS
SHA,H,76,INFLOW,20170522,0800,13838, ,CFS
SHA,H,76,INFLOW,20170522,0900,4800, ,CFS
SHA,H,76,INFLOW,20170522,1000,8043, ,CFS
SHA,H,76,INFLOW,20170522,1100,3892, ,CFS
SHA,H,76,INFLOW,20170522,1200,8231, ,CFS
SHA,H,76,INFLOW,20170522,1300,8353, ,CFS
SHA,H,76,INFLOW,20170522,1400,11662, ,CFS
SHA,H,76,INFLOW,20170522,1500,11848, ,CFS
SHA,H,76,INFLOW,20170522,1600,9572, ,CFS
SHA,H,76,INFLOW,20170522,1700,11992, ,CFS
SHA,H,76,INFLOW,20170522,1800,12970, ,CFS
SHA,H,76,INFLOW,20170522,1900,13698, ,CFS
SHA,H,76,INFLOW,20170522,2000,11763, ,CFS
SHA,H,76,INFLOW,20170522,2100,11881, ,CFS
SHA,H,76,INFLOW,20170522,2200,15024, ,CFS
SHA,H,76,INFLOW,20170522,2300,10882, ,CFS
SHA,H,76,INFLOW,20170523,0000,10530, ,CFS
SHA,H,76,INFLOW,20170523,0100,10249, ,CFS
SHA,H,76,INFLOW,20170523,0200,13574, ,CFS
SHA,H,76,INFLOW,20170523,0300,9392, ,CFS
SHA,H,76,INFLOW,20170523,0400,13007, ,CFS
SHA,H,76,INFLOW,20170523,0500,9437, ,CFS
SHA,H,76,INFLOW,20170523,0600,12502, ,CFS
SHA,H,76,INFLOW,20170523,0700,10688, ,CFS
SHA,H,76,INFLOW,20170523,0800,6089, ,CFS
SHA,H,76,INFLOW,20170523,0900,5698, ,CFS
SHA,H,76,INFLOW,20170523,1000,6419, ,CFS
SHA,H,76,INFLOW,20170523,1100,6542, ,CFS
SHA,H,76,INFLOW,20170523,1200,12930, ,CFS
SHA,H,76,INFLOW,20170523,1300,8502, ,CFS
SHA,H,76,INFLOW,20170523,1400,9411, ,CFS
SHA,H,76,INFLOW,20170523,1500,9859, ,CFS
SHA,H,76,INFLOW,20170523,1600,9793, ,CFS
SHA,H,76,INFLOW,20170523,1700,9543, ,CFS
SHA,H,76,INFLOW,20170523,1800,10093, ,CFS
SHA,H,76,INFLOW,20170523,1900,9549, ,CFS
SHA,H,76,INFLOW,20170523,2000,9155, ,CFS
SHA,H,76,INFLOW,20170523,2100,9180, ,CFS
SHA,H,76,INFLOW,20170523,2200,9526, ,CFS
SHA,H,76,INFLOW,20170523,2300,10825, ,CFS
SHA,H,76,INFLOW,20170524,0000,10703, ,CFS
SHA,H,76,INFLOW,20170524,0100,6157, ,CFS
SHA,H,76,INFLOW,20170524,0200,12125, ,CFS
SHA,H,76,INFLOW,20170524,0300,9089, ,CFS
SHA,H,76,INFLOW,20170524,0400,1560, ,CFS
SHA,H,76,INFLOW,20170524,0500,12349, ,CFS
SHA,H,76,INFLOW,20170524,0600,-1390, ,CFS
SHA,H,76,INFLOW,20170524,0700,11239, ,CFS
SHA,H,76,INFLOW,20170524,0800,7293, ,CFS
SHA,H,76,INFLOW,20170524,0900,-1192, ,CFS
SHA,H,76,INFLOW,20170524,1000,11888, ,CFS
SHA,H,76,INFLOW,20170524,1100,5706, ,CFS
SHA,H,76,INFLOW,20170524,1200,6154, ,CFS
SHA,H,76,INFLOW,20170524,1300,13417, ,CFS
SHA,H,76,INFLOW,20170524,1400,3663, ,CFS
SHA,H,76,INFLOW,20170524,1500,9385, ,CFS
SHA,H,76,INFLOW,20170524,1600,15524, ,CFS
SHA,H,76,INFLOW,20170524,1700,2093, ,CFS
SHA,H,76,INFLOW,20170524,1800,14564, ,CFS
SHA,H,76,INFLOW,20170524,1900,8740, ,CFS
SHA,H,76,INFLOW,20170524,2000,7228, ,CFS
SHA,H,76,INFLOW,20170524,2100,13736, ,CFS
SHA,H,76,INFLOW,20170524,2200,2088, ,CFS
SHA,H,76,INFLOW,20170524,2300,10832, ,CFS
SHA,H,76,INFLOW,20170525,0000,8122, ,CFS
SHA,H,76,INFLOW,20170525,0100,5905, ,CFS
SHA,H,76,INFLOW,20170525,0200,12667, ,CFS
SHA,H,76,INFLOW,20170525,0300,5443, ,CFS
SHA,H,76,INFLOW,20170525,0400,12700, ,CFS
SHA,H,76,INFLOW,20170525,0500,5717, ,CFS
SHA,H,76,INFLOW,20170525,0600,5867, ,CFS
SHA,H,76,INFLOW,20170525,0700,10113, ,CFS
SHA,H,76,INFLOW,20170525,0800,6380, ,CFS
SHA,H,76,INFLOW,20170525,0900,-1206, ,CFS
SHA,H,76,INFLOW,20170525,1000,9344, ,CFS
SHA,H,76,INFLOW,20170525,1100,14859, ,CFS
SHA,H,76,INFLOW,20170525,1200,8138, ,CFS
SHA,H,76,INFLOW,20170525,1300,9033, ,CFS
SHA,H,76,INFLOW,20170525,1400,12760, ,CFS
SHA,H,76,INFLOW,20170525,1500,8660, ,CFS
SHA,H,76,INFLOW,20170525,1600,5167, ,CFS
SHA,H,76,INFLOW,20170525,1700,9694, ,CFS
SHA,H,76,INFLOW,20170525,1800,15990, ,CFS
SHA,H,76,INFLOW,20170525,1900,5598, ,CFS
SHA,H,76,INFLOW,20170525,2000,9376, ,CFS
SHA,H,76,INFLOW,20170525,2100,12576, ,CFS
SHA,H,76,INFLOW,20170525,2200,9135, ,CFS
SHA,H,76,INFLOW,20170525,2300,8394, ,CFS
SHA,H,76,INFLOW,20170526,0000,11968, ,CFS
SHA,H,76,INFLOW,20170526,0100,8922, ,CFS
SHA,H,76,INFLOW,20170526,0200,7669, ,CFS
SHA,H,76,INFLOW,20170526,0300,14386, ,CFS
SHA,H,76,INFLOW,20170526,0400,7378, ,CFS
SHA,H,76,INFLOW,20170526,0500,9312, ,CFS
SHA,H,76,INFLOW,20170526,0600,12102, ,CFS
SHA,H,76,INFLOW,20170526,0700,9238, ,CFS
SHA,H,76,INFLOW,20170526,0800,8947, ,CFS
SHA,H,76,INFLOW,20170526,0900,8357, ,CFS
SHA,H,76,INFLOW,20170526,1000,9270, ,CFS
SHA,H,76,INFLOW,20170526,1100,10975, ,CFS
SHA,H,76,INFLOW,20170526,1200,11106, ,CFS
SHA,H,76,INFLOW,20170526,1300,11918, ,CFS
SHA,H,76,INFLOW,20170526,1400,2817, ,CFS
SHA,H,76,INFLOW,20170526,1500,7697, ,CFS
SHA,H,76,INFLOW,20170526,1600,7038, ,CFS
SHA,H,76,INFLOW,20170526,1700,7168, ,CFS
SHA,H,76,INFLOW,20170526,1800,10083, ,CFS
SHA,H,76,INFLOW,20170526,1900,7733, ,CFS
SHA,H,76,INFLOW,20170526,2000,14967, ,CFS
SHA,H,76,INFLOW,20170526,2100,4127, ,CFS
SHA,H,76,INFLOW,20170526,2200,11102, ,CFS
SHA,H,76,INFLOW,20170526,2300,10754, ,CFS
SHA,H,76,INFLOW,20170527,0000,10863, ,CFS
SHA,H,76,INFLOW,20170527,0100,9504, ,CFS
SHA,H,76,INFLOW,20170527,0200,6390, ,CFS
SHA,H,76,INFLOW,20170527,0300,-1158, ,CFS
SHA,H,76,INFLOW,20170527,0400,16287, ,CFS
SHA,H,76,INFLOW,20170527,0500,2793, ,CFS
SHA,H,76,INFLOW,20170527,0600,10391, ,CFS
SHA,H,76,INFLOW,20170527,0700,12142, ,CFS
SHA,H,76,INFLOW,20170527,0800,-4510, ,CFS
SHA,H,76,INFLOW,20170527,0900,5318, ,CFS
SHA,H,76,INFLOW,20170527,1000,1396, ,CFS
SHA,H,76,INFLOW,20170527,1100,1915, ,CFS
SHA,H,76,INFLOW,20170527,1200,2440, ,CFS
SHA,H,76,INFLOW,20170527,1300,10208, ,CFS
SHA,H,76,INFLOW,20170527,1400,975, ,CFS
SHA,H,76,INFLOW,20170527,1500,7401, ,CFS
SHA,H,76,INFLOW,20170527,1600,3974, ,CFS
SHA,H,76,INFLOW,20170527,1700,4490, ,CFS
SHA,H,76,INFLOW,20170527,1800,5861, ,CFS
SHA,H,76,INFLOW,20170527,1900,14698, ,CFS
SHA,H,76,INFLOW,20170527,2000,7676, ,CFS
SHA,H,76,INFLOW,20170527,2100,4578, ,CFS
SHA,H,76,INFLOW,20170527,2200,11531, ,CFS
SHA,H,76,INFLOW,20170527,2300,10436, ,CFS
SHA,H,76,INFLOW,20170528,0000,9670, ,CFS
SHA,H,76,INFLOW,20170528,0100,8650, ,CFS
SHA,H,76,INFLOW,20170528,0200,8417, ,CFS
SHA,H,76,INFLOW,20170528,0300,11927, ,CFS
SHA,H,76,INFLOW,20170528,0400,8449, ,CFS
SHA,H,76,INFLOW,20170528,0500,8519, ,CFS
SHA,H,76,INFLOW,20170528,0600,5027, ,CFS
SHA,H,76,INFLOW,20170528,0700,1606, ,CFS
SHA,H,76,INFLOW,20170528,0800,7389, ,CFS
SHA,H,76,INFLOW,20170528,0900,955, ,CFS
SHA,H,76,INFLOW,20170528,1000,935, ,CFS
SHA,H,76,INFLOW,20170528,1100,10007, ,CFS
SHA,H,76,INFLOW,20170528,1200,-305, ,CFS
SHA,H,76,INFLOW,20170528,1300,4823, ,CFS
SHA,H,76,INFLOW,20170528,1400,8426, ,CFS
SHA,H,76,INFLOW,20170528,1500,4924, ,CFS
SHA,H,76,INFLOW,20170528,1600,12233, ,CFS
SHA,H,76,INFLOW,20170528,1700,5791, ,CFS
SHA,H,76,INFLOW,20170528,1800,3968, ,CFS
SHA,H,76,INFLOW,20170528,1900,17846, ,CFS
SHA,H,76,INFLOW,20170528,2000,3848, ,CFS
SHA,H,76,INFLOW,20170528,2100,14323, ,CFS
SHA,H,76,INFLOW,20170528,2200,14480, ,CFS
SHA,H,76,INFLOW,20170528,2300,5812, ,CFS
SHA,H,76,INFLOW,20170529,0000,12119, ,CFS
SHA,H,76,INFLOW,20170529,0100,11917, ,CFS
SHA,H,76,INFLOW,20170529,0200,4580, ,CFS
SHA,H,76,INFLOW,20170529,0300,8421, ,CFS
SHA,H,76,INFLOW,20170529,0400,-1516, ,CFS
SHA,H,76,INFLOW,20170529,0500,12182, ,CFS
SHA,H,76,INFLOW,20170529,0600,6547, ,CFS
SHA,H,76,INFLOW,20170529,0700,2449, ,CFS
SHA,H,76,INFLOW,20170529,0800,-5308, ,CFS
SHA,H,76,INFLOW,20170529,0900,13576, ,CFS
SHA,H,76,INFLOW,20170529,1000,-7364, ,CFS
SHA,H,76,INFLOW,20170529,1100,9512, ,CFS
SHA,H,76,INFLOW,20170529,1200,3238, ,CFS
SHA,H,76,INFLOW,20170529,1300,16, ,CFS
SHA,H,76,INFLOW,20170529,1400,7949, ,CFS
SHA,H,76,INFLOW,20170529,1500,3062, ,CFS
SHA,H,76,INFLOW,20170529,1600,3784, ,CFS
SHA,H,76,INFLOW,20170529,1700,8258, ,CFS
SHA,H,76,INFLOW,20170529,1800,10849, ,CFS
SHA,H,76,INFLOW,20170529,1900,12606, ,CFS
SHA,H,76,INFLOW,20170529,2000,7346, ,CFS
SHA,H,76,INFLOW,20170529,2100,14181, ,CFS
SHA,H,76,INFLOW,20170529,2200,10002, ,CFS
SHA,H,76,INFLOW,20170529,2300,11959, ,CFS
SHA,H,76,INFLOW,20170530,0000,11685, ,CFS
SHA,H,76,INFLOW,20170530,0100,6641, ,CFS
SHA,H,76,INFLOW,20170530,0200,3337, ,CFS
SHA,H,76,INFLOW,20170530,0300,-319, ,CFS
SHA,H,76,INFLOW,20170530,0400,10199, ,CFS
SHA,H,76,INFLOW,20170530,0500,-2794, ,CFS
SHA,H,76,INFLOW,20170530,0600,7241, ,CFS
SHA,H,76,INFLOW,20170530,0700,12825, ,CFS
SHA,H,76,INFLOW,20170530,0800,4652, ,CFS
SHA,H,76,INFLOW,20170530,0900,-3048, ,CFS
SHA,H,76,INFLOW,20170530,1000,9071, ,CFS
SHA,H,76,INFLOW,20170530,1100,10157, ,CFS
SHA,H,76,INFLOW,20170530,1200,10147, ,CFS
SHA,H,76,INFLOW,20170530,1300,9487, ,CFS
SHA,H,76,INFLOW,20170530,1400,11238, ,CFS
SHA,H,76,INFLOW,20170530,1500,7899, ,CFS
SHA,H,76,INFLOW,20170530,1600,6114, ,CFS
SHA,H,76,INFLOW,20170530,1700,9039, ,CFS
SHA,H,76,INFLOW,20170530,1800,12741, ,CFS
SHA,H,76,INFLOW,20170530,1900,4819, ,CFS
SHA,H,76,INFLOW,20170530,2000,14169, ,CFS
SHA,H,76,INFLOW,20170530,2100,10335, ,CFS
SHA,H,76,INFLOW,20170530,2200,6576, ,CFS
SHA,H,76,INFLOW,20170530,2300,16278, ,CFS
SHA,H,76,INFLOW,20170531,0000,5871, ,CFS
SHA,H,76,INFLOW,20170531,0100,6110, ,CFS
SHA,H,76,INFLOW,20170531,0200,1857, ,CFS
SHA,H,76,INFLOW,20170531,0300,2258, ,CFS
SHA,H,76,INFLOW,20170531,0400,5753, ,CFS
SHA,H,76,INFLOW,20170531,0500,2632, ,CFS
SHA,H,76,INFLOW,20170531,0600,4218, ,CFS
SHA,H,76,INFLOW,20170531,0700,14007, ,CFS
SHA,H,76,INFLOW,20170531,0800,3446, ,CFS
SHA,H,76,INFLOW,20170531,0900,-935, ,CFS
SHA,H,76,INFLOW,20170531,1000,8848, ,CFS
SHA,H,76,INFLOW,20170531,1100,-2457, ,CFS
SHA,H,76,INFLOW,20170531,1200,4994, ,CFS
SHA,H,76,INFLOW,20170531,1300,2085, ,CFS
SHA,H,76,INFLOW,20170531,1400,8495, ,CFS
SHA,H,76,INFLOW,20170531,1500,13336, ,CFS
SHA,H,76,INFLOW,20170531,1600,6911, ,CFS
SHA,H,76,INFLOW,20170531,1700,-3366, ,CFS
SHA,H,76,INFLOW,20170531,1800,5103, ,CFS
SHA,H,76,INFLOW,20170531,1900,7415, ,CFS
SHA,H,76,INFLOW,20170531,2000,13047, ,CFS
SHA,H,76,INFLOW,20170531,2100,6497, ,CFS
SHA,H,76,INFLOW,20170531,2200,11703, ,CFS
SHA,H,76,INFLOW,20170531,2300,10013, ,CFS
SHA,H,76,INFLOW,20170601,0000,4431, ,CFS
SHA,H,76,INFLOW,20170601,0100,767, ,CFS
SHA,H,76,INFLOW,20170601,0200,10572, ,CFS
SHA,H,76,INFLOW,20170601,0300,10578, ,CFS
SHA,H,76,INFLOW,20170601,0400,3004, ,CFS
SHA,H,76,INFLOW,20170601,0500,3059, ,CFS
SHA,H,76,INFLOW,20170601,0600,11796, ,CFS
SHA,H,76,INFLOW,20170601,0700,-2086, ,CFS
SHA,H,76,INFLOW,20170601,0800,10805, ,CFS
SHA,H,76,INFLOW,20170601,0900,5824, ,CFS
SHA,H,76,INFLOW,20170601,1000,-1755, ,CFS
SHA,H,76,INFLOW,20170601,1100,11431, ,CFS
SHA,H,76,INFLOW,20170601,1200,1332, ,CFS
SHA,H,76,INFLOW,20170601,1300,606, ,CFS
SHA,H,76,INFLOW,20170601,1400,6245, ,CFS
SHA,H,76,INFLOW,20170601,1500,3878, ,CFS
SHA,H,76,INFLOW,20170601,1600,5912, ,CFS
SHA,H,76,INFLOW,20170601,1700,1466, ,CFS
SHA,H,76,INFLOW,20170601,1800,13291, ,CFS
SHA,H,76,INFLOW,20170601,1900,8374, ,CFS
SHA,H,76,INFLOW,20170601,2000,9315, ,CFS
SHA,H,76,INFLOW,20170601,2100,12614, ,CFS
SHA,H,76,INFLOW,20170601,2200,5437, ,CFS
SHA,H,76,INFLOW,20170601,2300,9685, ,CFS
SHA,H,76,INFLOW,20170602,0000,9828, ,CFS
SHA,H,76,INFLOW,20170602,0100,6089, ,CFS
SHA,H,76,INFLOW,20170602,0200,1133, ,CFS
SHA,H,76,INFLOW,20170602,0300,3775, ,CFS
SHA,H,76,INFLOW,20170602,0400,-613, ,CFS
SHA,H,76,INFLOW,20170602,0500,3214, ,CFS
SHA,H,76,INFLOW,20170602,0600,9119, ,CFS
SHA,H,76,INFLOW,20170602,0700,10210, ,CFS
SHA,H,76,INFLOW,20170602,0800,10250, ,CFS
SHA,H,76,INFLOW,20170602,0900,4185, ,CFS
SHA,H,76,INFLOW,20170602,1000,3095, ,CFS
SHA,H,76,INFLOW,20170602,1100,396, ,CFS
SHA,H,76,INFLOW,20170602,1200,6184, ,CFS
SHA,H,76,INFLOW,20170602,1300,6164, ,CFS
SHA,H,76,INFLOW,20170602,1400,6161, ,CFS
SHA,H,76,INFLOW,20170602,1500,17150, ,CFS
SHA,H,76,INFLOW,20170602,1600,2543, ,CFS
SHA,H,76,INFLOW,20170602,1700,12627, ,CFS
SHA,H,76,INFLOW,20170602,1800,7378, ,CFS
SHA,H,76,INFLOW,20170602,1900,9119, ,CFS
SHA,H,76,INFLOW,20170602,2000,12286, ,CFS
SHA,H,76,INFLOW,20170602,2100,8481, ,CFS
SHA,H,76,INFLOW,20170602,2200,8826, ,CFS
SHA,H,76,INFLOW,20170602,2300,12854, ,CFS
SHA,H,76,INFLOW,20170603,0000,4968, ,CFS
SHA,H,76,INFLOW,20170603,0100,14569, ,CFS
SHA,H,76,INFLOW,20170603,0200,5633, ,CFS
SHA,H,76,INFLOW,20170603,0300,3712, ,CFS
SHA,H,76,INFLOW,20170603,0400,11071, ,CFS
SHA,H,76,INFLOW,20170603,0500,5104, ,CFS
SHA,H,76,INFLOW,20170603,0600,15601, ,CFS
SHA,H,76,INFLOW,20170603,0700,8494, ,CFS
SHA,H,76,INFLOW,20170603,0800,4448, ,CFS
SHA,H,76,INFLOW,20170603,0900,831, ,CFS
SHA,H,76,INFLOW,20170603,1000,1504, ,CFS
SHA,H,76,INFLOW,20170603,1100,5744, ,CFS
SHA,H,76,INFLOW,20170603,1200,-783, ,CFS
SHA,H,76,INFLOW,20170603,1300,6607, ,CFS
SHA,H,76,INFLOW,20170603,1400,9813, ,CFS
SHA,H,76,INFLOW,20170603,1500,6887, ,CFS
SHA,H,76,INFLOW,20170603,1600,7679, ,CFS
SHA,H,76,INFLOW,20170603,1700,10287, ,CFS
SHA,H,76,INFLOW,20170603,1800,6584, ,CFS
SHA,H,76,INFLOW,20170603,1900,9718, ,CFS
SHA,H,76,INFLOW,20170603,2000,9386, ,CFS
SHA,H,76,INFLOW,20170603,2100,9420, ,CFS
SHA,H,76,INFLOW,20170603,2200,9376, ,CFS
SHA,H,76,INFLOW,20170603,2300,9342, ,CFS
SHA,H,76,INFLOW,20170604,0000,6107, ,CFS
SHA,H,76,INFLOW,20170604,0100,13753, ,CFS
SHA,H,76,INFLOW,20170604,0200,-3970, ,CFS
SHA,H,76,INFLOW,20170604,0300,12874, ,CFS
SHA,H,76,INFLOW,20170604,0400,3089, ,CFS
SHA,H,76,INFLOW,20170604,0500,6301, ,CFS
SHA,H,76,INFLOW,20170604,0600,3159, ,CFS
SHA,H,76,INFLOW,20170604,0700,-898, ,CFS
SHA,H,76,INFLOW,20170604,0800,3656, ,CFS
SHA,H,76,INFLOW,20170604,0900,1489, ,CFS
SHA,H,76,INFLOW,20170604,1000,4461, ,CFS
SHA,H,76,INFLOW,20170604,1100,7767, ,CFS
SHA,H,76,INFLOW,20170604,1200,1560, ,CFS
SHA,H,76,INFLOW,20170604,1300,21078, ,CFS
SHA,H,76,INFLOW,20170604,1400,6933, ,CFS
SHA,H,76,INFLOW,20170604,1500,28793, ,CFS
SHA,H,76,INFLOW,20170604,1600,14149, ,CFS
SHA,H,76,INFLOW,20170604,1700,6324, ,CFS
SHA,H,76,INFLOW,20170604,1800,6916, ,CFS
SHA,H,76,INFLOW,20170604,1900,13255, ,CFS
SHA,H,76,INFLOW,20170604,2000,2931, ,CFS
SHA,H,76,INFLOW,20170604,2100,13540, ,CFS
SHA,H,76,INFLOW,20170604,2200,6139, ,CFS
SHA,H,76,INFLOW,20170604,2300,12295, ,CFS
SHA,H,76,INFLOW,20170605,0000,7817, ,CFS
SHA,H,76,INFLOW,20170605,0100,-2013, ,CFS
SHA,H,76,INFLOW,20170605,0200,8227, ,CFS
SHA,H,76,INFLOW,20170605,0300,15226, ,CFS
SHA,H,76,INFLOW,20170605,0400,1209, ,CFS
SHA,H,76,INFLOW,20170605,0500,12084, ,CFS
SHA,H,76,INFLOW,20170605,0600,11688, ,CFS
SHA,H,76,INFLOW,20170605,0700,6830, ,CFS
SHA,H,76,INFLOW,20170605,0800,11456, ,CFS
SHA,H,76,INFLOW,20170605,0900,5327, ,CFS
SHA,H,76,INFLOW,20170605,1000,1121, ,CFS
SHA,H,76,INFLOW,20170605,1100,1899, ,CFS
SHA,H,76,INFLOW,20170605,1200,14203, ,CFS
SHA,H,76,INFLOW,20170605,1300,4041, ,CFS
SHA,H,76,INFLOW,20170605,1400,7495, ,CFS
SHA,H,76,INFLOW,20170605,1500,11897, ,CFS
SHA,H,76,INFLOW,20170605,1600,5452, ,CFS
SHA,H,76,INFLOW,20170605,1700,9072, ,CFS
SHA,H,76,INFLOW,20170605,1800,9332, ,CFS
SHA,H,76,INFLOW,20170605,1900,9526, ,CFS
SHA,H,76,INFLOW,20170605,2000,10045, ,CFS
SHA,H,76,INFLOW,20170605,2100,9625, ,CFS
SHA,H,76,INFLOW,20170605,2200,8835, ,CFS
SHA,H,76,INFLOW,20170605,2300,11233, ,CFS
SHA,H,76,INFLOW,20170606,0000,9990, ,CFS
SHA,H,76,INFLOW,20170606,0100,8887, ,CFS
SHA,H,76,INFLOW,20170606,0200,6477, ,CFS
SHA,H,76,INFLOW,20170606,0300,7501, ,CFS
SHA,H,76,INFLOW,20170606,0400,8590, ,CFS
SHA,H,76,INFLOW,20170606,0500,9411, ,CFS
SHA,H,76,INFLOW,20170606,0600,9156, ,CFS
SHA,H,76,INFLOW,20170606,0700,8897, ,CFS
SHA,H,76,INFLOW,20170606,0800,8458, ,CFS
SHA,H,76,INFLOW,20170606,0900,-2696, ,CFS
SHA,H,76,INFLOW,20170606,1000,536, ,CFS
SHA,H,76,INFLOW,20170606,1100,7618, ,CFS
SHA,H,76,INFLOW,20170606,1200,-2291, ,CFS
SHA,H,76,INFLOW,20170606,1300,4093, ,CFS
SHA,H,76,INFLOW,20170606,1400,5281, ,CFS
SHA,H,76,INFLOW,20170606,1500,4649, ,CFS
SHA,H,76,INFLOW,20170606,1600,1248, ,CFS
SHA,H,76,INFLOW,20170606,1700,11893, ,CFS
SHA,H,76,INFLOW,20170606,1800,7849, ,CFS
SHA,H,76,INFLOW,20170606,1900,8636, ,CFS
SHA,H,76,INFLOW,20170606,2000,12595, ,CFS
SHA,H,76,INFLOW,20170606,2100,9671, ,CFS
SHA,H,76,INFLOW,20170606,2200,9923, ,CFS
SHA,H,76,INFLOW,20170606,2300,12663, ,CFS
SHA,H,76,INFLOW,20170607,0000,8646, ,CFS
SHA,H,76,INFLOW,20170607,0100,4847, ,CFS
SHA,H,76,INFLOW,20170607,0200,1943, ,CFS
SHA,H,76,INFLOW,20170607,0300,-1748, ,CFS
SHA,H,76,INFLOW,20170607,0400,5479, ,CFS
SHA,H,76,INFLOW,20170607,0500,-458, ,CFS
SHA,H,76,INFLOW,20170607,0600,1796, ,CFS
SHA,H,76,INFLOW,20170607,0700,11942, ,CFS
SHA,H,76,INFLOW,20170607,0800,11157, ,CFS
SHA,H,76,INFLOW,20170607,0900,2887, ,CFS
SHA,H,76,INFLOW,20170607,1000,4698, ,CFS
SHA,H,76,INFLOW,20170607,1100,-1742, ,CFS
SHA,H,76,INFLOW,20170607,1200,4999, ,CFS
SHA,H,76,INFLOW,20170607,1300,1928, ,CFS
SHA,H,76,INFLOW,20170607,1400,1967, ,CFS
SHA,H,76,INFLOW,20170607,1500,10285, ,CFS
SHA,H,76,INFLOW,20170607,1600,8268, ,CFS
SHA,H,76,INFLOW,20170607,1700,6353, ,CFS
SHA,H,76,INFLOW,20170607,1800,6533, ,CFS
SHA,H,76,INFLOW,20170607,1900,10358, ,CFS
SHA,H,76,INFLOW,20170607,2000,6987, ,CFS
SHA,H,76,INFLOW,20170607,2100,13985, ,CFS
SHA,H,76,INFLOW,20170607,2200,4972, ,CFS
SHA,H,76,INFLOW,20170607,2300,6423, ,CFS
SHA,H,76,INFLOW,20170608,0000,10550, ,CFS
SHA,H,76,INFLOW,20170608,0100,13429, ,CFS
SHA,H,76,INFLOW,20170608,0200,1406, ,CFS
SHA,H,76,INFLOW,20170608,0300,10561, ,CFS
SHA,H,76,INFLOW,20170608,0400,3151, ,CFS
SHA,H,76,INFLOW,20170608,0500,4016, ,CFS
SHA,H,76,INFLOW,20170608,0600,10122, ,CFS
SHA,H,76,INFLOW,20170608,0700,16364, ,CFS
SHA,H,76,INFLOW,20170608,0800,5781, ,CFS
SHA,H,76,INFLOW,20170608,0900,1136, ,CFS
SHA,H,76,INFLOW,20170608,1000,5102, ,CFS
SHA,H,76,INFLOW,20170608,1100,4753, ,CFS
SHA,H,76,INFLOW,20170608,1200,4331, ,CFS
SHA,H,76,INFLOW,20170608,1300,7533, ,CFS
SHA,H,76,INFLOW,20170608,1400,308, ,CFS
SHA,H,76,INFLOW,20170608,1500,4145, ,CFS
SHA,H,76,INFLOW,20170608,1600,6581, ,CFS
SHA,H,76,INFLOW,20170608,1700,10789, ,CFS
SHA,H,76,INFLOW,20170608,1800,9728, ,CFS
SHA,H,76,INFLOW,20170608,1900,6068, ,CFS
SHA,H,76,INFLOW,20170608,2000,9733, ,CFS
SHA,H,76,INFLOW,20170608,2100,9770, ,CFS
SHA,H,76,INFLOW,20170608,2200,6418, ,CFS
SHA,H,76,INFLOW,20170608,2300,12157, ,CFS
SHA,H,76,INFLOW,20170609,0000,5702, ,CFS
SHA,H,76,INFLOW,20170609,0100,10352, ,CFS
SHA,H,76,INFLOW,20170609,0200,8658, ,CFS
SHA,H,76,INFLOW,20170609,0300,7793, ,CFS
SHA,H,76,INFLOW,20170609,0400,7832, ,CFS
SHA,H,76,INFLOW,20170609,0500,5094, ,CFS
SHA,H,76,INFLOW,20170609,0600,13644, ,CFS
SHA,H,76,INFLOW,20170609,0700,7127, ,CFS
SHA,H,76,INFLOW,20170609,0800,8609, ,CFS
SHA,H,76,INFLOW,20170609,0900,2, ,CFS
SHA,H,76,INFLOW,20170609,1000,6091, ,CFS
SHA,H,76,INFLOW,20170609,1100,2551, ,CFS
SHA,H,76,INFLOW,20170609,1200,2433, ,CFS
SHA,H,76,INFLOW,20170609,1300,5686, ,CFS
SHA,H,76,INFLOW,20170609,1400,6904, ,CFS
SHA,H,76,INFLOW,20170609,1500,7981, ,CFS
SHA,H,76,INFLOW,20170609,1600,12530, ,CFS
SHA,H,76,INFLOW,20170609,1700,5506, ,CFS
SHA,H,76,INFLOW,20170609,1800,8460, ,CFS
SHA,H,76,INFLOW,20170609,1900,8707, ,CFS
SHA,H,76,INFLOW,20170609,2000,8956, ,CFS
SHA,H,76,INFLOW,20170609,2100,5948, ,CFS
SHA,H,76,INFLOW,20170609,2200,6266, ,CFS
SHA,H,76,INFLOW,20170609,2300,12391, ,CFS
SHA,H,76,INFLOW,20170610,0000,7448, ,CFS
SHA,H,76,INFLOW,20170610,0100,4085, ,CFS
SHA,H,76,INFLOW,20170610,0200,7361, ,CFS
SHA,H,76,INFLOW,20170610,0300,10381, ,CFS
SHA,H,76,INFLOW,20170610,0400,1166, ,CFS
SHA,H,76,INFLOW,20170610,0500,14915, ,CFS
SHA,H,76,INFLOW,20170610,0600,9107, ,CFS
SHA,H,76,INFLOW,20170610,0700,2882, ,CFS
SHA,H,76,INFLOW,20170610,0800,4708, ,CFS
SHA,H,76,INFLOW,20170610,0900,-1324, ,CFS
SHA,H,76,INFLOW,20170610,1000,1836, ,CFS
SHA,H,76,INFLOW,20170610,1100,5346, ,CFS
SHA,H,76,INFLOW,20170610,1200,-1344, ,CFS
SHA,H,76,INFLOW,20170610,1300,9606, ,CFS
SHA,H,76,INFLOW,20170610,1400,-902, ,CFS
SHA,H,76,INFLOW,20170610,1500,5998, ,CFS
SHA,H,76,INFLOW,20170610,1600,4925, ,CFS
SHA,H,76,INFLOW,20170610,1700,2920, ,CFS
SHA,H,76,INFLOW,20170610,1800,-4312, ,CFS
SHA,H,76,INFLOW,20170610,1900,9466, ,CFS
SHA,H,76,INFLOW,20170610,2000,9946, ,CFS
SHA,H,76,INFLOW,20170610,2100,10123, ,CFS
SHA,H,76,INFLOW,20170610,2200,3087, ,CFS
SHA,H,76,INFLOW,20170610,2300,2187, ,CFS
SHA,H,76,INFLOW,20170611,0000,10533, ,CFS
SHA,H,76,INFLOW,20170611,0100,10280, ,CFS
SHA,H,76,INFLOW,20170611,0200,8948, ,CFS
SHA,H,76,INFLOW,20170611,0300,10240, ,CFS
SHA,H,76,INFLOW,20170611,0400,6524, ,CFS
SHA,H,76,INFLOW,20170611,0500,6780, ,CFS
SHA,H,76,INFLOW,20170611,0600,8730, ,CFS
SHA,H,76,INFLOW,20170611,0700,3248, ,CFS
SHA,H,76,INFLOW,20170611,0800,5783, ,CFS
SHA,H,76,INFLOW,20170611,0900,1823, ,CFS
SHA,H,76,INFLOW,20170611,1000,-328, ,CFS
SHA,H,76,INFLOW,20170611,1100,5588, ,CFS
SHA,H,76,INFLOW,20170611,1200,-1360, ,CFS
SHA,H,76,INFLOW,20170611,1300,4202, ,CFS
SHA,H,76,INFLOW,20170611,1400,-1112, ,CFS
SHA,H,76,INFLOW,20170611,1500,1646, ,CFS
SHA,H,76,INFLOW,20170611,1600,5505, ,CFS
SHA,H,76,INFLOW,20170611,1700,-380, ,CFS
SHA,H,76,INFLOW,20170611,1800,2855, ,CFS
SHA,H,76,INFLOW,20170611,1900,2764, ,CFS
SHA,H,76,INFLOW,20170611,2000,9842, ,CFS
SHA,H,76,INFLOW,20170611,2100,10030, ,CFS
SHA,H,76,INFLOW,20170611,2200,9819, ,CFS
SHA,H,76,INFLOW,20170611,2300,8890, ,CFS
SHA,H,76,INFLOW,20170612,0000,8446, ,CFS
SHA,H,76,INFLOW,20170612,0100,3055, ,CFS
SHA,H,76,INFLOW,20170612,0200,12776, ,CFS
SHA,H,76,INFLOW,20170612,0300,3136, ,CFS
SHA,H,76,INFLOW,20170612,0400,2843, ,CFS
SHA,H,76,INFLOW,20170612,0500,-140, ,CFS
SHA,H,76,INFLOW,20170612,0600,8378, ,CFS
SHA,H,76,INFLOW,20170612,0700,8355, ,CFS
SHA,H,76,INFLOW,20170612,0800,6157, ,CFS
SHA,H,76,INFLOW,20170612,0900,2525, ,CFS
SHA,H,76,INFLOW,20170612,1000,1730, ,CFS
SHA,H,76,INFLOW,20170612,1100,2795, ,CFS
SHA,H,76,INFLOW,20170612,1200,10153, ,CFS
SHA,H,76,INFLOW,20170612,1300,12269, ,CFS
SHA,H,76,INFLOW,20170612,1400,6883, ,CFS
SHA,H,76,INFLOW,20170612,1500,-813, ,CFS
SHA,H,76,INFLOW,20170612,1600,3414, ,CFS
SHA,H,76,INFLOW,20170612,1700,556, ,CFS
SHA,H,76,INFLOW,20170612,1800,11547, ,CFS
SHA,H,76,INFLOW,20170612,1900,6717, ,CFS
SHA,H,76,INFLOW,20170612,2000,2708, ,CFS
SHA,H,76,INFLOW,20170612,2100,13306, ,CFS
SHA,H,76,INFLOW,20170612,2200,6103, ,CFS
SHA,H,76,INFLOW,20170612,2300,5619, ,CFS
SHA,H,76,INFLOW,20170613,0000,10944, ,CFS
SHA,H,76,INFLOW,20170613,0100,6693, ,CFS
SHA,H,76,INFLOW,20170613,0200,8726, ,CFS
SHA,H,76,INFLOW,20170613,0300,5802, ,CFS
SHA,H,76,INFLOW,20170613,0400,5243, ,CFS
SHA,H,76,INFLOW,20170613,0500,10667, ,CFS
SHA,H,76,INFLOW,20170613,0600,7086, ,CFS
SHA,H,76,INFLOW,20170613,0700,10108, ,CFS
SHA,H,76,INFLOW,20170613,0800,10148, ,CFS
SHA,H,76,INFLOW,20170613,0900,-3933, ,CFS
SHA,H,76,INFLOW,20170613,1000,3339, ,CFS
SHA,H,76,INFLOW,20170613,1100,-270, ,CFS
SHA,H,76,INFLOW,20170613,1200,3300, ,CFS
SHA,H,76,INFLOW,20170613,1300,9814, ,CFS
SHA,H,76,INFLOW,20170613,1400,12245, ,CFS
SHA,H,76,INFLOW,20170613,1500,5462, ,CFS
SHA,H,76,INFLOW,20170613,1600,13172, ,CFS
SHA,H,76,INFLOW,20170613,1700,7530, ,CFS
SHA,H,76,INFLOW,20170613,1800,7988, ,CFS
SHA,H,76,INFLOW,20170613,1900,10239, ,CFS
SHA,H,76,INFLOW,20170613,2000,6439, ,CFS
SHA,H,76,INFLOW,20170613,2100,13077, ,CFS
SHA,H,76,INFLOW,20170613,2200,5119, ,CFS
SHA,H,76,INFLOW,20170613,2300,12141, ,CFS
SHA,H,76,INFLOW,20170614,0000,9667, ,CFS
SHA,H,76,INFLOW,20170614,0100,5665, ,CFS
SHA,H,76,INFLOW,20170614,0200,8151, ,CFS
SHA,H,76,INFLOW,20170614,0300,7696, ,CFS
SHA,H,76,INFLOW,20170614,0400,7785, ,CFS
SHA,H,76,INFLOW,20170614,0500,4895, ,CFS
SHA,H,76,INFLOW,20170614,0600,8217, ,CFS
SHA,H,76,INFLOW,20170614,0700,11166, ,CFS
SHA,H,76,INFLOW,20170614,0800,6057, ,CFS
SHA,H,76,INFLOW,20170614,0900,781, ,CFS
SHA,H,76,INFLOW,20170614,1000,3911, ,CFS
SHA,H,76,INFLOW,20170614,1100,-2659, ,CFS
SHA,H,76,INFLOW,20170614,1200,5017, ,CFS
SHA,H,76,INFLOW,20170614,1300,2345, ,CFS
SHA,H,76,INFLOW,20170614,1400,1555, ,CFS
SHA,H,76,INFLOW,20170614,1500,7518, ,CFS
SHA,H,76,INFLOW,20170614,1600,822, ,CFS
SHA,H,76,INFLOW,20170614,1700,1253, ,CFS
SHA,H,76,INFLOW,20170614,1800,1894, ,CFS
SHA,H,76,INFLOW,20170614,1900,2561, ,CFS
SHA,H,76,INFLOW,20170614,2000,14078, ,CFS
SHA,H,76,INFLOW,20170614,2100,9589, ,CFS
SHA,H,76,INFLOW,20170614,2200,3200, ,CFS
SHA,H,76,INFLOW,20170614,2300,17973, ,CFS
SHA,H,76,INFLOW,20170615,0000,1465, ,CFS
SHA,H,76,INFLOW,20170615,0100,6931, ,CFS
SHA,H,76,INFLOW,20170615,0200,12641, ,CFS
SHA,H,76,INFLOW,20170615,0300,7608, ,CFS
SHA,H,76,INFLOW,20170615,0400,4338, ,CFS
SHA,H,76,INFLOW,20170615,0500,8088, ,CFS
SHA,H,76,INFLOW,20170615,0600,9272, ,CFS
SHA,H,76,INFLOW,20170615,0700,7164, ,CFS
SHA,H,76,INFLOW,20170615,0800,6633, ,CFS
SHA,H,76,INFLOW,20170615,0900,-1090, ,CFS
SHA,H,76,INFLOW,20170615,1000,6704, ,CFS
SHA,H,76,INFLOW,20170615,1100,-1410, ,CFS
SHA,H,76,INFLOW,20170615,1200,2996, ,CFS
SHA,H,76,INFLOW,20170615,1300,2984, ,CFS
SHA,H,76,INFLOW,20170615,1400,5072, ,CFS
SHA,H,76,INFLOW,20170615,1500,7316, ,CFS
SHA,H,76,INFLOW,20170615,1600,-5363, ,CFS
SHA,H,76,INFLOW,20170615,1700,8834, ,CFS
SHA,H,76,INFLOW,20170615,1800,9280, ,CFS
SHA,H,76,INFLOW,20170615,1900,6109, ,CFS
SHA,H,76,INFLOW,20170615,2000,9817, ,CFS
SHA,H,76,INFLOW,20170615,2100,9253, ,CFS
SHA,H,76,INFLOW,20170615,2200,9201, ,CFS
SHA,H,76,INFLOW,20170615,2300,7975, ,CFS
SHA,H,76,INFLOW,20170616,0000,9809, ,CFS
SHA,H,76,INFLOW,20170616,0100,6707, ,CFS
SHA,H,76,INFLOW,20170616,0200,6593, ,CFS
SHA,H,76,INFLOW,20170616,0300,6466, ,CFS
SHA,H,76,INFLOW,20170616,0400,2946, ,CFS
SHA,H,76,INFLOW,20170616,0500,3454, ,CFS
SHA,H,76,INFLOW,20170616,0600,17047, ,CFS
SHA,H,76,INFLOW,20170616,0700,5679, ,CFS
SHA,H,76,INFLOW,20170616,0800,4300, ,CFS
SHA,H,76,INFLOW,20170616,0900,487, ,CFS
SHA,H,76,INFLOW,20170616,1000,-3100, ,CFS
SHA,H,76,INFLOW,20170616,1100,5994, ,CFS
SHA,H,76,INFLOW,20170616,1200,-1815, ,CFS
SHA,H,76,INFLOW,20170616,1300,4878, ,CFS
SHA,H,76,INFLOW,20170616,1400,5444, ,CFS
SHA,H,76,INFLOW,20170616,1500,451, ,CFS
SHA,H,76,INFLOW,20170616,1600,7492, ,CFS
SHA,H,76,INFLOW,20170616,1700,9454, ,CFS
SHA,H,76,INFLOW,20170616,1800,2331, ,CFS
SHA,H,76,INFLOW,20170616,1900,12995, ,CFS
SHA,H,76,INFLOW,20170616,2000,6151, ,CFS
SHA,H,76,INFLOW,20170616,2100,9499, ,CFS
SHA,H,76,INFLOW,20170616,2200,9486, ,CFS
SHA,H,76,INFLOW,20170616,2300,8518, ,CFS
SHA,H,76,INFLOW,20170617,0000,6696, ,CFS
SHA,H,76,INFLOW,20170617,0100,5882, ,CFS
SHA,H,76,INFLOW,20170617,0200,-1191, ,CFS
SHA,H,76,INFLOW,20170617,0300,8941, ,CFS
SHA,H,76,INFLOW,20170617,0400,5507, ,CFS
SHA,H,76,INFLOW,20170617,0500,1960, ,CFS
SHA,H,76,INFLOW,20170617,0600,7983, ,CFS
SHA,H,76,INFLOW,20170617,0700,-1681, ,CFS
SHA,H,76,INFLOW,20170617,0800,4264, ,CFS
SHA,H,76,INFLOW,20170617,0900,475, ,CFS
SHA,H,76,INFLOW,20170617,1000,992, ,CFS
SHA,H,76,INFLOW,20170617,1100,7140, ,CFS
SHA,H,76,INFLOW,20170617,1200,10440, ,CFS
SHA,H,76,INFLOW,20170617,1300,658, ,CFS
SHA,H,76,INFLOW,20170617,1400,8717, ,CFS
SHA,H,76,INFLOW,20170617,1500,2238, ,CFS
SHA,H,76,INFLOW,20170617,1600,12120, ,CFS
SHA,H,76,INFLOW,20170617,1700,9158, ,CFS
SHA,H,76,INFLOW,20170617,1800,-698, ,CFS
SHA,H,76,INFLOW,20170617,1900,10602, ,CFS
SHA,H,76,INFLOW,20170617,2000,7399, ,CFS
SHA,H,76,INFLOW,20170617,2100,2321, ,CFS
SHA,H,76,INFLOW,20170617,2200,15904, ,CFS
SHA,H,76,INFLOW,20170617,2300,6695, ,CFS
SHA,H,76,INFLOW,20170618,0000,4356, ,CFS
SHA,H,76,INFLOW,20170618,0100,9907, ,CFS
SHA,H,76,INFLOW,20170618,0200,5486, ,CFS
SHA,H,76,INFLOW,20170618,0300,5226, ,CFS
SHA,H,76,INFLOW,20170618,0400,1739, ,CFS
SHA,H,76,INFLOW,20170618,0500,1990, ,CFS
SHA,H,76,INFLOW,20170618,0600,5511, ,CFS
SHA,H,76,INFLOW,20170618,0700,2134, ,CFS
SHA,H,76,INFLOW,20170618,0800,2416, ,CFS
SHA,H,76,INFLOW,20170618,0900,2234, ,CFS
SHA,H,76,INFLOW,20170618,1000,2277, ,CFS
SHA,H,76,INFLOW,20170618,1100,11337, ,CFS
SHA,H,76,INFLOW,20170618,1200,5095, ,CFS
SHA,H,76,INFLOW,20170618,1300,5287, ,CFS
SHA,H,76,INFLOW,20170618,1400,-1399, ,CFS
SHA,H,76,INFLOW,20170618,1500,2151, ,CFS
SHA,H,76,INFLOW,20170618,1600,6268, ,CFS
SHA,H,76,INFLOW,20170618,1700,9232, ,CFS
SHA,H,76,INFLOW,20170618,1800,9509, ,CFS
SHA,H,76,INFLOW,20170618,1900,6519, ,CFS
SHA,H,76,INFLOW,20170618,2000,12627, ,CFS
SHA,H,76,INFLOW,20170618,2100,8999, ,CFS
SHA,H,76,INFLOW,20170618,2200,9558, ,CFS
SHA,H,76,INFLOW,20170618,2300,9919, ,CFS
SHA,H,76,INFLOW,20170619,0000,8963, ,CFS
SHA,H,76,INFLOW,20170619,0100,3067, ,CFS
SHA,H,76,INFLOW,20170619,0200,6169, ,CFS
SHA,H,76,INFLOW,20170619,0300,6103, ,CFS
SHA,H,76,INFLOW,20170619,0400,9531, ,CFS
SHA,H,76,INFLOW,20170619,0500,2872, ,CFS
SHA,H,76,INFLOW,20170619,0600,8592, ,CFS
SHA,H,76,INFLOW,20170619,0700,11437, ,CFS
SHA,H,76,INFLOW,20170619,0800,4241, ,CFS
SHA,H,76,INFLOW,20170619,0900,166, ,CFS
SHA,H,76,INFLOW,20170619,1000,-2889, ,CFS
SHA,H,76,INFLOW,20170619,1100,3116, ,CFS
SHA,H,76,INFLOW,20170619,1200,5176, ,CFS
SHA,H,76,INFLOW,20170619,1300,-601, ,CFS
SHA,H,76,INFLOW,20170619,1400,4470, ,CFS
SHA,H,76,INFLOW,20170619,1500,3922, ,CFS
SHA,H,76,INFLOW,20170619,1600,4251, ,CFS
SHA,H,76,INFLOW,20170619,1700,4646, ,CFS
SHA,H,76,INFLOW,20170619,1800,10810, ,CFS
SHA,H,76,INFLOW,20170619,1900,7600, ,CFS
SHA,H,76,INFLOW,20170619,2000,7965, ,CFS
SHA,H,76,INFLOW,20170619,2100,14624, ,CFS
SHA,H,76,INFLOW,20170619,2200,5926, ,CFS
SHA,H,76,INFLOW,20170619,2300,5138, ,CFS
SHA,H,76,INFLOW,20170620,0000,7860, ,CFS
SHA,H,76,INFLOW,20170620,0100,7657, ,CFS
SHA,H,76,INFLOW,20170620,0200,598, ,CFS
SHA,H,76,INFLOW,20170620,0300,3913, ,CFS
SHA,H,76,INFLOW,20170620,0400,3656, ,CFS
SHA,H,76,INFLOW,20170620,0500,351, ,CFS
SHA,H,76,INFLOW,20170620,0600,4696, ,CFS
SHA,H,76,INFLOW,20170620,0700,9519, ,CFS
SHA,H,76,INFLOW,20170620,0800,6203, ,CFS
SHA,H,76,INFLOW,20170620,0900,-2315, ,CFS
SHA,H,76,INFLOW,20170620,1000,4361, ,CFS
SHA,H,76,INFLOW,20170620,1100,4358, ,CFS
SHA,H,76,INFLOW,20170620,1200,-4881, ,CFS
SHA,H,76,INFLOW,20170620,1300,8214, ,CFS
SHA,H,76,INFLOW,20170620,1400,-417, ,CFS
SHA,H,76,INFLOW,20170620,1500,7482, ,CFS
SHA,H,76,INFLOW,20170620,1600,11702, ,CFS
SHA,H,76,INFLOW,20170620,1700,6770, ,CFS
SHA,H,76,INFLOW,20170620,1800,10557, ,CFS
SHA,H,76,INFLOW,20170620,1900,7793, ,CFS
SHA,H,76,INFLOW,20170620,2000,9708, ,CFS
SHA,H,76,INFLOW,20170620,2100,9755, ,CFS
SHA,H,76,INFLOW,20170620,2200,10814, ,CFS
SHA,H,76,INFLOW,20170620,2300,4763, ,CFS
SHA,H,76,INFLOW,20170621,0000,9716, ,CFS
SHA,H,76,INFLOW,20170621,0100,5015, ,CFS
SHA,H,76,INFLOW,20170621,0200,1024, ,CFS
SHA,H,76,INFLOW,20170621,0300,3952, ,CFS
SHA,H,76,INFLOW,20170621,0400,3724, ,CFS
SHA,H,76,INFLOW,20170621,0500,396, ,CFS
SHA,H,76,INFLOW,20170621,0600,4942, ,CFS
SHA,H,76,INFLOW,20170621,0700,5152, ,CFS
SHA,H,76,INFLOW,20170621,0800,4848, ,CFS
SHA,H,76,INFLOW,20170621,0900,-2302, ,CFS
SHA,H,76,INFLOW,20170621,1000,1560, ,CFS
SHA,H,76,INFLOW,20170621,1100,-873, ,CFS
SHA,H,76,INFLOW,20170621,1200,3163, ,CFS
SHA,H,76,INFLOW,20170621,1300,2083, ,CFS
SHA,H,76,INFLOW,20170621,1400,13155, ,CFS
SHA,H,76,INFLOW,20170621,1500,6631, ,CFS
SHA,H,76,INFLOW,20170621,1600,9560, ,CFS
SHA,H,76,INFLOW,20170621,1700,6656, ,CFS
SHA,H,76,INFLOW,20170621,1800,7087, ,CFS
SHA,H,76,INFLOW,20170621,1900,8090, ,CFS
SHA,H,76,INFLOW,20170621,2000,4248, ,CFS
SHA,H,76,INFLOW,20170621,2100,11085, ,CFS
SHA,H,76,INFLOW,20170621,2200,8807, ,CFS
SHA,H,76,INFLOW,20170621,2300,9890, ,CFS
SHA,H,76,INFLOW,20170622,0000,4433, ,CFS
SHA,H,76,INFLOW,20170622,0100,8467, ,CFS
SHA,H,76,INFLOW,20170622,0200,-5245, ,CFS
SHA,H,76,INFLOW,20170622,0300,5141, ,CFS
SHA,H,76,INFLOW,20170622,0400,3814, ,CFS
SHA,H,76,INFLOW,20170622,0500,3854, ,CFS
SHA,H,76,INFLOW,20170622,0600,7275, ,CFS
SHA,H,76,INFLOW,20170622,0700,15368, ,CFS
SHA,H,76,INFLOW,20170622,0800,503, ,CFS
SHA,H,76,INFLOW,20170622,0900,7329, ,CFS
SHA,H,76,INFLOW,20170622,1000,-606, ,CFS
SHA,H,76,INFLOW,20170622,1100,6573, ,CFS
SHA,H,76,INFLOW,20170622,1200,6075, ,CFS
SHA,H,76,INFLOW,20170622,1300,4918, ,CFS
SHA,H,76,INFLOW,20170622,1400,11524, ,CFS
SHA,H,76,INFLOW,20170622,1500,4876, ,CFS
SHA,H,76,INFLOW,20170622,1600,1968, ,CFS
SHA,H,76,INFLOW,20170622,1700,679, ,CFS
SHA,H,76,INFLOW,20170622,1800,7821, ,CFS
SHA,H,76,INFLOW,20170622,1900,-163, ,CFS
SHA,H,76,INFLOW,20170622,2000,6471, ,CFS
SHA,H,76,INFLOW,20170622,2100,2977, ,CFS
SHA,H,76,INFLOW,20170622,2200,1668, ,CFS
SHA,H,76,INFLOW,20170622,2300,10187, ,CFS
SHA,H,76,INFLOW,20170623,0000,7256, ,CFS
SHA,H,76,INFLOW,20170623,0100,4654, ,CFS
SHA,H,76,INFLOW,20170623,0200,7001, ,CFS
SHA,H,76,INFLOW,20170623,0300,3837, ,CFS
SHA,H,76,INFLOW,20170623,0400,7115, ,CFS
SHA,H,76,INFLOW,20170623,0500,6985, ,CFS
SHA,H,76,INFLOW,20170623,0600,146, ,CFS
SHA,H,76,INFLOW,20170623,0700,11898, ,CFS
SHA,H,76,INFLOW,20170623,0800,1227, ,CFS
SHA,H,76,INFLOW,20170623,0900,-528, ,CFS
SHA,H,76,INFLOW,20170623,1000,6125, ,CFS
SHA,H,76,INFLOW,20170623,1100,23, ,CFS
SHA,H,76,INFLOW,20170623,1200,181, ,CFS
SHA,H,76,INFLOW,20170623,1300,11209, ,CFS
SHA,H,76,INFLOW,20170623,1400,4314, ,CFS
SHA,H,76,INFLOW,20170623,1500,6184, ,CFS
SHA,H,76,INFLOW,20170623,1600,10396, ,CFS
SHA,H,76,INFLOW,20170623,1700,4964, ,CFS
SHA,H,76,INFLOW,20170623,1800,11245, ,CFS
SHA,H,76,INFLOW,20170623,1900,7820, ,CFS
SHA,H,76,INFLOW,20170623,2000,10550, ,CFS
SHA,H,76,INFLOW,20170623,2100,9567, ,CFS
SHA,H,76,INFLOW,20170623,2200,10987, ,CFS
SHA,H,76,INFLOW,20170623,2300,6835, ,CFS
SHA,H,76,INFLOW,20170624,0000,5862, ,CFS
SHA,H,76,INFLOW,20170624,0100,8228, ,CFS
SHA,H,76,INFLOW,20170624,0200,783, ,CFS
SHA,H,76,INFLOW,20170624,0300,7511, ,CFS
SHA,H,76,INFLOW,20170624,0400,4189, ,CFS
SHA,H,76,INFLOW,20170624,0500,4201, ,CFS
SHA,H,76,INFLOW,20170624,0600,4122, ,CFS
SHA,H,76,INFLOW,20170624,0700,-3213, ,CFS
SHA,H,76,INFLOW,20170624,0800,4016, ,CFS
SHA,H,76,INFLOW,20170624,0900,-137, ,CFS
SHA,H,76,INFLOW,20170624,1000,66, ,CFS
SHA,H,76,INFLOW,20170624,1100,2987, ,CFS
SHA,H,76,INFLOW,20170624,1200,-421, ,CFS
SHA,H,76,INFLOW,20170624,1300,3935, ,CFS
SHA,H,76,INFLOW,20170624,1400,4812, ,CFS
SHA,H,76,INFLOW,20170624,1500,9980, ,CFS
SHA,H,76,INFLOW,20170624,1600,5356, ,CFS
SHA,H,76,INFLOW,20170624,1700,5983, ,CFS
SHA,H,76,INFLOW,20170624,1800,3981, ,CFS
SHA,H,76,INFLOW,20170624,1900,7557, ,CFS
SHA,H,76,INFLOW,20170624,2000,11326, ,CFS
SHA,H,76,INFLOW,20170624,2100,7894, ,CFS
SHA,H,76,INFLOW,20170624,2200,10579, ,CFS
SHA,H,76,INFLOW,20170624,2300,5335, ,CFS
SHA,H,76,INFLOW,20170625,0000,8169, ,CFS
SHA,H,76,INFLOW,20170625,0100,10052, ,CFS
SHA,H,76,INFLOW,20170625,0200,3321, ,CFS
SHA,H,76,INFLOW,20170625,0300,9766, ,CFS
SHA,H,76,INFLOW,20170625,0400,4326, ,CFS
SHA,H,76,INFLOW,20170625,0500,8016, ,CFS
SHA,H,76,INFLOW,20170625,0600,2842, ,CFS
SHA,H,76,INFLOW,20170625,0700,1082, ,CFS
SHA,H,76,INFLOW,20170625,0800,-2382, ,CFS
SHA,H,76,INFLOW,20170625,0900,9459, ,CFS
SHA,H,76,INFLOW,20170625,1000,-971, ,CFS
SHA,H,76,INFLOW,20170625,1100,2476, ,CFS
SHA,H,76,INFLOW,20170625,1200,3135, ,CFS
SHA,H,76,INFLOW,20170625,1300,8877, ,CFS
SHA,H,76,INFLOW,20170625,1400,9335, ,CFS
SHA,H,76,INFLOW,20170625,1500,1037, ,CFS
SHA,H,76,INFLOW,20170625,1600,8671, ,CFS
SHA,H,76,INFLOW,20170625,1700,10883, ,CFS
SHA,H,76,INFLOW,20170625,1800,360, ,CFS
SHA,H,76,INFLOW,20170625,1900,6135, ,CFS
SHA,H,76,INFLOW,20170625,2000,13188, ,CFS
SHA,H,76,INFLOW,20170625,2100,2615, ,CFS
SHA,H,76,INFLOW,20170625,2200,10556, ,CFS
SHA,H,76,INFLOW,20170625,2300,8245, ,CFS
SHA,H,76,INFLOW,20170626,0000,7250, ,CFS
SHA,H,76,INFLOW,20170626,0100,11678, ,CFS
SHA,H,76,INFLOW,20170626,0200,4176, ,CFS
SHA,H,76,INFLOW,20170626,0300,11728, ,CFS
SHA,H,76,INFLOW,20170626,0400,4673, ,CFS
SHA,H,76,INFLOW,20170626,0500,4803, ,CFS
SHA,H,76,INFLOW,20170626,0600,4410, ,CFS
SHA,H,76,INFLOW,20170626,0700,-1485, ,CFS
SHA,H,76,INFLOW,20170626,0800,1538, ,CFS
SHA,H,76,INFLOW,20170626,0900,1295, ,CFS
SHA,H,76,INFLOW,20170626,1000,1008, ,CFS
SHA,H,76,INFLOW,20170626,1100,3413, ,CFS
SHA,H,76,INFLOW,20170626,1200,2293, ,CFS
SHA,H,76,INFLOW,20170626,1300,2068, ,CFS
SHA,H,76,INFLOW,20170626,1400,8194, ,CFS
SHA,H,76,INFLOW,20170626,1500,3965, ,CFS
SHA,H,76,INFLOW,20170626,1600,467, ,CFS
SHA,H,76,INFLOW,20170626,1700,2928, ,CFS
SHA,H,76,INFLOW,20170626,1800,1074, ,CFS
SHA,H,76,INFLOW,20170626,1900,1802, ,CFS
SHA,H,76,INFLOW,20170626,2000,11743, ,CFS
SHA,H,76,INFLOW,20170626,2100,-3450, ,CFS
SHA,H,76,INFLOW,20170626,2200,7645, ,CFS
SHA,H,76,INFLOW,20170626,2300,1492, ,CFS
SHA,H,76,INFLOW,20170627,0000,8045, ,CFS
SHA,H,76,INFLOW,20170627,0100,5793, ,CFS
SHA,H,76,INFLOW,20170627,0200,5263, ,CFS
SHA,H,76,INFLOW,20170627,0300,6004, ,CFS
SHA,H,76,INFLOW,20170627,0400,2640, ,CFS
SHA,H,76,INFLOW,20170627,0500,2861, ,CFS
SHA,H,76,INFLOW,20170627,0600,10935, ,CFS
SHA,H,76,INFLOW,20170627,0700,9672, ,CFS
SHA,H,76,INFLOW,20170627,0800,-1858, ,CFS
SHA,H,76,INFLOW,20170627,0900,6159, ,CFS
SHA,H,76,INFLOW,20170627,1000,-4121, ,CFS
SHA,H,76,INFLOW,20170627,1100,7078, ,CFS
SHA,H,76,INFLOW,20170627,1200,3985, ,CFS
SHA,H,76,INFLOW,20170627,1300,345, ,CFS
SHA,H,76,INFLOW,20170627,1400,5633, ,CFS
SHA,H,76,INFLOW,20170627,1500,2753, ,CFS
SHA,H,76,INFLOW,20170627,1600,1575, ,CFS
SHA,H,76,INFLOW,20170627,1700,1836, ,CFS
SHA,H,76,INFLOW,20170627,1800,7003, ,CFS
SHA,H,76,INFLOW,20170627,1900,11382, ,CFS
SHA,H,76,INFLOW,20170627,2000,8327, ,CFS
SHA,H,76,INFLOW,20170627,2100,3931, ,CFS
SHA,H,76,INFLOW,20170627,2200,5776, ,CFS
SHA,H,76,INFLOW,20170627,2300,11962, ,CFS
SHA,H,76,INFLOW,20170628,0000,941, ,CFS
SHA,H,76,INFLOW,20170628,0100,14058, ,CFS
SHA,H,76,INFLOW,20170628,0200,6566, ,CFS
SHA,H,76,INFLOW,20170628,0300,6609, ,CFS
SHA,H,76,INFLOW,20170628,0400,6504, ,CFS
SHA,H,76,INFLOW,20170628,0500,3247, ,CFS
SHA,H,76,INFLOW,20170628,0600,7031, ,CFS
SHA,H,76,INFLOW,20170628,0700,9021, ,CFS
SHA,H,76,INFLOW,20170628,0800,-4558, ,CFS
SHA,H,76,INFLOW,20170628,0900,2698, ,CFS
SHA,H,76,INFLOW,20170628,1000,726, ,CFS
SHA,H,76,INFLOW,20170628,1100,189, ,CFS
SHA,H,76,INFLOW,20170628,1200,3996, ,CFS
SHA,H,76,INFLOW,20170628,1300,998, ,CFS
SHA,H,76,INFLOW,20170628,1400,4294, ,CFS
SHA,H,76,INFLOW,20170628,1500,3053, ,CFS
SHA,H,76,INFLOW,20170628,1600,7022, ,CFS
SHA,H,76,INFLOW,20170628,1700,10388, ,CFS
SHA,H,76,INFLOW,20170628,1800,4781, ,CFS
SHA,H,76,INFLOW,20170628,1900,8810, ,CFS
SHA,H,76,INFLOW,20170628,2000,8940, ,CFS
SHA,H,76,INFLOW,20170628,2100,4788, ,CFS
SHA,H,76,INFLOW,20170628,2200,7543, ,CFS
SHA,H,76,INFLOW,20170628,2300,9206, ,CFS
SHA,H,76,INFLOW,20170629,0000,2247, ,CFS
SHA,H,76,INFLOW,20170629,0100,1242, ,CFS
SHA,H,76,INFLOW,20170629,0200,10886, ,CFS
SHA,H,76,INFLOW,20170629,0300,4104, ,CFS
SHA,H,76,INFLOW,20170629,0400,7558, ,CFS
SHA,H,76,INFLOW,20170629,0500,11133, ,CFS
SHA,H,76,INFLOW,20170629,0600,5206, ,CFS
SHA,H,76,INFLOW,20170629,0700,7960, ,CFS
SHA,H,76,INFLOW,20170629,0800,7841, ,CFS
SHA,H,76,INFLOW,20170629,0900,-3130, ,CFS
SHA,H,76,INFLOW,20170629,1000,-238, ,CFS
SHA,H,76,INFLOW,20170629,1100,1821, ,CFS
SHA,H,76,INFLOW,20170629,1200,2161, ,CFS
SHA,H,76,INFLOW,20170629,1300,-182, ,CFS
SHA,H,76,INFLOW,20170629,1400,7991, ,CFS
SHA,H,76,INFLOW,20170629,1500,806, ,CFS
SHA,H,76,INFLOW,20170629,1600,7629, ,CFS
SHA,H,76,INFLOW,20170629,1700,4585, ,CFS
SHA,H,76,INFLOW,20170629,1800,8086, ,CFS
SHA,H,76,INFLOW,20170629,1900,9015, ,CFS
SHA,H,76,INFLOW,20170629,2000,4916, ,CFS
SHA,H,76,INFLOW,20170629,2100,11132, ,CFS
SHA,H,76,INFLOW,20170629,2200,5998, ,CFS
SHA,H,76,INFLOW,20170629,2300,9958, ,CFS
SHA,H,76,INFLOW,20170630,0000,7852, ,CFS
SHA,H,76,INFLOW,20170630,0100,8125, ,CFS
SHA,H,76,INFLOW,20170630,0200,3837, ,CFS
SHA,H,76,INFLOW,20170630,0300,10903, ,CFS
SHA,H,76,INFLOW,20170630,0400,4054, ,CFS
SHA,H,76,INFLOW,20170630,0500,7584, ,CFS
SHA,H,76,INFLOW,20170630,0600,4898, ,CFS
SHA,H,76,INFLOW,20170630,0700,10174, ,CFS
SHA,H,76,INFLOW,20170630,0800,4497, ,CFS
SHA,H,76,INFLOW,20170630,0900,1337, ,CFS
SHA,H,76,INFLOW,20170630,1000,-2484, ,CFS
SHA,H,76,INFLOW,20170630,1100,4888, ,CFS
SHA,H,76,INFLOW,20170630,1200,-1145, ,CFS
SHA,H,76,INFLOW,20170630,1300,3198, ,CFS
SHA,H,76,INFLOW,20170630,1400,5105, ,CFS
SHA,H,76,INFLOW,20170630,1500,3305, ,CFS
SHA,H,76,INFLOW,20170630,1600,6850, ,CFS
SHA,H,76,INFLOW,20170630,1700,7496, ,CFS
SHA,H,76,INFLOW,20170630,1800,4287, ,CFS
SHA,H,76,INFLOW,20170630,1900,9184, ,CFS
SHA,H,76,INFLOW,20170630,2000,8599, ,CFS
SHA,H,76,INFLOW,20170630,2100,8841, ,CFS
SHA,H,76,INFLOW,20170630,2200,3786, ,CFS
SHA,H,76,INFLOW,20170630,2300,9080, ,CFS
SHA,H,76,INFLOW,20170701,0000,7115, ,CFS
SHA,H,76,INFLOW,20170701,0100,5126, ,CFS
SHA,H,76,INFLOW,20170701,0200,11168, ,CFS
SHA,H,76,INFLOW,20170701,0300,3392, ,CFS
SHA,H,76,INFLOW,20170701,0400,3428, ,CFS
SHA,H,76,INFLOW,20170701,0500,10480, ,CFS
SHA,H,76,INFLOW,20170701,0600,2272, ,CFS
SHA,H,76,INFLOW,20170701,0700,-1981, ,CFS
SHA,H,76,INFLOW,20170701,0800,4839, ,CFS
SHA,H,76,INFLOW,20170701,0900,-2878, ,CFS
SHA,H,76,INFLOW,20170701,1000,875, ,CFS
SHA,H,76,INFLOW,20170701,1100,2842, ,CFS
SHA,H,76,INFLOW,20170701,1200,1026, ,CFS
SHA,H,76,INFLOW,20170701,1300,2980, ,CFS
SHA,H,76,INFLOW,20170701,1400,3589, ,CFS
SHA,H,76,INFLOW,20170701,1500,2240, ,CFS
SHA,H,76,INFLOW,20170701,1600,5315, ,CFS
SHA,H,76,INFLOW,20170701,1700,8165, ,CFS
SHA,H,76,INFLOW,20170701,1800,8054, ,CFS
SHA,H,76,INFLOW,20170701,1900,6759, ,CFS
SHA,H,76,INFLOW,20170701,2000,7037, ,CFS
SHA,H,76,INFLOW,20170701,2100,9971, ,CFS
SHA,H,76,INFLOW,20170701,2200,9147, ,CFS
SHA,H,76,INFLOW,20170701,2300,6075, ,CFS
SHA,H,76,INFLOW,20170702,0000,4871, ,CFS
SHA,H,76,INFLOW,20170702,0100,12190, ,CFS
SHA,H,76,INFLOW,20170702,0200,1776, ,CFS
SHA,H,76,INFLOW,20170702,0300,8322, ,CFS
SHA,H,76,INFLOW,20170702,0400,4786, ,CFS
SHA,H,76,INFLOW,20170702,0500,4803, ,CFS
SHA,H,76,INFLOW,20170702,0600,8468, ,CFS
SHA,H,76,INFLOW,20170702,0700,1180, ,CFS
SHA,H,76,INFLOW,20170702,0800,-2612, ,CFS
SHA,H,76,INFLOW,20170702,0900,4635, ,CFS
SHA,H,76,INFLOW,20170702,1000,-2068, ,CFS
SHA,H,76,INFLOW,20170702,1100,3302, ,CFS
SHA,H,76,INFLOW,20170702,1200,4470, ,CFS
SHA,H,76,INFLOW,20170702,1300,-3842, ,CFS
SHA,H,76,INFLOW,20170702,1400,5579, ,CFS
SHA,H,76,INFLOW,20170702,1500,1779, ,CFS
SHA,H,76,INFLOW,20170702,1600,-7, ,CFS
SHA,H,76,INFLOW,20170702,1700,4677, ,CFS
SHA,H,76,INFLOW,20170702,1800,2618, ,CFS
SHA,H,76,INFLOW,20170702,1900,9396, ,CFS
SHA,H,76,INFLOW,20170702,2000,9296, ,CFS
SHA,H,76,INFLOW,20170702,2100,4899, ,CFS
SHA,H,76,INFLOW,20170702,2200,5558, ,CFS
SHA,H,76,INFLOW,20170702,2300,12329, ,CFS
SHA,H,76,INFLOW,20170703,0000,1797, ,CFS
SHA,H,76,INFLOW,20170703,0100,10631, ,CFS
SHA,H,76,INFLOW,20170703,0200,4030, ,CFS
SHA,H,76,INFLOW,20170703,0300,6804, ,CFS
SHA,H,76,INFLOW,20170703,0400,6740, ,CFS
SHA,H,76,INFLOW,20170703,0500,9032, ,CFS
SHA,H,76,INFLOW,20170703,0600,9232, ,CFS
SHA,H,76,INFLOW,20170703,0700,5484, ,CFS
SHA,H,76,INFLOW,20170703,0800,8942, ,CFS
SHA,H,76,INFLOW,20170703,0900,-1344, ,CFS
SHA,H,76,INFLOW,20170703,1000,2081, ,CFS
SHA,H,76,INFLOW,20170703,1100,-430, ,CFS
SHA,H,76,INFLOW,20170703,1200,2975, ,CFS
SHA,H,76,INFLOW,20170703,1300,3315, ,CFS
SHA,H,76,INFLOW,20170703,1400,3160, ,CFS
SHA,H,76,INFLOW,20170703,1500,3264, ,CFS
SHA,H,76,INFLOW,20170703,1600,3513, ,CFS
SHA,H,76,INFLOW,20170703,1700,6854, ,CFS
SHA,H,76,INFLOW,20170703,1800,2075, ,CFS
SHA,H,76,INFLOW,20170703,1900,11156, ,CFS
SHA,H,76,INFLOW,20170703,2000,7184, ,CFS
SHA,H,76,INFLOW,20170703,2100,6790, ,CFS
SHA,H,76,INFLOW,20170703,2200,9175, ,CFS
SHA,H,76,INFLOW,20170703,2300,9697, ,CFS
SHA,H,76,INFLOW,20170704,0000,5039, ,CFS
SHA,H,76,INFLOW,20170704,0100,9561, ,CFS
SHA,H,76,INFLOW,20170704,0200,2556, ,CFS
SHA,H,76,INFLOW,20170704,0300,9112, ,CFS
SHA,H,76,INFLOW,20170704,0400,9454, ,CFS
SHA,H,76,INFLOW,20170704,0500,2752, ,CFS
SHA,H,76,INFLOW,20170704,0600,9848, ,CFS
SHA,H,76,INFLOW,20170704,0700,6569, ,CFS
SHA,H,76,INFLOW,20170704,0800,-319, ,CFS
SHA,H,76,INFLOW,20170704,0900,1238, ,CFS
SHA,H,76,INFLOW,20170704,1000,1156, ,CFS
SHA,H,76,INFLOW,20170704,1100,-848, ,CFS
SHA,H,76,INFLOW,20170704,1200,3226, ,CFS
SHA,H,76,INFLOW,20170704,1300,4622, ,CFS
SHA,H,76,INFLOW,20170704,1400,2238, ,CFS
SHA,H,76,INFLOW,20170704,1500,2836, ,CFS
SHA,H,76,INFLOW,20170704,1600,870, ,CFS
SHA,H,76,INFLOW,20170704,1700,249, ,CFS
SHA,H,76,INFLOW,20170704,1800,-1909, ,CFS
SHA,H,76,INFLOW,20170704,1900,5066, ,CFS
SHA,H,76,INFLOW,20170704,2000,8082, ,CFS
SHA,H,76,INFLOW,20170704,2100,7363, ,CFS
SHA,H,76,INFLOW,20170704,2200,6299, ,CFS
SHA,H,76,INFLOW,20170704,2300,10012, ,CFS
SHA,H,76,INFLOW,20170705,0000,6935, ,CFS
SHA,H,76,INFLOW,20170705,0100,5787, ,CFS
SHA,H,76,INFLOW,20170705,0200,1740, ,CFS
SHA,H,76,INFLOW,20170705,0300,1229, ,CFS
SHA,H,76,INFLOW,20170705,0400,1731, ,CFS
SHA,H,76,INFLOW,20170705,0500,-1552, ,CFS
SHA,H,76,INFLOW,20170705,0600,9677, ,CFS
SHA,H,76,INFLOW,20170705,0700,4687, ,CFS
SHA,H,76,INFLOW,20170705,0800,8938, ,CFS
SHA,H,76,INFLOW,20170705,0900,-296, ,CFS
SHA,H,76,INFLOW,20170705,1000,-366, ,CFS
SHA,H,76,INFLOW,20170705,1100,-175, ,CFS
SHA,H,76,INFLOW,20170705,1200,3594, ,CFS
SHA,H,76,INFLOW,20170705,1300,1927, ,CFS
SHA,H,76,INFLOW,20170705,1400,5195, ,CFS
SHA,H,76,INFLOW,20170705,1500,1913, ,CFS
SHA,H,76,INFLOW,20170705,1600,-959, ,CFS
SHA,H,76,INFLOW,20170705,1700,2663, ,CFS
SHA,H,76,INFLOW,20170705,1800,7360, ,CFS
SHA,H,76,INFLOW,20170705,1900,5299, ,CFS
SHA,H,76,INFLOW,20170705,2000,8858, ,CFS
SHA,H,76,INFLOW,20170705,2100,11722, ,CFS
SHA,H,76,INFLOW,20170705,2200,7327, ,CFS
SHA,H,76,INFLOW,20170705,2300,5939, ,CFS
SHA,H,76,INFLOW,20170706,0000,5987, ,CFS
SHA,H,76,INFLOW,20170706,0100,6795, ,CFS
SHA,H,76,INFLOW,20170706,0200,2672, ,CFS
SHA,H,76,INFLOW,20170706,0300,2721, ,CFS
SHA,H,76,INFLOW,20170706,0400,2611, ,CFS
SHA,H,76,INFLOW,20170706,0500,-808, ,CFS
SHA,H,76,INFLOW,20170706,0600,9838, ,CFS
SHA,H,76,INFLOW,20170706,0700,5994, ,CFS
SHA,H,76,INFLOW,20170706,0800,6982, ,CFS
SHA,H,76,INFLOW,20170706,0900,1104, ,CFS
SHA,H,76,INFLOW,20170706,1000,-2310, ,CFS
SHA,H,76,INFLOW,20170706,1100,4475, ,CFS
SHA,H,76,INFLOW,20170706,1200,-1561, ,CFS
SHA,H,76,INFLOW,20170706,1300,1659, ,CFS
SHA,H,76,INFLOW,20170706,1400,2991, ,CFS
SHA,H,76,INFLOW,20170706,1500,1137, ,CFS
SHA,H,76,INFLOW,20170706,1600,-563, ,CFS
SHA,H,76,INFLOW,20170706,1700,4019, ,CFS
SHA,H,76,INFLOW,20170706,1800,5068, ,CFS
SHA,H,76,INFLOW,20170706,1900,12281, ,CFS
SHA,H,76,INFLOW,20170706,2000,4018, ,CFS
SHA,H,76,INFLOW,20170706,2100,13501, ,CFS
SHA,H,76,INFLOW,20170706,2200,8377, ,CFS
SHA,H,76,INFLOW,20170706,2300,6599, ,CFS
SHA,H,76,INFLOW,20170707,0000,8237, ,CFS
SHA,H,76,INFLOW,20170707,0100,5007, ,CFS
SHA,H,76,INFLOW,20170707,0200,368, ,CFS
SHA,H,76,INFLOW,20170707,0300,-526, ,CFS
SHA,H,76,INFLOW,20170707,0400,2927, ,CFS
SHA,H,76,INFLOW,20170707,0500,3019, ,CFS
SHA,H,76,INFLOW,20170707,0600,-2777, ,CFS
SHA,H,76,INFLOW,20170707,0700,7293, ,CFS
SHA,H,76,INFLOW,20170707,0800,287, ,CFS
SHA,H,76,INFLOW,20170707,0900,-237, ,CFS
SHA,H,76,INFLOW,20170707,1000,349, ,CFS
SHA,H,76,INFLOW,20170707,1100,3780, ,CFS
SHA,H,76,INFLOW,20170707,1200,1216, ,CFS
SHA,H,76,INFLOW,20170707,1300,1191, ,CFS
SHA,H,76,INFLOW,20170707,1400,4163, ,CFS
SHA,H,76,INFLOW,20170707,1500,5881, ,CFS
SHA,H,76,INFLOW,20170707,1600,8792, ,CFS
SHA,H,76,INFLOW,20170707,1700,5794, ,CFS
SHA,H,76,INFLOW,20170707,1800,6268, ,CFS
SHA,H,76,INFLOW,20170707,1900,2893, ,CFS
SHA,H,76,INFLOW,20170707,2000,9573, ,CFS
SHA,H,76,INFLOW,20170707,2100,4805, ,CFS
SHA,H,76,INFLOW,20170707,2200,5436, ,CFS
SHA,H,76,INFLOW,20170707,2300,7547, ,CFS
SHA,H,76,INFLOW,20170708,0000,8735, ,CFS
SHA,H,76,INFLOW,20170708,0100,1230, ,CFS
SHA,H,76,INFLOW,20170708,0200,-359, ,CFS
SHA,H,76,INFLOW,20170708,0300,6419, ,CFS
SHA,H,76,INFLOW,20170708,0400,-666, ,CFS
SHA,H,76,INFLOW,20170708,0500,-847, ,CFS
SHA,H,76,INFLOW,20170708,0600,6335, ,CFS
SHA,H,76,INFLOW,20170708,0700,6146, ,CFS
SHA,H,76,INFLOW,20170708,0800,-810, ,CFS
SHA,H,76,INFLOW,20170708,0900,2524, ,CFS
SHA,H,76,INFLOW,20170708,1000,3241, ,CFS
SHA,H,76,INFLOW,20170708,1100,99, ,CFS
SHA,H,76,INFLOW,20170708,1200,2458, ,CFS
SHA,H,76,INFLOW,20170708,1300,1192, ,CFS
SHA,H,76,INFLOW,20170708,1400,7965, ,CFS
SHA,H,76,INFLOW,20170708,1500,7254, ,CFS
SHA,H,76,INFLOW,20170708,1600,7585, ,CFS
SHA,H,76,INFLOW,20170708,1700,6794, ,CFS
SHA,H,76,INFLOW,20170708,1800,9276, ,CFS
SHA,H,76,INFLOW,20170708,1900,6103, ,CFS
SHA,H,76,INFLOW,20170708,2000,9425, ,CFS
SHA,H,76,INFLOW,20170708,2100,7050, ,CFS
SHA,H,76,INFLOW,20170708,2200,6817, ,CFS
SHA,H,76,INFLOW,20170708,2300,10884, ,CFS
SHA,H,76,INFLOW,20170709,0000,3887, ,CFS
SHA,H,76,INFLOW,20170709,0100,3690, ,CFS
SHA,H,76,INFLOW,20170709,0200,-209, ,CFS
SHA,H,76,INFLOW,20170709,0300,6182, ,CFS
SHA,H,76,INFLOW,20170709,0400,2939, ,CFS
SHA,H,76,INFLOW,20170709,0500,-735, ,CFS
SHA,H,76,INFLOW,20170709,0600,3095, ,CFS
SHA,H,76,INFLOW,20170709,0700,224, ,CFS
SHA,H,76,INFLOW,20170709,0800,501, ,CFS
SHA,H,76,INFLOW,20170709,0900,3746, ,CFS
SHA,H,76,INFLOW,20170709,1000,-2766, ,CFS
SHA,H,76,INFLOW,20170709,1100,7414, ,CFS
SHA,H,76,INFLOW,20170709,1200,801, ,CFS
SHA,H,76,INFLOW,20170709,1300,4441, ,CFS
SHA,H,76,INFLOW,20170709,1400,2136, ,CFS
SHA,H,76,INFLOW,20170709,1500,7852, ,CFS
SHA,H,76,INFLOW,20170709,1600,5845, ,CFS
SHA,H,76,INFLOW,20170709,1700,8321, ,CFS
SHA,H,76,INFLOW,20170709,1800,8948, ,CFS
SHA,H,76,INFLOW,20170709,1900,2550, ,CFS
SHA,H,76,INFLOW,20170709,2000,8667, ,CFS
SHA,H,76,INFLOW,20170709,2100,7852, ,CFS
SHA,H,76,INFLOW,20170709,2200,10158, ,CFS
SHA,H,76,INFLOW,20170709,2300,4254, ,CFS
SHA,H,76,INFLOW,20170710,0000,9331, ,CFS
SHA,H,76,INFLOW,20170710,0100,6320, ,CFS
SHA,H,76,INFLOW,20170710,0200,2184, ,CFS
SHA,H,76,INFLOW,20170710,0300,2143, ,CFS
SHA,H,76,INFLOW,20170710,0400,5462, ,CFS
SHA,H,76,INFLOW,20170710,0500,-1061, ,CFS
SHA,H,76,INFLOW,20170710,0600,8368, ,CFS
SHA,H,76,INFLOW,20170710,0700,6638, ,CFS
SHA,H,76,INFLOW,20170710,0800,1188, ,CFS
SHA,H,76,INFLOW,20170710,0900,4540, ,CFS
SHA,H,76,INFLOW,20170710,1000,938, ,CFS
SHA,H,76,INFLOW,20170710,1100,4656, ,CFS
SHA,H,76,INFLOW,20170710,1200,4243, ,CFS
SHA,H,76,INFLOW,20170710,1300,3476, ,CFS
SHA,H,76,INFLOW,20170710,1400,8947, ,CFS
SHA,H,76,INFLOW,20170710,1500,7688, ,CFS
SHA,H,76,INFLOW,20170710,1600,6479, ,CFS
SHA,H,76,INFLOW,20170710,1700,6411, ,CFS
SHA,H,76,INFLOW,20170710,1800,6605, ,CFS
SHA,H,76,INFLOW,20170710,1900,9536, ,CFS
SHA,H,76,INFLOW,20170710,2000,5220, ,CFS
SHA,H,76,INFLOW,20170710,2100,6552, ,CFS
SHA,H,76,INFLOW,20170710,2200,10265, ,CFS
SHA,H,76,INFLOW,20170710,2300,9737, ,CFS
SHA,H,76,INFLOW,20170711,0000,4653, ,CFS
SHA,H,76,INFLOW,20170711,0100,7438, ,CFS
SHA,H,76,INFLOW,20170711,0200,-213, ,CFS
SHA,H,76,INFLOW,20170711,0300,3028, ,CFS
SHA,H,76,INFLOW,20170711,0400,3038, ,CFS
SHA,H,76,INFLOW,20170711,0500,-264, ,CFS
SHA,H,76,INFLOW,20170711,0600,98, ,CFS
SHA,H,76,INFLOW,20170711,0700,9176, ,CFS
SHA,H,76,INFLOW,20170711,0800,-360, ,CFS
SHA,H,76,INFLOW,20170711,0900,2887, ,CFS
SHA,H,76,INFLOW,20170711,1000,-534, ,CFS
SHA,H,76,INFLOW,20170711,1100,-1049, ,CFS
SHA,H,76,INFLOW,20170711,1200,2488, ,CFS
SHA,H,76,INFLOW,20170711,1300,3350, ,CFS
SHA,H,76,INFLOW,20170711,1400,710, ,CFS
SHA,H,76,INFLOW,20170711,1500,6560, ,CFS
SHA,H,76,INFLOW,20170711,1600,-670, ,CFS
SHA,H,76,INFLOW,20170711,1700,9281, ,CFS
SHA,H,76,INFLOW,20170711,1800,5445, ,CFS
SHA,H,76,INFLOW,20170711,1900,5755, ,CFS
SHA,H,76,INFLOW,20170711,2000,11906, ,CFS
SHA,H,76,INFLOW,20170711,2100,5448, ,CFS
SHA,H,76,INFLOW,20170711,2200,7117, ,CFS
SHA,H,76,INFLOW,20170711,2300,6287, ,CFS
SHA,H,76,INFLOW,20170712,0000,4622, ,CFS
SHA,H,76,INFLOW,20170712,0100,3074, ,CFS
SHA,H,76,INFLOW,20170712,0200,2891, ,CFS
SHA,H,76,INFLOW,20170712,0300,2728, ,CFS
SHA,H,76,INFLOW,20170712,0400,2815, ,CFS
SHA,H,76,INFLOW,20170712,0500,-778, ,CFS
SHA,H,76,INFLOW,20170712,0600,3483, ,CFS
SHA,H,76,INFLOW,20170712,0700,6582, ,CFS
SHA,H,76,INFLOW,20170712,0800,3235, ,CFS
SHA,H,76,INFLOW,20170712,0900,-401, ,CFS
SHA,H,76,INFLOW,20170712,1000,-408, ,CFS
SHA,H,76,INFLOW,20170712,1100,3534, ,CFS
SHA,H,76,INFLOW,20170712,1200,2861, ,CFS
SHA,H,76,INFLOW,20170712,1300,-25, ,CFS
SHA,H,76,INFLOW,20170712,1400,4484, ,CFS
SHA,H,76,INFLOW,20170712,1500,705, ,CFS
SHA,H,76,INFLOW,20170712,1600,9030, ,CFS
SHA,H,76,INFLOW,20170712,1700,6137, ,CFS
SHA,H,76,INFLOW,20170712,1800,6295, ,CFS
SHA,H,76,INFLOW,20170712,1900,6398, ,CFS
SHA,H,76,INFLOW,20170712,2000,6339, ,CFS
SHA,H,76,INFLOW,20170712,2100,6544, ,CFS
SHA,H,76,INFLOW,20170712,2200,5645, ,CFS
SHA,H,76,INFLOW,20170712,2300,8675, ,CFS
SHA,H,76,INFLOW,20170713,0000,4289, ,CFS
SHA,H,76,INFLOW,20170713,0100,4489, ,CFS
SHA,H,76,INFLOW,20170713,0200,3584, ,CFS
SHA,H,76,INFLOW,20170713,0300,3442, ,CFS
SHA,H,76,INFLOW,20170713,0400,3453, ,CFS
SHA,H,76,INFLOW,20170713,0500,6834, ,CFS
SHA,H,76,INFLOW,20170713,0600,3700, ,CFS
SHA,H,76,INFLOW,20170713,0700,1952, ,CFS
SHA,H,76,INFLOW,20170713,0800,-1338, ,CFS
SHA,H,76,INFLOW,20170713,0900,586, ,CFS
SHA,H,76,INFLOW,20170713,1000,-825, ,CFS
SHA,H,76,INFLOW,20170713,1100,3279, ,CFS
SHA,H,76,INFLOW,20170713,1200,4421, ,CFS
SHA,H,76,INFLOW,20170713,1300,1433, ,CFS
SHA,H,76,INFLOW,20170713,1400,8597, ,CFS
SHA,H,76,INFLOW,20170713,1500,5804, ,CFS
SHA,H,76,INFLOW,20170713,1600,6220, ,CFS
SHA,H,76,INFLOW,20170713,1700,9129, ,CFS
SHA,H,76,INFLOW,20170713,1800,1537, ,CFS
SHA,H,76,INFLOW,20170713,1900,4340, ,CFS
SHA,H,76,INFLOW,20170713,2000,3970, ,CFS
SHA,H,76,INFLOW,20170713,2100,2365, ,CFS
SHA,H,76,INFLOW,20170713,2200,5573, ,CFS
SHA,H,76,INFLOW,20170713,2300,5359, ,CFS
SHA,H,76,INFLOW,20170714,0000,5610, ,CFS
SHA,H,76,INFLOW,20170714,0100,7664, ,CFS
SHA,H,76,INFLOW,20170714,0200,3037, ,CFS
SHA,H,76,INFLOW,20170714,0300,2752, ,CFS
SHA,H,76,INFLOW,20170714,0400,12927, ,CFS
SHA,H,76,INFLOW,20170714,0500,-555, ,CFS
SHA,H,76,INFLOW,20170714,0600,3352, ,CFS
SHA,H,76,INFLOW,20170714,0700,3139, ,CFS
SHA,H,76,INFLOW,20170714,0800,389, ,CFS
SHA,H,76,INFLOW,20170714,0900,10814, ,CFS
SHA,H,76,INFLOW,20170714,1000,20942, ,CFS
SHA,H,76,INFLOW,20170714,1100,1304, ,CFS
SHA,H,76,INFLOW,20170714,1200,11906, ,CFS
SHA,H,76,INFLOW,20170714,1300,4060, ,CFS
SHA,H,76,INFLOW,20170714,1400,14644, ,CFS
SHA,H,76,INFLOW,20170714,1500,5226, ,CFS
SHA,H,76,INFLOW,20170714,1600,5476, ,CFS
SHA,H,76,INFLOW,20170714,1700,6677, ,CFS
SHA,H,76,INFLOW,20170714,1800,12188, ,CFS
SHA,H,76,INFLOW,20170714,1900,2685, ,CFS
SHA,H,76,INFLOW,20170714,2000,8553, ,CFS
SHA,H,76,INFLOW,20170714,2100,9080, ,CFS
SHA,H,76,INFLOW,20170714,2200,5353, ,CFS
SHA,H,76,INFLOW,20170714,2300,12574, ,CFS
SHA,H,76,INFLOW,20170715,0000,395, ,CFS
SHA,H,76,INFLOW,20170715,0100,9655, ,CFS
SHA,H,76,INFLOW,20170715,0200,9723, ,CFS
SHA,H,76,INFLOW,20170715,0300,6179, ,CFS
SHA,H,76,INFLOW,20170715,0400,2660, ,CFS
SHA,H,76,INFLOW,20170715,0500,2684, ,CFS
SHA,H,76,INFLOW,20170715,0600,3050, ,CFS
SHA,H,76,INFLOW,20170715,0700,2614, ,CFS
SHA,H,76,INFLOW,20170715,0800,-639, ,CFS
SHA,H,76,INFLOW,20170715,0900,2501, ,CFS
SHA,H,76,INFLOW,20170715,1000,-1038, ,CFS
SHA,H,76,INFLOW,20170715,1100,-1599, ,CFS
SHA,H,76,INFLOW,20170715,1200,5406, ,CFS
SHA,H,76,INFLOW,20170715,1300,9583, ,CFS
SHA,H,76,INFLOW,20170715,1400,3319, ,CFS
SHA,H,76,INFLOW,20170715,1500,6977, ,CFS
SHA,H,76,INFLOW,20170715,1600,6216, ,CFS
SHA,H,76,INFLOW,20170715,1700,-263, ,CFS
SHA,H,76,INFLOW,20170715,1800,5019, ,CFS
SHA,H,76,INFLOW,20170715,1900,11922, ,CFS
SHA,H,76,INFLOW,20170715,2000,5768, ,CFS
SHA,H,76,INFLOW,20170715,2100,12284, ,CFS
SHA,H,76,INFLOW,20170715,2200,4196, ,CFS
SHA,H,76,INFLOW,20170715,2300,12091, ,CFS
SHA,H,76,INFLOW,20170716,0000,4358, ,CFS
SHA,H,76,INFLOW,20170716,0100,8486, ,CFS
SHA,H,76,INFLOW,20170716,0200,3218, ,CFS
SHA,H,76,INFLOW,20170716,0300,9531, ,CFS
SHA,H,76,INFLOW,20170716,0400,6267, ,CFS
SHA,H,76,INFLOW,20170716,0500,9649, ,CFS
SHA,H,76,INFLOW,20170716,0600,6602, ,CFS
SHA,H,76,INFLOW,20170716,0700,10603, ,CFS
SHA,H,76,INFLOW,20170716,0800,3974, ,CFS
SHA,H,76,INFLOW,20170716,0900,-282, ,CFS
SHA,H,76,INFLOW,20170716,1000,3151, ,CFS
SHA,H,76,INFLOW,20170716,1100,1006, ,CFS
SHA,H,76,INFLOW,20170716,1200,8111, ,CFS
SHA,H,76,INFLOW,20170716,1300,1130, ,CFS
SHA,H,76,INFLOW,20170716,1400,1329, ,CFS
SHA,H,76,INFLOW,20170716,1500,4502, ,CFS
SHA,H,76,INFLOW,20170716,1600,1058, ,CFS
SHA,H,76,INFLOW,20170716,1700,3858, ,CFS
SHA,H,76,INFLOW,20170716,1800,7923, ,CFS
SHA,H,76,INFLOW,20170716,1900,-2093, ,CFS
SHA,H,76,INFLOW,20170716,2000,2372, ,CFS
SHA,H,76,INFLOW,20170716,2100,4530, ,CFS
SHA,H,76,INFLOW,20170716,2200,527, ,CFS
SHA,H,76,INFLOW,20170716,2300,5453, ,CFS
SHA,H,76,INFLOW,20170717,0000,5301, ,CFS
SHA,H,76,INFLOW,20170717,0100,7054, ,CFS
SHA,H,76,INFLOW,20170717,0200,3676, ,CFS
SHA,H,76,INFLOW,20170717,0300,705, ,CFS
SHA,H,76,INFLOW,20170717,0400,1285, ,CFS
SHA,H,76,INFLOW,20170717,0500,1302, ,CFS
SHA,H,76,INFLOW,20170717,0600,4625, ,CFS
SHA,H,76,INFLOW,20170717,0700,154, ,CFS
SHA,H,76,INFLOW,20170717,0800,798, ,CFS
SHA,H,76,INFLOW,20170717,0900,460, ,CFS
SHA,H,76,INFLOW,20170717,1000,-684, ,CFS
SHA,H,76,INFLOW,20170717,1100,3451, ,CFS
SHA,H,76,INFLOW,20170717,1200,40, ,CFS
SHA,H,76,INFLOW,20170717,1300,3954, ,CFS
SHA,H,76,INFLOW,20170717,1400,2804, ,CFS
SHA,H,76,INFLOW,20170717,1500,4728, ,CFS
SHA,H,76,INFLOW,20170717,1600,1059, ,CFS
SHA,H,76,INFLOW,20170717,1700,2183, ,CFS
SHA,H,76,INFLOW,20170717,1800,8027, ,CFS
SHA,H,76,INFLOW,20170717,1900,8144, ,CFS
SHA,H,76,INFLOW,20170717,2000,8412, ,CFS
SHA,H,76,INFLOW,20170717,2100,7730, ,CFS
SHA,H,76,INFLOW,20170717,2200,6429, ,CFS
SHA,H,76,INFLOW,20170717,2300,8431, ,CFS
SHA,H,76,INFLOW,20170718,0000,-2103, ,CFS
SHA,H,76,INFLOW,20170718,0100,6010, ,CFS
SHA,H,76,INFLOW,20170718,0200,1498, ,CFS
SHA,H,76,INFLOW,20170718,0300,1380, ,CFS
SHA,H,76,INFLOW,20170718,0400,1725, ,CFS
SHA,H,76,INFLOW,20170718,0500,1935, ,CFS
SHA,H,76,INFLOW,20170718,0600,2271, ,CFS
SHA,H,76,INFLOW,20170718,0700,7259, ,CFS
SHA,H,76,INFLOW,20170718,0800,7522, ,CFS
SHA,H,76,INFLOW,20170718,0900,5404, ,CFS
SHA,H,76,INFLOW,20170718,1000,-1152, ,CFS
SHA,H,76,INFLOW,20170718,1100,1961, ,CFS
SHA,H,76,INFLOW,20170718,1200,5184, ,CFS
SHA,H,76,INFLOW,20170718,1300,-1411, ,CFS
SHA,H,76,INFLOW,20170718,1400,1200, ,CFS
SHA,H,76,INFLOW,20170718,1500,5478, ,CFS
SHA,H,76,INFLOW,20170718,1600,5864, ,CFS
SHA,H,76,INFLOW,20170718,1700,2716, ,CFS
SHA,H,76,INFLOW,20170718,1800,6050, ,CFS
SHA,H,76,INFLOW,20170718,1900,9705, ,CFS
SHA,H,76,INFLOW,20170718,2000,5292, ,CFS
SHA,H,76,INFLOW,20170718,2100,8442, ,CFS
SHA,H,76,INFLOW,20170718,2200,8316, ,CFS
SHA,H,76,INFLOW,20170718,2300,6996, ,CFS
SHA,H,76,INFLOW,20170719,0000,4445, ,CFS
SHA,H,76,INFLOW,20170719,0100,3215, ,CFS
SHA,H,76,INFLOW,20170719,0200,2507, ,CFS
SHA,H,76,INFLOW,20170719,0300,2630, ,CFS
SHA,H,76,INFLOW,20170719,0400,2725, ,CFS
SHA,H,76,INFLOW,20170719,0500,-429, ,CFS
SHA,H,76,INFLOW,20170719,0600,-49, ,CFS
SHA,H,76,INFLOW,20170719,0700,6726, ,CFS
SHA,H,76,INFLOW,20170719,0800,3680, ,CFS
SHA,H,76,INFLOW,20170719,0900,3296, ,CFS
SHA,H,76,INFLOW,20170719,1000,-418, ,CFS
SHA,H,76,INFLOW,20170719,1100,116, ,CFS
SHA,H,76,INFLOW,20170719,1200,3792, ,CFS
SHA,H,76,INFLOW,20170719,1300,5803, ,CFS
SHA,H,76,INFLOW,20170719,1400,2939, ,CFS
SHA,H,76,INFLOW,20170719,1500,7184, ,CFS
SHA,H,76,INFLOW,20170719,1600,9277, ,CFS
SHA,H,76,INFLOW,20170719,1700,6561, ,CFS
SHA,H,76,INFLOW,20170719,1800,8941, ,CFS
SHA,H,76,INFLOW,20170719,1900,2395, ,CFS
SHA,H,76,INFLOW,20170719,2000,6038, ,CFS
SHA,H,76,INFLOW,20170719,2100,11584, ,CFS
SHA,H,76,INFLOW,20170719,2200,4816, ,CFS
SHA,H,76,INFLOW,20170719,2300,8395, ,CFS
SHA,H,76,INFLOW,20170720,0000,10258, ,CFS
SHA,H,76,INFLOW,20170720,0100,2941, ,CFS
SHA,H,76,INFLOW,20170720,0200,-561, ,CFS
SHA,H,76,INFLOW,20170720,0300,3088, ,CFS
SHA,H,76,INFLOW,20170720,0400,-312, ,CFS
SHA,H,76,INFLOW,20170720,0500,2847, ,CFS
SHA,H,76,INFLOW,20170720,0600,-536, ,CFS
SHA,H,76,INFLOW,20170720,0700,4512, ,CFS
SHA,H,76,INFLOW,20170720,0800,1528, ,CFS
SHA,H,76,INFLOW,20170720,0900,-398, ,CFS
SHA,H,76,INFLOW,20170720,1000,1695, ,CFS
SHA,H,76,INFLOW,20170720,1100,54, ,CFS
SHA,H,76,INFLOW,20170720,1200,1431, ,CFS
SHA,H,76,INFLOW,20170720,1300,770, ,CFS
SHA,H,76,INFLOW,20170720,1400,4194, ,CFS
SHA,H,76,INFLOW,20170720,1500,1669, ,CFS
SHA,H,76,INFLOW,20170720,1600,4950, ,CFS
SHA,H,76,INFLOW,20170720,1700,1835, ,CFS
SHA,H,76,INFLOW,20170720,1800,12513, ,CFS
SHA,H,76,INFLOW,20170720,1900,6319, ,CFS
SHA,H,76,INFLOW,20170720,2000,4893, ,CFS
SHA,H,76,INFLOW,20170720,2100,9946, ,CFS
SHA,H,76,INFLOW,20170720,2200,9243, ,CFS
SHA,H,76,INFLOW,20170720,2300,4204, ,CFS
SHA,H,76,INFLOW,20170721,0000,6252, ,CFS
SHA,H,76,INFLOW,20170721,0100,-85, ,CFS
SHA,H,76,INFLOW,20170721,0200,269, ,CFS
SHA,H,76,INFLOW,20170721,0300,3611, ,CFS
SHA,H,76,INFLOW,20170721,0400,-138, ,CFS
SHA,H,76,INFLOW,20170721,0500,3289, ,CFS
SHA,H,76,INFLOW,20170721,0600,445, ,CFS
SHA,H,76,INFLOW,20170721,0700,2836, ,CFS
SHA,H,76,INFLOW,20170721,0800,107, ,CFS
SHA,H,76,INFLOW,20170721,0900,3389, ,CFS
SHA,H,76,INFLOW,20170721,1000,501, ,CFS
SHA,H,76,INFLOW,20170721,1100,181, ,CFS
SHA,H,76,INFLOW,20170721,1200,1068, ,CFS
SHA,H,76,INFLOW,20170721,1300,1204, ,CFS
SHA,H,76,INFLOW,20170721,1400,4470, ,CFS
SHA,H,76,INFLOW,20170721,1500,1067, ,CFS
SHA,H,76,INFLOW,20170721,1600,7716, ,CFS
SHA,H,76,INFLOW,20170721,1700,3144, ,CFS
SHA,H,76,INFLOW,20170721,1800,9522, ,CFS
SHA,H,76,INFLOW,20170721,1900,5270, ,CFS
SHA,H,76,INFLOW,20170721,2000,9212, ,CFS
SHA,H,76,INFLOW,20170721,2100,8523, ,CFS
SHA,H,76,INFLOW,20170721,2200,5191, ,CFS
SHA,H,76,INFLOW,20170721,2300,5173, ,CFS
SHA,H,76,INFLOW,20170722,0000,5736, ,CFS
SHA,H,76,INFLOW,20170722,0100,2940, ,CFS
SHA,H,76,INFLOW,20170722,0200,2623, ,CFS
SHA,H,76,INFLOW,20170722,0300,2476, ,CFS
SHA,H,76,INFLOW,20170722,0400,2691, ,CFS
SHA,H,76,INFLOW,20170722,0500,2485, ,CFS
SHA,H,76,INFLOW,20170722,0600,-2096, ,CFS
SHA,H,76,INFLOW,20170722,0700,3542, ,CFS
SHA,H,76,INFLOW,20170722,0800,3992, ,CFS
SHA,H,76,INFLOW,20170722,0900,731, ,CFS
SHA,H,76,INFLOW,20170722,1000,3772, ,CFS
SHA,H,76,INFLOW,20170722,1100,-1203, ,CFS
SHA,H,76,INFLOW,20170722,1200,1974, ,CFS
SHA,H,76,INFLOW,20170722,1300,-737, ,CFS
SHA,H,76,INFLOW,20170722,1400,2905, ,CFS
SHA,H,76,INFLOW,20170722,1500,4970, ,CFS
SHA,H,76,INFLOW,20170722,1600,6166, ,CFS
SHA,H,76,INFLOW,20170722,1700,9921, ,CFS
SHA,H,76,INFLOW,20170722,1800,6845, ,CFS
SHA,H,76,INFLOW,20170722,1900,3270, ,CFS
SHA,H,76,INFLOW,20170722,2000,6670, ,CFS
SHA,H,76,INFLOW,20170722,2100,6596, ,CFS
SHA,H,76,INFLOW,20170722,2200,5065, ,CFS
SHA,H,76,INFLOW,20170722,2300,6642, ,CFS
SHA,H,76,INFLOW,20170723,0000,7370, ,CFS
SHA,H,76,INFLOW,20170723,0100,3629, ,CFS
SHA,H,76,INFLOW,20170723,0200,6820, ,CFS
SHA,H,76,INFLOW,20170723,0300,4036, ,CFS
SHA,H,76,INFLOW,20170723,0400,3896, ,CFS
SHA,H,76,INFLOW,20170723,0500,374, ,CFS
SHA,H,76,INFLOW,20170723,0600,1014, ,CFS
SHA,H,76,INFLOW,20170723,0700,6964, ,CFS
SHA,H,76,INFLOW,20170723,0800,659, ,CFS
SHA,H,76,INFLOW,20170723,0900,535, ,CFS
SHA,H,76,INFLOW,20170723,1000,267, ,CFS
SHA,H,76,INFLOW,20170723,1100,3208, ,CFS
SHA,H,76,INFLOW,20170723,1200,672, ,CFS
SHA,H,76,INFLOW,20170723,1300,1493, ,CFS
SHA,H,76,INFLOW,20170723,1400,2539, ,CFS
SHA,H,76,INFLOW,20170723,1500,4033, ,CFS
SHA,H,76,INFLOW,20170723,1600,2111, ,CFS
SHA,H,76,INFLOW,20170723,1700,9278, ,CFS
SHA,H,76,INFLOW,20170723,1800,7506, ,CFS
SHA,H,76,INFLOW,20170723,1900,8017, ,CFS
SHA,H,76,INFLOW,20170723,2000,7889, ,CFS
SHA,H,76,INFLOW,20170723,2100,9425, ,CFS
SHA,H,76,INFLOW,20170723,2200,5986, ,CFS
SHA,H,76,INFLOW,20170723,2300,8039, ,CFS
SHA,H,76,INFLOW,20170724,0000,4466, ,CFS
SHA,H,76,INFLOW,20170724,0100,5362, ,CFS
SHA,H,76,INFLOW,20170724,0200,-50, ,CFS
SHA,H,76,INFLOW,20170724,0300,3342, ,CFS
SHA,H,76,INFLOW,20170724,0400,80, ,CFS
SHA,H,76,INFLOW,20170724,0500,198, ,CFS
SHA,H,76,INFLOW,20170724,0600,8, ,CFS
SHA,H,76,INFLOW,20170724,0700,6328, ,CFS
SHA,H,76,INFLOW,20170724,0800,176, ,CFS
SHA,H,76,INFLOW,20170724,0900,7681, ,CFS
SHA,H,76,INFLOW,20170724,1000,-2123, ,CFS
SHA,H,76,INFLOW,20170724,1100,3407, ,CFS
SHA,H,76,INFLOW,20170724,1200,2312, ,CFS
SHA,H,76,INFLOW,20170724,1300,1637, ,CFS
SHA,H,76,INFLOW,20170724,1400,2645, ,CFS
SHA,H,76,INFLOW,20170724,1500,5158, ,CFS
SHA,H,76,INFLOW,20170724,1600,5644, ,CFS
SHA,H,76,INFLOW,20170724,1700,6520, ,CFS
SHA,H,76,INFLOW,20170724,1800,6957, ,CFS
SHA,H,76,INFLOW,20170724,1900,11797, ,CFS
SHA,H,76,INFLOW,20170724,2000,4721, ,CFS
SHA,H,76,INFLOW,20170724,2100,7208, ,CFS
SHA,H,76,INFLOW,20170724,2200,10580, ,CFS
SHA,H,76,INFLOW,20170724,2300,-1068, ,CFS
SHA,H,76,INFLOW,20170725,0000,5302, ,CFS
SHA,H,76,INFLOW,20170725,0100,961, ,CFS
SHA,H,76,INFLOW,20170725,0200,3874, ,CFS
SHA,H,76,INFLOW,20170725,0300,3901, ,CFS
SHA,H,76,INFLOW,20170725,0400,805, ,CFS
SHA,H,76,INFLOW,20170725,0500,825, ,CFS
SHA,H,76,INFLOW,20170725,0600,1176, ,CFS
SHA,H,76,INFLOW,20170725,0700,776, ,CFS
SHA,H,76,INFLOW,20170725,0800,4328, ,CFS
SHA,H,76,INFLOW,20170725,0900,3059, ,CFS
SHA,H,76,INFLOW,20170725,1000,259, ,CFS
SHA,H,76,INFLOW,20170725,1100,3892, ,CFS
SHA,H,76,INFLOW,20170725,1200,1113, ,CFS
SHA,H,76,INFLOW,20170725,1300,735, ,CFS
SHA,H,76,INFLOW,20170725,1400,1214, ,CFS
SHA,H,76,INFLOW,20170725,1500,5272, ,CFS
SHA,H,76,INFLOW,20170725,1600,7497, ,CFS
SHA,H,76,INFLOW,20170725,1700,7214, ,CFS
SHA,H,76,INFLOW,20170725,1800,4132, ,CFS
SHA,H,76,INFLOW,20170725,1900,5404, ,CFS
SHA,H,76,INFLOW,20170725,2000,8333, ,CFS
SHA,H,76,INFLOW,20170725,2100,10738, ,CFS
SHA,H,76,INFLOW,20170725,2200,2984, ,CFS
SHA,H,76,INFLOW,20170725,2300,11622, ,CFS
SHA,H,76,INFLOW,20170726,0000,1361, ,CFS
SHA,H,76,INFLOW,20170726,0100,3537, ,CFS
SHA,H,76,INFLOW,20170726,0200,-184, ,CFS
SHA,H,76,INFLOW,20170726,0300,6420, ,CFS
SHA,H,76,INFLOW,20170726,0400,-290, ,CFS
SHA,H,76,INFLOW,20170726,0500,3064, ,CFS
SHA,H,76,INFLOW,20170726,0600,-2765, ,CFS
SHA,H,76,INFLOW,20170726,0700,4578, ,CFS
SHA,H,76,INFLOW,20170726,0800,-2049, ,CFS
SHA,H,76,INFLOW,20170726,0900,4313, ,CFS
SHA,H,76,INFLOW,20170726,1000,-2306, ,CFS
SHA,H,76,INFLOW,20170726,1100,4625, ,CFS
SHA,H,76,INFLOW,20170726,1200,-1468, ,CFS
SHA,H,76,INFLOW,20170726,1300,5293, ,CFS
SHA,H,76,INFLOW,20170726,1400,22, ,CFS
SHA,H,76,INFLOW,20170726,1500,5901, ,CFS
SHA,H,76,INFLOW,20170726,1600,4620, ,CFS
SHA,H,76,INFLOW,20170726,1700,3410, ,CFS
SHA,H,76,INFLOW,20170726,1800,6711, ,CFS
SHA,H,76,INFLOW,20170726,1900,6623, ,CFS
SHA,H,76,INFLOW,20170726,2000,5450, ,CFS
SHA,H,76,INFLOW,20170726,2100,7427, ,CFS
SHA,H,76,INFLOW,20170726,2200,9498, ,CFS
SHA,H,76,INFLOW,20170726,2300,4731, ,CFS
SHA,H,76,INFLOW,20170727,0000,1893, ,CFS
SHA,H,76,INFLOW,20170727,0100,1437, ,CFS
SHA,H,76,INFLOW,20170727,0200,3998, ,CFS
SHA,H,76,INFLOW,20170727,0300,3211, ,CFS
SHA,H,76,INFLOW,20170727,0400,-196, ,CFS
SHA,H,76,INFLOW,20170727,0500,3278, ,CFS
SHA,H,76,INFLOW,20170727,0600,-3067, ,CFS
SHA,H,76,INFLOW,20170727,0700,7191, ,CFS
SHA,H,76,INFLOW,20170727,0800,1201, ,CFS
SHA,H,76,INFLOW,20170727,0900,2706, ,CFS
SHA,H,76,INFLOW,20170727,1000,295, ,CFS
SHA,H,76,INFLOW,20170727,1100,-187, ,CFS
SHA,H,76,INFLOW,20170727,1200,4481, ,CFS
SHA,H,76,INFLOW,20170727,1300,2712, ,CFS
SHA,H,76,INFLOW,20170727,1400,1585, ,CFS
SHA,H,76,INFLOW,20170727,1500,7902, ,CFS
SHA,H,76,INFLOW,20170727,1600,2971, ,CFS
SHA,H,76,INFLOW,20170727,1700,10023, ,CFS
SHA,H,76,INFLOW,20170727,1800,8694, ,CFS
SHA,H,76,INFLOW,20170727,1900,1998, ,CFS
SHA,H,76,INFLOW,20170727,2000,11268, ,CFS
SHA,H,76,INFLOW,20170727,2100,2970, ,CFS
SHA,H,76,INFLOW,20170727,2200,12146, ,CFS
SHA,H,76,INFLOW,20170727,2300,6237, ,CFS
SHA,H,76,INFLOW,20170728,0000,2609, ,CFS
SHA,H,76,INFLOW,20170728,0100,5276, ,CFS
SHA,H,76,INFLOW,20170728,0200,4958, ,CFS
SHA,H,76,INFLOW,20170728,0300,-1378, ,CFS
SHA,H,76,INFLOW,20170728,0400,5086, ,CFS
SHA,H,76,INFLOW,20170728,0500,-985, ,CFS
SHA,H,76,INFLOW,20170728,0600,2615, ,CFS
SHA,H,76,INFLOW,20170728,0700,4077, ,CFS
SHA,H,76,INFLOW,20170728,0800,-2134, ,CFS
SHA,H,76,INFLOW,20170728,0900,4156, ,CFS
SHA,H,76,INFLOW,20170728,1000,428, ,CFS
SHA,H,76,INFLOW,20170728,1100,875, ,CFS
SHA,H,76,INFLOW,20170728,1200,1067, ,CFS
SHA,H,76,INFLOW,20170728,1300,1322, ,CFS
SHA,H,76,INFLOW,20170728,1400,1967, ,CFS
SHA,H,76,INFLOW,20170728,1500,3162, ,CFS
SHA,H,76,INFLOW,20170728,1600,7180, ,CFS
SHA,H,76,INFLOW,20170728,1700,7318, ,CFS
SHA,H,76,INFLOW,20170728,1800,10853, ,CFS
SHA,H,76,INFLOW,20170728,1900,7392, ,CFS
SHA,H,76,INFLOW,20170728,2000,10119, ,CFS
SHA,H,76,INFLOW,20170728,2100,2641, ,CFS
SHA,H,76,INFLOW,20170728,2200,11292, ,CFS
SHA,H,76,INFLOW,20170728,2300,4207, ,CFS
SHA,H,76,INFLOW,20170729,0000,4925, ,CFS
SHA,H,76,INFLOW,20170729,0100,1418, ,CFS
SHA,H,76,INFLOW,20170729,0200,7933, ,CFS
SHA,H,76,INFLOW,20170729,0300,1930, ,CFS
SHA,H,76,INFLOW,20170729,0400,1969, ,CFS
SHA,H,76,INFLOW,20170729,0500,5299, ,CFS
SHA,H,76,INFLOW,20170729,0600,-1332, ,CFS
SHA,H,76,INFLOW,20170729,0700,7773, ,CFS
SHA,H,76,INFLOW,20170729,0800,-1795, ,CFS
SHA,H,76,INFLOW,20170729,0900,1541, ,CFS
SHA,H,76,INFLOW,20170729,1000,914, ,CFS
SHA,H,76,INFLOW,20170729,1100,1061, ,CFS
SHA,H,76,INFLOW,20170729,1200,1520, ,CFS
SHA,H,76,INFLOW,20170729,1300,5017, ,CFS
SHA,H,76,INFLOW,20170729,1400,-670, ,CFS
SHA,H,76,INFLOW,20170729,1500,4301, ,CFS
SHA,H,76,INFLOW,20170729,1600,3286, ,CFS
SHA,H,76,INFLOW,20170729,1700,4010, ,CFS
SHA,H,76,INFLOW,20170729,1800,10583, ,CFS
SHA,H,76,INFLOW,20170729,1900,7292, ,CFS
SHA,H,76,INFLOW,20170729,2000,6631, ,CFS
SHA,H,76,INFLOW,20170729,2100,7247, ,CFS
SHA,H,76,INFLOW,20170729,2200,8328, ,CFS
SHA,H,76,INFLOW,20170729,2300,4741, ,CFS
SHA,H,76,INFLOW,20170730,0000,3931, ,CFS
SHA,H,76,INFLOW,20170730,0100,3686, ,CFS
SHA,H,76,INFLOW,20170730,0200,6969, ,CFS
SHA,H,76,INFLOW,20170730,0300,242, ,CFS
SHA,H,76,INFLOW,20170730,0400,6882, ,CFS
SHA,H,76,INFLOW,20170730,0500,346, ,CFS
SHA,H,76,INFLOW,20170730,0600,683, ,CFS
SHA,H,76,INFLOW,20170730,0700,3671, ,CFS
SHA,H,76,INFLOW,20170730,0800,459, ,CFS
SHA,H,76,INFLOW,20170730,0900,3751, ,CFS
SHA,H,76,INFLOW,20170730,1000,110, ,CFS
SHA,H,76,INFLOW,20170730,1100,-3116, ,CFS
SHA,H,76,INFLOW,20170730,1200,1490, ,CFS
SHA,H,76,INFLOW,20170730,1300,-966, ,CFS
SHA,H,76,INFLOW,20170730,1400,3137, ,CFS
SHA,H,76,INFLOW,20170730,1500,2656, ,CFS
SHA,H,76,INFLOW,20170730,1600,8942, ,CFS
SHA,H,76,INFLOW,20170730,1700,6446, ,CFS
SHA,H,76,INFLOW,20170730,1800,8864, ,CFS
SHA,H,76,INFLOW,20170730,1900,9007, ,CFS
SHA,H,76,INFLOW,20170730,2000,5859, ,CFS
SHA,H,76,INFLOW,20170730,2100,8998, ,CFS
SHA,H,76,INFLOW,20170730,2200,8740, ,CFS
SHA,H,76,INFLOW,20170730,2300,3275, ,CFS
SHA,H,76,INFLOW,20170731,0000,4052, ,CFS
SHA,H,76,INFLOW,20170731,0100,6701, ,CFS
SHA,H,76,INFLOW,20170731,0200,-196, ,CFS
SHA,H,76,INFLOW,20170731,0300,2993, ,CFS
SHA,H,76,INFLOW,20170731,0400,3089, ,CFS
SHA,H,76,INFLOW,20170731,0500,3140, ,CFS
SHA,H,76,INFLOW,20170731,0600,-1616, ,CFS
SHA,H,76,INFLOW,20170731,0700,3338, ,CFS
SHA,H,76,INFLOW,20170731,0800,680, ,CFS
SHA,H,76,INFLOW,20170731,0900,3576, ,CFS
SHA,H,76,INFLOW,20170731,1000,501, ,CFS
SHA,H,76,INFLOW,20170731,1100,3877, ,CFS
SHA,H,76,INFLOW,20170731,1200,316, ,CFS
SHA,H,76,INFLOW,20170731,1300,3580, ,CFS
SHA,H,76,INFLOW,20170731,1400,1673, ,CFS
SHA,H,76,INFLOW,20170731,1500,8498, ,CFS
SHA,H,76,INFLOW,20170731,1600,9066, ,CFS
SHA,H,76,INFLOW,20170731,1700,7282, ,CFS
SHA,H,76,INFLOW,20170731,1800,9077, ,CFS
SHA,H,76,INFLOW,20170731,1900,9338, ,CFS
SHA,H,76,INFLOW,20170731,2000,8788, ,CFS
SHA,H,76,INFLOW,20170731,2100,11040, ,CFS
SHA,H,76,INFLOW,20170731,2200,5951, ,CFS
SHA,H,76,INFLOW,20170731,2300,-490, ,CFS
SHA,H,76,INFLOW,20170801,0000,8599, ,CFS
SHA,H,76,INFLOW,20170801,0100,4532, ,CFS
SHA,H,76,INFLOW,20170801,0200,-2123, ,CFS
SHA,H,76,INFLOW,20170801,0300,1153, ,CFS
SHA,H,76,INFLOW,20170801,0400,4249, ,CFS
SHA,H,76,INFLOW,20170801,0500,1181, ,CFS
SHA,H,76,INFLOW,20170801,0600,1633, ,CFS
SHA,H,76,INFLOW,20170801,0700,2362, ,CFS
SHA,H,76,INFLOW,20170801,0800,2705, ,CFS
SHA,H,76,INFLOW,20170801,0900,5340, ,CFS
SHA,H,76,INFLOW,20170801,1000,-1638, ,CFS
SHA,H,76,INFLOW,20170801,1100,2325, ,CFS
SHA,H,76,INFLOW,20170801,1200,2022, ,CFS
SHA,H,76,INFLOW,20170801,1300,2196, ,CFS
SHA,H,76,INFLOW,20170801,1400,7583, ,CFS
SHA,H,76,INFLOW,20170801,1500,10391, ,CFS
SHA,H,76,INFLOW,20170801,1600,5608, ,CFS
SHA,H,76,INFLOW,20170801,1700,12090, ,CFS
SHA,H,76,INFLOW,20170801,1800,5490, ,CFS
SHA,H,76,INFLOW,20170801,1900,8784, ,CFS
SHA,H,76,INFLOW,20170801,2000,8185, ,CFS
SHA,H,76,INFLOW,20170801,2100,10394, ,CFS
SHA,H,76,INFLOW,20170801,2200,6532, ,CFS
SHA,H,76,INFLOW,20170801,2300,4801, ,CFS
SHA,H,76,INFLOW,20170802,0000,7413, ,CFS
SHA,H,76,INFLOW,20170802,0100,4621, ,CFS
SHA,H,76,INFLOW,20170802,0200,3683, ,CFS
SHA,H,76,INFLOW,20170802,0300,286, ,CFS
SHA,H,76,INFLOW,20170802,0400,3962, ,CFS
SHA,H,76,INFLOW,20170802,0500,-2569, ,CFS
SHA,H,76,INFLOW,20170802,0600,1176, ,CFS
SHA,H,76,INFLOW,20170802,0700,5847, ,CFS
SHA,H,76,INFLOW,20170802,0800,1710, ,CFS
SHA,H,76,INFLOW,20170802,0900,1152, ,CFS
SHA,H,76,INFLOW,20170802,1000,-2516, ,CFS
SHA,H,76,INFLOW,20170802,1100,1962, ,CFS
SHA,H,76,INFLOW,20170802,1200,3025, ,CFS
SHA,H,76,INFLOW,20170802,1300,960, ,CFS
SHA,H,76,INFLOW,20170802,1400,4791, ,CFS
SHA,H,76,INFLOW,20170802,1500,10491, ,CFS
SHA,H,76,INFLOW,20170802,1600,6465, ,CFS
SHA,H,76,INFLOW,20170802,1700,10195, ,CFS
SHA,H,76,INFLOW,20170802,1800,5447, ,CFS
SHA,H,76,INFLOW,20170802,1900,8026, ,CFS
SHA,H,76,INFLOW,20170802,2000,8394, ,CFS
SHA,H,76,INFLOW,20170802,2100,9183, ,CFS
SHA,H,76,INFLOW,20170802,2200,3314, ,CFS
SHA,H,76,INFLOW,20170802,2300,12297, ,CFS
SHA,H,76,INFLOW,20170803,0000,2365, ,CFS
SHA,H,76,INFLOW,20170803,0100,-2231, ,CFS
SHA,H,76,INFLOW,20170803,0200,3513, ,CFS
SHA,H,76,INFLOW,20170803,0300,87, ,CFS
SHA,H,76,INFLOW,20170803,0400,3136, ,CFS
SHA,H,76,INFLOW,20170803,0500,3874, ,CFS
SHA,H,76,INFLOW,20170803,0600,289, ,CFS
SHA,H,76,INFLOW,20170803,0700,2246, ,CFS
SHA,H,76,INFLOW,20170803,0800,-39, ,CFS
SHA,H,76,INFLOW,20170803,0900,-210, ,CFS
SHA,H,76,INFLOW,20170803,1000,2941, ,CFS
SHA,H,76,INFLOW,20170803,1100,243, ,CFS
SHA,H,76,INFLOW,20170803,1200,9507, ,CFS
SHA,H,76,INFLOW,20170803,1300,292, ,CFS
SHA,H,76,INFLOW,20170803,1400,4360, ,CFS
SHA,H,76,INFLOW,20170803,1500,13941, ,CFS
SHA,H,76,INFLOW,20170803,1600,4065, ,CFS
SHA,H,76,INFLOW,20170803,1700,11310, ,CFS
SHA,H,76,INFLOW,20170803,1800,7316, ,CFS
SHA,H,76,INFLOW,20170803,1900,4588, ,CFS
SHA,H,76,INFLOW,20170803,2000,4589, ,CFS
SHA,H,76,INFLOW,20170803,2100,12004, ,CFS
SHA,H,76,INFLOW,20170803,2200,8626, ,CFS
SHA,H,76,INFLOW,20170803,2300,2648, ,CFS
SHA,H,76,INFLOW,20170804,0000,11509, ,CFS
SHA,H,76,INFLOW,20170804,0100,1138, ,CFS
SHA,H,76,INFLOW,20170804,0200,3442, ,CFS
SHA,H,76,INFLOW,20170804,0300,556, ,CFS
SHA,H,76,INFLOW,20170804,0400,635, ,CFS
SHA,H,76,INFLOW,20170804,0500,4305, ,CFS
SHA,H,76,INFLOW,20170804,0600,1021, ,CFS
SHA,H,76,INFLOW,20170804,0700,2606, ,CFS
SHA,H,76,INFLOW,20170804,0800,2629, ,CFS
SHA,H,76,INFLOW,20170804,0900,-773, ,CFS
SHA,H,76,INFLOW,20170804,1000,2329, ,CFS
SHA,H,76,INFLOW,20170804,1100,1963, ,CFS
SHA,H,76,INFLOW,20170804,1200,-980, ,CFS
SHA,H,76,INFLOW,20170804,1300,3384, ,CFS
SHA,H,76,INFLOW,20170804,1400,283, ,CFS
SHA,H,76,INFLOW,20170804,1500,1625, ,CFS
SHA,H,76,INFLOW,20170804,1600,4252, ,CFS
SHA,H,76,INFLOW,20170804,1700,10236, ,CFS
SHA,H,76,INFLOW,20170804,1800,7129, ,CFS
SHA,H,76,INFLOW,20170804,1900,7262, ,CFS
SHA,H,76,INFLOW,20170804,2000,9745, ,CFS
SHA,H,76,INFLOW,20170804,2100,6105, ,CFS
SHA,H,76,INFLOW,20170804,2200,9049, ,CFS
SHA,H,76,INFLOW,20170804,2300,6194, ,CFS
SHA,H,76,INFLOW,20170805,0000,7676, ,CFS
SHA,H,76,INFLOW,20170805,0100,7320, ,CFS
SHA,H,76,INFLOW,20170805,0200,3684, ,CFS
SHA,H,76,INFLOW,20170805,0300,3549, ,CFS
SHA,H,76,INFLOW,20170805,0400,7066, ,CFS
SHA,H,76,INFLOW,20170805,0500,506, ,CFS
SHA,H,76,INFLOW,20170805,0600,4026, ,CFS
SHA,H,76,INFLOW,20170805,0700,6192, ,CFS
SHA,H,76,INFLOW,20170805,0800,6067, ,CFS
SHA,H,76,INFLOW,20170805,0900,6488, ,CFS
SHA,H,76,INFLOW,20170805,1000,-3611, ,CFS
SHA,H,76,INFLOW,20170805,1100,3766, ,CFS
SHA,H,76,INFLOW,20170805,1200,622, ,CFS
SHA,H,76,INFLOW,20170805,1300,3453, ,CFS
SHA,H,76,INFLOW,20170805,1400,1784, ,CFS
SHA,H,76,INFLOW,20170805,1500,1704, ,CFS
SHA,H,76,INFLOW,20170805,1600,-804, ,CFS
SHA,H,76,INFLOW,20170805,1700,11280, ,CFS
SHA,H,76,INFLOW,20170805,1800,5177, ,CFS
SHA,H,76,INFLOW,20170805,1900,8388, ,CFS
SHA,H,76,INFLOW,20170805,2000,8010, ,CFS
SHA,H,76,INFLOW,20170805,2100,8036, ,CFS
SHA,H,76,INFLOW,20170805,2200,8583, ,CFS
SHA,H,76,INFLOW,20170805,2300,-3965, ,CFS
SHA,H,76,INFLOW,20170806,0000,1281, ,CFS
SHA,H,76,INFLOW,20170806,0100,8764, ,CFS
SHA,H,76,INFLOW,20170806,0200,818, ,CFS
SHA,H,76,INFLOW,20170806,0300,10310, ,CFS
SHA,H,76,INFLOW,20170806,0400,3803, ,CFS
SHA,H,76,INFLOW,20170806,0500,752, ,CFS
SHA,H,76,INFLOW,20170806,0600,2882, ,CFS
SHA,H,76,INFLOW,20170806,0700,-244, ,CFS
SHA,H,76,INFLOW,20170806,0800,4466, ,CFS
SHA,H,76,INFLOW,20170806,0900,3013, ,CFS
SHA,H,76,INFLOW,20170806,1000,-2861, ,CFS
SHA,H,76,INFLOW,20170806,1100,2710, ,CFS
SHA,H,76,INFLOW,20170806,1200,5387, ,CFS
SHA,H,76,INFLOW,20170806,1300,-3758, ,CFS
SHA,H,76,INFLOW,20170806,1400,6204, ,CFS
SHA,H,76,INFLOW,20170806,1500,1796, ,CFS
SHA,H,76,INFLOW,20170806,1600,478, ,CFS
SHA,H,76,INFLOW,20170806,1700,4572, ,CFS
SHA,H,76,INFLOW,20170806,1800,5374, ,CFS
SHA,H,76,INFLOW,20170806,1900,5467, ,CFS
SHA,H,76,INFLOW,20170806,2000,11864, ,CFS
SHA,H,76,INFLOW,20170806,2100,7278, ,CFS
SHA,H,76,INFLOW,20170806,2200,2880, ,CFS
SHA,H,76,INFLOW,20170806,2300,5497, ,CFS
SHA,H,76,INFLOW,20170807,0000,1573, ,CFS
SHA,H,76,INFLOW,20170807,0100,9657, ,CFS
SHA,H,76,INFLOW,20170807,0200,-5829, ,CFS
SHA,H,76,INFLOW,20170807,0300,7558, ,CFS
SHA,H,76,INFLOW,20170807,0400,1018, ,CFS
SHA,H,76,INFLOW,20170807,0500,-801, ,CFS
SHA,H,76,INFLOW,20170807,0600,2728, ,CFS
SHA,H,76,INFLOW,20170807,0700,2167, ,CFS
SHA,H,76,INFLOW,20170807,0800,7305, ,CFS
SHA,H,76,INFLOW,20170807,0900,2260, ,CFS
SHA,H,76,INFLOW,20170807,1000,2968, ,CFS
SHA,H,76,INFLOW,20170807,1100,29, ,CFS
SHA,H,76,INFLOW,20170807,1200,744, ,CFS
SHA,H,76,INFLOW,20170807,1300,950, ,CFS
SHA,H,76,INFLOW,20170807,1400,2104, ,CFS
SHA,H,76,INFLOW,20170807,1500,11742, ,CFS
SHA,H,76,INFLOW,20170807,1600,-430, ,CFS
SHA,H,76,INFLOW,20170807,1700,10085, ,CFS
SHA,H,76,INFLOW,20170807,1800,11359, ,CFS
SHA,H,76,INFLOW,20170807,1900,2735, ,CFS
SHA,H,76,INFLOW,20170807,2000,15278, ,CFS
SHA,H,76,INFLOW,20170807,2100,3834, ,CFS
SHA,H,76,INFLOW,20170807,2200,8073, ,CFS
SHA,H,76,INFLOW,20170807,2300,3316, ,CFS
SHA,H,76,INFLOW,20170808,0000,-116, ,CFS
SHA,H,76,INFLOW,20170808,0100,3384, ,CFS
SHA,H,76,INFLOW,20170808,0200,3552, ,CFS
SHA,H,76,INFLOW,20170808,0300,564, ,CFS
SHA,H,76,INFLOW,20170808,0400,459, ,CFS
SHA,H,76,INFLOW,20170808,0500,3550, ,CFS
SHA,H,76,INFLOW,20170808,0600,-2766, ,CFS
SHA,H,76,INFLOW,20170808,0700,7201, ,CFS
SHA,H,76,INFLOW,20170808,0800,-1759, ,CFS
SHA,H,76,INFLOW,20170808,0900,3226, ,CFS
SHA,H,76,INFLOW,20170808,1000,244, ,CFS
SHA,H,76,INFLOW,20170808,1100,-1441, ,CFS
SHA,H,76,INFLOW,20170808,1200,3591, ,CFS
SHA,H,76,INFLOW,20170808,1300,124, ,CFS
SHA,H,76,INFLOW,20170808,1400,1693, ,CFS
SHA,H,76,INFLOW,20170808,1500,4565, ,CFS
SHA,H,76,INFLOW,20170808,1600,2220, ,CFS
SHA,H,76,INFLOW,20170808,1700,10829, ,CFS
SHA,H,76,INFLOW,20170808,1800,5730, ,CFS
SHA,H,76,INFLOW,20170808,1900,9033, ,CFS
SHA,H,76,INFLOW,20170808,2000,8522, ,CFS
SHA,H,76,INFLOW,20170808,2100,5370, ,CFS
SHA,H,76,INFLOW,20170808,2200,8271, ,CFS
SHA,H,76,INFLOW,20170808,2300,6120, ,CFS
SHA,H,76,INFLOW,20170809,0000,7450, ,CFS
SHA,H,76,INFLOW,20170809,0100,2353, ,CFS
SHA,H,76,INFLOW,20170809,0200,838, ,CFS
SHA,H,76,INFLOW,20170809,0300,3414, ,CFS
SHA,H,76,INFLOW,20170809,0400,457, ,CFS
SHA,H,76,INFLOW,20170809,0500,3981, ,CFS
SHA,H,76,INFLOW,20170809,0600,1192, ,CFS
SHA,H,76,INFLOW,20170809,0700,161, ,CFS
SHA,H,76,INFLOW,20170809,0800,5513, ,CFS
SHA,H,76,INFLOW,20170809,0900,-598, ,CFS
SHA,H,76,INFLOW,20170809,1000,-535, ,CFS
SHA,H,76,INFLOW,20170809,1100,1044, ,CFS
SHA,H,76,INFLOW,20170809,1200,1175, ,CFS
SHA,H,76,INFLOW,20170809,1300,1538, ,CFS
SHA,H,76,INFLOW,20170809,1400,2280, ,CFS
SHA,H,76,INFLOW,20170809,1500,1802, ,CFS
SHA,H,76,INFLOW,20170809,1600,15017, ,CFS
SHA,H,76,INFLOW,20170809,1700,5551, ,CFS
SHA,H,76,INFLOW,20170809,1800,6937, ,CFS
SHA,H,76,INFLOW,20170809,1900,7043, ,CFS
SHA,H,76,INFLOW,20170809,2000,809, ,CFS
SHA,H,76,INFLOW,20170809,2100,15159, ,CFS
SHA,H,76,INFLOW,20170809,2200,5977, ,CFS
SHA,H,76,INFLOW,20170809,2300,9431, ,CFS
SHA,H,76,INFLOW,20170810,0000,6993, ,CFS
SHA,H,76,INFLOW,20170810,0100,-938, ,CFS
SHA,H,76,INFLOW,20170810,0200,4265, ,CFS
SHA,H,76,INFLOW,20170810,0300,1235, ,CFS
SHA,H,76,INFLOW,20170810,0400,1202, ,CFS
SHA,H,76,INFLOW,20170810,0500,4346, ,CFS
SHA,H,76,INFLOW,20170810,0600,-4629, ,CFS
SHA,H,76,INFLOW,20170810,0700,6454, ,CFS
SHA,H,76,INFLOW,20170810,0800,-2887, ,CFS
SHA,H,76,INFLOW,20170810,0900,18, ,CFS
SHA,H,76,INFLOW,20170810,1000,-19, ,CFS
SHA,H,76,INFLOW,20170810,1100,2992, ,CFS
SHA,H,76,INFLOW,20170810,1200,2914, ,CFS
SHA,H,76,INFLOW,20170810,1300,2556, ,CFS
SHA,H,76,INFLOW,20170810,1400,4964, ,CFS
SHA,H,76,INFLOW,20170810,1500,9694, ,CFS
SHA,H,76,INFLOW,20170810,1600,7922, ,CFS
SHA,H,76,INFLOW,20170810,1700,8602, ,CFS
SHA,H,76,INFLOW,20170810,1800,10004, ,CFS
SHA,H,76,INFLOW,20170810,1900,554, ,CFS
SHA,H,76,INFLOW,20170810,2000,8401, ,CFS
SHA,H,76,INFLOW,20170810,2100,7930, ,CFS
SHA,H,76,INFLOW,20170810,2200,7375, ,CFS
SHA,H,76,INFLOW,20170810,2300,5912, ,CFS
SHA,H,76,INFLOW,20170811,0000,-2224, ,CFS
SHA,H,76,INFLOW,20170811,0100,6130, ,CFS
SHA,H,76,INFLOW,20170811,0200,227, ,CFS
SHA,H,76,INFLOW,20170811,0300,3268, ,CFS
SHA,H,76,INFLOW,20170811,0400,3309, ,CFS
SHA,H,76,INFLOW,20170811,0500,-316, ,CFS
SHA,H,76,INFLOW,20170811,0600,102, ,CFS
SHA,H,76,INFLOW,20170811,0700,4973, ,CFS
SHA,H,76,INFLOW,20170811,0800,2017, ,CFS
SHA,H,76,INFLOW,20170811,0900,-486, ,CFS
SHA,H,76,INFLOW,20170811,1000,-3977, ,CFS
SHA,H,76,INFLOW,20170811,1100,2758, ,CFS
SHA,H,76,INFLOW,20170811,1200,---, ,CFS
SHA,H,76,INFLOW,20170811,1300,227, ,CFS
SHA,H,76,INFLOW,20170811,1400,1155, ,CFS
SHA,H,76,INFLOW,20170811,1500,5028, ,CFS
SHA,H,76,INFLOW,20170811,1600,5843, ,CFS
SHA,H,76,INFLOW,20170811,1700,8036, ,CFS
SHA,H,76,INFLOW,20170811,1800,9585, ,CFS
SHA,H,76,INFLOW,20170811,1900,6667, ,CFS
SHA,H,76,INFLOW,20170811,2000,9073, ,CFS
SHA,H,76,INFLOW,20170811,2100,5478, ,CFS
SHA,H,76,INFLOW,20170811,2200,6211, ,CFS
SHA,H,76,INFLOW,20170811,2300,8497, ,CFS
SHA,H,76,INFLOW,20170812,0000,648, ,CFS
SHA,H,76,INFLOW,20170812,0100,4725, ,CFS
SHA,H,76,INFLOW,20170812,0200,10758, ,CFS
SHA,H,76,INFLOW,20170812,0300,1214, ,CFS
SHA,H,76,INFLOW,20170812,0400,4354, ,CFS
SHA,H,76,INFLOW,20170812,0500,4510, ,CFS
SHA,H,76,INFLOW,20170812,0600,-4800, ,CFS
SHA,H,76,INFLOW,20170812,0700,13958, ,CFS
SHA,H,76,INFLOW,20170812,0800,-1756, ,CFS
SHA,H,76,INFLOW,20170812,0900,-2048, ,CFS
SHA,H,76,INFLOW,20170812,1000,3751, ,CFS
SHA,H,76,INFLOW,20170812,1100,-2625, ,CFS
SHA,H,76,INFLOW,20170812,1200,4632, ,CFS
SHA,H,76,INFLOW,20170812,1300,1441, ,CFS
SHA,H,76,INFLOW,20170812,1400,-853, ,CFS
SHA,H,76,INFLOW,20170812,1500,9074, ,CFS
SHA,H,76,INFLOW,20170812,1600,5638, ,CFS
SHA,H,76,INFLOW,20170812,1700,711, ,CFS
SHA,H,76,INFLOW,20170812,1800,11931, ,CFS
SHA,H,76,INFLOW,20170812,1900,3856, ,CFS
SHA,H,76,INFLOW,20170812,2000,9310, ,CFS
SHA,H,76,INFLOW,20170812,2100,8829, ,CFS
SHA,H,76,INFLOW,20170812,2200,3239, ,CFS
SHA,H,76,INFLOW,20170812,2300,10803, ,CFS
SHA,H,76,INFLOW,20170813,0000,5116, ,CFS
SHA,H,76,INFLOW,20170813,0100,5197, ,CFS
SHA,H,76,INFLOW,20170813,0200,11385, ,CFS
SHA,H,76,INFLOW,20170813,0300,-1646, ,CFS
SHA,H,76,INFLOW,20170813,0400,1585, ,CFS
SHA,H,76,INFLOW,20170813,0500,4782, ,CFS
SHA,H,76,INFLOW,20170813,0600,-1630, ,CFS
SHA,H,76,INFLOW,20170813,0700,2583, ,CFS
SHA,H,76,INFLOW,20170813,0800,2709, ,CFS
SHA,H,76,INFLOW,20170813,0900,-3769, ,CFS
SHA,H,76,INFLOW,20170813,1000,2734, ,CFS
SHA,H,76,INFLOW,20170813,1100,3519, ,CFS
SHA,H,76,INFLOW,20170813,1200,-1045, ,CFS
SHA,H,76,INFLOW,20170813,1300,3406, ,CFS
SHA,H,76,INFLOW,20170813,1400,-2400, ,CFS
SHA,H,76,INFLOW,20170813,1500,5256, ,CFS
SHA,H,76,INFLOW,20170813,1600,6430, ,CFS
SHA,H,76,INFLOW,20170813,1700,2744, ,CFS
SHA,H,76,INFLOW,20170813,1800,6534, ,CFS
SHA,H,76,INFLOW,20170813,1900,10386, ,CFS
SHA,H,76,INFLOW,20170813,2000,6629, ,CFS
SHA,H,76,INFLOW,20170813,2100,5838, ,CFS
SHA,H,76,INFLOW,20170813,2200,6786, ,CFS
SHA,H,76,INFLOW,20170813,2300,6724, ,CFS
SHA,H,76,INFLOW,20170814,0000,4745, ,CFS
SHA,H,76,INFLOW,20170814,0100,5322, ,CFS
SHA,H,76,INFLOW,20170814,0200,495, ,CFS
SHA,H,76,INFLOW,20170814,0300,308, ,CFS
SHA,H,76,INFLOW,20170814,0400,3546, ,CFS
SHA,H,76,INFLOW,20170814,0500,-1961, ,CFS
SHA,H,76,INFLOW,20170814,0600,1586, ,CFS
SHA,H,76,INFLOW,20170814,0700,4798, ,CFS
SHA,H,76,INFLOW,20170814,0800,2523, ,CFS
SHA,H,76,INFLOW,20170814,0900,2060, ,CFS
SHA,H,76,INFLOW,20170814,1000,-1076, ,CFS
SHA,H,76,INFLOW,20170814,1100,-1124, ,CFS
SHA,H,76,INFLOW,20170814,1200,2611, ,CFS
SHA,H,76,INFLOW,20170814,1300,-329, ,CFS
SHA,H,76,INFLOW,20170814,1400,549, ,CFS
SHA,H,76,INFLOW,20170814,1500,5016, ,CFS
SHA,H,76,INFLOW,20170814,1600,1378, ,CFS
SHA,H,76,INFLOW,20170814,1700,422, ,CFS
SHA,H,76,INFLOW,20170814,1800,6530, ,CFS
SHA,H,76,INFLOW,20170814,1900,3515, ,CFS
SHA,H,76,INFLOW,20170814,2000,9497, ,CFS
SHA,H,76,INFLOW,20170814,2100,5559, ,CFS
SHA,H,76,INFLOW,20170814,2200,7619, ,CFS
SHA,H,76,INFLOW,20170814,2300,6176, ,CFS
SHA,H,76,INFLOW,20170815,0000,4666, ,CFS
SHA,H,76,INFLOW,20170815,0100,-729, ,CFS
SHA,H,76,INFLOW,20170815,0200,2147, ,CFS
SHA,H,76,INFLOW,20170815,0300,2490, ,CFS
SHA,H,76,INFLOW,20170815,0400,3063, ,CFS
SHA,H,76,INFLOW,20170815,0500,3645, ,CFS
SHA,H,76,INFLOW,20170815,0600,778, ,CFS
SHA,H,76,INFLOW,20170815,0700,3988, ,CFS
SHA,H,76,INFLOW,20170815,0800,2562, ,CFS
SHA,H,76,INFLOW,20170815,0900,-897, ,CFS
SHA,H,76,INFLOW,20170815,1000,-1230, ,CFS
SHA,H,76,INFLOW,20170815,1100,1833, ,CFS
SHA,H,76,INFLOW,20170815,1200,2273, ,CFS
SHA,H,76,INFLOW,20170815,1300,-640, ,CFS
SHA,H,76,INFLOW,20170815,1400,1935, ,CFS
SHA,H,76,INFLOW,20170815,1500,2326, ,CFS
SHA,H,76,INFLOW,20170815,1600,-768, ,CFS
SHA,H,76,INFLOW,20170815,1700,2762, ,CFS
SHA,H,76,INFLOW,20170815,1800,-37, ,CFS
SHA,H,76,INFLOW,20170815,1900,5990, ,CFS
SHA,H,76,INFLOW,20170815,2000,8790, ,CFS
SHA,H,76,INFLOW,20170815,2100,8499, ,CFS
SHA,H,76,INFLOW,20170815,2200,4909, ,CFS
SHA,H,76,INFLOW,20170815,2300,1615, ,CFS
SHA,H,76,INFLOW,20170816,0000,87, ,CFS
SHA,H,76,INFLOW,20170816,0100,2561, ,CFS
SHA,H,76,INFLOW,20170816,0200,2136, ,CFS
SHA,H,76,INFLOW,20170816,0300,2024, ,CFS
SHA,H,76,INFLOW,20170816,0400,1946, ,CFS
SHA,H,76,INFLOW,20170816,0500,-885, ,CFS
SHA,H,76,INFLOW,20170816,0600,-94, ,CFS
SHA,H,76,INFLOW,20170816,0700,6520, ,CFS
SHA,H,76,INFLOW,20170816,0800,3356, ,CFS
SHA,H,76,INFLOW,20170816,0900,2623, ,CFS
SHA,H,76,INFLOW,20170816,1000,-632, ,CFS
SHA,H,76,INFLOW,20170816,1100,-402, ,CFS
SHA,H,76,INFLOW,20170816,1200,2984, ,CFS
SHA,H,76,INFLOW,20170816,1300,-1053, ,CFS
SHA,H,76,INFLOW,20170816,1400,-614, ,CFS
SHA,H,76,INFLOW,20170816,1500,2799, ,CFS
SHA,H,76,INFLOW,20170816,1600,174, ,CFS
SHA,H,76,INFLOW,20170816,1700,5584, ,CFS
SHA,H,76,INFLOW,20170816,1800,10764, ,CFS
SHA,H,76,INFLOW,20170816,1900,3308, ,CFS
SHA,H,76,INFLOW,20170816,2000,10052, ,CFS
SHA,H,76,INFLOW,20170816,2100,6881, ,CFS
SHA,H,76,INFLOW,20170816,2200,7193, ,CFS
SHA,H,76,INFLOW,20170816,2300,7084, ,CFS
SHA,H,76,INFLOW,20170817,0000,7499, ,CFS
SHA,H,76,INFLOW,20170817,0100,-1083, ,CFS
SHA,H,76,INFLOW,20170817,0200,4829, ,CFS
SHA,H,76,INFLOW,20170817,0300,1338, ,CFS
SHA,H,76,INFLOW,20170817,0400,1321, ,CFS
SHA,H,76,INFLOW,20170817,0500,1997, ,CFS
SHA,H,76,INFLOW,20170817,0600,2565, ,CFS
SHA,H,76,INFLOW,20170817,0700,719, ,CFS
SHA,H,76,INFLOW,20170817,0800,6875, ,CFS
SHA,H,76,INFLOW,20170817,0900,-383, ,CFS
SHA,H,76,INFLOW,20170817,1000,2785, ,CFS
SHA,H,76,INFLOW,20170817,1100,-685, ,CFS
SHA,H,76,INFLOW,20170817,1200,-42, ,CFS
SHA,H,76,INFLOW,20170817,1300,-1404, ,CFS
SHA,H,76,INFLOW,20170817,1400,2758, ,CFS
SHA,H,76,INFLOW,20170817,1500,4290, ,CFS
SHA,H,76,INFLOW,20170817,1600,3590, ,CFS
SHA,H,76,INFLOW,20170817,1700,9613, ,CFS
SHA,H,76,INFLOW,20170817,1800,5952, ,CFS
SHA,H,76,INFLOW,20170817,1900,9164, ,CFS
SHA,H,76,INFLOW,20170817,2000,8327, ,CFS
SHA,H,76,INFLOW,20170817,2100,10995, ,CFS
SHA,H,76,INFLOW,20170817,2200,3968, ,CFS
SHA,H,76,INFLOW,20170817,2300,10197, ,CFS
SHA,H,76,INFLOW,20170818,0000,7301, ,CFS
SHA,H,76,INFLOW,20170818,0100,-1542, ,CFS
SHA,H,76,INFLOW,20170818,0200,1747, ,CFS
SHA,H,76,INFLOW,20170818,0300,1754, ,CFS
SHA,H,76,INFLOW,20170818,0400,1597, ,CFS
SHA,H,76,INFLOW,20170818,0500,1343, ,CFS
SHA,H,76,INFLOW,20170818,0600,2051, ,CFS
SHA,H,76,INFLOW,20170818,0700,3325, ,CFS
SHA,H,76,INFLOW,20170818,0800,7943, ,CFS
SHA,H,76,INFLOW,20170818,0900,1021, ,CFS
SHA,H,76,INFLOW,20170818,1000,-2373, ,CFS
SHA,H,76,INFLOW,20170818,1100,2742, ,CFS
SHA,H,76,INFLOW,20170818,1200,-3175, ,CFS
SHA,H,76,INFLOW,20170818,1300,3342, ,CFS
SHA,H,76,INFLOW,20170818,1400,2750, ,CFS
SHA,H,76,INFLOW,20170818,1500,-836, ,CFS
SHA,H,76,INFLOW,20170818,1600,7465, ,CFS
SHA,H,76,INFLOW,20170818,1700,5566, ,CFS
SHA,H,76,INFLOW,20170818,1800,5307, ,CFS
SHA,H,76,INFLOW,20170818,1900,10280, ,CFS
SHA,H,76,INFLOW,20170818,2000,3490, ,CFS
SHA,H,76,INFLOW,20170818,2100,12915, ,CFS
SHA,H,76,INFLOW,20170818,2200,6678, ,CFS
SHA,H,76,INFLOW,20170818,2300,6565, ,CFS
SHA,H,76,INFLOW,20170819,0000,2760, ,CFS
SHA,H,76,INFLOW,20170819,0100,-1658, ,CFS
SHA,H,76,INFLOW,20170819,0200,10932, ,CFS
SHA,H,76,INFLOW,20170819,0300,-1082, ,CFS
SHA,H,76,INFLOW,20170819,0400,1957, ,CFS
SHA,H,76,INFLOW,20170819,0500,1912, ,CFS
SHA,H,76,INFLOW,20170819,0600,-3898, ,CFS
SHA,H,76,INFLOW,20170819,0700,7643, ,CFS
SHA,H,76,INFLOW,20170819,0800,-1695, ,CFS
SHA,H,76,INFLOW,20170819,0900,667, ,CFS
SHA,H,76,INFLOW,20170819,1000,958, ,CFS
SHA,H,76,INFLOW,20170819,1100,1020, ,CFS
SHA,H,76,INFLOW,20170819,1200,1623, ,CFS
SHA,H,76,INFLOW,20170819,1300,1361, ,CFS
SHA,H,76,INFLOW,20170819,1400,-1247, ,CFS
SHA,H,76,INFLOW,20170819,1500,1703, ,CFS
SHA,H,76,INFLOW,20170819,1600,5293, ,CFS
SHA,H,76,INFLOW,20170819,1700,5690, ,CFS
SHA,H,76,INFLOW,20170819,1800,7287, ,CFS
SHA,H,76,INFLOW,20170819,1900,10568, ,CFS
SHA,H,76,INFLOW,20170819,2000,7115, ,CFS
SHA,H,76,INFLOW,20170819,2100,9096, ,CFS
SHA,H,76,INFLOW,20170819,2200,5343, ,CFS
SHA,H,76,INFLOW,20170819,2300,6930, ,CFS
SHA,H,76,INFLOW,20170820,0000,6848, ,CFS
SHA,H,76,INFLOW,20170820,0100,6213, ,CFS
SHA,H,76,INFLOW,20170820,0200,3031, ,CFS
SHA,H,76,INFLOW,20170820,0300,3672, ,CFS
SHA,H,76,INFLOW,20170820,0400,-2498, ,CFS
SHA,H,76,INFLOW,20170820,0500,3832, ,CFS
SHA,H,76,INFLOW,20170820,0600,-2191, ,CFS
SHA,H,76,INFLOW,20170820,0700,4107, ,CFS
SHA,H,76,INFLOW,20170820,0800,-596, ,CFS
SHA,H,76,INFLOW,20170820,0900,-353, ,CFS
SHA,H,76,INFLOW,20170820,1000,-1012, ,CFS
SHA,H,76,INFLOW,20170820,1100,2137, ,CFS
SHA,H,76,INFLOW,20170820,1200,-2226, ,CFS
SHA,H,76,INFLOW,20170820,1300,3008, ,CFS
SHA,H,76,INFLOW,20170820,1400,-1176, ,CFS
SHA,H,76,INFLOW,20170820,1500,1299, ,CFS
SHA,H,76,INFLOW,20170820,1600,4155, ,CFS
SHA,H,76,INFLOW,20170820,1700,1840, ,CFS
SHA,H,76,INFLOW,20170820,1800,6764, ,CFS
SHA,H,76,INFLOW,20170820,1900,3983, ,CFS
SHA,H,76,INFLOW,20170820,2000,10104, ,CFS
SHA,H,76,INFLOW,20170820,2100,5619, ,CFS
SHA,H,76,INFLOW,20170820,2200,8967, ,CFS
SHA,H,76,INFLOW,20170820,2300,7634, ,CFS
SHA,H,76,INFLOW,20170821,0000,2628, ,CFS
SHA,H,76,INFLOW,20170821,0100,1873, ,CFS
SHA,H,76,INFLOW,20170821,0200,3089, ,CFS
SHA,H,76,INFLOW,20170821,0300,2416, ,CFS
SHA,H,76,INFLOW,20170821,0400,-761, ,CFS
SHA,H,76,INFLOW,20170821,0500,3835, ,CFS
SHA,H,76,INFLOW,20170821,0600,-28, ,CFS
SHA,H,76,INFLOW,20170821,0700,2805, ,CFS
SHA,H,76,INFLOW,20170821,0800,2898, ,CFS
SHA,H,76,INFLOW,20170821,0900,-665, ,CFS
SHA,H,76,INFLOW,20170821,1000,175, ,CFS
SHA,H,76,INFLOW,20170821,1100,3505, ,CFS
SHA,H,76,INFLOW,20170821,1200,7216, ,CFS
SHA,H,76,INFLOW,20170821,1300,-3171, ,CFS
SHA,H,76,INFLOW,20170821,1400,3603, ,CFS
SHA,H,76,INFLOW,20170821,1500,2421, ,CFS
SHA,H,76,INFLOW,20170821,1600,3429, ,CFS
SHA,H,76,INFLOW,20170821,1700,4943, ,CFS
SHA,H,76,INFLOW,20170821,1800,8045, ,CFS
SHA,H,76,INFLOW,20170821,1900,6014, ,CFS
SHA,H,76,INFLOW,20170821,2000,9663, ,CFS
SHA,H,76,INFLOW,20170821,2100,7981, ,CFS
SHA,H,76,INFLOW,20170821,2200,6013, ,CFS
SHA,H,76,INFLOW,20170821,2300,10472, ,CFS
SHA,H,76,INFLOW,20170822,0000,1804, ,CFS
SHA,H,76,INFLOW,20170822,0100,-108, ,CFS
SHA,H,76,INFLOW,20170822,0200,5496, ,CFS
SHA,H,76,INFLOW,20170822,0300,-830, ,CFS
SHA,H,76,INFLOW,20170822,0400,2501, ,CFS
SHA,H,76,INFLOW,20170822,0500,-1378, ,CFS
SHA,H,76,INFLOW,20170822,0600,-2620, ,CFS
SHA,H,76,INFLOW,20170822,0700,8504, ,CFS
SHA,H,76,INFLOW,20170822,0800,-1138, ,CFS
SHA,H,76,INFLOW,20170822,0900,5114, ,CFS
SHA,H,76,INFLOW,20170822,1000,-1499, ,CFS
SHA,H,76,INFLOW,20170822,1100,1912, ,CFS
SHA,H,76,INFLOW,20170822,1200,1721, ,CFS
SHA,H,76,INFLOW,20170822,1300,1544, ,CFS
SHA,H,76,INFLOW,20170822,1400,1572, ,CFS
SHA,H,76,INFLOW,20170822,1500,2382, ,CFS
SHA,H,76,INFLOW,20170822,1600,2475, ,CFS
SHA,H,76,INFLOW,20170822,1700,9580, ,CFS
SHA,H,76,INFLOW,20170822,1800,7666, ,CFS
SHA,H,76,INFLOW,20170822,1900,6900, ,CFS
SHA,H,76,INFLOW,20170822,2000,6708, ,CFS
SHA,H,76,INFLOW,20170822,2100,8363, ,CFS
SHA,H,76,INFLOW,20170822,2200,8171, ,CFS
SHA,H,76,INFLOW,20170822,2300,5457, ,CFS
SHA,H,76,INFLOW,20170823,0000,-301, ,CFS
SHA,H,76,INFLOW,20170823,0100,5147, ,CFS
SHA,H,76,INFLOW,20170823,0200,-1747, ,CFS
SHA,H,76,INFLOW,20170823,0300,4477, ,CFS
SHA,H,76,INFLOW,20170823,0400,4488, ,CFS
SHA,H,76,INFLOW,20170823,0500,1017, ,CFS
SHA,H,76,INFLOW,20170823,0600,-1454, ,CFS
SHA,H,76,INFLOW,20170823,0700,4751, ,CFS
SHA,H,76,INFLOW,20170823,0800,426, ,CFS
SHA,H,76,INFLOW,20170823,0900,1836, ,CFS
SHA,H,76,INFLOW,20170823,1000,-1428, ,CFS
SHA,H,76,INFLOW,20170823,1100,768, ,CFS
SHA,H,76,INFLOW,20170823,1200,-20, ,CFS
SHA,H,76,INFLOW,20170823,1300,-239, ,CFS
SHA,H,76,INFLOW,20170823,1400,3289, ,CFS
SHA,H,76,INFLOW,20170823,1500,4785, ,CFS
SHA,H,76,INFLOW,20170823,1600,-1457, ,CFS
SHA,H,76,INFLOW,20170823,1700,4676, ,CFS
SHA,H,76,INFLOW,20170823,1800,246, ,CFS
SHA,H,76,INFLOW,20170823,1900,5351, ,CFS
SHA,H,76,INFLOW,20170823,2000,2318, ,CFS
SHA,H,76,INFLOW,20170823,2100,2767, ,CFS
SHA,H,76,INFLOW,20170823,2200,12485, ,CFS
SHA,H,76,INFLOW,20170823,2300,-1310, ,CFS
SHA,H,76,INFLOW,20170824,0000,-4411, ,CFS
SHA,H,76,INFLOW,20170824,0100,5596, ,CFS
SHA,H,76,INFLOW,20170824,0200,-1522, ,CFS
SHA,H,76,INFLOW,20170824,0300,4940, ,CFS
SHA,H,76,INFLOW,20170824,0400,-1417, ,CFS
SHA,H,76,INFLOW,20170824,0500,2874, ,CFS
SHA,H,76,INFLOW,20170824,0600,1737, ,CFS
SHA,H,76,INFLOW,20170824,0700,6779, ,CFS
SHA,H,76,INFLOW,20170824,0800,1345, ,CFS
SHA,H,76,INFLOW,20170824,0900,6761, ,CFS
SHA,H,76,INFLOW,20170824,1000,-3146, ,CFS
SHA,H,76,INFLOW,20170824,1100,3194, ,CFS
SHA,H,76,INFLOW,20170824,1200,-918, ,CFS
SHA,H,76,INFLOW,20170824,1300,2234, ,CFS
SHA,H,76,INFLOW,20170824,1400,4558, ,CFS
SHA,H,76,INFLOW,20170824,1500,2139, ,CFS
SHA,H,76,INFLOW,20170824,1600,5599, ,CFS
SHA,H,76,INFLOW,20170824,1700,2743, ,CFS
SHA,H,76,INFLOW,20170824,1800,8005, ,CFS
SHA,H,76,INFLOW,20170824,1900,6395, ,CFS
SHA,H,76,INFLOW,20170824,2000,9168, ,CFS
SHA,H,76,INFLOW,20170824,2100,5033, ,CFS
SHA,H,76,INFLOW,20170824,2200,7802, ,CFS
SHA,H,76,INFLOW,20170824,2300,6008, ,CFS
SHA,H,76,INFLOW,20170825,0000,2751, ,CFS
SHA,H,76,INFLOW,20170825,0100,1981, ,CFS
SHA,H,76,INFLOW,20170825,0200,4825, ,CFS
SHA,H,76,INFLOW,20170825,0300,1529, ,CFS
SHA,H,76,INFLOW,20170825,0400,1499, ,CFS
SHA,H,76,INFLOW,20170825,0500,1905, ,CFS
SHA,H,76,INFLOW,20170825,0600,-595, ,CFS
SHA,H,76,INFLOW,20170825,0700,3010, ,CFS
SHA,H,76,INFLOW,20170825,0800,6937, ,CFS
SHA,H,76,INFLOW,20170825,0900,-7345, ,CFS
SHA,H,76,INFLOW,20170825,1000,2370, ,CFS
SHA,H,76,INFLOW,20170825,1100,2248, ,CFS
SHA,H,76,INFLOW,20170825,1200,33, ,CFS
SHA,H,76,INFLOW,20170825,1300,3266, ,CFS
SHA,H,76,INFLOW,20170825,1400,-286, ,CFS
SHA,H,76,INFLOW,20170825,1500,3610, ,CFS
SHA,H,76,INFLOW,20170825,1600,3315, ,CFS
SHA,H,76,INFLOW,20170825,1700,2585, ,CFS
SHA,H,76,INFLOW,20170825,1800,8522, ,CFS
SHA,H,76,INFLOW,20170825,1900,10413, ,CFS
SHA,H,76,INFLOW,20170825,2000,7247, ,CFS
SHA,H,76,INFLOW,20170825,2100,10372, ,CFS
SHA,H,76,INFLOW,20170825,2200,4295, ,CFS
SHA,H,76,INFLOW,20170825,2300,9012, ,CFS
SHA,H,76,INFLOW,20170826,0000,-306, ,CFS
SHA,H,76,INFLOW,20170826,0100,178, ,CFS
SHA,H,76,INFLOW,20170826,0200,6098, ,CFS
SHA,H,76,INFLOW,20170826,0300,2511, ,CFS
SHA,H,76,INFLOW,20170826,0400,2417, ,CFS
SHA,H,76,INFLOW,20170826,0500,2406, ,CFS
SHA,H,76,INFLOW,20170826,0600,-3436, ,CFS
SHA,H,76,INFLOW,20170826,0700,6338, ,CFS
SHA,H,76,INFLOW,20170826,0800,394, ,CFS
SHA,H,76,INFLOW,20170826,0900,879, ,CFS
SHA,H,76,INFLOW,20170826,1000,-2002, ,CFS
SHA,H,76,INFLOW,20170826,1100,-1720, ,CFS
SHA,H,76,INFLOW,20170826,1200,3510, ,CFS
SHA,H,76,INFLOW,20170826,1300,3481, ,CFS
SHA,H,76,INFLOW,20170826,1400,3577, ,CFS
SHA,H,76,INFLOW,20170826,1500,2925, ,CFS
SHA,H,76,INFLOW,20170826,1600,8677, ,CFS
SHA,H,76,INFLOW,20170826,1700,7392, ,CFS
SHA,H,76,INFLOW,20170826,1800,9589, ,CFS
SHA,H,76,INFLOW,20170826,1900,7088, ,CFS
SHA,H,76,INFLOW,20170826,2000,6002, ,CFS
SHA,H,76,INFLOW,20170826,2100,8893, ,CFS
SHA,H,76,INFLOW,20170826,2200,6655, ,CFS
SHA,H,76,INFLOW,20170826,2300,5144, ,CFS
SHA,H,76,INFLOW,20170827,0000,-488, ,CFS
SHA,H,76,INFLOW,20170827,0100,454, ,CFS
SHA,H,76,INFLOW,20170827,0200,6271, ,CFS
SHA,H,76,INFLOW,20170827,0300,3217, ,CFS
SHA,H,76,INFLOW,20170827,0400,3209, ,CFS
SHA,H,76,INFLOW,20170827,0500,39, ,CFS
SHA,H,76,INFLOW,20170827,0600,387, ,CFS
SHA,H,76,INFLOW,20170827,0700,7926, ,CFS
SHA,H,76,INFLOW,20170827,0800,1545, ,CFS
SHA,H,76,INFLOW,20170827,0900,-819, ,CFS
SHA,H,76,INFLOW,20170827,1000,-209, ,CFS
SHA,H,76,INFLOW,20170827,1100,-3092, ,CFS
SHA,H,76,INFLOW,20170827,1200,-33, ,CFS
SHA,H,76,INFLOW,20170827,1300,6428, ,CFS
SHA,H,76,INFLOW,20170827,1400,163, ,CFS
SHA,H,76,INFLOW,20170827,1500,5549, ,CFS
SHA,H,76,INFLOW,20170827,1600,4653, ,CFS
SHA,H,76,INFLOW,20170827,1700,9468, ,CFS
SHA,H,76,INFLOW,20170827,1800,4256, ,CFS
SHA,H,76,INFLOW,20170827,1900,10064, ,CFS
SHA,H,76,INFLOW,20170827,2000,6617, ,CFS
SHA,H,76,INFLOW,20170827,2100,10109, ,CFS
SHA,H,76,INFLOW,20170827,2200,8854, ,CFS
SHA,H,76,INFLOW,20170827,2300,1657, ,CFS
SHA,H,76,INFLOW,20170828,0000,-420, ,CFS
SHA,H,76,INFLOW,20170828,0100,55, ,CFS
SHA,H,76,INFLOW,20170828,0200,5941, ,CFS
SHA,H,76,INFLOW,20170828,0300,-579, ,CFS
SHA,H,76,INFLOW,20170828,0400,2709, ,CFS
SHA,H,76,INFLOW,20170828,0500,-161, ,CFS
SHA,H,76,INFLOW,20170828,0600,410, ,CFS
SHA,H,76,INFLOW,20170828,0700,5030, ,CFS
SHA,H,76,INFLOW,20170828,0800,-1410, ,CFS
SHA,H,76,INFLOW,20170828,0900,1142, ,CFS
SHA,H,76,INFLOW,20170828,1000,1166, ,CFS
SHA,H,76,INFLOW,20170828,1100,-2510, ,CFS
SHA,H,76,INFLOW,20170828,1200,2825, ,CFS
SHA,H,76,INFLOW,20170828,1300,2790, ,CFS
SHA,H,76,INFLOW,20170828,1400,6206, ,CFS
SHA,H,76,INFLOW,20170828,1500,7436, ,CFS
SHA,H,76,INFLOW,20170828,1600,4425, ,CFS
SHA,H,76,INFLOW,20170828,1700,12423, ,CFS
SHA,H,76,INFLOW,20170828,1800,5477, ,CFS
SHA,H,76,INFLOW,20170828,1900,10568, ,CFS
SHA,H,76,INFLOW,20170828,2000,1558, ,CFS
SHA,H,76,INFLOW,20170828,2100,2578, ,CFS
SHA,H,76,INFLOW,20170828,2200,12288, ,CFS
SHA,H,76,INFLOW,20170828,2300,1219, ,CFS
SHA,H,76,INFLOW,20170829,0000,927, ,CFS
SHA,H,76,INFLOW,20170829,0100,2584, ,CFS
SHA,H,76,INFLOW,20170829,0200,-712, ,CFS
SHA,H,76,INFLOW,20170829,0300,5474, ,CFS
SHA,H,76,INFLOW,20170829,0400,2184, ,CFS
SHA,H,76,INFLOW,20170829,0500,-611, ,CFS
SHA,H,76,INFLOW,20170829,0600,-188, ,CFS
SHA,H,76,INFLOW,20170829,0700,5777, ,CFS
SHA,H,76,INFLOW,20170829,0800,2056, ,CFS
SHA,H,76,INFLOW,20170829,0900,-85, ,CFS
SHA,H,76,INFLOW,20170829,1000,-342, ,CFS
SHA,H,76,INFLOW,20170829,1100,-2678, ,CFS
SHA,H,76,INFLOW,20170829,1200,1430, ,CFS
SHA,H,76,INFLOW,20170829,1300,3667, ,CFS
SHA,H,76,INFLOW,20170829,1400,2630, ,CFS
SHA,H,76,INFLOW,20170829,1500,11613, ,CFS
SHA,H,76,INFLOW,20170829,1600,8642, ,CFS
SHA,H,76,INFLOW,20170829,1700,7234, ,CFS
SHA,H,76,INFLOW,20170829,1800,5276, ,CFS
SHA,H,76,INFLOW,20170829,1900,3950, ,CFS
SHA,H,76,INFLOW,20170829,2000,4106, ,CFS
SHA,H,76,INFLOW,20170829,2100,-2869, ,CFS
SHA,H,76,INFLOW,20170829,2200,12974, ,CFS
SHA,H,76,INFLOW,20170829,2300,5042, ,CFS
SHA,H,76,INFLOW,20170830,0000,1459, ,CFS
SHA,H,76,INFLOW,20170830,0100,1824, ,CFS
SHA,H,76,INFLOW,20170830,0200,1548, ,CFS
SHA,H,76,INFLOW,20170830,0300,1285, ,CFS
SHA,H,76,INFLOW,20170830,0400,4347, ,CFS
SHA,H,76,INFLOW,20170830,0500,-1643, ,CFS
SHA,H,76,INFLOW,20170830,0600,1993, ,CFS
SHA,H,76,INFLOW,20170830,0700,4243, ,CFS
SHA,H,76,INFLOW,20170830,0800,-1571, ,CFS
SHA,H,76,INFLOW,20170830,0900,2196, ,CFS
SHA,H,76,INFLOW,20170830,1000,-1997, ,CFS
SHA,H,76,INFLOW,20170830,1100,-1794, ,CFS
SHA,H,76,INFLOW,20170830,1200,5304, ,CFS
SHA,H,76,INFLOW,20170830,1300,-3178, ,CFS
SHA,H,76,INFLOW,20170830,1400,3986, ,CFS
SHA,H,76,INFLOW,20170830,1500,5066, ,CFS
SHA,H,76,INFLOW,20170830,1600,2748, ,CFS
SHA,H,76,INFLOW,20170830,1700,6966, ,CFS
SHA,H,76,INFLOW,20170830,1800,5643, ,CFS
SHA,H,76,INFLOW,20170830,1900,10189, ,CFS
SHA,H,76,INFLOW,20170830,2000,6435, ,CFS
SHA,H,76,INFLOW,20170830,2100,11551, ,CFS
SHA,H,76,INFLOW,20170830,2200,759, ,CFS
SHA,H,76,INFLOW,20170830,2300,9041, ,CFS
SHA,H,76,INFLOW,20170831,0000,-743, ,CFS
SHA,H,76,INFLOW,20170831,0100,1738, ,CFS
SHA,H,76,INFLOW,20170831,0200,4622, ,CFS
SHA,H,76,INFLOW,20170831,0300,1525, ,CFS
SHA,H,76,INFLOW,20170831,0400,1391, ,CFS
SHA,H,76,INFLOW,20170831,0500,1586, ,CFS
SHA,H,76,INFLOW,20170831,0600,-1166, ,CFS
SHA,H,76,INFLOW,20170831,0700,6385, ,CFS
SHA,H,76,INFLOW,20170831,0800,9, ,CFS
SHA,H,76,INFLOW,20170831,0900,1486, ,CFS
SHA,H,76,INFLOW,20170831,1000,1002, ,CFS
SHA,H,76,INFLOW,20170831,1100,1014, ,CFS
SHA,H,76,INFLOW,20170831,1200,1333, ,CFS
SHA,H,76,INFLOW,20170831,1300,88, ,CFS
SHA,H,76,INFLOW,20170831,1400,1373, ,CFS
SHA,H,76,INFLOW,20170831,1500,-276, ,CFS
SHA,H,76,INFLOW,20170831,1600,12100, ,CFS
SHA,H,76,INFLOW,20170831,1700,6604, ,CFS
SHA,H,76,INFLOW,20170831,1800,8867, ,CFS
SHA,H,76,INFLOW,20170831,1900,5845, ,CFS
SHA,H,76,INFLOW,20170831,2000,1419, ,CFS
SHA,H,76,INFLOW,20170831,2100,7777, ,CFS
SHA,H,76,INFLOW,20170831,2200,9633, ,CFS
SHA,H,76,INFLOW,20170831,2300,7027, ,CFS
SHA,H,76,INFLOW,20170901,0000,6288, ,CFS
SHA,H,76,INFLOW,20170901,0100,2426, ,CFS
SHA,H,76,INFLOW,20170901,0200,-4170, ,CFS
SHA,H,76,INFLOW,20170901,0300,7860, ,CFS
SHA,H,76,INFLOW,20170901,0400,-1565, ,CFS
SHA,H,76,INFLOW,20170901,0500,-1667, ,CFS
SHA,H,76,INFLOW,20170901,0600,5219, ,CFS
SHA,H,76,INFLOW,20170901,0700,181, ,CFS
SHA,H,76,INFLOW,20170901,0800,3401, ,CFS
SHA,H,76,INFLOW,20170901,0900,1556, ,CFS
SHA,H,76,INFLOW,20170901,1000,-2110, ,CFS
SHA,H,76,INFLOW,20170901,1100,1468, ,CFS
SHA,H,76,INFLOW,20170901,1200,5194, ,CFS
SHA,H,76,INFLOW,20170901,1300,7490, ,CFS
SHA,H,76,INFLOW,20170901,1400,5399, ,CFS
SHA,H,76,INFLOW,20170901,1500,1311, ,CFS
SHA,H,76,INFLOW,20170901,1600,12174, ,CFS
SHA,H,76,INFLOW,20170901,1700,2984, ,CFS
SHA,H,76,INFLOW,20170901,1800,-984, ,CFS
SHA,H,76,INFLOW,20170901,1900,10096, ,CFS
SHA,H,76,INFLOW,20170901,2000,126, ,CFS
SHA,H,76,INFLOW,20170901,2100,7156, ,CFS
SHA,H,76,INFLOW,20170901,2200,11658, ,CFS
SHA,H,76,INFLOW,20170901,2300,2107, ,CFS
SHA,H,76,INFLOW,20170902,0000,8272, ,CFS
SHA,H,76,INFLOW,20170902,0100,-1056, ,CFS
SHA,H,76,INFLOW,20170902,0200,-1146, ,CFS
SHA,H,76,INFLOW,20170902,0300,8520, ,CFS
SHA,H,76,INFLOW,20170902,0400,-3918, ,CFS
SHA,H,76,INFLOW,20170902,0500,2308, ,CFS
SHA,H,76,INFLOW,20170902,0600,2576, ,CFS
SHA,H,76,INFLOW,20170902,0700,34, ,CFS
SHA,H,76,INFLOW,20170902,0800,3495, ,CFS
SHA,H,76,INFLOW,20170902,0900,-2194, ,CFS
SHA,H,76,INFLOW,20170902,1000,699, ,CFS
SHA,H,76,INFLOW,20170902,1100,1665, ,CFS
SHA,H,76,INFLOW,20170902,1200,-1150, ,CFS
SHA,H,76,INFLOW,20170902,1300,-720, ,CFS
SHA,H,76,INFLOW,20170902,1400,6324, ,CFS
SHA,H,76,INFLOW,20170902,1500,574, ,CFS
SHA,H,76,INFLOW,20170902,1600,13677, ,CFS
SHA,H,76,INFLOW,20170902,1700,7340, ,CFS
SHA,H,76,INFLOW,20170902,1800,7940, ,CFS
SHA,H,76,INFLOW,20170902,1900,7030, ,CFS
SHA,H,76,INFLOW,20170902,2000,4445, ,CFS
SHA,H,76,INFLOW,20170902,2100,11251, ,CFS
SHA,H,76,INFLOW,20170902,2200,8069, ,CFS
SHA,H,76,INFLOW,20170902,2300,3049, ,CFS
SHA,H,76,INFLOW,20170903,0000,5331, ,CFS
SHA,H,76,INFLOW,20170903,0100,-2441, ,CFS
SHA,H,76,INFLOW,20170903,0200,3494, ,CFS
SHA,H,76,INFLOW,20170903,0300,3859, ,CFS
SHA,H,76,INFLOW,20170903,0400,885, ,CFS
SHA,H,76,INFLOW,20170903,0500,3788, ,CFS
SHA,H,76,INFLOW,20170903,0600,-109, ,CFS
SHA,H,76,INFLOW,20170903,0700,1118, ,CFS
SHA,H,76,INFLOW,20170903,0800,4062, ,CFS
SHA,H,76,INFLOW,20170903,0900,-2818, ,CFS
SHA,H,76,INFLOW,20170903,1000,1134, ,CFS
SHA,H,76,INFLOW,20170903,1100,1026, ,CFS
SHA,H,76,INFLOW,20170903,1200,-964, ,CFS
SHA,H,76,INFLOW,20170903,1300,610, ,CFS
SHA,H,76,INFLOW,20170903,1400,1622, ,CFS
SHA,H,76,INFLOW,20170903,1500,3998, ,CFS
SHA,H,76,INFLOW,20170903,1600,9279, ,CFS
SHA,H,76,INFLOW,20170903,1700,6502, ,CFS
SHA,H,76,INFLOW,20170903,1800,9699, ,CFS
SHA,H,76,INFLOW,20170903,1900,5948, ,CFS
SHA,H,76,INFLOW,20170903,2000,11636, ,CFS
SHA,H,76,INFLOW,20170903,2100,8644, ,CFS
SHA,H,76,INFLOW,20170903,2200,2455, ,CFS
SHA,H,76,INFLOW,20170903,2300,8060, ,CFS
SHA,H,76,INFLOW,20170904,0000,2454, ,CFS
SHA,H,76,INFLOW,20170904,0100,1509, ,CFS
SHA,H,76,INFLOW,20170904,0200,7758, ,CFS
SHA,H,76,INFLOW,20170904,0300,-4738, ,CFS
SHA,H,76,INFLOW,20170904,0400,4285, ,CFS
SHA,H,76,INFLOW,20170904,0500,1258, ,CFS
SHA,H,76,INFLOW,20170904,0600,-1042, ,CFS
SHA,H,76,INFLOW,20170904,0700,3305, ,CFS
SHA,H,76,INFLOW,20170904,0800,3692, ,CFS
SHA,H,76,INFLOW,20170904,0900,-4070, ,CFS
SHA,H,76,INFLOW,20170904,1000,2289, ,CFS
SHA,H,76,INFLOW,20170904,1100,-1261, ,CFS
SHA,H,76,INFLOW,20170904,1200,1680, ,CFS
SHA,H,76,INFLOW,20170904,1300,783, ,CFS
SHA,H,76,INFLOW,20170904,1400,1172, ,CFS
SHA,H,76,INFLOW,20170904,1500,2217, ,CFS
SHA,H,76,INFLOW,20170904,1600,6920, ,CFS
SHA,H,76,INFLOW,20170904,1700,11173, ,CFS
SHA,H,76,INFLOW,20170904,1800,4860, ,CFS
SHA,H,76,INFLOW,20170904,1900,3182, ,CFS
SHA,H,76,INFLOW,20170904,2000,12791, ,CFS
SHA,H,76,INFLOW,20170904,2100,3244, ,CFS
SHA,H,76,INFLOW,20170904,2200,7176, ,CFS
SHA,H,76,INFLOW,20170904,2300,4025, ,CFS
SHA,H,76,INFLOW,20170905,0000,4368, ,CFS
SHA,H,76,INFLOW,20170905,0100,4996, ,CFS
SHA,H,76,INFLOW,20170905,0200,1919, ,CFS
SHA,H,76,INFLOW,20170905,0300,1794, ,CFS
SHA,H,76,INFLOW,20170905,0400,2017, ,CFS
SHA,H,76,INFLOW,20170905,0500,-878, ,CFS
SHA,H,76,INFLOW,20170905,0600,-261, ,CFS
SHA,H,76,INFLOW,20170905,0700,3465, ,CFS
SHA,H,76,INFLOW,20170905,0800,884, ,CFS
SHA,H,76,INFLOW,20170905,0900,1966, ,CFS
SHA,H,76,INFLOW,20170905,1000,1162, ,CFS
SHA,H,76,INFLOW,20170905,1100,2201, ,CFS
SHA,H,76,INFLOW,20170905,1200,984, ,CFS
SHA,H,76,INFLOW,20170905,1300,1773, ,CFS
SHA,H,76,INFLOW,20170905,1400,-776, ,CFS
SHA,H,76,INFLOW,20170905,1500,8024, ,CFS
SHA,H,76,INFLOW,20170905,1600,5562, ,CFS
SHA,H,76,INFLOW,20170905,1700,9164, ,CFS
SHA,H,76,INFLOW,20170905,1800,-6031, ,CFS
SHA,H,76,INFLOW,20170905,1900,19770, ,CFS
SHA,H,76,INFLOW,20170905,2000,-2209, ,CFS
SHA,H,76,INFLOW,20170905,2100,22331, ,CFS
SHA,H,76,INFLOW,20170905,2200,-9550, ,CFS
SHA,H,76,INFLOW,20170905,2300,6474, ,CFS
SHA,H,76,INFLOW,20170906,0000,14446, ,CFS
SHA,H,76,INFLOW,20170906,0100,-8829, ,CFS
SHA,H,76,INFLOW,20170906,0200,9615, ,CFS
SHA,H,76,INFLOW,20170906,0300,-2759, ,CFS
SHA,H,76,INFLOW,20170906,0400,328, ,CFS
SHA,H,76,INFLOW,20170906,0500,6531, ,CFS
SHA,H,76,INFLOW,20170906,0600,-2382, ,CFS
SHA,H,76,INFLOW,20170906,0700,4351, ,CFS
SHA,H,76,INFLOW,20170906,0800,4944, ,CFS
SHA,H,76,INFLOW,20170906,0900,-98, ,CFS
SHA,H,76,INFLOW,20170906,1000,2913, ,CFS
SHA,H,76,INFLOW,20170906,1100,-2815, ,CFS
SHA,H,76,INFLOW,20170906,1200,2285, ,CFS
SHA,H,76,INFLOW,20170906,1300,2511, ,CFS
SHA,H,76,INFLOW,20170906,1400,-2065, ,CFS
SHA,H,76,INFLOW,20170906,1500,8995, ,CFS
SHA,H,76,INFLOW,20170906,1600,435, ,CFS
SHA,H,76,INFLOW,20170906,1700,12097, ,CFS
SHA,H,76,INFLOW,20170906,1800,5317, ,CFS
SHA,H,76,INFLOW,20170906,1900,6655, ,CFS
SHA,H,76,INFLOW,20170906,2000,6012, ,CFS
SHA,H,76,INFLOW,20170906,2100,6673, ,CFS
SHA,H,76,INFLOW,20170906,2200,6966, ,CFS
SHA,H,76,INFLOW,20170906,2300,5370, ,CFS
SHA,H,76,INFLOW,20170907,0000,7380, ,CFS
SHA,H,76,INFLOW,20170907,0100,-1642, ,CFS
SHA,H,76,INFLOW,20170907,0200,3378, ,CFS
SHA,H,76,INFLOW,20170907,0300,3309, ,CFS
SHA,H,76,INFLOW,20170907,0400,-2851, ,CFS
SHA,H,76,INFLOW,20170907,0500,6395, ,CFS
SHA,H,76,INFLOW,20170907,0600,-5376, ,CFS
SHA,H,76,INFLOW,20170907,0700,9218, ,CFS
SHA,H,76,INFLOW,20170907,0800,3211, ,CFS
SHA,H,76,INFLOW,20170907,0900,7172, ,CFS
SHA,H,76,INFLOW,20170907,1000,-1076, ,CFS
SHA,H,76,INFLOW,20170907,1100,2513, ,CFS
SHA,H,76,INFLOW,20170907,1200,5907, ,CFS
SHA,H,76,INFLOW,20170907,1300,80, ,CFS
SHA,H,76,INFLOW,20170907,1400,-1657, ,CFS
SHA,H,76,INFLOW,20170907,1500,743, ,CFS
SHA,H,76,INFLOW,20170907,1600,3379, ,CFS
SHA,H,76,INFLOW,20170907,1700,4483, ,CFS
SHA,H,76,INFLOW,20170907,1800,9448, ,CFS
SHA,H,76,INFLOW,20170907,1900,2933, ,CFS
SHA,H,76,INFLOW,20170907,2000,4413, ,CFS
SHA,H,76,INFLOW,20170907,2100,14945, ,CFS
SHA,H,76,INFLOW,20170907,2200,96, ,CFS
SHA,H,76,INFLOW,20170907,2300,5563, ,CFS
SHA,H,76,INFLOW,20170908,0000,7099, ,CFS
SHA,H,76,INFLOW,20170908,0100,-1666, ,CFS
SHA,H,76,INFLOW,20170908,0200,8100, ,CFS
SHA,H,76,INFLOW,20170908,0300,-1013, ,CFS
SHA,H,76,INFLOW,20170908,0400,4669, ,CFS
SHA,H,76,INFLOW,20170908,0500,-1286, ,CFS
SHA,H,76,INFLOW,20170908,0600,-643, ,CFS
SHA,H,76,INFLOW,20170908,0700,6514, ,CFS
SHA,H,76,INFLOW,20170908,0800,10234, ,CFS
SHA,H,76,INFLOW,20170908,0900,3298, ,CFS
SHA,H,76,INFLOW,20170908,1000,-1734, ,CFS
SHA,H,76,INFLOW,20170908,1100,1888, ,CFS
SHA,H,76,INFLOW,20170908,1200,2778, ,CFS
SHA,H,76,INFLOW,20170908,1300,-292, ,CFS
SHA,H,76,INFLOW,20170908,1400,2055, ,CFS
SHA,H,76,INFLOW,20170908,1500,4242, ,CFS
SHA,H,76,INFLOW,20170908,1600,2328, ,CFS
SHA,H,76,INFLOW,20170908,1700,3062, ,CFS
SHA,H,76,INFLOW,20170908,1800,5816, ,CFS
SHA,H,76,INFLOW,20170908,1900,9710, ,CFS
SHA,H,76,INFLOW,20170908,2000,6144, ,CFS
SHA,H,76,INFLOW,20170908,2100,8690, ,CFS
SHA,H,76,INFLOW,20170908,2200,4538, ,CFS
SHA,H,76,INFLOW,20170908,2300,5420, ,CFS
SHA,H,76,INFLOW,20170909,0000,7454, ,CFS
SHA,H,76,INFLOW,20170909,0100,-992, ,CFS
SHA,H,76,INFLOW,20170909,0200,5146, ,CFS
SHA,H,76,INFLOW,20170909,0300,4609, ,CFS
SHA,H,76,INFLOW,20170909,0400,-1836, ,CFS
SHA,H,76,INFLOW,20170909,0500,4507, ,CFS
SHA,H,76,INFLOW,20170909,0600,-4232, ,CFS
SHA,H,76,INFLOW,20170909,0700,6684, ,CFS
SHA,H,76,INFLOW,20170909,0800,705, ,CFS
SHA,H,76,INFLOW,20170909,0900,-902, ,CFS
SHA,H,76,INFLOW,20170909,1000,-898, ,CFS
SHA,H,76,INFLOW,20170909,1100,-1190, ,CFS
SHA,H,76,INFLOW,20170909,1200,-708, ,CFS
SHA,H,76,INFLOW,20170909,1300,1702, ,CFS
SHA,H,76,INFLOW,20170909,1400,1458, ,CFS
SHA,H,76,INFLOW,20170909,1500,3070, ,CFS
SHA,H,76,INFLOW,20170909,1600,1217, ,CFS
SHA,H,76,INFLOW,20170909,1700,7508, ,CFS
SHA,H,76,INFLOW,20170909,1800,2976, ,CFS
SHA,H,76,INFLOW,20170909,1900,9312, ,CFS
SHA,H,76,INFLOW,20170909,2000,5857, ,CFS
SHA,H,76,INFLOW,20170909,2100,11265, ,CFS
SHA,H,76,INFLOW,20170909,2200,3695, ,CFS
SHA,H,76,INFLOW,20170909,2300,6267, ,CFS
SHA,H,76,INFLOW,20170910,0000,7778, ,CFS
SHA,H,76,INFLOW,20170910,0100,5193, ,CFS
SHA,H,76,INFLOW,20170910,0200,-1558, ,CFS
SHA,H,76,INFLOW,20170910,0300,4828, ,CFS
SHA,H,76,INFLOW,20170910,0400,1607, ,CFS
SHA,H,76,INFLOW,20170910,0500,1754, ,CFS
SHA,H,76,INFLOW,20170910,0600,1743, ,CFS
SHA,H,76,INFLOW,20170910,0700,3489, ,CFS
SHA,H,76,INFLOW,20170910,0800,-2151, ,CFS
SHA,H,76,INFLOW,20170910,0900,2408, ,CFS
SHA,H,76,INFLOW,20170910,1000,-571, ,CFS
SHA,H,76,INFLOW,20170910,1100,-194, ,CFS
SHA,H,76,INFLOW,20170910,1200,-226, ,CFS
SHA,H,76,INFLOW,20170910,1300,393, ,CFS
SHA,H,76,INFLOW,20170910,1400,742, ,CFS
SHA,H,76,INFLOW,20170910,1500,-4216, ,CFS
SHA,H,76,INFLOW,20170910,1600,6070, ,CFS
SHA,H,76,INFLOW,20170910,1700,2554, ,CFS
SHA,H,76,INFLOW,20170910,1800,4808, ,CFS
SHA,H,76,INFLOW,20170910,1900,8107, ,CFS
SHA,H,76,INFLOW,20170910,2000,10111, ,CFS
SHA,H,76,INFLOW,20170910,2100,4296, ,CFS
SHA,H,76,INFLOW,20170910,2200,11392, ,CFS
SHA,H,76,INFLOW,20170910,2300,4679, ,CFS
SHA,H,76,INFLOW,20170911,0000,3520, ,CFS
SHA,H,76,INFLOW,20170911,0100,1202, ,CFS
SHA,H,76,INFLOW,20170911,0200,4424, ,CFS
SHA,H,76,INFLOW,20170911,0300,3929, ,CFS
SHA,H,76,INFLOW,20170911,0400,835, ,CFS
SHA,H,76,INFLOW,20170911,0500,-2036, ,CFS
SHA,H,76,INFLOW,20170911,0600,1451, ,CFS
SHA,H,76,INFLOW,20170911,0700,3374, ,CFS
SHA,H,76,INFLOW,20170911,0800,635, ,CFS
SHA,H,76,INFLOW,20170911,0900,2429, ,CFS
SHA,H,76,INFLOW,20170911,1000,110, ,CFS
SHA,H,76,INFLOW,20170911,1100,123, ,CFS
SHA,H,76,INFLOW,20170911,1200,2348, ,CFS
SHA,H,76,INFLOW,20170911,1300,-2759, ,CFS
SHA,H,76,INFLOW,20170911,1400,8609, ,CFS
SHA,H,76,INFLOW,20170911,1500,1644, ,CFS
SHA,H,76,INFLOW,20170911,1600,2810, ,CFS
SHA,H,76,INFLOW,20170911,1700,5201, ,CFS
SHA,H,76,INFLOW,20170911,1800,4106, ,CFS
SHA,H,76,INFLOW,20170911,1900,-3134, ,CFS
SHA,H,76,INFLOW,20170911,2000,8123, ,CFS
SHA,H,76,INFLOW,20170911,2100,3941, ,CFS
SHA,H,76,INFLOW,20170911,2200,8518, ,CFS
SHA,H,76,INFLOW,20170911,2300,7838, ,CFS
SHA,H,76,INFLOW,20170912,0000,10445, ,CFS
SHA,H,76,INFLOW,20170912,0100,-1428, ,CFS
SHA,H,76,INFLOW,20170912,0200,1378, ,CFS
SHA,H,76,INFLOW,20170912,0300,3737, ,CFS
SHA,H,76,INFLOW,20170912,0400,-1848, ,CFS
SHA,H,76,INFLOW,20170912,0500,4236, ,CFS
SHA,H,76,INFLOW,20170912,0600,-4294, ,CFS
SHA,H,76,INFLOW,20170912,0700,362, ,CFS
SHA,H,76,INFLOW,20170912,0800,6467, ,CFS
SHA,H,76,INFLOW,20170912,0900,4385, ,CFS
SHA,H,76,INFLOW,20170912,1000,2111, ,CFS
SHA,H,76,INFLOW,20170912,1100,-333, ,CFS
SHA,H,76,INFLOW,20170912,1200,-2904, ,CFS
SHA,H,76,INFLOW,20170912,1300,998, ,CFS
SHA,H,76,INFLOW,20170912,1400,3168, ,CFS
SHA,H,76,INFLOW,20170912,1500,2329, ,CFS
SHA,H,76,INFLOW,20170912,1600,5011, ,CFS
SHA,H,76,INFLOW,20170912,1700,4751, ,CFS
SHA,H,76,INFLOW,20170912,1800,7551, ,CFS
SHA,H,76,INFLOW,20170912,1900,3760, ,CFS
SHA,H,76,INFLOW,20170912,2000,760, ,CFS
SHA,H,76,INFLOW,20170912,2100,3460, ,CFS
SHA,H,76,INFLOW,20170912,2200,466, ,CFS
SHA,H,76,INFLOW,20170912,2300,12432, ,CFS
SHA,H,76,INFLOW,20170913,0000,5054, ,CFS
SHA,H,76,INFLOW,20170913,0100,3582, ,CFS
SHA,H,76,INFLOW,20170913,0200,3092, ,CFS
SHA,H,76,INFLOW,20170913,0300,2511, ,CFS
SHA,H,76,INFLOW,20170913,0400,2529, ,CFS
SHA,H,76,INFLOW,20170913,0500,-355, ,CFS
SHA,H,76,INFLOW,20170913,0600,3357, ,CFS
SHA,H,76,INFLOW,20170913,0700,2441, ,CFS
SHA,H,76,INFLOW,20170913,0800,12091, ,CFS
SHA,H,76,INFLOW,20170913,0900,2468, ,CFS
SHA,H,76,INFLOW,20170913,1000,-775, ,CFS
SHA,H,76,INFLOW,20170913,1100,2809, ,CFS
SHA,H,76,INFLOW,20170913,1200,2979, ,CFS
SHA,H,76,INFLOW,20170913,1300,-1755, ,CFS
SHA,H,76,INFLOW,20170913,1400,1811, ,CFS
SHA,H,76,INFLOW,20170913,1500,592, ,CFS
SHA,H,76,INFLOW,20170913,1600,4035, ,CFS
SHA,H,76,INFLOW,20170913,1700,4272, ,CFS
SHA,H,76,INFLOW,20170913,1800,6105, ,CFS
SHA,H,76,INFLOW,20170913,1900,9301, ,CFS
SHA,H,76,INFLOW,20170913,2000,6496, ,CFS
SHA,H,76,INFLOW,20170913,2100,9315, ,CFS
SHA,H,76,INFLOW,20170913,2200,6467, ,CFS
SHA,H,76,INFLOW,20170913,2300,3683, ,CFS
SHA,H,76,INFLOW,20170914,0000,4686, ,CFS
SHA,H,76,INFLOW,20170914,0100,2769, ,CFS
SHA,H,76,INFLOW,20170914,0200,2091, ,CFS
SHA,H,76,INFLOW,20170914,0300,4764, ,CFS
SHA,H,76,INFLOW,20170914,0400,1830, ,CFS
SHA,H,76,INFLOW,20170914,0500,2148, ,CFS
SHA,H,76,INFLOW,20170914,0600,524, ,CFS
SHA,H,76,INFLOW,20170914,0700,9009, ,CFS
SHA,H,76,INFLOW,20170914,0800,10256, ,CFS
SHA,H,76,INFLOW,20170914,0900,6777, ,CFS
SHA,H,76,INFLOW,20170914,1000,-316, ,CFS
SHA,H,76,INFLOW,20170914,1100,2900, ,CFS
SHA,H,76,INFLOW,20170914,1200,3114, ,CFS
SHA,H,76,INFLOW,20170914,1300,-2271, ,CFS
SHA,H,76,INFLOW,20170914,1400,3549, ,CFS
SHA,H,76,INFLOW,20170914,1500,1250, ,CFS
SHA,H,76,INFLOW,20170914,1600,2000, ,CFS
SHA,H,76,INFLOW,20170914,1700,2625, ,CFS
SHA,H,76,INFLOW,20170914,1800,1804, ,CFS
SHA,H,76,INFLOW,20170914,1900,5601, ,CFS
SHA,H,76,INFLOW,20170914,2000,6076, ,CFS
SHA,H,76,INFLOW,20170914,2100,8657, ,CFS
SHA,H,76,INFLOW,20170914,2200,9115, ,CFS
SHA,H,76,INFLOW,20170914,2300,2574, ,CFS
SHA,H,76,INFLOW,20170915,0000,9025, ,CFS
SHA,H,76,INFLOW,20170915,0100,2422, ,CFS
SHA,H,76,INFLOW,20170915,0200,-939, ,CFS
SHA,H,76,INFLOW,20170915,0300,4972, ,CFS
SHA,H,76,INFLOW,20170915,0400,2222, ,CFS
SHA,H,76,INFLOW,20170915,0500,-377, ,CFS
SHA,H,76,INFLOW,20170915,0600,1813, ,CFS
SHA,H,76,INFLOW,20170915,0700,1919, ,CFS
SHA,H,76,INFLOW,20170915,0800,10659, ,CFS
SHA,H,76,INFLOW,20170915,0900,2859, ,CFS
SHA,H,76,INFLOW,20170915,1000,-400, ,CFS
SHA,H,76,INFLOW,20170915,1100,2526, ,CFS
SHA,H,76,INFLOW,20170915,1200,-3884, ,CFS
SHA,H,76,INFLOW,20170915,1300,2354, ,CFS
SHA,H,76,INFLOW,20170915,1400,-26, ,CFS
SHA,H,76,INFLOW,20170915,1500,1503, ,CFS
SHA,H,76,INFLOW,20170915,1600,2194, ,CFS
SHA,H,76,INFLOW,20170915,1700,-266, ,CFS
SHA,H,76,INFLOW,20170915,1800,489, ,CFS
SHA,H,76,INFLOW,20170915,1900,6389, ,CFS
SHA,H,76,INFLOW,20170915,2000,6378, ,CFS
SHA,H,76,INFLOW,20170915,2100,9360, ,CFS
SHA,H,76,INFLOW,20170915,2200,5811, ,CFS
SHA,H,76,INFLOW,20170915,2300,7617, ,CFS
SHA,H,76,INFLOW,20170916,0000,5414, ,CFS
SHA,H,76,INFLOW,20170916,0100,5454, ,CFS
SHA,H,76,INFLOW,20170916,0200,5230, ,CFS
SHA,H,76,INFLOW,20170916,0300,2015, ,CFS
SHA,H,76,INFLOW,20170916,0400,5066, ,CFS
SHA,H,76,INFLOW,20170916,0500,2432, ,CFS
SHA,H,76,INFLOW,20170916,0600,-194, ,CFS
SHA,H,76,INFLOW,20170916,0700,14804, ,CFS
SHA,H,76,INFLOW,20170916,0800,2490, ,CFS
SHA,H,76,INFLOW,20170916,0900,7797, ,CFS
SHA,H,76,INFLOW,20170916,1000,-1429, ,CFS
SHA,H,76,INFLOW,20170916,1100,-1030, ,CFS
SHA,H,76,INFLOW,20170916,1200,5234, ,CFS
SHA,H,76,INFLOW,20170916,1300,-1659, ,CFS
SHA,H,76,INFLOW,20170916,1400,-1030, ,CFS
SHA,H,76,INFLOW,20170916,1500,6217, ,CFS
SHA,H,76,INFLOW,20170916,1600,-4545, ,CFS
SHA,H,76,INFLOW,20170916,1700,6154, ,CFS
SHA,H,76,INFLOW,20170916,1800,2964, ,CFS
SHA,H,76,INFLOW,20170916,1900,8442, ,CFS
SHA,H,76,INFLOW,20170916,2000,8140, ,CFS
SHA,H,76,INFLOW,20170916,2100,8494, ,CFS
SHA,H,76,INFLOW,20170916,2200,9536, ,CFS
SHA,H,76,INFLOW,20170916,2300,7105, ,CFS
SHA,H,76,INFLOW,20170917,0000,5687, ,CFS
SHA,H,76,INFLOW,20170917,0100,8032, ,CFS
SHA,H,76,INFLOW,20170917,0200,-1264, ,CFS
SHA,H,76,INFLOW,20170917,0300,-1397, ,CFS
SHA,H,76,INFLOW,20170917,0400,4688, ,CFS
SHA,H,76,INFLOW,20170917,0500,-1490, ,CFS
SHA,H,76,INFLOW,20170917,0600,1644, ,CFS
SHA,H,76,INFLOW,20170917,0700,4275, ,CFS
SHA,H,76,INFLOW,20170917,0800,1820, ,CFS
SHA,H,76,INFLOW,20170917,0900,1700, ,CFS
SHA,H,76,INFLOW,20170917,1000,-1599, ,CFS
SHA,H,76,INFLOW,20170917,1100,1861, ,CFS
SHA,H,76,INFLOW,20170917,1200,-758, ,CFS
SHA,H,76,INFLOW,20170917,1300,2668, ,CFS
SHA,H,76,INFLOW,20170917,1400,-1051, ,CFS
SHA,H,76,INFLOW,20170917,1500,-648, ,CFS
SHA,H,76,INFLOW,20170917,1600,-914, ,CFS
SHA,H,76,INFLOW,20170917,1700,2386, ,CFS
SHA,H,76,INFLOW,20170917,1800,2717, ,CFS
SHA,H,76,INFLOW,20170917,1900,6522, ,CFS
SHA,H,76,INFLOW,20170917,2000,3215, ,CFS
SHA,H,76,INFLOW,20170917,2100,6091, ,CFS
SHA,H,76,INFLOW,20170917,2200,10708, ,CFS
SHA,H,76,INFLOW,20170917,2300,2906, ,CFS
SHA,H,76,INFLOW,20170918,0000,5474, ,CFS
SHA,H,76,INFLOW,20170918,0100,1557, ,CFS
SHA,H,76,INFLOW,20170918,0200,4516, ,CFS
SHA,H,76,INFLOW,20170918,0300,1159, ,CFS
SHA,H,76,INFLOW,20170918,0400,-1934, ,CFS
SHA,H,76,INFLOW,20170918,0500,4698, ,CFS
SHA,H,76,INFLOW,20170918,0600,-766, ,CFS
SHA,H,76,INFLOW,20170918,0700,8897, ,CFS
SHA,H,76,INFLOW,20170918,0800,7089, ,CFS
SHA,H,76,INFLOW,20170918,0900,3122, ,CFS
SHA,H,76,INFLOW,20170918,1000,73, ,CFS
SHA,H,76,INFLOW,20170918,1100,20, ,CFS
SHA,H,76,INFLOW,20170918,1200,3559, ,CFS
SHA,H,76,INFLOW,20170918,1300,-1379, ,CFS
SHA,H,76,INFLOW,20170918,1400,1951, ,CFS
SHA,H,76,INFLOW,20170918,1500,2258, ,CFS
SHA,H,76,INFLOW,20170918,1600,-1730, ,CFS
SHA,H,76,INFLOW,20170918,1700,2997, ,CFS
SHA,H,76,INFLOW,20170918,1800,6191, ,CFS
SHA,H,76,INFLOW,20170918,1900,5519, ,CFS
SHA,H,76,INFLOW,20170918,2000,8948, ,CFS
SHA,H,76,INFLOW,20170918,2100,3426, ,CFS
SHA,H,76,INFLOW,20170918,2200,5639, ,CFS
SHA,H,76,INFLOW,20170918,2300,7941, ,CFS
SHA,H,76,INFLOW,20170919,0000,7045, ,CFS
SHA,H,76,INFLOW,20170919,0100,7629, ,CFS
SHA,H,76,INFLOW,20170919,0200,-987, ,CFS
SHA,H,76,INFLOW,20170919,0300,-1397, ,CFS
SHA,H,76,INFLOW,20170919,0400,4675, ,CFS
SHA,H,76,INFLOW,20170919,0500,2274, ,CFS
SHA,H,76,INFLOW,20170919,0600,900, ,CFS
SHA,H,76,INFLOW,20170919,0700,9338, ,CFS
SHA,H,76,INFLOW,20170919,0800,4849, ,CFS
SHA,H,76,INFLOW,20170919,0900,3757, ,CFS
SHA,H,76,INFLOW,20170919,1000,2255, ,CFS
SHA,H,76,INFLOW,20170919,1100,1351, ,CFS
SHA,H,76,INFLOW,20170919,1200,1582, ,CFS
SHA,H,76,INFLOW,20170919,1300,-1345, ,CFS
SHA,H,76,INFLOW,20170919,1400,2981, ,CFS
SHA,H,76,INFLOW,20170919,1500,2465, ,CFS
SHA,H,76,INFLOW,20170919,1600,-4707, ,CFS
SHA,H,76,INFLOW,20170919,1700,6088, ,CFS
SHA,H,76,INFLOW,20170919,1800,-5322, ,CFS
SHA,H,76,INFLOW,20170919,1900,12693, ,CFS
SHA,H,76,INFLOW,20170919,2000,3365, ,CFS
SHA,H,76,INFLOW,20170919,2100,9126, ,CFS
SHA,H,76,INFLOW,20170919,2200,11230, ,CFS
SHA,H,76,INFLOW,20170919,2300,8685, ,CFS
SHA,H,76,INFLOW,20170920,0000,5370, ,CFS
SHA,H,76,INFLOW,20170920,0100,3266, ,CFS
SHA,H,76,INFLOW,20170920,0200,-1531, ,CFS
SHA,H,76,INFLOW,20170920,0300,4379, ,CFS
SHA,H,76,INFLOW,20170920,0400,-1798, ,CFS
SHA,H,76,INFLOW,20170920,0500,1552, ,CFS
SHA,H,76,INFLOW,20170920,0600,3176, ,CFS
SHA,H,76,INFLOW,20170920,0700,9413, ,CFS
SHA,H,76,INFLOW,20170920,0800,3615, ,CFS
SHA,H,76,INFLOW,20170920,0900,7277, ,CFS
SHA,H,76,INFLOW,20170920,1000,-2757, ,CFS
SHA,H,76,INFLOW,20170920,1100,3641, ,CFS
SHA,H,76,INFLOW,20170920,1200,4591, ,CFS
SHA,H,76,INFLOW,20170920,1300,-6062, ,CFS
SHA,H,76,INFLOW,20170920,1400,3063, ,CFS
SHA,H,76,INFLOW,20170920,1500,-6776, ,CFS
SHA,H,76,INFLOW,20170920,1600,596, ,CFS
SHA,H,76,INFLOW,20170920,1700,4189, ,CFS
SHA,H,76,INFLOW,20170920,1800,6293, ,CFS
SHA,H,76,INFLOW,20170920,1900,3776, ,CFS
SHA,H,76,INFLOW,20170920,2000,721, ,CFS
SHA,H,76,INFLOW,20170920,2100,6395, ,CFS
SHA,H,76,INFLOW,20170920,2200,7450, ,CFS
SHA,H,76,INFLOW,20170920,2300,9764, ,CFS
SHA,H,76,INFLOW,20170921,0000,-1129, ,CFS
SHA,H,76,INFLOW,20170921,0100,5345, ,CFS
SHA,H,76,INFLOW,20170921,0200,-3653, ,CFS
SHA,H,76,INFLOW,20170921,0300,2254, ,CFS
SHA,H,76,INFLOW,20170921,0400,2266, ,CFS
SHA,H,76,INFLOW,20170921,0500,-752, ,CFS
SHA,H,76,INFLOW,20170921,0600,931, ,CFS
SHA,H,76,INFLOW,20170921,0700,2450, ,CFS
SHA,H,76,INFLOW,20170921,0800,2622, ,CFS
SHA,H,76,INFLOW,20170921,0900,-317, ,CFS
SHA,H,76,INFLOW,20170921,1000,2711, ,CFS
SHA,H,76,INFLOW,20170921,1100,-348, ,CFS
SHA,H,76,INFLOW,20170921,1200,2882, ,CFS
SHA,H,76,INFLOW,20170921,1300,-551, ,CFS
SHA,H,76,INFLOW,20170921,1400,5613, ,CFS
SHA,H,76,INFLOW,20170921,1500,2824, ,CFS
SHA,H,76,INFLOW,20170921,1600,5518, ,CFS
SHA,H,76,INFLOW,20170921,1700,8300, ,CFS
SHA,H,76,INFLOW,20170921,1800,8826, ,CFS
SHA,H,76,INFLOW,20170921,1900,3098, ,CFS
SHA,H,76,INFLOW,20170921,2000,6108, ,CFS
SHA,H,76,INFLOW,20170921,2100,6293, ,CFS
SHA,H,76,INFLOW,20170921,2200,5961, ,CFS
SHA,H,76,INFLOW,20170921,2300,2341, ,CFS
SHA,H,76,INFLOW,20170922,0000,10985, ,CFS
SHA,H,76,INFLOW,20170922,0100,1708, ,CFS
SHA,H,76,INFLOW,20170922,0200,1600, ,CFS
SHA,H,76,INFLOW,20170922,0300,4698, ,CFS
SHA,H,76,INFLOW,20170922,0400,-1596, ,CFS
SHA,H,76,INFLOW,20170922,0500,1666, ,CFS
SHA,H,76,INFLOW,20170922,0600,-232, ,CFS
SHA,H,76,INFLOW,20170922,0700,6521, ,CFS
SHA,H,76,INFLOW,20170922,0800,9268, ,CFS
SHA,H,76,INFLOW,20170922,0900,6302, ,CFS
SHA,H,76,INFLOW,20170922,1000,-3788, ,CFS
SHA,H,76,INFLOW,20170922,1100,2089, ,CFS
SHA,H,76,INFLOW,20170922,1200,963, ,CFS
SHA,H,76,INFLOW,20170922,1300,-2276, ,CFS
SHA,H,76,INFLOW,20170922,1400,4923, ,CFS
SHA,H,76,INFLOW,20170922,1500,2288, ,CFS
SHA,H,76,INFLOW,20170922,1600,2009, ,CFS
SHA,H,76,INFLOW,20170922,1700,1655, ,CFS
SHA,H,76,INFLOW,20170922,1800,838, ,CFS
SHA,H,76,INFLOW,20170922,1900,977, ,CFS
SHA,H,76,INFLOW,20170922,2000,6727, ,CFS
SHA,H,76,INFLOW,20170922,2100,3878, ,CFS
SHA,H,76,INFLOW,20170922,2200,11734, ,CFS
SHA,H,76,INFLOW,20170922,2300,-6455, ,CFS
SHA,H,76,INFLOW,20170923,0000,12283, ,CFS
SHA,H,76,INFLOW,20170923,0100,2443, ,CFS
SHA,H,76,INFLOW,20170923,0200,-1033, ,CFS
SHA,H,76,INFLOW,20170923,0300,8333, ,CFS
SHA,H,76,INFLOW,20170923,0400,5773, ,CFS
SHA,H,76,INFLOW,20170923,0500,5089, ,CFS
SHA,H,76,INFLOW,20170923,0600,9063, ,CFS
SHA,H,76,INFLOW,20170923,0700,5006, ,CFS
SHA,H,76,INFLOW,20170923,0800,5943, ,CFS
SHA,H,76,INFLOW,20170923,0900,-3376, ,CFS
SHA,H,76,INFLOW,20170923,1000,2145, ,CFS
SHA,H,76,INFLOW,20170923,1100,-651, ,CFS
SHA,H,76,INFLOW,20170923,1200,-527, ,CFS
SHA,H,76,INFLOW,20170923,1300,2334, ,CFS
SHA,H,76,INFLOW,20170923,1400,-1654, ,CFS
SHA,H,76,INFLOW,20170923,1500,1733, ,CFS
SHA,H,76,INFLOW,20170923,1600,1795, ,CFS
SHA,H,76,INFLOW,20170923,1700,249, ,CFS
SHA,H,76,INFLOW,20170923,1800,4974, ,CFS
SHA,H,76,INFLOW,20170923,1900,1699, ,CFS
SHA,H,76,INFLOW,20170923,2000,12505, ,CFS
SHA,H,76,INFLOW,20170923,2100,3941, ,CFS
SHA,H,76,INFLOW,20170923,2200,9283, ,CFS
SHA,H,76,INFLOW,20170923,2300,8057, ,CFS
SHA,H,76,INFLOW,20170924,0000,4742, ,CFS
SHA,H,76,INFLOW,20170924,0100,11045, ,CFS
SHA,H,76,INFLOW,20170924,0200,-1092, ,CFS
SHA,H,76,INFLOW,20170924,0300,-981, ,CFS
SHA,H,76,INFLOW,20170924,0400,5121, ,CFS
SHA,H,76,INFLOW,20170924,0500,2277, ,CFS
SHA,H,76,INFLOW,20170924,0600,-238, ,CFS
SHA,H,76,INFLOW,20170924,0700,12598, ,CFS
SHA,H,76,INFLOW,20170924,0800,3978, ,CFS
SHA,H,76,INFLOW,20170924,0900,-2502, ,CFS
SHA,H,76,INFLOW,20170924,1000,597, ,CFS
SHA,H,76,INFLOW,20170924,1100,1241, ,CFS
SHA,H,76,INFLOW,20170924,1200,-1636, ,CFS
SHA,H,76,INFLOW,20170924,1300,-1575, ,CFS
SHA,H,76,INFLOW,20170924,1400,3010, ,CFS
SHA,H,76,INFLOW,20170924,1500,399, ,CFS
SHA,H,76,INFLOW,20170924,1600,2773, ,CFS
SHA,H,76,INFLOW,20170924,1700,-1912, ,CFS
SHA,H,76,INFLOW,20170924,1800,1497, ,CFS
SHA,H,76,INFLOW,20170924,1900,9744, ,CFS
SHA,H,76,INFLOW,20170924,2000,6507, ,CFS
SHA,H,76,INFLOW,20170924,2100,9066, ,CFS
SHA,H,76,INFLOW,20170924,2200,8462, ,CFS
SHA,H,76,INFLOW,20170924,2300,7396, ,CFS
SHA,H,76,INFLOW,20170925,0000,5639, ,CFS
SHA,H,76,INFLOW,20170925,0100,1843, ,CFS
SHA,H,76,INFLOW,20170925,0200,1553, ,CFS
SHA,H,76,INFLOW,20170925,0300,4641, ,CFS
SHA,H,76,INFLOW,20170925,0400,-1377, ,CFS
SHA,H,76,INFLOW,20170925,0500,1987, ,CFS
SHA,H,76,INFLOW,20170925,0600,-417, ,CFS
SHA,H,76,INFLOW,20170925,0700,7348, ,CFS
SHA,H,76,INFLOW,20170925,0800,7266, ,CFS
SHA,H,76,INFLOW,20170925,0900,5062, ,CFS
SHA,H,76,INFLOW,20170925,1000,-1512, ,CFS
SHA,H,76,INFLOW,20170925,1100,1211, ,CFS
SHA,H,76,INFLOW,20170925,1200,-335, ,CFS
SHA,H,76,INFLOW,20170925,1300,-700, ,CFS
SHA,H,76,INFLOW,20170925,1400,4415, ,CFS
SHA,H,76,INFLOW,20170925,1500,-1293, ,CFS
SHA,H,76,INFLOW,20170925,1600,3039, ,CFS
SHA,H,76,INFLOW,20170925,1700,892, ,CFS
SHA,H,76,INFLOW,20170925,1800,9403, ,CFS
SHA,H,76,INFLOW,20170925,1900,4686, ,CFS
SHA,H,76,INFLOW,20170925,2000,8387, ,CFS
SHA,H,76,INFLOW,20170925,2100,4868, ,CFS
SHA,H,76,INFLOW,20170925,2200,9435, ,CFS
SHA,H,76,INFLOW,20170925,2300,4402, ,CFS
SHA,H,76,INFLOW,20170926,0000,8596, ,CFS
SHA,H,76,INFLOW,20170926,0100,1669, ,CFS
SHA,H,76,INFLOW,20170926,0200,1522, ,CFS
SHA,H,76,INFLOW,20170926,0300,4425, ,CFS
SHA,H,76,INFLOW,20170926,0400,1381, ,CFS
SHA,H,76,INFLOW,20170926,0500,283, ,CFS
SHA,H,76,INFLOW,20170926,0600,1153, ,CFS
SHA,H,76,INFLOW,20170926,0700,2967, ,CFS
SHA,H,76,INFLOW,20170926,0800,9323, ,CFS
SHA,H,76,INFLOW,20170926,0900,4386, ,CFS
SHA,H,76,INFLOW,20170926,1000,-1723, ,CFS
SHA,H,76,INFLOW,20170926,1100,-342, ,CFS
SHA,H,76,INFLOW,20170926,1200,-368, ,CFS
SHA,H,76,INFLOW,20170926,1300,1216, ,CFS
SHA,H,76,INFLOW,20170926,1400,235, ,CFS
SHA,H,76,INFLOW,20170926,1500,-2059, ,CFS
SHA,H,76,INFLOW,20170926,1600,4614, ,CFS
SHA,H,76,INFLOW,20170926,1700,3219, ,CFS
SHA,H,76,INFLOW,20170926,1800,3905, ,CFS
SHA,H,76,INFLOW,20170926,1900,9954, ,CFS
SHA,H,76,INFLOW,20170926,2000,6967, ,CFS
SHA,H,76,INFLOW,20170926,2100,9873, ,CFS
SHA,H,76,INFLOW,20170926,2200,10075, ,CFS
SHA,H,76,INFLOW,20170926,2300,1861, ,CFS
SHA,H,76,INFLOW,20170927,0000,5647, ,CFS
SHA,H,76,INFLOW,20170927,0100,862, ,CFS
SHA,H,76,INFLOW,20170927,0200,3711, ,CFS
SHA,H,76,INFLOW,20170927,0300,1074, ,CFS
SHA,H,76,INFLOW,20170927,0400,1004, ,CFS
SHA,H,76,INFLOW,20170927,0500,4215, ,CFS
SHA,H,76,INFLOW,20170927,0600,-531, ,CFS
SHA,H,76,INFLOW,20170927,0700,4404, ,CFS
SHA,H,76,INFLOW,20170927,0800,7710, ,CFS
SHA,H,76,INFLOW,20170927,0900,3018, ,CFS
SHA,H,76,INFLOW,20170927,1000,-2830, ,CFS
SHA,H,76,INFLOW,20170927,1100,-198, ,CFS
SHA,H,76,INFLOW,20170927,1200,348, ,CFS
SHA,H,76,INFLOW,20170927,1300,892, ,CFS
SHA,H,76,INFLOW,20170927,1400,965, ,CFS
SHA,H,76,INFLOW,20170927,1500,1794, ,CFS
SHA,H,76,INFLOW,20170927,1600,6658, ,CFS
SHA,H,76,INFLOW,20170927,1700,2098, ,CFS
SHA,H,76,INFLOW,20170927,1800,6169, ,CFS
SHA,H,76,INFLOW,20170927,1900,9572, ,CFS
SHA,H,76,INFLOW,20170927,2000,5999, ,CFS
SHA,H,76,INFLOW,20170927,2100,11341, ,CFS
SHA,H,76,INFLOW,20170927,2200,2644, ,CFS
SHA,H,76,INFLOW,20170927,2300,4473, ,CFS
SHA,H,76,INFLOW,20170928,0000,6150, ,CFS
SHA,H,76,INFLOW,20170928,0100,5347, ,CFS
SHA,H,76,INFLOW,20170928,0200,2421, ,CFS
SHA,H,76,INFLOW,20170928,0300,2149, ,CFS
SHA,H,76,INFLOW,20170928,0400,2155, ,CFS
SHA,H,76,INFLOW,20170928,0500,-862, ,CFS
SHA,H,76,INFLOW,20170928,0600,1190, ,CFS
SHA,H,76,INFLOW,20170928,0700,4664, ,CFS
SHA,H,76,INFLOW,20170928,0800,4795, ,CFS
SHA,H,76,INFLOW,20170928,0900,3900, ,CFS
SHA,H,76,INFLOW,20170928,1000,611, ,CFS
SHA,H,76,INFLOW,20170928,1100,-2325, ,CFS
SHA,H,76,INFLOW,20170928,1200,1389, ,CFS
SHA,H,76,INFLOW,20170928,1300,931, ,CFS
SHA,H,76,INFLOW,20170928,1400,5942, ,CFS
SHA,H,76,INFLOW,20170928,1500,3864, ,CFS
SHA,H,76,INFLOW,20170928,1600,6602, ,CFS
SHA,H,76,INFLOW,20170928,1700,7012, ,CFS
SHA,H,76,INFLOW,20170928,1800,6265, ,CFS
SHA,H,76,INFLOW,20170928,1900,3888, ,CFS
SHA,H,76,INFLOW,20170928,2000,6742, ,CFS
SHA,H,76,INFLOW,20170928,2100,9087, ,CFS
SHA,H,76,INFLOW,20170928,2200,3384, ,CFS
SHA,H,76,INFLOW,20170928,2300,7904, ,CFS
SHA,H,76,INFLOW,20170929,0000,575, ,CFS
SHA,H,76,INFLOW,20170929,0100,5164, ,CFS
SHA,H,76,INFLOW,20170929,0200,1817, ,CFS
SHA,H,76,INFLOW,20170929,0300,4934, ,CFS
SHA,H,76,INFLOW,20170929,0400,-1129, ,CFS
SHA,H,76,INFLOW,20170929,0500,2185, ,CFS
SHA,H,76,INFLOW,20170929,0600,9, ,CFS
SHA,H,76,INFLOW,20170929,0700,8635, ,CFS
SHA,H,76,INFLOW,20170929,0800,2968, ,CFS
SHA,H,76,INFLOW,20170929,0900,6414, ,CFS
SHA,H,76,INFLOW,20170929,1000,47, ,CFS
SHA,H,76,INFLOW,20170929,1100,199, ,CFS
SHA,H,76,INFLOW,20170929,1200,3604, ,CFS
SHA,H,76,INFLOW,20170929,1300,988, ,CFS
SHA,H,76,INFLOW,20170929,1400,1509, ,CFS
SHA,H,76,INFLOW,20170929,1500,4445, ,CFS
SHA,H,76,INFLOW,20170929,1600,490, ,CFS
SHA,H,76,INFLOW,20170929,1700,6623, ,CFS
SHA,H,76,INFLOW,20170929,1800,-2360, ,CFS
SHA,H,76,INFLOW,20170929,1900,7019, ,CFS
SHA,H,76,INFLOW,20170929,2000,10028, ,CFS
SHA,H,76,INFLOW,20170929,2100,3564, ,CFS
SHA,H,76,INFLOW,20170929,2200,4293, ,CFS
SHA,H,76,INFLOW,20170929,2300,8010, ,CFS
SHA,H,76,INFLOW,20170930,0000,4420, ,CFS
SHA,H,76,INFLOW,20170930,0100,4374, ,CFS
SHA,H,76,INFLOW,20170930,0200,4195, ,CFS
SHA,H,76,INFLOW,20170930,0300,4241, ,CFS
SHA,H,76,INFLOW,20170930,0400,1035, ,CFS
SHA,H,76,INFLOW,20170930,0500,4188, ,CFS
SHA,H,76,INFLOW,20170930,0600,1793, ,CFS
SHA,H,76,INFLOW,20170930,0700,10184, ,CFS
SHA,H,76,INFLOW,20170930,0800,1623, ,CFS
SHA,H,76,INFLOW,20170930,0900,1560, ,CFS
SHA,H,76,INFLOW,20170930,1000,3976, ,CFS
SHA,H,76,INFLOW,20170930,1100,928, ,CFS
SHA,H,76,INFLOW,20170930,1200,-2113, ,CFS
SHA,H,76,INFLOW,20170930,1300,536, ,CFS
SHA,H,76,INFLOW,20170930,1400,1477, ,CFS
SHA,H,76,INFLOW,20170930,1500,2163, ,CFS
SHA,H,76,INFLOW,20170930,1600,-720, ,CFS
SHA,H,76,INFLOW,20170930,1700,3252, ,CFS
SHA,H,76,INFLOW,20170930,1800,3309, ,CFS
SHA,H,76,INFLOW,20170930,1900,5529, ,CFS
SHA,H,76,INFLOW,20170930,2000,5479, ,CFS
SHA,H,76,INFLOW,20170930,2100,4521, ,CFS
SHA,H,76,INFLOW,20170930,2200,9264, ,CFS
SHA,H,76,INFLOW,20170930,2300,5178, ,CFS
SHA,H,76,INFLOW,20171001,0000,2718, ,CFS
SHA,H,76,INFLOW,20171001,0100,3535, ,CFS
SHA,H,76,INFLOW,20171001,0200,3191, ,CFS
SHA,H,76,INFLOW,20171001,0300,192, ,CFS
SHA,H,76,INFLOW,20171001,0400,6142, ,CFS
SHA,H,76,INFLOW,20171001,0500,395, ,CFS
SHA,H,76,INFLOW,20171001,0600,-348, ,CFS
SHA,H,76,INFLOW,20171001,0700,9441, ,CFS
SHA,H,76,INFLOW,20171001,0800,5695, ,CFS
SHA,H,76,INFLOW,20171001,0900,1957, ,CFS
SHA,H,76,INFLOW,20171001,1000,7673, ,CFS
SHA,H,76,INFLOW,20171001,1100,-1090, ,CFS
SHA,H,76,INFLOW,20171001,1200,1962, ,CFS
SHA,H,76,INFLOW,20171001,1300,1765, ,CFS
SHA,H,76,INFLOW,20171001,1400,-622, ,CFS
SHA,H,76,INFLOW,20171001,1500,-125, ,CFS
SHA,H,76,INFLOW,20171001,1600,258, ,CFS
SHA,H,76,INFLOW,20171001,1700,2358, ,CFS
SHA,H,76,INFLOW,20171001,1800,-1777, ,CFS
SHA,H,76,INFLOW,20171001,1900,8703, ,CFS
SHA,H,76,INFLOW,20171001,2000,5636, ,CFS
SHA,H,76,INFLOW,20171001,2100,2062, ,CFS
SHA,H,76,INFLOW,20171001,2200,2540, ,CFS
SHA,H,76,INFLOW,20171001,2300,7991, ,CFS
SHA,H,76,INFLOW,20171002,0000,4281, ,CFS
SHA,H,76,INFLOW,20171002,0100,2207, ,CFS
SHA,H,76,INFLOW,20171002,0200,4848, ,CFS
SHA,H,76,INFLOW,20171002,0300,1827, ,CFS
SHA,H,76,INFLOW,20171002,0400,1811, ,CFS
SHA,H,76,INFLOW,20171002,0500,2545, ,CFS
SHA,H,76,INFLOW,20171002,0600,548, ,CFS
SHA,H,76,INFLOW,20171002,0700,7634, ,CFS
SHA,H,76,INFLOW,20171002,0800,2833, ,CFS
SHA,H,76,INFLOW,20171002,0900,9205, ,CFS
SHA,H,76,INFLOW,20171002,1000,6215, ,CFS
SHA,H,76,INFLOW,20171002,1100,-3227, ,CFS
SHA,H,76,INFLOW,20171002,1200,2789, ,CFS
SHA,H,76,INFLOW,20171002,1300,---, ,CFS
SHA,H,76,INFLOW,20171002,1400,-1748, ,CFS
SHA,H,76,INFLOW,20171002,1500,6794, ,CFS
SHA,H,76,INFLOW,20171002,1600,-1765, ,CFS
SHA,H,76,INFLOW,20171002,1700,1913, ,CFS
SHA,H,76,INFLOW,20171002,1800,2702, ,CFS
SHA,H,76,INFLOW,20171002,1900,3658, ,CFS
SHA,H,76,INFLOW,20171002,2000,6440, ,CFS
SHA,H,76,INFLOW,20171002,2100,8913, ,CFS
SHA,H,76,INFLOW,20171002,2200,-1289, ,CFS
SHA,H,76,INFLOW,20171002,2300,6826, ,CFS
SHA,H,76,INFLOW,20171003,0000,5851, ,CFS
SHA,H,76,INFLOW,20171003,0100,4969, ,CFS
SHA,H,76,INFLOW,20171003,0200,1911, ,CFS
SHA,H,76,INFLOW,20171003,0300,7793, ,CFS
SHA,H,76,INFLOW,20171003,0400,2352, ,CFS
SHA,H,76,INFLOW,20171003,0500,5739, ,CFS
SHA,H,76,INFLOW,20171003,0600,9106, ,CFS
SHA,H,76,INFLOW,20171003,0700,-366, ,CFS
SHA,H,76,INFLOW,20171003,0800,3540, ,CFS
SHA,H,76,INFLOW,20171003,0900,2629, ,CFS
SHA,H,76,INFLOW,20171003,1000,2453, ,CFS
SHA,H,76,INFLOW,20171003,1100,2419, ,CFS
SHA,H,76,INFLOW,20171003,1200,2485, ,CFS
SHA,H,76,INFLOW,20171003,1300,-1674, ,CFS
SHA,H,76,INFLOW,20171003,1400,1410, ,CFS
SHA,H,76,INFLOW,20171003,1500,-300, ,CFS
SHA,H,76,INFLOW,20171003,1600,-2815, ,CFS
SHA,H,76,INFLOW,20171003,1700,4393, ,CFS
SHA,H,76,INFLOW,20171003,1800,6649, ,CFS
SHA,H,76,INFLOW,20171003,1900,3854, ,CFS
SHA,H,76,INFLOW,20171003,2000,6998, ,CFS
SHA,H,76,INFLOW,20171003,2100,6808, ,CFS
SHA,H,76,INFLOW,20171003,2200,4643, ,CFS
SHA,H,76,INFLOW,20171003,2300,4834, ,CFS
SHA,H,76,INFLOW,20171004,0000,2949, ,CFS
SHA,H,76,INFLOW,20171004,0100,4723, ,CFS
SHA,H,76,INFLOW,20171004,0200,4394, ,CFS
SHA,H,76,INFLOW,20171004,0300,1450, ,CFS
SHA,H,76,INFLOW,20171004,0400,1503, ,CFS
SHA,H,76,INFLOW,20171004,0500,-754, ,CFS
SHA,H,76,INFLOW,20171004,0600,59, ,CFS
SHA,H,76,INFLOW,20171004,0700,12589, ,CFS
SHA,H,76,INFLOW,20171004,0800,702, ,CFS
SHA,H,76,INFLOW,20171004,0900,3581, ,CFS
SHA,H,76,INFLOW,20171004,1000,1318, ,CFS
SHA,H,76,INFLOW,20171004,1100,1600, ,CFS
SHA,H,76,INFLOW,20171004,1200,1610, ,CFS
SHA,H,76,INFLOW,20171004,1300,3612, ,CFS
SHA,H,76,INFLOW,20171004,1400,-180, ,CFS
SHA,H,76,INFLOW,20171004,1500,3397, ,CFS
SHA,H,76,INFLOW,20171004,1600,146, ,CFS
SHA,H,76,INFLOW,20171004,1700,-1064, ,CFS
SHA,H,76,INFLOW,20171004,1800,3944, ,CFS
SHA,H,76,INFLOW,20171004,1900,4775, ,CFS
SHA,H,76,INFLOW,20171004,2000,12909, ,CFS
SHA,H,76,INFLOW,20171004,2100,5796, ,CFS
SHA,H,76,INFLOW,20171004,2200,6814, ,CFS
SHA,H,76,INFLOW,20171004,2300,17, ,CFS
SHA,H,76,INFLOW,20171005,0000,9830, ,CFS
SHA,H,76,INFLOW,20171005,0100,6691, ,CFS
SHA,H,76,INFLOW,20171005,0200,3644, ,CFS
SHA,H,76,INFLOW,20171005,0300,3529, ,CFS
SHA,H,76,INFLOW,20171005,0400,697, ,CFS
SHA,H,76,INFLOW,20171005,0500,781, ,CFS
SHA,H,76,INFLOW,20171005,0600,-1244, ,CFS
SHA,H,76,INFLOW,20171005,0700,9219, ,CFS
SHA,H,76,INFLOW,20171005,0800,663, ,CFS
SHA,H,76,INFLOW,20171005,0900,4282, ,CFS
SHA,H,76,INFLOW,20171005,1000,-1471, ,CFS
SHA,H,76,INFLOW,20171005,1100,1526, ,CFS
SHA,H,76,INFLOW,20171005,1200,4445, ,CFS
SHA,H,76,INFLOW,20171005,1300,-2034, ,CFS
SHA,H,76,INFLOW,20171005,1400,1014, ,CFS
SHA,H,76,INFLOW,20171005,1500,4321, ,CFS
SHA,H,76,INFLOW,20171005,1600,742, ,CFS
SHA,H,76,INFLOW,20171005,1700,3998, ,CFS
SHA,H,76,INFLOW,20171005,1800,-1236, ,CFS
SHA,H,76,INFLOW,20171005,1900,6297, ,CFS
SHA,H,76,INFLOW,20171005,2000,6720, ,CFS
SHA,H,76,INFLOW,20171005,2100,6602, ,CFS
SHA,H,76,INFLOW,20171005,2200,2789, ,CFS
SHA,H,76,INFLOW,20171005,2300,10180, ,CFS
SHA,H,76,INFLOW,20171006,0000,3949, ,CFS
SHA,H,76,INFLOW,20171006,0100,4066, ,CFS
SHA,H,76,INFLOW,20171006,0200,7038, ,CFS
SHA,H,76,INFLOW,20171006,0300,1323, ,CFS
SHA,H,76,INFLOW,20171006,0400,4397, ,CFS
SHA,H,76,INFLOW,20171006,0500,-1253, ,CFS
SHA,H,76,INFLOW,20171006,0600,1876, ,CFS
SHA,H,76,INFLOW,20171006,0700,6991, ,CFS
SHA,H,76,INFLOW,20171006,0800,961, ,CFS
SHA,H,76,INFLOW,20171006,0900,4487, ,CFS
SHA,H,76,INFLOW,20171006,1000,2724, ,CFS
SHA,H,76,INFLOW,20171006,1100,-149, ,CFS
SHA,H,76,INFLOW,20171006,1200,2342, ,CFS
SHA,H,76,INFLOW,20171006,1300,-973, ,CFS
SHA,H,76,INFLOW,20171006,1400,1934, ,CFS
SHA,H,76,INFLOW,20171006,1500,2595, ,CFS
SHA,H,76,INFLOW,20171006,1600,1509, ,CFS
SHA,H,76,INFLOW,20171006,1700,2675, ,CFS
SHA,H,76,INFLOW,20171006,1800,2362, ,CFS
SHA,H,76,INFLOW,20171006,1900,3061, ,CFS
SHA,H,76,INFLOW,20171006,2000,9973, ,CFS
SHA,H,76,INFLOW,20171006,2100,8364, ,CFS
SHA,H,76,INFLOW,20171006,2200,7313, ,CFS
SHA,H,76,INFLOW,20171006,2300,1937, ,CFS
SHA,H,76,INFLOW,20171007,0000,7821, ,CFS
SHA,H,76,INFLOW,20171007,0100,3816, ,CFS
SHA,H,76,INFLOW,20171007,0200,6423, ,CFS
SHA,H,76,INFLOW,20171007,0300,6365, ,CFS
SHA,H,76,INFLOW,20171007,0400,3896, ,CFS
SHA,H,76,INFLOW,20171007,0500,3977, ,CFS
SHA,H,76,INFLOW,20171007,0600,1164, ,CFS
SHA,H,76,INFLOW,20171007,0700,5883, ,CFS
SHA,H,76,INFLOW,20171007,0800,7514, ,CFS
SHA,H,76,INFLOW,20171007,0900,3144, ,CFS
SHA,H,76,INFLOW,20171007,1000,124, ,CFS
SHA,H,76,INFLOW,20171007,1100,26, ,CFS
SHA,H,76,INFLOW,20171007,1200,-37, ,CFS
SHA,H,76,INFLOW,20171007,1300,2777, ,CFS
SHA,H,76,INFLOW,20171007,1400,1241, ,CFS
SHA,H,76,INFLOW,20171007,1500,-10, ,CFS
SHA,H,76,INFLOW,20171007,1600,1353, ,CFS
SHA,H,76,INFLOW,20171007,1700,948, ,CFS
SHA,H,76,INFLOW,20171007,1800,3295, ,CFS
SHA,H,76,INFLOW,20171007,1900,5154, ,CFS
SHA,H,76,INFLOW,20171007,2000,9188, ,CFS
SHA,H,76,INFLOW,20171007,2100,3951, ,CFS
SHA,H,76,INFLOW,20171007,2200,4644, ,CFS
SHA,H,76,INFLOW,20171007,2300,6012, ,CFS
SHA,H,76,INFLOW,20171008,0000,2918, ,CFS
SHA,H,76,INFLOW,20171008,0100,4473, ,CFS
SHA,H,76,INFLOW,20171008,0200,4487, ,CFS
SHA,H,76,INFLOW,20171008,0300,7162, ,CFS
SHA,H,76,INFLOW,20171008,0400,4351, ,CFS
SHA,H,76,INFLOW,20171008,0500,1559, ,CFS
SHA,H,76,INFLOW,20171008,0600,984, ,CFS
SHA,H,76,INFLOW,20171008,0700,-64, ,CFS
SHA,H,76,INFLOW,20171008,0800,2273, ,CFS
SHA,H,76,INFLOW,20171008,0900,-2080, ,CFS
SHA,H,76,INFLOW,20171008,1000,3924, ,CFS
SHA,H,76,INFLOW,20171008,1100,6586, ,CFS
SHA,H,76,INFLOW,20171008,1200,533, ,CFS
SHA,H,76,INFLOW,20171008,1300,1662, ,CFS
SHA,H,76,INFLOW,20171008,1400,-1001, ,CFS
SHA,H,76,INFLOW,20171008,1500,2326, ,CFS
SHA,H,76,INFLOW,20171008,1600,822, ,CFS
SHA,H,76,INFLOW,20171008,1700,3952, ,CFS
SHA,H,76,INFLOW,20171008,1800,4288, ,CFS
SHA,H,76,INFLOW,20171008,1900,-3867, ,CFS
SHA,H,76,INFLOW,20171008,2000,7200, ,CFS
SHA,H,76,INFLOW,20171008,2100,-1615, ,CFS
SHA,H,76,INFLOW,20171008,2200,4194, ,CFS
SHA,H,76,INFLOW,20171008,2300,10152, ,CFS
SHA,H,76,INFLOW,20171009,0000,2203, ,CFS
SHA,H,76,INFLOW,20171009,0100,10373, ,CFS
SHA,H,76,INFLOW,20171009,0200,1363, ,CFS
SHA,H,76,INFLOW,20171009,0300,10415, ,CFS
SHA,H,76,INFLOW,20171009,0400,-1293, ,CFS
SHA,H,76,INFLOW,20171009,0500,-3822, ,CFS
SHA,H,76,INFLOW,20171009,0600,754, ,CFS
SHA,H,76,INFLOW,20171009,0700,6243, ,CFS
SHA,H,76,INFLOW,20171009,0800,-1240, ,CFS
SHA,H,76,INFLOW,20171009,0900,5770, ,CFS
SHA,H,76,INFLOW,20171009,1000,30, ,CFS
SHA,H,76,INFLOW,20171009,1100,-771, ,CFS
SHA,H,76,INFLOW,20171009,1200,-839, ,CFS
SHA,H,76,INFLOW,20171009,1300,-336, ,CFS
SHA,H,76,INFLOW,20171009,1400,-3314, ,CFS
SHA,H,76,INFLOW,20171009,1500,-475, ,CFS
SHA,H,76,INFLOW,20171009,1600,7744, ,CFS
SHA,H,76,INFLOW,20171009,1700,1757, ,CFS
SHA,H,76,INFLOW,20171009,1800,11093, ,CFS
SHA,H,76,INFLOW,20171009,1900,4622, ,CFS
SHA,H,76,INFLOW,20171009,2000,10338, ,CFS
SHA,H,76,INFLOW,20171009,2100,4127, ,CFS
SHA,H,76,INFLOW,20171009,2200,7373, ,CFS
SHA,H,76,INFLOW,20171009,2300,5044, ,CFS
SHA,H,76,INFLOW,20171010,0000,8155, ,CFS
SHA,H,76,INFLOW,20171010,0100,5780, ,CFS
SHA,H,76,INFLOW,20171010,0200,8622, ,CFS
SHA,H,76,INFLOW,20171010,0300,2824, ,CFS
SHA,H,76,INFLOW,20171010,0400,2870, ,CFS
SHA,H,76,INFLOW,20171010,0500,6206, ,CFS
SHA,H,76,INFLOW,20171010,0600,843, ,CFS
SHA,H,76,INFLOW,20171010,0700,8016, ,CFS
SHA,H,76,INFLOW,20171010,0800,3390, ,CFS
SHA,H,76,INFLOW,20171010,0900,6313, ,CFS
SHA,H,76,INFLOW,20171010,1000,3618, ,CFS
SHA,H,76,INFLOW,20171010,1100,846, ,CFS
SHA,H,76,INFLOW,20171010,1200,897, ,CFS
SHA,H,76,INFLOW,20171010,1300,3498, ,CFS
SHA,H,76,INFLOW,20171010,1400,-1787, ,CFS
SHA,H,76,INFLOW,20171010,1500,5847, ,CFS
SHA,H,76,INFLOW,20171010,1600,579, ,CFS
SHA,H,76,INFLOW,20171010,1700,5708, ,CFS
SHA,H,76,INFLOW,20171010,1800,3494, ,CFS
SHA,H,76,INFLOW,20171010,1900,5781, ,CFS
SHA,H,76,INFLOW,20171010,2000,8557, ,CFS
SHA,H,76,INFLOW,20171010,2100,5989, ,CFS
SHA,H,76,INFLOW,20171010,2200,6299, ,CFS
SHA,H,76,INFLOW,20171010,2300,5337, ,CFS
SHA,H,76,INFLOW,20171011,0000,7762, ,CFS
SHA,H,76,INFLOW,20171011,0100,5570, ,CFS
SHA,H,76,INFLOW,20171011,0200,8158, ,CFS
SHA,H,76,INFLOW,20171011,0300,2472, ,CFS
SHA,H,76,INFLOW,20171011,0400,2336, ,CFS
SHA,H,76,INFLOW,20171011,0500,5650, ,CFS
SHA,H,76,INFLOW,20171011,0600,3153, ,CFS
SHA,H,76,INFLOW,20171011,0700,5873, ,CFS
SHA,H,76,INFLOW,20171011,0800,3514, ,CFS
SHA,H,76,INFLOW,20171011,0900,5646, ,CFS
SHA,H,76,INFLOW,20171011,1000,5513, ,CFS
SHA,H,76,INFLOW,20171011,1100,-518, ,CFS
SHA,H,76,INFLOW,20171011,1200,2378, ,CFS
SHA,H,76,INFLOW,20171011,1300,2318, ,CFS
SHA,H,76,INFLOW,20171011,1400,-217, ,CFS
SHA,H,76,INFLOW,20171011,1500,3206, ,CFS
SHA,H,76,INFLOW,20171011,1600,1423, ,CFS
SHA,H,76,INFLOW,20171011,1700,114, ,CFS
SHA,H,76,INFLOW,20171011,1800,2521, ,CFS
SHA,H,76,INFLOW,20171011,1900,4098, ,CFS
SHA,H,76,INFLOW,20171011,2000,4570, ,CFS
SHA,H,76,INFLOW,20171011,2100,7252, ,CFS
SHA,H,76,INFLOW,20171011,2200,5543, ,CFS
SHA,H,76,INFLOW,20171011,2300,6396, ,CFS
SHA,H,76,INFLOW,20171012,0000,5302, ,CFS
SHA,H,76,INFLOW,20171012,0100,5081, ,CFS
SHA,H,76,INFLOW,20171012,0200,2150, ,CFS
SHA,H,76,INFLOW,20171012,0300,2084, ,CFS
SHA,H,76,INFLOW,20171012,0400,-922, ,CFS
SHA,H,76,INFLOW,20171012,0500,2364, ,CFS
SHA,H,76,INFLOW,20171012,0600,94, ,CFS
SHA,H,76,INFLOW,20171012,0700,12840, ,CFS
SHA,H,76,INFLOW,20171012,0800,1541, ,CFS
SHA,H,76,INFLOW,20171012,0900,12129, ,CFS
SHA,H,76,INFLOW,20171012,1000,48, ,CFS
SHA,H,76,INFLOW,20171012,1100,151, ,CFS
SHA,H,76,INFLOW,20171012,1200,3103, ,CFS
SHA,H,76,INFLOW,20171012,1300,54, ,CFS
SHA,H,76,INFLOW,20171012,1400,-208, ,CFS
SHA,H,76,INFLOW,20171012,1500,3405, ,CFS
SHA,H,76,INFLOW,20171012,1600,-2017, ,CFS
SHA,H,76,INFLOW,20171012,1700,951, ,CFS
SHA,H,76,INFLOW,20171012,1800,5876, ,CFS
SHA,H,76,INFLOW,20171012,1900,826, ,CFS
SHA,H,76,INFLOW,20171012,2000,9777, ,CFS
SHA,H,76,INFLOW,20171012,2100,5929, ,CFS
SHA,H,76,INFLOW,20171012,2200,6397, ,CFS
SHA,H,76,INFLOW,20171012,2300,7785, ,CFS
SHA,H,76,INFLOW,20171013,0000,3023, ,CFS
SHA,H,76,INFLOW,20171013,0100,5370, ,CFS
SHA,H,76,INFLOW,20171013,0200,4807, ,CFS
SHA,H,76,INFLOW,20171013,0300,2061, ,CFS
SHA,H,76,INFLOW,20171013,0400,1800, ,CFS
SHA,H,76,INFLOW,20171013,0500,2202, ,CFS
SHA,H,76,INFLOW,20171013,0600,4875, ,CFS
SHA,H,76,INFLOW,20171013,0700,6840, ,CFS
SHA,H,76,INFLOW,20171013,0800,3759, ,CFS
SHA,H,76,INFLOW,20171013,0900,2712, ,CFS
SHA,H,76,INFLOW,20171013,1000,1926, ,CFS
SHA,H,76,INFLOW,20171013,1100,1741, ,CFS
SHA,H,76,INFLOW,20171013,1200,2090, ,CFS
SHA,H,76,INFLOW,20171013,1300,2322, ,CFS
SHA,H,76,INFLOW,20171013,1400,-3091, ,CFS
SHA,H,76,INFLOW,20171013,1500,3421, ,CFS
SHA,H,76,INFLOW,20171013,1600,908, ,CFS
SHA,H,76,INFLOW,20171013,1700,-1596, ,CFS
SHA,H,76,INFLOW,20171013,1800,7794, ,CFS
SHA,H,76,INFLOW,20171013,1900,4416, ,CFS
SHA,H,76,INFLOW,20171013,2000,8521, ,CFS
SHA,H,76,INFLOW,20171013,2100,3409, ,CFS
SHA,H,76,INFLOW,20171013,2200,3515, ,CFS
SHA,H,76,INFLOW,20171013,2300,6178, ,CFS
SHA,H,76,INFLOW,20171014,0000,3515, ,CFS
SHA,H,76,INFLOW,20171014,0100,8555, ,CFS
SHA,H,76,INFLOW,20171014,0200,-425, ,CFS
SHA,H,76,INFLOW,20171014,0300,2527, ,CFS
SHA,H,76,INFLOW,20171014,0400,2473, ,CFS
SHA,H,76,INFLOW,20171014,0500,2520, ,CFS
SHA,H,76,INFLOW,20171014,0600,3002, ,CFS
SHA,H,76,INFLOW,20171014,0700,8920, ,CFS
SHA,H,76,INFLOW,20171014,0800,5395, ,CFS
SHA,H,76,INFLOW,20171014,0900,7904, ,CFS
SHA,H,76,INFLOW,20171014,1000,1370, ,CFS
SHA,H,76,INFLOW,20171014,1100,-1719, ,CFS
SHA,H,76,INFLOW,20171014,1200,1585, ,CFS
SHA,H,76,INFLOW,20171014,1300,1568, ,CFS
SHA,H,76,INFLOW,20171014,1400,1791, ,CFS
SHA,H,76,INFLOW,20171014,1500,-2673, ,CFS
SHA,H,76,INFLOW,20171014,1600,-5140, ,CFS
SHA,H,76,INFLOW,20171014,1700,4071, ,CFS
SHA,H,76,INFLOW,20171014,1800,3823, ,CFS
SHA,H,76,INFLOW,20171014,1900,10003, ,CFS
SHA,H,76,INFLOW,20171014,2000,7595, ,CFS
SHA,H,76,INFLOW,20171014,2100,5659, ,CFS
SHA,H,76,INFLOW,20171014,2200,8371, ,CFS
SHA,H,76,INFLOW,20171014,2300,2048, ,CFS
SHA,H,76,INFLOW,20171015,0000,7427, ,CFS
SHA,H,76,INFLOW,20171015,0100,5635, ,CFS
SHA,H,76,INFLOW,20171015,0200,-389, ,CFS
SHA,H,76,INFLOW,20171015,0300,5446, ,CFS
SHA,H,76,INFLOW,20171015,0400,5469, ,CFS
SHA,H,76,INFLOW,20171015,0500,-139, ,CFS
SHA,H,76,INFLOW,20171015,0600,3400, ,CFS
SHA,H,76,INFLOW,20171015,0700,4342, ,CFS
SHA,H,76,INFLOW,20171015,0800,1793, ,CFS
SHA,H,76,INFLOW,20171015,0900,4585, ,CFS
SHA,H,76,INFLOW,20171015,1000,1726, ,CFS
SHA,H,76,INFLOW,20171015,1100,1815, ,CFS
SHA,H,76,INFLOW,20171015,1200,-3916, ,CFS
SHA,H,76,INFLOW,20171015,1300,1957, ,CFS
SHA,H,76,INFLOW,20171015,1400,-774, ,CFS
SHA,H,76,INFLOW,20171015,1500,590, ,CFS
SHA,H,76,INFLOW,20171015,1600,393, ,CFS
SHA,H,76,INFLOW,20171015,1700,5073, ,CFS
SHA,H,76,INFLOW,20171015,1800,5194, ,CFS
SHA,H,76,INFLOW,20171015,1900,9638, ,CFS
SHA,H,76,INFLOW,20171015,2000,6094, ,CFS
SHA,H,76,INFLOW,20171015,2100,5348, ,CFS
SHA,H,76,INFLOW,20171015,2200,8925, ,CFS
SHA,H,76,INFLOW,20171015,2300,4647, ,CFS
SHA,H,76,INFLOW,20171016,0000,5764, ,CFS
SHA,H,76,INFLOW,20171016,0100,7834, ,CFS
SHA,H,76,INFLOW,20171016,0200,1827, ,CFS
SHA,H,76,INFLOW,20171016,0300,-860, ,CFS
SHA,H,76,INFLOW,20171016,0400,4913, ,CFS
SHA,H,76,INFLOW,20171016,0500,-731, ,CFS
SHA,H,76,INFLOW,20171016,0600,312, ,CFS
SHA,H,76,INFLOW,20171016,0700,6361, ,CFS
SHA,H,76,INFLOW,20171016,0800,6293, ,CFS
SHA,H,76,INFLOW,20171016,0900,5783, ,CFS
SHA,H,76,INFLOW,20171016,1000,-43, ,CFS
SHA,H,76,INFLOW,20171016,1100,-284, ,CFS
SHA,H,76,INFLOW,20171016,1200,2060, ,CFS
SHA,H,76,INFLOW,20171016,1300,-1097, ,CFS
SHA,H,76,INFLOW,20171016,1400,-795, ,CFS
SHA,H,76,INFLOW,20171016,1500,3133, ,CFS
SHA,H,76,INFLOW,20171016,1600,-1202, ,CFS
SHA,H,76,INFLOW,20171016,1700,281, ,CFS
SHA,H,76,INFLOW,20171016,1800,7335, ,CFS
SHA,H,76,INFLOW,20171016,1900,8350, ,CFS
SHA,H,76,INFLOW,20171016,2000,5914, ,CFS
SHA,H,76,INFLOW,20171016,2100,3295, ,CFS
SHA,H,76,INFLOW,20171016,2200,5257, ,CFS
SHA,H,76,INFLOW,20171016,2300,6939, ,CFS
SHA,H,76,INFLOW,20171017,0000,5628, ,CFS
SHA,H,76,INFLOW,20171017,0100,2245, ,CFS
SHA,H,76,INFLOW,20171017,0200,2129, ,CFS
SHA,H,76,INFLOW,20171017,0300,5102, ,CFS
SHA,H,76,INFLOW,20171017,0400,-577, ,CFS
SHA,H,76,INFLOW,20171017,0500,2572, ,CFS
SHA,H,76,INFLOW,20171017,0600,-2563, ,CFS
SHA,H,76,INFLOW,20171017,0700,6055, ,CFS
SHA,H,76,INFLOW,20171017,0800,4686, ,CFS
SHA,H,76,INFLOW,20171017,0900,7923, ,CFS
SHA,H,76,INFLOW,20171017,1000,1883, ,CFS
SHA,H,76,INFLOW,20171017,1100,-825, ,CFS
SHA,H,76,INFLOW,20171017,1200,-966, ,CFS
SHA,H,76,INFLOW,20171017,1300,2235, ,CFS
SHA,H,76,INFLOW,20171017,1400,-702, ,CFS
SHA,H,76,INFLOW,20171017,1500,3162, ,CFS
SHA,H,76,INFLOW,20171017,1600,3187, ,CFS
SHA,H,76,INFLOW,20171017,1700,4122, ,CFS
SHA,H,76,INFLOW,20171017,1800,4306, ,CFS
SHA,H,76,INFLOW,20171017,1900,3939, ,CFS
SHA,H,76,INFLOW,20171017,2000,3916, ,CFS
SHA,H,76,INFLOW,20171017,2100,9074, ,CFS
SHA,H,76,INFLOW,20171017,2200,6302, ,CFS
SHA,H,76,INFLOW,20171017,2300,5899, ,CFS
SHA,H,76,INFLOW,20171018,0000,5434, ,CFS
SHA,H,76,INFLOW,20171018,0100,1658, ,CFS
SHA,H,76,INFLOW,20171018,0200,7339, ,CFS
SHA,H,76,INFLOW,20171018,0300,4346, ,CFS
SHA,H,76,INFLOW,20171018,0400,1461, ,CFS
SHA,H,76,INFLOW,20171018,0500,4734, ,CFS
SHA,H,76,INFLOW,20171018,0600,-3312, ,CFS
SHA,H,76,INFLOW,20171018,0700,5975, ,CFS
SHA,H,76,INFLOW,20171018,0800,6492, ,CFS
SHA,H,76,INFLOW,20171018,0900,3017, ,CFS
SHA,H,76,INFLOW,20171018,1000,-5932, ,CFS
SHA,H,76,INFLOW,20171018,1100,-4323, ,CFS
SHA,H,76,INFLOW,20171018,1200,4484, ,CFS
SHA,H,76,INFLOW,20171018,1300,1799, ,CFS
SHA,H,76,INFLOW,20171018,1400,-731, ,CFS
SHA,H,76,INFLOW,20171018,1500,3939, ,CFS
SHA,H,76,INFLOW,20171018,1600,2782, ,CFS
SHA,H,76,INFLOW,20171018,1700,4829, ,CFS
SHA,H,76,INFLOW,20171018,1800,3732, ,CFS
SHA,H,76,INFLOW,20171018,1900,6573, ,CFS
SHA,H,76,INFLOW,20171018,2000,4188, ,CFS
SHA,H,76,INFLOW,20171018,2100,12018, ,CFS
SHA,H,76,INFLOW,20171018,2200,827, ,CFS
SHA,H,76,INFLOW,20171018,2300,7377, ,CFS
SHA,H,76,INFLOW,20171019,0000,4823, ,CFS
SHA,H,76,INFLOW,20171019,0100,7695, ,CFS
SHA,H,76,INFLOW,20171019,0200,4597, ,CFS
SHA,H,76,INFLOW,20171019,0300,1747, ,CFS
SHA,H,76,INFLOW,20171019,0400,-1242, ,CFS
SHA,H,76,INFLOW,20171019,0500,1976, ,CFS
SHA,H,76,INFLOW,20171019,0600,2784, ,CFS
SHA,H,76,INFLOW,20171019,0700,3190, ,CFS
SHA,H,76,INFLOW,20171019,0800,4044, ,CFS
SHA,H,76,INFLOW,20171019,0900,8930, ,CFS
SHA,H,76,INFLOW,20171019,1000,2370, ,CFS
SHA,H,76,INFLOW,20171019,1100,2395, ,CFS
SHA,H,76,INFLOW,20171019,1200,2297, ,CFS
SHA,H,76,INFLOW,20171019,1300,4943, ,CFS
SHA,H,76,INFLOW,20171019,1400,2494, ,CFS
SHA,H,76,INFLOW,20171019,1500,3501, ,CFS
SHA,H,76,INFLOW,20171019,1600,-773, ,CFS
SHA,H,76,INFLOW,20171019,1700,2969, ,CFS
SHA,H,76,INFLOW,20171019,1800,8036, ,CFS
SHA,H,76,INFLOW,20171019,1900,-20, ,CFS
SHA,H,76,INFLOW,20171019,2000,8449, ,CFS
SHA,H,76,INFLOW,20171019,2100,9595, ,CFS
SHA,H,76,INFLOW,20171019,2200,-2477, ,CFS
SHA,H,76,INFLOW,20171019,2300,14978, ,CFS
SHA,H,76,INFLOW,20171020,0000,8419, ,CFS
SHA,H,76,INFLOW,20171020,0100,8655, ,CFS
SHA,H,76,INFLOW,20171020,0200,7872, ,CFS
SHA,H,76,INFLOW,20171020,0300,1754, ,CFS
SHA,H,76,INFLOW,20171020,0400,-1128, ,CFS
SHA,H,76,INFLOW,20171020,0500,5056, ,CFS
SHA,H,76,INFLOW,20171020,0600,-2844, ,CFS
SHA,H,76,INFLOW,20171020,0700,13571, ,CFS
SHA,H,76,INFLOW,20171020,0800,6072, ,CFS
SHA,H,76,INFLOW,20171020,0900,-567, ,CFS
SHA,H,76,INFLOW,20171020,1000,8465, ,CFS
SHA,H,76,INFLOW,20171020,1100,2287, ,CFS
SHA,H,76,INFLOW,20171020,1200,2679, ,CFS
SHA,H,76,INFLOW,20171020,1300,5155, ,CFS
SHA,H,76,INFLOW,20171020,1400,-3856, ,CFS
SHA,H,76,INFLOW,20171020,1500,4737, ,CFS
SHA,H,76,INFLOW,20171020,1600,-3955, ,CFS
SHA,H,76,INFLOW,20171020,1700,-3292, ,CFS
SHA,H,76,INFLOW,20171020,1800,2576, ,CFS
SHA,H,76,INFLOW,20171020,1900,8136, ,CFS
SHA,H,76,INFLOW,20171020,2000,4043, ,CFS
SHA,H,76,INFLOW,20171020,2100,10020, ,CFS
SHA,H,76,INFLOW,20171020,2200,-1596, ,CFS
SHA,H,76,INFLOW,20171020,2300,9080, ,CFS
SHA,H,76,INFLOW,20171021,0000,7900, ,CFS
SHA,H,76,INFLOW,20171021,0100,5051, ,CFS
SHA,H,76,INFLOW,20171021,0200,4960, ,CFS
SHA,H,76,INFLOW,20171021,0300,-840, ,CFS
SHA,H,76,INFLOW,20171021,0400,2142, ,CFS
SHA,H,76,INFLOW,20171021,0500,2460, ,CFS
SHA,H,76,INFLOW,20171021,0600,-3017, ,CFS
SHA,H,76,INFLOW,20171021,0700,11598, ,CFS
SHA,H,76,INFLOW,20171021,0800,5626, ,CFS
SHA,H,76,INFLOW,20171021,0900,7346, ,CFS
SHA,H,76,INFLOW,20171021,1000,7297, ,CFS
SHA,H,76,INFLOW,20171021,1100,-4098, ,CFS
SHA,H,76,INFLOW,20171021,1200,10140, ,CFS
SHA,H,76,INFLOW,20171021,1300,-1201, ,CFS
SHA,H,76,INFLOW,20171021,1400,1681, ,CFS
SHA,H,76,INFLOW,20171021,1500,2939, ,CFS
SHA,H,76,INFLOW,20171021,1600,-2239, ,CFS
SHA,H,76,INFLOW,20171021,1700,1968, ,CFS
SHA,H,76,INFLOW,20171021,1800,8572, ,CFS
SHA,H,76,INFLOW,20171021,1900,4712, ,CFS
SHA,H,76,INFLOW,20171021,2000,10755, ,CFS
SHA,H,76,INFLOW,20171021,2100,5276, ,CFS
SHA,H,76,INFLOW,20171021,2200,5842, ,CFS
SHA,H,76,INFLOW,20171021,2300,9765, ,CFS
SHA,H,76,INFLOW,20171022,0000,5744, ,CFS
SHA,H,76,INFLOW,20171022,0100,8714, ,CFS
SHA,H,76,INFLOW,20171022,0200,5703, ,CFS
SHA,H,76,INFLOW,20171022,0300,85, ,CFS
SHA,H,76,INFLOW,20171022,0400,3115, ,CFS
SHA,H,76,INFLOW,20171022,0500,699, ,CFS
SHA,H,76,INFLOW,20171022,0600,3612, ,CFS
SHA,H,76,INFLOW,20171022,0700,3173, ,CFS
SHA,H,76,INFLOW,20171022,0800,3715, ,CFS
SHA,H,76,INFLOW,20171022,0900,6279, ,CFS
SHA,H,76,INFLOW,20171022,1000,-88, ,CFS
SHA,H,76,INFLOW,20171022,1100,-737, ,CFS
SHA,H,76,INFLOW,20171022,1200,7760, ,CFS
SHA,H,76,INFLOW,20171022,1300,-1016, ,CFS
SHA,H,76,INFLOW,20171022,1400,4887, ,CFS
SHA,H,76,INFLOW,20171022,1500,3365, ,CFS
SHA,H,76,INFLOW,20171022,1600,1340, ,CFS
SHA,H,76,INFLOW,20171022,1700,2739, ,CFS
SHA,H,76,INFLOW,20171022,1800,3969, ,CFS
SHA,H,76,INFLOW,20171022,1900,11796, ,CFS
SHA,H,76,INFLOW,20171022,2000,3739, ,CFS
SHA,H,76,INFLOW,20171022,2100,9185, ,CFS
SHA,H,76,INFLOW,20171022,2200,5274, ,CFS
SHA,H,76,INFLOW,20171022,2300,9102, ,CFS
SHA,H,76,INFLOW,20171023,0000,5515, ,CFS
SHA,H,76,INFLOW,20171023,0100,7833, ,CFS
SHA,H,76,INFLOW,20171023,0200,1975, ,CFS
SHA,H,76,INFLOW,20171023,0300,1757, ,CFS
SHA,H,76,INFLOW,20171023,0400,1779, ,CFS
SHA,H,76,INFLOW,20171023,0500,2247, ,CFS
SHA,H,76,INFLOW,20171023,0600,2785, ,CFS
SHA,H,76,INFLOW,20171023,0700,3572, ,CFS
SHA,H,76,INFLOW,20171023,0800,3760, ,CFS
SHA,H,76,INFLOW,20171023,0900,7958, ,CFS
SHA,H,76,INFLOW,20171023,1000,4886, ,CFS
SHA,H,76,INFLOW,20171023,1100,-689, ,CFS
SHA,H,76,INFLOW,20171023,1200,-449, ,CFS
SHA,H,76,INFLOW,20171023,1300,3139, ,CFS
SHA,H,76,INFLOW,20171023,1400,-2104, ,CFS
SHA,H,76,INFLOW,20171023,1500,5594, ,CFS
SHA,H,76,INFLOW,20171023,1600,1171, ,CFS
SHA,H,76,INFLOW,20171023,1700,8272, ,CFS
SHA,H,76,INFLOW,20171023,1800,11454, ,CFS
SHA,H,76,INFLOW,20171023,1900,2994, ,CFS
SHA,H,76,INFLOW,20171023,2000,0, ,CFS
SHA,H,76,INFLOW,20171023,2100,4510, ,CFS
SHA,H,76,INFLOW,20171023,2200,4724, ,CFS
SHA,H,76,INFLOW,20171023,2300,5618, ,CFS
SHA,H,76,INFLOW,20171024,0000,8225, ,CFS
SHA,H,76,INFLOW,20171024,0100,7936, ,CFS
SHA,H,76,INFLOW,20171024,0200,-860, ,CFS
SHA,H,76,INFLOW,20171024,0300,1889, ,CFS
SHA,H,76,INFLOW,20171024,0400,4669, ,CFS
SHA,H,76,INFLOW,20171024,0500,1965, ,CFS
SHA,H,76,INFLOW,20171024,0600,-569, ,CFS
SHA,H,76,INFLOW,20171024,0700,-173, ,CFS
SHA,H,76,INFLOW,20171024,0800,3178, ,CFS
SHA,H,76,INFLOW,20171024,0900,5861, ,CFS
SHA,H,76,INFLOW,20171024,1000,222, ,CFS
SHA,H,76,INFLOW,20171024,1100,423, ,CFS
SHA,H,76,INFLOW,20171024,1200,441, ,CFS
SHA,H,76,INFLOW,20171024,1300,447, ,CFS
SHA,H,76,INFLOW,20171024,1400,2584, ,CFS
SHA,H,76,INFLOW,20171024,1500,2026, ,CFS
SHA,H,76,INFLOW,20171024,1600,3354, ,CFS
SHA,H,76,INFLOW,20171024,1700,3282, ,CFS
SHA,H,76,INFLOW,20171024,1800,6478, ,CFS
SHA,H,76,INFLOW,20171024,1900,9238, ,CFS
SHA,H,76,INFLOW,20171024,2000,3200, ,CFS
SHA,H,76,INFLOW,20171024,2100,798, ,CFS
SHA,H,76,INFLOW,20171024,2200,12510, ,CFS
SHA,H,76,INFLOW,20171024,2300,2050, ,CFS
SHA,H,76,INFLOW,20171025,0000,7027, ,CFS
SHA,H,76,INFLOW,20171025,0100,2235, ,CFS
SHA,H,76,INFLOW,20171025,0200,-777, ,CFS
SHA,H,76,INFLOW,20171025,0300,4854, ,CFS
SHA,H,76,INFLOW,20171025,0400,1838, ,CFS
SHA,H,76,INFLOW,20171025,0500,2082, ,CFS
SHA,H,76,INFLOW,20171025,0600,1897, ,CFS
SHA,H,76,INFLOW,20171025,0700,536, ,CFS
SHA,H,76,INFLOW,20171025,0800,6973, ,CFS
SHA,H,76,INFLOW,20171025,0900,3486, ,CFS
SHA,H,76,INFLOW,20171025,1000,3525, ,CFS
SHA,H,76,INFLOW,20171025,1100,2538, ,CFS
SHA,H,76,INFLOW,20171025,1200,-650, ,CFS
SHA,H,76,INFLOW,20171025,1300,2495, ,CFS
SHA,H,76,INFLOW,20171025,1400,-2898, ,CFS
SHA,H,76,INFLOW,20171025,1500,5343, ,CFS
SHA,H,76,INFLOW,20171025,1600,3854, ,CFS
SHA,H,76,INFLOW,20171025,1700,6449, ,CFS
SHA,H,76,INFLOW,20171025,1800,5484, ,CFS
SHA,H,76,INFLOW,20171025,1900,2370, ,CFS
SHA,H,76,INFLOW,20171025,2000,7894, ,CFS
SHA,H,76,INFLOW,20171025,2100,2067, ,CFS
SHA,H,76,INFLOW,20171025,2200,8460, ,CFS
SHA,H,76,INFLOW,20171025,2300,8684, ,CFS
SHA,H,76,INFLOW,20171026,0000,5642, ,CFS
SHA,H,76,INFLOW,20171026,0100,-468, ,CFS
SHA,H,76,INFLOW,20171026,0200,10969, ,CFS
SHA,H,76,INFLOW,20171026,0300,-751, ,CFS
SHA,H,76,INFLOW,20171026,0400,2176, ,CFS
SHA,H,76,INFLOW,20171026,0500,5263, ,CFS
SHA,H,76,INFLOW,20171026,0600,-2737, ,CFS
SHA,H,76,INFLOW,20171026,0700,8182, ,CFS
SHA,H,76,INFLOW,20171026,0800,336, ,CFS
SHA,H,76,INFLOW,20171026,0900,2467, ,CFS
SHA,H,76,INFLOW,20171026,1000,-551, ,CFS
SHA,H,76,INFLOW,20171026,1100,-694, ,CFS
SHA,H,76,INFLOW,20171026,1200,8163, ,CFS
SHA,H,76,INFLOW,20171026,1300,-278, ,CFS
SHA,H,76,INFLOW,20171026,1400,-2401, ,CFS
SHA,H,76,INFLOW,20171026,1500,6223, ,CFS
SHA,H,76,INFLOW,20171026,1600,5016, ,CFS
SHA,H,76,INFLOW,20171026,1700,4264, ,CFS
SHA,H,76,INFLOW,20171026,1800,9457, ,CFS
SHA,H,76,INFLOW,20171026,1900,8885, ,CFS
SHA,H,76,INFLOW,20171026,2000,448, ,CFS
SHA,H,76,INFLOW,20171026,2100,10850, ,CFS
SHA,H,76,INFLOW,20171026,2200,5045, ,CFS
SHA,H,76,INFLOW,20171026,2300,7429, ,CFS
SHA,H,76,INFLOW,20171027,0000,10439, ,CFS
SHA,H,76,INFLOW,20171027,0100,1871, ,CFS
SHA,H,76,INFLOW,20171027,0200,7485, ,CFS
SHA,H,76,INFLOW,20171027,0300,4714, ,CFS
SHA,H,76,INFLOW,20171027,0400,4643, ,CFS
SHA,H,76,INFLOW,20171027,0500,4961, ,CFS
SHA,H,76,INFLOW,20171027,0600,2529, ,CFS
SHA,H,76,INFLOW,20171027,0700,8865, ,CFS
SHA,H,76,INFLOW,20171027,0800,3822, ,CFS
SHA,H,76,INFLOW,20171027,0900,8544, ,CFS
SHA,H,76,INFLOW,20171027,1000,2055, ,CFS
SHA,H,76,INFLOW,20171027,1100,2224, ,CFS
SHA,H,76,INFLOW,20171027,1200,-388, ,CFS
SHA,H,76,INFLOW,20171027,1300,3287, ,CFS
SHA,H,76,INFLOW,20171027,1400,-1956, ,CFS
SHA,H,76,INFLOW,20171027,1500,3116, ,CFS
SHA,H,76,INFLOW,20171027,1600,4170, ,CFS
SHA,H,76,INFLOW,20171027,1700,4260, ,CFS
SHA,H,76,INFLOW,20171027,1800,6484, ,CFS
SHA,H,76,INFLOW,20171027,1900,7528, ,CFS
SHA,H,76,INFLOW,20171027,2000,6124, ,CFS
SHA,H,76,INFLOW,20171027,2100,5255, ,CFS
SHA,H,76,INFLOW,20171027,2200,5436, ,CFS
SHA,H,76,INFLOW,20171027,2300,5751, ,CFS
SHA,H,76,INFLOW,20171028,0000,5604, ,CFS
SHA,H,76,INFLOW,20171028,0100,8120, ,CFS
SHA,H,76,INFLOW,20171028,0200,5085, ,CFS
SHA,H,76,INFLOW,20171028,0300,4825, ,CFS
SHA,H,76,INFLOW,20171028,0400,2037, ,CFS
SHA,H,76,INFLOW,20171028,0500,5218, ,CFS
SHA,H,76,INFLOW,20171028,0600,-145, ,CFS
SHA,H,76,INFLOW,20171028,0700,8796, ,CFS
SHA,H,76,INFLOW,20171028,0800,3926, ,CFS
SHA,H,76,INFLOW,20171028,0900,8844, ,CFS
SHA,H,76,INFLOW,20171028,1000,-2450, ,CFS
SHA,H,76,INFLOW,20171028,1100,591, ,CFS
SHA,H,76,INFLOW,20171028,1200,624, ,CFS
SHA,H,76,INFLOW,20171028,1300,563, ,CFS
SHA,H,76,INFLOW,20171028,1400,674, ,CFS
SHA,H,76,INFLOW,20171028,1500,1368, ,CFS
SHA,H,76,INFLOW,20171028,1600,-916, ,CFS
SHA,H,76,INFLOW,20171028,1700,5269, ,CFS
SHA,H,76,INFLOW,20171028,1800,-657, ,CFS
SHA,H,76,INFLOW,20171028,1900,12182, ,CFS
SHA,H,76,INFLOW,20171028,2000,3602, ,CFS
SHA,H,76,INFLOW,20171028,2100,6094, ,CFS
SHA,H,76,INFLOW,20171028,2200,8277, ,CFS
SHA,H,76,INFLOW,20171028,2300,3579, ,CFS
SHA,H,76,INFLOW,20171029,0000,9498, ,CFS
SHA,H,76,INFLOW,20171029,0100,2497, ,CFS
SHA,H,76,INFLOW,20171029,0200,2257, ,CFS
SHA,H,76,INFLOW,20171029,0300,5186, ,CFS
SHA,H,76,INFLOW,20171029,0400,2462, ,CFS
SHA,H,76,INFLOW,20171029,0500,2598, ,CFS
SHA,H,76,INFLOW,20171029,0600,-67, ,CFS
SHA,H,76,INFLOW,20171029,0700,4950, ,CFS
SHA,H,76,INFLOW,20171029,0800,2536, ,CFS
SHA,H,76,INFLOW,20171029,0900,5355, ,CFS
SHA,H,76,INFLOW,20171029,1000,-651, ,CFS
SHA,H,76,INFLOW,20171029,1100,-328, ,CFS
SHA,H,76,INFLOW,20171029,1200,2873, ,CFS
SHA,H,76,INFLOW,20171029,1300,514, ,CFS
SHA,H,76,INFLOW,20171029,1400,621, ,CFS
SHA,H,76,INFLOW,20171029,1500,1001, ,CFS
SHA,H,76,INFLOW,20171029,1600,4940, ,CFS
SHA,H,76,INFLOW,20171029,1700,-1183, ,CFS
SHA,H,76,INFLOW,20171029,1800,1618, ,CFS
SHA,H,76,INFLOW,20171029,1900,6677, ,CFS
SHA,H,76,INFLOW,20171029,2000,5095, ,CFS
SHA,H,76,INFLOW,20171029,2100,3418, ,CFS
SHA,H,76,INFLOW,20171029,2200,5864, ,CFS
SHA,H,76,INFLOW,20171029,2300,6122, ,CFS
SHA,H,76,INFLOW,20171030,0000,5351, ,CFS
SHA,H,76,INFLOW,20171030,0100,2239, ,CFS
SHA,H,76,INFLOW,20171030,0200,2144, ,CFS
SHA,H,76,INFLOW,20171030,0300,4853, ,CFS
SHA,H,76,INFLOW,20171030,0400,-802, ,CFS
SHA,H,76,INFLOW,20171030,0500,5339, ,CFS
SHA,H,76,INFLOW,20171030,0600,237, ,CFS
SHA,H,76,INFLOW,20171030,0700,5614, ,CFS
SHA,H,76,INFLOW,20171030,0800,6570, ,CFS
SHA,H,76,INFLOW,20171030,0900,5735, ,CFS
SHA,H,76,INFLOW,20171030,1000,2448, ,CFS
SHA,H,76,INFLOW,20171030,1100,2564, ,CFS
SHA,H,76,INFLOW,20171030,1200,2660, ,CFS
SHA,H,76,INFLOW,20171030,1300,-2929, ,CFS
SHA,H,76,INFLOW,20171030,1400,3214, ,CFS
SHA,H,76,INFLOW,20171030,1500,357, ,CFS
SHA,H,76,INFLOW,20171030,1600,3513, ,CFS
SHA,H,76,INFLOW,20171030,1700,2428, ,CFS
SHA,H,76,INFLOW,20171030,1800,2357, ,CFS
SHA,H,76,INFLOW,20171030,1900,3707, ,CFS
SHA,H,76,INFLOW,20171030,2000,6636, ,CFS
SHA,H,76,INFLOW,20171030,2100,3052, ,CFS
SHA,H,76,INFLOW,20171030,2200,8481, ,CFS
SHA,H,76,INFLOW,20171030,2300,4522, ,CFS
SHA,H,76,INFLOW,20171031,0000,8979, ,CFS
SHA,H,76,INFLOW,20171031,0100,5083, ,CFS
SHA,H,76,INFLOW,20171031,0200,-810, ,CFS
SHA,H,76,INFLOW,20171031,0300,2039, ,CFS
SHA,H,76,INFLOW,20171031,0400,2075, ,CFS
SHA,H,76,INFLOW,20171031,0500,-615, ,CFS
SHA,H,76,INFLOW,20171031,0600,5816, ,CFS
SHA,H,76,INFLOW,20171031,0700,2649, ,CFS
SHA,H,76,INFLOW,20171031,0800,10106, ,CFS
SHA,H,76,INFLOW,20171031,0900,5536, ,CFS
SHA,H,76,INFLOW,20171031,1000,2283, ,CFS
SHA,H,76,INFLOW,20171031,1100,7910, ,CFS
SHA,H,76,INFLOW,20171031,1200,-532, ,CFS
SHA,H,76,INFLOW,20171031,1300,2091, ,CFS
SHA,H,76,INFLOW,20171031,1400,2135, ,CFS
SHA,H,76,INFLOW,20171031,1500,-2019, ,CFS
SHA,H,76,INFLOW,20171031,1600,-3995, ,CFS
SHA,H,76,INFLOW,20171031,1700,4533, ,CFS
SHA,H,76,INFLOW,20171031,1800,4098, ,CFS
SHA,H,76,INFLOW,20171031,1900,8272, ,CFS
SHA,H,76,INFLOW,20171031,2000,-211, ,CFS
SHA,H,76,INFLOW,20171031,2100,11205, ,CFS
SHA,H,76,INFLOW,20171031,2200,6369, ,CFS
SHA,H,76,INFLOW,20171031,2300,8053, ,CFS
SHA,H,76,INFLOW,20171101,0000,5429, ,CFS
SHA,H,76,INFLOW,20171101,0100,4560, ,CFS
SHA,H,76,INFLOW,20171101,0200,1597, ,CFS
SHA,H,76,INFLOW,20171101,0300,4146, ,CFS
SHA,H,76,INFLOW,20171101,0400,-1526, ,CFS
SHA,H,76,INFLOW,20171101,0500,4161, ,CFS
SHA,H,76,INFLOW,20171101,0600,-965, ,CFS
SHA,H,76,INFLOW,20171101,0700,7069, ,CFS
SHA,H,76,INFLOW,20171101,0800,9291, ,CFS
SHA,H,76,INFLOW,20171101,0900,8502, ,CFS
SHA,H,76,INFLOW,20171101,1000,8121, ,CFS
SHA,H,76,INFLOW,20171101,1100,-3362, ,CFS
SHA,H,76,INFLOW,20171101,1200,2293, ,CFS
SHA,H,76,INFLOW,20171101,1300,2041, ,CFS
SHA,H,76,INFLOW,20171101,1400,2081, ,CFS
SHA,H,76,INFLOW,20171101,1500,867, ,CFS
SHA,H,76,INFLOW,20171101,1600,895, ,CFS
SHA,H,76,INFLOW,20171101,1700,295, ,CFS
SHA,H,76,INFLOW,20171101,1800,3280, ,CFS
SHA,H,76,INFLOW,20171101,1900,6729, ,CFS
SHA,H,76,INFLOW,20171101,2000,6732, ,CFS
SHA,H,76,INFLOW,20171101,2100,12078, ,CFS
SHA,H,76,INFLOW,20171101,2200,3006, ,CFS
SHA,H,76,INFLOW,20171101,2300,7648, ,CFS
SHA,H,76,INFLOW,20171102,0000,2044, ,CFS
SHA,H,76,INFLOW,20171102,0100,4470, ,CFS
SHA,H,76,INFLOW,20171102,0200,4378, ,CFS
SHA,H,76,INFLOW,20171102,0300,1604, ,CFS
SHA,H,76,INFLOW,20171102,0400,1501, ,CFS
SHA,H,76,INFLOW,20171102,0500,1647, ,CFS
SHA,H,76,INFLOW,20171102,0600,-330, ,CFS
SHA,H,76,INFLOW,20171102,0700,7816, ,CFS
SHA,H,76,INFLOW,20171102,0800,7243, ,CFS
SHA,H,76,INFLOW,20171102,0900,6744, ,CFS
SHA,H,76,INFLOW,20171102,1000,3374, ,CFS
SHA,H,76,INFLOW,20171102,1100,2951, ,CFS
SHA,H,76,INFLOW,20171102,1200,5824, ,CFS
SHA,H,76,INFLOW,20171102,1300,-3177, ,CFS
SHA,H,76,INFLOW,20171102,1400,2624, ,CFS
SHA,H,76,INFLOW,20171102,1500,-612, ,CFS
SHA,H,76,INFLOW,20171102,1600,2443, ,CFS
SHA,H,76,INFLOW,20171102,1700,-3751, ,CFS
SHA,H,76,INFLOW,20171102,1800,6165, ,CFS
SHA,H,76,INFLOW,20171102,1900,9374, ,CFS
SHA,H,76,INFLOW,20171102,2000,6475, ,CFS
SHA,H,76,INFLOW,20171102,2100,7158, ,CFS
SHA,H,76,INFLOW,20171102,2200,7955, ,CFS
SHA,H,76,INFLOW,20171102,2300,4955, ,CFS
SHA,H,76,INFLOW,20171103,0000,7622, ,CFS
SHA,H,76,INFLOW,20171103,0100,1810, ,CFS
SHA,H,76,INFLOW,20171103,0200,7085, ,CFS
SHA,H,76,INFLOW,20171103,0300,1304, ,CFS
SHA,H,76,INFLOW,20171103,0400,1226, ,CFS
SHA,H,76,INFLOW,20171103,0500,1273, ,CFS
SHA,H,76,INFLOW,20171103,0600,2210, ,CFS
SHA,H,76,INFLOW,20171103,0700,6067, ,CFS
SHA,H,76,INFLOW,20171103,0800,6204, ,CFS
SHA,H,76,INFLOW,20171103,0900,8925, ,CFS
SHA,H,76,INFLOW,20171103,1000,6993, ,CFS
SHA,H,76,INFLOW,20171103,1100,7145, ,CFS
SHA,H,76,INFLOW,20171103,1200,7084, ,CFS
SHA,H,76,INFLOW,20171103,1300,-260, ,CFS
SHA,H,76,INFLOW,20171103,1400,2426, ,CFS
SHA,H,76,INFLOW,20171103,1500,5749, ,CFS
SHA,H,76,INFLOW,20171103,1600,-303, ,CFS
SHA,H,76,INFLOW,20171103,1700,6850, ,CFS
SHA,H,76,INFLOW,20171103,1800,8614, ,CFS
SHA,H,76,INFLOW,20171103,1900,17506, ,CFS
SHA,H,76,INFLOW,20171103,2000,5735, ,CFS
SHA,H,76,INFLOW,20171103,2100,5574, ,CFS
SHA,H,76,INFLOW,20171103,2200,13778, ,CFS
SHA,H,76,INFLOW,20171103,2300,7681, ,CFS
SHA,H,76,INFLOW,20171104,0000,8083, ,CFS
SHA,H,76,INFLOW,20171104,0100,10188, ,CFS
SHA,H,76,INFLOW,20171104,0200,7408, ,CFS
SHA,H,76,INFLOW,20171104,0300,4477, ,CFS
SHA,H,76,INFLOW,20171104,0400,1739, ,CFS
SHA,H,76,INFLOW,20171104,0500,4649, ,CFS
SHA,H,76,INFLOW,20171104,0600,2116, ,CFS
SHA,H,76,INFLOW,20171104,0700,-3045, ,CFS
SHA,H,76,INFLOW,20171104,0800,5476, ,CFS
SHA,H,76,INFLOW,20171104,0900,5650, ,CFS
SHA,H,76,INFLOW,20171104,1000,5752, ,CFS
SHA,H,76,INFLOW,20171104,1100,3344, ,CFS
SHA,H,76,INFLOW,20171104,1200,1065, ,CFS
SHA,H,76,INFLOW,20171104,1300,2495, ,CFS
SHA,H,76,INFLOW,20171104,1400,-755, ,CFS
SHA,H,76,INFLOW,20171104,1500,3142, ,CFS
SHA,H,76,INFLOW,20171104,1600,2836, ,CFS
SHA,H,76,INFLOW,20171104,1700,-2573, ,CFS
SHA,H,76,INFLOW,20171104,1800,8368, ,CFS
SHA,H,76,INFLOW,20171104,1900,3207, ,CFS
SHA,H,76,INFLOW,20171104,2000,6055, ,CFS
SHA,H,76,INFLOW,20171104,2100,4611, ,CFS
SHA,H,76,INFLOW,20171104,2200,1471, ,CFS
SHA,H,76,INFLOW,20171104,2300,8233, ,CFS
SHA,H,76,INFLOW,20171105,0000,5326, ,CFS
SHA,H,76,INFLOW,20171105,0100,8065, ,CFS
SHA,H,76,INFLOW,20171105,0200,5165, ,CFS
SHA,H,76,INFLOW,20171105,0300,2017, ,CFS
SHA,H,76,INFLOW,20171105,0400,4874, ,CFS
SHA,H,76,INFLOW,20171105,0500,2380, ,CFS
SHA,H,76,INFLOW,20171105,0600,2571, ,CFS
SHA,H,76,INFLOW,20171105,0700,8145, ,CFS
SHA,H,76,INFLOW,20171105,0800,7042, ,CFS
SHA,H,76,INFLOW,20171105,0900,1354, ,CFS
SHA,H,76,INFLOW,20171105,1000,1706, ,CFS
SHA,H,76,INFLOW,20171105,1100,1681, ,CFS
SHA,H,76,INFLOW,20171105,1200,1708, ,CFS
SHA,H,76,INFLOW,20171105,1300,-273, ,CFS
SHA,H,76,INFLOW,20171105,1400,2611, ,CFS
SHA,H,76,INFLOW,20171105,1500,3228, ,CFS
SHA,H,76,INFLOW,20171105,1600,-2133, ,CFS
SHA,H,76,INFLOW,20171105,1700,4265, ,CFS
SHA,H,76,INFLOW,20171105,1800,5315, ,CFS
SHA,H,76,INFLOW,20171105,1900,5250, ,CFS
SHA,H,76,INFLOW,20171105,2000,9650, ,CFS
SHA,H,76,INFLOW,20171105,2100,6885, ,CFS
SHA,H,76,INFLOW,20171105,2200,2234, ,CFS
SHA,H,76,INFLOW,20171105,2300,11217, ,CFS
SHA,H,76,INFLOW,20171106,0000,4573, ,CFS
SHA,H,76,INFLOW,20171106,0100,9412, ,CFS
SHA,H,76,INFLOW,20171106,0200,-676, ,CFS
SHA,H,76,INFLOW,20171106,0300,2358, ,CFS
SHA,H,76,INFLOW,20171106,0400,5570, ,CFS
SHA,H,76,INFLOW,20171106,0500,-2802, ,CFS
SHA,H,76,INFLOW,20171106,0600,6017, ,CFS
SHA,H,76,INFLOW,20171106,0700,6055, ,CFS
SHA,H,76,INFLOW,20171106,0800,3017, ,CFS
SHA,H,76,INFLOW,20171106,0900,7333, ,CFS
SHA,H,76,INFLOW,20171106,1000,6490, ,CFS
SHA,H,76,INFLOW,20171106,1100,-2779, ,CFS
SHA,H,76,INFLOW,20171106,1200,2655, ,CFS
SHA,H,76,INFLOW,20171106,1300,173, ,CFS
SHA,H,76,INFLOW,20171106,1400,2588, ,CFS
SHA,H,76,INFLOW,20171106,1500,2498, ,CFS
SHA,H,76,INFLOW,20171106,1600,-115, ,CFS
SHA,H,76,INFLOW,20171106,1700,6393, ,CFS
SHA,H,76,INFLOW,20171106,1800,8271, ,CFS
SHA,H,76,INFLOW,20171106,1900,8595, ,CFS
SHA,H,76,INFLOW,20171106,2000,6404, ,CFS
SHA,H,76,INFLOW,20171106,2100,3754, ,CFS
SHA,H,76,INFLOW,20171106,2200,7191, ,CFS
SHA,H,76,INFLOW,20171106,2300,6111, ,CFS
SHA,H,76,INFLOW,20171107,0000,6647, ,CFS
SHA,H,76,INFLOW,20171107,0100,4609, ,CFS
SHA,H,76,INFLOW,20171107,0200,6414, ,CFS
SHA,H,76,INFLOW,20171107,0300,949, ,CFS
SHA,H,76,INFLOW,20171107,0400,3867, ,CFS
SHA,H,76,INFLOW,20171107,0500,1202, ,CFS
SHA,H,76,INFLOW,20171107,0600,-939, ,CFS
SHA,H,76,INFLOW,20171107,0700,7424, ,CFS
SHA,H,76,INFLOW,20171107,0800,7275, ,CFS
SHA,H,76,INFLOW,20171107,0900,4439, ,CFS
SHA,H,76,INFLOW,20171107,1000,542, ,CFS
SHA,H,76,INFLOW,20171107,1100,-869, ,CFS
SHA,H,76,INFLOW,20171107,1200,3906, ,CFS
SHA,H,76,INFLOW,20171107,1300,-4551, ,CFS
SHA,H,76,INFLOW,20171107,1400,4771, ,CFS
SHA,H,76,INFLOW,20171107,1500,930, ,CFS
SHA,H,76,INFLOW,20171107,1600,-352, ,CFS
SHA,H,76,INFLOW,20171107,1700,1957, ,CFS
SHA,H,76,INFLOW,20171107,1800,5922, ,CFS
SHA,H,76,INFLOW,20171107,1900,2830, ,CFS
SHA,H,76,INFLOW,20171107,2000,9248, ,CFS
SHA,H,76,INFLOW,20171107,2100,3170, ,CFS
SHA,H,76,INFLOW,20171107,2200,4127, ,CFS
SHA,H,76,INFLOW,20171107,2300,6488, ,CFS
SHA,H,76,INFLOW,20171108,0000,4142, ,CFS
SHA,H,76,INFLOW,20171108,0100,6899, ,CFS
SHA,H,76,INFLOW,20171108,0200,6809, ,CFS
SHA,H,76,INFLOW,20171108,0300,-1586, ,CFS
SHA,H,76,INFLOW,20171108,0400,4039, ,CFS
SHA,H,76,INFLOW,20171108,0500,1325, ,CFS
SHA,H,76,INFLOW,20171108,0600,-888, ,CFS
SHA,H,76,INFLOW,20171108,0700,11005, ,CFS
SHA,H,76,INFLOW,20171108,0800,2333, ,CFS
SHA,H,76,INFLOW,20171108,0900,4640, ,CFS
SHA,H,76,INFLOW,20171108,1000,444, ,CFS
SHA,H,76,INFLOW,20171108,1100,3194, ,CFS
SHA,H,76,INFLOW,20171108,1200,2913, ,CFS
SHA,H,76,INFLOW,20171108,1300,-2522, ,CFS
SHA,H,76,INFLOW,20171108,1400,5756, ,CFS
SHA,H,76,INFLOW,20171108,1500,2966, ,CFS
SHA,H,76,INFLOW,20171108,1600,840, ,CFS
SHA,H,76,INFLOW,20171108,1700,14118, ,CFS
SHA,H,76,INFLOW,20171108,1800,5835, ,CFS
SHA,H,76,INFLOW,20171108,1900,8881, ,CFS
SHA,H,76,INFLOW,20171108,2000,11953, ,CFS
SHA,H,76,INFLOW,20171108,2100,5698, ,CFS
SHA,H,76,INFLOW,20171108,2200,11330, ,CFS
SHA,H,76,INFLOW,20171108,2300,5311, ,CFS
SHA,H,76,INFLOW,20171109,0000,10048, ,CFS
SHA,H,76,INFLOW,20171109,0100,5730, ,CFS
SHA,H,76,INFLOW,20171109,0200,2882, ,CFS
SHA,H,76,INFLOW,20171109,0300,8529, ,CFS
SHA,H,76,INFLOW,20171109,0400,59, ,CFS
SHA,H,76,INFLOW,20171109,0500,2882, ,CFS
SHA,H,76,INFLOW,20171109,0600,9077, ,CFS
SHA,H,76,INFLOW,20171109,0700,7170, ,CFS
SHA,H,76,INFLOW,20171109,0800,5128, ,CFS
SHA,H,76,INFLOW,20171109,0900,7316, ,CFS
SHA,H,76,INFLOW,20171109,1000,5537, ,CFS
SHA,H,76,INFLOW,20171109,1100,2753, ,CFS
SHA,H,76,INFLOW,20171109,1200,8728, ,CFS
SHA,H,76,INFLOW,20171109,1300,6038, ,CFS
SHA,H,76,INFLOW,20171109,1400,14818, ,CFS
SHA,H,76,INFLOW,20171109,1500,3739, ,CFS
SHA,H,76,INFLOW,20171109,1600,4053, ,CFS
SHA,H,76,INFLOW,20171109,1700,2596, ,CFS
SHA,H,76,INFLOW,20171109,1800,11427, ,CFS
SHA,H,76,INFLOW,20171109,1900,4293, ,CFS
SHA,H,76,INFLOW,20171109,2000,10087, ,CFS
SHA,H,76,INFLOW,20171109,2100,-783, ,CFS
SHA,H,76,INFLOW,20171109,2200,11529, ,CFS
SHA,H,76,INFLOW,20171109,2300,5586, ,CFS
SHA,H,76,INFLOW,20171110,0000,4865, ,CFS
SHA,H,76,INFLOW,20171110,0100,10397, ,CFS
SHA,H,76,INFLOW,20171110,0200,1765, ,CFS
SHA,H,76,INFLOW,20171110,0300,4619, ,CFS
SHA,H,76,INFLOW,20171110,0400,4565, ,CFS
SHA,H,76,INFLOW,20171110,0500,7686, ,CFS
SHA,H,76,INFLOW,20171110,0600,8329, ,CFS
SHA,H,76,INFLOW,20171110,0700,11957, ,CFS
SHA,H,76,INFLOW,20171110,0800,6781, ,CFS
SHA,H,76,INFLOW,20171110,0900,5852, ,CFS
SHA,H,76,INFLOW,20171110,1000,8727, ,CFS
SHA,H,76,INFLOW,20171110,1100,2020, ,CFS
SHA,H,76,INFLOW,20171110,1200,4757, ,CFS
SHA,H,76,INFLOW,20171110,1300,1813, ,CFS
SHA,H,76,INFLOW,20171110,1400,4162, ,CFS
SHA,H,76,INFLOW,20171110,1500,4181, ,CFS
SHA,H,76,INFLOW,20171110,1600,4103, ,CFS
SHA,H,76,INFLOW,20171110,1700,1576, ,CFS
SHA,H,76,INFLOW,20171110,1800,14218, ,CFS
SHA,H,76,INFLOW,20171110,1900,8913, ,CFS
SHA,H,76,INFLOW,20171110,2000,-1840, ,CFS
SHA,H,76,INFLOW,20171110,2100,13353, ,CFS
SHA,H,76,INFLOW,20171110,2200,1885, ,CFS
SHA,H,76,INFLOW,20171110,2300,9019, ,CFS
SHA,H,76,INFLOW,20171111,0000,10737, ,CFS
SHA,H,76,INFLOW,20171111,0100,4964, ,CFS
SHA,H,76,INFLOW,20171111,0200,7521, ,CFS
SHA,H,76,INFLOW,20171111,0300,1988, ,CFS
SHA,H,76,INFLOW,20171111,0400,1785, ,CFS
SHA,H,76,INFLOW,20171111,0500,6024, ,CFS
SHA,H,76,INFLOW,20171111,0600,3445, ,CFS
SHA,H,76,INFLOW,20171111,0700,9478, ,CFS
SHA,H,76,INFLOW,20171111,0800,6689, ,CFS
SHA,H,76,INFLOW,20171111,0900,4021, ,CFS
SHA,H,76,INFLOW,20171111,1000,4029, ,CFS
SHA,H,76,INFLOW,20171111,1100,4136, ,CFS
SHA,H,76,INFLOW,20171111,1200,-1727, ,CFS
SHA,H,76,INFLOW,20171111,1300,6458, ,CFS
SHA,H,76,INFLOW,20171111,1400,753, ,CFS
SHA,H,76,INFLOW,20171111,1500,2057, ,CFS
SHA,H,76,INFLOW,20171111,1600,-234, ,CFS
SHA,H,76,INFLOW,20171111,1700,7786, ,CFS
SHA,H,76,INFLOW,20171111,1800,10647, ,CFS
SHA,H,76,INFLOW,20171111,1900,4604, ,CFS
SHA,H,76,INFLOW,20171111,2000,10584, ,CFS
SHA,H,76,INFLOW,20171111,2100,6007, ,CFS
SHA,H,76,INFLOW,20171111,2200,8635, ,CFS
SHA,H,76,INFLOW,20171111,2300,8564, ,CFS
SHA,H,76,INFLOW,20171112,0000,6165, ,CFS
SHA,H,76,INFLOW,20171112,0100,4823, ,CFS
SHA,H,76,INFLOW,20171112,0200,7132, ,CFS
SHA,H,76,INFLOW,20171112,0300,7308, ,CFS
SHA,H,76,INFLOW,20171112,0400,7185, ,CFS
SHA,H,76,INFLOW,20171112,0500,10172, ,CFS
SHA,H,76,INFLOW,20171112,0600,7562, ,CFS
SHA,H,76,INFLOW,20171112,0700,9660, ,CFS
SHA,H,76,INFLOW,20171112,0800,7240, ,CFS
SHA,H,76,INFLOW,20171112,0900,4172, ,CFS
SHA,H,76,INFLOW,20171112,1000,4214, ,CFS
SHA,H,76,INFLOW,20171112,1100,4350, ,CFS
SHA,H,76,INFLOW,20171112,1200,4201, ,CFS
SHA,H,76,INFLOW,20171112,1300,4314, ,CFS
SHA,H,76,INFLOW,20171112,1400,-1236, ,CFS
SHA,H,76,INFLOW,20171112,1500,4256, ,CFS
SHA,H,76,INFLOW,20171112,1600,4462, ,CFS
SHA,H,76,INFLOW,20171112,1700,4293, ,CFS
SHA,H,76,INFLOW,20171112,1800,8333, ,CFS
SHA,H,76,INFLOW,20171112,1900,6435, ,CFS
SHA,H,76,INFLOW,20171112,2000,9376, ,CFS
SHA,H,76,INFLOW,20171112,2100,7936, ,CFS
SHA,H,76,INFLOW,20171112,2200,6031, ,CFS
SHA,H,76,INFLOW,20171112,2300,7415, ,CFS
SHA,H,76,INFLOW,20171113,0000,7582, ,CFS
SHA,H,76,INFLOW,20171113,0100,6904, ,CFS
SHA,H,76,INFLOW,20171113,0200,9500, ,CFS
SHA,H,76,INFLOW,20171113,0300,6621, ,CFS
SHA,H,76,INFLOW,20171113,0400,3866, ,CFS
SHA,H,76,INFLOW,20171113,0500,9794, ,CFS
SHA,H,76,INFLOW,20171113,0600,10486, ,CFS
SHA,H,76,INFLOW,20171113,0700,15167, ,CFS
SHA,H,76,INFLOW,20171113,0800,5657, ,CFS
SHA,H,76,INFLOW,20171113,0900,11282, ,CFS
SHA,H,76,INFLOW,20171113,1000,4665, ,CFS
SHA,H,76,INFLOW,20171113,1100,13058, ,CFS
SHA,H,76,INFLOW,20171113,1200,7271, ,CFS
SHA,H,76,INFLOW,20171113,1300,7561, ,CFS
SHA,H,76,INFLOW,20171113,1400,4851, ,CFS
SHA,H,76,INFLOW,20171113,1500,21808, ,CFS
SHA,H,76,INFLOW,20171113,1600,-786, ,CFS
SHA,H,76,INFLOW,20171113,1700,10912, ,CFS
SHA,H,76,INFLOW,20171113,1800,13928, ,CFS
SHA,H,76,INFLOW,20171113,1900,8703, ,CFS
SHA,H,76,INFLOW,20171113,2000,12797, ,CFS
SHA,H,76,INFLOW,20171113,2100,3609, ,CFS
SHA,H,76,INFLOW,20171113,2200,13539, ,CFS
SHA,H,76,INFLOW,20171113,2300,10273, ,CFS
SHA,H,76,INFLOW,20171114,0000,4360, ,CFS
SHA,H,76,INFLOW,20171114,0100,8631, ,CFS
SHA,H,76,INFLOW,20171114,0200,5708, ,CFS
SHA,H,76,INFLOW,20171114,0300,5708, ,CFS
SHA,H,76,INFLOW,20171114,0400,8546, ,CFS
SHA,H,76,INFLOW,20171114,0500,32, ,CFS
SHA,H,76,INFLOW,20171114,0600,8775, ,CFS
SHA,H,76,INFLOW,20171114,0700,6576, ,CFS
SHA,H,76,INFLOW,20171114,0800,10142, ,CFS
SHA,H,76,INFLOW,20171114,0900,2008, ,CFS
SHA,H,76,INFLOW,20171114,1000,6970, ,CFS
SHA,H,76,INFLOW,20171114,1100,-1868, ,CFS
SHA,H,76,INFLOW,20171114,1200,3678, ,CFS
SHA,H,76,INFLOW,20171114,1300,3957, ,CFS
SHA,H,76,INFLOW,20171114,1400,-1693, ,CFS
SHA,H,76,INFLOW,20171114,1500,7114, ,CFS
SHA,H,76,INFLOW,20171114,1600,-1162, ,CFS
SHA,H,76,INFLOW,20171114,1700,5077, ,CFS
SHA,H,76,INFLOW,20171114,1800,11146, ,CFS
SHA,H,76,INFLOW,20171114,1900,6239, ,CFS
SHA,H,76,INFLOW,20171114,2000,7575, ,CFS
SHA,H,76,INFLOW,20171114,2100,8338, ,CFS
SHA,H,76,INFLOW,20171114,2200,7196, ,CFS
SHA,H,76,INFLOW,20171114,2300,4805, ,CFS
SHA,H,76,INFLOW,20171115,0000,8717, ,CFS
SHA,H,76,INFLOW,20171115,0100,5749, ,CFS
SHA,H,76,INFLOW,20171115,0200,8587, ,CFS
SHA,H,76,INFLOW,20171115,0300,8587, ,CFS
SHA,H,76,INFLOW,20171115,0400,8587, ,CFS
SHA,H,76,INFLOW,20171115,0500,5749, ,CFS
SHA,H,76,INFLOW,20171115,0600,8770, ,CFS
SHA,H,76,INFLOW,20171115,0700,11882, ,CFS
SHA,H,76,INFLOW,20171115,0800,8344, ,CFS
SHA,H,76,INFLOW,20171115,0900,10912, ,CFS
SHA,H,76,INFLOW,20171115,1000,2402, ,CFS
SHA,H,76,INFLOW,20171115,1100,5362, ,CFS
SHA,H,76,INFLOW,20171115,1200,5363, ,CFS
SHA,H,76,INFLOW,20171115,1300,3272, ,CFS
SHA,H,76,INFLOW,20171115,1400,8868, ,CFS
SHA,H,76,INFLOW,20171115,1500,6163, ,CFS
SHA,H,76,INFLOW,20171115,1600,9372, ,CFS
SHA,H,76,INFLOW,20171115,1700,12503, ,CFS
SHA,H,76,INFLOW,20171115,1800,11868, ,CFS
SHA,H,76,INFLOW,20171115,1900,3711, ,CFS
SHA,H,76,INFLOW,20171115,2000,15637, ,CFS
SHA,H,76,INFLOW,20171115,2100,3110, ,CFS
SHA,H,76,INFLOW,20171115,2200,16299, ,CFS
SHA,H,76,INFLOW,20171115,2300,7190, ,CFS
SHA,H,76,INFLOW,20171116,0000,12339, ,CFS
SHA,H,76,INFLOW,20171116,0100,14374, ,CFS
SHA,H,76,INFLOW,20171116,0200,5766, ,CFS
SHA,H,76,INFLOW,20171116,0300,8620, ,CFS
SHA,H,76,INFLOW,20171116,0400,8621, ,CFS
SHA,H,76,INFLOW,20171116,0500,11622, ,CFS
SHA,H,76,INFLOW,20171116,0600,8498, ,CFS
SHA,H,76,INFLOW,20171116,0700,9276, ,CFS
SHA,H,76,INFLOW,20171116,0800,9685, ,CFS
SHA,H,76,INFLOW,20171116,0900,9930, ,CFS
SHA,H,76,INFLOW,20171116,1000,10008, ,CFS
SHA,H,76,INFLOW,20171116,1100,2134, ,CFS
SHA,H,76,INFLOW,20171116,1200,13509, ,CFS
SHA,H,76,INFLOW,20171116,1300,1902, ,CFS
SHA,H,76,INFLOW,20171116,1400,4744, ,CFS
SHA,H,76,INFLOW,20171116,1500,10656, ,CFS
SHA,H,76,INFLOW,20171116,1600,-600, ,CFS
SHA,H,76,INFLOW,20171116,1700,8752, ,CFS
SHA,H,76,INFLOW,20171116,1800,4685, ,CFS
SHA,H,76,INFLOW,20171116,1900,8042, ,CFS
SHA,H,76,INFLOW,20171116,2000,1012, ,CFS
SHA,H,76,INFLOW,20171116,2100,13096, ,CFS
SHA,H,76,INFLOW,20171116,2200,4547, ,CFS
SHA,H,76,INFLOW,20171116,2300,7148, ,CFS
SHA,H,76,INFLOW,20171117,0000,12395, ,CFS
SHA,H,76,INFLOW,20171117,0100,2954, ,CFS
SHA,H,76,INFLOW,20171117,0200,11527, ,CFS
SHA,H,76,INFLOW,20171117,0300,5753, ,CFS
SHA,H,76,INFLOW,20171117,0400,5781, ,CFS
SHA,H,76,INFLOW,20171117,0500,11845, ,CFS
SHA,H,76,INFLOW,20171117,0600,9184, ,CFS
SHA,H,76,INFLOW,20171117,0700,11637, ,CFS
SHA,H,76,INFLOW,20171117,0800,4922, ,CFS
SHA,H,76,INFLOW,20171117,0900,10031, ,CFS
SHA,H,76,INFLOW,20171117,1000,7433, ,CFS
SHA,H,76,INFLOW,20171117,1100,7321, ,CFS
SHA,H,76,INFLOW,20171117,1200,7198, ,CFS
SHA,H,76,INFLOW,20171117,1300,4423, ,CFS
SHA,H,76,INFLOW,20171117,1400,7233, ,CFS
SHA,H,76,INFLOW,20171117,1500,1049, ,CFS
SHA,H,76,INFLOW,20171117,1600,10201, ,CFS
SHA,H,76,INFLOW,20171117,1700,9670, ,CFS
SHA,H,76,INFLOW,20171117,1800,10799, ,CFS
SHA,H,76,INFLOW,20171117,1900,10591, ,CFS
SHA,H,76,INFLOW,20171117,2000,6747, ,CFS
SHA,H,76,INFLOW,20171117,2100,8763, ,CFS
SHA,H,76,INFLOW,20171117,2200,8592, ,CFS
SHA,H,76,INFLOW,20171117,2300,8592, ,CFS
SHA,H,76,INFLOW,20171118,0000,8663, ,CFS
SHA,H,76,INFLOW,20171118,0100,9644, ,CFS
SHA,H,76,INFLOW,20171118,0200,9620, ,CFS
SHA,H,76,INFLOW,20171118,0300,6725, ,CFS
SHA,H,76,INFLOW,20171118,0400,6513, ,CFS
SHA,H,76,INFLOW,20171118,0500,12552, ,CFS
SHA,H,76,INFLOW,20171118,0600,7492, ,CFS
SHA,H,76,INFLOW,20171118,0700,7175, ,CFS
SHA,H,76,INFLOW,20171118,0800,5460, ,CFS
SHA,H,76,INFLOW,20171118,0900,10584, ,CFS
SHA,H,76,INFLOW,20171118,1000,1688, ,CFS
SHA,H,76,INFLOW,20171118,1100,10015, ,CFS
SHA,H,76,INFLOW,20171118,1200,-4265, ,CFS
SHA,H,76,INFLOW,20171118,1300,7454, ,CFS
SHA,H,76,INFLOW,20171118,1400,1878, ,CFS
SHA,H,76,INFLOW,20171118,1500,2075, ,CFS
SHA,H,76,INFLOW,20171118,1600,11176, ,CFS
SHA,H,76,INFLOW,20171118,1700,4149, ,CFS
SHA,H,76,INFLOW,20171118,1800,12064, ,CFS
SHA,H,76,INFLOW,20171118,1900,11936, ,CFS
SHA,H,76,INFLOW,20171118,2000,5128, ,CFS
SHA,H,76,INFLOW,20171118,2100,9533, ,CFS
SHA,H,76,INFLOW,20171118,2200,8617, ,CFS
SHA,H,76,INFLOW,20171118,2300,5749, ,CFS
SHA,H,76,INFLOW,20171119,0000,11610, ,CFS
SHA,H,76,INFLOW,20171119,0100,8666, ,CFS
SHA,H,76,INFLOW,20171119,0200,6092, ,CFS
SHA,H,76,INFLOW,20171119,0300,6827, ,CFS
SHA,H,76,INFLOW,20171119,0400,4130, ,CFS
SHA,H,76,INFLOW,20171119,0500,7065, ,CFS
SHA,H,76,INFLOW,20171119,0600,6633, ,CFS
SHA,H,76,INFLOW,20171119,0700,5211, ,CFS
SHA,H,76,INFLOW,20171119,0800,8274, ,CFS
SHA,H,76,INFLOW,20171119,0900,1814, ,CFS
SHA,H,76,INFLOW,20171119,1000,1632, ,CFS
SHA,H,76,INFLOW,20171119,1100,1618, ,CFS
SHA,H,76,INFLOW,20171119,1200,1663, ,CFS
SHA,H,76,INFLOW,20171119,1300,-625, ,CFS
SHA,H,76,INFLOW,20171119,1400,4742, ,CFS
SHA,H,76,INFLOW,20171119,1500,-435, ,CFS
SHA,H,76,INFLOW,20171119,1600,2967, ,CFS
SHA,H,76,INFLOW,20171119,1700,9802, ,CFS
SHA,H,76,INFLOW,20171119,1800,6665, ,CFS
SHA,H,76,INFLOW,20171119,1900,8778, ,CFS
SHA,H,76,INFLOW,20171119,2000,7911, ,CFS
SHA,H,76,INFLOW,20171119,2100,8064, ,CFS
SHA,H,76,INFLOW,20171119,2200,8056, ,CFS
SHA,H,76,INFLOW,20171119,2300,6470, ,CFS
SHA,H,76,INFLOW,20171120,0000,9281, ,CFS
SHA,H,76,INFLOW,20171120,0100,6534, ,CFS
SHA,H,76,INFLOW,20171120,0200,6160, ,CFS
SHA,H,76,INFLOW,20171120,0300,-2456, ,CFS
SHA,H,76,INFLOW,20171120,0400,3558, ,CFS
SHA,H,76,INFLOW,20171120,0500,846, ,CFS
SHA,H,76,INFLOW,20171120,0600,12361, ,CFS
SHA,H,76,INFLOW,20171120,0700,11039, ,CFS
SHA,H,76,INFLOW,20171120,0800,2007, ,CFS
SHA,H,76,INFLOW,20171120,0900,7895, ,CFS
SHA,H,76,INFLOW,20171120,1000,1685, ,CFS
SHA,H,76,INFLOW,20171120,1100,4749, ,CFS
SHA,H,76,INFLOW,20171120,1200,1829, ,CFS
SHA,H,76,INFLOW,20171120,1300,7614, ,CFS
SHA,H,76,INFLOW,20171120,1400,2047, ,CFS
SHA,H,76,INFLOW,20171120,1500,7418, ,CFS
SHA,H,76,INFLOW,20171120,1600,3548, ,CFS
SHA,H,76,INFLOW,20171120,1700,4347, ,CFS
SHA,H,76,INFLOW,20171120,1800,13458, ,CFS
SHA,H,76,INFLOW,20171120,1900,7858, ,CFS
SHA,H,76,INFLOW,20171120,2000,9468, ,CFS
SHA,H,76,INFLOW,20171120,2100,5091, ,CFS
SHA,H,76,INFLOW,20171120,2200,7569, ,CFS
SHA,H,76,INFLOW,20171120,2300,7282, ,CFS
SHA,H,76,INFLOW,20171121,0000,9857, ,CFS
SHA,H,76,INFLOW,20171121,0100,5496, ,CFS
SHA,H,76,INFLOW,20171121,0200,11061, ,CFS
SHA,H,76,INFLOW,20171121,0300,14492, ,CFS
SHA,H,76,INFLOW,20171121,0400,5902, ,CFS
SHA,H,76,INFLOW,20171121,0500,9050, ,CFS
SHA,H,76,INFLOW,20171121,0600,9031, ,CFS
SHA,H,76,INFLOW,20171121,0700,5833, ,CFS
SHA,H,76,INFLOW,20171121,0800,15036, ,CFS
SHA,H,76,INFLOW,20171121,0900,234, ,CFS
SHA,H,76,INFLOW,20171121,1000,3101, ,CFS
SHA,H,76,INFLOW,20171121,1100,5195, ,CFS
SHA,H,76,INFLOW,20171121,1200,-233, ,CFS
SHA,H,76,INFLOW,20171121,1300,8393, ,CFS
SHA,H,76,INFLOW,20171121,1400,-345, ,CFS
SHA,H,76,INFLOW,20171121,1500,0, ,CFS
SHA,H,76,INFLOW,20171121,1600,2483, ,CFS
SHA,H,76,INFLOW,20171121,1700,1283, ,CFS
SHA,H,76,INFLOW,20171121,1800,10222, ,CFS
SHA,H,76,INFLOW,20171121,1900,7027, ,CFS
SHA,H,76,INFLOW,20171121,2000,849, ,CFS
SHA,H,76,INFLOW,20171121,2100,5627, ,CFS
SHA,H,76,INFLOW,20171121,2200,3479, ,CFS
SHA,H,76,INFLOW,20171121,2300,396, ,CFS
SHA,H,76,INFLOW,20171122,0000,11672, ,CFS
SHA,H,76,INFLOW,20171122,0100,72, ,CFS
SHA,H,76,INFLOW,20171122,0200,5742, ,CFS
SHA,H,76,INFLOW,20171122,0300,2619, ,CFS
SHA,H,76,INFLOW,20171122,0400,-241, ,CFS
SHA,H,76,INFLOW,20171122,0500,3062, ,CFS
SHA,H,76,INFLOW,20171122,0600,5550, ,CFS
SHA,H,76,INFLOW,20171122,0700,2258, ,CFS
SHA,H,76,INFLOW,20171122,0800,7532, ,CFS
SHA,H,76,INFLOW,20171122,0900,1449, ,CFS
SHA,H,76,INFLOW,20171122,1000,1601, ,CFS
SHA,H,76,INFLOW,20171122,1100,4222, ,CFS
SHA,H,76,INFLOW,20171122,1200,-1309, ,CFS
SHA,H,76,INFLOW,20171122,1300,3437, ,CFS
SHA,H,76,INFLOW,20171122,1400,3486, ,CFS
SHA,H,76,INFLOW,20171122,1500,1481, ,CFS
SHA,H,76,INFLOW,20171122,1600,1226, ,CFS
SHA,H,76,INFLOW,20171122,1700,5337, ,CFS
SHA,H,76,INFLOW,20171122,1800,6651, ,CFS
SHA,H,76,INFLOW,20171122,1900,6620, ,CFS
SHA,H,76,INFLOW,20171122,2000,6363, ,CFS
SHA,H,76,INFLOW,20171122,2100,4543, ,CFS
SHA,H,76,INFLOW,20171122,2200,6457, ,CFS
SHA,H,76,INFLOW,20171122,2300,5452, ,CFS
SHA,H,76,INFLOW,20171123,0000,2787, ,CFS
SHA,H,76,INFLOW,20171123,0100,3594, ,CFS
SHA,H,76,INFLOW,20171123,0200,755, ,CFS
SHA,H,76,INFLOW,20171123,0300,9238, ,CFS
SHA,H,76,INFLOW,20171123,0400,3324, ,CFS
SHA,H,76,INFLOW,20171123,0500,366, ,CFS
SHA,H,76,INFLOW,20171123,0600,6297, ,CFS
SHA,H,76,INFLOW,20171123,0700,-1391, ,CFS
SHA,H,76,INFLOW,20171123,0800,4037, ,CFS
SHA,H,76,INFLOW,20171123,0900,256, ,CFS
SHA,H,76,INFLOW,20171123,1000,-49, ,CFS
SHA,H,76,INFLOW,20171123,1100,2319, ,CFS
SHA,H,76,INFLOW,20171123,1200,2687, ,CFS
SHA,H,76,INFLOW,20171123,1300,-237, ,CFS
SHA,H,76,INFLOW,20171123,1400,3889, ,CFS
SHA,H,76,INFLOW,20171123,1500,-251, ,CFS
SHA,H,76,INFLOW,20171123,1600,2641, ,CFS
SHA,H,76,INFLOW,20171123,1700,4840, ,CFS
SHA,H,76,INFLOW,20171123,1800,5667, ,CFS
SHA,H,76,INFLOW,20171123,1900,5624, ,CFS
SHA,H,76,INFLOW,20171123,2000,4725, ,CFS
SHA,H,76,INFLOW,20171123,2100,4292, ,CFS
SHA,H,76,INFLOW,20171123,2200,1702, ,CFS
SHA,H,76,INFLOW,20171123,2300,4721, ,CFS
SHA,H,76,INFLOW,20171124,0000,-880, ,CFS
SHA,H,76,INFLOW,20171124,0100,3500, ,CFS
SHA,H,76,INFLOW,20171124,0200,9041, ,CFS
SHA,H,76,INFLOW,20171124,0300,2990, ,CFS
SHA,H,76,INFLOW,20171124,0400,5751, ,CFS
SHA,H,76,INFLOW,20171124,0500,2981, ,CFS
SHA,H,76,INFLOW,20171124,0600,428, ,CFS
SHA,H,76,INFLOW,20171124,0700,11011, ,CFS
SHA,H,76,INFLOW,20171124,0800,4596, ,CFS
SHA,H,76,INFLOW,20171124,0900,4206, ,CFS
SHA,H,76,INFLOW,20171124,1000,4454, ,CFS
SHA,H,76,INFLOW,20171124,1100,1662, ,CFS
SHA,H,76,INFLOW,20171124,1200,1864, ,CFS
SHA,H,76,INFLOW,20171124,1300,1824, ,CFS
SHA,H,76,INFLOW,20171124,1400,-984, ,CFS
SHA,H,76,INFLOW,20171124,1500,4915, ,CFS
SHA,H,76,INFLOW,20171124,1600,-1417, ,CFS
SHA,H,76,INFLOW,20171124,1700,6343, ,CFS
SHA,H,76,INFLOW,20171124,1800,8235, ,CFS
SHA,H,76,INFLOW,20171124,1900,7677, ,CFS
SHA,H,76,INFLOW,20171124,2000,4825, ,CFS
SHA,H,76,INFLOW,20171124,2100,10037, ,CFS
SHA,H,76,INFLOW,20171124,2200,4680, ,CFS
SHA,H,76,INFLOW,20171124,2300,7818, ,CFS
SHA,H,76,INFLOW,20171125,0000,7799, ,CFS
SHA,H,76,INFLOW,20171125,0100,11382, ,CFS
SHA,H,76,INFLOW,20171125,0200,5545, ,CFS
SHA,H,76,INFLOW,20171125,0300,2771, ,CFS
SHA,H,76,INFLOW,20171125,0400,5569, ,CFS
SHA,H,76,INFLOW,20171125,0500,5532, ,CFS
SHA,H,76,INFLOW,20171125,0600,-102, ,CFS
SHA,H,76,INFLOW,20171125,0700,10776, ,CFS
SHA,H,76,INFLOW,20171125,0800,4693, ,CFS
SHA,H,76,INFLOW,20171125,0900,4193, ,CFS
SHA,H,76,INFLOW,20171125,1000,1354, ,CFS
SHA,H,76,INFLOW,20171125,1100,-4401, ,CFS
SHA,H,76,INFLOW,20171125,1200,6841, ,CFS
SHA,H,76,INFLOW,20171125,1300,-1418, ,CFS
SHA,H,76,INFLOW,20171125,1400,2956, ,CFS
SHA,H,76,INFLOW,20171125,1500,-110, ,CFS
SHA,H,76,INFLOW,20171125,1600,191, ,CFS
SHA,H,76,INFLOW,20171125,1700,11524, ,CFS
SHA,H,76,INFLOW,20171125,1800,5665, ,CFS
SHA,H,76,INFLOW,20171125,1900,11729, ,CFS
SHA,H,76,INFLOW,20171125,2000,3502, ,CFS
SHA,H,76,INFLOW,20171125,2100,7157, ,CFS
SHA,H,76,INFLOW,20171125,2200,10599, ,CFS
SHA,H,76,INFLOW,20171125,2300,6127, ,CFS
SHA,H,76,INFLOW,20171126,0000,8846, ,CFS
SHA,H,76,INFLOW,20171126,0100,3081, ,CFS
SHA,H,76,INFLOW,20171126,0200,14458, ,CFS
SHA,H,76,INFLOW,20171126,0300,5793, ,CFS
SHA,H,76,INFLOW,20171126,0400,5947, ,CFS
SHA,H,76,INFLOW,20171126,0500,14500, ,CFS
SHA,H,76,INFLOW,20171126,0600,8308, ,CFS
SHA,H,76,INFLOW,20171126,0700,4898, ,CFS
SHA,H,76,INFLOW,20171126,0800,10876, ,CFS
SHA,H,76,INFLOW,20171126,0900,16274, ,CFS
SHA,H,76,INFLOW,20171126,1000,4450, ,CFS
SHA,H,76,INFLOW,20171126,1100,18406, ,CFS
SHA,H,76,INFLOW,20171126,1200,1212, ,CFS
SHA,H,76,INFLOW,20171126,1300,15593, ,CFS
SHA,H,76,INFLOW,20171126,1400,15529, ,CFS
SHA,H,76,INFLOW,20171126,1500,9659, ,CFS
SHA,H,76,INFLOW,20171126,1600,18577, ,CFS
SHA,H,76,INFLOW,20171126,1700,8679, ,CFS
SHA,H,76,INFLOW,20171126,1800,11956, ,CFS
SHA,H,76,INFLOW,20171126,1900,26637, ,CFS
SHA,H,76,INFLOW,20171126,2000,10950, ,CFS
SHA,H,76,INFLOW,20171126,2100,19039, ,CFS
SHA,H,76,INFLOW,20171126,2200,11023, ,CFS
SHA,H,76,INFLOW,20171126,2300,10891, ,CFS
SHA,H,76,INFLOW,20171127,0000,13620, ,CFS
SHA,H,76,INFLOW,20171127,0100,14406, ,CFS
SHA,H,76,INFLOW,20171127,0200,11404, ,CFS
SHA,H,76,INFLOW,20171127,0300,5467, ,CFS
SHA,H,76,INFLOW,20171127,0400,8380, ,CFS
SHA,H,76,INFLOW,20171127,0500,2836, ,CFS
SHA,H,76,INFLOW,20171127,0600,8761, ,CFS
SHA,H,76,INFLOW,20171127,0700,16476, ,CFS
SHA,H,76,INFLOW,20171127,0800,10832, ,CFS
SHA,H,76,INFLOW,20171127,0900,4626, ,CFS
SHA,H,76,INFLOW,20171127,1000,9787, ,CFS
SHA,H,76,INFLOW,20171127,1100,3303, ,CFS
SHA,H,76,INFLOW,20171127,1200,3518, ,CFS
SHA,H,76,INFLOW,20171127,1300,4196, ,CFS
SHA,H,76,INFLOW,20171127,1400,2810, ,CFS
SHA,H,76,INFLOW,20171127,1500,5545, ,CFS
SHA,H,76,INFLOW,20171127,1600,3253, ,CFS
SHA,H,76,INFLOW,20171127,1700,7040, ,CFS
SHA,H,76,INFLOW,20171127,1800,10387, ,CFS
SHA,H,76,INFLOW,20171127,1900,8774, ,CFS
SHA,H,76,INFLOW,20171127,2000,4776, ,CFS
SHA,H,76,INFLOW,20171127,2100,10185, ,CFS
SHA,H,76,INFLOW,20171127,2200,10428, ,CFS
SHA,H,76,INFLOW,20171127,2300,9431, ,CFS
SHA,H,76,INFLOW,20171128,0000,9410, ,CFS
SHA,H,76,INFLOW,20171128,0100,6053, ,CFS
SHA,H,76,INFLOW,20171128,0200,5973, ,CFS
SHA,H,76,INFLOW,20171128,0300,5652, ,CFS
SHA,H,76,INFLOW,20171128,0400,2767, ,CFS
SHA,H,76,INFLOW,20171128,0500,3168, ,CFS
SHA,H,76,INFLOW,20171128,0600,7225, ,CFS
SHA,H,76,INFLOW,20171128,0700,10491, ,CFS
SHA,H,76,INFLOW,20171128,0800,4987, ,CFS
SHA,H,76,INFLOW,20171128,0900,12846, ,CFS
SHA,H,76,INFLOW,20171128,1000,3183, ,CFS
SHA,H,76,INFLOW,20171128,1100,3013, ,CFS
SHA,H,76,INFLOW,20171128,1200,3037, ,CFS
SHA,H,76,INFLOW,20171128,1300,152, ,CFS
SHA,H,76,INFLOW,20171128,1400,2310, ,CFS
SHA,H,76,INFLOW,20171128,1500,2448, ,CFS
SHA,H,76,INFLOW,20171128,1600,2757, ,CFS
SHA,H,76,INFLOW,20171128,1700,3608, ,CFS
SHA,H,76,INFLOW,20171128,1800,11160, ,CFS
SHA,H,76,INFLOW,20171128,1900,8011, ,CFS
SHA,H,76,INFLOW,20171128,2000,9728, ,CFS
SHA,H,76,INFLOW,20171128,2100,8187, ,CFS
SHA,H,76,INFLOW,20171128,2200,6770, ,CFS
SHA,H,76,INFLOW,20171128,2300,11886, ,CFS
SHA,H,76,INFLOW,20171129,0000,5003, ,CFS
SHA,H,76,INFLOW,20171129,0100,8798, ,CFS
SHA,H,76,INFLOW,20171129,0200,2902, ,CFS
SHA,H,76,INFLOW,20171129,0300,-1138, ,CFS
SHA,H,76,INFLOW,20171129,0400,7476, ,CFS
SHA,H,76,INFLOW,20171129,0500,2136, ,CFS
SHA,H,76,INFLOW,20171129,0600,2671, ,CFS
SHA,H,76,INFLOW,20171129,0700,5595, ,CFS
SHA,H,76,INFLOW,20171129,0800,9354, ,CFS
SHA,H,76,INFLOW,20171129,0900,8240, ,CFS
SHA,H,76,INFLOW,20171129,1000,4857, ,CFS
SHA,H,76,INFLOW,20171129,1100,7158, ,CFS
SHA,H,76,INFLOW,20171129,1200,1311, ,CFS
SHA,H,76,INFLOW,20171129,1300,3661, ,CFS
SHA,H,76,INFLOW,20171129,1400,-679, ,CFS
SHA,H,76,INFLOW,20171129,1500,5681, ,CFS
SHA,H,76,INFLOW,20171129,1600,365, ,CFS
SHA,H,76,INFLOW,20171129,1700,1837, ,CFS
SHA,H,76,INFLOW,20171129,1800,17738, ,CFS
SHA,H,76,INFLOW,20171129,1900,6199, ,CFS
SHA,H,76,INFLOW,20171129,2000,6495, ,CFS
SHA,H,76,INFLOW,20171129,2100,10219, ,CFS
SHA,H,76,INFLOW,20171129,2200,3597, ,CFS
SHA,H,76,INFLOW,20171129,2300,8434, ,CFS
SHA,H,76,INFLOW,20171130,0000,8207, ,CFS
SHA,H,76,INFLOW,20171130,0100,1638, ,CFS
SHA,H,76,INFLOW,20171130,0200,4526, ,CFS
SHA,H,76,INFLOW,20171130,0300,7969, ,CFS
SHA,H,76,INFLOW,20171130,0400,-646, ,CFS
SHA,H,76,INFLOW,20171130,0500,8289, ,CFS
SHA,H,76,INFLOW,20171130,0600,2130, ,CFS
SHA,H,76,INFLOW,20171130,0700,8618, ,CFS
SHA,H,76,INFLOW,20171130,0800,6033, ,CFS
SHA,H,76,INFLOW,20171130,0900,8569, ,CFS
SHA,H,76,INFLOW,20171130,1000,8024, ,CFS
SHA,H,76,INFLOW,20171130,1100,4057, ,CFS
SHA,H,76,INFLOW,20171130,1200,260, ,CFS
SHA,H,76,INFLOW,20171130,1300,5811, ,CFS
SHA,H,76,INFLOW,20171130,1400,46, ,CFS
SHA,H,76,INFLOW,20171130,1500,59, ,CFS
SHA,H,76,INFLOW,20171130,1600,9167, ,CFS
SHA,H,76,INFLOW,20171130,1700,5421, ,CFS
SHA,H,76,INFLOW,20171130,1800,11546, ,CFS
SHA,H,76,INFLOW,20171130,1900,7876, ,CFS
SHA,H,76,INFLOW,20171130,2000,1960, ,CFS
SHA,H,76,INFLOW,20171130,2100,15451, ,CFS
SHA,H,76,INFLOW,20171130,2200,3701, ,CFS
SHA,H,76,INFLOW,20171130,2300,8661, ,CFS
SHA,H,76,INFLOW,20171201,0000,7090, ,CFS
SHA,H,76,INFLOW,20171201,0100,7660, ,CFS
SHA,H,76,INFLOW,20171201,0200,1665, ,CFS
SHA,H,76,INFLOW,20171201,0300,1560, ,CFS
SHA,H,76,INFLOW,20171201,0400,4206, ,CFS
SHA,H,76,INFLOW,20171201,0500,13009, ,CFS
SHA,H,76,INFLOW,20171201,0600,2710, ,CFS
SHA,H,76,INFLOW,20171201,0700,8639, ,CFS
SHA,H,76,INFLOW,20171201,0800,10364, ,CFS
SHA,H,76,INFLOW,20171201,0900,3682, ,CFS
SHA,H,76,INFLOW,20171201,1000,5268, ,CFS
SHA,H,76,INFLOW,20171201,1100,1677, ,CFS
SHA,H,76,INFLOW,20171201,1200,1454, ,CFS
SHA,H,76,INFLOW,20171201,1300,10361, ,CFS
SHA,H,76,INFLOW,20171201,1400,8565, ,CFS
SHA,H,76,INFLOW,20171201,1500,3048, ,CFS
SHA,H,76,INFLOW,20171201,1600,3628, ,CFS
SHA,H,76,INFLOW,20171201,1700,7512, ,CFS
SHA,H,76,INFLOW,20171201,1800,7028, ,CFS
SHA,H,76,INFLOW,20171201,1900,15362, ,CFS
SHA,H,76,INFLOW,20171201,2000,2230, ,CFS
SHA,H,76,INFLOW,20171201,2100,10761, ,CFS
SHA,H,76,INFLOW,20171201,2200,8020, ,CFS
SHA,H,76,INFLOW,20171201,2300,4955, ,CFS
SHA,H,76,INFLOW,20171202,0000,11136, ,CFS
SHA,H,76,INFLOW,20171202,0100,5926, ,CFS
SHA,H,76,INFLOW,20171202,0200,5874, ,CFS
SHA,H,76,INFLOW,20171202,0300,8770, ,CFS
SHA,H,76,INFLOW,20171202,0400,6049, ,CFS
SHA,H,76,INFLOW,20171202,0500,6083, ,CFS
SHA,H,76,INFLOW,20171202,0600,6481, ,CFS
SHA,H,76,INFLOW,20171202,0700,7914, ,CFS
SHA,H,76,INFLOW,20171202,0800,5391, ,CFS
SHA,H,76,INFLOW,20171202,0900,5157, ,CFS
SHA,H,76,INFLOW,20171202,1000,2012, ,CFS
SHA,H,76,INFLOW,20171202,1100,2448, ,CFS
SHA,H,76,INFLOW,20171202,1200,2356, ,CFS
SHA,H,76,INFLOW,20171202,1300,2701, ,CFS
SHA,H,76,INFLOW,20171202,1400,385, ,CFS
SHA,H,76,INFLOW,20171202,1500,2997, ,CFS
SHA,H,76,INFLOW,20171202,1600,726, ,CFS
SHA,H,76,INFLOW,20171202,1700,10187, ,CFS
SHA,H,76,INFLOW,20171202,1800,2259, ,CFS
SHA,H,76,INFLOW,20171202,1900,11131, ,CFS
SHA,H,76,INFLOW,20171202,2000,6564, ,CFS
SHA,H,76,INFLOW,20171202,2100,6572, ,CFS
SHA,H,76,INFLOW,20171202,2200,11343, ,CFS
SHA,H,76,INFLOW,20171202,2300,12356, ,CFS
SHA,H,76,INFLOW,20171203,0000,6285, ,CFS
SHA,H,76,INFLOW,20171203,0100,9008, ,CFS
SHA,H,76,INFLOW,20171203,0200,3012, ,CFS
SHA,H,76,INFLOW,20171203,0300,5821, ,CFS
SHA,H,76,INFLOW,20171203,0400,-176, ,CFS
SHA,H,76,INFLOW,20171203,0500,2888, ,CFS
SHA,H,76,INFLOW,20171203,0600,5141, ,CFS
SHA,H,76,INFLOW,20171203,0700,7849, ,CFS
SHA,H,76,INFLOW,20171203,0800,2540, ,CFS
SHA,H,76,INFLOW,20171203,0900,2485, ,CFS
SHA,H,76,INFLOW,20171203,1000,4409, ,CFS
SHA,H,76,INFLOW,20171203,1100,1198, ,CFS
SHA,H,76,INFLOW,20171203,1200,6886, ,CFS
SHA,H,76,INFLOW,20171203,1300,1358, ,CFS
SHA,H,76,INFLOW,20171203,1400,-1404, ,CFS
SHA,H,76,INFLOW,20171203,1500,4565, ,CFS
SHA,H,76,INFLOW,20171203,1600,-280, ,CFS
SHA,H,76,INFLOW,20171203,1700,2851, ,CFS
SHA,H,76,INFLOW,20171203,1800,11424, ,CFS
SHA,H,76,INFLOW,20171203,1900,5948, ,CFS
SHA,H,76,INFLOW,20171203,2000,6213, ,CFS
SHA,H,76,INFLOW,20171203,2100,8992, ,CFS
SHA,H,76,INFLOW,20171203,2200,6060, ,CFS
SHA,H,76,INFLOW,20171203,2300,8947, ,CFS
SHA,H,76,INFLOW,20171204,0000,5822, ,CFS
SHA,H,76,INFLOW,20171204,0100,8292, ,CFS
SHA,H,76,INFLOW,20171204,0200,-555, ,CFS
SHA,H,76,INFLOW,20171204,0300,1949, ,CFS
SHA,H,76,INFLOW,20171204,0400,4963, ,CFS
SHA,H,76,INFLOW,20171204,0500,2370, ,CFS
SHA,H,76,INFLOW,20171204,0600,2996, ,CFS
SHA,H,76,INFLOW,20171204,0700,-2202, ,CFS
SHA,H,76,INFLOW,20171204,0800,9420, ,CFS
SHA,H,76,INFLOW,20171204,0900,6369, ,CFS
SHA,H,76,INFLOW,20171204,1000,2892, ,CFS
SHA,H,76,INFLOW,20171204,1100,2513, ,CFS
SHA,H,76,INFLOW,20171204,1200,2426, ,CFS
SHA,H,76,INFLOW,20171204,1300,2727, ,CFS
SHA,H,76,INFLOW,20171204,1400,2837, ,CFS
SHA,H,76,INFLOW,20171204,1500,3499, ,CFS
SHA,H,76,INFLOW,20171204,1600,85, ,CFS
SHA,H,76,INFLOW,20171204,1700,1008, ,CFS
SHA,H,76,INFLOW,20171204,1800,13297, ,CFS
SHA,H,76,INFLOW,20171204,1900,2050, ,CFS
SHA,H,76,INFLOW,20171204,2000,11823, ,CFS
SHA,H,76,INFLOW,20171204,2100,2566, ,CFS
SHA,H,76,INFLOW,20171204,2200,8011, ,CFS
SHA,H,76,INFLOW,20171204,2300,1745, ,CFS
SHA,H,76,INFLOW,20171205,0000,6273, ,CFS
SHA,H,76,INFLOW,20171205,0100,3996, ,CFS
SHA,H,76,INFLOW,20171205,0200,3608, ,CFS
SHA,H,76,INFLOW,20171205,0300,144, ,CFS
SHA,H,76,INFLOW,20171205,0400,3190, ,CFS
SHA,H,76,INFLOW,20171205,0500,3177, ,CFS
SHA,H,76,INFLOW,20171205,0600,3599, ,CFS
SHA,H,76,INFLOW,20171205,0700,4347, ,CFS
SHA,H,76,INFLOW,20171205,0800,3987, ,CFS
SHA,H,76,INFLOW,20171205,0900,3124, ,CFS
SHA,H,76,INFLOW,20171205,1000,-156, ,CFS
SHA,H,76,INFLOW,20171205,1100,2598, ,CFS
SHA,H,76,INFLOW,20171205,1200,5451, ,CFS
SHA,H,76,INFLOW,20171205,1300,-356, ,CFS
SHA,H,76,INFLOW,20171205,1400,8234, ,CFS
SHA,H,76,INFLOW,20171205,1500,2642, ,CFS
SHA,H,76,INFLOW,20171205,1600,393, ,CFS
SHA,H,76,INFLOW,20171205,1700,3538, ,CFS
SHA,H,76,INFLOW,20171205,1800,-1008, ,CFS
SHA,H,76,INFLOW,20171205,1900,7435, ,CFS
SHA,H,76,INFLOW,20171205,2000,4176, ,CFS
SHA,H,76,INFLOW,20171205,2100,2788, ,CFS
SHA,H,76,INFLOW,20171205,2200,4127, ,CFS
SHA,H,76,INFLOW,20171205,2300,7696, ,CFS
SHA,H,76,INFLOW,20171206,0000,2916, ,CFS
SHA,H,76,INFLOW,20171206,0100,4796, ,CFS
SHA,H,76,INFLOW,20171206,0200,2234, ,CFS
SHA,H,76,INFLOW,20171206,0300,2458, ,CFS
SHA,H,76,INFLOW,20171206,0400,7663, ,CFS
SHA,H,76,INFLOW,20171206,0500,1900, ,CFS
SHA,H,76,INFLOW,20171206,0600,5165, ,CFS
SHA,H,76,INFLOW,20171206,0700,6239, ,CFS
SHA,H,76,INFLOW,20171206,0800,12746, ,CFS
SHA,H,76,INFLOW,20171206,0900,1019, ,CFS
SHA,H,76,INFLOW,20171206,1000,-661, ,CFS
SHA,H,76,INFLOW,20171206,1100,4940, ,CFS
SHA,H,76,INFLOW,20171206,1200,-591, ,CFS
SHA,H,76,INFLOW,20171206,1300,4117, ,CFS
SHA,H,76,INFLOW,20171206,1400,-1727, ,CFS
SHA,H,76,INFLOW,20171206,1500,3977, ,CFS
SHA,H,76,INFLOW,20171206,1600,3921, ,CFS
SHA,H,76,INFLOW,20171206,1700,-3863, ,CFS
SHA,H,76,INFLOW,20171206,1800,11613, ,CFS
SHA,H,76,INFLOW,20171206,1900,10022, ,CFS
SHA,H,76,INFLOW,20171206,2000,5457, ,CFS
SHA,H,76,INFLOW,20171206,2100,5791, ,CFS
SHA,H,76,INFLOW,20171206,2200,6123, ,CFS
SHA,H,76,INFLOW,20171206,2300,9181, ,CFS
SHA,H,76,INFLOW,20171207,0000,6143, ,CFS
SHA,H,76,INFLOW,20171207,0100,8427, ,CFS
SHA,H,76,INFLOW,20171207,0200,8130, ,CFS
SHA,H,76,INFLOW,20171207,0300,2516, ,CFS
SHA,H,76,INFLOW,20171207,0400,2342, ,CFS
SHA,H,76,INFLOW,20171207,0500,109, ,CFS
SHA,H,76,INFLOW,20171207,0600,6570, ,CFS
SHA,H,76,INFLOW,20171207,0700,7167, ,CFS
SHA,H,76,INFLOW,20171207,0800,12456, ,CFS
SHA,H,76,INFLOW,20171207,0900,-2208, ,CFS
SHA,H,76,INFLOW,20171207,1000,3763, ,CFS
SHA,H,76,INFLOW,20171207,1100,880, ,CFS
SHA,H,76,INFLOW,20171207,1200,3627, ,CFS
SHA,H,76,INFLOW,20171207,1300,2874, ,CFS
SHA,H,76,INFLOW,20171207,1400,-88, ,CFS
SHA,H,76,INFLOW,20171207,1500,2882, ,CFS
SHA,H,76,INFLOW,20171207,1600,233, ,CFS
SHA,H,76,INFLOW,20171207,1700,2247, ,CFS
SHA,H,76,INFLOW,20171207,1800,13583, ,CFS
SHA,H,76,INFLOW,20171207,1900,5246, ,CFS
SHA,H,76,INFLOW,20171207,2000,5188, ,CFS
SHA,H,76,INFLOW,20171207,2100,7501, ,CFS
SHA,H,76,INFLOW,20171207,2200,5096, ,CFS
SHA,H,76,INFLOW,20171207,2300,8037, ,CFS
SHA,H,76,INFLOW,20171208,0000,3590, ,CFS
SHA,H,76,INFLOW,20171208,0100,5632, ,CFS
SHA,H,76,INFLOW,20171208,0200,5482, ,CFS
SHA,H,76,INFLOW,20171208,0300,-124, ,CFS
SHA,H,76,INFLOW,20171208,0400,-174, ,CFS
SHA,H,76,INFLOW,20171208,0500,2986, ,CFS
SHA,H,76,INFLOW,20171208,0600,2367, ,CFS
SHA,H,76,INFLOW,20171208,0700,4810, ,CFS
SHA,H,76,INFLOW,20171208,0800,9325, ,CFS
SHA,H,76,INFLOW,20171208,0900,3913, ,CFS
SHA,H,76,INFLOW,20171208,1000,-31, ,CFS
SHA,H,76,INFLOW,20171208,1100,455, ,CFS
SHA,H,76,INFLOW,20171208,1200,3178, ,CFS
SHA,H,76,INFLOW,20171208,1300,2533, ,CFS
SHA,H,76,INFLOW,20171208,1400,2664, ,CFS
SHA,H,76,INFLOW,20171208,1500,2351, ,CFS
SHA,H,76,INFLOW,20171208,1600,2937, ,CFS
SHA,H,76,INFLOW,20171208,1700,513, ,CFS
SHA,H,76,INFLOW,20171208,1800,13230, ,CFS
SHA,H,76,INFLOW,20171208,1900,3854, ,CFS
SHA,H,76,INFLOW,20171208,2000,6522, ,CFS
SHA,H,76,INFLOW,20171208,2100,9235, ,CFS
SHA,H,76,INFLOW,20171208,2200,3469, ,CFS
SHA,H,76,INFLOW,20171208,2300,9021, ,CFS
SHA,H,76,INFLOW,20171209,0000,2897, ,CFS
SHA,H,76,INFLOW,20171209,0100,5735, ,CFS
SHA,H,76,INFLOW,20171209,0200,5103, ,CFS
SHA,H,76,INFLOW,20171209,0300,2411, ,CFS
SHA,H,76,INFLOW,20171209,0400,8475, ,CFS
SHA,H,76,INFLOW,20171209,0500,523, ,CFS
SHA,H,76,INFLOW,20171209,0600,3170, ,CFS
SHA,H,76,INFLOW,20171209,0700,6027, ,CFS
SHA,H,76,INFLOW,20171209,0800,8247, ,CFS
SHA,H,76,INFLOW,20171209,0900,543, ,CFS
SHA,H,76,INFLOW,20171209,1000,2916, ,CFS
SHA,H,76,INFLOW,20171209,1100,2184, ,CFS
SHA,H,76,INFLOW,20171209,1200,-851, ,CFS
SHA,H,76,INFLOW,20171209,1300,4683, ,CFS
SHA,H,76,INFLOW,20171209,1400,92, ,CFS
SHA,H,76,INFLOW,20171209,1500,3087, ,CFS
SHA,H,76,INFLOW,20171209,1600,958, ,CFS
SHA,H,76,INFLOW,20171209,1700,1890, ,CFS
SHA,H,76,INFLOW,20171209,1800,13033, ,CFS
SHA,H,76,INFLOW,20171209,1900,4249, ,CFS
SHA,H,76,INFLOW,20171209,2000,7987, ,CFS
SHA,H,76,INFLOW,20171209,2100,9442, ,CFS
SHA,H,76,INFLOW,20171209,2200,3383, ,CFS
SHA,H,76,INFLOW,20171209,2300,8920, ,CFS
SHA,H,76,INFLOW,20171210,0000,3173, ,CFS
SHA,H,76,INFLOW,20171210,0100,2408, ,CFS
SHA,H,76,INFLOW,20171210,0200,5125, ,CFS
SHA,H,76,INFLOW,20171210,0300,5205, ,CFS
SHA,H,76,INFLOW,20171210,0400,2426, ,CFS
SHA,H,76,INFLOW,20171210,0500,8279, ,CFS
SHA,H,76,INFLOW,20171210,0600,-390, ,CFS
SHA,H,76,INFLOW,20171210,0700,6121, ,CFS
SHA,H,76,INFLOW,20171210,0800,4001, ,CFS
SHA,H,76,INFLOW,20171210,0900,3418, ,CFS
SHA,H,76,INFLOW,20171210,1000,3011, ,CFS
SHA,H,76,INFLOW,20171210,1100,-15, ,CFS
SHA,H,76,INFLOW,20171210,1200,2643, ,CFS
SHA,H,76,INFLOW,20171210,1300,2481, ,CFS
SHA,H,76,INFLOW,20171210,1400,5514, ,CFS
SHA,H,76,INFLOW,20171210,1500,5374, ,CFS
SHA,H,76,INFLOW,20171210,1600,3194, ,CFS
SHA,H,76,INFLOW,20171210,1700,1725, ,CFS
SHA,H,76,INFLOW,20171210,1800,13914, ,CFS
SHA,H,76,INFLOW,20171210,1900,6707, ,CFS
SHA,H,76,INFLOW,20171210,2000,877, ,CFS
SHA,H,76,INFLOW,20171210,2100,8945, ,CFS
SHA,H,76,INFLOW,20171210,2200,6610, ,CFS
SHA,H,76,INFLOW,20171210,2300,9040, ,CFS
SHA,H,76,INFLOW,20171211,0000,8228, ,CFS
SHA,H,76,INFLOW,20171211,0100,1659, ,CFS
SHA,H,76,INFLOW,20171211,0200,1693, ,CFS
SHA,H,76,INFLOW,20171211,0300,5185, ,CFS
SHA,H,76,INFLOW,20171211,0400,844, ,CFS
SHA,H,76,INFLOW,20171211,0500,3775, ,CFS
SHA,H,76,INFLOW,20171211,0600,1043, ,CFS
SHA,H,76,INFLOW,20171211,0700,812, ,CFS
SHA,H,76,INFLOW,20171211,0800,6286, ,CFS
SHA,H,76,INFLOW,20171211,0900,3360, ,CFS
SHA,H,76,INFLOW,20171211,1000,-1437, ,CFS
SHA,H,76,INFLOW,20171211,1100,1037, ,CFS
SHA,H,76,INFLOW,20171211,1200,2770, ,CFS
SHA,H,76,INFLOW,20171211,1300,-206, ,CFS
SHA,H,76,INFLOW,20171211,1400,2657, ,CFS
SHA,H,76,INFLOW,20171211,1500,2476, ,CFS
SHA,H,76,INFLOW,20171211,1600,120, ,CFS
SHA,H,76,INFLOW,20171211,1700,6038, ,CFS
SHA,H,76,INFLOW,20171211,1800,7740, ,CFS
SHA,H,76,INFLOW,20171211,1900,7994, ,CFS
SHA,H,76,INFLOW,20171211,2000,7985, ,CFS
SHA,H,76,INFLOW,20171211,2100,6332, ,CFS
SHA,H,76,INFLOW,20171211,2200,7882, ,CFS
SHA,H,76,INFLOW,20171211,2300,633, ,CFS
SHA,H,76,INFLOW,20171212,0000,3278, ,CFS
SHA,H,76,INFLOW,20171212,0100,2537, ,CFS
SHA,H,76,INFLOW,20171212,0200,5438, ,CFS
SHA,H,76,INFLOW,20171212,0300,3207, ,CFS
SHA,H,76,INFLOW,20171212,0400,676, ,CFS
SHA,H,76,INFLOW,20171212,0500,8746, ,CFS
SHA,H,76,INFLOW,20171212,0600,498, ,CFS
SHA,H,76,INFLOW,20171212,0700,6466, ,CFS
SHA,H,76,INFLOW,20171212,0800,6410, ,CFS
SHA,H,76,INFLOW,20171212,0900,5632, ,CFS
SHA,H,76,INFLOW,20171212,1000,278, ,CFS
SHA,H,76,INFLOW,20171212,1100,2889, ,CFS
SHA,H,76,INFLOW,20171212,1200,5734, ,CFS
SHA,H,76,INFLOW,20171212,1300,-2983, ,CFS
SHA,H,76,INFLOW,20171212,1400,5697, ,CFS
SHA,H,76,INFLOW,20171212,1500,-2122, ,CFS
SHA,H,76,INFLOW,20171212,1600,3318, ,CFS
SHA,H,76,INFLOW,20171212,1700,3539, ,CFS
SHA,H,76,INFLOW,20171212,1800,13412, ,CFS
SHA,H,76,INFLOW,20171212,1900,4476, ,CFS
SHA,H,76,INFLOW,20171212,2000,7831, ,CFS
SHA,H,76,INFLOW,20171212,2100,10670, ,CFS
SHA,H,76,INFLOW,20171212,2200,1069, ,CFS
SHA,H,76,INFLOW,20171212,2300,11293, ,CFS
SHA,H,76,INFLOW,20171213,0000,5047, ,CFS
SHA,H,76,INFLOW,20171213,0100,2863, ,CFS
SHA,H,76,INFLOW,20171213,0200,8559, ,CFS
SHA,H,76,INFLOW,20171213,0300,5515, ,CFS
SHA,H,76,INFLOW,20171213,0400,8568, ,CFS
SHA,H,76,INFLOW,20171213,0500,8841, ,CFS
SHA,H,76,INFLOW,20171213,0600,7786, ,CFS
SHA,H,76,INFLOW,20171213,0700,10367, ,CFS
SHA,H,76,INFLOW,20171213,0800,256, ,CFS
SHA,H,76,INFLOW,20171213,0900,-1696, ,CFS
SHA,H,76,INFLOW,20171213,1000,4755, ,CFS
SHA,H,76,INFLOW,20171213,1100,1138, ,CFS
SHA,H,76,INFLOW,20171213,1200,2952, ,CFS
SHA,H,76,INFLOW,20171213,1300,200, ,CFS
SHA,H,76,INFLOW,20171213,1400,39, ,CFS
SHA,H,76,INFLOW,20171213,1500,39, ,CFS
SHA,H,76,INFLOW,20171213,1600,3088, ,CFS
SHA,H,76,INFLOW,20171213,1700,591, ,CFS
SHA,H,76,INFLOW,20171213,1800,4153, ,CFS
SHA,H,76,INFLOW,20171213,1900,5397, ,CFS
SHA,H,76,INFLOW,20171213,2000,2736, ,CFS
SHA,H,76,INFLOW,20171213,2100,2495, ,CFS
SHA,H,76,INFLOW,20171213,2200,374, ,CFS
SHA,H,76,INFLOW,20171213,2300,4032, ,CFS
SHA,H,76,INFLOW,20171214,0000,-294, ,CFS
SHA,H,76,INFLOW,20171214,0100,5427, ,CFS
SHA,H,76,INFLOW,20171214,0200,-3230, ,CFS
SHA,H,76,INFLOW,20171214,0300,2968, ,CFS
SHA,H,76,INFLOW,20171214,0400,5921, ,CFS
SHA,H,76,INFLOW,20171214,0500,-2745, ,CFS
SHA,H,76,INFLOW,20171214,0600,3588, ,CFS
SHA,H,76,INFLOW,20171214,0700,2411, ,CFS
SHA,H,76,INFLOW,20171214,0800,5170, ,CFS
SHA,H,76,INFLOW,20171214,0900,750, ,CFS
SHA,H,76,INFLOW,20171214,1000,3519, ,CFS
SHA,H,76,INFLOW,20171214,1100,315, ,CFS
SHA,H,76,INFLOW,20171214,1200,308, ,CFS
SHA,H,76,INFLOW,20171214,1300,3405, ,CFS
SHA,H,76,INFLOW,20171214,1400,737, ,CFS
SHA,H,76,INFLOW,20171214,1500,648, ,CFS
SHA,H,76,INFLOW,20171214,1600,2780, ,CFS
SHA,H,76,INFLOW,20171214,1700,6470, ,CFS
SHA,H,76,INFLOW,20171214,1800,11046, ,CFS
SHA,H,76,INFLOW,20171214,1900,5152, ,CFS
SHA,H,76,INFLOW,20171214,2000,6548, ,CFS
SHA,H,76,INFLOW,20171214,2100,8818, ,CFS
SHA,H,76,INFLOW,20171214,2200,3218, ,CFS
SHA,H,76,INFLOW,20171214,2300,10497, ,CFS
SHA,H,76,INFLOW,20171215,0000,7647, ,CFS
SHA,H,76,INFLOW,20171215,0100,7144, ,CFS
SHA,H,76,INFLOW,20171215,0200,1313, ,CFS
SHA,H,76,INFLOW,20171215,0300,1316, ,CFS
SHA,H,76,INFLOW,20171215,0400,4203, ,CFS
SHA,H,76,INFLOW,20171215,0500,1529, ,CFS
SHA,H,76,INFLOW,20171215,0600,2729, ,CFS
SHA,H,76,INFLOW,20171215,0700,9063, ,CFS
SHA,H,76,INFLOW,20171215,0800,3634, ,CFS
SHA,H,76,INFLOW,20171215,0900,11057, ,CFS
SHA,H,76,INFLOW,20171215,1000,-2885, ,CFS
SHA,H,76,INFLOW,20171215,1100,1998, ,CFS
SHA,H,76,INFLOW,20171215,1200,4581, ,CFS
SHA,H,76,INFLOW,20171215,1300,-4074, ,CFS
SHA,H,76,INFLOW,20171215,1400,4606, ,CFS
SHA,H,76,INFLOW,20171215,1500,3042, ,CFS
SHA,H,76,INFLOW,20171215,1600,-4169, ,CFS
SHA,H,76,INFLOW,20171215,1700,-77, ,CFS
SHA,H,76,INFLOW,20171215,1800,13089, ,CFS
SHA,H,76,INFLOW,20171215,1900,2709, ,CFS
SHA,H,76,INFLOW,20171215,2000,11322, ,CFS
SHA,H,76,INFLOW,20171215,2100,3345, ,CFS
SHA,H,76,INFLOW,20171215,2200,6108, ,CFS
SHA,H,76,INFLOW,20171215,2300,6252, ,CFS
SHA,H,76,INFLOW,20171216,0000,10361, ,CFS
SHA,H,76,INFLOW,20171216,0100,4375, ,CFS
SHA,H,76,INFLOW,20171216,0200,-2074, ,CFS
SHA,H,76,INFLOW,20171216,0300,3685, ,CFS
SHA,H,76,INFLOW,20171216,0400,1112, ,CFS
SHA,H,76,INFLOW,20171216,0500,9513, ,CFS
SHA,H,76,INFLOW,20171216,0600,1629, ,CFS
SHA,H,76,INFLOW,20171216,0700,-594, ,CFS
SHA,H,76,INFLOW,20171216,0800,5502, ,CFS
SHA,H,76,INFLOW,20171216,0900,2025, ,CFS
SHA,H,76,INFLOW,20171216,1000,7385, ,CFS
SHA,H,76,INFLOW,20171216,1100,4321, ,CFS
SHA,H,76,INFLOW,20171216,1200,1373, ,CFS
SHA,H,76,INFLOW,20171216,1300,4164, ,CFS
SHA,H,76,INFLOW,20171216,1400,3931, ,CFS
SHA,H,76,INFLOW,20171216,1500,-3348, ,CFS
SHA,H,76,INFLOW,20171216,1600,7567, ,CFS
SHA,H,76,INFLOW,20171216,1700,-4778, ,CFS
SHA,H,76,INFLOW,20171216,1800,2621, ,CFS
SHA,H,76,INFLOW,20171216,1900,11638, ,CFS
SHA,H,76,INFLOW,20171216,2000,8480, ,CFS
SHA,H,76,INFLOW,20171216,2100,8783, ,CFS
SHA,H,76,INFLOW,20171216,2200,4630, ,CFS
SHA,H,76,INFLOW,20171216,2300,-939, ,CFS
SHA,H,76,INFLOW,20171217,0000,7415, ,CFS
SHA,H,76,INFLOW,20171217,0100,905, ,CFS
SHA,H,76,INFLOW,20171217,0200,6565, ,CFS
SHA,H,76,INFLOW,20171217,0300,3964, ,CFS
SHA,H,76,INFLOW,20171217,0400,1031, ,CFS
SHA,H,76,INFLOW,20171217,0500,-1750, ,CFS
SHA,H,76,INFLOW,20171217,0600,4841, ,CFS
SHA,H,76,INFLOW,20171217,0700,7456, ,CFS
SHA,H,76,INFLOW,20171217,0800,1760, ,CFS
SHA,H,76,INFLOW,20171217,0900,1794, ,CFS
SHA,H,76,INFLOW,20171217,1000,-1138, ,CFS
SHA,H,76,INFLOW,20171217,1100,6846, ,CFS
SHA,H,76,INFLOW,20171217,1200,-1964, ,CFS
SHA,H,76,INFLOW,20171217,1300,5396, ,CFS
SHA,H,76,INFLOW,20171217,1400,-524, ,CFS
SHA,H,76,INFLOW,20171217,1500,623, ,CFS
SHA,H,76,INFLOW,20171217,1600,4832, ,CFS
SHA,H,76,INFLOW,20171217,1700,1918, ,CFS
SHA,H,76,INFLOW,20171217,1800,5692, ,CFS
SHA,H,76,INFLOW,20171217,1900,6133, ,CFS
SHA,H,76,INFLOW,20171217,2000,5504, ,CFS
SHA,H,76,INFLOW,20171217,2100,8986, ,CFS
SHA,H,76,INFLOW,20171217,2200,6263, ,CFS
SHA,H,76,INFLOW,20171217,2300,5204, ,CFS
SHA,H,76,INFLOW,20171218,0000,1683, ,CFS
SHA,H,76,INFLOW,20171218,0100,7375, ,CFS
SHA,H,76,INFLOW,20171218,0200,1057, ,CFS
SHA,H,76,INFLOW,20171218,0300,3906, ,CFS
SHA,H,76,INFLOW,20171218,0400,3944, ,CFS
SHA,H,76,INFLOW,20171218,0500,-1588, ,CFS
SHA,H,76,INFLOW,20171218,0600,2454, ,CFS
SHA,H,76,INFLOW,20171218,0700,4305, ,CFS
SHA,H,76,INFLOW,20171218,0800,8815, ,CFS
SHA,H,76,INFLOW,20171218,0900,2145, ,CFS
SHA,H,76,INFLOW,20171218,1000,793, ,CFS
SHA,H,76,INFLOW,20171218,1100,361, ,CFS
SHA,H,76,INFLOW,20171218,1200,2695, ,CFS
SHA,H,76,INFLOW,20171218,1300,5460, ,CFS
SHA,H,76,INFLOW,20171218,1400,3110, ,CFS
SHA,H,76,INFLOW,20171218,1500,2971, ,CFS
SHA,H,76,INFLOW,20171218,1600,3349, ,CFS
SHA,H,76,INFLOW,20171218,1700,-288, ,CFS
SHA,H,76,INFLOW,20171218,1800,14116, ,CFS
SHA,H,76,INFLOW,20171218,1900,4363, ,CFS
SHA,H,76,INFLOW,20171218,2000,7057, ,CFS
SHA,H,76,INFLOW,20171218,2100,6834, ,CFS
SHA,H,76,INFLOW,20171218,2200,6504, ,CFS
SHA,H,76,INFLOW,20171218,2300,7827, ,CFS
SHA,H,76,INFLOW,20171219,0000,1560, ,CFS
SHA,H,76,INFLOW,20171219,0100,732, ,CFS
SHA,H,76,INFLOW,20171219,0200,6696, ,CFS
SHA,H,76,INFLOW,20171219,0300,850, ,CFS
SHA,H,76,INFLOW,20171219,0400,3966, ,CFS
SHA,H,76,INFLOW,20171219,0500,4313, ,CFS
SHA,H,76,INFLOW,20171219,0600,-496, ,CFS
SHA,H,76,INFLOW,20171219,0700,4880, ,CFS
SHA,H,76,INFLOW,20171219,0800,9053, ,CFS
SHA,H,76,INFLOW,20171219,0900,3714, ,CFS
SHA,H,76,INFLOW,20171219,1000,248, ,CFS
SHA,H,76,INFLOW,20171219,1100,3060, ,CFS
SHA,H,76,INFLOW,20171219,1200,2062, ,CFS
SHA,H,76,INFLOW,20171219,1300,208, ,CFS
SHA,H,76,INFLOW,20171219,1400,54, ,CFS
SHA,H,76,INFLOW,20171219,1500,2266, ,CFS
SHA,H,76,INFLOW,20171219,1600,-3064, ,CFS
SHA,H,76,INFLOW,20171219,1700,8476, ,CFS
SHA,H,76,INFLOW,20171219,1800,5107, ,CFS
SHA,H,76,INFLOW,20171219,1900,1880, ,CFS
SHA,H,76,INFLOW,20171219,2000,18867, ,CFS
SHA,H,76,INFLOW,20171219,2100,2120, ,CFS
SHA,H,76,INFLOW,20171219,2200,5360, ,CFS
SHA,H,76,INFLOW,20171219,2300,8991, ,CFS
SHA,H,76,INFLOW,20171220,0000,4828, ,CFS
SHA,H,76,INFLOW,20171220,0100,-264, ,CFS
SHA,H,76,INFLOW,20171220,0200,5385, ,CFS
SHA,H,76,INFLOW,20171220,0300,5330, ,CFS
SHA,H,76,INFLOW,20171220,0400,2488, ,CFS
SHA,H,76,INFLOW,20171220,0500,-466, ,CFS
SHA,H,76,INFLOW,20171220,0600,256, ,CFS
SHA,H,76,INFLOW,20171220,0700,5254, ,CFS
SHA,H,76,INFLOW,20171220,0800,12287, ,CFS
SHA,H,76,INFLOW,20171220,0900,2511, ,CFS
SHA,H,76,INFLOW,20171220,1000,4941, ,CFS
SHA,H,76,INFLOW,20171220,1100,5009, ,CFS
SHA,H,76,INFLOW,20171220,1200,-906, ,CFS
SHA,H,76,INFLOW,20171220,1300,1822, ,CFS
SHA,H,76,INFLOW,20171220,1400,2809, ,CFS
SHA,H,76,INFLOW,20171220,1500,-64, ,CFS
SHA,H,76,INFLOW,20171220,1600,2675, ,CFS
SHA,H,76,INFLOW,20171220,1700,464, ,CFS
SHA,H,76,INFLOW,20171220,1800,8983, ,CFS
SHA,H,76,INFLOW,20171220,1900,7683, ,CFS
SHA,H,76,INFLOW,20171220,2000,7363, ,CFS
SHA,H,76,INFLOW,20171220,2100,10955, ,CFS
SHA,H,76,INFLOW,20171220,2200,2237, ,CFS
SHA,H,76,INFLOW,20171220,2300,5657, ,CFS
SHA,H,76,INFLOW,20171221,0000,2918, ,CFS
SHA,H,76,INFLOW,20171221,0100,2818, ,CFS
SHA,H,76,INFLOW,20171221,0200,2631, ,CFS
SHA,H,76,INFLOW,20171221,0300,2702, ,CFS
SHA,H,76,INFLOW,20171221,0400,2727, ,CFS
SHA,H,76,INFLOW,20171221,0500,3153, ,CFS
SHA,H,76,INFLOW,20171221,0600,764, ,CFS
SHA,H,76,INFLOW,20171221,0700,6547, ,CFS
SHA,H,76,INFLOW,20171221,0800,5859, ,CFS
SHA,H,76,INFLOW,20171221,0900,8468, ,CFS
SHA,H,76,INFLOW,20171221,1000,25, ,CFS
SHA,H,76,INFLOW,20171221,1100,4864, ,CFS
SHA,H,76,INFLOW,20171221,1200,107, ,CFS
SHA,H,76,INFLOW,20171221,1300,3350, ,CFS
SHA,H,76,INFLOW,20171221,1400,3467, ,CFS
SHA,H,76,INFLOW,20171221,1500,670, ,CFS
SHA,H,76,INFLOW,20171221,1600,-2470, ,CFS
SHA,H,76,INFLOW,20171221,1700,183, ,CFS
SHA,H,76,INFLOW,20171221,1800,10387, ,CFS
SHA,H,76,INFLOW,20171221,1900,6111, ,CFS
SHA,H,76,INFLOW,20171221,2000,8185, ,CFS
SHA,H,76,INFLOW,20171221,2100,5229, ,CFS
SHA,H,76,INFLOW,20171221,2200,4412, ,CFS
SHA,H,76,INFLOW,20171221,2300,8157, ,CFS
SHA,H,76,INFLOW,20171222,0000,2917, ,CFS
SHA,H,76,INFLOW,20171222,0100,5938, ,CFS
SHA,H,76,INFLOW,20171222,0200,46, ,CFS
SHA,H,76,INFLOW,20171222,0300,46, ,CFS
SHA,H,76,INFLOW,20171222,0400,5780, ,CFS
SHA,H,76,INFLOW,20171222,0500,-2717, ,CFS
SHA,H,76,INFLOW,20171222,0600,-823, ,CFS
SHA,H,76,INFLOW,20171222,0700,7957, ,CFS
SHA,H,76,INFLOW,20171222,0800,7397, ,CFS
SHA,H,76,INFLOW,20171222,0900,4346, ,CFS
SHA,H,76,INFLOW,20171222,1000,3010, ,CFS
SHA,H,76,INFLOW,20171222,1100,2884, ,CFS
SHA,H,76,INFLOW,20171222,1200,-2923, ,CFS
SHA,H,76,INFLOW,20171222,1300,2603, ,CFS
SHA,H,76,INFLOW,20171222,1400,2285, ,CFS
SHA,H,76,INFLOW,20171222,1500,1147, ,CFS
SHA,H,76,INFLOW,20171222,1600,985, ,CFS
SHA,H,76,INFLOW,20171222,1700,896, ,CFS
SHA,H,76,INFLOW,20171222,1800,12155, ,CFS
SHA,H,76,INFLOW,20171222,1900,756, ,CFS
SHA,H,76,INFLOW,20171222,2000,11574, ,CFS
SHA,H,76,INFLOW,20171222,2100,3058, ,CFS
SHA,H,76,INFLOW,20171222,2200,5891, ,CFS
SHA,H,76,INFLOW,20171222,2300,5629, ,CFS
SHA,H,76,INFLOW,20171223,0000,3449, ,CFS
SHA,H,76,INFLOW,20171223,0100,5795, ,CFS
SHA,H,76,INFLOW,20171223,0200,5794, ,CFS
SHA,H,76,INFLOW,20171223,0300,60, ,CFS
SHA,H,76,INFLOW,20171223,0400,2927, ,CFS
SHA,H,76,INFLOW,20171223,0500,5794, ,CFS
SHA,H,76,INFLOW,20171223,0600,376, ,CFS
SHA,H,76,INFLOW,20171223,0700,8560, ,CFS
SHA,H,76,INFLOW,20171223,0800,3461, ,CFS
SHA,H,76,INFLOW,20171223,0900,6432, ,CFS
SHA,H,76,INFLOW,20171223,1000,2818, ,CFS
SHA,H,76,INFLOW,20171223,1100,2809, ,CFS
SHA,H,76,INFLOW,20171223,1200,2690, ,CFS
SHA,H,76,INFLOW,20171223,1300,-738, ,CFS
SHA,H,76,INFLOW,20171223,1400,4276, ,CFS
SHA,H,76,INFLOW,20171223,1500,1319, ,CFS
SHA,H,76,INFLOW,20171223,1600,332, ,CFS
SHA,H,76,INFLOW,20171223,1700,3393, ,CFS
SHA,H,76,INFLOW,20171223,1800,11972, ,CFS
SHA,H,76,INFLOW,20171223,1900,3612, ,CFS
SHA,H,76,INFLOW,20171223,2000,6416, ,CFS
SHA,H,76,INFLOW,20171223,2100,7007, ,CFS
SHA,H,76,INFLOW,20171223,2200,3182, ,CFS
SHA,H,76,INFLOW,20171223,2300,8072, ,CFS
SHA,H,76,INFLOW,20171224,0000,7656, ,CFS
SHA,H,76,INFLOW,20171224,0100,141, ,CFS
SHA,H,76,INFLOW,20171224,0200,5780, ,CFS
SHA,H,76,INFLOW,20171224,0300,2913, ,CFS
SHA,H,76,INFLOW,20171224,0400,2917, ,CFS
SHA,H,76,INFLOW,20171224,0500,2934, ,CFS
SHA,H,76,INFLOW,20171224,0600,3213, ,CFS
SHA,H,76,INFLOW,20171224,0700,7419, ,CFS
SHA,H,76,INFLOW,20171224,0800,5624, ,CFS
SHA,H,76,INFLOW,20171224,0900,5637, ,CFS
SHA,H,76,INFLOW,20171224,1000,301, ,CFS
SHA,H,76,INFLOW,20171224,1100,8731, ,CFS
SHA,H,76,INFLOW,20171224,1200,-105, ,CFS
SHA,H,76,INFLOW,20171224,1300,1269, ,CFS
SHA,H,76,INFLOW,20171224,1400,3916, ,CFS
SHA,H,76,INFLOW,20171224,1500,-2027, ,CFS
SHA,H,76,INFLOW,20171224,1600,2552, ,CFS
SHA,H,76,INFLOW,20171224,1700,610, ,CFS
SHA,H,76,INFLOW,20171224,1800,8828, ,CFS
SHA,H,76,INFLOW,20171224,1900,7195, ,CFS
SHA,H,76,INFLOW,20171224,2000,7132, ,CFS
SHA,H,76,INFLOW,20171224,2100,7563, ,CFS
SHA,H,76,INFLOW,20171224,2200,5432, ,CFS
SHA,H,76,INFLOW,20171224,2300,7492, ,CFS
SHA,H,76,INFLOW,20171225,0000,6736, ,CFS
SHA,H,76,INFLOW,20171225,0100,107, ,CFS
SHA,H,76,INFLOW,20171225,0200,5794, ,CFS
SHA,H,76,INFLOW,20171225,0300,5794, ,CFS
SHA,H,76,INFLOW,20171225,0400,2927, ,CFS
SHA,H,76,INFLOW,20171225,0500,8662, ,CFS
SHA,H,76,INFLOW,20171225,0600,3257, ,CFS
SHA,H,76,INFLOW,20171225,0700,3050, ,CFS
SHA,H,76,INFLOW,20171225,0800,3798, ,CFS
SHA,H,76,INFLOW,20171225,0900,3862, ,CFS
SHA,H,76,INFLOW,20171225,1000,160, ,CFS
SHA,H,76,INFLOW,20171225,1100,2977, ,CFS
SHA,H,76,INFLOW,20171225,1200,2643, ,CFS
SHA,H,76,INFLOW,20171225,1300,735, ,CFS
SHA,H,76,INFLOW,20171225,1400,3567, ,CFS
SHA,H,76,INFLOW,20171225,1500,-2937, ,CFS
SHA,H,76,INFLOW,20171225,1600,6099, ,CFS
SHA,H,76,INFLOW,20171225,1700,1549, ,CFS
SHA,H,76,INFLOW,20171225,1800,5344, ,CFS
SHA,H,76,INFLOW,20171225,1900,7326, ,CFS
SHA,H,76,INFLOW,20171225,2000,8876, ,CFS
SHA,H,76,INFLOW,20171225,2100,1078, ,CFS
SHA,H,76,INFLOW,20171225,2200,11475, ,CFS
SHA,H,76,INFLOW,20171225,2300,2730, ,CFS
SHA,H,76,INFLOW,20171226,0000,4372, ,CFS
SHA,H,76,INFLOW,20171226,0100,3017, ,CFS
SHA,H,76,INFLOW,20171226,0200,2927, ,CFS
SHA,H,76,INFLOW,20171226,0300,3152, ,CFS
SHA,H,76,INFLOW,20171226,0400,486, ,CFS
SHA,H,76,INFLOW,20171226,0500,527, ,CFS
SHA,H,76,INFLOW,20171226,0600,540, ,CFS
SHA,H,76,INFLOW,20171226,0700,6052, ,CFS
SHA,H,76,INFLOW,20171226,0800,5611, ,CFS
SHA,H,76,INFLOW,20171226,0900,6711, ,CFS
SHA,H,76,INFLOW,20171226,1000,-160, ,CFS
SHA,H,76,INFLOW,20171226,1100,2646, ,CFS
SHA,H,76,INFLOW,20171226,1200,2345, ,CFS
SHA,H,76,INFLOW,20171226,1300,2551, ,CFS
SHA,H,76,INFLOW,20171226,1400,224, ,CFS
SHA,H,76,INFLOW,20171226,1500,159, ,CFS
SHA,H,76,INFLOW,20171226,1600,520, ,CFS
SHA,H,76,INFLOW,20171226,1700,3350, ,CFS
SHA,H,76,INFLOW,20171226,1800,11648, ,CFS
SHA,H,76,INFLOW,20171226,1900,7106, ,CFS
SHA,H,76,INFLOW,20171226,2000,6323, ,CFS
SHA,H,76,INFLOW,20171226,2100,9657, ,CFS
SHA,H,76,INFLOW,20171226,2200,3456, ,CFS
SHA,H,76,INFLOW,20171226,2300,5939, ,CFS
SHA,H,76,INFLOW,20171227,0000,2921, ,CFS
SHA,H,76,INFLOW,20171227,0100,2946, ,CFS
SHA,H,76,INFLOW,20171227,0200,14393, ,CFS
SHA,H,76,INFLOW,20171227,0300,2922, ,CFS
SHA,H,76,INFLOW,20171227,0400,5852, ,CFS
SHA,H,76,INFLOW,20171227,0500,9033, ,CFS
SHA,H,76,INFLOW,20171227,0600,2731, ,CFS
SHA,H,76,INFLOW,20171227,0700,6400, ,CFS
SHA,H,76,INFLOW,20171227,0800,3994, ,CFS
SHA,H,76,INFLOW,20171227,0900,4029, ,CFS
SHA,H,76,INFLOW,20171227,1000,-105, ,CFS
SHA,H,76,INFLOW,20171227,1100,-360, ,CFS
SHA,H,76,INFLOW,20171227,1200,2279, ,CFS
SHA,H,76,INFLOW,20171227,1300,2008, ,CFS
SHA,H,76,INFLOW,20171227,1400,1038, ,CFS
SHA,H,76,INFLOW,20171227,1500,3748, ,CFS
SHA,H,76,INFLOW,20171227,1600,2327, ,CFS
SHA,H,76,INFLOW,20171227,1700,3537, ,CFS
SHA,H,76,INFLOW,20171227,1800,7554, ,CFS
SHA,H,76,INFLOW,20171227,1900,8512, ,CFS
SHA,H,76,INFLOW,20171227,2000,7330, ,CFS
SHA,H,76,INFLOW,20171227,2100,7085, ,CFS
SHA,H,76,INFLOW,20171227,2200,3443, ,CFS
SHA,H,76,INFLOW,20171227,2300,5805, ,CFS
SHA,H,76,INFLOW,20171228,0000,112, ,CFS
SHA,H,76,INFLOW,20171228,0100,7908, ,CFS
SHA,H,76,INFLOW,20171228,0200,10828, ,CFS
SHA,H,76,INFLOW,20171228,0300,-982, ,CFS
SHA,H,76,INFLOW,20171228,0400,4813, ,CFS
SHA,H,76,INFLOW,20171228,0500,2416, ,CFS
SHA,H,76,INFLOW,20171228,0600,-4, ,CFS
SHA,H,76,INFLOW,20171228,0700,6639, ,CFS
SHA,H,76,INFLOW,20171228,0800,3900, ,CFS
SHA,H,76,INFLOW,20171228,0900,-2179, ,CFS
SHA,H,76,INFLOW,20171228,1000,6477, ,CFS
SHA,H,76,INFLOW,20171228,1100,-2129, ,CFS
SHA,H,76,INFLOW,20171228,1200,758, ,CFS
SHA,H,76,INFLOW,20171228,1300,1022, ,CFS
SHA,H,76,INFLOW,20171228,1400,750, ,CFS
SHA,H,76,INFLOW,20171228,1500,3624, ,CFS
SHA,H,76,INFLOW,20171228,1600,1080, ,CFS
SHA,H,76,INFLOW,20171228,1700,2027, ,CFS
SHA,H,76,INFLOW,20171228,1800,14227, ,CFS
SHA,H,76,INFLOW,20171228,1900,5929, ,CFS
SHA,H,76,INFLOW,20171228,2000,-1097, ,CFS
SHA,H,76,INFLOW,20171228,2100,6668, ,CFS
SHA,H,76,INFLOW,20171228,2200,-288, ,CFS
SHA,H,76,INFLOW,20171228,2300,563, ,CFS
SHA,H,76,INFLOW,20171229,0000,5698, ,CFS
SHA,H,76,INFLOW,20171229,0100,868, ,CFS
SHA,H,76,INFLOW,20171229,0200,521, ,CFS
SHA,H,76,INFLOW,20171229,0300,6153, ,CFS
SHA,H,76,INFLOW,20171229,0400,313, ,CFS
SHA,H,76,INFLOW,20171229,0500,460, ,CFS
SHA,H,76,INFLOW,20171229,0600,3994, ,CFS
SHA,H,76,INFLOW,20171229,0700,827, ,CFS
SHA,H,76,INFLOW,20171229,0800,6499, ,CFS
SHA,H,76,INFLOW,20171229,0900,6421, ,CFS
SHA,H,76,INFLOW,20171229,1000,606, ,CFS
SHA,H,76,INFLOW,20171229,1100,-476, ,CFS
SHA,H,76,INFLOW,20171229,1200,2223, ,CFS
SHA,H,76,INFLOW,20171229,1300,3160, ,CFS
SHA,H,76,INFLOW,20171229,1400,417, ,CFS
SHA,H,76,INFLOW,20171229,1500,454, ,CFS
SHA,H,76,INFLOW,20171229,1600,3897, ,CFS
SHA,H,76,INFLOW,20171229,1700,1376, ,CFS
SHA,H,76,INFLOW,20171229,1800,8999, ,CFS
SHA,H,76,INFLOW,20171229,1900,3907, ,CFS
SHA,H,76,INFLOW,20171229,2000,12376, ,CFS
SHA,H,76,INFLOW,20171229,2100,3988, ,CFS
SHA,H,76,INFLOW,20171229,2200,5251, ,CFS
SHA,H,76,INFLOW,20171229,2300,6218, ,CFS
SHA,H,76,INFLOW,20171230,0000,5933, ,CFS
SHA,H,76,INFLOW,20171230,0100,214, ,CFS
SHA,H,76,INFLOW,20171230,0200,8661, ,CFS
SHA,H,76,INFLOW,20171230,0300,2927, ,CFS
SHA,H,76,INFLOW,20171230,0400,5794, ,CFS
SHA,H,76,INFLOW,20171230,0500,2931, ,CFS
SHA,H,76,INFLOW,20171230,0600,3171, ,CFS
SHA,H,76,INFLOW,20171230,0700,4191, ,CFS
SHA,H,76,INFLOW,20171230,0800,13099, ,CFS
SHA,H,76,INFLOW,20171230,0900,1682, ,CFS
SHA,H,76,INFLOW,20171230,1000,1317, ,CFS
SHA,H,76,INFLOW,20171230,1100,5239, ,CFS
SHA,H,76,INFLOW,20171230,1200,-609, ,CFS
SHA,H,76,INFLOW,20171230,1300,3475, ,CFS
SHA,H,76,INFLOW,20171230,1400,618, ,CFS
SHA,H,76,INFLOW,20171230,1500,-2388, ,CFS
SHA,H,76,INFLOW,20171230,1600,3755, ,CFS
SHA,H,76,INFLOW,20171230,1700,6086, ,CFS
SHA,H,76,INFLOW,20171230,1800,6641, ,CFS
SHA,H,76,INFLOW,20171230,1900,8733, ,CFS
SHA,H,76,INFLOW,20171230,2000,5979, ,CFS
SHA,H,76,INFLOW,20171230,2100,6426, ,CFS
SHA,H,76,INFLOW,20171230,2200,6417, ,CFS
SHA,H,76,INFLOW,20171230,2300,8731, ,CFS
SHA,H,76,INFLOW,20171231,0000,8370, ,CFS
SHA,H,76,INFLOW,20171231,0100,206, ,CFS
SHA,H,76,INFLOW,20171231,0200,2927, ,CFS
SHA,H,76,INFLOW,20171231,0300,5794, ,CFS
SHA,H,76,INFLOW,20171231,0400,5794, ,CFS
SHA,H,76,INFLOW,20171231,0500,2927, ,CFS
SHA,H,76,INFLOW,20171231,0600,403, ,CFS
SHA,H,76,INFLOW,20171231,0700,6489, ,CFS
SHA,H,76,INFLOW,20171231,0800,1593, ,CFS
SHA,H,76,INFLOW,20171231,0900,7381, ,CFS
SHA,H,76,INFLOW,20171231,1000,-1700, ,CFS
SHA,H,76,INFLOW,20171231,1100,2646, ,CFS
SHA,H,76,INFLOW,20171231,1200,-374, ,CFS
SHA,H,76,INFLOW,20171231,1300,2455, ,CFS
SHA,H,76,INFLOW,20171231,1400,2389, ,CFS
SHA,H,76,INFLOW,20171231,1500,3710, ,CFS
SHA,H,76,INFLOW,20171231,1600,900, ,CFS
SHA,H,76,INFLOW,20171231,1700,1566, ,CFS
SHA,H,76,INFLOW,20171231,1800,7345, ,CFS
SHA,H,76,INFLOW,20171231,1900,8479, ,CFS
SHA,H,76,INFLOW,20171231,2000,5961, ,CFS
SHA,H,76,INFLOW,20171231,2100,5881, ,CFS
SHA,H,76,INFLOW,20171231,2200,5110, ,CFS
SHA,H,76,INFLOW,20171231,2300,5792, ,CFS
SHA,H,76,INFLOW,20180101,0000,2689, ,CFS
SHA,H,76,INFLOW,20180101,0100,8474, ,CFS
SHA,H,76,INFLOW,20180101,0200,2670, ,CFS
SHA,H,76,INFLOW,20180101,0300,2789, ,CFS
SHA,H,76,INFLOW,20180101,0400,2857, ,CFS
SHA,H,76,INFLOW,20180101,0500,5672, ,CFS
SHA,H,76,INFLOW,20180101,0600,93, ,CFS
SHA,H,76,INFLOW,20180101,0700,6462, ,CFS
SHA,H,76,INFLOW,20180101,0800,898, ,CFS
SHA,H,76,INFLOW,20180101,0900,6470, ,CFS
SHA,H,76,INFLOW,20180101,1000,3146, ,CFS
SHA,H,76,INFLOW,20180101,1100,-2645, ,CFS
SHA,H,76,INFLOW,20180101,1200,3109, ,CFS
SHA,H,76,INFLOW,20180101,1300,453, ,CFS
SHA,H,76,INFLOW,20180101,1400,3522, ,CFS
SHA,H,76,INFLOW,20180101,1500,769, ,CFS
SHA,H,76,INFLOW,20180101,1600,3674, ,CFS
SHA,H,76,INFLOW,20180101,1700,4264, ,CFS
SHA,H,76,INFLOW,20180101,1800,8527, ,CFS
SHA,H,76,INFLOW,20180101,1900,8078, ,CFS
SHA,H,76,INFLOW,20180101,2000,8106, ,CFS
SHA,H,76,INFLOW,20180101,2100,6063, ,CFS
SHA,H,76,INFLOW,20180101,2200,5120, ,CFS
SHA,H,76,INFLOW,20180101,2300,8780, ,CFS
SHA,H,76,INFLOW,20180102,0000,5794, ,CFS
SHA,H,76,INFLOW,20180102,0100,5794, ,CFS
SHA,H,76,INFLOW,20180102,0200,60, ,CFS
SHA,H,76,INFLOW,20180102,0300,5794, ,CFS
SHA,H,76,INFLOW,20180102,0400,2927, ,CFS
SHA,H,76,INFLOW,20180102,0500,104, ,CFS
SHA,H,76,INFLOW,20180102,0600,933, ,CFS
SHA,H,76,INFLOW,20180102,0700,393, ,CFS
SHA,H,76,INFLOW,20180102,0800,8994, ,CFS
SHA,H,76,INFLOW,20180102,0900,9420, ,CFS
SHA,H,76,INFLOW,20180102,1000,173, ,CFS
SHA,H,76,INFLOW,20180102,1100,2916, ,CFS
SHA,H,76,INFLOW,20180102,1200,2602, ,CFS
SHA,H,76,INFLOW,20180102,1300,-229, ,CFS
SHA,H,76,INFLOW,20180102,1400,2554, ,CFS
SHA,H,76,INFLOW,20180102,1500,-4, ,CFS
SHA,H,76,INFLOW,20180102,1600,1148, ,CFS
SHA,H,76,INFLOW,20180102,1700,5212, ,CFS
SHA,H,76,INFLOW,20180102,1800,383, ,CFS
SHA,H,76,INFLOW,20180102,1900,10676, ,CFS
SHA,H,76,INFLOW,20180102,2000,9384, ,CFS
SHA,H,76,INFLOW,20180102,2100,2184, ,CFS
SHA,H,76,INFLOW,20180102,2200,7658, ,CFS
SHA,H,76,INFLOW,20180102,2300,5302, ,CFS
SHA,H,76,INFLOW,20180103,0000,5204, ,CFS
SHA,H,76,INFLOW,20180103,0100,-317, ,CFS
SHA,H,76,INFLOW,20180103,0200,5326, ,CFS
SHA,H,76,INFLOW,20180103,0300,5301, ,CFS
SHA,H,76,INFLOW,20180103,0400,2353, ,CFS
SHA,H,76,INFLOW,20180103,0500,2607, ,CFS
SHA,H,76,INFLOW,20180103,0600,2910, ,CFS
SHA,H,76,INFLOW,20180103,0700,3620, ,CFS
SHA,H,76,INFLOW,20180103,0800,6290, ,CFS
SHA,H,76,INFLOW,20180103,0900,900, ,CFS
SHA,H,76,INFLOW,20180103,1000,6753, ,CFS
SHA,H,76,INFLOW,20180103,1100,6457, ,CFS
SHA,H,76,INFLOW,20180103,1200,708, ,CFS
SHA,H,76,INFLOW,20180103,1300,3618, ,CFS
SHA,H,76,INFLOW,20180103,1400,6354, ,CFS
SHA,H,76,INFLOW,20180103,1500,6162, ,CFS
SHA,H,76,INFLOW,20180103,1600,2360, ,CFS
SHA,H,76,INFLOW,20180103,1700,8695, ,CFS
SHA,H,76,INFLOW,20180103,1800,5054, ,CFS
SHA,H,76,INFLOW,20180103,1900,11401, ,CFS
SHA,H,76,INFLOW,20180103,2000,-2486, ,CFS
SHA,H,76,INFLOW,20180103,2100,8734, ,CFS
SHA,H,76,INFLOW,20180103,2200,5470, ,CFS
SHA,H,76,INFLOW,20180103,2300,2140, ,CFS
SHA,H,76,INFLOW,20180104,0000,7401, ,CFS
SHA,H,76,INFLOW,20180104,0100,-5604, ,CFS
SHA,H,76,INFLOW,20180104,0200,11508, ,CFS
SHA,H,76,INFLOW,20180104,0300,8641, ,CFS
SHA,H,76,INFLOW,20180104,0400,2906, ,CFS
SHA,H,76,INFLOW,20180104,0500,5773, ,CFS
SHA,H,76,INFLOW,20180104,0600,335, ,CFS
SHA,H,76,INFLOW,20180104,0700,5371, ,CFS
SHA,H,76,INFLOW,20180104,0800,8135, ,CFS
SHA,H,76,INFLOW,20180104,0900,5630, ,CFS
SHA,H,76,INFLOW,20180104,1000,5207, ,CFS
SHA,H,76,INFLOW,20180104,1100,4820, ,CFS
SHA,H,76,INFLOW,20180104,1200,1667, ,CFS
SHA,H,76,INFLOW,20180104,1300,4338, ,CFS
SHA,H,76,INFLOW,20180104,1400,5012, ,CFS
SHA,H,76,INFLOW,20180104,1500,1624, ,CFS
SHA,H,76,INFLOW,20180104,1600,6291, ,CFS
SHA,H,76,INFLOW,20180104,1700,5231, ,CFS
SHA,H,76,INFLOW,20180104,1800,13510, ,CFS
SHA,H,76,INFLOW,20180104,1900,6568, ,CFS
SHA,H,76,INFLOW,20180104,2000,6133, ,CFS
SHA,H,76,INFLOW,20180104,2100,11251, ,CFS
SHA,H,76,INFLOW,20180104,2200,468, ,CFS
SHA,H,76,INFLOW,20180104,2300,8721, ,CFS
SHA,H,76,INFLOW,20180105,0000,3092, ,CFS
SHA,H,76,INFLOW,20180105,0100,7667, ,CFS
SHA,H,76,INFLOW,20180105,0200,1995, ,CFS
SHA,H,76,INFLOW,20180105,0300,1993, ,CFS
SHA,H,76,INFLOW,20180105,0400,4857, ,CFS
SHA,H,76,INFLOW,20180105,0500,4898, ,CFS
SHA,H,76,INFLOW,20180105,0600,8147, ,CFS
SHA,H,76,INFLOW,20180105,0700,6524, ,CFS
SHA,H,76,INFLOW,20180105,0800,4583, ,CFS
SHA,H,76,INFLOW,20180105,0900,6506, ,CFS
SHA,H,76,INFLOW,20180105,1000,3054, ,CFS
SHA,H,76,INFLOW,20180105,1100,3276, ,CFS
SHA,H,76,INFLOW,20180105,1200,9153, ,CFS
SHA,H,76,INFLOW,20180105,1300,3392, ,CFS
SHA,H,76,INFLOW,20180105,1400,12004, ,CFS
SHA,H,76,INFLOW,20180105,1500,4787, ,CFS
SHA,H,76,INFLOW,20180105,1600,4565, ,CFS
SHA,H,76,INFLOW,20180105,1700,3765, ,CFS
SHA,H,76,INFLOW,20180105,1800,6426, ,CFS
SHA,H,76,INFLOW,20180105,1900,8833, ,CFS
SHA,H,76,INFLOW,20180105,2000,6937, ,CFS
SHA,H,76,INFLOW,20180105,2100,4808, ,CFS
SHA,H,76,INFLOW,20180105,2200,4262, ,CFS
SHA,H,76,INFLOW,20180105,2300,8731, ,CFS
SHA,H,76,INFLOW,20180106,0000,60, ,CFS
SHA,H,76,INFLOW,20180106,0100,5794, ,CFS
SHA,H,76,INFLOW,20180106,0200,5850, ,CFS
SHA,H,76,INFLOW,20180106,0300,704, ,CFS
SHA,H,76,INFLOW,20180106,0400,9391, ,CFS
SHA,H,76,INFLOW,20180106,0500,3723, ,CFS
SHA,H,76,INFLOW,20180106,0600,4046, ,CFS
SHA,H,76,INFLOW,20180106,0700,7131, ,CFS
SHA,H,76,INFLOW,20180106,0800,4706, ,CFS
SHA,H,76,INFLOW,20180106,0900,5531, ,CFS
SHA,H,76,INFLOW,20180106,1000,2575, ,CFS
SHA,H,76,INFLOW,20180106,1100,2694, ,CFS
SHA,H,76,INFLOW,20180106,1200,2557, ,CFS
SHA,H,76,INFLOW,20180106,1300,5267, ,CFS
SHA,H,76,INFLOW,20180106,1400,2343, ,CFS
SHA,H,76,INFLOW,20180106,1500,1663, ,CFS
SHA,H,76,INFLOW,20180106,1600,7417, ,CFS
SHA,H,76,INFLOW,20180106,1700,-1264, ,CFS
SHA,H,76,INFLOW,20180106,1800,14220, ,CFS
SHA,H,76,INFLOW,20180106,1900,666, ,CFS
SHA,H,76,INFLOW,20180106,2000,9179, ,CFS
SHA,H,76,INFLOW,20180106,2100,8806, ,CFS
SHA,H,76,INFLOW,20180106,2200,2913, ,CFS
SHA,H,76,INFLOW,20180106,2300,11515, ,CFS
SHA,H,76,INFLOW,20180107,0000,206, ,CFS
SHA,H,76,INFLOW,20180107,0100,2848, ,CFS
SHA,H,76,INFLOW,20180107,0200,11096, ,CFS
SHA,H,76,INFLOW,20180107,0300,5189, ,CFS
SHA,H,76,INFLOW,20180107,0400,5404, ,CFS
SHA,H,76,INFLOW,20180107,0500,5636, ,CFS
SHA,H,76,INFLOW,20180107,0600,-173, ,CFS
SHA,H,76,INFLOW,20180107,0700,8392, ,CFS
SHA,H,76,INFLOW,20180107,0800,8501, ,CFS
SHA,H,76,INFLOW,20180107,0900,-287, ,CFS
SHA,H,76,INFLOW,20180107,1000,2492, ,CFS
SHA,H,76,INFLOW,20180107,1100,3464, ,CFS
SHA,H,76,INFLOW,20180107,1200,3482, ,CFS
SHA,H,76,INFLOW,20180107,1300,3476, ,CFS
SHA,H,76,INFLOW,20180107,1400,612, ,CFS
SHA,H,76,INFLOW,20180107,1500,6344, ,CFS
SHA,H,76,INFLOW,20180107,1600,6228, ,CFS
SHA,H,76,INFLOW,20180107,1700,303, ,CFS
SHA,H,76,INFLOW,20180107,1800,10363, ,CFS
SHA,H,76,INFLOW,20180107,1900,2834, ,CFS
SHA,H,76,INFLOW,20180107,2000,7179, ,CFS
SHA,H,76,INFLOW,20180107,2100,9199, ,CFS
SHA,H,76,INFLOW,20180107,2200,3033, ,CFS
SHA,H,76,INFLOW,20180107,2300,8305, ,CFS
SHA,H,76,INFLOW,20180108,0000,-393, ,CFS
SHA,H,76,INFLOW,20180108,0100,11239, ,CFS
SHA,H,76,INFLOW,20180108,0200,7778, ,CFS
SHA,H,76,INFLOW,20180108,0300,7714, ,CFS
SHA,H,76,INFLOW,20180108,0400,7892, ,CFS
SHA,H,76,INFLOW,20180108,0500,8150, ,CFS
SHA,H,76,INFLOW,20180108,0600,8402, ,CFS
SHA,H,76,INFLOW,20180108,0700,10757, ,CFS
SHA,H,76,INFLOW,20180108,0800,4431, ,CFS
SHA,H,76,INFLOW,20180108,0900,7673, ,CFS
SHA,H,76,INFLOW,20180108,1000,8787, ,CFS
SHA,H,76,INFLOW,20180108,1100,8888, ,CFS
SHA,H,76,INFLOW,20180108,1200,9240, ,CFS
SHA,H,76,INFLOW,20180108,1300,11994, ,CFS
SHA,H,76,INFLOW,20180108,1400,3353, ,CFS
SHA,H,76,INFLOW,20180108,1500,8938, ,CFS
SHA,H,76,INFLOW,20180108,1600,11635, ,CFS
SHA,H,76,INFLOW,20180108,1700,7860, ,CFS
SHA,H,76,INFLOW,20180108,1800,12922, ,CFS
SHA,H,76,INFLOW,20180108,1900,6995, ,CFS
SHA,H,76,INFLOW,20180108,2000,11521, ,CFS
SHA,H,76,INFLOW,20180108,2100,12263, ,CFS
SHA,H,76,INFLOW,20180108,2200,11691, ,CFS
SHA,H,76,INFLOW,20180108,2300,8024, ,CFS
SHA,H,76,INFLOW,20180109,0000,10627, ,CFS
SHA,H,76,INFLOW,20180109,0100,10894, ,CFS
SHA,H,76,INFLOW,20180109,0200,5240, ,CFS
SHA,H,76,INFLOW,20180109,0300,2353, ,CFS
SHA,H,76,INFLOW,20180109,0400,8243, ,CFS
SHA,H,76,INFLOW,20180109,0500,2595, ,CFS
SHA,H,76,INFLOW,20180109,0600,6182, ,CFS
SHA,H,76,INFLOW,20180109,0700,6590, ,CFS
SHA,H,76,INFLOW,20180109,0800,5728, ,CFS
SHA,H,76,INFLOW,20180109,0900,5314, ,CFS
SHA,H,76,INFLOW,20180109,1000,7969, ,CFS
SHA,H,76,INFLOW,20180109,1100,5938, ,CFS
SHA,H,76,INFLOW,20180109,1200,2949, ,CFS
SHA,H,76,INFLOW,20180109,1300,5824, ,CFS
SHA,H,76,INFLOW,20180109,1400,5811, ,CFS
SHA,H,76,INFLOW,20180109,1500,5811, ,CFS
SHA,H,76,INFLOW,20180109,1600,5946, ,CFS
SHA,H,76,INFLOW,20180109,1700,8886, ,CFS
SHA,H,76,INFLOW,20180109,1800,7359, ,CFS
SHA,H,76,INFLOW,20180109,1900,12682, ,CFS
SHA,H,76,INFLOW,20180109,2000,4192, ,CFS
SHA,H,76,INFLOW,20180109,2100,11294, ,CFS
SHA,H,76,INFLOW,20180109,2200,7888, ,CFS
SHA,H,76,INFLOW,20180109,2300,585, ,CFS
SHA,H,76,INFLOW,20180110,0000,14130, ,CFS
SHA,H,76,INFLOW,20180110,0100,-808, ,CFS
SHA,H,76,INFLOW,20180110,0200,7551, ,CFS
SHA,H,76,INFLOW,20180110,0300,7674, ,CFS
SHA,H,76,INFLOW,20180110,0400,-3695, ,CFS
SHA,H,76,INFLOW,20180110,0500,10820, ,CFS
SHA,H,76,INFLOW,20180110,0600,2406, ,CFS
SHA,H,76,INFLOW,20180110,0700,5135, ,CFS
SHA,H,76,INFLOW,20180110,0800,12138, ,CFS
SHA,H,76,INFLOW,20180110,0900,5106, ,CFS
SHA,H,76,INFLOW,20180110,1000,7781, ,CFS
SHA,H,76,INFLOW,20180110,1100,5958, ,CFS
SHA,H,76,INFLOW,20180110,1200,2943, ,CFS
SHA,H,76,INFLOW,20180110,1300,2943, ,CFS
SHA,H,76,INFLOW,20180110,1400,2943, ,CFS
SHA,H,76,INFLOW,20180110,1500,5840, ,CFS
SHA,H,76,INFLOW,20180110,1600,2943, ,CFS
SHA,H,76,INFLOW,20180110,1700,3665, ,CFS
SHA,H,76,INFLOW,20180110,1800,10886, ,CFS
SHA,H,76,INFLOW,20180110,1900,8970, ,CFS
SHA,H,76,INFLOW,20180110,2000,10524, ,CFS
SHA,H,76,INFLOW,20180110,2100,6328, ,CFS
SHA,H,76,INFLOW,20180110,2200,5434, ,CFS
SHA,H,76,INFLOW,20180110,2300,4713, ,CFS
SHA,H,76,INFLOW,20180111,0000,5071, ,CFS
SHA,H,76,INFLOW,20180111,0100,5125, ,CFS
SHA,H,76,INFLOW,20180111,0200,2276, ,CFS
SHA,H,76,INFLOW,20180111,0300,4942, ,CFS
SHA,H,76,INFLOW,20180111,0400,2052, ,CFS
SHA,H,76,INFLOW,20180111,0500,5181, ,CFS
SHA,H,76,INFLOW,20180111,0600,2334, ,CFS
SHA,H,76,INFLOW,20180111,0700,129, ,CFS
SHA,H,76,INFLOW,20180111,0800,9264, ,CFS
SHA,H,76,INFLOW,20180111,0900,-110, ,CFS
SHA,H,76,INFLOW,20180111,1000,8079, ,CFS
SHA,H,76,INFLOW,20180111,1100,2087, ,CFS
SHA,H,76,INFLOW,20180111,1200,2271, ,CFS
SHA,H,76,INFLOW,20180111,1300,5186, ,CFS
SHA,H,76,INFLOW,20180111,1400,2261, ,CFS
SHA,H,76,INFLOW,20180111,1500,2835, ,CFS
SHA,H,76,INFLOW,20180111,1600,3538, ,CFS
SHA,H,76,INFLOW,20180111,1700,1904, ,CFS
SHA,H,76,INFLOW,20180111,1800,11361, ,CFS
SHA,H,76,INFLOW,20180111,1900,1529, ,CFS
SHA,H,76,INFLOW,20180111,2000,6337, ,CFS
SHA,H,76,INFLOW,20180111,2100,6743, ,CFS
SHA,H,76,INFLOW,20180111,2200,6437, ,CFS
SHA,H,76,INFLOW,20180111,2300,6648, ,CFS
SHA,H,76,INFLOW,20180112,0000,2805, ,CFS
SHA,H,76,INFLOW,20180112,0100,5255, ,CFS
SHA,H,76,INFLOW,20180112,0200,2146, ,CFS
SHA,H,76,INFLOW,20180112,0300,2206, ,CFS
SHA,H,76,INFLOW,20180112,0400,5172, ,CFS
SHA,H,76,INFLOW,20180112,0500,2080, ,CFS
SHA,H,76,INFLOW,20180112,0600,5479, ,CFS
SHA,H,76,INFLOW,20180112,0700,5910, ,CFS
SHA,H,76,INFLOW,20180112,0800,8823, ,CFS
SHA,H,76,INFLOW,20180112,0900,5978, ,CFS
SHA,H,76,INFLOW,20180112,1000,2491, ,CFS
SHA,H,76,INFLOW,20180112,1100,11306, ,CFS
SHA,H,76,INFLOW,20180112,1200,5312, ,CFS
SHA,H,76,INFLOW,20180112,1300,5170, ,CFS
SHA,H,76,INFLOW,20180112,1400,2201, ,CFS
SHA,H,76,INFLOW,20180112,1500,3009, ,CFS
SHA,H,76,INFLOW,20180112,1600,3545, ,CFS
SHA,H,76,INFLOW,20180112,1700,3891, ,CFS
SHA,H,76,INFLOW,20180112,1800,10500, ,CFS
SHA,H,76,INFLOW,20180112,1900,8645, ,CFS
SHA,H,76,INFLOW,20180112,2000,5997, ,CFS
SHA,H,76,INFLOW,20180112,2100,9813, ,CFS
SHA,H,76,INFLOW,20180112,2200,6700, ,CFS
SHA,H,76,INFLOW,20180112,2300,6640, ,CFS
SHA,H,76,INFLOW,20180113,0000,6441, ,CFS
SHA,H,76,INFLOW,20180113,0100,6275, ,CFS
SHA,H,76,INFLOW,20180113,0200,6325, ,CFS
SHA,H,76,INFLOW,20180113,0300,6127, ,CFS
SHA,H,76,INFLOW,20180113,0400,3254, ,CFS
SHA,H,76,INFLOW,20180113,0500,6062, ,CFS
SHA,H,76,INFLOW,20180113,0600,8929, ,CFS
SHA,H,76,INFLOW,20180113,0700,5213, ,CFS
SHA,H,76,INFLOW,20180113,0800,5145, ,CFS
SHA,H,76,INFLOW,20180113,0900,10615, ,CFS
SHA,H,76,INFLOW,20180113,1000,2269, ,CFS
SHA,H,76,INFLOW,20180113,1100,2042, ,CFS
SHA,H,76,INFLOW,20180113,1200,2125, ,CFS
SHA,H,76,INFLOW,20180113,1300,5018, ,CFS
SHA,H,76,INFLOW,20180113,1400,2969, ,CFS
SHA,H,76,INFLOW,20180113,1500,3318, ,CFS
SHA,H,76,INFLOW,20180113,1600,6376, ,CFS
SHA,H,76,INFLOW,20180113,1700,4263, ,CFS
SHA,H,76,INFLOW,20180113,1800,13246, ,CFS
SHA,H,76,INFLOW,20180113,1900,3609, ,CFS
SHA,H,76,INFLOW,20180113,2000,9177, ,CFS
SHA,H,76,INFLOW,20180113,2100,5728, ,CFS
SHA,H,76,INFLOW,20180113,2200,8305, ,CFS
SHA,H,76,INFLOW,20180113,2300,11596, ,CFS
SHA,H,76,INFLOW,20180114,0000,5359, ,CFS
SHA,H,76,INFLOW,20180114,0100,8514, ,CFS
SHA,H,76,INFLOW,20180114,0200,8596, ,CFS
SHA,H,76,INFLOW,20180114,0300,5713, ,CFS
SHA,H,76,INFLOW,20180114,0400,8845, ,CFS
SHA,H,76,INFLOW,20180114,0500,5948, ,CFS
SHA,H,76,INFLOW,20180114,0600,3031, ,CFS
SHA,H,76,INFLOW,20180114,0700,6191, ,CFS
SHA,H,76,INFLOW,20180114,0800,9336, ,CFS
SHA,H,76,INFLOW,20180114,0900,2841, ,CFS
SHA,H,76,INFLOW,20180114,1000,2699, ,CFS
SHA,H,76,INFLOW,20180114,1100,5348, ,CFS
SHA,H,76,INFLOW,20180114,1200,-323, ,CFS
SHA,H,76,INFLOW,20180114,1300,2485, ,CFS
SHA,H,76,INFLOW,20180114,1400,5571, ,CFS
SHA,H,76,INFLOW,20180114,1500,-824, ,CFS
SHA,H,76,INFLOW,20180114,1600,5439, ,CFS
SHA,H,76,INFLOW,20180114,1700,4322, ,CFS
SHA,H,76,INFLOW,20180114,1800,9267, ,CFS
SHA,H,76,INFLOW,20180114,1900,9266, ,CFS
SHA,H,76,INFLOW,20180114,2000,4968, ,CFS
SHA,H,76,INFLOW,20180114,2100,9644, ,CFS
SHA,H,76,INFLOW,20180114,2200,7693, ,CFS
SHA,H,76,INFLOW,20180114,2300,3710, ,CFS
SHA,H,76,INFLOW,20180115,0000,14864, ,CFS
SHA,H,76,INFLOW,20180115,0100,3194, ,CFS
SHA,H,76,INFLOW,20180115,0200,3191, ,CFS
SHA,H,76,INFLOW,20180115,0300,3196, ,CFS
SHA,H,76,INFLOW,20180115,0400,515, ,CFS
SHA,H,76,INFLOW,20180115,0500,6598, ,CFS
SHA,H,76,INFLOW,20180115,0600,865, ,CFS
SHA,H,76,INFLOW,20180115,0700,6033, ,CFS
SHA,H,76,INFLOW,20180115,0800,5854, ,CFS
SHA,H,76,INFLOW,20180115,0900,8751, ,CFS
SHA,H,76,INFLOW,20180115,1000,60, ,CFS
SHA,H,76,INFLOW,20180115,1100,2957, ,CFS
SHA,H,76,INFLOW,20180115,1200,3119, ,CFS
SHA,H,76,INFLOW,20180115,1300,2957, ,CFS
SHA,H,76,INFLOW,20180115,1400,5809, ,CFS
SHA,H,76,INFLOW,20180115,1500,5809, ,CFS
SHA,H,76,INFLOW,20180115,1600,12014, ,CFS
SHA,H,76,INFLOW,20180115,1700,-14447, ,CFS
SHA,H,76,INFLOW,20180115,1800,18062, ,CFS
SHA,H,76,INFLOW,20180115,1900,-757, ,CFS
SHA,H,76,INFLOW,20180115,2000,23135, ,CFS
SHA,H,76,INFLOW,20180115,2100,5311, ,CFS
SHA,H,76,INFLOW,20180115,2200,3473, ,CFS
SHA,H,76,INFLOW,20180115,2300,6555, ,CFS
SHA,H,76,INFLOW,20180116,0000,2622, ,CFS
SHA,H,76,INFLOW,20180116,0100,14357, ,CFS
SHA,H,76,INFLOW,20180116,0200,-508, ,CFS
SHA,H,76,INFLOW,20180116,0300,2350, ,CFS
SHA,H,76,INFLOW,20180116,0400,-224, ,CFS
SHA,H,76,INFLOW,20180116,0500,8539, ,CFS
SHA,H,76,INFLOW,20180116,0600,2646, ,CFS
SHA,H,76,INFLOW,20180116,0700,3176, ,CFS
SHA,H,76,INFLOW,20180116,0800,12462, ,CFS
SHA,H,76,INFLOW,20180116,0900,3185, ,CFS
SHA,H,76,INFLOW,20180116,1000,2965, ,CFS
SHA,H,76,INFLOW,20180116,1100,2942, ,CFS
SHA,H,76,INFLOW,20180116,1200,-221, ,CFS
SHA,H,76,INFLOW,20180116,1300,8618, ,CFS
SHA,H,76,INFLOW,20180116,1400,2959, ,CFS
SHA,H,76,INFLOW,20180116,1500,-53, ,CFS
SHA,H,76,INFLOW,20180116,1600,3138, ,CFS
SHA,H,76,INFLOW,20180116,1700,595, ,CFS
SHA,H,76,INFLOW,20180116,1800,14318, ,CFS
SHA,H,76,INFLOW,20180116,1900,3232, ,CFS
SHA,H,76,INFLOW,20180116,2000,9838, ,CFS
SHA,H,76,INFLOW,20180116,2100,7112, ,CFS
SHA,H,76,INFLOW,20180116,2200,3901, ,CFS
SHA,H,76,INFLOW,20180116,2300,8353, ,CFS
SHA,H,76,INFLOW,20180117,0000,5859, ,CFS
SHA,H,76,INFLOW,20180117,0100,6589, ,CFS
SHA,H,76,INFLOW,20180117,0200,3384, ,CFS
SHA,H,76,INFLOW,20180117,0300,3196, ,CFS
SHA,H,76,INFLOW,20180117,0400,3186, ,CFS
SHA,H,76,INFLOW,20180117,0500,9052, ,CFS
SHA,H,76,INFLOW,20180117,0600,412, ,CFS
SHA,H,76,INFLOW,20180117,0700,5223, ,CFS
SHA,H,76,INFLOW,20180117,0800,7894, ,CFS
SHA,H,76,INFLOW,20180117,0900,5499, ,CFS
SHA,H,76,INFLOW,20180117,1000,5571, ,CFS
SHA,H,76,INFLOW,20180117,1100,5970, ,CFS
SHA,H,76,INFLOW,20180117,1200,2324, ,CFS
SHA,H,76,INFLOW,20180117,1300,5086, ,CFS
SHA,H,76,INFLOW,20180117,1400,1936, ,CFS
SHA,H,76,INFLOW,20180117,1500,4635, ,CFS
SHA,H,76,INFLOW,20180117,1600,4744, ,CFS
SHA,H,76,INFLOW,20180117,1700,2315, ,CFS
SHA,H,76,INFLOW,20180117,1800,11898, ,CFS
SHA,H,76,INFLOW,20180117,1900,2613, ,CFS
SHA,H,76,INFLOW,20180117,2000,8892, ,CFS
SHA,H,76,INFLOW,20180117,2100,8952, ,CFS
SHA,H,76,INFLOW,20180117,2200,3369, ,CFS
SHA,H,76,INFLOW,20180117,2300,8815, ,CFS
SHA,H,76,INFLOW,20180118,0000,6656, ,CFS
SHA,H,76,INFLOW,20180118,0100,7611, ,CFS
SHA,H,76,INFLOW,20180118,0200,1817, ,CFS
SHA,H,76,INFLOW,20180118,0300,4622, ,CFS
SHA,H,76,INFLOW,20180118,0400,7487, ,CFS
SHA,H,76,INFLOW,20180118,0500,4690, ,CFS
SHA,H,76,INFLOW,20180118,0600,5794, ,CFS
SHA,H,76,INFLOW,20180118,0700,5923, ,CFS
SHA,H,76,INFLOW,20180118,0800,12465, ,CFS
SHA,H,76,INFLOW,20180118,0900,8912, ,CFS
SHA,H,76,INFLOW,20180118,1000,14620, ,CFS
SHA,H,76,INFLOW,20180118,1100,3002, ,CFS
SHA,H,76,INFLOW,20180118,1200,6480, ,CFS
SHA,H,76,INFLOW,20180118,1300,6281, ,CFS
SHA,H,76,INFLOW,20180118,1400,687, ,CFS
SHA,H,76,INFLOW,20180118,1500,12550, ,CFS
SHA,H,76,INFLOW,20180118,1600,-552, ,CFS
SHA,H,76,INFLOW,20180118,1700,2570, ,CFS
SHA,H,76,INFLOW,20180118,1800,11339, ,CFS
SHA,H,76,INFLOW,20180118,1900,9593, ,CFS
SHA,H,76,INFLOW,20180118,2000,7534, ,CFS
SHA,H,76,INFLOW,20180118,2100,9055, ,CFS
SHA,H,76,INFLOW,20180118,2200,6969, ,CFS
SHA,H,76,INFLOW,20180118,2300,11032, ,CFS
SHA,H,76,INFLOW,20180119,0000,7639, ,CFS
SHA,H,76,INFLOW,20180119,0100,9470, ,CFS
SHA,H,76,INFLOW,20180119,0200,6414, ,CFS
SHA,H,76,INFLOW,20180119,0300,3048, ,CFS
SHA,H,76,INFLOW,20180119,0400,6687, ,CFS
SHA,H,76,INFLOW,20180119,0500,1012, ,CFS
SHA,H,76,INFLOW,20180119,0600,7604, ,CFS
SHA,H,76,INFLOW,20180119,0700,3017, ,CFS
SHA,H,76,INFLOW,20180119,0800,12024, ,CFS
SHA,H,76,INFLOW,20180119,0900,5476, ,CFS
SHA,H,76,INFLOW,20180119,1000,809, ,CFS
SHA,H,76,INFLOW,20180119,1100,6348, ,CFS
SHA,H,76,INFLOW,20180119,1200,242, ,CFS
SHA,H,76,INFLOW,20180119,1300,5349, ,CFS
SHA,H,76,INFLOW,20180119,1400,2485, ,CFS
SHA,H,76,INFLOW,20180119,1500,2578, ,CFS
SHA,H,76,INFLOW,20180119,1600,2738, ,CFS
SHA,H,76,INFLOW,20180119,1700,3827, ,CFS
SHA,H,76,INFLOW,20180119,1800,10594, ,CFS
SHA,H,76,INFLOW,20180119,1900,7164, ,CFS
SHA,H,76,INFLOW,20180119,2000,11008, ,CFS
SHA,H,76,INFLOW,20180119,2100,6110, ,CFS
SHA,H,76,INFLOW,20180119,2200,5212, ,CFS
SHA,H,76,INFLOW,20180119,2300,8888, ,CFS
SHA,H,76,INFLOW,20180120,0000,3049, ,CFS
SHA,H,76,INFLOW,20180120,0100,5870, ,CFS
SHA,H,76,INFLOW,20180120,0200,8782, ,CFS
SHA,H,76,INFLOW,20180120,0300,2958, ,CFS
SHA,H,76,INFLOW,20180120,0400,11694, ,CFS
SHA,H,76,INFLOW,20180120,0500,46, ,CFS
SHA,H,76,INFLOW,20180120,0600,6011, ,CFS
SHA,H,76,INFLOW,20180120,0700,11099, ,CFS
SHA,H,76,INFLOW,20180120,0800,2974, ,CFS
SHA,H,76,INFLOW,20180120,0900,8204, ,CFS
SHA,H,76,INFLOW,20180120,1000,2608, ,CFS
SHA,H,76,INFLOW,20180120,1100,37, ,CFS
SHA,H,76,INFLOW,20180120,1200,5832, ,CFS
SHA,H,76,INFLOW,20180120,1300,3143, ,CFS
SHA,H,76,INFLOW,20180120,1400,-15, ,CFS
SHA,H,76,INFLOW,20180120,1500,5581, ,CFS
SHA,H,76,INFLOW,20180120,1600,77, ,CFS
SHA,H,76,INFLOW,20180120,1700,6208, ,CFS
SHA,H,76,INFLOW,20180120,1800,8974, ,CFS
SHA,H,76,INFLOW,20180120,1900,5524, ,CFS
SHA,H,76,INFLOW,20180120,2000,11976, ,CFS
SHA,H,76,INFLOW,20180120,2100,6032, ,CFS
SHA,H,76,INFLOW,20180120,2200,6165, ,CFS
SHA,H,76,INFLOW,20180120,2300,8782, ,CFS
SHA,H,76,INFLOW,20180121,0000,5870, ,CFS
SHA,H,76,INFLOW,20180121,0100,8782, ,CFS
SHA,H,76,INFLOW,20180121,0200,5870, ,CFS
SHA,H,76,INFLOW,20180121,0300,8782, ,CFS
SHA,H,76,INFLOW,20180121,0400,8782, ,CFS
SHA,H,76,INFLOW,20180121,0500,2958, ,CFS
SHA,H,76,INFLOW,20180121,0600,3432, ,CFS
SHA,H,76,INFLOW,20180121,0700,11079, ,CFS
SHA,H,76,INFLOW,20180121,0800,5590, ,CFS
SHA,H,76,INFLOW,20180121,0900,11400, ,CFS
SHA,H,76,INFLOW,20180121,1000,5463, ,CFS
SHA,H,76,INFLOW,20180121,1100,-3295, ,CFS
SHA,H,76,INFLOW,20180121,1200,8231, ,CFS
SHA,H,76,INFLOW,20180121,1300,2134, ,CFS
SHA,H,76,INFLOW,20180121,1400,1782, ,CFS
SHA,H,76,INFLOW,20180121,1500,4266, ,CFS
SHA,H,76,INFLOW,20180121,1600,1413, ,CFS
SHA,H,76,INFLOW,20180121,1700,1033, ,CFS
SHA,H,76,INFLOW,20180121,1800,17634, ,CFS
SHA,H,76,INFLOW,20180121,1900,6131, ,CFS
SHA,H,76,INFLOW,20180121,2000,11388, ,CFS
SHA,H,76,INFLOW,20180121,2100,9495, ,CFS
SHA,H,76,INFLOW,20180121,2200,7703, ,CFS
SHA,H,76,INFLOW,20180121,2300,13287, ,CFS
SHA,H,76,INFLOW,20180122,0000,7000, ,CFS
SHA,H,76,INFLOW,20180122,0100,8825, ,CFS
SHA,H,76,INFLOW,20180122,0200,8772, ,CFS
SHA,H,76,INFLOW,20180122,0300,25, ,CFS
SHA,H,76,INFLOW,20180122,0400,8772, ,CFS
SHA,H,76,INFLOW,20180122,0500,2977, ,CFS
SHA,H,76,INFLOW,20180122,0600,9350, ,CFS
SHA,H,76,INFLOW,20180122,0700,11124, ,CFS
SHA,H,76,INFLOW,20180122,0800,6446, ,CFS
SHA,H,76,INFLOW,20180122,0900,10765, ,CFS
SHA,H,76,INFLOW,20180122,1000,2274, ,CFS
SHA,H,76,INFLOW,20180122,1100,8592, ,CFS
SHA,H,76,INFLOW,20180122,1200,46, ,CFS
SHA,H,76,INFLOW,20180122,1300,-126, ,CFS
SHA,H,76,INFLOW,20180122,1400,5607, ,CFS
SHA,H,76,INFLOW,20180122,1500,2669, ,CFS
SHA,H,76,INFLOW,20180122,1600,2598, ,CFS
SHA,H,76,INFLOW,20180122,1700,3133, ,CFS
SHA,H,76,INFLOW,20180122,1800,9143, ,CFS
SHA,H,76,INFLOW,20180122,1900,8165, ,CFS
SHA,H,76,INFLOW,20180122,2000,10732, ,CFS
SHA,H,76,INFLOW,20180122,2100,7261, ,CFS
SHA,H,76,INFLOW,20180122,2200,7000, ,CFS
SHA,H,76,INFLOW,20180122,2300,5783, ,CFS
SHA,H,76,INFLOW,20180123,0000,7078, ,CFS
SHA,H,76,INFLOW,20180123,0100,8559, ,CFS
SHA,H,76,INFLOW,20180123,0200,5671, ,CFS
SHA,H,76,INFLOW,20180123,0300,2714, ,CFS
SHA,H,76,INFLOW,20180123,0400,2794, ,CFS
SHA,H,76,INFLOW,20180123,0500,48, ,CFS
SHA,H,76,INFLOW,20180123,0600,6100, ,CFS
SHA,H,76,INFLOW,20180123,0700,3024, ,CFS
SHA,H,76,INFLOW,20180123,0800,8818, ,CFS
SHA,H,76,INFLOW,20180123,0900,6412, ,CFS
SHA,H,76,INFLOW,20180123,1000,2646, ,CFS
SHA,H,76,INFLOW,20180123,1100,5220, ,CFS
SHA,H,76,INFLOW,20180123,1200,2683, ,CFS
SHA,H,76,INFLOW,20180123,1300,2305, ,CFS
SHA,H,76,INFLOW,20180123,1400,5304, ,CFS
SHA,H,76,INFLOW,20180123,1500,1117, ,CFS
SHA,H,76,INFLOW,20180123,1600,4010, ,CFS
SHA,H,76,INFLOW,20180123,1700,3371, ,CFS
SHA,H,76,INFLOW,20180123,1800,7786, ,CFS
SHA,H,76,INFLOW,20180123,1900,7416, ,CFS
SHA,H,76,INFLOW,20180123,2000,8198, ,CFS
SHA,H,76,INFLOW,20180123,2100,8888, ,CFS
SHA,H,76,INFLOW,20180123,2200,5062, ,CFS
SHA,H,76,INFLOW,20180123,2300,8454, ,CFS
SHA,H,76,INFLOW,20180124,0000,6240, ,CFS
SHA,H,76,INFLOW,20180124,0100,1446, ,CFS
SHA,H,76,INFLOW,20180124,0200,12721, ,CFS
SHA,H,76,INFLOW,20180124,0300,995, ,CFS
SHA,H,76,INFLOW,20180124,0400,4619, ,CFS
SHA,H,76,INFLOW,20180124,0500,10683, ,CFS
SHA,H,76,INFLOW,20180124,0600,5296, ,CFS
SHA,H,76,INFLOW,20180124,0700,9004, ,CFS
SHA,H,76,INFLOW,20180124,0800,6705, ,CFS
SHA,H,76,INFLOW,20180124,0900,8662, ,CFS
SHA,H,76,INFLOW,20180124,1000,5050, ,CFS
SHA,H,76,INFLOW,20180124,1100,4798, ,CFS
SHA,H,76,INFLOW,20180124,1200,14291, ,CFS
SHA,H,76,INFLOW,20180124,1300,5241, ,CFS
SHA,H,76,INFLOW,20180124,1400,11159, ,CFS
SHA,H,76,INFLOW,20180124,1500,2540, ,CFS
SHA,H,76,INFLOW,20180124,1600,5316, ,CFS
SHA,H,76,INFLOW,20180124,1700,11728, ,CFS
SHA,H,76,INFLOW,20180124,1800,2920, ,CFS
SHA,H,76,INFLOW,20180124,1900,16037, ,CFS
SHA,H,76,INFLOW,20180124,2000,9855, ,CFS
SHA,H,76,INFLOW,20180124,2100,9165, ,CFS
SHA,H,76,INFLOW,20180124,2200,13943, ,CFS
SHA,H,76,INFLOW,20180124,2300,1977, ,CFS
SHA,H,76,INFLOW,20180125,0000,13612, ,CFS
SHA,H,76,INFLOW,20180125,0100,4206, ,CFS
SHA,H,76,INFLOW,20180125,0200,3922, ,CFS
SHA,H,76,INFLOW,20180125,0300,9863, ,CFS
SHA,H,76,INFLOW,20180125,0400,4052, ,CFS
SHA,H,76,INFLOW,20180125,0500,7408, ,CFS
SHA,H,76,INFLOW,20180125,0600,7382, ,CFS
SHA,H,76,INFLOW,20180125,0700,9019, ,CFS
SHA,H,76,INFLOW,20180125,0800,12025, ,CFS
SHA,H,76,INFLOW,20180125,0900,6027, ,CFS
SHA,H,76,INFLOW,20180125,1000,2832, ,CFS
SHA,H,76,INFLOW,20180125,1100,8486, ,CFS
SHA,H,76,INFLOW,20180125,1200,8493, ,CFS
SHA,H,76,INFLOW,20180125,1300,2907, ,CFS
SHA,H,76,INFLOW,20180125,1400,5814, ,CFS
SHA,H,76,INFLOW,20180125,1500,4914, ,CFS
SHA,H,76,INFLOW,20180125,1600,7598, ,CFS
SHA,H,76,INFLOW,20180125,1700,819, ,CFS
SHA,H,76,INFLOW,20180125,1800,11541, ,CFS
SHA,H,76,INFLOW,20180125,1900,5959, ,CFS
SHA,H,76,INFLOW,20180125,2000,10654, ,CFS
SHA,H,76,INFLOW,20180125,2100,11240, ,CFS
SHA,H,76,INFLOW,20180125,2200,4404, ,CFS
SHA,H,76,INFLOW,20180125,2300,10823, ,CFS
SHA,H,76,INFLOW,20180126,0000,4330, ,CFS
SHA,H,76,INFLOW,20180126,0100,3223, ,CFS
SHA,H,76,INFLOW,20180126,0200,14694, ,CFS
SHA,H,76,INFLOW,20180126,0300,2970, ,CFS
SHA,H,76,INFLOW,20180126,0400,11763, ,CFS
SHA,H,76,INFLOW,20180126,0500,8832, ,CFS
SHA,H,76,INFLOW,20180126,0600,6240, ,CFS
SHA,H,76,INFLOW,20180126,0700,15045, ,CFS
SHA,H,76,INFLOW,20180126,0800,8565, ,CFS
SHA,H,76,INFLOW,20180126,0900,8443, ,CFS
SHA,H,76,INFLOW,20180126,1000,8254, ,CFS
SHA,H,76,INFLOW,20180126,1100,7999, ,CFS
SHA,H,76,INFLOW,20180126,1200,4962, ,CFS
SHA,H,76,INFLOW,20180126,1300,7700, ,CFS
SHA,H,76,INFLOW,20180126,1400,600, ,CFS
SHA,H,76,INFLOW,20180126,1500,5925, ,CFS
SHA,H,76,INFLOW,20180126,1600,3154, ,CFS
SHA,H,76,INFLOW,20180126,1700,4331, ,CFS
SHA,H,76,INFLOW,20180126,1800,15111, ,CFS
SHA,H,76,INFLOW,20180126,1900,6677, ,CFS
SHA,H,76,INFLOW,20180126,2000,14089, ,CFS
SHA,H,76,INFLOW,20180126,2100,6155, ,CFS
SHA,H,76,INFLOW,20180126,2200,9198, ,CFS
SHA,H,76,INFLOW,20180126,2300,7750, ,CFS
SHA,H,76,INFLOW,20180127,0000,7292, ,CFS
SHA,H,76,INFLOW,20180127,0100,8902, ,CFS
SHA,H,76,INFLOW,20180127,0200,11763, ,CFS
SHA,H,76,INFLOW,20180127,0300,5901, ,CFS
SHA,H,76,INFLOW,20180127,0400,5901, ,CFS
SHA,H,76,INFLOW,20180127,0500,8832, ,CFS
SHA,H,76,INFLOW,20180127,0600,3136, ,CFS
SHA,H,76,INFLOW,20180127,0700,8070, ,CFS
SHA,H,76,INFLOW,20180127,0800,8938, ,CFS
SHA,H,76,INFLOW,20180127,0900,11070, ,CFS
SHA,H,76,INFLOW,20180127,1000,1955, ,CFS
SHA,H,76,INFLOW,20180127,1100,7810, ,CFS
SHA,H,76,INFLOW,20180127,1200,1939, ,CFS
SHA,H,76,INFLOW,20180127,1300,1949, ,CFS
SHA,H,76,INFLOW,20180127,1400,4684, ,CFS
SHA,H,76,INFLOW,20180127,1500,4315, ,CFS
SHA,H,76,INFLOW,20180127,1600,4718, ,CFS
SHA,H,76,INFLOW,20180127,1700,1546, ,CFS
SHA,H,76,INFLOW,20180127,1800,12711, ,CFS
SHA,H,76,INFLOW,20180127,1900,5496, ,CFS
SHA,H,76,INFLOW,20180127,2000,11678, ,CFS
SHA,H,76,INFLOW,20180127,2100,8005, ,CFS
SHA,H,76,INFLOW,20180127,2200,7470, ,CFS
SHA,H,76,INFLOW,20180127,2300,9077, ,CFS
SHA,H,76,INFLOW,20180128,0000,3185, ,CFS
SHA,H,76,INFLOW,20180128,0100,5484, ,CFS
SHA,H,76,INFLOW,20180128,0200,8150, ,CFS
SHA,H,76,INFLOW,20180128,0300,5205, ,CFS
SHA,H,76,INFLOW,20180128,0400,11071, ,CFS
SHA,H,76,INFLOW,20180128,0500,8157, ,CFS
SHA,H,76,INFLOW,20180128,0600,11123, ,CFS
SHA,H,76,INFLOW,20180128,0700,6184, ,CFS
SHA,H,76,INFLOW,20180128,0800,12096, ,CFS
SHA,H,76,INFLOW,20180128,0900,3285, ,CFS
SHA,H,76,INFLOW,20180128,1000,6120, ,CFS
SHA,H,76,INFLOW,20180128,1100,3174, ,CFS
SHA,H,76,INFLOW,20180128,1200,3134, ,CFS
SHA,H,76,INFLOW,20180128,1300,3034, ,CFS
SHA,H,76,INFLOW,20180128,1400,51, ,CFS
SHA,H,76,INFLOW,20180128,1500,3007, ,CFS
SHA,H,76,INFLOW,20180128,1600,2994, ,CFS
SHA,H,76,INFLOW,20180128,1700,3516, ,CFS
SHA,H,76,INFLOW,20180128,1800,7795, ,CFS
SHA,H,76,INFLOW,20180128,1900,11084, ,CFS
SHA,H,76,INFLOW,20180128,2000,8146, ,CFS
SHA,H,76,INFLOW,20180128,2100,4958, ,CFS
SHA,H,76,INFLOW,20180128,2200,8934, ,CFS
SHA,H,76,INFLOW,20180128,2300,8847, ,CFS
SHA,H,76,INFLOW,20180129,0000,2985, ,CFS
SHA,H,76,INFLOW,20180129,0100,5916, ,CFS
SHA,H,76,INFLOW,20180129,0200,5916, ,CFS
SHA,H,76,INFLOW,20180129,0300,54, ,CFS
SHA,H,76,INFLOW,20180129,0400,8847, ,CFS
SHA,H,76,INFLOW,20180129,0500,5917, ,CFS
SHA,H,76,INFLOW,20180129,0600,6170, ,CFS
SHA,H,76,INFLOW,20180129,0700,8071, ,CFS
SHA,H,76,INFLOW,20180129,0800,8107, ,CFS
SHA,H,76,INFLOW,20180129,0900,10125, ,CFS
SHA,H,76,INFLOW,20180129,1000,-1674, ,CFS
SHA,H,76,INFLOW,20180129,1100,5139, ,CFS
SHA,H,76,INFLOW,20180129,1200,5436, ,CFS
SHA,H,76,INFLOW,20180129,1300,-3369, ,CFS
SHA,H,76,INFLOW,20180129,1400,10645, ,CFS
SHA,H,76,INFLOW,20180129,1500,6172, ,CFS
SHA,H,76,INFLOW,20180129,1600,9484, ,CFS
SHA,H,76,INFLOW,20180129,1700,9318, ,CFS
SHA,H,76,INFLOW,20180129,1800,7569, ,CFS
SHA,H,76,INFLOW,20180129,1900,11469, ,CFS
SHA,H,76,INFLOW,20180129,2000,8803, ,CFS
SHA,H,76,INFLOW,20180129,2100,3044, ,CFS
SHA,H,76,INFLOW,20180129,2200,13585, ,CFS
SHA,H,76,INFLOW,20180129,2300,7760, ,CFS
SHA,H,76,INFLOW,20180130,0000,6924, ,CFS
SHA,H,76,INFLOW,20180130,0100,8950, ,CFS
SHA,H,76,INFLOW,20180130,0200,5952, ,CFS
SHA,H,76,INFLOW,20180130,0300,8898, ,CFS
SHA,H,76,INFLOW,20180130,0400,5952, ,CFS
SHA,H,76,INFLOW,20180130,0500,8984, ,CFS
SHA,H,76,INFLOW,20180130,0600,7898, ,CFS
SHA,H,76,INFLOW,20180130,0700,12214, ,CFS
SHA,H,76,INFLOW,20180130,0800,6504, ,CFS
SHA,H,76,INFLOW,20180130,0900,5737, ,CFS
SHA,H,76,INFLOW,20180130,1000,5843, ,CFS
SHA,H,76,INFLOW,20180130,1100,8446, ,CFS
SHA,H,76,INFLOW,20180130,1200,3315, ,CFS
SHA,H,76,INFLOW,20180130,1300,2990, ,CFS
SHA,H,76,INFLOW,20180130,1400,6147, ,CFS
SHA,H,76,INFLOW,20180130,1500,3294, ,CFS
SHA,H,76,INFLOW,20180130,1600,3385, ,CFS
SHA,H,76,INFLOW,20180130,1700,4139, ,CFS
SHA,H,76,INFLOW,20180130,1800,14131, ,CFS
SHA,H,76,INFLOW,20180130,1900,5524, ,CFS
SHA,H,76,INFLOW,20180130,2000,11456, ,CFS
SHA,H,76,INFLOW,20180130,2100,7132, ,CFS
SHA,H,76,INFLOW,20180130,2200,6629, ,CFS
SHA,H,76,INFLOW,20180130,2300,12073, ,CFS
SHA,H,76,INFLOW,20180131,0000,8496, ,CFS
SHA,H,76,INFLOW,20180131,0100,5206, ,CFS
SHA,H,76,INFLOW,20180131,0200,5101, ,CFS
SHA,H,76,INFLOW,20180131,0300,5157, ,CFS
SHA,H,76,INFLOW,20180131,0400,2194, ,CFS
SHA,H,76,INFLOW,20180131,0500,5176, ,CFS
SHA,H,76,INFLOW,20180131,0600,5355, ,CFS
SHA,H,76,INFLOW,20180131,0700,11985, ,CFS
SHA,H,76,INFLOW,20180131,0800,8576, ,CFS
SHA,H,76,INFLOW,20180131,0900,5311, ,CFS
SHA,H,76,INFLOW,20180131,1000,5882, ,CFS
SHA,H,76,INFLOW,20180131,1100,9019, ,CFS
SHA,H,76,INFLOW,20180131,1200,3266, ,CFS
SHA,H,76,INFLOW,20180131,1300,681, ,CFS
SHA,H,76,INFLOW,20180131,1400,3646, ,CFS
SHA,H,76,INFLOW,20180131,1500,3606, ,CFS
SHA,H,76,INFLOW,20180131,1600,2859, ,CFS
SHA,H,76,INFLOW,20180131,1700,9951, ,CFS
SHA,H,76,INFLOW,20180131,1800,5426, ,CFS
SHA,H,76,INFLOW,20180131,1900,10433, ,CFS
SHA,H,76,INFLOW,20180131,2000,12339, ,CFS
SHA,H,76,INFLOW,20180131,2100,2731, ,CFS
SHA,H,76,INFLOW,20180131,2200,13741, ,CFS
SHA,H,76,INFLOW,20180131,2300,7620, ,CFS
SHA,H,76,INFLOW,20180201,0000,4300, ,CFS
SHA,H,76,INFLOW,20180201,0100,11893, ,CFS
SHA,H,76,INFLOW,20180201,0200,39, ,CFS
SHA,H,76,INFLOW,20180201,0300,2984, ,CFS
SHA,H,76,INFLOW,20180201,0400,8876, ,CFS
SHA,H,76,INFLOW,20180201,0500,107, ,CFS
SHA,H,76,INFLOW,20180201,0600,-1343, ,CFS
SHA,H,76,INFLOW,20180201,0700,7456, ,CFS
SHA,H,76,INFLOW,20180201,0800,8185, ,CFS
SHA,H,76,INFLOW,20180201,0900,8379, ,CFS
SHA,H,76,INFLOW,20180201,1000,4004, ,CFS
SHA,H,76,INFLOW,20180201,1100,-1696, ,CFS
SHA,H,76,INFLOW,20180201,1200,4085, ,CFS
SHA,H,76,INFLOW,20180201,1300,4039, ,CFS
SHA,H,76,INFLOW,20180201,1400,839, ,CFS
SHA,H,76,INFLOW,20180201,1500,3867, ,CFS
SHA,H,76,INFLOW,20180201,1600,1063, ,CFS
SHA,H,76,INFLOW,20180201,1700,4512, ,CFS
SHA,H,76,INFLOW,20180201,1800,8681, ,CFS
SHA,H,76,INFLOW,20180201,1900,6406, ,CFS
SHA,H,76,INFLOW,20180201,2000,10771, ,CFS
SHA,H,76,INFLOW,20180201,2100,1139, ,CFS
SHA,H,76,INFLOW,20180201,2200,9023, ,CFS
SHA,H,76,INFLOW,20180201,2300,3028, ,CFS
SHA,H,76,INFLOW,20180202,0000,5966, ,CFS
SHA,H,76,INFLOW,20180202,0100,8899, ,CFS
SHA,H,76,INFLOW,20180202,0200,61, ,CFS
SHA,H,76,INFLOW,20180202,0300,5952, ,CFS
SHA,H,76,INFLOW,20180202,0400,3006, ,CFS
SHA,H,76,INFLOW,20180202,0500,3006, ,CFS
SHA,H,76,INFLOW,20180202,0600,167, ,CFS
SHA,H,76,INFLOW,20180202,0700,-945, ,CFS
SHA,H,76,INFLOW,20180202,0800,11359, ,CFS
SHA,H,76,INFLOW,20180202,0900,2680, ,CFS
SHA,H,76,INFLOW,20180202,1000,5643, ,CFS
SHA,H,76,INFLOW,20180202,1100,6261, ,CFS
SHA,H,76,INFLOW,20180202,1200,99, ,CFS
SHA,H,76,INFLOW,20180202,1300,3172, ,CFS
SHA,H,76,INFLOW,20180202,1400,3192, ,CFS
SHA,H,76,INFLOW,20180202,1500,545, ,CFS
SHA,H,76,INFLOW,20180202,1600,627, ,CFS
SHA,H,76,INFLOW,20180202,1700,4294, ,CFS
SHA,H,76,INFLOW,20180202,1800,5493, ,CFS
SHA,H,76,INFLOW,20180202,1900,10948, ,CFS
SHA,H,76,INFLOW,20180202,2000,5666, ,CFS
SHA,H,76,INFLOW,20180202,2100,8566, ,CFS
SHA,H,76,INFLOW,20180202,2200,8018, ,CFS
SHA,H,76,INFLOW,20180202,2300,1355, ,CFS
SHA,H,76,INFLOW,20180203,0000,6737, ,CFS
SHA,H,76,INFLOW,20180203,0100,3074, ,CFS
SHA,H,76,INFLOW,20180203,0200,8927, ,CFS
SHA,H,76,INFLOW,20180203,0300,5981, ,CFS
SHA,H,76,INFLOW,20180203,0400,3035, ,CFS
SHA,H,76,INFLOW,20180203,0500,5981, ,CFS
SHA,H,76,INFLOW,20180203,0600,3201, ,CFS
SHA,H,76,INFLOW,20180203,0700,6189, ,CFS
SHA,H,76,INFLOW,20180203,0800,5561, ,CFS
SHA,H,76,INFLOW,20180203,0900,5467, ,CFS
SHA,H,76,INFLOW,20180203,1000,3435, ,CFS
SHA,H,76,INFLOW,20180203,1100,442, ,CFS
SHA,H,76,INFLOW,20180203,1200,3358, ,CFS
SHA,H,76,INFLOW,20180203,1300,3348, ,CFS
SHA,H,76,INFLOW,20180203,1400,3250, ,CFS
SHA,H,76,INFLOW,20180203,1500,3426, ,CFS
SHA,H,76,INFLOW,20180203,1600,931, ,CFS
SHA,H,76,INFLOW,20180203,1700,3062, ,CFS
SHA,H,76,INFLOW,20180203,1800,11096, ,CFS
SHA,H,76,INFLOW,20180203,1900,7453, ,CFS
SHA,H,76,INFLOW,20180203,2000,9407, ,CFS
SHA,H,76,INFLOW,20180203,2100,2792, ,CFS
SHA,H,76,INFLOW,20180203,2200,7018, ,CFS
SHA,H,76,INFLOW,20180203,2300,4328, ,CFS
SHA,H,76,INFLOW,20180204,0000,12341, ,CFS
SHA,H,76,INFLOW,20180204,0100,3073, ,CFS
SHA,H,76,INFLOW,20180204,0200,8927, ,CFS
SHA,H,76,INFLOW,20180204,0300,5981, ,CFS
SHA,H,76,INFLOW,20180204,0400,90, ,CFS
SHA,H,76,INFLOW,20180204,0500,8927, ,CFS
SHA,H,76,INFLOW,20180204,0600,5984, ,CFS
SHA,H,76,INFLOW,20180204,0700,6281, ,CFS
SHA,H,76,INFLOW,20180204,0800,6197, ,CFS
SHA,H,76,INFLOW,20180204,0900,232, ,CFS
SHA,H,76,INFLOW,20180204,1000,1843, ,CFS
SHA,H,76,INFLOW,20180204,1100,2912, ,CFS
SHA,H,76,INFLOW,20180204,1200,2792, ,CFS
SHA,H,76,INFLOW,20180204,1300,8918, ,CFS
SHA,H,76,INFLOW,20180204,1400,109, ,CFS
SHA,H,76,INFLOW,20180204,1500,3262, ,CFS
SHA,H,76,INFLOW,20180204,1600,6601, ,CFS
SHA,H,76,INFLOW,20180204,1700,-2390, ,CFS
SHA,H,76,INFLOW,20180204,1800,7682, ,CFS
SHA,H,76,INFLOW,20180204,1900,10287, ,CFS
SHA,H,76,INFLOW,20180204,2000,3987, ,CFS
SHA,H,76,INFLOW,20180204,2100,6353, ,CFS
SHA,H,76,INFLOW,20180204,2200,11398, ,CFS
SHA,H,76,INFLOW,20180204,2300,7545, ,CFS
SHA,H,76,INFLOW,20180205,0000,6722, ,CFS
SHA,H,76,INFLOW,20180205,0100,3109, ,CFS
SHA,H,76,INFLOW,20180205,0200,6018, ,CFS
SHA,H,76,INFLOW,20180205,0300,8978, ,CFS
SHA,H,76,INFLOW,20180205,0400,97, ,CFS
SHA,H,76,INFLOW,20180205,0500,6018, ,CFS
SHA,H,76,INFLOW,20180205,0600,3237, ,CFS
SHA,H,76,INFLOW,20180205,0700,6705, ,CFS
SHA,H,76,INFLOW,20180205,0800,6436, ,CFS
SHA,H,76,INFLOW,20180205,0900,6484, ,CFS
SHA,H,76,INFLOW,20180205,1000,3251, ,CFS
SHA,H,76,INFLOW,20180205,1100,2868, ,CFS
SHA,H,76,INFLOW,20180205,1200,2601, ,CFS
SHA,H,76,INFLOW,20180205,1300,2840, ,CFS
SHA,H,76,INFLOW,20180205,1400,2927, ,CFS
SHA,H,76,INFLOW,20180205,1500,3307, ,CFS
SHA,H,76,INFLOW,20180205,1600,404, ,CFS
SHA,H,76,INFLOW,20180205,1700,4266, ,CFS
SHA,H,76,INFLOW,20180205,1800,10866, ,CFS
SHA,H,76,INFLOW,20180205,1900,8827, ,CFS
SHA,H,76,INFLOW,20180205,2000,11017, ,CFS
SHA,H,76,INFLOW,20180205,2100,291, ,CFS
SHA,H,76,INFLOW,20180205,2200,13517, ,CFS
SHA,H,76,INFLOW,20180205,2300,2232, ,CFS
SHA,H,76,INFLOW,20180206,0000,10692, ,CFS
SHA,H,76,INFLOW,20180206,0100,197, ,CFS
SHA,H,76,INFLOW,20180206,0200,11939, ,CFS
SHA,H,76,INFLOW,20180206,0300,11939, ,CFS
SHA,H,76,INFLOW,20180206,0400,3057, ,CFS
SHA,H,76,INFLOW,20180206,0500,8978, ,CFS
SHA,H,76,INFLOW,20180206,0600,6196, ,CFS
SHA,H,76,INFLOW,20180206,0700,6283, ,CFS
SHA,H,76,INFLOW,20180206,0800,6415, ,CFS
SHA,H,76,INFLOW,20180206,0900,9488, ,CFS
SHA,H,76,INFLOW,20180206,1000,3464, ,CFS
SHA,H,76,INFLOW,20180206,1100,546, ,CFS
SHA,H,76,INFLOW,20180206,1200,1391, ,CFS
SHA,H,76,INFLOW,20180206,1300,5185, ,CFS
SHA,H,76,INFLOW,20180206,1400,-599, ,CFS
SHA,H,76,INFLOW,20180206,1500,8297, ,CFS
SHA,H,76,INFLOW,20180206,1600,-2083, ,CFS
SHA,H,76,INFLOW,20180206,1700,1975, ,CFS
SHA,H,76,INFLOW,20180206,1800,14151, ,CFS
SHA,H,76,INFLOW,20180206,1900,5282, ,CFS
SHA,H,76,INFLOW,20180206,2000,15088, ,CFS
SHA,H,76,INFLOW,20180206,2100,6017, ,CFS
SHA,H,76,INFLOW,20180206,2200,13925, ,CFS
SHA,H,76,INFLOW,20180206,2300,3180, ,CFS
SHA,H,76,INFLOW,20180207,0000,11953, ,CFS
SHA,H,76,INFLOW,20180207,0100,6032, ,CFS
SHA,H,76,INFLOW,20180207,0200,3071, ,CFS
SHA,H,76,INFLOW,20180207,0300,6032, ,CFS
SHA,H,76,INFLOW,20180207,0400,3071, ,CFS
SHA,H,76,INFLOW,20180207,0500,113, ,CFS
SHA,H,76,INFLOW,20180207,0600,3254, ,CFS
SHA,H,76,INFLOW,20180207,0700,3548, ,CFS
SHA,H,76,INFLOW,20180207,0800,814, ,CFS
SHA,H,76,INFLOW,20180207,0900,3765, ,CFS
SHA,H,76,INFLOW,20180207,1000,796, ,CFS
SHA,H,76,INFLOW,20180207,1100,-2145, ,CFS
SHA,H,76,INFLOW,20180207,1200,3778, ,CFS
SHA,H,76,INFLOW,20180207,1300,3759, ,CFS
SHA,H,76,INFLOW,20180207,1400,788, ,CFS
SHA,H,76,INFLOW,20180207,1500,3754, ,CFS
SHA,H,76,INFLOW,20180207,1600,3755, ,CFS
SHA,H,76,INFLOW,20180207,1700,-1697, ,CFS
SHA,H,76,INFLOW,20180207,1800,10827, ,CFS
SHA,H,76,INFLOW,20180207,1900,5732, ,CFS
SHA,H,76,INFLOW,20180207,2000,7229, ,CFS
SHA,H,76,INFLOW,20180207,2100,1025, ,CFS
SHA,H,76,INFLOW,20180207,2200,3510, ,CFS
SHA,H,76,INFLOW,20180207,2300,5138, ,CFS
SHA,H,76,INFLOW,20180208,0000,1352, ,CFS
SHA,H,76,INFLOW,20180208,0100,3155, ,CFS
SHA,H,76,INFLOW,20180208,0200,3071, ,CFS
SHA,H,76,INFLOW,20180208,0300,111, ,CFS
SHA,H,76,INFLOW,20180208,0400,3071, ,CFS
SHA,H,76,INFLOW,20180208,0500,3071, ,CFS
SHA,H,76,INFLOW,20180208,0600,3254, ,CFS
SHA,H,76,INFLOW,20180208,0700,3625, ,CFS
SHA,H,76,INFLOW,20180208,0800,798, ,CFS
SHA,H,76,INFLOW,20180208,0900,3741, ,CFS
SHA,H,76,INFLOW,20180208,1000,-2151, ,CFS
SHA,H,76,INFLOW,20180208,1100,3765, ,CFS
SHA,H,76,INFLOW,20180208,1200,796, ,CFS
SHA,H,76,INFLOW,20180208,1300,3764, ,CFS
SHA,H,76,INFLOW,20180208,1400,3742, ,CFS
SHA,H,76,INFLOW,20180208,1500,3745, ,CFS
SHA,H,76,INFLOW,20180208,1600,775, ,CFS
SHA,H,76,INFLOW,20180208,1700,4283, ,CFS
SHA,H,76,INFLOW,20180208,1800,4254, ,CFS
SHA,H,76,INFLOW,20180208,1900,5387, ,CFS
SHA,H,76,INFLOW,20180208,2000,7624, ,CFS
SHA,H,76,INFLOW,20180208,2100,-1173, ,CFS
SHA,H,76,INFLOW,20180208,2200,6078, ,CFS
SHA,H,76,INFLOW,20180208,2300,97, ,CFS
SHA,H,76,INFLOW,20180209,0000,3057, ,CFS
SHA,H,76,INFLOW,20180209,0100,3057, ,CFS
SHA,H,76,INFLOW,20180209,0200,6018, ,CFS
SHA,H,76,INFLOW,20180209,0300,8978, ,CFS
SHA,H,76,INFLOW,20180209,0400,6018, ,CFS
SHA,H,76,INFLOW,20180209,0500,6018, ,CFS
SHA,H,76,INFLOW,20180209,0600,9108, ,CFS
SHA,H,76,INFLOW,20180209,0700,5328, ,CFS
SHA,H,76,INFLOW,20180209,0800,11350, ,CFS
SHA,H,76,INFLOW,20180209,0900,5571, ,CFS
SHA,H,76,INFLOW,20180209,1000,2269, ,CFS
SHA,H,76,INFLOW,20180209,1100,1874, ,CFS
SHA,H,76,INFLOW,20180209,1200,2148, ,CFS
SHA,H,76,INFLOW,20180209,1300,991, ,CFS
SHA,H,76,INFLOW,20180209,1400,3914, ,CFS
SHA,H,76,INFLOW,20180209,1500,942, ,CFS
SHA,H,76,INFLOW,20180209,1600,3735, ,CFS
SHA,H,76,INFLOW,20180209,1700,749, ,CFS
SHA,H,76,INFLOW,20180209,1800,10887, ,CFS
SHA,H,76,INFLOW,20180209,1900,4241, ,CFS
SHA,H,76,INFLOW,20180209,2000,15396, ,CFS
SHA,H,76,INFLOW,20180209,2100,2162, ,CFS
SHA,H,76,INFLOW,20180209,2200,6095, ,CFS
SHA,H,76,INFLOW,20180209,2300,8978, ,CFS
SHA,H,76,INFLOW,20180210,0000,8978, ,CFS
SHA,H,76,INFLOW,20180210,0100,6018, ,CFS
SHA,H,76,INFLOW,20180210,0200,6018, ,CFS
SHA,H,76,INFLOW,20180210,0300,8978, ,CFS
SHA,H,76,INFLOW,20180210,0400,8978, ,CFS
SHA,H,76,INFLOW,20180210,0500,6018, ,CFS
SHA,H,76,INFLOW,20180210,0600,9280, ,CFS
SHA,H,76,INFLOW,20180210,0700,11468, ,CFS
SHA,H,76,INFLOW,20180210,0800,7170, ,CFS
SHA,H,76,INFLOW,20180210,0900,11460, ,CFS
SHA,H,76,INFLOW,20180210,1000,-3649, ,CFS
SHA,H,76,INFLOW,20180210,1100,2484, ,CFS
SHA,H,76,INFLOW,20180210,1200,5506, ,CFS
SHA,H,76,INFLOW,20180210,1300,324, ,CFS
SHA,H,76,INFLOW,20180210,1400,307, ,CFS
SHA,H,76,INFLOW,20180210,1500,5385, ,CFS
SHA,H,76,INFLOW,20180210,1600,2360, ,CFS
SHA,H,76,INFLOW,20180210,1700,6448, ,CFS
SHA,H,76,INFLOW,20180210,1800,5919, ,CFS
SHA,H,76,INFLOW,20180210,1900,5173, ,CFS
SHA,H,76,INFLOW,20180210,2000,10831, ,CFS
SHA,H,76,INFLOW,20180210,2100,5302, ,CFS
SHA,H,76,INFLOW,20180210,2200,9038, ,CFS
SHA,H,76,INFLOW,20180210,2300,6004, ,CFS
SHA,H,76,INFLOW,20180211,0000,8964, ,CFS
SHA,H,76,INFLOW,20180211,0100,6004, ,CFS
SHA,H,76,INFLOW,20180211,0200,3043, ,CFS
SHA,H,76,INFLOW,20180211,0300,3043, ,CFS
SHA,H,76,INFLOW,20180211,0400,3043, ,CFS
SHA,H,76,INFLOW,20180211,0500,6004, ,CFS
SHA,H,76,INFLOW,20180211,0600,3233, ,CFS
SHA,H,76,INFLOW,20180211,0700,6679, ,CFS
SHA,H,76,INFLOW,20180211,0800,6703, ,CFS
SHA,H,76,INFLOW,20180211,0900,3862, ,CFS
SHA,H,76,INFLOW,20180211,1000,883, ,CFS
SHA,H,76,INFLOW,20180211,1100,3733, ,CFS
SHA,H,76,INFLOW,20180211,1200,736, ,CFS
SHA,H,76,INFLOW,20180211,1300,5778, ,CFS
SHA,H,76,INFLOW,20180211,1400,5683, ,CFS
SHA,H,76,INFLOW,20180211,1500,-12035, ,CFS
SHA,H,76,INFLOW,20180211,1600,11539, ,CFS
SHA,H,76,INFLOW,20180211,1700,-5117, ,CFS
SHA,H,76,INFLOW,20180211,1800,5746, ,CFS
SHA,H,76,INFLOW,20180211,1900,13780, ,CFS
SHA,H,76,INFLOW,20180211,2000,3036, ,CFS
SHA,H,76,INFLOW,20180211,2100,6459, ,CFS
SHA,H,76,INFLOW,20180211,2200,6004, ,CFS
SHA,H,76,INFLOW,20180211,2300,8964, ,CFS
SHA,H,76,INFLOW,20180212,0000,11977, ,CFS
SHA,H,76,INFLOW,20180212,0100,1450, ,CFS
SHA,H,76,INFLOW,20180212,0200,4523, ,CFS
SHA,H,76,INFLOW,20180212,0300,3743, ,CFS
SHA,H,76,INFLOW,20180212,0400,1041, ,CFS
SHA,H,76,INFLOW,20180212,0500,4256, ,CFS
SHA,H,76,INFLOW,20180212,0600,4488, ,CFS
SHA,H,76,INFLOW,20180212,0700,8695, ,CFS
SHA,H,76,INFLOW,20180212,0800,6083, ,CFS
SHA,H,76,INFLOW,20180212,0900,6462, ,CFS
SHA,H,76,INFLOW,20180212,1000,655, ,CFS
SHA,H,76,INFLOW,20180212,1100,6825, ,CFS
SHA,H,76,INFLOW,20180212,1200,3716, ,CFS
SHA,H,76,INFLOW,20180212,1300,6409, ,CFS
SHA,H,76,INFLOW,20180212,1400,3081, ,CFS
SHA,H,76,INFLOW,20180212,1500,6171, ,CFS
SHA,H,76,INFLOW,20180212,1600,2138, ,CFS
SHA,H,76,INFLOW,20180212,1700,5537, ,CFS
SHA,H,76,INFLOW,20180212,1800,9500, ,CFS
SHA,H,76,INFLOW,20180212,1900,2737, ,CFS
SHA,H,76,INFLOW,20180212,2000,11051, ,CFS
SHA,H,76,INFLOW,20180212,2100,3539, ,CFS
SHA,H,76,INFLOW,20180212,2200,11947, ,CFS
SHA,H,76,INFLOW,20180212,2300,4663, ,CFS
SHA,H,76,INFLOW,20180213,0000,10582, ,CFS
SHA,H,76,INFLOW,20180213,0100,-2547, ,CFS
SHA,H,76,INFLOW,20180213,0200,6141, ,CFS
SHA,H,76,INFLOW,20180213,0300,3826, ,CFS
SHA,H,76,INFLOW,20180213,0400,3961, ,CFS
SHA,H,76,INFLOW,20180213,0500,-1781, ,CFS
SHA,H,76,INFLOW,20180213,0600,7730, ,CFS
SHA,H,76,INFLOW,20180213,0700,2687, ,CFS
SHA,H,76,INFLOW,20180213,0800,6056, ,CFS
SHA,H,76,INFLOW,20180213,0900,3198, ,CFS
SHA,H,76,INFLOW,20180213,1000,2659, ,CFS
SHA,H,76,INFLOW,20180213,1100,5317, ,CFS
SHA,H,76,INFLOW,20180213,1200,-456, ,CFS
SHA,H,76,INFLOW,20180213,1300,2412, ,CFS
SHA,H,76,INFLOW,20180213,1400,2722, ,CFS
SHA,H,76,INFLOW,20180213,1500,-53, ,CFS
SHA,H,76,INFLOW,20180213,1600,2996, ,CFS
SHA,H,76,INFLOW,20180213,1700,401, ,CFS
SHA,H,76,INFLOW,20180213,1800,5145, ,CFS
SHA,H,76,INFLOW,20180213,1900,9059, ,CFS
SHA,H,76,INFLOW,20180213,2000,10051, ,CFS
SHA,H,76,INFLOW,20180213,2100,903, ,CFS
SHA,H,76,INFLOW,20180213,2200,7577, ,CFS
SHA,H,76,INFLOW,20180213,2300,1747, ,CFS
SHA,H,76,INFLOW,20180214,0000,4517, ,CFS
SHA,H,76,INFLOW,20180214,0100,2123, ,CFS
SHA,H,76,INFLOW,20180214,0200,-1023, ,CFS
SHA,H,76,INFLOW,20180214,0300,4707, ,CFS
SHA,H,76,INFLOW,20180214,0400,4573, ,CFS
SHA,H,76,INFLOW,20180214,0500,-986, ,CFS
SHA,H,76,INFLOW,20180214,0600,-294, ,CFS
SHA,H,76,INFLOW,20180214,0700,7079, ,CFS
SHA,H,76,INFLOW,20180214,0800,6303, ,CFS
SHA,H,76,INFLOW,20180214,0900,6509, ,CFS
SHA,H,76,INFLOW,20180214,1000,5255, ,CFS
SHA,H,76,INFLOW,20180214,1100,2094, ,CFS
SHA,H,76,INFLOW,20180214,1200,-623, ,CFS
SHA,H,76,INFLOW,20180214,1300,2236, ,CFS
SHA,H,76,INFLOW,20180214,1400,4972, ,CFS
SHA,H,76,INFLOW,20180214,1500,-3894, ,CFS
SHA,H,76,INFLOW,20180214,1600,4923, ,CFS
SHA,H,76,INFLOW,20180214,1700,-561, ,CFS
SHA,H,76,INFLOW,20180214,1800,8227, ,CFS
SHA,H,76,INFLOW,20180214,1900,7213, ,CFS
SHA,H,76,INFLOW,20180214,2000,9679, ,CFS
SHA,H,76,INFLOW,20180214,2100,10836, ,CFS
SHA,H,76,INFLOW,20180214,2200,613, ,CFS
SHA,H,76,INFLOW,20180214,2300,7932, ,CFS
SHA,H,76,INFLOW,20180215,0000,2031, ,CFS
SHA,H,76,INFLOW,20180215,0100,2407, ,CFS
SHA,H,76,INFLOW,20180215,0200,5284, ,CFS
SHA,H,76,INFLOW,20180215,0300,2363, ,CFS
SHA,H,76,INFLOW,20180215,0400,2600, ,CFS
SHA,H,76,INFLOW,20180215,0500,3005, ,CFS
SHA,H,76,INFLOW,20180215,0600,1161, ,CFS
SHA,H,76,INFLOW,20180215,0700,5999, ,CFS
SHA,H,76,INFLOW,20180215,0800,11751, ,CFS
SHA,H,76,INFLOW,20180215,0900,3671, ,CFS
SHA,H,76,INFLOW,20180215,1000,3457, ,CFS
SHA,H,76,INFLOW,20180215,1100,2634, ,CFS
SHA,H,76,INFLOW,20180215,1200,-511, ,CFS
SHA,H,76,INFLOW,20180215,1300,1595, ,CFS
SHA,H,76,INFLOW,20180215,1400,1743, ,CFS
SHA,H,76,INFLOW,20180215,1500,5833, ,CFS
SHA,H,76,INFLOW,20180215,1600,-1479, ,CFS
SHA,H,76,INFLOW,20180215,1700,6189, ,CFS
SHA,H,76,INFLOW,20180215,1800,6769, ,CFS
SHA,H,76,INFLOW,20180215,1900,6964, ,CFS
SHA,H,76,INFLOW,20180215,2000,5842, ,CFS
SHA,H,76,INFLOW,20180215,2100,8946, ,CFS
SHA,H,76,INFLOW,20180215,2200,5595, ,CFS
SHA,H,76,INFLOW,20180215,2300,8915, ,CFS
SHA,H,76,INFLOW,20180216,0000,5431, ,CFS
SHA,H,76,INFLOW,20180216,0100,5491, ,CFS
SHA,H,76,INFLOW,20180216,0200,-761, ,CFS
SHA,H,76,INFLOW,20180216,0300,5369, ,CFS
SHA,H,76,INFLOW,20180216,0400,2310, ,CFS
SHA,H,76,INFLOW,20180216,0500,-528, ,CFS
SHA,H,76,INFLOW,20180216,0600,5844, ,CFS
SHA,H,76,INFLOW,20180216,0700,2582, ,CFS
SHA,H,76,INFLOW,20180216,0800,3203, ,CFS
SHA,H,76,INFLOW,20180216,0900,2374, ,CFS
SHA,H,76,INFLOW,20180216,1000,3519, ,CFS
SHA,H,76,INFLOW,20180216,1100,269, ,CFS
SHA,H,76,INFLOW,20180216,1200,5856, ,CFS
SHA,H,76,INFLOW,20180216,1300,293, ,CFS
SHA,H,76,INFLOW,20180216,1400,2838, ,CFS
SHA,H,76,INFLOW,20180216,1500,2940, ,CFS
SHA,H,76,INFLOW,20180216,1600,-860, ,CFS
SHA,H,76,INFLOW,20180216,1700,2438, ,CFS
SHA,H,76,INFLOW,20180216,1800,4980, ,CFS
SHA,H,76,INFLOW,20180216,1900,11231, ,CFS
SHA,H,76,INFLOW,20180216,2000,1867, ,CFS
SHA,H,76,INFLOW,20180216,2100,8779, ,CFS
SHA,H,76,INFLOW,20180216,2200,5765, ,CFS
SHA,H,76,INFLOW,20180216,2300,3589, ,CFS
SHA,H,76,INFLOW,20180217,0000,6082, ,CFS
SHA,H,76,INFLOW,20180217,0100,228, ,CFS
SHA,H,76,INFLOW,20180217,0200,8964, ,CFS
SHA,H,76,INFLOW,20180217,0300,3043, ,CFS
SHA,H,76,INFLOW,20180217,0400,8958, ,CFS
SHA,H,76,INFLOW,20180217,0500,8959, ,CFS
SHA,H,76,INFLOW,20180217,0600,3177, ,CFS
SHA,H,76,INFLOW,20180217,0700,8784, ,CFS
SHA,H,76,INFLOW,20180217,0800,8627, ,CFS
SHA,H,76,INFLOW,20180217,0900,-723, ,CFS
SHA,H,76,INFLOW,20180217,1000,5479, ,CFS
SHA,H,76,INFLOW,20180217,1100,-341, ,CFS
SHA,H,76,INFLOW,20180217,1200,5013, ,CFS
SHA,H,76,INFLOW,20180217,1300,3172, ,CFS
SHA,H,76,INFLOW,20180217,1400,76, ,CFS
SHA,H,76,INFLOW,20180217,1500,6027, ,CFS
SHA,H,76,INFLOW,20180217,1600,3052, ,CFS
SHA,H,76,INFLOW,20180217,1700,-2209, ,CFS
SHA,H,76,INFLOW,20180217,1800,15360, ,CFS
SHA,H,76,INFLOW,20180217,1900,661, ,CFS
SHA,H,76,INFLOW,20180217,2000,9043, ,CFS
SHA,H,76,INFLOW,20180217,2100,7043, ,CFS
SHA,H,76,INFLOW,20180217,2200,2670, ,CFS
SHA,H,76,INFLOW,20180217,2300,7305, ,CFS
SHA,H,76,INFLOW,20180218,0000,7409, ,CFS
SHA,H,76,INFLOW,20180218,0100,663, ,CFS
SHA,H,76,INFLOW,20180218,0200,11998, ,CFS
SHA,H,76,INFLOW,20180218,0300,3053, ,CFS
SHA,H,76,INFLOW,20180218,0400,3054, ,CFS
SHA,H,76,INFLOW,20180218,0500,9009, ,CFS
SHA,H,76,INFLOW,20180218,0600,-2792, ,CFS
SHA,H,76,INFLOW,20180218,0700,7626, ,CFS
SHA,H,76,INFLOW,20180218,0800,7651, ,CFS
SHA,H,76,INFLOW,20180218,0900,-1427, ,CFS
SHA,H,76,INFLOW,20180218,1000,4404, ,CFS
SHA,H,76,INFLOW,20180218,1100,1560, ,CFS
SHA,H,76,INFLOW,20180218,1200,19072, ,CFS
SHA,H,76,INFLOW,20180218,1300,4229, ,CFS
SHA,H,76,INFLOW,20180218,1400,-7744, ,CFS
SHA,H,76,INFLOW,20180218,1500,12972, ,CFS
SHA,H,76,INFLOW,20180218,1600,10205, ,CFS
SHA,H,76,INFLOW,20180218,1700,-9581, ,CFS
SHA,H,76,INFLOW,20180218,1800,6884, ,CFS
SHA,H,76,INFLOW,20180218,1900,13193, ,CFS
SHA,H,76,INFLOW,20180218,2000,645, ,CFS
SHA,H,76,INFLOW,20180218,2100,11814, ,CFS
SHA,H,76,INFLOW,20180218,2200,5873, ,CFS
SHA,H,76,INFLOW,20180218,2300,4286, ,CFS
SHA,H,76,INFLOW,20180219,0000,9696, ,CFS
SHA,H,76,INFLOW,20180219,0100,1568, ,CFS
SHA,H,76,INFLOW,20180219,0200,7586, ,CFS
SHA,H,76,INFLOW,20180219,0300,4116, ,CFS
SHA,H,76,INFLOW,20180219,0400,1170, ,CFS
SHA,H,76,INFLOW,20180219,0500,1441, ,CFS
SHA,H,76,INFLOW,20180219,0600,4702, ,CFS
SHA,H,76,INFLOW,20180219,0700,7460, ,CFS
SHA,H,76,INFLOW,20180219,0800,8904, ,CFS
SHA,H,76,INFLOW,20180219,0900,424, ,CFS
SHA,H,76,INFLOW,20180219,1000,5326, ,CFS
SHA,H,76,INFLOW,20180219,1100,54, ,CFS
SHA,H,76,INFLOW,20180219,1200,2343, ,CFS
SHA,H,76,INFLOW,20180219,1300,5146, ,CFS
SHA,H,76,INFLOW,20180219,1400,2493, ,CFS
SHA,H,76,INFLOW,20180219,1500,4678, ,CFS
SHA,H,76,INFLOW,20180219,1600,1538, ,CFS
SHA,H,76,INFLOW,20180219,1700,1768, ,CFS
SHA,H,76,INFLOW,20180219,1800,7852, ,CFS
SHA,H,76,INFLOW,20180219,1900,8091, ,CFS
SHA,H,76,INFLOW,20180219,2000,7894, ,CFS
SHA,H,76,INFLOW,20180219,2100,5159, ,CFS
SHA,H,76,INFLOW,20180219,2200,4814, ,CFS
SHA,H,76,INFLOW,20180219,2300,5536, ,CFS
SHA,H,76,INFLOW,20180220,0000,10966, ,CFS
SHA,H,76,INFLOW,20180220,0100,1138, ,CFS
SHA,H,76,INFLOW,20180220,0200,1231, ,CFS
SHA,H,76,INFLOW,20180220,0300,4465, ,CFS
SHA,H,76,INFLOW,20180220,0400,1519, ,CFS
SHA,H,76,INFLOW,20180220,0500,1692, ,CFS
SHA,H,76,INFLOW,20180220,0600,1852, ,CFS
SHA,H,76,INFLOW,20180220,0700,3051, ,CFS
SHA,H,76,INFLOW,20180220,0800,9393, ,CFS
SHA,H,76,INFLOW,20180220,0900,5388, ,CFS
SHA,H,76,INFLOW,20180220,1000,1961, ,CFS
SHA,H,76,INFLOW,20180220,1100,2185, ,CFS
SHA,H,76,INFLOW,20180220,1200,-1217, ,CFS
SHA,H,76,INFLOW,20180220,1300,4817, ,CFS
SHA,H,76,INFLOW,20180220,1400,1757, ,CFS
SHA,H,76,INFLOW,20180220,1500,4645, ,CFS
SHA,H,76,INFLOW,20180220,1600,-1240, ,CFS
SHA,H,76,INFLOW,20180220,1700,-459, ,CFS
SHA,H,76,INFLOW,20180220,1800,5275, ,CFS
SHA,H,76,INFLOW,20180220,1900,6833, ,CFS
SHA,H,76,INFLOW,20180220,2000,2750, ,CFS
SHA,H,76,INFLOW,20180220,2100,8415, ,CFS
SHA,H,76,INFLOW,20180220,2200,7564, ,CFS
SHA,H,76,INFLOW,20180220,2300,-302, ,CFS
SHA,H,76,INFLOW,20180221,0000,5360, ,CFS
SHA,H,76,INFLOW,20180221,0100,3338, ,CFS
SHA,H,76,INFLOW,20180221,0200,254, ,CFS
SHA,H,76,INFLOW,20180221,0300,3094, ,CFS
SHA,H,76,INFLOW,20180221,0400,173, ,CFS
SHA,H,76,INFLOW,20180221,0500,6265, ,CFS
SHA,H,76,INFLOW,20180221,0600,1461, ,CFS
SHA,H,76,INFLOW,20180221,0700,8458, ,CFS
SHA,H,76,INFLOW,20180221,0800,5515, ,CFS
SHA,H,76,INFLOW,20180221,0900,2036, ,CFS
SHA,H,76,INFLOW,20180221,1000,7644, ,CFS
SHA,H,76,INFLOW,20180221,1100,-923, ,CFS
SHA,H,76,INFLOW,20180221,1200,2021, ,CFS
SHA,H,76,INFLOW,20180221,1300,4867, ,CFS
SHA,H,76,INFLOW,20180221,1400,-1067, ,CFS
SHA,H,76,INFLOW,20180221,1500,5507, ,CFS
SHA,H,76,INFLOW,20180221,1600,2596, ,CFS
SHA,H,76,INFLOW,20180221,1700,-537, ,CFS
SHA,H,76,INFLOW,20180221,1800,7579, ,CFS
SHA,H,76,INFLOW,20180221,1900,6803, ,CFS
SHA,H,76,INFLOW,20180221,2000,7815, ,CFS
SHA,H,76,INFLOW,20180221,2100,7194, ,CFS
SHA,H,76,INFLOW,20180221,2200,6336, ,CFS
SHA,H,76,INFLOW,20180221,2300,4717, ,CFS
SHA,H,76,INFLOW,20180222,0000,4070, ,CFS
SHA,H,76,INFLOW,20180222,0100,4334, ,CFS
SHA,H,76,INFLOW,20180222,0200,4368, ,CFS
SHA,H,76,INFLOW,20180222,0300,1392, ,CFS
SHA,H,76,INFLOW,20180222,0400,4427, ,CFS
SHA,H,76,INFLOW,20180222,0500,5709, ,CFS
SHA,H,76,INFLOW,20180222,0600,307, ,CFS
SHA,H,76,INFLOW,20180222,0700,14855, ,CFS
SHA,H,76,INFLOW,20180222,0800,2851, ,CFS
SHA,H,76,INFLOW,20180222,0900,5016, ,CFS
SHA,H,76,INFLOW,20180222,1000,7635, ,CFS
SHA,H,76,INFLOW,20180222,1100,-1454, ,CFS
SHA,H,76,INFLOW,20180222,1200,-631, ,CFS
SHA,H,76,INFLOW,20180222,1300,2172, ,CFS
SHA,H,76,INFLOW,20180222,1400,2223, ,CFS
SHA,H,76,INFLOW,20180222,1500,8016, ,CFS
SHA,H,76,INFLOW,20180222,1600,-951, ,CFS
SHA,H,76,INFLOW,20180222,1700,-498, ,CFS
SHA,H,76,INFLOW,20180222,1800,8906, ,CFS
SHA,H,76,INFLOW,20180222,1900,5475, ,CFS
SHA,H,76,INFLOW,20180222,2000,8269, ,CFS
SHA,H,76,INFLOW,20180222,2100,6057, ,CFS
SHA,H,76,INFLOW,20180222,2200,6043, ,CFS
SHA,H,76,INFLOW,20180222,2300,5874, ,CFS
SHA,H,76,INFLOW,20180223,0000,8668, ,CFS
SHA,H,76,INFLOW,20180223,0100,203, ,CFS
SHA,H,76,INFLOW,20180223,0200,3030, ,CFS
SHA,H,76,INFLOW,20180223,0300,6005, ,CFS
SHA,H,76,INFLOW,20180223,0400,54, ,CFS
SHA,H,76,INFLOW,20180223,0500,3030, ,CFS
SHA,H,76,INFLOW,20180223,0600,6180, ,CFS
SHA,H,76,INFLOW,20180223,0700,6378, ,CFS
SHA,H,76,INFLOW,20180223,0800,8887, ,CFS
SHA,H,76,INFLOW,20180223,0900,2874, ,CFS
SHA,H,76,INFLOW,20180223,1000,5477, ,CFS
SHA,H,76,INFLOW,20180223,1100,-937, ,CFS
SHA,H,76,INFLOW,20180223,1200,4945, ,CFS
SHA,H,76,INFLOW,20180223,1300,1848, ,CFS
SHA,H,76,INFLOW,20180223,1400,-1330, ,CFS
SHA,H,76,INFLOW,20180223,1500,4615, ,CFS
SHA,H,76,INFLOW,20180223,1600,1789, ,CFS
SHA,H,76,INFLOW,20180223,1700,2084, ,CFS
SHA,H,76,INFLOW,20180223,1800,7505, ,CFS
SHA,H,76,INFLOW,20180223,1900,5585, ,CFS
SHA,H,76,INFLOW,20180223,2000,8750, ,CFS
SHA,H,76,INFLOW,20180223,2100,7838, ,CFS
SHA,H,76,INFLOW,20180223,2200,4584, ,CFS
SHA,H,76,INFLOW,20180223,2300,9770, ,CFS
SHA,H,76,INFLOW,20180224,0000,3067, ,CFS
SHA,H,76,INFLOW,20180224,0100,3026, ,CFS
SHA,H,76,INFLOW,20180224,0200,6002, ,CFS
SHA,H,76,INFLOW,20180224,0300,8987, ,CFS
SHA,H,76,INFLOW,20180224,0400,6016, ,CFS
SHA,H,76,INFLOW,20180224,0500,3028, ,CFS
SHA,H,76,INFLOW,20180224,0600,3031, ,CFS
SHA,H,76,INFLOW,20180224,0700,6000, ,CFS
SHA,H,76,INFLOW,20180224,0800,5992, ,CFS
SHA,H,76,INFLOW,20180224,0900,42, ,CFS
SHA,H,76,INFLOW,20180224,1000,3023, ,CFS
SHA,H,76,INFLOW,20180224,1100,53, ,CFS
SHA,H,76,INFLOW,20180224,1200,8975, ,CFS
SHA,H,76,INFLOW,20180224,1300,-5905, ,CFS
SHA,H,76,INFLOW,20180224,1400,6080, ,CFS
SHA,H,76,INFLOW,20180224,1500,1484, ,CFS
SHA,H,76,INFLOW,20180224,1600,1552, ,CFS
SHA,H,76,INFLOW,20180224,1700,2702, ,CFS
SHA,H,76,INFLOW,20180224,1800,8884, ,CFS
SHA,H,76,INFLOW,20180224,1900,1338, ,CFS
SHA,H,76,INFLOW,20180224,2000,10414, ,CFS
SHA,H,76,INFLOW,20180224,2100,6821, ,CFS
SHA,H,76,INFLOW,20180224,2200,5968, ,CFS
SHA,H,76,INFLOW,20180224,2300,7457, ,CFS
SHA,H,76,INFLOW,20180225,0000,3212, ,CFS
SHA,H,76,INFLOW,20180225,0100,4798, ,CFS
SHA,H,76,INFLOW,20180225,0200,1652, ,CFS
SHA,H,76,INFLOW,20180225,0300,10577, ,CFS
SHA,H,76,INFLOW,20180225,0400,1658, ,CFS
SHA,H,76,INFLOW,20180225,0500,7718, ,CFS
SHA,H,76,INFLOW,20180225,0600,8776, ,CFS
SHA,H,76,INFLOW,20180225,0700,5754, ,CFS
SHA,H,76,INFLOW,20180225,0800,5759, ,CFS
SHA,H,76,INFLOW,20180225,0900,1451, ,CFS
SHA,H,76,INFLOW,20180225,1000,694, ,CFS
SHA,H,76,INFLOW,20180225,1100,100, ,CFS
SHA,H,76,INFLOW,20180225,1200,6003, ,CFS
SHA,H,76,INFLOW,20180225,1300,-2929, ,CFS
SHA,H,76,INFLOW,20180225,1400,11980, ,CFS
SHA,H,76,INFLOW,20180225,1500,6031, ,CFS
SHA,H,76,INFLOW,20180225,1600,3051, ,CFS
SHA,H,76,INFLOW,20180225,1700,-2376, ,CFS
SHA,H,76,INFLOW,20180225,1800,7047, ,CFS
SHA,H,76,INFLOW,20180225,1900,-1145, ,CFS
SHA,H,76,INFLOW,20180225,2000,13046, ,CFS
SHA,H,76,INFLOW,20180225,2100,2308, ,CFS
SHA,H,76,INFLOW,20180225,2200,7117, ,CFS
SHA,H,76,INFLOW,20180225,2300,9748, ,CFS
SHA,H,76,INFLOW,20180226,0000,2624, ,CFS
SHA,H,76,INFLOW,20180226,0100,9140, ,CFS
SHA,H,76,INFLOW,20180226,0200,3037, ,CFS
SHA,H,76,INFLOW,20180226,0300,47, ,CFS
SHA,H,76,INFLOW,20180226,0400,9019, ,CFS
SHA,H,76,INFLOW,20180226,0500,-2944, ,CFS
SHA,H,76,INFLOW,20180226,0600,3586, ,CFS
SHA,H,76,INFLOW,20180226,0700,6722, ,CFS
SHA,H,76,INFLOW,20180226,0800,2931, ,CFS
SHA,H,76,INFLOW,20180226,0900,6496, ,CFS
SHA,H,76,INFLOW,20180226,1000,3104, ,CFS
SHA,H,76,INFLOW,20180226,1100,3525, ,CFS
SHA,H,76,INFLOW,20180226,1200,-886, ,CFS
SHA,H,76,INFLOW,20180226,1300,5271, ,CFS
SHA,H,76,INFLOW,20180226,1400,-584, ,CFS
SHA,H,76,INFLOW,20180226,1500,2542, ,CFS
SHA,H,76,INFLOW,20180226,1600,2387, ,CFS
SHA,H,76,INFLOW,20180226,1700,580, ,CFS
SHA,H,76,INFLOW,20180226,1800,1669, ,CFS
SHA,H,76,INFLOW,20180226,1900,11142, ,CFS
SHA,H,76,INFLOW,20180226,2000,5392, ,CFS
SHA,H,76,INFLOW,20180226,2100,3940, ,CFS
SHA,H,76,INFLOW,20180226,2200,16474, ,CFS
SHA,H,76,INFLOW,20180226,2300,-8698, ,CFS
SHA,H,76,INFLOW,20180227,0000,6021, ,CFS
SHA,H,76,INFLOW,20180227,0100,3230, ,CFS
SHA,H,76,INFLOW,20180227,0200,62, ,CFS
SHA,H,76,INFLOW,20180227,0300,9021, ,CFS
SHA,H,76,INFLOW,20180227,0400,-2762, ,CFS
SHA,H,76,INFLOW,20180227,0500,3601, ,CFS
SHA,H,76,INFLOW,20180227,0600,-334, ,CFS
SHA,H,76,INFLOW,20180227,0700,6516, ,CFS
SHA,H,76,INFLOW,20180227,0800,4831, ,CFS
SHA,H,76,INFLOW,20180227,0900,6822, ,CFS
SHA,H,76,INFLOW,20180227,1000,193, ,CFS
SHA,H,76,INFLOW,20180227,1100,2124, ,CFS
SHA,H,76,INFLOW,20180227,1200,2064, ,CFS
SHA,H,76,INFLOW,20180227,1300,-1203, ,CFS
SHA,H,76,INFLOW,20180227,1400,7831, ,CFS
SHA,H,76,INFLOW,20180227,1500,-1176, ,CFS
SHA,H,76,INFLOW,20180227,1600,1660, ,CFS
SHA,H,76,INFLOW,20180227,1700,4511, ,CFS
SHA,H,76,INFLOW,20180227,1800,-2354, ,CFS
SHA,H,76,INFLOW,20180227,1900,9498, ,CFS
SHA,H,76,INFLOW,20180227,2000,9678, ,CFS
SHA,H,76,INFLOW,20180227,2100,2897, ,CFS
SHA,H,76,INFLOW,20180227,2200,8389, ,CFS
SHA,H,76,INFLOW,20180227,2300,4254, ,CFS
SHA,H,76,INFLOW,20180228,0000,6416, ,CFS
SHA,H,76,INFLOW,20180228,0100,84, ,CFS
SHA,H,76,INFLOW,20180228,0200,3052, ,CFS
SHA,H,76,INFLOW,20180228,0300,3051, ,CFS
SHA,H,76,INFLOW,20180228,0400,61, ,CFS
SHA,H,76,INFLOW,20180228,0500,3052, ,CFS
SHA,H,76,INFLOW,20180228,0600,361, ,CFS
SHA,H,76,INFLOW,20180228,0700,8506, ,CFS
SHA,H,76,INFLOW,20180228,0800,5305, ,CFS
SHA,H,76,INFLOW,20180228,0900,3255, ,CFS
SHA,H,76,INFLOW,20180228,1000,9015, ,CFS
SHA,H,76,INFLOW,20180228,1100,-1063, ,CFS
SHA,H,76,INFLOW,20180228,1200,1762, ,CFS
SHA,H,76,INFLOW,20180228,1300,7562, ,CFS
SHA,H,76,INFLOW,20180228,1400,-1281, ,CFS
SHA,H,76,INFLOW,20180228,1500,4707, ,CFS
SHA,H,76,INFLOW,20180228,1600,-305, ,CFS
SHA,H,76,INFLOW,20180228,1700,1785, ,CFS
SHA,H,76,INFLOW,20180228,1800,3229, ,CFS
SHA,H,76,INFLOW,20180228,1900,7182, ,CFS
SHA,H,76,INFLOW,20180228,2000,9764, ,CFS
SHA,H,76,INFLOW,20180228,2100,12413, ,CFS
SHA,H,76,INFLOW,20180228,2200,6407, ,CFS
SHA,H,76,INFLOW,20180228,2300,12038, ,CFS
SHA,H,76,INFLOW,20180301,0000,6057, ,CFS
SHA,H,76,INFLOW,20180301,0100,12038, ,CFS
SHA,H,76,INFLOW,20180301,0200,15029, ,CFS
SHA,H,76,INFLOW,20180301,0300,76, ,CFS
SHA,H,76,INFLOW,20180301,0400,6057, ,CFS
SHA,H,76,INFLOW,20180301,0500,9048, ,CFS
SHA,H,76,INFLOW,20180301,0600,6567, ,CFS
SHA,H,76,INFLOW,20180301,0700,17910, ,CFS
SHA,H,76,INFLOW,20180301,0800,8477, ,CFS
SHA,H,76,INFLOW,20180301,0900,18387, ,CFS
SHA,H,76,INFLOW,20180301,1000,12265, ,CFS
SHA,H,76,INFLOW,20180301,1100,3671, ,CFS
SHA,H,76,INFLOW,20180301,1200,25942, ,CFS
SHA,H,76,INFLOW,20180301,1300,1622, ,CFS
SHA,H,76,INFLOW,20180301,1400,3838, ,CFS
SHA,H,76,INFLOW,20180301,1500,9893, ,CFS
SHA,H,76,INFLOW,20180301,1600,956, ,CFS
SHA,H,76,INFLOW,20180301,1700,10253, ,CFS
SHA,H,76,INFLOW,20180301,1800,3243, ,CFS
SHA,H,76,INFLOW,20180301,1900,5228, ,CFS
SHA,H,76,INFLOW,20180301,2000,8166, ,CFS
SHA,H,76,INFLOW,20180301,2100,12436, ,CFS
SHA,H,76,INFLOW,20180301,2200,15362, ,CFS
SHA,H,76,INFLOW,20180301,2300,-2892, ,CFS
SHA,H,76,INFLOW,20180302,0000,12242, ,CFS
SHA,H,76,INFLOW,20180302,0100,6314, ,CFS
SHA,H,76,INFLOW,20180302,0200,256, ,CFS
SHA,H,76,INFLOW,20180302,0300,12301, ,CFS
SHA,H,76,INFLOW,20180302,0400,-2108, ,CFS
SHA,H,76,INFLOW,20180302,0500,9857, ,CFS
SHA,H,76,INFLOW,20180302,0600,3512, ,CFS
SHA,H,76,INFLOW,20180302,0700,3949, ,CFS
SHA,H,76,INFLOW,20180302,0800,12110, ,CFS
SHA,H,76,INFLOW,20180302,0900,2862, ,CFS
SHA,H,76,INFLOW,20180302,1000,8808, ,CFS
SHA,H,76,INFLOW,20180302,1100,5909, ,CFS
SHA,H,76,INFLOW,20180302,1200,2920, ,CFS
SHA,H,76,INFLOW,20180302,1300,8609, ,CFS
SHA,H,76,INFLOW,20180302,1400,-218, ,CFS
SHA,H,76,INFLOW,20180302,1500,2882, ,CFS
SHA,H,76,INFLOW,20180302,1600,5767, ,CFS
SHA,H,76,INFLOW,20180302,1700,2694, ,CFS
SHA,H,76,INFLOW,20180302,1800,8663, ,CFS
SHA,H,76,INFLOW,20180302,1900,14181, ,CFS
SHA,H,76,INFLOW,20180302,2000,5061, ,CFS
SHA,H,76,INFLOW,20180302,2100,9991, ,CFS
SHA,H,76,INFLOW,20180302,2200,9395, ,CFS
SHA,H,76,INFLOW,20180302,2300,98, ,CFS
SHA,H,76,INFLOW,20180303,0000,15146, ,CFS
SHA,H,76,INFLOW,20180303,0100,-911, ,CFS
SHA,H,76,INFLOW,20180303,0200,5177, ,CFS
SHA,H,76,INFLOW,20180303,0300,8062, ,CFS
SHA,H,76,INFLOW,20180303,0400,-825, ,CFS
SHA,H,76,INFLOW,20180303,0500,5256, ,CFS
SHA,H,76,INFLOW,20180303,0600,3786, ,CFS
SHA,H,76,INFLOW,20180303,0700,4891, ,CFS
SHA,H,76,INFLOW,20180303,0800,8349, ,CFS
SHA,H,76,INFLOW,20180303,0900,8379, ,CFS
SHA,H,76,INFLOW,20180303,1000,2686, ,CFS
SHA,H,76,INFLOW,20180303,1100,5764, ,CFS
SHA,H,76,INFLOW,20180303,1200,5526, ,CFS
SHA,H,76,INFLOW,20180303,1300,-122, ,CFS
SHA,H,76,INFLOW,20180303,1400,5710, ,CFS
SHA,H,76,INFLOW,20180303,1500,5578, ,CFS
SHA,H,76,INFLOW,20180303,1600,2383, ,CFS
SHA,H,76,INFLOW,20180303,1700,1752, ,CFS
SHA,H,76,INFLOW,20180303,1800,2030, ,CFS
SHA,H,76,INFLOW,20180303,1900,14371, ,CFS
SHA,H,76,INFLOW,20180303,2000,-537, ,CFS
SHA,H,76,INFLOW,20180303,2100,10848, ,CFS
SHA,H,76,INFLOW,20180303,2200,8484, ,CFS
SHA,H,76,INFLOW,20180303,2300,-141, ,CFS
SHA,H,76,INFLOW,20180304,0000,10965, ,CFS
SHA,H,76,INFLOW,20180304,0100,1482, ,CFS
SHA,H,76,INFLOW,20180304,0200,7459, ,CFS
SHA,H,76,INFLOW,20180304,0300,7374, ,CFS
SHA,H,76,INFLOW,20180304,0400,4501, ,CFS
SHA,H,76,INFLOW,20180304,0500,5228, ,CFS
SHA,H,76,INFLOW,20180304,0600,3695, ,CFS
SHA,H,76,INFLOW,20180304,0700,5985, ,CFS
SHA,H,76,INFLOW,20180304,0800,6680, ,CFS
SHA,H,76,INFLOW,20180304,0900,6274, ,CFS
SHA,H,76,INFLOW,20180304,1000,3387, ,CFS
SHA,H,76,INFLOW,20180304,1100,3173, ,CFS
SHA,H,76,INFLOW,20180304,1200,5982, ,CFS
SHA,H,76,INFLOW,20180304,1300,3428, ,CFS
SHA,H,76,INFLOW,20180304,1400,-151, ,CFS
SHA,H,76,INFLOW,20180304,1500,5907, ,CFS
SHA,H,76,INFLOW,20180304,1600,-129, ,CFS
SHA,H,76,INFLOW,20180304,1700,6443, ,CFS
SHA,H,76,INFLOW,20180304,1800,807, ,CFS
SHA,H,76,INFLOW,20180304,1900,11976, ,CFS
SHA,H,76,INFLOW,20180304,2000,6506, ,CFS
SHA,H,76,INFLOW,20180304,2100,8638, ,CFS
SHA,H,76,INFLOW,20180304,2200,6405, ,CFS
SHA,H,76,INFLOW,20180304,2300,9265, ,CFS
SHA,H,76,INFLOW,20180305,0000,6199, ,CFS
SHA,H,76,INFLOW,20180305,0100,3225, ,CFS
SHA,H,76,INFLOW,20180305,0200,6432, ,CFS
SHA,H,76,INFLOW,20180305,0300,6423, ,CFS
SHA,H,76,INFLOW,20180305,0400,591, ,CFS
SHA,H,76,INFLOW,20180305,0500,9614, ,CFS
SHA,H,76,INFLOW,20180305,0600,1143, ,CFS
SHA,H,76,INFLOW,20180305,0700,9740, ,CFS
SHA,H,76,INFLOW,20180305,0800,5408, ,CFS
SHA,H,76,INFLOW,20180305,0900,5938, ,CFS
SHA,H,76,INFLOW,20180305,1000,2832, ,CFS
SHA,H,76,INFLOW,20180305,1100,-22, ,CFS
SHA,H,76,INFLOW,20180305,1200,2341, ,CFS
SHA,H,76,INFLOW,20180305,1300,2780, ,CFS
SHA,H,76,INFLOW,20180305,1400,-238, ,CFS
SHA,H,76,INFLOW,20180305,1500,5154, ,CFS
SHA,H,76,INFLOW,20180305,1600,2197, ,CFS
SHA,H,76,INFLOW,20180305,1700,2564, ,CFS
SHA,H,76,INFLOW,20180305,1800,5307, ,CFS
SHA,H,76,INFLOW,20180305,1900,9448, ,CFS
SHA,H,76,INFLOW,20180305,2000,6351, ,CFS
SHA,H,76,INFLOW,20180305,2100,6127, ,CFS
SHA,H,76,INFLOW,20180305,2200,7770, ,CFS
SHA,H,76,INFLOW,20180305,2300,8026, ,CFS
SHA,H,76,INFLOW,20180306,0000,7559, ,CFS
SHA,H,76,INFLOW,20180306,0100,2173, ,CFS
SHA,H,76,INFLOW,20180306,0200,5079, ,CFS
SHA,H,76,INFLOW,20180306,0300,4902, ,CFS
SHA,H,76,INFLOW,20180306,0400,1616, ,CFS
SHA,H,76,INFLOW,20180306,0500,1824, ,CFS
SHA,H,76,INFLOW,20180306,0600,3016, ,CFS
SHA,H,76,INFLOW,20180306,0700,7929, ,CFS
SHA,H,76,INFLOW,20180306,0800,8288, ,CFS
SHA,H,76,INFLOW,20180306,0900,5226, ,CFS
SHA,H,76,INFLOW,20180306,1000,252, ,CFS
SHA,H,76,INFLOW,20180306,1100,3025, ,CFS
SHA,H,76,INFLOW,20180306,1200,2683, ,CFS
SHA,H,76,INFLOW,20180306,1300,2449, ,CFS
SHA,H,76,INFLOW,20180306,1400,2560, ,CFS
SHA,H,76,INFLOW,20180306,1500,2744, ,CFS
SHA,H,76,INFLOW,20180306,1600,2734, ,CFS
SHA,H,76,INFLOW,20180306,1700,2866, ,CFS
SHA,H,76,INFLOW,20180306,1800,3183, ,CFS
SHA,H,76,INFLOW,20180306,1900,9603, ,CFS
SHA,H,76,INFLOW,20180306,2000,7134, ,CFS
SHA,H,76,INFLOW,20180306,2100,9593, ,CFS
SHA,H,76,INFLOW,20180306,2200,6497, ,CFS
SHA,H,76,INFLOW,20180306,2300,8516, ,CFS
SHA,H,76,INFLOW,20180307,0000,7930, ,CFS
SHA,H,76,INFLOW,20180307,0100,2084, ,CFS
SHA,H,76,INFLOW,20180307,0200,-1034, ,CFS
SHA,H,76,INFLOW,20180307,0300,4848, ,CFS
SHA,H,76,INFLOW,20180307,0400,1930, ,CFS
SHA,H,76,INFLOW,20180307,0500,2290, ,CFS
SHA,H,76,INFLOW,20180307,0600,3110, ,CFS
SHA,H,76,INFLOW,20180307,0700,12731, ,CFS
SHA,H,76,INFLOW,20180307,0800,3552, ,CFS
SHA,H,76,INFLOW,20180307,0900,8133, ,CFS
SHA,H,76,INFLOW,20180307,1000,-1141, ,CFS
SHA,H,76,INFLOW,20180307,1100,8415, ,CFS
SHA,H,76,INFLOW,20180307,1200,-485, ,CFS
SHA,H,76,INFLOW,20180307,1300,3188, ,CFS
SHA,H,76,INFLOW,20180307,1400,2903, ,CFS
SHA,H,76,INFLOW,20180307,1500,6058, ,CFS
SHA,H,76,INFLOW,20180307,1600,6157, ,CFS
SHA,H,76,INFLOW,20180307,1700,-2854, ,CFS
SHA,H,76,INFLOW,20180307,1800,10082, ,CFS
SHA,H,76,INFLOW,20180307,1900,7583, ,CFS
SHA,H,76,INFLOW,20180307,2000,4855, ,CFS
SHA,H,76,INFLOW,20180307,2100,9599, ,CFS
SHA,H,76,INFLOW,20180307,2200,7288, ,CFS
SHA,H,76,INFLOW,20180307,2300,8393, ,CFS
SHA,H,76,INFLOW,20180308,0000,7937, ,CFS
SHA,H,76,INFLOW,20180308,0100,-3892, ,CFS
SHA,H,76,INFLOW,20180308,0200,7907, ,CFS
SHA,H,76,INFLOW,20180308,0300,7665, ,CFS
SHA,H,76,INFLOW,20180308,0400,1807, ,CFS
SHA,H,76,INFLOW,20180308,0500,11090, ,CFS
SHA,H,76,INFLOW,20180308,0600,2980, ,CFS
SHA,H,76,INFLOW,20180308,0700,3011, ,CFS
SHA,H,76,INFLOW,20180308,0800,11475, ,CFS
SHA,H,76,INFLOW,20180308,0900,2012, ,CFS
SHA,H,76,INFLOW,20180308,1000,13996, ,CFS
SHA,H,76,INFLOW,20180308,1100,2423, ,CFS
SHA,H,76,INFLOW,20180308,1200,-231, ,CFS
SHA,H,76,INFLOW,20180308,1300,8803, ,CFS
SHA,H,76,INFLOW,20180308,1400,-3122, ,CFS
SHA,H,76,INFLOW,20180308,1500,5499, ,CFS
SHA,H,76,INFLOW,20180308,1600,5312, ,CFS
SHA,H,76,INFLOW,20180308,1700,2755, ,CFS
SHA,H,76,INFLOW,20180308,1800,4115, ,CFS
SHA,H,76,INFLOW,20180308,1900,9752, ,CFS
SHA,H,76,INFLOW,20180308,2000,9917, ,CFS
SHA,H,76,INFLOW,20180308,2100,6246, ,CFS
SHA,H,76,INFLOW,20180308,2200,6815, ,CFS
SHA,H,76,INFLOW,20180308,2300,2719, ,CFS
SHA,H,76,INFLOW,20180309,0000,8317, ,CFS
SHA,H,76,INFLOW,20180309,0100,5012, ,CFS
SHA,H,76,INFLOW,20180309,0200,4792, ,CFS
SHA,H,76,INFLOW,20180309,0300,5196, ,CFS
SHA,H,76,INFLOW,20180309,0400,-888, ,CFS
SHA,H,76,INFLOW,20180309,0500,5476, ,CFS
SHA,H,76,INFLOW,20180309,0600,6367, ,CFS
SHA,H,76,INFLOW,20180309,0700,621, ,CFS
SHA,H,76,INFLOW,20180309,0800,9123, ,CFS
SHA,H,76,INFLOW,20180309,0900,5963, ,CFS
SHA,H,76,INFLOW,20180309,1000,5080, ,CFS
SHA,H,76,INFLOW,20180309,1100,3155, ,CFS
SHA,H,76,INFLOW,20180309,1200,3041, ,CFS
SHA,H,76,INFLOW,20180309,1300,2979, ,CFS
SHA,H,76,INFLOW,20180309,1400,6011, ,CFS
SHA,H,76,INFLOW,20180309,1500,3718, ,CFS
SHA,H,76,INFLOW,20180309,1600,1156, ,CFS
SHA,H,76,INFLOW,20180309,1700,7476, ,CFS
SHA,H,76,INFLOW,20180309,1800,6461, ,CFS
SHA,H,76,INFLOW,20180309,1900,6187, ,CFS
SHA,H,76,INFLOW,20180309,2000,12143, ,CFS
SHA,H,76,INFLOW,20180309,2100,5908, ,CFS
SHA,H,76,INFLOW,20180309,2200,7789, ,CFS
SHA,H,76,INFLOW,20180309,2300,8867, ,CFS
SHA,H,76,INFLOW,20180310,0000,-298, ,CFS
SHA,H,76,INFLOW,20180310,0100,4859, ,CFS
SHA,H,76,INFLOW,20180310,0200,7700, ,CFS
SHA,H,76,INFLOW,20180310,0300,5151, ,CFS
SHA,H,76,INFLOW,20180310,0400,5034, ,CFS
SHA,H,76,INFLOW,20180310,0500,5159, ,CFS
SHA,H,76,INFLOW,20180310,0600,2405, ,CFS
SHA,H,76,INFLOW,20180310,0700,6621, ,CFS
SHA,H,76,INFLOW,20180310,0800,9732, ,CFS
SHA,H,76,INFLOW,20180310,0900,803, ,CFS
SHA,H,76,INFLOW,20180310,1000,3830, ,CFS
SHA,H,76,INFLOW,20180310,1100,6372, ,CFS
SHA,H,76,INFLOW,20180310,1200,3252, ,CFS
SHA,H,76,INFLOW,20180310,1300,6286, ,CFS
SHA,H,76,INFLOW,20180310,1400,115, ,CFS
SHA,H,76,INFLOW,20180310,1500,8779, ,CFS
SHA,H,76,INFLOW,20180310,1600,4382, ,CFS
SHA,H,76,INFLOW,20180310,1700,4725, ,CFS
SHA,H,76,INFLOW,20180310,1800,5631, ,CFS
SHA,H,76,INFLOW,20180310,1900,11394, ,CFS
SHA,H,76,INFLOW,20180310,2000,8409, ,CFS
SHA,H,76,INFLOW,20180310,2100,6558, ,CFS
SHA,H,76,INFLOW,20180310,2200,6436, ,CFS
SHA,H,76,INFLOW,20180310,2300,9466, ,CFS
SHA,H,76,INFLOW,20180311,0000,5726, ,CFS
SHA,H,76,INFLOW,20180311,0100,---, ,CFS
SHA,H,76,INFLOW,20180311,0300,---, ,CFS
SHA,H,76,INFLOW,20180311,0400,5606, ,CFS
SHA,H,76,INFLOW,20180311,0500,8934, ,CFS
SHA,H,76,INFLOW,20180311,0600,5950, ,CFS
SHA,H,76,INFLOW,20180311,0700,9220, ,CFS
SHA,H,76,INFLOW,20180311,0800,8859, ,CFS
SHA,H,76,INFLOW,20180311,0900,-112, ,CFS
SHA,H,76,INFLOW,20180311,1000,2233, ,CFS
SHA,H,76,INFLOW,20180311,1100,2248, ,CFS
SHA,H,76,INFLOW,20180311,1200,2236, ,CFS
SHA,H,76,INFLOW,20180311,1300,5388, ,CFS
SHA,H,76,INFLOW,20180311,1400,5052, ,CFS
SHA,H,76,INFLOW,20180311,1500,1986, ,CFS
SHA,H,76,INFLOW,20180311,1600,9246, ,CFS
SHA,H,76,INFLOW,20180311,1700,3089, ,CFS
SHA,H,76,INFLOW,20180311,1800,3443, ,CFS
SHA,H,76,INFLOW,20180311,1900,15299, ,CFS
SHA,H,76,INFLOW,20180311,2000,6238, ,CFS
SHA,H,76,INFLOW,20180311,2100,9988, ,CFS
SHA,H,76,INFLOW,20180311,2200,9578, ,CFS
SHA,H,76,INFLOW,20180311,2300,4652, ,CFS
SHA,H,76,INFLOW,20180312,0000,10214, ,CFS
SHA,H,76,INFLOW,20180312,0100,8091, ,CFS
SHA,H,76,INFLOW,20180312,0200,2010, ,CFS
SHA,H,76,INFLOW,20180312,0300,7890, ,CFS
SHA,H,76,INFLOW,20180312,0400,4947, ,CFS
SHA,H,76,INFLOW,20180312,0500,5300, ,CFS
SHA,H,76,INFLOW,20180312,0600,5416, ,CFS
SHA,H,76,INFLOW,20180312,0700,12620, ,CFS
SHA,H,76,INFLOW,20180312,0800,3674, ,CFS
SHA,H,76,INFLOW,20180312,0900,5589, ,CFS
SHA,H,76,INFLOW,20180312,1000,5614, ,CFS
SHA,H,76,INFLOW,20180312,1100,5267, ,CFS
SHA,H,76,INFLOW,20180312,1200,2253, ,CFS
SHA,H,76,INFLOW,20180312,1300,2296, ,CFS
SHA,H,76,INFLOW,20180312,1400,5213, ,CFS
SHA,H,76,INFLOW,20180312,1500,2068, ,CFS
SHA,H,76,INFLOW,20180312,1600,5232, ,CFS
SHA,H,76,INFLOW,20180312,1700,2192, ,CFS
SHA,H,76,INFLOW,20180312,1800,7114, ,CFS
SHA,H,76,INFLOW,20180312,1900,11079, ,CFS
SHA,H,76,INFLOW,20180312,2000,6135, ,CFS
SHA,H,76,INFLOW,20180312,2100,8195, ,CFS
SHA,H,76,INFLOW,20180312,2200,12548, ,CFS
SHA,H,76,INFLOW,20180312,2300,14932, ,CFS
SHA,H,76,INFLOW,20180313,0000,8707, ,CFS
SHA,H,76,INFLOW,20180313,0100,5770, ,CFS
SHA,H,76,INFLOW,20180313,0200,2412, ,CFS
SHA,H,76,INFLOW,20180313,0300,5305, ,CFS
SHA,H,76,INFLOW,20180313,0400,2295, ,CFS
SHA,H,76,INFLOW,20180313,0500,8504, ,CFS
SHA,H,76,INFLOW,20180313,0600,2495, ,CFS
SHA,H,76,INFLOW,20180313,0700,9272, ,CFS
SHA,H,76,INFLOW,20180313,0800,9636, ,CFS
SHA,H,76,INFLOW,20180313,0900,14512, ,CFS
SHA,H,76,INFLOW,20180313,1000,316, ,CFS
SHA,H,76,INFLOW,20180313,1100,18309, ,CFS
SHA,H,76,INFLOW,20180313,1200,8812, ,CFS
SHA,H,76,INFLOW,20180313,1300,8680, ,CFS
SHA,H,76,INFLOW,20180313,1400,14464, ,CFS
SHA,H,76,INFLOW,20180313,1500,8503, ,CFS
SHA,H,76,INFLOW,20180313,1600,2341, ,CFS
SHA,H,76,INFLOW,20180313,1700,11470, ,CFS
SHA,H,76,INFLOW,20180313,1800,18810, ,CFS
SHA,H,76,INFLOW,20180313,1900,12599, ,CFS
SHA,H,76,INFLOW,20180313,2000,24110, ,CFS
SHA,H,76,INFLOW,20180313,2100,12756, ,CFS
SHA,H,76,INFLOW,20180313,2200,22554, ,CFS
SHA,H,76,INFLOW,20180313,2300,17936, ,CFS
SHA,H,76,INFLOW,20180314,0000,17835, ,CFS
SHA,H,76,INFLOW,20180314,0100,10546, ,CFS
SHA,H,76,INFLOW,20180314,0200,22738, ,CFS
SHA,H,76,INFLOW,20180314,0300,16450, ,CFS
SHA,H,76,INFLOW,20180314,0400,16258, ,CFS
SHA,H,76,INFLOW,20180314,0500,16418, ,CFS
SHA,H,76,INFLOW,20180314,0600,16152, ,CFS
SHA,H,76,INFLOW,20180314,0700,14790, ,CFS
SHA,H,76,INFLOW,20180314,0800,17722, ,CFS
SHA,H,76,INFLOW,20180314,0900,15354, ,CFS
SHA,H,76,INFLOW,20180314,1000,6112, ,CFS
SHA,H,76,INFLOW,20180314,1100,18256, ,CFS
SHA,H,76,INFLOW,20180314,1200,15220, ,CFS
SHA,H,76,INFLOW,20180314,1300,12184, ,CFS
SHA,H,76,INFLOW,20180314,1400,12199, ,CFS
SHA,H,76,INFLOW,20180314,1500,9192, ,CFS
SHA,H,76,INFLOW,20180314,1600,9193, ,CFS
SHA,H,76,INFLOW,20180314,1700,15286, ,CFS
SHA,H,76,INFLOW,20180314,1800,9185, ,CFS
SHA,H,76,INFLOW,20180314,1900,15371, ,CFS
SHA,H,76,INFLOW,20180314,2000,13779, ,CFS
SHA,H,76,INFLOW,20180314,2100,16915, ,CFS
SHA,H,76,INFLOW,20180314,2200,14816, ,CFS
SHA,H,76,INFLOW,20180314,2300,11613, ,CFS
SHA,H,76,INFLOW,20180315,0000,17233, ,CFS
SHA,H,76,INFLOW,20180315,0100,7248, ,CFS
SHA,H,76,INFLOW,20180315,0200,10401, ,CFS
SHA,H,76,INFLOW,20180315,0300,13521, ,CFS
SHA,H,76,INFLOW,20180315,0400,7971, ,CFS
SHA,H,76,INFLOW,20180315,0500,14261, ,CFS
SHA,H,76,INFLOW,20180315,0600,13907, ,CFS
SHA,H,76,INFLOW,20180315,0700,13754, ,CFS
SHA,H,76,INFLOW,20180315,0800,18099, ,CFS
SHA,H,76,INFLOW,20180315,0900,11840, ,CFS
SHA,H,76,INFLOW,20180315,1000,14372, ,CFS
SHA,H,76,INFLOW,20180315,1100,11626, ,CFS
SHA,H,76,INFLOW,20180315,1200,11819, ,CFS
SHA,H,76,INFLOW,20180315,1300,14937, ,CFS
SHA,H,76,INFLOW,20180315,1400,18006, ,CFS
SHA,H,76,INFLOW,20180315,1500,24364, ,CFS
SHA,H,76,INFLOW,20180315,1600,18335, ,CFS
SHA,H,76,INFLOW,20180315,1700,24172, ,CFS
SHA,H,76,INFLOW,20180315,1800,23585, ,CFS
SHA,H,76,INFLOW,20180315,1900,19917, ,CFS
SHA,H,76,INFLOW,20180315,2000,21575, ,CFS
SHA,H,76,INFLOW,20180315,2100,18531, ,CFS
SHA,H,76,INFLOW,20180315,2200,15009, ,CFS
SHA,H,76,INFLOW,20180315,2300,2656, ,CFS
SHA,H,76,INFLOW,20180316,0000,17763, ,CFS
SHA,H,76,INFLOW,20180316,0100,11432, ,CFS
SHA,H,76,INFLOW,20180316,0200,7804, ,CFS
SHA,H,76,INFLOW,20180316,0300,23106, ,CFS
SHA,H,76,INFLOW,20180316,0400,10892, ,CFS
SHA,H,76,INFLOW,20180316,0500,14187, ,CFS
SHA,H,76,INFLOW,20180316,0600,14143, ,CFS
SHA,H,76,INFLOW,20180316,0700,5320, ,CFS
SHA,H,76,INFLOW,20180316,0800,15895, ,CFS
SHA,H,76,INFLOW,20180316,0900,12694, ,CFS
SHA,H,76,INFLOW,20180316,1000,9073, ,CFS
SHA,H,76,INFLOW,20180316,1100,11485, ,CFS
SHA,H,76,INFLOW,20180316,1200,14180, ,CFS
SHA,H,76,INFLOW,20180316,1300,10719, ,CFS
SHA,H,76,INFLOW,20180316,1400,18541, ,CFS
SHA,H,76,INFLOW,20180316,1500,9230, ,CFS
SHA,H,76,INFLOW,20180316,1600,12296, ,CFS
SHA,H,76,INFLOW,20180316,1700,12312, ,CFS
SHA,H,76,INFLOW,20180316,1800,6421, ,CFS
SHA,H,76,INFLOW,20180316,1900,16813, ,CFS
SHA,H,76,INFLOW,20180316,2000,11347, ,CFS
SHA,H,76,INFLOW,20180316,2100,13430, ,CFS
SHA,H,76,INFLOW,20180316,2200,13462, ,CFS
SHA,H,76,INFLOW,20180316,2300,11274, ,CFS
SHA,H,76,INFLOW,20180317,0000,11286, ,CFS
SHA,H,76,INFLOW,20180317,0100,14381, ,CFS
SHA,H,76,INFLOW,20180317,0200,8155, ,CFS
SHA,H,76,INFLOW,20180317,0300,11078, ,CFS
SHA,H,76,INFLOW,20180317,0400,14050, ,CFS
SHA,H,76,INFLOW,20180317,0500,7850, ,CFS
SHA,H,76,INFLOW,20180317,0600,13526, ,CFS
SHA,H,76,INFLOW,20180317,0700,7989, ,CFS
SHA,H,76,INFLOW,20180317,0800,6277, ,CFS
SHA,H,76,INFLOW,20180317,0900,9276, ,CFS
SHA,H,76,INFLOW,20180317,1000,9276, ,CFS
SHA,H,76,INFLOW,20180317,1100,12357, ,CFS
SHA,H,76,INFLOW,20180317,1200,15438, ,CFS
SHA,H,76,INFLOW,20180317,1300,9276, ,CFS
SHA,H,76,INFLOW,20180317,1400,9276, ,CFS
SHA,H,76,INFLOW,20180317,1500,15438, ,CFS
SHA,H,76,INFLOW,20180317,1600,9276, ,CFS
SHA,H,76,INFLOW,20180317,1700,15541, ,CFS
SHA,H,76,INFLOW,20180317,1800,4825, ,CFS
SHA,H,76,INFLOW,20180317,1900,12643, ,CFS
SHA,H,76,INFLOW,20180317,2000,8836, ,CFS
SHA,H,76,INFLOW,20180317,2100,11845, ,CFS
SHA,H,76,INFLOW,20180317,2200,9862, ,CFS
SHA,H,76,INFLOW,20180317,2300,11374, ,CFS
SHA,H,76,INFLOW,20180318,0000,11044, ,CFS
SHA,H,76,INFLOW,20180318,0100,6623, ,CFS
SHA,H,76,INFLOW,20180318,0200,16048, ,CFS
SHA,H,76,INFLOW,20180318,0300,12916, ,CFS
SHA,H,76,INFLOW,20180318,0400,8781, ,CFS
SHA,H,76,INFLOW,20180318,0500,14945, ,CFS
SHA,H,76,INFLOW,20180318,0600,12043, ,CFS
SHA,H,76,INFLOW,20180318,0700,7041, ,CFS
SHA,H,76,INFLOW,20180318,0800,16559, ,CFS
SHA,H,76,INFLOW,20180318,0900,3774, ,CFS
SHA,H,76,INFLOW,20180318,1000,5910, ,CFS
SHA,H,76,INFLOW,20180318,1100,11777, ,CFS
SHA,H,76,INFLOW,20180318,1200,5277, ,CFS
SHA,H,76,INFLOW,20180318,1300,14448, ,CFS
SHA,H,76,INFLOW,20180318,1400,8449, ,CFS
SHA,H,76,INFLOW,20180318,1500,11678, ,CFS
SHA,H,76,INFLOW,20180318,1600,11984, ,CFS
SHA,H,76,INFLOW,20180318,1700,2497, ,CFS
SHA,H,76,INFLOW,20180318,1800,12536, ,CFS
SHA,H,76,INFLOW,20180318,1900,10256, ,CFS
SHA,H,76,INFLOW,20180318,2000,7212, ,CFS
SHA,H,76,INFLOW,20180318,2100,12774, ,CFS
SHA,H,76,INFLOW,20180318,2200,12413, ,CFS
SHA,H,76,INFLOW,20180318,2300,9261, ,CFS
SHA,H,76,INFLOW,20180319,0000,12230, ,CFS
SHA,H,76,INFLOW,20180319,0100,11598, ,CFS
SHA,H,76,INFLOW,20180319,0200,8329, ,CFS
SHA,H,76,INFLOW,20180319,0300,14547, ,CFS
SHA,H,76,INFLOW,20180319,0400,5029, ,CFS
SHA,H,76,INFLOW,20180319,0500,13954, ,CFS
SHA,H,76,INFLOW,20180319,0600,11042, ,CFS
SHA,H,76,INFLOW,20180319,0700,8059, ,CFS
SHA,H,76,INFLOW,20180319,0800,11712, ,CFS
SHA,H,76,INFLOW,20180319,0900,4650, ,CFS
SHA,H,76,INFLOW,20180319,1000,7283, ,CFS
SHA,H,76,INFLOW,20180319,1100,5715, ,CFS
SHA,H,76,INFLOW,20180319,1200,5773, ,CFS
SHA,H,76,INFLOW,20180319,1300,2622, ,CFS
SHA,H,76,INFLOW,20180319,1400,8280, ,CFS
SHA,H,76,INFLOW,20180319,1500,2474, ,CFS
SHA,H,76,INFLOW,20180319,1600,5902, ,CFS
SHA,H,76,INFLOW,20180319,1700,9571, ,CFS
SHA,H,76,INFLOW,20180319,1800,576, ,CFS
SHA,H,76,INFLOW,20180319,1900,4895, ,CFS
SHA,H,76,INFLOW,20180319,2000,11254, ,CFS
SHA,H,76,INFLOW,20180319,2100,5130, ,CFS
SHA,H,76,INFLOW,20180319,2200,14273, ,CFS
SHA,H,76,INFLOW,20180319,2300,5962, ,CFS
SHA,H,76,INFLOW,20180320,0000,12257, ,CFS
SHA,H,76,INFLOW,20180320,0100,8296, ,CFS
SHA,H,76,INFLOW,20180320,0200,11274, ,CFS
SHA,H,76,INFLOW,20180320,0300,11054, ,CFS
SHA,H,76,INFLOW,20180320,0400,14355, ,CFS
SHA,H,76,INFLOW,20180320,0500,11073, ,CFS
SHA,H,76,INFLOW,20180320,0600,11236, ,CFS
SHA,H,76,INFLOW,20180320,0700,8889, ,CFS
SHA,H,76,INFLOW,20180320,0800,15414, ,CFS
SHA,H,76,INFLOW,20180320,0900,6928, ,CFS
SHA,H,76,INFLOW,20180320,1000,12030, ,CFS
SHA,H,76,INFLOW,20180320,1100,8898, ,CFS
SHA,H,76,INFLOW,20180320,1200,5390, ,CFS
SHA,H,76,INFLOW,20180320,1300,12138, ,CFS
SHA,H,76,INFLOW,20180320,1400,9238, ,CFS
SHA,H,76,INFLOW,20180320,1500,9207, ,CFS
SHA,H,76,INFLOW,20180320,1600,12637, ,CFS
SHA,H,76,INFLOW,20180320,1700,3071, ,CFS
SHA,H,76,INFLOW,20180320,1800,9105, ,CFS
SHA,H,76,INFLOW,20180320,1900,9802, ,CFS
SHA,H,76,INFLOW,20180320,2000,12492, ,CFS
SHA,H,76,INFLOW,20180320,2100,10757, ,CFS
SHA,H,76,INFLOW,20180320,2200,15489, ,CFS
SHA,H,76,INFLOW,20180320,2300,5575, ,CFS
SHA,H,76,INFLOW,20180321,0000,5671, ,CFS
SHA,H,76,INFLOW,20180321,0100,8940, ,CFS
SHA,H,76,INFLOW,20180321,0200,12319, ,CFS
SHA,H,76,INFLOW,20180321,0300,15181, ,CFS
SHA,H,76,INFLOW,20180321,0400,8874, ,CFS
SHA,H,76,INFLOW,20180321,0500,8260, ,CFS
SHA,H,76,INFLOW,20180321,0600,8174, ,CFS
SHA,H,76,INFLOW,20180321,0700,11076, ,CFS
SHA,H,76,INFLOW,20180321,0800,8411, ,CFS
SHA,H,76,INFLOW,20180321,0900,13033, ,CFS
SHA,H,76,INFLOW,20180321,1000,9456, ,CFS
SHA,H,76,INFLOW,20180321,1100,12831, ,CFS
SHA,H,76,INFLOW,20180321,1200,6379, ,CFS
SHA,H,76,INFLOW,20180321,1300,12648, ,CFS
SHA,H,76,INFLOW,20180321,1400,9377, ,CFS
SHA,H,76,INFLOW,20180321,1500,15601, ,CFS
SHA,H,76,INFLOW,20180321,1600,9377, ,CFS
SHA,H,76,INFLOW,20180321,1700,9377, ,CFS
SHA,H,76,INFLOW,20180321,1800,15757, ,CFS
SHA,H,76,INFLOW,20180321,1900,12279, ,CFS
SHA,H,76,INFLOW,20180321,2000,16454, ,CFS
SHA,H,76,INFLOW,20180321,2100,22528, ,CFS
SHA,H,76,INFLOW,20180321,2200,20701, ,CFS
SHA,H,76,INFLOW,20180321,2300,33711, ,CFS
SHA,H,76,INFLOW,20180322,0000,8715, ,CFS
SHA,H,76,INFLOW,20180322,0100,15812, ,CFS
SHA,H,76,INFLOW,20180322,0200,28186, ,CFS
SHA,H,76,INFLOW,20180322,0300,9422, ,CFS
SHA,H,76,INFLOW,20180322,0400,18809, ,CFS
SHA,H,76,INFLOW,20180322,0500,40793, ,CFS
SHA,H,76,INFLOW,20180322,0600,23039, ,CFS
SHA,H,76,INFLOW,20180322,0700,36611, ,CFS
SHA,H,76,INFLOW,20180322,0800,31238, ,CFS
SHA,H,76,INFLOW,20180322,0900,20867, ,CFS
SHA,H,76,INFLOW,20180322,1000,37072, ,CFS
SHA,H,76,INFLOW,20180322,1100,24313, ,CFS
SHA,H,76,INFLOW,20180322,1200,46248, ,CFS
SHA,H,76,INFLOW,20180322,1300,26629, ,CFS
SHA,H,76,INFLOW,20180322,1400,28994, ,CFS
SHA,H,76,INFLOW,20180322,1500,25411, ,CFS
SHA,H,76,INFLOW,20180322,1600,31467, ,CFS
SHA,H,76,INFLOW,20180322,1700,22039, ,CFS
SHA,H,76,INFLOW,20180322,1800,34610, ,CFS
SHA,H,76,INFLOW,20180322,1900,25723, ,CFS
SHA,H,76,INFLOW,20180322,2000,38060, ,CFS
SHA,H,76,INFLOW,20180322,2100,35507, ,CFS
SHA,H,76,INFLOW,20180322,2200,28918, ,CFS
SHA,H,76,INFLOW,20180322,2300,35971, ,CFS
SHA,H,76,INFLOW,20180323,0000,26024, ,CFS
SHA,H,76,INFLOW,20180323,0100,22184, ,CFS
SHA,H,76,INFLOW,20180323,0200,37940, ,CFS
SHA,H,76,INFLOW,20180323,0300,28465, ,CFS
SHA,H,76,INFLOW,20180323,0400,18990, ,CFS
SHA,H,76,INFLOW,20180323,0500,34782, ,CFS
SHA,H,76,INFLOW,20180323,0600,19376, ,CFS
SHA,H,76,INFLOW,20180323,0700,25987, ,CFS
SHA,H,76,INFLOW,20180323,0800,30171, ,CFS
SHA,H,76,INFLOW,20180323,0900,12820, ,CFS
SHA,H,76,INFLOW,20180323,1000,8850, ,CFS
SHA,H,76,INFLOW,20180323,1100,20837, ,CFS
SHA,H,76,INFLOW,20180323,1200,14808, ,CFS
SHA,H,76,INFLOW,20180323,1300,10888, ,CFS
SHA,H,76,INFLOW,20180323,1400,17179, ,CFS
SHA,H,76,INFLOW,20180323,1500,15997, ,CFS
SHA,H,76,INFLOW,20180323,1600,19089, ,CFS
SHA,H,76,INFLOW,20180323,1700,22268, ,CFS
SHA,H,76,INFLOW,20180323,1800,12920, ,CFS
SHA,H,76,INFLOW,20180323,1900,22575, ,CFS
SHA,H,76,INFLOW,20180323,2000,25828, ,CFS
SHA,H,76,INFLOW,20180323,2100,25802, ,CFS
SHA,H,76,INFLOW,20180323,2200,19375, ,CFS
SHA,H,76,INFLOW,20180323,2300,28622, ,CFS
SHA,H,76,INFLOW,20180324,0000,22265, ,CFS
SHA,H,76,INFLOW,20180324,0100,12744, ,CFS
SHA,H,76,INFLOW,20180324,0200,22265, ,CFS
SHA,H,76,INFLOW,20180324,0300,28619, ,CFS
SHA,H,76,INFLOW,20180324,0400,19091, ,CFS
SHA,H,76,INFLOW,20180324,0500,19110, ,CFS
SHA,H,76,INFLOW,20180324,0600,22507, ,CFS
SHA,H,76,INFLOW,20180324,0700,16880, ,CFS
SHA,H,76,INFLOW,20180324,0800,21330, ,CFS
SHA,H,76,INFLOW,20180324,0900,18464, ,CFS
SHA,H,76,INFLOW,20180324,1000,11345, ,CFS
SHA,H,76,INFLOW,20180324,1100,14553, ,CFS
SHA,H,76,INFLOW,20180324,1200,14302, ,CFS
SHA,H,76,INFLOW,20180324,1300,7720, ,CFS
SHA,H,76,INFLOW,20180324,1400,17121, ,CFS
SHA,H,76,INFLOW,20180324,1500,10359, ,CFS
SHA,H,76,INFLOW,20180324,1600,16530, ,CFS
SHA,H,76,INFLOW,20180324,1700,16532, ,CFS
SHA,H,76,INFLOW,20180324,1800,17432, ,CFS
SHA,H,76,INFLOW,20180324,1900,18315, ,CFS
SHA,H,76,INFLOW,20180324,2000,29523, ,CFS
SHA,H,76,INFLOW,20180324,2100,14060, ,CFS
SHA,H,76,INFLOW,20180324,2200,18436, ,CFS
SHA,H,76,INFLOW,20180324,2300,21342, ,CFS
SHA,H,76,INFLOW,20180325,0000,13327, ,CFS
SHA,H,76,INFLOW,20180325,0100,19215, ,CFS
SHA,H,76,INFLOW,20180325,0200,12804, ,CFS
SHA,H,76,INFLOW,20180325,0300,16007, ,CFS
SHA,H,76,INFLOW,20180325,0400,22376, ,CFS
SHA,H,76,INFLOW,20180325,0500,16013, ,CFS
SHA,H,76,INFLOW,20180325,0600,16279, ,CFS
SHA,H,76,INFLOW,20180325,0700,19790, ,CFS
SHA,H,76,INFLOW,20180325,0800,14119, ,CFS
SHA,H,76,INFLOW,20180325,0900,18769, ,CFS
SHA,H,76,INFLOW,20180325,1000,8912, ,CFS
SHA,H,76,INFLOW,20180325,1100,15267, ,CFS
SHA,H,76,INFLOW,20180325,1200,18113, ,CFS
SHA,H,76,INFLOW,20180325,1300,7588, ,CFS
SHA,H,76,INFLOW,20180325,1400,10784, ,CFS
SHA,H,76,INFLOW,20180325,1500,16869, ,CFS
SHA,H,76,INFLOW,20180325,1600,6840, ,CFS
SHA,H,76,INFLOW,20180325,1700,10138, ,CFS
SHA,H,76,INFLOW,20180325,1800,15159, ,CFS
SHA,H,76,INFLOW,20180325,1900,18577, ,CFS
SHA,H,76,INFLOW,20180325,2000,15594, ,CFS
SHA,H,76,INFLOW,20180325,2100,18843, ,CFS
SHA,H,76,INFLOW,20180325,2200,15365, ,CFS
SHA,H,76,INFLOW,20180325,2300,12984, ,CFS
SHA,H,76,INFLOW,20180326,0000,16074, ,CFS
SHA,H,76,INFLOW,20180326,0100,16074, ,CFS
SHA,H,76,INFLOW,20180326,0200,16074, ,CFS
SHA,H,76,INFLOW,20180326,0300,16074, ,CFS
SHA,H,76,INFLOW,20180326,0400,16074, ,CFS
SHA,H,76,INFLOW,20180326,0500,12869, ,CFS
SHA,H,76,INFLOW,20180326,0600,16452, ,CFS
SHA,H,76,INFLOW,20180326,0700,20206, ,CFS
SHA,H,76,INFLOW,20180326,0800,11606, ,CFS
SHA,H,76,INFLOW,20180326,0900,15058, ,CFS
SHA,H,76,INFLOW,20180326,1000,9432, ,CFS
SHA,H,76,INFLOW,20180326,1100,5431, ,CFS
SHA,H,76,INFLOW,20180326,1200,7692, ,CFS
SHA,H,76,INFLOW,20180326,1300,7294, ,CFS
SHA,H,76,INFLOW,20180326,1400,10360, ,CFS
SHA,H,76,INFLOW,20180326,1500,6967, ,CFS
SHA,H,76,INFLOW,20180326,1600,9786, ,CFS
SHA,H,76,INFLOW,20180326,1700,9863, ,CFS
SHA,H,76,INFLOW,20180326,1800,6763, ,CFS
SHA,H,76,INFLOW,20180326,1900,14920, ,CFS
SHA,H,76,INFLOW,20180326,2000,10770, ,CFS
SHA,H,76,INFLOW,20180326,2100,21930, ,CFS
SHA,H,76,INFLOW,20180326,2200,10117, ,CFS
SHA,H,76,INFLOW,20180326,2300,14144, ,CFS
SHA,H,76,INFLOW,20180327,0000,12940, ,CFS
SHA,H,76,INFLOW,20180327,0100,12973, ,CFS
SHA,H,76,INFLOW,20180327,0200,16096, ,CFS
SHA,H,76,INFLOW,20180327,0300,13218, ,CFS
SHA,H,76,INFLOW,20180327,0400,10039, ,CFS
SHA,H,76,INFLOW,20180327,0500,16811, ,CFS
SHA,H,76,INFLOW,20180327,0600,10834, ,CFS
SHA,H,76,INFLOW,20180327,0700,13998, ,CFS
SHA,H,76,INFLOW,20180327,0800,13916, ,CFS
SHA,H,76,INFLOW,20180327,0900,7621, ,CFS
SHA,H,76,INFLOW,20180327,1000,3979, ,CFS
SHA,H,76,INFLOW,20180327,1100,10522, ,CFS
SHA,H,76,INFLOW,20180327,1200,3953, ,CFS
SHA,H,76,INFLOW,20180327,1300,7151, ,CFS
SHA,H,76,INFLOW,20180327,1400,7215, ,CFS
SHA,H,76,INFLOW,20180327,1500,7288, ,CFS
SHA,H,76,INFLOW,20180327,1600,7513, ,CFS
SHA,H,76,INFLOW,20180327,1700,14268, ,CFS
SHA,H,76,INFLOW,20180327,1800,7861, ,CFS
SHA,H,76,INFLOW,20180327,1900,16166, ,CFS
SHA,H,76,INFLOW,20180327,2000,16829, ,CFS
SHA,H,76,INFLOW,20180327,2100,16598, ,CFS
SHA,H,76,INFLOW,20180327,2200,17880, ,CFS
SHA,H,76,INFLOW,20180327,2300,13070, ,CFS
SHA,H,76,INFLOW,20180328,0000,13011, ,CFS
SHA,H,76,INFLOW,20180328,0100,16230, ,CFS
SHA,H,76,INFLOW,20180328,0200,9792, ,CFS
SHA,H,76,INFLOW,20180328,0300,13011, ,CFS
SHA,H,76,INFLOW,20180328,0400,16230, ,CFS
SHA,H,76,INFLOW,20180328,0500,6651, ,CFS
SHA,H,76,INFLOW,20180328,0600,11498, ,CFS
SHA,H,76,INFLOW,20180328,0700,12529, ,CFS
SHA,H,76,INFLOW,20180328,0800,14896, ,CFS
SHA,H,76,INFLOW,20180328,0900,11846, ,CFS
SHA,H,76,INFLOW,20180328,1000,5168, ,CFS
SHA,H,76,INFLOW,20180328,1100,7410, ,CFS
SHA,H,76,INFLOW,20180328,1200,4234, ,CFS
SHA,H,76,INFLOW,20180328,1300,13540, ,CFS
SHA,H,76,INFLOW,20180328,1400,10260, ,CFS
SHA,H,76,INFLOW,20180328,1500,8729, ,CFS
SHA,H,76,INFLOW,20180328,1600,2349, ,CFS
SHA,H,76,INFLOW,20180328,1700,8014, ,CFS
SHA,H,76,INFLOW,20180328,1800,7234, ,CFS
SHA,H,76,INFLOW,20180328,1900,11606, ,CFS
SHA,H,76,INFLOW,20180328,2000,11144, ,CFS
SHA,H,76,INFLOW,20180328,2100,14187, ,CFS
SHA,H,76,INFLOW,20180328,2200,7444, ,CFS
SHA,H,76,INFLOW,20180328,2300,14972, ,CFS
SHA,H,76,INFLOW,20180329,0000,11425, ,CFS
SHA,H,76,INFLOW,20180329,0100,14088, ,CFS
SHA,H,76,INFLOW,20180329,0200,10391, ,CFS
SHA,H,76,INFLOW,20180329,0300,13769, ,CFS
SHA,H,76,INFLOW,20180329,0400,6903, ,CFS
SHA,H,76,INFLOW,20180329,0500,13995, ,CFS
SHA,H,76,INFLOW,20180329,0600,11547, ,CFS
SHA,H,76,INFLOW,20180329,0700,11701, ,CFS
SHA,H,76,INFLOW,20180329,0800,15265, ,CFS
SHA,H,76,INFLOW,20180329,0900,7967, ,CFS
SHA,H,76,INFLOW,20180329,1000,6383, ,CFS
SHA,H,76,INFLOW,20180329,1100,12138, ,CFS
SHA,H,76,INFLOW,20180329,1200,2395, ,CFS
SHA,H,76,INFLOW,20180329,1300,9027, ,CFS
SHA,H,76,INFLOW,20180329,1400,9212, ,CFS
SHA,H,76,INFLOW,20180329,1500,9228, ,CFS
SHA,H,76,INFLOW,20180329,1600,1407, ,CFS
SHA,H,76,INFLOW,20180329,1700,10837, ,CFS
SHA,H,76,INFLOW,20180329,1800,10085, ,CFS
SHA,H,76,INFLOW,20180329,1900,9674, ,CFS
SHA,H,76,INFLOW,20180329,2000,16229, ,CFS
SHA,H,76,INFLOW,20180329,2100,12495, ,CFS
SHA,H,76,INFLOW,20180329,2200,7838, ,CFS
SHA,H,76,INFLOW,20180329,2300,12766, ,CFS
SHA,H,76,INFLOW,20180330,0000,11979, ,CFS
SHA,H,76,INFLOW,20180330,0100,7749, ,CFS
SHA,H,76,INFLOW,20180330,0200,10956, ,CFS
SHA,H,76,INFLOW,20180330,0300,11174, ,CFS
SHA,H,76,INFLOW,20180330,0400,7859, ,CFS
SHA,H,76,INFLOW,20180330,0500,7966, ,CFS
SHA,H,76,INFLOW,20180330,0600,12390, ,CFS
SHA,H,76,INFLOW,20180330,0700,9594, ,CFS
SHA,H,76,INFLOW,20180330,0800,15452, ,CFS
SHA,H,76,INFLOW,20180330,0900,7591, ,CFS
SHA,H,76,INFLOW,20180330,1000,-390, ,CFS
SHA,H,76,INFLOW,20180330,1100,5222, ,CFS
SHA,H,76,INFLOW,20180330,1200,3518, ,CFS
SHA,H,76,INFLOW,20180330,1300,13119, ,CFS
SHA,H,76,INFLOW,20180330,1400,6651, ,CFS
SHA,H,76,INFLOW,20180330,1500,9885, ,CFS
SHA,H,76,INFLOW,20180330,1600,6651, ,CFS
SHA,H,76,INFLOW,20180330,1700,16353, ,CFS
SHA,H,76,INFLOW,20180330,1800,4528, ,CFS
SHA,H,76,INFLOW,20180330,1900,11963, ,CFS
SHA,H,76,INFLOW,20180330,2000,11609, ,CFS
SHA,H,76,INFLOW,20180330,2100,11446, ,CFS
SHA,H,76,INFLOW,20180330,2200,11942, ,CFS
SHA,H,76,INFLOW,20180330,2300,12676, ,CFS
SHA,H,76,INFLOW,20180331,0000,5877, ,CFS
SHA,H,76,INFLOW,20180331,0100,13263, ,CFS
SHA,H,76,INFLOW,20180331,0200,9885, ,CFS
SHA,H,76,INFLOW,20180331,0300,9885, ,CFS
SHA,H,76,INFLOW,20180331,0400,9892, ,CFS
SHA,H,76,INFLOW,20180331,0500,9885, ,CFS
SHA,H,76,INFLOW,20180331,0600,6933, ,CFS
SHA,H,76,INFLOW,20180331,0700,11802, ,CFS
SHA,H,76,INFLOW,20180331,0800,11043, ,CFS
SHA,H,76,INFLOW,20180331,0900,5025, ,CFS
SHA,H,76,INFLOW,20180331,1000,12056, ,CFS
SHA,H,76,INFLOW,20180331,1100,9314, ,CFS
SHA,H,76,INFLOW,20180331,1200,14148, ,CFS
SHA,H,76,INFLOW,20180331,1300,7461, ,CFS
SHA,H,76,INFLOW,20180331,1400,4357, ,CFS
SHA,H,76,INFLOW,20180331,1500,16775, ,CFS
SHA,H,76,INFLOW,20180331,1600,562, ,CFS
SHA,H,76,INFLOW,20180331,1700,10698, ,CFS
SHA,H,76,INFLOW,20180331,1800,10264, ,CFS
SHA,H,76,INFLOW,20180331,1900,5787, ,CFS
SHA,H,76,INFLOW,20180331,2000,14295, ,CFS
SHA,H,76,INFLOW,20180331,2100,11029, ,CFS
SHA,H,76,INFLOW,20180331,2200,8527, ,CFS
SHA,H,76,INFLOW,20180331,2300,11153, ,CFS
SHA,H,76,INFLOW,20180401,0000,10856, ,CFS
SHA,H,76,INFLOW,20180401,0100,8190, ,CFS
SHA,H,76,INFLOW,20180401,0200,13239, ,CFS
SHA,H,76,INFLOW,20180401,0300,6666, ,CFS
SHA,H,76,INFLOW,20180401,0400,9916, ,CFS
SHA,H,76,INFLOW,20180401,0500,13166, ,CFS
SHA,H,76,INFLOW,20180401,0600,10151, ,CFS
SHA,H,76,INFLOW,20180401,0700,11170, ,CFS
SHA,H,76,INFLOW,20180401,0800,10574, ,CFS
SHA,H,76,INFLOW,20180401,0900,6230, ,CFS
SHA,H,76,INFLOW,20180401,1000,12584, ,CFS
SHA,H,76,INFLOW,20180401,1100,8184, ,CFS
SHA,H,76,INFLOW,20180401,1200,1265, ,CFS
SHA,H,76,INFLOW,20180401,1300,17466, ,CFS
SHA,H,76,INFLOW,20180401,1400,7835, ,CFS
SHA,H,76,INFLOW,20180401,1500,4631, ,CFS
SHA,H,76,INFLOW,20180401,1600,3479, ,CFS
SHA,H,76,INFLOW,20180401,1700,3418, ,CFS
SHA,H,76,INFLOW,20180401,1800,3718, ,CFS
SHA,H,76,INFLOW,20180401,1900,8341, ,CFS
SHA,H,76,INFLOW,20180401,2000,10210, ,CFS
SHA,H,76,INFLOW,20180401,2100,13966, ,CFS
SHA,H,76,INFLOW,20180401,2200,5161, ,CFS
SHA,H,76,INFLOW,20180401,2300,15255, ,CFS
SHA,H,76,INFLOW,20180402,0000,10309, ,CFS
SHA,H,76,INFLOW,20180402,0100,8250, ,CFS
SHA,H,76,INFLOW,20180402,0200,4783, ,CFS
SHA,H,76,INFLOW,20180402,0300,1497, ,CFS
SHA,H,76,INFLOW,20180402,0400,11230, ,CFS
SHA,H,76,INFLOW,20180402,0500,1940, ,CFS
SHA,H,76,INFLOW,20180402,0600,12022, ,CFS
SHA,H,76,INFLOW,20180402,0700,7237, ,CFS
SHA,H,76,INFLOW,20180402,0800,4975, ,CFS
SHA,H,76,INFLOW,20180402,0900,10348, ,CFS
SHA,H,76,INFLOW,20180402,1000,9933, ,CFS
SHA,H,76,INFLOW,20180402,1100,263, ,CFS
SHA,H,76,INFLOW,20180402,1200,13262, ,CFS
SHA,H,76,INFLOW,20180402,1300,13262, ,CFS
SHA,H,76,INFLOW,20180402,1400,13308, ,CFS
SHA,H,76,INFLOW,20180402,1500,6793, ,CFS
SHA,H,76,INFLOW,20180402,1600,3528, ,CFS
SHA,H,76,INFLOW,20180402,1700,265, ,CFS
SHA,H,76,INFLOW,20180402,1800,16832, ,CFS
SHA,H,76,INFLOW,20180402,1900,5331, ,CFS
SHA,H,76,INFLOW,20180402,2000,14347, ,CFS
SHA,H,76,INFLOW,20180402,2100,8107, ,CFS
SHA,H,76,INFLOW,20180402,2200,11106, ,CFS
SHA,H,76,INFLOW,20180402,2300,10502, ,CFS
SHA,H,76,INFLOW,20180403,0000,10124, ,CFS
SHA,H,76,INFLOW,20180403,0100,3532, ,CFS
SHA,H,76,INFLOW,20180403,0200,3588, ,CFS
SHA,H,76,INFLOW,20180403,0300,6806, ,CFS
SHA,H,76,INFLOW,20180403,0400,3537, ,CFS
SHA,H,76,INFLOW,20180403,0500,10173, ,CFS
SHA,H,76,INFLOW,20180403,0600,5117, ,CFS
SHA,H,76,INFLOW,20180403,0700,13533, ,CFS
SHA,H,76,INFLOW,20180403,0800,10951, ,CFS
SHA,H,76,INFLOW,20180403,0900,3720, ,CFS
SHA,H,76,INFLOW,20180403,1000,5861, ,CFS
SHA,H,76,INFLOW,20180403,1100,2340, ,CFS
SHA,H,76,INFLOW,20180403,1200,5611, ,CFS
SHA,H,76,INFLOW,20180403,1300,9091, ,CFS
SHA,H,76,INFLOW,20180403,1400,5712, ,CFS
SHA,H,76,INFLOW,20180403,1500,9005, ,CFS
SHA,H,76,INFLOW,20180403,1600,5846, ,CFS
SHA,H,76,INFLOW,20180403,1700,12321, ,CFS
SHA,H,76,INFLOW,20180403,1800,6989, ,CFS
SHA,H,76,INFLOW,20180403,1900,8101, ,CFS
SHA,H,76,INFLOW,20180403,2000,14981, ,CFS
SHA,H,76,INFLOW,20180403,2100,5962, ,CFS
SHA,H,76,INFLOW,20180403,2200,9384, ,CFS
SHA,H,76,INFLOW,20180403,2300,7824, ,CFS
SHA,H,76,INFLOW,20180404,0000,8628, ,CFS
SHA,H,76,INFLOW,20180404,0100,10095, ,CFS
SHA,H,76,INFLOW,20180404,0200,9996, ,CFS
SHA,H,76,INFLOW,20180404,0300,13260, ,CFS
SHA,H,76,INFLOW,20180404,0400,3465, ,CFS
SHA,H,76,INFLOW,20180404,0500,6730, ,CFS
SHA,H,76,INFLOW,20180404,0600,7076, ,CFS
SHA,H,76,INFLOW,20180404,0700,9827, ,CFS
SHA,H,76,INFLOW,20180404,0800,9596, ,CFS
SHA,H,76,INFLOW,20180404,0900,8428, ,CFS
SHA,H,76,INFLOW,20180404,1000,2316, ,CFS
SHA,H,76,INFLOW,20180404,1100,9011, ,CFS
SHA,H,76,INFLOW,20180404,1200,9006, ,CFS
SHA,H,76,INFLOW,20180404,1300,5887, ,CFS
SHA,H,76,INFLOW,20180404,1400,12280, ,CFS
SHA,H,76,INFLOW,20180404,1500,9060, ,CFS
SHA,H,76,INFLOW,20180404,1600,2786, ,CFS
SHA,H,76,INFLOW,20180404,1700,13523, ,CFS
SHA,H,76,INFLOW,20180404,1800,5370, ,CFS
SHA,H,76,INFLOW,20180404,1900,7269, ,CFS
SHA,H,76,INFLOW,20180404,2000,14559, ,CFS
SHA,H,76,INFLOW,20180404,2100,5552, ,CFS
SHA,H,76,INFLOW,20180404,2200,13275, ,CFS
SHA,H,76,INFLOW,20180404,2300,7361, ,CFS
SHA,H,76,INFLOW,20180405,0000,6849, ,CFS
SHA,H,76,INFLOW,20180405,0100,6730, ,CFS
SHA,H,76,INFLOW,20180405,0200,9995, ,CFS
SHA,H,76,INFLOW,20180405,0300,13260, ,CFS
SHA,H,76,INFLOW,20180405,0400,6730, ,CFS
SHA,H,76,INFLOW,20180405,0500,3465, ,CFS
SHA,H,76,INFLOW,20180405,0600,17127, ,CFS
SHA,H,76,INFLOW,20180405,0700,6716, ,CFS
SHA,H,76,INFLOW,20180405,0800,5648, ,CFS
SHA,H,76,INFLOW,20180405,0900,11701, ,CFS
SHA,H,76,INFLOW,20180405,1000,-1869, ,CFS
SHA,H,76,INFLOW,20180405,1100,10766, ,CFS
SHA,H,76,INFLOW,20180405,1200,7739, ,CFS
SHA,H,76,INFLOW,20180405,1300,6924, ,CFS
SHA,H,76,INFLOW,20180405,1400,6707, ,CFS
SHA,H,76,INFLOW,20180405,1500,242, ,CFS
SHA,H,76,INFLOW,20180405,1600,18417, ,CFS
SHA,H,76,INFLOW,20180405,1700,8252, ,CFS
SHA,H,76,INFLOW,20180405,1800,8418, ,CFS
SHA,H,76,INFLOW,20180405,1900,7704, ,CFS
SHA,H,76,INFLOW,20180405,2000,14832, ,CFS
SHA,H,76,INFLOW,20180405,2100,10437, ,CFS
SHA,H,76,INFLOW,20180405,2200,8090, ,CFS
SHA,H,76,INFLOW,20180405,2300,11360, ,CFS
SHA,H,76,INFLOW,20180406,0000,10111, ,CFS
SHA,H,76,INFLOW,20180406,0100,11517, ,CFS
SHA,H,76,INFLOW,20180406,0200,11451, ,CFS
SHA,H,76,INFLOW,20180406,0300,11426, ,CFS
SHA,H,76,INFLOW,20180406,0400,11516, ,CFS
SHA,H,76,INFLOW,20180406,0500,11835, ,CFS
SHA,H,76,INFLOW,20180406,0600,12407, ,CFS
SHA,H,76,INFLOW,20180406,0700,3471, ,CFS
SHA,H,76,INFLOW,20180406,0800,14830, ,CFS
SHA,H,76,INFLOW,20180406,0900,13264, ,CFS
SHA,H,76,INFLOW,20180406,1000,13446, ,CFS
SHA,H,76,INFLOW,20180406,1100,3466, ,CFS
SHA,H,76,INFLOW,20180406,1200,10028, ,CFS
SHA,H,76,INFLOW,20180406,1300,10028, ,CFS
SHA,H,76,INFLOW,20180406,1400,6747, ,CFS
SHA,H,76,INFLOW,20180406,1500,6747, ,CFS
SHA,H,76,INFLOW,20180406,1600,10028, ,CFS
SHA,H,76,INFLOW,20180406,1700,6772, ,CFS
SHA,H,76,INFLOW,20180406,1800,10557, ,CFS
SHA,H,76,INFLOW,20180406,1900,9374, ,CFS
SHA,H,76,INFLOW,20180406,2000,11954, ,CFS
SHA,H,76,INFLOW,20180406,2100,18642, ,CFS
SHA,H,76,INFLOW,20180406,2200,7124, ,CFS
SHA,H,76,INFLOW,20180406,2300,16931, ,CFS
SHA,H,76,INFLOW,20180407,0000,19870, ,CFS
SHA,H,76,INFLOW,20180407,0100,10028, ,CFS
SHA,H,76,INFLOW,20180407,0200,19870, ,CFS
SHA,H,76,INFLOW,20180407,0300,33090, ,CFS
SHA,H,76,INFLOW,20180407,0400,10076, ,CFS
SHA,H,76,INFLOW,20180407,0500,29857, ,CFS
SHA,H,76,INFLOW,20180407,0600,13644, ,CFS
SHA,H,76,INFLOW,20180407,0700,28178, ,CFS
SHA,H,76,INFLOW,20180407,0800,18573, ,CFS
SHA,H,76,INFLOW,20180407,0900,8365, ,CFS
SHA,H,76,INFLOW,20180407,1000,18248, ,CFS
SHA,H,76,INFLOW,20180407,1100,18445, ,CFS
SHA,H,76,INFLOW,20180407,1200,33252, ,CFS
SHA,H,76,INFLOW,20180407,1300,9924, ,CFS
SHA,H,76,INFLOW,20180407,1400,33002, ,CFS
SHA,H,76,INFLOW,20180407,1500,37686, ,CFS
SHA,H,76,INFLOW,20180407,1600,-3178, ,CFS
SHA,H,76,INFLOW,20180407,1700,23117, ,CFS
SHA,H,76,INFLOW,20180407,1800,26535, ,CFS
SHA,H,76,INFLOW,20180407,1900,-906, ,CFS
SHA,H,76,INFLOW,20180407,2000,24470, ,CFS
SHA,H,76,INFLOW,20180407,2100,19221, ,CFS
SHA,H,76,INFLOW,20180407,2200,17606, ,CFS
SHA,H,76,INFLOW,20180407,2300,21788, ,CFS
SHA,H,76,INFLOW,20180408,0000,5327, ,CFS
SHA,H,76,INFLOW,20180408,0100,16542, ,CFS
SHA,H,76,INFLOW,20180408,0200,18920, ,CFS
SHA,H,76,INFLOW,20180408,0300,8939, ,CFS
SHA,H,76,INFLOW,20180408,0400,15559, ,CFS
SHA,H,76,INFLOW,20180408,0500,9188, ,CFS
SHA,H,76,INFLOW,20180408,0600,9183, ,CFS
SHA,H,76,INFLOW,20180408,0700,15961, ,CFS
SHA,H,76,INFLOW,20180408,0800,10105, ,CFS
SHA,H,76,INFLOW,20180408,0900,19907, ,CFS
SHA,H,76,INFLOW,20180408,1000,16595, ,CFS
SHA,H,76,INFLOW,20180408,1100,19907, ,CFS
SHA,H,76,INFLOW,20180408,1200,16708, ,CFS
SHA,H,76,INFLOW,20180408,1300,10083, ,CFS
SHA,H,76,INFLOW,20180408,1400,10083, ,CFS
SHA,H,76,INFLOW,20180408,1500,16708, ,CFS
SHA,H,76,INFLOW,20180408,1600,10083, ,CFS
SHA,H,76,INFLOW,20180408,1700,13395, ,CFS
SHA,H,76,INFLOW,20180408,1800,13395, ,CFS
SHA,H,76,INFLOW,20180408,1900,13820, ,CFS
SHA,H,76,INFLOW,20180408,2000,21307, ,CFS
SHA,H,76,INFLOW,20180408,2100,11876, ,CFS
SHA,H,76,INFLOW,20180408,2200,23191, ,CFS
SHA,H,76,INFLOW,20180408,2300,16873, ,CFS
SHA,H,76,INFLOW,20180409,0000,10130, ,CFS
SHA,H,76,INFLOW,20180409,0100,23442, ,CFS
SHA,H,76,INFLOW,20180409,0200,13458, ,CFS
SHA,H,76,INFLOW,20180409,0300,10130, ,CFS
SHA,H,76,INFLOW,20180409,0400,20114, ,CFS
SHA,H,76,INFLOW,20180409,0500,10130, ,CFS
SHA,H,76,INFLOW,20180409,0600,13758, ,CFS
SHA,H,76,INFLOW,20180409,0700,15625, ,CFS
SHA,H,76,INFLOW,20180409,0800,11084, ,CFS
SHA,H,76,INFLOW,20180409,0900,13665, ,CFS
SHA,H,76,INFLOW,20180409,1000,17802, ,CFS
SHA,H,76,INFLOW,20180409,1100,13458, ,CFS
SHA,H,76,INFLOW,20180409,1200,13458, ,CFS
SHA,H,76,INFLOW,20180409,1300,10130, ,CFS
SHA,H,76,INFLOW,20180409,1400,13458, ,CFS
SHA,H,76,INFLOW,20180409,1500,13458, ,CFS
SHA,H,76,INFLOW,20180409,1600,10139, ,CFS
SHA,H,76,INFLOW,20180409,1700,16795, ,CFS
SHA,H,76,INFLOW,20180409,1800,13640, ,CFS
SHA,H,76,INFLOW,20180409,1900,10649, ,CFS
SHA,H,76,INFLOW,20180409,2000,20266, ,CFS
SHA,H,76,INFLOW,20180409,2100,9836, ,CFS
SHA,H,76,INFLOW,20180409,2200,10647, ,CFS
SHA,H,76,INFLOW,20180409,2300,13384, ,CFS
SHA,H,76,INFLOW,20180410,0000,5255, ,CFS
SHA,H,76,INFLOW,20180410,0100,15316, ,CFS
SHA,H,76,INFLOW,20180410,0200,11776, ,CFS
SHA,H,76,INFLOW,20180410,0300,14938, ,CFS
SHA,H,76,INFLOW,20180410,0400,11766, ,CFS
SHA,H,76,INFLOW,20180410,0500,8459, ,CFS
SHA,H,76,INFLOW,20180410,0600,11834, ,CFS
SHA,H,76,INFLOW,20180410,0700,6501, ,CFS
SHA,H,76,INFLOW,20180410,0800,13690, ,CFS
SHA,H,76,INFLOW,20180410,0900,16874, ,CFS
SHA,H,76,INFLOW,20180410,1000,10186, ,CFS
SHA,H,76,INFLOW,20180410,1100,10186, ,CFS
SHA,H,76,INFLOW,20180410,1200,10186, ,CFS
SHA,H,76,INFLOW,20180410,1300,6986, ,CFS
SHA,H,76,INFLOW,20180410,1400,12929, ,CFS
SHA,H,76,INFLOW,20180410,1500,9711, ,CFS
SHA,H,76,INFLOW,20180410,1600,10079, ,CFS
SHA,H,76,INFLOW,20180410,1700,10143, ,CFS
SHA,H,76,INFLOW,20180410,1800,9581, ,CFS
SHA,H,76,INFLOW,20180410,1900,10013, ,CFS
SHA,H,76,INFLOW,20180410,2000,10429, ,CFS
SHA,H,76,INFLOW,20180410,2100,11028, ,CFS
SHA,H,76,INFLOW,20180410,2200,13390, ,CFS
SHA,H,76,INFLOW,20180410,2300,8711, ,CFS
SHA,H,76,INFLOW,20180411,0000,12934, ,CFS
SHA,H,76,INFLOW,20180411,0100,7495, ,CFS
SHA,H,76,INFLOW,20180411,0200,14019, ,CFS
SHA,H,76,INFLOW,20180411,0300,10691, ,CFS
SHA,H,76,INFLOW,20180411,0400,7260, ,CFS
SHA,H,76,INFLOW,20180411,0500,14264, ,CFS
SHA,H,76,INFLOW,20180411,0600,11176, ,CFS
SHA,H,76,INFLOW,20180411,0700,12262, ,CFS
SHA,H,76,INFLOW,20180411,0800,12294, ,CFS
SHA,H,76,INFLOW,20180411,0900,10467, ,CFS
SHA,H,76,INFLOW,20180411,1000,10222, ,CFS
SHA,H,76,INFLOW,20180411,1100,6875, ,CFS
SHA,H,76,INFLOW,20180411,1200,13563, ,CFS
SHA,H,76,INFLOW,20180411,1300,13563, ,CFS
SHA,H,76,INFLOW,20180411,1400,288, ,CFS
SHA,H,76,INFLOW,20180411,1500,15515, ,CFS
SHA,H,76,INFLOW,20180411,1600,8915, ,CFS
SHA,H,76,INFLOW,20180411,1700,9313, ,CFS
SHA,H,76,INFLOW,20180411,1800,13034, ,CFS
SHA,H,76,INFLOW,20180411,1900,17883, ,CFS
SHA,H,76,INFLOW,20180411,2000,10942, ,CFS
SHA,H,76,INFLOW,20180411,2100,14416, ,CFS
SHA,H,76,INFLOW,20180411,2200,19178, ,CFS
SHA,H,76,INFLOW,20180411,2300,-613, ,CFS
SHA,H,76,INFLOW,20180412,0000,15642, ,CFS
SHA,H,76,INFLOW,20180412,0100,17763, ,CFS
SHA,H,76,INFLOW,20180412,0200,4020, ,CFS
SHA,H,76,INFLOW,20180412,0300,14305, ,CFS
SHA,H,76,INFLOW,20180412,0400,10949, ,CFS
SHA,H,76,INFLOW,20180412,0500,14632, ,CFS
SHA,H,76,INFLOW,20180412,0600,11957, ,CFS
SHA,H,76,INFLOW,20180412,0700,7596, ,CFS
SHA,H,76,INFLOW,20180412,0800,14358, ,CFS
SHA,H,76,INFLOW,20180412,0900,9548, ,CFS
SHA,H,76,INFLOW,20180412,1000,12206, ,CFS
SHA,H,76,INFLOW,20180412,1100,11923, ,CFS
SHA,H,76,INFLOW,20180412,1200,5152, ,CFS
SHA,H,76,INFLOW,20180412,1300,11851, ,CFS
SHA,H,76,INFLOW,20180412,1400,14940, ,CFS
SHA,H,76,INFLOW,20180412,1500,-1435, ,CFS
SHA,H,76,INFLOW,20180412,1600,5241, ,CFS
SHA,H,76,INFLOW,20180412,1700,15446, ,CFS
SHA,H,76,INFLOW,20180412,1800,6277, ,CFS
SHA,H,76,INFLOW,20180412,1900,5846, ,CFS
SHA,H,76,INFLOW,20180412,2000,11688, ,CFS
SHA,H,76,INFLOW,20180412,2100,12073, ,CFS
SHA,H,76,INFLOW,20180412,2200,11028, ,CFS
SHA,H,76,INFLOW,20180412,2300,11808, ,CFS
SHA,H,76,INFLOW,20180413,0000,14810, ,CFS
SHA,H,76,INFLOW,20180413,0100,6876, ,CFS
SHA,H,76,INFLOW,20180413,0200,8835, ,CFS
SHA,H,76,INFLOW,20180413,0300,12145, ,CFS
SHA,H,76,INFLOW,20180413,0400,8717, ,CFS
SHA,H,76,INFLOW,20180413,0500,12129, ,CFS
SHA,H,76,INFLOW,20180413,0600,9355, ,CFS
SHA,H,76,INFLOW,20180413,0700,12628, ,CFS
SHA,H,76,INFLOW,20180413,0800,9169, ,CFS
SHA,H,76,INFLOW,20180413,0900,10452, ,CFS
SHA,H,76,INFLOW,20180413,1000,10186, ,CFS
SHA,H,76,INFLOW,20180413,1100,3467, ,CFS
SHA,H,76,INFLOW,20180413,1200,13546, ,CFS
SHA,H,76,INFLOW,20180413,1300,6826, ,CFS
SHA,H,76,INFLOW,20180413,1400,10186, ,CFS
SHA,H,76,INFLOW,20180413,1500,6971, ,CFS
SHA,H,76,INFLOW,20180413,1600,2686, ,CFS
SHA,H,76,INFLOW,20180413,1700,6248, ,CFS
SHA,H,76,INFLOW,20180413,1800,3406, ,CFS
SHA,H,76,INFLOW,20180413,1900,9351, ,CFS
SHA,H,76,INFLOW,20180413,2000,15223, ,CFS
SHA,H,76,INFLOW,20180413,2100,12061, ,CFS
SHA,H,76,INFLOW,20180413,2200,9672, ,CFS
SHA,H,76,INFLOW,20180413,2300,9786, ,CFS
SHA,H,76,INFLOW,20180414,0000,16129, ,CFS
SHA,H,76,INFLOW,20180414,0100,9453, ,CFS
SHA,H,76,INFLOW,20180414,0200,9298, ,CFS
SHA,H,76,INFLOW,20180414,0300,9461, ,CFS
SHA,H,76,INFLOW,20180414,0400,5773, ,CFS
SHA,H,76,INFLOW,20180414,0500,9310, ,CFS
SHA,H,76,INFLOW,20180414,0600,9158, ,CFS
SHA,H,76,INFLOW,20180414,0700,8683, ,CFS
SHA,H,76,INFLOW,20180414,0800,11444, ,CFS
SHA,H,76,INFLOW,20180414,0900,6145, ,CFS
SHA,H,76,INFLOW,20180414,1000,9460, ,CFS
SHA,H,76,INFLOW,20180414,1100,9685, ,CFS
SHA,H,76,INFLOW,20180414,1200,13088, ,CFS
SHA,H,76,INFLOW,20180414,1300,7006, ,CFS
SHA,H,76,INFLOW,20180414,1400,10234, ,CFS
SHA,H,76,INFLOW,20180414,1500,6858, ,CFS
SHA,H,76,INFLOW,20180414,1600,10307, ,CFS
SHA,H,76,INFLOW,20180414,1700,8340, ,CFS
SHA,H,76,INFLOW,20180414,1800,11964, ,CFS
SHA,H,76,INFLOW,20180414,1900,9196, ,CFS
SHA,H,76,INFLOW,20180414,2000,13286, ,CFS
SHA,H,76,INFLOW,20180414,2100,9932, ,CFS
SHA,H,76,INFLOW,20180414,2200,10147, ,CFS
SHA,H,76,INFLOW,20180414,2300,11723, ,CFS
SHA,H,76,INFLOW,20180415,0000,7365, ,CFS
SHA,H,76,INFLOW,20180415,0100,12409, ,CFS
SHA,H,76,INFLOW,20180415,0200,12330, ,CFS
SHA,H,76,INFLOW,20180415,0300,8256, ,CFS
SHA,H,76,INFLOW,20180415,0400,8184, ,CFS
SHA,H,76,INFLOW,20180415,0500,11617, ,CFS
SHA,H,76,INFLOW,20180415,0600,9286, ,CFS
SHA,H,76,INFLOW,20180415,0700,11251, ,CFS
SHA,H,76,INFLOW,20180415,0800,3711, ,CFS
SHA,H,76,INFLOW,20180415,0900,10234, ,CFS
SHA,H,76,INFLOW,20180415,1000,6858, ,CFS
SHA,H,76,INFLOW,20180415,1100,10234, ,CFS
SHA,H,76,INFLOW,20180415,1200,10234, ,CFS
SHA,H,76,INFLOW,20180415,1300,10234, ,CFS
SHA,H,76,INFLOW,20180415,1400,-3269, ,CFS
SHA,H,76,INFLOW,20180415,1500,20402, ,CFS
SHA,H,76,INFLOW,20180415,1600,10275, ,CFS
SHA,H,76,INFLOW,20180415,1700,7002, ,CFS
SHA,H,76,INFLOW,20180415,1800,19169, ,CFS
SHA,H,76,INFLOW,20180415,1900,13004, ,CFS
SHA,H,76,INFLOW,20180415,2000,-1896, ,CFS
SHA,H,76,INFLOW,20180415,2100,11894, ,CFS
SHA,H,76,INFLOW,20180415,2200,6823, ,CFS
SHA,H,76,INFLOW,20180415,2300,14578, ,CFS
SHA,H,76,INFLOW,20180416,0000,21041, ,CFS
SHA,H,76,INFLOW,20180416,0100,6724, ,CFS
SHA,H,76,INFLOW,20180416,0200,6321, ,CFS
SHA,H,76,INFLOW,20180416,0300,12093, ,CFS
SHA,H,76,INFLOW,20180416,0400,7019, ,CFS
SHA,H,76,INFLOW,20180416,0500,7019, ,CFS
SHA,H,76,INFLOW,20180416,0600,8864, ,CFS
SHA,H,76,INFLOW,20180416,0700,2583, ,CFS
SHA,H,76,INFLOW,20180416,0800,13316, ,CFS
SHA,H,76,INFLOW,20180416,0900,7247, ,CFS
SHA,H,76,INFLOW,20180416,1000,3539, ,CFS
SHA,H,76,INFLOW,20180416,1100,10323, ,CFS
SHA,H,76,INFLOW,20180416,1200,6931, ,CFS
SHA,H,76,INFLOW,20180416,1300,10322, ,CFS
SHA,H,76,INFLOW,20180416,1400,6931, ,CFS
SHA,H,76,INFLOW,20180416,1500,10323, ,CFS
SHA,H,76,INFLOW,20180416,1600,6931, ,CFS
SHA,H,76,INFLOW,20180416,1700,3551, ,CFS
SHA,H,76,INFLOW,20180416,1800,9391, ,CFS
SHA,H,76,INFLOW,20180416,1900,6202, ,CFS
SHA,H,76,INFLOW,20180416,2000,12149, ,CFS
SHA,H,76,INFLOW,20180416,2100,8691, ,CFS
SHA,H,76,INFLOW,20180416,2200,6117, ,CFS
SHA,H,76,INFLOW,20180416,2300,10005, ,CFS
SHA,H,76,INFLOW,20180417,0000,4813, ,CFS
SHA,H,76,INFLOW,20180417,0100,2033, ,CFS
SHA,H,76,INFLOW,20180417,0200,5315, ,CFS
SHA,H,76,INFLOW,20180417,0300,5150, ,CFS
SHA,H,76,INFLOW,20180417,0400,3511, ,CFS
SHA,H,76,INFLOW,20180417,0500,3424, ,CFS
SHA,H,76,INFLOW,20180417,0600,367, ,CFS
SHA,H,76,INFLOW,20180417,0700,9791, ,CFS
SHA,H,76,INFLOW,20180417,0800,5966, ,CFS
SHA,H,76,INFLOW,20180417,0900,7115, ,CFS
SHA,H,76,INFLOW,20180417,1000,6816, ,CFS
SHA,H,76,INFLOW,20180417,1100,6816, ,CFS
SHA,H,76,INFLOW,20180417,1200,6816, ,CFS
SHA,H,76,INFLOW,20180417,1300,13599, ,CFS
SHA,H,76,INFLOW,20180417,1400,6816, ,CFS
SHA,H,76,INFLOW,20180417,1500,6816, ,CFS
SHA,H,76,INFLOW,20180417,1600,10207, ,CFS
SHA,H,76,INFLOW,20180417,1700,3497, ,CFS
SHA,H,76,INFLOW,20180417,1800,8705, ,CFS
SHA,H,76,INFLOW,20180417,1900,4555, ,CFS
SHA,H,76,INFLOW,20180417,2000,12958, ,CFS
SHA,H,76,INFLOW,20180417,2100,6390, ,CFS
SHA,H,76,INFLOW,20180417,2200,9276, ,CFS
SHA,H,76,INFLOW,20180417,2300,15951, ,CFS
SHA,H,76,INFLOW,20180418,0000,9418, ,CFS
SHA,H,76,INFLOW,20180418,0100,13738, ,CFS
SHA,H,76,INFLOW,20180418,0200,13599, ,CFS
SHA,H,76,INFLOW,20180418,0300,10207, ,CFS
SHA,H,76,INFLOW,20180418,0400,13599, ,CFS
SHA,H,76,INFLOW,20180418,0500,10279, ,CFS
SHA,H,76,INFLOW,20180418,0600,11861, ,CFS
SHA,H,76,INFLOW,20180418,0700,12817, ,CFS
SHA,H,76,INFLOW,20180418,0800,5747, ,CFS
SHA,H,76,INFLOW,20180418,0900,6580, ,CFS
SHA,H,76,INFLOW,20180418,1000,13350, ,CFS
SHA,H,76,INFLOW,20180418,1100,2475, ,CFS
SHA,H,76,INFLOW,20180418,1200,6991, ,CFS
SHA,H,76,INFLOW,20180418,1300,10282, ,CFS
SHA,H,76,INFLOW,20180418,1400,6922, ,CFS
SHA,H,76,INFLOW,20180418,1500,6922, ,CFS
SHA,H,76,INFLOW,20180418,1600,6922, ,CFS
SHA,H,76,INFLOW,20180418,1700,10330, ,CFS
SHA,H,76,INFLOW,20180418,1800,7147, ,CFS
SHA,H,76,INFLOW,20180418,1900,8228, ,CFS
SHA,H,76,INFLOW,20180418,2000,11413, ,CFS
SHA,H,76,INFLOW,20180418,2100,8049, ,CFS
SHA,H,76,INFLOW,20180418,2200,9733, ,CFS
SHA,H,76,INFLOW,20180418,2300,7067, ,CFS
SHA,H,76,INFLOW,20180419,0000,12780, ,CFS
SHA,H,76,INFLOW,20180419,0100,7041, ,CFS
SHA,H,76,INFLOW,20180419,0200,10330, ,CFS
SHA,H,76,INFLOW,20180419,0300,10330, ,CFS
SHA,H,76,INFLOW,20180419,0400,10405, ,CFS
SHA,H,76,INFLOW,20180419,0500,8539, ,CFS
SHA,H,76,INFLOW,20180419,0600,5799, ,CFS
SHA,H,76,INFLOW,20180419,0700,10507, ,CFS
SHA,H,76,INFLOW,20180419,0800,6883, ,CFS
SHA,H,76,INFLOW,20180419,0900,3839, ,CFS
SHA,H,76,INFLOW,20180419,1000,6922, ,CFS
SHA,H,76,INFLOW,20180419,1100,108, ,CFS
SHA,H,76,INFLOW,20180419,1200,13737, ,CFS
SHA,H,76,INFLOW,20180419,1300,6922, ,CFS
SHA,H,76,INFLOW,20180419,1400,10313, ,CFS
SHA,H,76,INFLOW,20180419,1500,6939, ,CFS
SHA,H,76,INFLOW,20180419,1600,9371, ,CFS
SHA,H,76,INFLOW,20180419,1700,5923, ,CFS
SHA,H,76,INFLOW,20180419,1800,6425, ,CFS
SHA,H,76,INFLOW,20180419,1900,10550, ,CFS
SHA,H,76,INFLOW,20180419,2000,8703, ,CFS
SHA,H,76,INFLOW,20180419,2100,8867, ,CFS
SHA,H,76,INFLOW,20180419,2200,7699, ,CFS
SHA,H,76,INFLOW,20180419,2300,9699, ,CFS
SHA,H,76,INFLOW,20180420,0000,9513, ,CFS
SHA,H,76,INFLOW,20180420,0100,13838, ,CFS
SHA,H,76,INFLOW,20180420,0200,6905, ,CFS
SHA,H,76,INFLOW,20180420,0300,10313, ,CFS
SHA,H,76,INFLOW,20180420,0400,3498, ,CFS
SHA,H,76,INFLOW,20180420,0500,3680, ,CFS
SHA,H,76,INFLOW,20180420,0600,10533, ,CFS
SHA,H,76,INFLOW,20180420,0700,9125, ,CFS
SHA,H,76,INFLOW,20180420,0800,9008, ,CFS
SHA,H,76,INFLOW,20180420,0900,3781, ,CFS
SHA,H,76,INFLOW,20180420,1000,3504, ,CFS
SHA,H,76,INFLOW,20180420,1100,3507, ,CFS
SHA,H,76,INFLOW,20180420,1200,3653, ,CFS
SHA,H,76,INFLOW,20180420,1300,3127, ,CFS
SHA,H,76,INFLOW,20180420,1400,6662, ,CFS
SHA,H,76,INFLOW,20180420,1500,3468, ,CFS
SHA,H,76,INFLOW,20180420,1600,3743, ,CFS
SHA,H,76,INFLOW,20180420,1700,7032, ,CFS
SHA,H,76,INFLOW,20180420,1800,3582, ,CFS
SHA,H,76,INFLOW,20180420,1900,10479, ,CFS
SHA,H,76,INFLOW,20180420,2000,9322, ,CFS
SHA,H,76,INFLOW,20180420,2100,10886, ,CFS
SHA,H,76,INFLOW,20180420,2200,8383, ,CFS
SHA,H,76,INFLOW,20180420,2300,10952, ,CFS
SHA,H,76,INFLOW,20180421,0000,3602, ,CFS
SHA,H,76,INFLOW,20180421,0100,14019, ,CFS
SHA,H,76,INFLOW,20180421,0200,7061, ,CFS
SHA,H,76,INFLOW,20180421,0300,6968, ,CFS
SHA,H,76,INFLOW,20180421,0400,13779, ,CFS
SHA,H,76,INFLOW,20180421,0500,7436, ,CFS
SHA,H,76,INFLOW,20180421,0600,12973, ,CFS
SHA,H,76,INFLOW,20180421,0700,5496, ,CFS
SHA,H,76,INFLOW,20180421,0800,9724, ,CFS
SHA,H,76,INFLOW,20180421,0900,6052, ,CFS
SHA,H,76,INFLOW,20180421,1000,5876, ,CFS
SHA,H,76,INFLOW,20180421,1100,9328, ,CFS
SHA,H,76,INFLOW,20180421,1200,5957, ,CFS
SHA,H,76,INFLOW,20180421,1300,6036, ,CFS
SHA,H,76,INFLOW,20180421,1400,12877, ,CFS
SHA,H,76,INFLOW,20180421,1500,7117, ,CFS
SHA,H,76,INFLOW,20180421,1600,10421, ,CFS
SHA,H,76,INFLOW,20180421,1700,7252, ,CFS
SHA,H,76,INFLOW,20180421,1800,8784, ,CFS
SHA,H,76,INFLOW,20180421,1900,8187, ,CFS
SHA,H,76,INFLOW,20180421,2000,9551, ,CFS
SHA,H,76,INFLOW,20180421,2100,13260, ,CFS
SHA,H,76,INFLOW,20180421,2200,8261, ,CFS
SHA,H,76,INFLOW,20180421,2300,10734, ,CFS
SHA,H,76,INFLOW,20180422,0000,537, ,CFS
SHA,H,76,INFLOW,20180422,0100,14021, ,CFS
SHA,H,76,INFLOW,20180422,0200,7184, ,CFS
SHA,H,76,INFLOW,20180422,0300,9559, ,CFS
SHA,H,76,INFLOW,20180422,0400,10607, ,CFS
SHA,H,76,INFLOW,20180422,0500,7309, ,CFS
SHA,H,76,INFLOW,20180422,0600,12078, ,CFS
SHA,H,76,INFLOW,20180422,0700,12334, ,CFS
SHA,H,76,INFLOW,20180422,0800,6336, ,CFS
SHA,H,76,INFLOW,20180422,0900,5996, ,CFS
SHA,H,76,INFLOW,20180422,1000,4695, ,CFS
SHA,H,76,INFLOW,20180422,1100,3681, ,CFS
SHA,H,76,INFLOW,20180422,1200,10461, ,CFS
SHA,H,76,INFLOW,20180422,1300,3614, ,CFS
SHA,H,76,INFLOW,20180422,1400,7038, ,CFS
SHA,H,76,INFLOW,20180422,1500,7038, ,CFS
SHA,H,76,INFLOW,20180422,1600,10503, ,CFS
SHA,H,76,INFLOW,20180422,1700,3919, ,CFS
SHA,H,76,INFLOW,20180422,1800,12236, ,CFS
SHA,H,76,INFLOW,20180422,1900,10441, ,CFS
SHA,H,76,INFLOW,20180422,2000,12221, ,CFS
SHA,H,76,INFLOW,20180422,2100,8670, ,CFS
SHA,H,76,INFLOW,20180422,2200,11137, ,CFS
SHA,H,76,INFLOW,20180422,2300,11291, ,CFS
SHA,H,76,INFLOW,20180423,0000,5972, ,CFS
SHA,H,76,INFLOW,20180423,0100,14060, ,CFS
SHA,H,76,INFLOW,20180423,0200,239, ,CFS
SHA,H,76,INFLOW,20180423,0300,7084, ,CFS
SHA,H,76,INFLOW,20180423,0400,7084, ,CFS
SHA,H,76,INFLOW,20180423,0500,343, ,CFS
SHA,H,76,INFLOW,20180423,0600,2541, ,CFS
SHA,H,76,INFLOW,20180423,0700,5130, ,CFS
SHA,H,76,INFLOW,20180423,0800,2377, ,CFS
SHA,H,76,INFLOW,20180423,0900,3091, ,CFS
SHA,H,76,INFLOW,20180423,1000,3163, ,CFS
SHA,H,76,INFLOW,20180423,1100,2597, ,CFS
SHA,H,76,INFLOW,20180423,1200,9406, ,CFS
SHA,H,76,INFLOW,20180423,1300,2559, ,CFS
SHA,H,76,INFLOW,20180423,1400,5953, ,CFS
SHA,H,76,INFLOW,20180423,1500,2670, ,CFS
SHA,H,76,INFLOW,20180423,1600,6556, ,CFS
SHA,H,76,INFLOW,20180423,1700,7074, ,CFS
SHA,H,76,INFLOW,20180423,1800,8366, ,CFS
SHA,H,76,INFLOW,20180423,1900,10944, ,CFS
SHA,H,76,INFLOW,20180423,2000,12306, ,CFS
SHA,H,76,INFLOW,20180423,2100,8662, ,CFS
SHA,H,76,INFLOW,20180423,2200,13499, ,CFS
SHA,H,76,INFLOW,20180423,2300,5064, ,CFS
SHA,H,76,INFLOW,20180424,0000,5602, ,CFS
SHA,H,76,INFLOW,20180424,0100,3737, ,CFS
SHA,H,76,INFLOW,20180424,0200,13894, ,CFS
SHA,H,76,INFLOW,20180424,0300,3623, ,CFS
SHA,H,76,INFLOW,20180424,0400,7047, ,CFS
SHA,H,76,INFLOW,20180424,0500,7058, ,CFS
SHA,H,76,INFLOW,20180424,0600,7907, ,CFS
SHA,H,76,INFLOW,20180424,0700,11154, ,CFS
SHA,H,76,INFLOW,20180424,0800,4146, ,CFS
SHA,H,76,INFLOW,20180424,0900,6512, ,CFS
SHA,H,76,INFLOW,20180424,1000,5090, ,CFS
SHA,H,76,INFLOW,20180424,1100,-531, ,CFS
SHA,H,76,INFLOW,20180424,1200,2993, ,CFS
SHA,H,76,INFLOW,20180424,1300,3029, ,CFS
SHA,H,76,INFLOW,20180424,1400,10404, ,CFS
SHA,H,76,INFLOW,20180424,1500,3592, ,CFS
SHA,H,76,INFLOW,20180424,1600,7343, ,CFS
SHA,H,76,INFLOW,20180424,1700,8872, ,CFS
SHA,H,76,INFLOW,20180424,1800,9290, ,CFS
SHA,H,76,INFLOW,20180424,1900,10518, ,CFS
SHA,H,76,INFLOW,20180424,2000,13553, ,CFS
SHA,H,76,INFLOW,20180424,2100,3526, ,CFS
SHA,H,76,INFLOW,20180424,2200,16207, ,CFS
SHA,H,76,INFLOW,20180424,2300,6321, ,CFS
SHA,H,76,INFLOW,20180425,0000,9089, ,CFS
SHA,H,76,INFLOW,20180425,0100,9503, ,CFS
SHA,H,76,INFLOW,20180425,0200,-757, ,CFS
SHA,H,76,INFLOW,20180425,0300,6094, ,CFS
SHA,H,76,INFLOW,20180425,0400,2731, ,CFS
SHA,H,76,INFLOW,20180425,0500,-1248, ,CFS
SHA,H,76,INFLOW,20180425,0600,5883, ,CFS
SHA,H,76,INFLOW,20180425,0700,7224, ,CFS
SHA,H,76,INFLOW,20180425,0800,6450, ,CFS
SHA,H,76,INFLOW,20180425,0900,3572, ,CFS
SHA,H,76,INFLOW,20180425,1000,7131, ,CFS
SHA,H,76,INFLOW,20180425,1100,30, ,CFS
SHA,H,76,INFLOW,20180425,1200,10563, ,CFS
SHA,H,76,INFLOW,20180425,1300,11261, ,CFS
SHA,H,76,INFLOW,20180425,1400,8044, ,CFS
SHA,H,76,INFLOW,20180425,1500,9602, ,CFS
SHA,H,76,INFLOW,20180425,1600,10933, ,CFS
SHA,H,76,INFLOW,20180425,1700,-1551, ,CFS
SHA,H,76,INFLOW,20180425,1800,5548, ,CFS
SHA,H,76,INFLOW,20180425,1900,9097, ,CFS
SHA,H,76,INFLOW,20180425,2000,6730, ,CFS
SHA,H,76,INFLOW,20180425,2100,8480, ,CFS
SHA,H,76,INFLOW,20180425,2200,2954, ,CFS
SHA,H,76,INFLOW,20180425,2300,2922, ,CFS
SHA,H,76,INFLOW,20180426,0000,4840, ,CFS
SHA,H,76,INFLOW,20180426,0100,2340, ,CFS
SHA,H,76,INFLOW,20180426,0200,8690, ,CFS
SHA,H,76,INFLOW,20180426,0300,5662, ,CFS
SHA,H,76,INFLOW,20180426,0400,2368, ,CFS
SHA,H,76,INFLOW,20180426,0500,6106, ,CFS
SHA,H,76,INFLOW,20180426,0600,4737, ,CFS
SHA,H,76,INFLOW,20180426,0700,2740, ,CFS
SHA,H,76,INFLOW,20180426,0800,2583, ,CFS
SHA,H,76,INFLOW,20180426,0900,9958, ,CFS
SHA,H,76,INFLOW,20180426,1000,6130, ,CFS
SHA,H,76,INFLOW,20180426,1100,6168, ,CFS
SHA,H,76,INFLOW,20180426,1200,6281, ,CFS
SHA,H,76,INFLOW,20180426,1300,2785, ,CFS
SHA,H,76,INFLOW,20180426,1400,10350, ,CFS
SHA,H,76,INFLOW,20180426,1500,7207, ,CFS
SHA,H,76,INFLOW,20180426,1600,3927, ,CFS
SHA,H,76,INFLOW,20180426,1700,9649, ,CFS
SHA,H,76,INFLOW,20180426,1800,9370, ,CFS
SHA,H,76,INFLOW,20180426,1900,6064, ,CFS
SHA,H,76,INFLOW,20180426,2000,9783, ,CFS
SHA,H,76,INFLOW,20180426,2100,6658, ,CFS
SHA,H,76,INFLOW,20180426,2200,8161, ,CFS
SHA,H,76,INFLOW,20180426,2300,8635, ,CFS
SHA,H,76,INFLOW,20180427,0000,5054, ,CFS
SHA,H,76,INFLOW,20180427,0100,2562, ,CFS
SHA,H,76,INFLOW,20180427,0200,2103, ,CFS
SHA,H,76,INFLOW,20180427,0300,2105, ,CFS
SHA,H,76,INFLOW,20180427,0400,1579, ,CFS
SHA,H,76,INFLOW,20180427,0500,5432, ,CFS
SHA,H,76,INFLOW,20180427,0600,9120, ,CFS
SHA,H,76,INFLOW,20180427,0700,6503, ,CFS
SHA,H,76,INFLOW,20180427,0800,4876, ,CFS
SHA,H,76,INFLOW,20180427,0900,278, ,CFS
SHA,H,76,INFLOW,20180427,1000,3533, ,CFS
SHA,H,76,INFLOW,20180427,1100,3609, ,CFS
SHA,H,76,INFLOW,20180427,1200,3612, ,CFS
SHA,H,76,INFLOW,20180427,1300,3551, ,CFS
SHA,H,76,INFLOW,20180427,1400,3538, ,CFS
SHA,H,76,INFLOW,20180427,1500,3463, ,CFS
SHA,H,76,INFLOW,20180427,1600,3468, ,CFS
SHA,H,76,INFLOW,20180427,1700,181, ,CFS
SHA,H,76,INFLOW,20180427,1800,6814, ,CFS
SHA,H,76,INFLOW,20180427,1900,15906, ,CFS
SHA,H,76,INFLOW,20180427,2000,3304, ,CFS
SHA,H,76,INFLOW,20180427,2100,7595, ,CFS
SHA,H,76,INFLOW,20180427,2200,4782, ,CFS
SHA,H,76,INFLOW,20180427,2300,6531, ,CFS
SHA,H,76,INFLOW,20180428,0000,7366, ,CFS
SHA,H,76,INFLOW,20180428,0100,4500, ,CFS
SHA,H,76,INFLOW,20180428,0200,655, ,CFS
SHA,H,76,INFLOW,20180428,0300,7156, ,CFS
SHA,H,76,INFLOW,20180428,0400,431, ,CFS
SHA,H,76,INFLOW,20180428,0500,7864, ,CFS
SHA,H,76,INFLOW,20180428,0600,9845, ,CFS
SHA,H,76,INFLOW,20180428,0700,3649, ,CFS
SHA,H,76,INFLOW,20180428,0800,-1242, ,CFS
SHA,H,76,INFLOW,20180428,0900,9484, ,CFS
SHA,H,76,INFLOW,20180428,1000,2080, ,CFS
SHA,H,76,INFLOW,20180428,1100,12369, ,CFS
SHA,H,76,INFLOW,20180428,1200,6682, ,CFS
SHA,H,76,INFLOW,20180428,1300,6070, ,CFS
SHA,H,76,INFLOW,20180428,1400,5931, ,CFS
SHA,H,76,INFLOW,20180428,1500,12698, ,CFS
SHA,H,76,INFLOW,20180428,1600,5901, ,CFS
SHA,H,76,INFLOW,20180428,1700,-539, ,CFS
SHA,H,76,INFLOW,20180428,1800,14524, ,CFS
SHA,H,76,INFLOW,20180428,1900,4715, ,CFS
SHA,H,76,INFLOW,20180428,2000,-432, ,CFS
SHA,H,76,INFLOW,20180428,2100,10677, ,CFS
SHA,H,76,INFLOW,20180428,2200,11017, ,CFS
SHA,H,76,INFLOW,20180428,2300,4585, ,CFS
SHA,H,76,INFLOW,20180429,0000,887, ,CFS
SHA,H,76,INFLOW,20180429,0100,5386, ,CFS
SHA,H,76,INFLOW,20180429,0200,2665, ,CFS
SHA,H,76,INFLOW,20180429,0300,1734, ,CFS
SHA,H,76,INFLOW,20180429,0400,2950, ,CFS
SHA,H,76,INFLOW,20180429,0500,6577, ,CFS
SHA,H,76,INFLOW,20180429,0600,4669, ,CFS
SHA,H,76,INFLOW,20180429,0700,7264, ,CFS
SHA,H,76,INFLOW,20180429,0800,2131, ,CFS
SHA,H,76,INFLOW,20180429,0900,7138, ,CFS
SHA,H,76,INFLOW,20180429,1000,3094, ,CFS
SHA,H,76,INFLOW,20180429,1100,6817, ,CFS
SHA,H,76,INFLOW,20180429,1200,3429, ,CFS
SHA,H,76,INFLOW,20180429,1300,6984, ,CFS
SHA,H,76,INFLOW,20180429,1400,3608, ,CFS
SHA,H,76,INFLOW,20180429,1500,61, ,CFS
SHA,H,76,INFLOW,20180429,1600,-83, ,CFS
SHA,H,76,INFLOW,20180429,1700,7390, ,CFS
SHA,H,76,INFLOW,20180429,1800,8704, ,CFS
SHA,H,76,INFLOW,20180429,1900,-382, ,CFS
SHA,H,76,INFLOW,20180429,2000,14597, ,CFS
SHA,H,76,INFLOW,20180429,2100,6963, ,CFS
SHA,H,76,INFLOW,20180429,2200,3195, ,CFS
SHA,H,76,INFLOW,20180429,2300,5472, ,CFS
SHA,H,76,INFLOW,20180430,0000,3125, ,CFS
SHA,H,76,INFLOW,20180430,0100,2188, ,CFS
SHA,H,76,INFLOW,20180430,0200,8983, ,CFS
SHA,H,76,INFLOW,20180430,0300,8837, ,CFS
SHA,H,76,INFLOW,20180430,0400,8974, ,CFS
SHA,H,76,INFLOW,20180430,0500,6050, ,CFS
SHA,H,76,INFLOW,20180430,0600,11098, ,CFS
SHA,H,76,INFLOW,20180430,0700,6848, ,CFS
SHA,H,76,INFLOW,20180430,0800,2708, ,CFS
SHA,H,76,INFLOW,20180430,0900,5014, ,CFS
SHA,H,76,INFLOW,20180430,1000,5971, ,CFS
SHA,H,76,INFLOW,20180430,1100,5989, ,CFS
SHA,H,76,INFLOW,20180430,1200,5861, ,CFS
SHA,H,76,INFLOW,20180430,1300,2413, ,CFS
SHA,H,76,INFLOW,20180430,1400,2448, ,CFS
SHA,H,76,INFLOW,20180430,1500,9663, ,CFS
SHA,H,76,INFLOW,20180430,1600,-579, ,CFS
SHA,H,76,INFLOW,20180430,1700,3175, ,CFS
SHA,H,76,INFLOW,20180430,1800,7753, ,CFS
SHA,H,76,INFLOW,20180430,1900,6147, ,CFS
SHA,H,76,INFLOW,20180430,2000,9930, ,CFS
SHA,H,76,INFLOW,20180430,2100,6751, ,CFS
SHA,H,76,INFLOW,20180430,2200,7537, ,CFS
SHA,H,76,INFLOW,20180430,2300,9636, ,CFS
SHA,H,76,INFLOW,20180501,0000,7828, ,CFS
SHA,H,76,INFLOW,20180501,0100,6118, ,CFS
SHA,H,76,INFLOW,20180501,0200,2380, ,CFS
SHA,H,76,INFLOW,20180501,0300,2156, ,CFS
SHA,H,76,INFLOW,20180501,0400,5433, ,CFS
SHA,H,76,INFLOW,20180501,0500,5553, ,CFS
SHA,H,76,INFLOW,20180501,0600,2721, ,CFS
SHA,H,76,INFLOW,20180501,0700,11254, ,CFS
SHA,H,76,INFLOW,20180501,0800,2725, ,CFS
SHA,H,76,INFLOW,20180501,0900,117, ,CFS
SHA,H,76,INFLOW,20180501,1000,3133, ,CFS
SHA,H,76,INFLOW,20180501,1100,9992, ,CFS
SHA,H,76,INFLOW,20180501,1200,-92, ,CFS
SHA,H,76,INFLOW,20180501,1300,11313, ,CFS
SHA,H,76,INFLOW,20180501,1400,4541, ,CFS
SHA,H,76,INFLOW,20180501,1500,4820, ,CFS
SHA,H,76,INFLOW,20180501,1600,4944, ,CFS
SHA,H,76,INFLOW,20180501,1700,1946, ,CFS
SHA,H,76,INFLOW,20180501,1800,8433, ,CFS
SHA,H,76,INFLOW,20180501,1900,12893, ,CFS
SHA,H,76,INFLOW,20180501,2000,7491, ,CFS
SHA,H,76,INFLOW,20180501,2100,4507, ,CFS
SHA,H,76,INFLOW,20180501,2200,13327, ,CFS
SHA,H,76,INFLOW,20180501,2300,3571, ,CFS
SHA,H,76,INFLOW,20180502,0000,1843, ,CFS
SHA,H,76,INFLOW,20180502,0100,5856, ,CFS
SHA,H,76,INFLOW,20180502,0200,-1631, ,CFS
SHA,H,76,INFLOW,20180502,0300,5091, ,CFS
SHA,H,76,INFLOW,20180502,0400,1566, ,CFS
SHA,H,76,INFLOW,20180502,0500,1989, ,CFS
SHA,H,76,INFLOW,20180502,0600,1946, ,CFS
SHA,H,76,INFLOW,20180502,0700,17148, ,CFS
SHA,H,76,INFLOW,20180502,0800,3715, ,CFS
SHA,H,76,INFLOW,20180502,0900,2114, ,CFS
SHA,H,76,INFLOW,20180502,1000,12490, ,CFS
SHA,H,76,INFLOW,20180502,1100,2328, ,CFS
SHA,H,76,INFLOW,20180502,1200,2400, ,CFS
SHA,H,76,INFLOW,20180502,1300,6322, ,CFS
SHA,H,76,INFLOW,20180502,1400,3063, ,CFS
SHA,H,76,INFLOW,20180502,1500,6540, ,CFS
SHA,H,76,INFLOW,20180502,1600,6004, ,CFS
SHA,H,76,INFLOW,20180502,1700,2642, ,CFS
SHA,H,76,INFLOW,20180502,1800,3260, ,CFS
SHA,H,76,INFLOW,20180502,1900,12929, ,CFS
SHA,H,76,INFLOW,20180502,2000,6469, ,CFS
SHA,H,76,INFLOW,20180502,2100,10161, ,CFS
SHA,H,76,INFLOW,20180502,2200,10056, ,CFS
SHA,H,76,INFLOW,20180502,2300,6159, ,CFS
SHA,H,76,INFLOW,20180503,0000,4759, ,CFS
SHA,H,76,INFLOW,20180503,0100,-265, ,CFS
SHA,H,76,INFLOW,20180503,0200,1895, ,CFS
SHA,H,76,INFLOW,20180503,0300,5322, ,CFS
SHA,H,76,INFLOW,20180503,0400,-1466, ,CFS
SHA,H,76,INFLOW,20180503,0500,5809, ,CFS
SHA,H,76,INFLOW,20180503,0600,1205, ,CFS
SHA,H,76,INFLOW,20180503,0700,6470, ,CFS
SHA,H,76,INFLOW,20180503,0800,2037, ,CFS
SHA,H,76,INFLOW,20180503,0900,3446, ,CFS
SHA,H,76,INFLOW,20180503,1000,3915, ,CFS
SHA,H,76,INFLOW,20180503,1100,5778, ,CFS
SHA,H,76,INFLOW,20180503,1200,-1214, ,CFS
SHA,H,76,INFLOW,20180503,1300,6420, ,CFS
SHA,H,76,INFLOW,20180503,1400,7195, ,CFS
SHA,H,76,INFLOW,20180503,1500,66, ,CFS
SHA,H,76,INFLOW,20180503,1600,7164, ,CFS
SHA,H,76,INFLOW,20180503,1700,3865, ,CFS
SHA,H,76,INFLOW,20180503,1800,4148, ,CFS
SHA,H,76,INFLOW,20180503,1900,6803, ,CFS
SHA,H,76,INFLOW,20180503,2000,6143, ,CFS
SHA,H,76,INFLOW,20180503,2100,7032, ,CFS
SHA,H,76,INFLOW,20180503,2200,8316, ,CFS
SHA,H,76,INFLOW,20180503,2300,-3832, ,CFS
SHA,H,76,INFLOW,20180504,0000,8462, ,CFS
SHA,H,76,INFLOW,20180504,0100,2829, ,CFS
SHA,H,76,INFLOW,20180504,0200,2033, ,CFS
SHA,H,76,INFLOW,20180504,0300,5502, ,CFS
SHA,H,76,INFLOW,20180504,0400,-900, ,CFS
SHA,H,76,INFLOW,20180504,0500,20022, ,CFS
SHA,H,76,INFLOW,20180504,0600,6169, ,CFS
SHA,H,76,INFLOW,20180504,0700,8640, ,CFS
SHA,H,76,INFLOW,20180504,0800,12090, ,CFS
SHA,H,76,INFLOW,20180504,0900,5198, ,CFS
SHA,H,76,INFLOW,20180504,1000,5006, ,CFS
SHA,H,76,INFLOW,20180504,1100,6575, ,CFS
SHA,H,76,INFLOW,20180504,1200,6799, ,CFS
SHA,H,76,INFLOW,20180504,1300,4946, ,CFS
SHA,H,76,INFLOW,20180504,1400,15170, ,CFS
SHA,H,76,INFLOW,20180504,1500,4879, ,CFS
SHA,H,76,INFLOW,20180504,1600,10521, ,CFS
SHA,H,76,INFLOW,20180504,1700,11675, ,CFS
SHA,H,76,INFLOW,20180504,1800,4903, ,CFS
SHA,H,76,INFLOW,20180504,1900,8856, ,CFS
SHA,H,76,INFLOW,20180504,2000,13274, ,CFS
SHA,H,76,INFLOW,20180504,2100,6976, ,CFS
SHA,H,76,INFLOW,20180504,2200,10149, ,CFS
SHA,H,76,INFLOW,20180504,2300,8514, ,CFS
SHA,H,76,INFLOW,20180505,0000,5153, ,CFS
SHA,H,76,INFLOW,20180505,0100,1482, ,CFS
SHA,H,76,INFLOW,20180505,0200,4187, ,CFS
SHA,H,76,INFLOW,20180505,0300,555, ,CFS
SHA,H,76,INFLOW,20180505,0400,4131, ,CFS
SHA,H,76,INFLOW,20180505,0500,4284, ,CFS
SHA,H,76,INFLOW,20180505,0600,-1741, ,CFS
SHA,H,76,INFLOW,20180505,0700,9480, ,CFS
SHA,H,76,INFLOW,20180505,0800,-229, ,CFS
SHA,H,76,INFLOW,20180505,0900,1837, ,CFS
SHA,H,76,INFLOW,20180505,1000,1562, ,CFS
SHA,H,76,INFLOW,20180505,1100,-1805, ,CFS
SHA,H,76,INFLOW,20180505,1200,8542, ,CFS
SHA,H,76,INFLOW,20180505,1300,-1265, ,CFS
SHA,H,76,INFLOW,20180505,1400,6182, ,CFS
SHA,H,76,INFLOW,20180505,1500,2780, ,CFS
SHA,H,76,INFLOW,20180505,1600,2966, ,CFS
SHA,H,76,INFLOW,20180505,1700,16752, ,CFS
SHA,H,76,INFLOW,20180505,1800,535, ,CFS
SHA,H,76,INFLOW,20180505,1900,8121, ,CFS
SHA,H,76,INFLOW,20180505,2000,8968, ,CFS
SHA,H,76,INFLOW,20180505,2100,5480, ,CFS
SHA,H,76,INFLOW,20180505,2200,12201, ,CFS
SHA,H,76,INFLOW,20180505,2300,6090, ,CFS
SHA,H,76,INFLOW,20180506,0000,4004, ,CFS
SHA,H,76,INFLOW,20180506,0100,10016, ,CFS
SHA,H,76,INFLOW,20180506,0200,-417, ,CFS
SHA,H,76,INFLOW,20180506,0300,2511, ,CFS
SHA,H,76,INFLOW,20180506,0400,2580, ,CFS
SHA,H,76,INFLOW,20180506,0500,-724, ,CFS
SHA,H,76,INFLOW,20180506,0600,6540, ,CFS
SHA,H,76,INFLOW,20180506,0700,2401, ,CFS
SHA,H,76,INFLOW,20180506,0800,-3695, ,CFS
SHA,H,76,INFLOW,20180506,0900,4350, ,CFS
SHA,H,76,INFLOW,20180506,1000,7215, ,CFS
SHA,H,76,INFLOW,20180506,1100,3775, ,CFS
SHA,H,76,INFLOW,20180506,1200,10619, ,CFS
SHA,H,76,INFLOW,20180506,1300,3784, ,CFS
SHA,H,76,INFLOW,20180506,1400,3882, ,CFS
SHA,H,76,INFLOW,20180506,1500,4087, ,CFS
SHA,H,76,INFLOW,20180506,1600,1110, ,CFS
SHA,H,76,INFLOW,20180506,1700,1618, ,CFS
SHA,H,76,INFLOW,20180506,1800,5593, ,CFS
SHA,H,76,INFLOW,20180506,1900,3089, ,CFS
SHA,H,76,INFLOW,20180506,2000,9824, ,CFS
SHA,H,76,INFLOW,20180506,2100,10511, ,CFS
SHA,H,76,INFLOW,20180506,2200,4778, ,CFS
SHA,H,76,INFLOW,20180506,2300,5571, ,CFS
SHA,H,76,INFLOW,20180507,0000,-2348, ,CFS
SHA,H,76,INFLOW,20180507,0100,4035, ,CFS
SHA,H,76,INFLOW,20180507,0200,7464, ,CFS
SHA,H,76,INFLOW,20180507,0300,5892, ,CFS
SHA,H,76,INFLOW,20180507,0400,5932, ,CFS
SHA,H,76,INFLOW,20180507,0500,2969, ,CFS
SHA,H,76,INFLOW,20180507,0600,6520, ,CFS
SHA,H,76,INFLOW,20180507,0700,4596, ,CFS
SHA,H,76,INFLOW,20180507,0800,8227, ,CFS
SHA,H,76,INFLOW,20180507,0900,644, ,CFS
SHA,H,76,INFLOW,20180507,1000,626, ,CFS
SHA,H,76,INFLOW,20180507,1100,786, ,CFS
SHA,H,76,INFLOW,20180507,1200,862, ,CFS
SHA,H,76,INFLOW,20180507,1300,4611, ,CFS
SHA,H,76,INFLOW,20180507,1400,1029, ,CFS
SHA,H,76,INFLOW,20180507,1500,1363, ,CFS
SHA,H,76,INFLOW,20180507,1600,1312, ,CFS
SHA,H,76,INFLOW,20180507,1700,1464, ,CFS
SHA,H,76,INFLOW,20180507,1800,5556, ,CFS
SHA,H,76,INFLOW,20180507,1900,8247, ,CFS
SHA,H,76,INFLOW,20180507,2000,3107, ,CFS
SHA,H,76,INFLOW,20180507,2100,10468, ,CFS
SHA,H,76,INFLOW,20180507,2200,5950, ,CFS
SHA,H,76,INFLOW,20180507,2300,5794, ,CFS
SHA,H,76,INFLOW,20180508,0000,7926, ,CFS
SHA,H,76,INFLOW,20180508,0100,8696, ,CFS
SHA,H,76,INFLOW,20180508,0200,3727, ,CFS
SHA,H,76,INFLOW,20180508,0300,9846, ,CFS
SHA,H,76,INFLOW,20180508,0400,-426, ,CFS
SHA,H,76,INFLOW,20180508,0500,304, ,CFS
SHA,H,76,INFLOW,20180508,0600,2512, ,CFS
SHA,H,76,INFLOW,20180508,0700,3080, ,CFS
SHA,H,76,INFLOW,20180508,0800,2444, ,CFS
SHA,H,76,INFLOW,20180508,0900,2252, ,CFS
SHA,H,76,INFLOW,20180508,1000,3727, ,CFS
SHA,H,76,INFLOW,20180508,1100,7366, ,CFS
SHA,H,76,INFLOW,20180508,1200,4066, ,CFS
SHA,H,76,INFLOW,20180508,1300,4757, ,CFS
SHA,H,76,INFLOW,20180508,1400,11349, ,CFS
SHA,H,76,INFLOW,20180508,1500,5163, ,CFS
SHA,H,76,INFLOW,20180508,1600,7101, ,CFS
SHA,H,76,INFLOW,20180508,1700,9218, ,CFS
SHA,H,76,INFLOW,20180508,1800,9667, ,CFS
SHA,H,76,INFLOW,20180508,1900,10134, ,CFS
SHA,H,76,INFLOW,20180508,2000,9908, ,CFS
SHA,H,76,INFLOW,20180508,2100,6075, ,CFS
SHA,H,76,INFLOW,20180508,2200,6286, ,CFS
SHA,H,76,INFLOW,20180508,2300,9613, ,CFS
SHA,H,76,INFLOW,20180509,0000,-2117, ,CFS
SHA,H,76,INFLOW,20180509,0100,3669, ,CFS
SHA,H,76,INFLOW,20180509,0200,5678, ,CFS
SHA,H,76,INFLOW,20180509,0300,-4254, ,CFS
SHA,H,76,INFLOW,20180509,0400,6122, ,CFS
SHA,H,76,INFLOW,20180509,0500,2973, ,CFS
SHA,H,76,INFLOW,20180509,0600,-3709, ,CFS
SHA,H,76,INFLOW,20180509,0700,8666, ,CFS
SHA,H,76,INFLOW,20180509,0800,-1951, ,CFS
SHA,H,76,INFLOW,20180509,0900,4786, ,CFS
SHA,H,76,INFLOW,20180509,1000,4634, ,CFS
SHA,H,76,INFLOW,20180509,1100,7908, ,CFS
SHA,H,76,INFLOW,20180509,1200,4294, ,CFS
SHA,H,76,INFLOW,20180509,1300,7792, ,CFS
SHA,H,76,INFLOW,20180509,1400,4978, ,CFS
SHA,H,76,INFLOW,20180509,1500,5076, ,CFS
SHA,H,76,INFLOW,20180509,1600,5359, ,CFS
SHA,H,76,INFLOW,20180509,1700,6047, ,CFS
SHA,H,76,INFLOW,20180509,1800,7679, ,CFS
SHA,H,76,INFLOW,20180509,1900,3171, ,CFS
SHA,H,76,INFLOW,20180509,2000,4252, ,CFS
SHA,H,76,INFLOW,20180509,2100,11262, ,CFS
SHA,H,76,INFLOW,20180509,2200,2900, ,CFS
SHA,H,76,INFLOW,20180509,2300,8797, ,CFS
SHA,H,76,INFLOW,20180510,0000,6650, ,CFS
SHA,H,76,INFLOW,20180510,0100,-245, ,CFS
SHA,H,76,INFLOW,20180510,0200,2769, ,CFS
SHA,H,76,INFLOW,20180510,0300,9383, ,CFS
SHA,H,76,INFLOW,20180510,0400,2597, ,CFS
SHA,H,76,INFLOW,20180510,0500,9675, ,CFS
SHA,H,76,INFLOW,20180510,0600,-557, ,CFS
SHA,H,76,INFLOW,20180510,0700,4958, ,CFS
SHA,H,76,INFLOW,20180510,0800,1400, ,CFS
SHA,H,76,INFLOW,20180510,0900,3820, ,CFS
SHA,H,76,INFLOW,20180510,1000,4105, ,CFS
SHA,H,76,INFLOW,20180510,1100,4273, ,CFS
SHA,H,76,INFLOW,20180510,1200,680, ,CFS
SHA,H,76,INFLOW,20180510,1300,3525, ,CFS
SHA,H,76,INFLOW,20180510,1400,7870, ,CFS
SHA,H,76,INFLOW,20180510,1500,1794, ,CFS
SHA,H,76,INFLOW,20180510,1600,4696, ,CFS
SHA,H,76,INFLOW,20180510,1700,1577, ,CFS
SHA,H,76,INFLOW,20180510,1800,5309, ,CFS
SHA,H,76,INFLOW,20180510,1900,7975, ,CFS
SHA,H,76,INFLOW,20180510,2000,1724, ,CFS
SHA,H,76,INFLOW,20180510,2100,5053, ,CFS
SHA,H,76,INFLOW,20180510,2200,7370, ,CFS
SHA,H,76,INFLOW,20180510,2300,7439, ,CFS
SHA,H,76,INFLOW,20180511,0000,3158, ,CFS
SHA,H,76,INFLOW,20180511,0100,7454, ,CFS
SHA,H,76,INFLOW,20180511,0200,-368, ,CFS
SHA,H,76,INFLOW,20180511,0300,2806, ,CFS
SHA,H,76,INFLOW,20180511,0400,2634, ,CFS
SHA,H,76,INFLOW,20180511,0500,6375, ,CFS
SHA,H,76,INFLOW,20180511,0600,2746, ,CFS
SHA,H,76,INFLOW,20180511,0700,7995, ,CFS
SHA,H,76,INFLOW,20180511,0800,2721, ,CFS
SHA,H,76,INFLOW,20180511,0900,8601, ,CFS
SHA,H,76,INFLOW,20180511,1000,8799, ,CFS
SHA,H,76,INFLOW,20180511,1100,8825, ,CFS
SHA,H,76,INFLOW,20180511,1200,2007, ,CFS
SHA,H,76,INFLOW,20180511,1300,11960, ,CFS
SHA,H,76,INFLOW,20180511,1400,8568, ,CFS
SHA,H,76,INFLOW,20180511,1500,8774, ,CFS
SHA,H,76,INFLOW,20180511,1600,2292, ,CFS
SHA,H,76,INFLOW,20180511,1700,10410, ,CFS
SHA,H,76,INFLOW,20180511,1800,-3449, ,CFS
SHA,H,76,INFLOW,20180511,1900,7062, ,CFS
SHA,H,76,INFLOW,20180511,2000,3865, ,CFS
SHA,H,76,INFLOW,20180511,2100,3918, ,CFS
SHA,H,76,INFLOW,20180511,2200,3393, ,CFS
SHA,H,76,INFLOW,20180511,2300,3618, ,CFS
SHA,H,76,INFLOW,20180512,0000,-351, ,CFS
SHA,H,76,INFLOW,20180512,0100,4996, ,CFS
SHA,H,76,INFLOW,20180512,0200,3190, ,CFS
SHA,H,76,INFLOW,20180512,0300,-741, ,CFS
SHA,H,76,INFLOW,20180512,0400,5929, ,CFS
SHA,H,76,INFLOW,20180512,0500,2619, ,CFS
SHA,H,76,INFLOW,20180512,0600,-173, ,CFS
SHA,H,76,INFLOW,20180512,0700,8595, ,CFS
SHA,H,76,INFLOW,20180512,0800,-4885, ,CFS
SHA,H,76,INFLOW,20180512,0900,11404, ,CFS
SHA,H,76,INFLOW,20180512,1000,-2293, ,CFS
SHA,H,76,INFLOW,20180512,1100,1081, ,CFS
SHA,H,76,INFLOW,20180512,1200,5120, ,CFS
SHA,H,76,INFLOW,20180512,1300,8175, ,CFS
SHA,H,76,INFLOW,20180512,1400,5167, ,CFS
SHA,H,76,INFLOW,20180512,1500,8743, ,CFS
SHA,H,76,INFLOW,20180512,1600,12362, ,CFS
SHA,H,76,INFLOW,20180512,1700,5657, ,CFS
SHA,H,76,INFLOW,20180512,1800,9284, ,CFS
SHA,H,76,INFLOW,20180512,1900,5457, ,CFS
SHA,H,76,INFLOW,20180512,2000,6790, ,CFS
SHA,H,76,INFLOW,20180512,2100,10705, ,CFS
SHA,H,76,INFLOW,20180512,2200,9366, ,CFS
SHA,H,76,INFLOW,20180512,2300,7215, ,CFS
SHA,H,76,INFLOW,20180513,0000,6947, ,CFS
SHA,H,76,INFLOW,20180513,0100,2777, ,CFS
SHA,H,76,INFLOW,20180513,0200,6193, ,CFS
SHA,H,76,INFLOW,20180513,0300,13014, ,CFS
SHA,H,76,INFLOW,20180513,0400,2832, ,CFS
SHA,H,76,INFLOW,20180513,0500,6219, ,CFS
SHA,H,76,INFLOW,20180513,0600,3127, ,CFS
SHA,H,76,INFLOW,20180513,0700,8769, ,CFS
SHA,H,76,INFLOW,20180513,0800,5047, ,CFS
SHA,H,76,INFLOW,20180513,0900,4985, ,CFS
SHA,H,76,INFLOW,20180513,1000,1440, ,CFS
SHA,H,76,INFLOW,20180513,1100,5297, ,CFS
SHA,H,76,INFLOW,20180513,1200,8585, ,CFS
SHA,H,76,INFLOW,20180513,1300,1429, ,CFS
SHA,H,76,INFLOW,20180513,1400,4713, ,CFS
SHA,H,76,INFLOW,20180513,1500,5250, ,CFS
SHA,H,76,INFLOW,20180513,1600,2024, ,CFS
SHA,H,76,INFLOW,20180513,1700,5700, ,CFS
SHA,H,76,INFLOW,20180513,1800,1311, ,CFS
SHA,H,76,INFLOW,20180513,1900,4303, ,CFS
SHA,H,76,INFLOW,20180513,2000,7429, ,CFS
SHA,H,76,INFLOW,20180513,2100,981, ,CFS
SHA,H,76,INFLOW,20180513,2200,7881, ,CFS
SHA,H,76,INFLOW,20180513,2300,3291, ,CFS
SHA,H,76,INFLOW,20180514,0000,2823, ,CFS
SHA,H,76,INFLOW,20180514,0100,3170, ,CFS
SHA,H,76,INFLOW,20180514,0200,2725, ,CFS
SHA,H,76,INFLOW,20180514,0300,2652, ,CFS
SHA,H,76,INFLOW,20180514,0400,6060, ,CFS
SHA,H,76,INFLOW,20180514,0500,2881, ,CFS
SHA,H,76,INFLOW,20180514,0600,1115, ,CFS
SHA,H,76,INFLOW,20180514,0700,5713, ,CFS
SHA,H,76,INFLOW,20180514,0800,2495, ,CFS
SHA,H,76,INFLOW,20180514,0900,1895, ,CFS
SHA,H,76,INFLOW,20180514,1000,5005, ,CFS
SHA,H,76,INFLOW,20180514,1100,4838, ,CFS
SHA,H,76,INFLOW,20180514,1200,4971, ,CFS
SHA,H,76,INFLOW,20180514,1300,4920, ,CFS
SHA,H,76,INFLOW,20180514,1400,1811, ,CFS
SHA,H,76,INFLOW,20180514,1500,4122, ,CFS
SHA,H,76,INFLOW,20180514,1600,4099, ,CFS
SHA,H,76,INFLOW,20180514,1700,4350, ,CFS
SHA,H,76,INFLOW,20180514,1800,784, ,CFS
SHA,H,76,INFLOW,20180514,1900,6031, ,CFS
SHA,H,76,INFLOW,20180514,2000,3623, ,CFS
SHA,H,76,INFLOW,20180514,2100,3878, ,CFS
SHA,H,76,INFLOW,20180514,2200,2630, ,CFS
SHA,H,76,INFLOW,20180514,2300,3533, ,CFS
SHA,H,76,INFLOW,20180515,0000,4964, ,CFS
SHA,H,76,INFLOW,20180515,0100,1474, ,CFS
SHA,H,76,INFLOW,20180515,0200,3176, ,CFS
SHA,H,76,INFLOW,20180515,0300,2982, ,CFS
SHA,H,76,INFLOW,20180515,0400,6417, ,CFS
SHA,H,76,INFLOW,20180515,0500,3266, ,CFS
SHA,H,76,INFLOW,20180515,0600,3677, ,CFS
SHA,H,76,INFLOW,20180515,0700,9502, ,CFS
SHA,H,76,INFLOW,20180515,0800,6778, ,CFS
SHA,H,76,INFLOW,20180515,0900,4866, ,CFS
SHA,H,76,INFLOW,20180515,1000,8198, ,CFS
SHA,H,76,INFLOW,20180515,1100,8009, ,CFS
SHA,H,76,INFLOW,20180515,1200,4426, ,CFS
SHA,H,76,INFLOW,20180515,1300,7645, ,CFS
SHA,H,76,INFLOW,20180515,1400,24346, ,CFS
SHA,H,76,INFLOW,20180515,1500,-5636, ,CFS
SHA,H,76,INFLOW,20180515,1600,1722, ,CFS
SHA,H,76,INFLOW,20180515,1700,12563, ,CFS
SHA,H,76,INFLOW,20180515,1800,-4779, ,CFS
SHA,H,76,INFLOW,20180515,1900,6886, ,CFS
SHA,H,76,INFLOW,20180515,2000,13471, ,CFS
SHA,H,76,INFLOW,20180515,2100,7016, ,CFS
SHA,H,76,INFLOW,20180515,2200,10224, ,CFS
SHA,H,76,INFLOW,20180515,2300,6555, ,CFS
SHA,H,76,INFLOW,20180516,0000,2379, ,CFS
SHA,H,76,INFLOW,20180516,0100,16162, ,CFS
SHA,H,76,INFLOW,20180516,0200,5496, ,CFS
SHA,H,76,INFLOW,20180516,0300,5138, ,CFS
SHA,H,76,INFLOW,20180516,0400,8557, ,CFS
SHA,H,76,INFLOW,20180516,0500,5446, ,CFS
SHA,H,76,INFLOW,20180516,0600,1081, ,CFS
SHA,H,76,INFLOW,20180516,0700,7438, ,CFS
SHA,H,76,INFLOW,20180516,0800,-741, ,CFS
SHA,H,76,INFLOW,20180516,0900,3211, ,CFS
SHA,H,76,INFLOW,20180516,1000,5797, ,CFS
SHA,H,76,INFLOW,20180516,1100,2896, ,CFS
SHA,H,76,INFLOW,20180516,1200,2560, ,CFS
SHA,H,76,INFLOW,20180516,1300,1869, ,CFS
SHA,H,76,INFLOW,20180516,1400,1461, ,CFS
SHA,H,76,INFLOW,20180516,1500,5301, ,CFS
SHA,H,76,INFLOW,20180516,1600,5302, ,CFS
SHA,H,76,INFLOW,20180516,1700,2003, ,CFS
SHA,H,76,INFLOW,20180516,1800,276, ,CFS
SHA,H,76,INFLOW,20180516,1900,-530, ,CFS
SHA,H,76,INFLOW,20180516,2000,2989, ,CFS
SHA,H,76,INFLOW,20180516,2100,3092, ,CFS
SHA,H,76,INFLOW,20180516,2200,6062, ,CFS
SHA,H,76,INFLOW,20180516,2300,-89, ,CFS
SHA,H,76,INFLOW,20180517,0000,4570, ,CFS
SHA,H,76,INFLOW,20180517,0100,5438, ,CFS
SHA,H,76,INFLOW,20180517,0200,-1926, ,CFS
SHA,H,76,INFLOW,20180517,0300,4556, ,CFS
SHA,H,76,INFLOW,20180517,0400,1398, ,CFS
SHA,H,76,INFLOW,20180517,0500,5930, ,CFS
SHA,H,76,INFLOW,20180517,0600,-846, ,CFS
SHA,H,76,INFLOW,20180517,0700,3689, ,CFS
SHA,H,76,INFLOW,20180517,0800,3468, ,CFS
SHA,H,76,INFLOW,20180517,0900,-1932, ,CFS
SHA,H,76,INFLOW,20180517,1000,2954, ,CFS
SHA,H,76,INFLOW,20180517,1100,-59, ,CFS
SHA,H,76,INFLOW,20180517,1200,6890, ,CFS
SHA,H,76,INFLOW,20180517,1300,2908, ,CFS
SHA,H,76,INFLOW,20180517,1400,9617, ,CFS
SHA,H,76,INFLOW,20180517,1500,6107, ,CFS
SHA,H,76,INFLOW,20180517,1600,6390, ,CFS
SHA,H,76,INFLOW,20180517,1700,5794, ,CFS
SHA,H,76,INFLOW,20180517,1800,4706, ,CFS
SHA,H,76,INFLOW,20180517,1900,7424, ,CFS
SHA,H,76,INFLOW,20180517,2000,7477, ,CFS
SHA,H,76,INFLOW,20180517,2100,7970, ,CFS
SHA,H,76,INFLOW,20180517,2200,3819, ,CFS
SHA,H,76,INFLOW,20180517,2300,6701, ,CFS
SHA,H,76,INFLOW,20180518,0000,6323, ,CFS
SHA,H,76,INFLOW,20180518,0100,6253, ,CFS
SHA,H,76,INFLOW,20180518,0200,2706, ,CFS
SHA,H,76,INFLOW,20180518,0300,8756, ,CFS
SHA,H,76,INFLOW,20180518,0400,2036, ,CFS
SHA,H,76,INFLOW,20180518,0500,8372, ,CFS
SHA,H,76,INFLOW,20180518,0600,4519, ,CFS
SHA,H,76,INFLOW,20180518,0700,6151, ,CFS
SHA,H,76,INFLOW,20180518,0800,5954, ,CFS
SHA,H,76,INFLOW,20180518,0900,2609, ,CFS
SHA,H,76,INFLOW,20180518,1000,2269, ,CFS
SHA,H,76,INFLOW,20180518,1100,6486, ,CFS
SHA,H,76,INFLOW,20180518,1200,6666, ,CFS
SHA,H,76,INFLOW,20180518,1300,5422, ,CFS
SHA,H,76,INFLOW,20180518,1400,6459, ,CFS
SHA,H,76,INFLOW,20180518,1500,6997, ,CFS
SHA,H,76,INFLOW,20180518,1600,414, ,CFS
SHA,H,76,INFLOW,20180518,1700,3559, ,CFS
SHA,H,76,INFLOW,20180518,1800,776, ,CFS
SHA,H,76,INFLOW,20180518,1900,7058, ,CFS
SHA,H,76,INFLOW,20180518,2000,4253, ,CFS
SHA,H,76,INFLOW,20180518,2100,4440, ,CFS
SHA,H,76,INFLOW,20180518,2200,4226, ,CFS
SHA,H,76,INFLOW,20180518,2300,4249, ,CFS
SHA,H,76,INFLOW,20180519,0000,2289, ,CFS
SHA,H,76,INFLOW,20180519,0100,5803, ,CFS
SHA,H,76,INFLOW,20180519,0200,1405, ,CFS
SHA,H,76,INFLOW,20180519,0300,2487, ,CFS
SHA,H,76,INFLOW,20180519,0400,2566, ,CFS
SHA,H,76,INFLOW,20180519,0500,3387, ,CFS
SHA,H,76,INFLOW,20180519,0600,5184, ,CFS
SHA,H,76,INFLOW,20180519,0700,3263, ,CFS
SHA,H,76,INFLOW,20180519,0800,-3555, ,CFS
SHA,H,76,INFLOW,20180519,0900,2718, ,CFS
SHA,H,76,INFLOW,20180519,1000,-827, ,CFS
SHA,H,76,INFLOW,20180519,1100,2493, ,CFS
SHA,H,76,INFLOW,20180519,1200,2943, ,CFS
SHA,H,76,INFLOW,20180519,1300,2965, ,CFS
SHA,H,76,INFLOW,20180519,1400,2547, ,CFS
SHA,H,76,INFLOW,20180519,1500,6153, ,CFS
SHA,H,76,INFLOW,20180519,1600,250, ,CFS
SHA,H,76,INFLOW,20180519,1700,2919, ,CFS
SHA,H,76,INFLOW,20180519,1800,-2570, ,CFS
SHA,H,76,INFLOW,20180519,1900,5014, ,CFS
SHA,H,76,INFLOW,20180519,2000,3701, ,CFS
SHA,H,76,INFLOW,20180519,2100,3897, ,CFS
SHA,H,76,INFLOW,20180519,2200,704, ,CFS
SHA,H,76,INFLOW,20180519,2300,4053, ,CFS
SHA,H,76,INFLOW,20180520,0000,2328, ,CFS
SHA,H,76,INFLOW,20180520,0100,2053, ,CFS
SHA,H,76,INFLOW,20180520,0200,-1239, ,CFS
SHA,H,76,INFLOW,20180520,0300,2250, ,CFS
SHA,H,76,INFLOW,20180520,0400,-918, ,CFS
SHA,H,76,INFLOW,20180520,0500,2752, ,CFS
SHA,H,76,INFLOW,20180520,0600,-282, ,CFS
SHA,H,76,INFLOW,20180520,0700,2981, ,CFS
SHA,H,76,INFLOW,20180520,0800,2971, ,CFS
SHA,H,76,INFLOW,20180520,0900,-218, ,CFS
SHA,H,76,INFLOW,20180520,1000,3127, ,CFS
SHA,H,76,INFLOW,20180520,1100,-129, ,CFS
SHA,H,76,INFLOW,20180520,1200,3187, ,CFS
SHA,H,76,INFLOW,20180520,1300,4496, ,CFS
SHA,H,76,INFLOW,20180520,1400,11110, ,CFS
SHA,H,76,INFLOW,20180520,1500,4683, ,CFS
SHA,H,76,INFLOW,20180520,1600,4737, ,CFS
SHA,H,76,INFLOW,20180520,1700,3683, ,CFS
SHA,H,76,INFLOW,20180520,1800,1819, ,CFS
SHA,H,76,INFLOW,20180520,1900,5827, ,CFS
SHA,H,76,INFLOW,20180520,2000,4662, ,CFS
SHA,H,76,INFLOW,20180520,2100,1737, ,CFS
SHA,H,76,INFLOW,20180520,2200,4028, ,CFS
SHA,H,76,INFLOW,20180520,2300,3982, ,CFS
SHA,H,76,INFLOW,20180521,0000,2040, ,CFS
SHA,H,76,INFLOW,20180521,0100,1830, ,CFS
SHA,H,76,INFLOW,20180521,0200,2999, ,CFS
SHA,H,76,INFLOW,20180521,0300,2855, ,CFS
SHA,H,76,INFLOW,20180521,0400,2748, ,CFS
SHA,H,76,INFLOW,20180521,0500,-349, ,CFS
SHA,H,76,INFLOW,20180521,0600,5285, ,CFS
SHA,H,76,INFLOW,20180521,0700,1732, ,CFS
SHA,H,76,INFLOW,20180521,0800,2256, ,CFS
SHA,H,76,INFLOW,20180521,0900,416, ,CFS
SHA,H,76,INFLOW,20180521,1000,3788, ,CFS
SHA,H,76,INFLOW,20180521,1100,3264, ,CFS
SHA,H,76,INFLOW,20180521,1200,6490, ,CFS
SHA,H,76,INFLOW,20180521,1300,2896, ,CFS
SHA,H,76,INFLOW,20180521,1400,5940, ,CFS
SHA,H,76,INFLOW,20180521,1500,5016, ,CFS
SHA,H,76,INFLOW,20180521,1600,8460, ,CFS
SHA,H,76,INFLOW,20180521,1700,7088, ,CFS
SHA,H,76,INFLOW,20180521,1800,7368, ,CFS
SHA,H,76,INFLOW,20180521,1900,3328, ,CFS
SHA,H,76,INFLOW,20180521,2000,11307, ,CFS
SHA,H,76,INFLOW,20180521,2100,5107, ,CFS
SHA,H,76,INFLOW,20180521,2200,8452, ,CFS
SHA,H,76,INFLOW,20180521,2300,4001, ,CFS
SHA,H,76,INFLOW,20180522,0000,2616, ,CFS
SHA,H,76,INFLOW,20180522,0100,9575, ,CFS
SHA,H,76,INFLOW,20180522,0200,3474, ,CFS
SHA,H,76,INFLOW,20180522,0300,5948, ,CFS
SHA,H,76,INFLOW,20180522,0400,6024, ,CFS
SHA,H,76,INFLOW,20180522,0500,6300, ,CFS
SHA,H,76,INFLOW,20180522,0600,5974, ,CFS
SHA,H,76,INFLOW,20180522,0700,5365, ,CFS
SHA,H,76,INFLOW,20180522,0800,5282, ,CFS
SHA,H,76,INFLOW,20180522,0900,3912, ,CFS
SHA,H,76,INFLOW,20180522,1000,3482, ,CFS
SHA,H,76,INFLOW,20180522,1100,7064, ,CFS
SHA,H,76,INFLOW,20180522,1200,4171, ,CFS
SHA,H,76,INFLOW,20180522,1300,5269, ,CFS
SHA,H,76,INFLOW,20180522,1400,6347, ,CFS
SHA,H,76,INFLOW,20180522,1500,4327, ,CFS
SHA,H,76,INFLOW,20180522,1600,7288, ,CFS
SHA,H,76,INFLOW,20180522,1700,1986, ,CFS
SHA,H,76,INFLOW,20180522,1800,2193, ,CFS
SHA,H,76,INFLOW,20180522,1900,2374, ,CFS
SHA,H,76,INFLOW,20180522,2000,4905, ,CFS
SHA,H,76,INFLOW,20180522,2100,-2031, ,CFS
SHA,H,76,INFLOW,20180522,2200,14828, ,CFS
SHA,H,76,INFLOW,20180522,2300,3405, ,CFS
SHA,H,76,INFLOW,20180523,0000,7614, ,CFS
SHA,H,76,INFLOW,20180523,0100,5722, ,CFS
SHA,H,76,INFLOW,20180523,0200,-830, ,CFS
SHA,H,76,INFLOW,20180523,0300,7170, ,CFS
SHA,H,76,INFLOW,20180523,0400,-3287, ,CFS
SHA,H,76,INFLOW,20180523,0500,1097, ,CFS
SHA,H,76,INFLOW,20180523,0600,1808, ,CFS
SHA,H,76,INFLOW,20180523,0700,1796, ,CFS
SHA,H,76,INFLOW,20180523,0800,5029, ,CFS
SHA,H,76,INFLOW,20180523,0900,4737, ,CFS
SHA,H,76,INFLOW,20180523,1000,1608, ,CFS
SHA,H,76,INFLOW,20180523,1100,5015, ,CFS
SHA,H,76,INFLOW,20180523,1200,1713, ,CFS
SHA,H,76,INFLOW,20180523,1300,4095, ,CFS
SHA,H,76,INFLOW,20180523,1400,4588, ,CFS
SHA,H,76,INFLOW,20180523,1500,94622, ,CFS
SHA,H,76,INFLOW,20180523,1600,7964, ,CFS
SHA,H,76,INFLOW,20180523,1700,-1732, ,CFS
SHA,H,76,INFLOW,20180523,1800,4363, ,CFS
SHA,H,76,INFLOW,20180523,1900,3971, ,CFS
SHA,H,76,INFLOW,20180523,2000,-3160, ,CFS
SHA,H,76,INFLOW,20180523,2100,14099, ,CFS
SHA,H,76,INFLOW,20180523,2200,4191, ,CFS
SHA,H,76,INFLOW,20180523,2300,9919, ,CFS
SHA,H,76,INFLOW,20180524,0000,6959, ,CFS
SHA,H,76,INFLOW,20180524,0100,3950, ,CFS
SHA,H,76,INFLOW,20180524,0200,9934, ,CFS
SHA,H,76,INFLOW,20180524,0300,4958, ,CFS
SHA,H,76,INFLOW,20180524,0400,5185, ,CFS
SHA,H,76,INFLOW,20180524,0500,9214, ,CFS
SHA,H,76,INFLOW,20180524,0600,242, ,CFS
SHA,H,76,INFLOW,20180524,0700,5813, ,CFS
SHA,H,76,INFLOW,20180524,0800,1519, ,CFS
SHA,H,76,INFLOW,20180524,0900,-5162, ,CFS
SHA,H,76,INFLOW,20180524,1000,4912, ,CFS
SHA,H,76,INFLOW,20180524,1100,2105, ,CFS
SHA,H,76,INFLOW,20180524,1200,2067, ,CFS
SHA,H,76,INFLOW,20180524,1300,6213, ,CFS
SHA,H,76,INFLOW,20180524,1400,2216, ,CFS
SHA,H,76,INFLOW,20180524,1500,-1297, ,CFS
SHA,H,76,INFLOW,20180524,1600,2460, ,CFS
SHA,H,76,INFLOW,20180524,1700,131, ,CFS
SHA,H,76,INFLOW,20180524,1800,10697, ,CFS
SHA,H,76,INFLOW,20180524,1900,5096, ,CFS
SHA,H,76,INFLOW,20180524,2000,8449, ,CFS
SHA,H,76,INFLOW,20180524,2100,8502, ,CFS
SHA,H,76,INFLOW,20180524,2200,7541, ,CFS
SHA,H,76,INFLOW,20180524,2300,8207, ,CFS
SHA,H,76,INFLOW,20180525,0000,5614, ,CFS
SHA,H,76,INFLOW,20180525,0100,1933, ,CFS
SHA,H,76,INFLOW,20180525,0200,4246, ,CFS
SHA,H,76,INFLOW,20180525,0300,3753, ,CFS
SHA,H,76,INFLOW,20180525,0400,7104, ,CFS
SHA,H,76,INFLOW,20180525,0500,939, ,CFS
SHA,H,76,INFLOW,20180525,0600,7121, ,CFS
SHA,H,76,INFLOW,20180525,0700,5827, ,CFS
SHA,H,76,INFLOW,20180525,0800,-453, ,CFS
SHA,H,76,INFLOW,20180525,0900,1508, ,CFS
SHA,H,76,INFLOW,20180525,1000,11469, ,CFS
SHA,H,76,INFLOW,20180525,1100,11532, ,CFS
SHA,H,76,INFLOW,20180525,1200,4867, ,CFS
SHA,H,76,INFLOW,20180525,1300,7433, ,CFS
SHA,H,76,INFLOW,20180525,1400,7395, ,CFS
SHA,H,76,INFLOW,20180525,1500,4047, ,CFS
SHA,H,76,INFLOW,20180525,1600,4003, ,CFS
SHA,H,76,INFLOW,20180525,1700,4622, ,CFS
SHA,H,76,INFLOW,20180525,1800,7087, ,CFS
SHA,H,76,INFLOW,20180525,1900,8550, ,CFS
SHA,H,76,INFLOW,20180525,2000,5400, ,CFS
SHA,H,76,INFLOW,20180525,2100,8260, ,CFS
SHA,H,76,INFLOW,20180525,2200,4869, ,CFS
SHA,H,76,INFLOW,20180525,2300,5425, ,CFS
SHA,H,76,INFLOW,20180526,0000,8284, ,CFS
SHA,H,76,INFLOW,20180526,0100,4400, ,CFS
SHA,H,76,INFLOW,20180526,0200,5209, ,CFS
SHA,H,76,INFLOW,20180526,0300,11064, ,CFS
SHA,H,76,INFLOW,20180526,0400,-2271, ,CFS
SHA,H,76,INFLOW,20180526,0500,4331, ,CFS
SHA,H,76,INFLOW,20180526,0600,-1434, ,CFS
SHA,H,76,INFLOW,20180526,0700,5115, ,CFS
SHA,H,76,INFLOW,20180526,0800,1302, ,CFS
SHA,H,76,INFLOW,20180526,0900,5941, ,CFS
SHA,H,76,INFLOW,20180526,1000,-776, ,CFS
SHA,H,76,INFLOW,20180526,1100,2511, ,CFS
SHA,H,76,INFLOW,20180526,1200,2394, ,CFS
SHA,H,76,INFLOW,20180526,1300,-2234, ,CFS
SHA,H,76,INFLOW,20180526,1400,4241, ,CFS
SHA,H,76,INFLOW,20180526,1500,986, ,CFS
SHA,H,76,INFLOW,20180526,1600,4349, ,CFS
SHA,H,76,INFLOW,20180526,1700,13037, ,CFS
SHA,H,76,INFLOW,20180526,1800,6535, ,CFS
SHA,H,76,INFLOW,20180526,1900,10418, ,CFS
SHA,H,76,INFLOW,20180526,2000,17370, ,CFS
SHA,H,76,INFLOW,20180526,2100,4445, ,CFS
SHA,H,76,INFLOW,20180526,2200,7161, ,CFS
SHA,H,76,INFLOW,20180526,2300,3033, ,CFS
SHA,H,76,INFLOW,20180527,0000,2278, ,CFS
SHA,H,76,INFLOW,20180527,0100,4934, ,CFS
SHA,H,76,INFLOW,20180527,0200,392, ,CFS
SHA,H,76,INFLOW,20180527,0300,-951, ,CFS
SHA,H,76,INFLOW,20180527,0400,5729, ,CFS
SHA,H,76,INFLOW,20180527,0500,-891, ,CFS
SHA,H,76,INFLOW,20180527,0600,-228, ,CFS
SHA,H,76,INFLOW,20180527,0700,4822, ,CFS
SHA,H,76,INFLOW,20180527,0800,-1950, ,CFS
SHA,H,76,INFLOW,20180527,0900,3494, ,CFS
SHA,H,76,INFLOW,20180527,1000,-161, ,CFS
SHA,H,76,INFLOW,20180527,1100,2840, ,CFS
SHA,H,76,INFLOW,20180527,1200,2870, ,CFS
SHA,H,76,INFLOW,20180527,1300,3133, ,CFS
SHA,H,76,INFLOW,20180527,1400,144, ,CFS
SHA,H,76,INFLOW,20180527,1500,3865, ,CFS
SHA,H,76,INFLOW,20180527,1600,4330, ,CFS
SHA,H,76,INFLOW,20180527,1700,647, ,CFS
SHA,H,76,INFLOW,20180527,1800,1409, ,CFS
SHA,H,76,INFLOW,20180527,1900,316, ,CFS
SHA,H,76,INFLOW,20180527,2000,10308, ,CFS
SHA,H,76,INFLOW,20180527,2100,6955, ,CFS
SHA,H,76,INFLOW,20180527,2200,10027, ,CFS
SHA,H,76,INFLOW,20180527,2300,5750, ,CFS
SHA,H,76,INFLOW,20180528,0000,5270, ,CFS
SHA,H,76,INFLOW,20180528,0100,6947, ,CFS
SHA,H,76,INFLOW,20180528,0200,5715, ,CFS
SHA,H,76,INFLOW,20180528,0300,8921, ,CFS
SHA,H,76,INFLOW,20180528,0400,8930, ,CFS
SHA,H,76,INFLOW,20180528,0500,5971, ,CFS
SHA,H,76,INFLOW,20180528,0600,9961, ,CFS
SHA,H,76,INFLOW,20180528,0700,10831, ,CFS
SHA,H,76,INFLOW,20180528,0800,6194, ,CFS
SHA,H,76,INFLOW,20180528,0900,5917, ,CFS
SHA,H,76,INFLOW,20180528,1000,2547, ,CFS
SHA,H,76,INFLOW,20180528,1100,8879, ,CFS
SHA,H,76,INFLOW,20180528,1200,5608, ,CFS
SHA,H,76,INFLOW,20180528,1300,4915, ,CFS
SHA,H,76,INFLOW,20180528,1400,5113, ,CFS
SHA,H,76,INFLOW,20180528,1500,2329, ,CFS
SHA,H,76,INFLOW,20180528,1600,6520, ,CFS
SHA,H,76,INFLOW,20180528,1700,3929, ,CFS
SHA,H,76,INFLOW,20180528,1800,9808, ,CFS
SHA,H,76,INFLOW,20180528,1900,6528, ,CFS
SHA,H,76,INFLOW,20180528,2000,5096, ,CFS
SHA,H,76,INFLOW,20180528,2100,3609, ,CFS
SHA,H,76,INFLOW,20180528,2200,4306, ,CFS
SHA,H,76,INFLOW,20180528,2300,5697, ,CFS
SHA,H,76,INFLOW,20180529,0000,6164, ,CFS
SHA,H,76,INFLOW,20180529,0100,4206, ,CFS
SHA,H,76,INFLOW,20180529,0200,7130, ,CFS
SHA,H,76,INFLOW,20180529,0300,624, ,CFS
SHA,H,76,INFLOW,20180529,0400,7212, ,CFS
SHA,H,76,INFLOW,20180529,0500,5475, ,CFS
SHA,H,76,INFLOW,20180529,0600,6480, ,CFS
SHA,H,76,INFLOW,20180529,0700,2039, ,CFS
SHA,H,76,INFLOW,20180529,0800,1729, ,CFS
SHA,H,76,INFLOW,20180529,0900,941, ,CFS
SHA,H,76,INFLOW,20180529,1000,7334, ,CFS
SHA,H,76,INFLOW,20180529,1100,465, ,CFS
SHA,H,76,INFLOW,20180529,1200,7217, ,CFS
SHA,H,76,INFLOW,20180529,1300,6647, ,CFS
SHA,H,76,INFLOW,20180529,1400,3675, ,CFS
SHA,H,76,INFLOW,20180529,1500,9095, ,CFS
SHA,H,76,INFLOW,20180529,1600,5140, ,CFS
SHA,H,76,INFLOW,20180529,1700,3678, ,CFS
SHA,H,76,INFLOW,20180529,1800,7046, ,CFS
SHA,H,76,INFLOW,20180529,1900,220, ,CFS
SHA,H,76,INFLOW,20180529,2000,4379, ,CFS
SHA,H,76,INFLOW,20180529,2100,7418, ,CFS
SHA,H,76,INFLOW,20180529,2200,6498, ,CFS
SHA,H,76,INFLOW,20180529,2300,6818, ,CFS
SHA,H,76,INFLOW,20180530,0000,5891, ,CFS
SHA,H,76,INFLOW,20180530,0100,1358, ,CFS
SHA,H,76,INFLOW,20180530,0200,4171, ,CFS
SHA,H,76,INFLOW,20180530,0300,4840, ,CFS
SHA,H,76,INFLOW,20180530,0400,4886, ,CFS
SHA,H,76,INFLOW,20180530,0500,-4583, ,CFS
SHA,H,76,INFLOW,20180530,0600,8933, ,CFS
SHA,H,76,INFLOW,20180530,0700,2487, ,CFS
SHA,H,76,INFLOW,20180530,0800,359, ,CFS
SHA,H,76,INFLOW,20180530,0900,4184, ,CFS
SHA,H,76,INFLOW,20180530,1000,-2365, ,CFS
SHA,H,76,INFLOW,20180530,1100,4495, ,CFS
SHA,H,76,INFLOW,20180530,1200,4852, ,CFS
SHA,H,76,INFLOW,20180530,1300,-1922, ,CFS
SHA,H,76,INFLOW,20180530,1400,1460, ,CFS
SHA,H,76,INFLOW,20180530,1500,3996, ,CFS
SHA,H,76,INFLOW,20180530,1600,4, ,CFS
SHA,H,76,INFLOW,20180530,1700,2588, ,CFS
SHA,H,76,INFLOW,20180530,1800,-830, ,CFS
SHA,H,76,INFLOW,20180530,1900,3242, ,CFS
SHA,H,76,INFLOW,20180530,2000,3901, ,CFS
SHA,H,76,INFLOW,20180530,2100,693, ,CFS
SHA,H,76,INFLOW,20180530,2200,7892, ,CFS
SHA,H,76,INFLOW,20180530,2300,8948, ,CFS
SHA,H,76,INFLOW,20180531,0000,-2621, ,CFS
SHA,H,76,INFLOW,20180531,0100,5499, ,CFS
SHA,H,76,INFLOW,20180531,0200,5116, ,CFS
SHA,H,76,INFLOW,20180531,0300,3872, ,CFS
SHA,H,76,INFLOW,20180531,0400,3069, ,CFS
SHA,H,76,INFLOW,20180531,0500,3615, ,CFS
SHA,H,76,INFLOW,20180531,0600,5868, ,CFS
SHA,H,76,INFLOW,20180531,0700,4354, ,CFS
SHA,H,76,INFLOW,20180531,0800,4006, ,CFS
SHA,H,76,INFLOW,20180531,0900,2806, ,CFS
SHA,H,76,INFLOW,20180531,1000,4735, ,CFS
SHA,H,76,INFLOW,20180531,1100,4675, ,CFS
SHA,H,76,INFLOW,20180531,1200,1272, ,CFS
SHA,H,76,INFLOW,20180531,1300,3662, ,CFS
SHA,H,76,INFLOW,20180531,1400,1788, ,CFS
SHA,H,76,INFLOW,20180531,1500,5262, ,CFS
SHA,H,76,INFLOW,20180531,1600,3349, ,CFS
SHA,H,76,INFLOW,20180531,1700,566, ,CFS
SHA,H,76,INFLOW,20180531,1800,4186, ,CFS
SHA,H,76,INFLOW,20180531,1900,986, ,CFS
SHA,H,76,INFLOW,20180531,2000,4486, ,CFS
SHA,H,76,INFLOW,20180531,2100,4384, ,CFS
SHA,H,76,INFLOW,20180531,2200,7817, ,CFS
SHA,H,76,INFLOW,20180531,2300,3751, ,CFS
SHA,H,76,INFLOW,20180601,0000,2305, ,CFS
SHA,H,76,INFLOW,20180601,0100,6666, ,CFS
SHA,H,76,INFLOW,20180601,0200,517, ,CFS
SHA,H,76,INFLOW,20180601,0300,3562, ,CFS
SHA,H,76,INFLOW,20180601,0400,6836, ,CFS
SHA,H,76,INFLOW,20180601,0500,9801, ,CFS
SHA,H,76,INFLOW,20180601,0600,9306, ,CFS
SHA,H,76,INFLOW,20180601,0700,7771, ,CFS
SHA,H,76,INFLOW,20180601,0800,5285, ,CFS
SHA,H,76,INFLOW,20180601,0900,-2823, ,CFS
SHA,H,76,INFLOW,20180601,1000,7199, ,CFS
SHA,H,76,INFLOW,20180601,1100,1356, ,CFS
SHA,H,76,INFLOW,20180601,1200,3507, ,CFS
SHA,H,76,INFLOW,20180601,1300,3125, ,CFS
SHA,H,76,INFLOW,20180601,1400,4732, ,CFS
SHA,H,76,INFLOW,20180601,1500,3825, ,CFS
SHA,H,76,INFLOW,20180601,1600,4956, ,CFS
SHA,H,76,INFLOW,20180601,1700,3647, ,CFS
SHA,H,76,INFLOW,20180601,1800,1616, ,CFS
SHA,H,76,INFLOW,20180601,1900,3577, ,CFS
SHA,H,76,INFLOW,20180601,2000,7597, ,CFS
SHA,H,76,INFLOW,20180601,2100,10456, ,CFS
SHA,H,76,INFLOW,20180601,2200,7130, ,CFS
SHA,H,76,INFLOW,20180601,2300,11151, ,CFS
SHA,H,76,INFLOW,20180602,0000,7295, ,CFS
SHA,H,76,INFLOW,20180602,0100,6247, ,CFS
SHA,H,76,INFLOW,20180602,0200,6848, ,CFS
SHA,H,76,INFLOW,20180602,0300,9414, ,CFS
SHA,H,76,INFLOW,20180602,0400,4687, ,CFS
SHA,H,76,INFLOW,20180602,0500,12924, ,CFS
SHA,H,76,INFLOW,20180602,0600,1843, ,CFS
SHA,H,76,INFLOW,20180602,0700,9112, ,CFS
SHA,H,76,INFLOW,20180602,0800,6240, ,CFS
SHA,H,76,INFLOW,20180602,0900,-1053, ,CFS
SHA,H,76,INFLOW,20180602,1000,11749, ,CFS
SHA,H,76,INFLOW,20180602,1100,491, ,CFS
SHA,H,76,INFLOW,20180602,1200,7936, ,CFS
SHA,H,76,INFLOW,20180602,1300,5106, ,CFS
SHA,H,76,INFLOW,20180602,1400,7803, ,CFS
SHA,H,76,INFLOW,20180602,1500,6699, ,CFS
SHA,H,76,INFLOW,20180602,1600,7534, ,CFS
SHA,H,76,INFLOW,20180602,1700,8132, ,CFS
SHA,H,76,INFLOW,20180602,1800,7620, ,CFS
SHA,H,76,INFLOW,20180602,1900,7707, ,CFS
SHA,H,76,INFLOW,20180602,2000,7354, ,CFS
SHA,H,76,INFLOW,20180602,2100,6740, ,CFS
SHA,H,76,INFLOW,20180602,2200,10041, ,CFS
SHA,H,76,INFLOW,20180602,2300,8115, ,CFS
SHA,H,76,INFLOW,20180603,0000,1948, ,CFS
SHA,H,76,INFLOW,20180603,0100,7261, ,CFS
SHA,H,76,INFLOW,20180603,0200,7155, ,CFS
SHA,H,76,INFLOW,20180603,0300,4279, ,CFS
SHA,H,76,INFLOW,20180603,0400,3689, ,CFS
SHA,H,76,INFLOW,20180603,0500,8849, ,CFS
SHA,H,76,INFLOW,20180603,0600,9475, ,CFS
SHA,H,76,INFLOW,20180603,0700,3552, ,CFS
SHA,H,76,INFLOW,20180603,0800,3160, ,CFS
SHA,H,76,INFLOW,20180603,0900,3220, ,CFS
SHA,H,76,INFLOW,20180603,1000,6495, ,CFS
SHA,H,76,INFLOW,20180603,1100,6601, ,CFS
SHA,H,76,INFLOW,20180603,1200,3593, ,CFS
SHA,H,76,INFLOW,20180603,1300,7212, ,CFS
SHA,H,76,INFLOW,20180603,1400,7309, ,CFS
SHA,H,76,INFLOW,20180603,1500,5208, ,CFS
SHA,H,76,INFLOW,20180603,1600,10334, ,CFS
SHA,H,76,INFLOW,20180603,1700,2969, ,CFS
SHA,H,76,INFLOW,20180603,1800,5633, ,CFS
SHA,H,76,INFLOW,20180603,1900,7635, ,CFS
SHA,H,76,INFLOW,20180603,2000,3979, ,CFS
SHA,H,76,INFLOW,20180603,2100,7562, ,CFS
SHA,H,76,INFLOW,20180603,2200,3590, ,CFS
SHA,H,76,INFLOW,20180603,2300,5730, ,CFS
SHA,H,76,INFLOW,20180604,0000,11126, ,CFS
SHA,H,76,INFLOW,20180604,0100,1462, ,CFS
SHA,H,76,INFLOW,20180604,0200,6107, ,CFS
SHA,H,76,INFLOW,20180604,0300,5763, ,CFS
SHA,H,76,INFLOW,20180604,0400,5995, ,CFS
SHA,H,76,INFLOW,20180604,0500,3574, ,CFS
SHA,H,76,INFLOW,20180604,0600,9850, ,CFS
SHA,H,76,INFLOW,20180604,0700,4369, ,CFS
SHA,H,76,INFLOW,20180604,0800,7503, ,CFS
SHA,H,76,INFLOW,20180604,0900,-995, ,CFS
SHA,H,76,INFLOW,20180604,1000,4696, ,CFS
SHA,H,76,INFLOW,20180604,1100,1719, ,CFS
SHA,H,76,INFLOW,20180604,1200,8553, ,CFS
SHA,H,76,INFLOW,20180604,1300,5962, ,CFS
SHA,H,76,INFLOW,20180604,1400,667, ,CFS
SHA,H,76,INFLOW,20180604,1500,6037, ,CFS
SHA,H,76,INFLOW,20180604,1600,6908, ,CFS
SHA,H,76,INFLOW,20180604,1700,6997, ,CFS
SHA,H,76,INFLOW,20180604,1800,2316, ,CFS
SHA,H,76,INFLOW,20180604,1900,5740, ,CFS
SHA,H,76,INFLOW,20180604,2000,6461, ,CFS
SHA,H,76,INFLOW,20180604,2100,9667, ,CFS
SHA,H,76,INFLOW,20180604,2200,9349, ,CFS
SHA,H,76,INFLOW,20180604,2300,10329, ,CFS
SHA,H,76,INFLOW,20180605,0000,4836, ,CFS
SHA,H,76,INFLOW,20180605,0100,7165, ,CFS
SHA,H,76,INFLOW,20180605,0200,6171, ,CFS
SHA,H,76,INFLOW,20180605,0300,6160, ,CFS
SHA,H,76,INFLOW,20180605,0400,6118, ,CFS
SHA,H,76,INFLOW,20180605,0500,6858, ,CFS
SHA,H,76,INFLOW,20180605,0600,10185, ,CFS
SHA,H,76,INFLOW,20180605,0700,7012, ,CFS
SHA,H,76,INFLOW,20180605,0800,8816, ,CFS
SHA,H,76,INFLOW,20180605,0900,1032, ,CFS
SHA,H,76,INFLOW,20180605,1000,10534, ,CFS
SHA,H,76,INFLOW,20180605,1100,4180, ,CFS
SHA,H,76,INFLOW,20180605,1200,4382, ,CFS
SHA,H,76,INFLOW,20180605,1300,4202, ,CFS
SHA,H,76,INFLOW,20180605,1400,4195, ,CFS
SHA,H,76,INFLOW,20180605,1500,4675, ,CFS
SHA,H,76,INFLOW,20180605,1600,5852, ,CFS
SHA,H,76,INFLOW,20180605,1700,4008, ,CFS
SHA,H,76,INFLOW,20180605,1800,3144, ,CFS
SHA,H,76,INFLOW,20180605,1900,3413, ,CFS
SHA,H,76,INFLOW,20180605,2000,7143, ,CFS
SHA,H,76,INFLOW,20180605,2100,7854, ,CFS
SHA,H,76,INFLOW,20180605,2200,5850, ,CFS
SHA,H,76,INFLOW,20180605,2300,2540, ,CFS
SHA,H,76,INFLOW,20180606,0000,4825, ,CFS
SHA,H,76,INFLOW,20180606,0100,2089, ,CFS
SHA,H,76,INFLOW,20180606,0200,9548, ,CFS
SHA,H,76,INFLOW,20180606,0300,-528, ,CFS
SHA,H,76,INFLOW,20180606,0400,2731, ,CFS
SHA,H,76,INFLOW,20180606,0500,3362, ,CFS
SHA,H,76,INFLOW,20180606,0600,3220, ,CFS
SHA,H,76,INFLOW,20180606,0700,6940, ,CFS
SHA,H,76,INFLOW,20180606,0800,3128, ,CFS
SHA,H,76,INFLOW,20180606,0900,655, ,CFS
SHA,H,76,INFLOW,20180606,1000,7486, ,CFS
SHA,H,76,INFLOW,20180606,1100,738, ,CFS
SHA,H,76,INFLOW,20180606,1200,578, ,CFS
SHA,H,76,INFLOW,20180606,1300,3964, ,CFS
SHA,H,76,INFLOW,20180606,1400,236, ,CFS
SHA,H,76,INFLOW,20180606,1500,5888, ,CFS
SHA,H,76,INFLOW,20180606,1600,823, ,CFS
SHA,H,76,INFLOW,20180606,1700,404, ,CFS
SHA,H,76,INFLOW,20180606,1800,5239, ,CFS
SHA,H,76,INFLOW,20180606,1900,13665, ,CFS
SHA,H,76,INFLOW,20180606,2000,3791, ,CFS
SHA,H,76,INFLOW,20180606,2100,9888, ,CFS
SHA,H,76,INFLOW,20180606,2200,9350, ,CFS
SHA,H,76,INFLOW,20180606,2300,3605, ,CFS
SHA,H,76,INFLOW,20180607,0000,12566, ,CFS
SHA,H,76,INFLOW,20180607,0100,683, ,CFS
SHA,H,76,INFLOW,20180607,0200,38, ,CFS
SHA,H,76,INFLOW,20180607,0300,3043, ,CFS
SHA,H,76,INFLOW,20180607,0400,-206, ,CFS
SHA,H,76,INFLOW,20180607,0500,519, ,CFS
SHA,H,76,INFLOW,20180607,0600,7146, ,CFS
SHA,H,76,INFLOW,20180607,0700,5596, ,CFS
SHA,H,76,INFLOW,20180607,0800,8341, ,CFS
SHA,H,76,INFLOW,20180607,0900,3635, ,CFS
SHA,H,76,INFLOW,20180607,1000,2994, ,CFS
SHA,H,76,INFLOW,20180607,1100,3652, ,CFS
SHA,H,76,INFLOW,20180607,1200,10431, ,CFS
SHA,H,76,INFLOW,20180607,1300,-2065, ,CFS
SHA,H,76,INFLOW,20180607,1400,4966, ,CFS
SHA,H,76,INFLOW,20180607,1500,8185, ,CFS
SHA,H,76,INFLOW,20180607,1600,1642, ,CFS
SHA,H,76,INFLOW,20180607,1700,2754, ,CFS
SHA,H,76,INFLOW,20180607,1800,5077, ,CFS
SHA,H,76,INFLOW,20180607,1900,2400, ,CFS
SHA,H,76,INFLOW,20180607,2000,9007, ,CFS
SHA,H,76,INFLOW,20180607,2100,8853, ,CFS
SHA,H,76,INFLOW,20180607,2200,5504, ,CFS
SHA,H,76,INFLOW,20180607,2300,13569, ,CFS
SHA,H,76,INFLOW,20180608,0000,4152, ,CFS
SHA,H,76,INFLOW,20180608,0100,8453, ,CFS
SHA,H,76,INFLOW,20180608,0200,-923, ,CFS
SHA,H,76,INFLOW,20180608,0300,2117, ,CFS
SHA,H,76,INFLOW,20180608,0400,2127, ,CFS
SHA,H,76,INFLOW,20180608,0500,-639, ,CFS
SHA,H,76,INFLOW,20180608,0600,5354, ,CFS
SHA,H,76,INFLOW,20180608,0700,7923, ,CFS
SHA,H,76,INFLOW,20180608,0800,2001, ,CFS
SHA,H,76,INFLOW,20180608,0900,2312, ,CFS
SHA,H,76,INFLOW,20180608,1000,2407, ,CFS
SHA,H,76,INFLOW,20180608,1100,2687, ,CFS
SHA,H,76,INFLOW,20180608,1200,2372, ,CFS
SHA,H,76,INFLOW,20180608,1300,5906, ,CFS
SHA,H,76,INFLOW,20180608,1400,9237, ,CFS
SHA,H,76,INFLOW,20180608,1500,4060, ,CFS
SHA,H,76,INFLOW,20180608,1600,5903, ,CFS
SHA,H,76,INFLOW,20180608,1700,11895, ,CFS
SHA,H,76,INFLOW,20180608,1800,-911, ,CFS
SHA,H,76,INFLOW,20180608,1900,-802, ,CFS
SHA,H,76,INFLOW,20180608,2000,11239, ,CFS
SHA,H,76,INFLOW,20180608,2100,7806, ,CFS
SHA,H,76,INFLOW,20180608,2200,7155, ,CFS
SHA,H,76,INFLOW,20180608,2300,9138, ,CFS
SHA,H,76,INFLOW,20180609,0000,-2468, ,CFS
SHA,H,76,INFLOW,20180609,0100,3132, ,CFS
SHA,H,76,INFLOW,20180609,0200,-211, ,CFS
SHA,H,76,INFLOW,20180609,0300,2961, ,CFS
SHA,H,76,INFLOW,20180609,0400,-630, ,CFS
SHA,H,76,INFLOW,20180609,0500,461, ,CFS
SHA,H,76,INFLOW,20180609,0600,5225, ,CFS
SHA,H,76,INFLOW,20180609,0700,14, ,CFS
SHA,H,76,INFLOW,20180609,0800,3320, ,CFS
SHA,H,76,INFLOW,20180609,0900,7647, ,CFS
SHA,H,76,INFLOW,20180609,1000,8551, ,CFS
SHA,H,76,INFLOW,20180609,1100,-4120, ,CFS
SHA,H,76,INFLOW,20180609,1200,5761, ,CFS
SHA,H,76,INFLOW,20180609,1300,-4015, ,CFS
SHA,H,76,INFLOW,20180609,1400,2690, ,CFS
SHA,H,76,INFLOW,20180609,1500,388, ,CFS
SHA,H,76,INFLOW,20180609,1600,3855, ,CFS
SHA,H,76,INFLOW,20180609,1700,1822, ,CFS
SHA,H,76,INFLOW,20180609,1800,2824, ,CFS
SHA,H,76,INFLOW,20180609,1900,-437, ,CFS
SHA,H,76,INFLOW,20180609,2000,14141, ,CFS
SHA,H,76,INFLOW,20180609,2100,1396, ,CFS
SHA,H,76,INFLOW,20180609,2200,14389, ,CFS
SHA,H,76,INFLOW,20180609,2300,8367, ,CFS
SHA,H,76,INFLOW,20180610,0000,3572, ,CFS
SHA,H,76,INFLOW,20180610,0100,8877, ,CFS
SHA,H,76,INFLOW,20180610,0200,-1954, ,CFS
SHA,H,76,INFLOW,20180610,0300,880, ,CFS
SHA,H,76,INFLOW,20180610,0400,3061, ,CFS
SHA,H,76,INFLOW,20180610,0500,-1119, ,CFS
SHA,H,76,INFLOW,20180610,0600,7630, ,CFS
SHA,H,76,INFLOW,20180610,0700,5722, ,CFS
SHA,H,76,INFLOW,20180610,0800,-2775, ,CFS
SHA,H,76,INFLOW,20180610,0900,9946, ,CFS
SHA,H,76,INFLOW,20180610,1000,3433, ,CFS
SHA,H,76,INFLOW,20180610,1100,315, ,CFS
SHA,H,76,INFLOW,20180610,1200,3568, ,CFS
SHA,H,76,INFLOW,20180610,1300,7238, ,CFS
SHA,H,76,INFLOW,20180610,1400,5247, ,CFS
SHA,H,76,INFLOW,20180610,1500,2428, ,CFS
SHA,H,76,INFLOW,20180610,1600,6725, ,CFS
SHA,H,76,INFLOW,20180610,1700,-341, ,CFS
SHA,H,76,INFLOW,20180610,1800,7279, ,CFS
SHA,H,76,INFLOW,20180610,1900,4384, ,CFS
SHA,H,76,INFLOW,20180610,2000,-1118, ,CFS
SHA,H,76,INFLOW,20180610,2100,2150, ,CFS
SHA,H,76,INFLOW,20180610,2200,5167, ,CFS
SHA,H,76,INFLOW,20180610,2300,-2383, ,CFS
SHA,H,76,INFLOW,20180611,0000,1393, ,CFS
SHA,H,76,INFLOW,20180611,0100,3456, ,CFS
SHA,H,76,INFLOW,20180611,0200,-341, ,CFS
SHA,H,76,INFLOW,20180611,0300,2913, ,CFS
SHA,H,76,INFLOW,20180611,0400,-1396, ,CFS
SHA,H,76,INFLOW,20180611,0500,-1041, ,CFS
SHA,H,76,INFLOW,20180611,0600,8188, ,CFS
SHA,H,76,INFLOW,20180611,0700,3192, ,CFS
SHA,H,76,INFLOW,20180611,0800,9, ,CFS
SHA,H,76,INFLOW,20180611,0900,2909, ,CFS
SHA,H,76,INFLOW,20180611,1000,-247, ,CFS
SHA,H,76,INFLOW,20180611,1100,3704, ,CFS
SHA,H,76,INFLOW,20180611,1200,821, ,CFS
SHA,H,76,INFLOW,20180611,1300,-190, ,CFS
SHA,H,76,INFLOW,20180611,1400,5847, ,CFS
SHA,H,76,INFLOW,20180611,1500,1477, ,CFS
SHA,H,76,INFLOW,20180611,1600,7922, ,CFS
SHA,H,76,INFLOW,20180611,1700,3274, ,CFS
SHA,H,76,INFLOW,20180611,1800,3547, ,CFS
SHA,H,76,INFLOW,20180611,1900,1032, ,CFS
SHA,H,76,INFLOW,20180611,2000,5283, ,CFS
SHA,H,76,INFLOW,20180611,2100,5417, ,CFS
SHA,H,76,INFLOW,20180611,2200,2027, ,CFS
SHA,H,76,INFLOW,20180611,2300,2406, ,CFS
SHA,H,76,INFLOW,20180612,0000,5109, ,CFS
SHA,H,76,INFLOW,20180612,0100,-3992, ,CFS
SHA,H,76,INFLOW,20180612,0200,3618, ,CFS
SHA,H,76,INFLOW,20180612,0300,277, ,CFS
SHA,H,76,INFLOW,20180612,0400,3506, ,CFS
SHA,H,76,INFLOW,20180612,0500,367, ,CFS
SHA,H,76,INFLOW,20180612,0600,-607, ,CFS
SHA,H,76,INFLOW,20180612,0700,7908, ,CFS
SHA,H,76,INFLOW,20180612,0800,-1763, ,CFS
SHA,H,76,INFLOW,20180612,0900,2566, ,CFS
SHA,H,76,INFLOW,20180612,1000,-3795, ,CFS
SHA,H,76,INFLOW,20180612,1100,3067, ,CFS
SHA,H,76,INFLOW,20180612,1200,1233, ,CFS
SHA,H,76,INFLOW,20180612,1300,1454, ,CFS
SHA,H,76,INFLOW,20180612,1400,1820, ,CFS
SHA,H,76,INFLOW,20180612,1500,7921, ,CFS
SHA,H,76,INFLOW,20180612,1600,4559, ,CFS
SHA,H,76,INFLOW,20180612,1700,7860, ,CFS
SHA,H,76,INFLOW,20180612,1800,5225, ,CFS
SHA,H,76,INFLOW,20180612,1900,8018, ,CFS
SHA,H,76,INFLOW,20180612,2000,4710, ,CFS
SHA,H,76,INFLOW,20180612,2100,7765, ,CFS
SHA,H,76,INFLOW,20180612,2200,3613, ,CFS
SHA,H,76,INFLOW,20180612,2300,7515, ,CFS
SHA,H,76,INFLOW,20180613,0000,6112, ,CFS
SHA,H,76,INFLOW,20180613,0100,3524, ,CFS
SHA,H,76,INFLOW,20180613,0200,7210, ,CFS
SHA,H,76,INFLOW,20180613,0300,7846, ,CFS
SHA,H,76,INFLOW,20180613,0400,-2168, ,CFS
SHA,H,76,INFLOW,20180613,0500,4738, ,CFS
SHA,H,76,INFLOW,20180613,0600,9770, ,CFS
SHA,H,76,INFLOW,20180613,0700,3319, ,CFS
SHA,H,76,INFLOW,20180613,0800,14506, ,CFS
SHA,H,76,INFLOW,20180613,0900,5527, ,CFS
SHA,H,76,INFLOW,20180613,1000,11249, ,CFS
SHA,H,76,INFLOW,20180613,1100,14408, ,CFS
SHA,H,76,INFLOW,20180613,1200,5063, ,CFS
SHA,H,76,INFLOW,20180613,1300,14404, ,CFS
SHA,H,76,INFLOW,20180613,1400,8569, ,CFS
SHA,H,76,INFLOW,20180613,1500,9787, ,CFS
SHA,H,76,INFLOW,20180613,1600,1906, ,CFS
SHA,H,76,INFLOW,20180613,1700,1953, ,CFS
SHA,H,76,INFLOW,20180613,1800,2396, ,CFS
SHA,H,76,INFLOW,20180613,1900,2221, ,CFS
SHA,H,76,INFLOW,20180613,2000,1586, ,CFS
SHA,H,76,INFLOW,20180613,2100,3729, ,CFS
SHA,H,76,INFLOW,20180613,2200,2920, ,CFS
SHA,H,76,INFLOW,20180613,2300,3808, ,CFS
SHA,H,76,INFLOW,20180614,0000,4075, ,CFS
SHA,H,76,INFLOW,20180614,0100,334, ,CFS
SHA,H,76,INFLOW,20180614,0200,-1181, ,CFS
SHA,H,76,INFLOW,20180614,0300,452, ,CFS
SHA,H,76,INFLOW,20180614,0400,272, ,CFS
SHA,H,76,INFLOW,20180614,0500,891, ,CFS
SHA,H,76,INFLOW,20180614,0600,5709, ,CFS
SHA,H,76,INFLOW,20180614,0700,3491, ,CFS
SHA,H,76,INFLOW,20180614,0800,4285, ,CFS
SHA,H,76,INFLOW,20180614,0900,1510, ,CFS
SHA,H,76,INFLOW,20180614,1000,-1930, ,CFS
SHA,H,76,INFLOW,20180614,1100,1220, ,CFS
SHA,H,76,INFLOW,20180614,1200,1262, ,CFS
SHA,H,76,INFLOW,20180614,1300,11927, ,CFS
SHA,H,76,INFLOW,20180614,1400,7362, ,CFS
SHA,H,76,INFLOW,20180614,1500,9519, ,CFS
SHA,H,76,INFLOW,20180614,1600,3262, ,CFS
SHA,H,76,INFLOW,20180614,1700,7970, ,CFS
SHA,H,76,INFLOW,20180614,1800,1737, ,CFS
SHA,H,76,INFLOW,20180614,1900,4987, ,CFS
SHA,H,76,INFLOW,20180614,2000,1834, ,CFS
SHA,H,76,INFLOW,20180614,2100,1790, ,CFS
SHA,H,76,INFLOW,20180614,2200,3796, ,CFS
SHA,H,76,INFLOW,20180614,2300,11013, ,CFS
SHA,H,76,INFLOW,20180615,0000,-315, ,CFS
SHA,H,76,INFLOW,20180615,0100,3019, ,CFS
SHA,H,76,INFLOW,20180615,0200,13482, ,CFS
SHA,H,76,INFLOW,20180615,0300,3065, ,CFS
SHA,H,76,INFLOW,20180615,0400,6597, ,CFS
SHA,H,76,INFLOW,20180615,0500,572, ,CFS
SHA,H,76,INFLOW,20180615,0600,8129, ,CFS
SHA,H,76,INFLOW,20180615,0700,6671, ,CFS
SHA,H,76,INFLOW,20180615,0800,6851, ,CFS
SHA,H,76,INFLOW,20180615,0900,3879, ,CFS
SHA,H,76,INFLOW,20180615,1000,340, ,CFS
SHA,H,76,INFLOW,20180615,1100,340, ,CFS
SHA,H,76,INFLOW,20180615,1200,3808, ,CFS
SHA,H,76,INFLOW,20180615,1300,11590, ,CFS
SHA,H,76,INFLOW,20180615,1400,6846, ,CFS
SHA,H,76,INFLOW,20180615,1500,9984, ,CFS
SHA,H,76,INFLOW,20180615,1600,7170, ,CFS
SHA,H,76,INFLOW,20180615,1700,7451, ,CFS
SHA,H,76,INFLOW,20180615,1800,7544, ,CFS
SHA,H,76,INFLOW,20180615,1900,1789, ,CFS
SHA,H,76,INFLOW,20180615,2000,1825, ,CFS
SHA,H,76,INFLOW,20180615,2100,5029, ,CFS
SHA,H,76,INFLOW,20180615,2200,8368, ,CFS
SHA,H,76,INFLOW,20180615,2300,4230, ,CFS
SHA,H,76,INFLOW,20180616,0000,8872, ,CFS
SHA,H,76,INFLOW,20180616,0100,11495, ,CFS
SHA,H,76,INFLOW,20180616,0200,3204, ,CFS
SHA,H,76,INFLOW,20180616,0300,15009, ,CFS
SHA,H,76,INFLOW,20180616,0400,3864, ,CFS
SHA,H,76,INFLOW,20180616,0500,-879, ,CFS
SHA,H,76,INFLOW,20180616,0600,2991, ,CFS
SHA,H,76,INFLOW,20180616,0700,6923, ,CFS
SHA,H,76,INFLOW,20180616,0800,2949, ,CFS
SHA,H,76,INFLOW,20180616,0900,766, ,CFS
SHA,H,76,INFLOW,20180616,1000,1535, ,CFS
SHA,H,76,INFLOW,20180616,1100,-591, ,CFS
SHA,H,76,INFLOW,20180616,1200,1397, ,CFS
SHA,H,76,INFLOW,20180616,1300,3971, ,CFS
SHA,H,76,INFLOW,20180616,1400,2827, ,CFS
SHA,H,76,INFLOW,20180616,1500,1808, ,CFS
SHA,H,76,INFLOW,20180616,1600,2389, ,CFS
SHA,H,76,INFLOW,20180616,1700,809, ,CFS
SHA,H,76,INFLOW,20180616,1800,3863, ,CFS
SHA,H,76,INFLOW,20180616,1900,2000, ,CFS
SHA,H,76,INFLOW,20180616,2000,-1485, ,CFS
SHA,H,76,INFLOW,20180616,2100,8028, ,CFS
SHA,H,76,INFLOW,20180616,2200,1718, ,CFS
SHA,H,76,INFLOW,20180616,2300,4826, ,CFS
SHA,H,76,INFLOW,20180617,0000,8423, ,CFS
SHA,H,76,INFLOW,20180617,0100,2846, ,CFS
SHA,H,76,INFLOW,20180617,0200,3658, ,CFS
SHA,H,76,INFLOW,20180617,0300,529, ,CFS
SHA,H,76,INFLOW,20180617,0400,3837, ,CFS
SHA,H,76,INFLOW,20180617,0500,4150, ,CFS
SHA,H,76,INFLOW,20180617,0600,-267, ,CFS
SHA,H,76,INFLOW,20180617,0700,629, ,CFS
SHA,H,76,INFLOW,20180617,0800,-315, ,CFS
SHA,H,76,INFLOW,20180617,0900,-4453, ,CFS
SHA,H,76,INFLOW,20180617,1000,4996, ,CFS
SHA,H,76,INFLOW,20180617,1100,435, ,CFS
SHA,H,76,INFLOW,20180617,1200,568, ,CFS
SHA,H,76,INFLOW,20180617,1300,4807, ,CFS
SHA,H,76,INFLOW,20180617,1400,3787, ,CFS
SHA,H,76,INFLOW,20180617,1500,2355, ,CFS
SHA,H,76,INFLOW,20180617,1600,-233, ,CFS
SHA,H,76,INFLOW,20180617,1700,212, ,CFS
SHA,H,76,INFLOW,20180617,1800,5948, ,CFS
SHA,H,76,INFLOW,20180617,1900,1502, ,CFS
SHA,H,76,INFLOW,20180617,2000,1426, ,CFS
SHA,H,76,INFLOW,20180617,2100,1048, ,CFS
SHA,H,76,INFLOW,20180617,2200,594, ,CFS
SHA,H,76,INFLOW,20180617,2300,2797, ,CFS
SHA,H,76,INFLOW,20180618,0000,-1858, ,CFS
SHA,H,76,INFLOW,20180618,0100,1089, ,CFS
SHA,H,76,INFLOW,20180618,0200,1786, ,CFS
SHA,H,76,INFLOW,20180618,0300,4061, ,CFS
SHA,H,76,INFLOW,20180618,0400,1126, ,CFS
SHA,H,76,INFLOW,20180618,0500,1894, ,CFS
SHA,H,76,INFLOW,20180618,0600,752, ,CFS
SHA,H,76,INFLOW,20180618,0700,1604, ,CFS
SHA,H,76,INFLOW,20180618,0800,11299, ,CFS
SHA,H,76,INFLOW,20180618,0900,-4738, ,CFS
SHA,H,76,INFLOW,20180618,1000,3929, ,CFS
SHA,H,76,INFLOW,20180618,1100,1172, ,CFS
SHA,H,76,INFLOW,20180618,1200,722, ,CFS
SHA,H,76,INFLOW,20180618,1300,4833, ,CFS
SHA,H,76,INFLOW,20180618,1400,1910, ,CFS
SHA,H,76,INFLOW,20180618,1500,963, ,CFS
SHA,H,76,INFLOW,20180618,1600,6945, ,CFS
SHA,H,76,INFLOW,20180618,1700,-538, ,CFS
SHA,H,76,INFLOW,20180618,1800,6305, ,CFS
SHA,H,76,INFLOW,20180618,1900,7203, ,CFS
SHA,H,76,INFLOW,20180618,2000,4591, ,CFS
SHA,H,76,INFLOW,20180618,2100,10580, ,CFS
SHA,H,76,INFLOW,20180618,2200,4141, ,CFS
SHA,H,76,INFLOW,20180618,2300,5422, ,CFS
SHA,H,76,INFLOW,20180619,0000,9252, ,CFS
SHA,H,76,INFLOW,20180619,0100,-3285, ,CFS
SHA,H,76,INFLOW,20180619,0200,3555, ,CFS
SHA,H,76,INFLOW,20180619,0300,1960, ,CFS
SHA,H,76,INFLOW,20180619,0400,1898, ,CFS
SHA,H,76,INFLOW,20180619,0500,4791, ,CFS
SHA,H,76,INFLOW,20180619,0600,-1063, ,CFS
SHA,H,76,INFLOW,20180619,0700,3369, ,CFS
SHA,H,76,INFLOW,20180619,0800,6310, ,CFS
SHA,H,76,INFLOW,20180619,0900,362, ,CFS
SHA,H,76,INFLOW,20180619,1000,667, ,CFS
SHA,H,76,INFLOW,20180619,1100,1596, ,CFS
SHA,H,76,INFLOW,20180619,1200,-5889, ,CFS
SHA,H,76,INFLOW,20180619,1300,7101, ,CFS
SHA,H,76,INFLOW,20180619,1400,2858, ,CFS
SHA,H,76,INFLOW,20180619,1500,5, ,CFS
SHA,H,76,INFLOW,20180619,1600,8689, ,CFS
SHA,H,76,INFLOW,20180619,1700,5142, ,CFS
SHA,H,76,INFLOW,20180619,1800,6616, ,CFS
SHA,H,76,INFLOW,20180619,1900,3290, ,CFS
SHA,H,76,INFLOW,20180619,2000,6629, ,CFS
SHA,H,76,INFLOW,20180619,2100,10953, ,CFS
SHA,H,76,INFLOW,20180619,2200,7388, ,CFS
SHA,H,76,INFLOW,20180619,2300,7948, ,CFS
SHA,H,76,INFLOW,20180620,0000,6559, ,CFS
SHA,H,76,INFLOW,20180620,0100,-3744, ,CFS
SHA,H,76,INFLOW,20180620,0200,2497, ,CFS
SHA,H,76,INFLOW,20180620,0300,2116, ,CFS
SHA,H,76,INFLOW,20180620,0400,-935, ,CFS
SHA,H,76,INFLOW,20180620,0500,5589, ,CFS
SHA,H,76,INFLOW,20180620,0600,-3175, ,CFS
SHA,H,76,INFLOW,20180620,0700,7274, ,CFS
SHA,H,76,INFLOW,20180620,0800,-2468, ,CFS
SHA,H,76,INFLOW,20180620,0900,-449, ,CFS
SHA,H,76,INFLOW,20180620,1000,3174, ,CFS
SHA,H,76,INFLOW,20180620,1100,-120, ,CFS
SHA,H,76,INFLOW,20180620,1200,-343, ,CFS
SHA,H,76,INFLOW,20180620,1300,4255, ,CFS
SHA,H,76,INFLOW,20180620,1400,3031, ,CFS
SHA,H,76,INFLOW,20180620,1500,-3192, ,CFS
SHA,H,76,INFLOW,20180620,1600,5159, ,CFS
SHA,H,76,INFLOW,20180620,1700,1968, ,CFS
SHA,H,76,INFLOW,20180620,1800,5386, ,CFS
SHA,H,76,INFLOW,20180620,1900,-2337, ,CFS
SHA,H,76,INFLOW,20180620,2000,13335, ,CFS
SHA,H,76,INFLOW,20180620,2100,4295, ,CFS
SHA,H,76,INFLOW,20180620,2200,10832, ,CFS
SHA,H,76,INFLOW,20180620,2300,7725, ,CFS
SHA,H,76,INFLOW,20180621,0000,-4475, ,CFS
SHA,H,76,INFLOW,20180621,0100,3431, ,CFS
SHA,H,76,INFLOW,20180621,0200,3678, ,CFS
SHA,H,76,INFLOW,20180621,0300,2923, ,CFS
SHA,H,76,INFLOW,20180621,0400,2930, ,CFS
SHA,H,76,INFLOW,20180621,0500,-292, ,CFS
SHA,H,76,INFLOW,20180621,0600,769, ,CFS
SHA,H,76,INFLOW,20180621,0700,13100, ,CFS
SHA,H,76,INFLOW,20180621,0800,-104, ,CFS
SHA,H,76,INFLOW,20180621,0900,-2008, ,CFS
SHA,H,76,INFLOW,20180621,1000,4494, ,CFS
SHA,H,76,INFLOW,20180621,1100,-1304, ,CFS
SHA,H,76,INFLOW,20180621,1200,717, ,CFS
SHA,H,76,INFLOW,20180621,1300,3623, ,CFS
SHA,H,76,INFLOW,20180621,1400,-2739, ,CFS
SHA,H,76,INFLOW,20180621,1500,6918, ,CFS
SHA,H,76,INFLOW,20180621,1600,6962, ,CFS
SHA,H,76,INFLOW,20180621,1700,5632, ,CFS
SHA,H,76,INFLOW,20180621,1800,7164, ,CFS
SHA,H,76,INFLOW,20180621,1900,1262, ,CFS
SHA,H,76,INFLOW,20180621,2000,12803, ,CFS
SHA,H,76,INFLOW,20180621,2100,3007, ,CFS
SHA,H,76,INFLOW,20180621,2200,904, ,CFS
SHA,H,76,INFLOW,20180621,2300,7319, ,CFS
SHA,H,76,INFLOW,20180622,0000,4621, ,CFS
SHA,H,76,INFLOW,20180622,0100,6400, ,CFS
SHA,H,76,INFLOW,20180622,0200,871, ,CFS
SHA,H,76,INFLOW,20180622,0300,-233, ,CFS
SHA,H,76,INFLOW,20180622,0400,2485, ,CFS
SHA,H,76,INFLOW,20180622,0500,-1203, ,CFS
SHA,H,76,INFLOW,20180622,0600,519, ,CFS
SHA,H,76,INFLOW,20180622,0700,7533, ,CFS
SHA,H,76,INFLOW,20180622,0800,-2143, ,CFS
SHA,H,76,INFLOW,20180622,0900,-205, ,CFS
SHA,H,76,INFLOW,20180622,1000,121, ,CFS
SHA,H,76,INFLOW,20180622,1100,2979, ,CFS
SHA,H,76,INFLOW,20180622,1200,-870, ,CFS
SHA,H,76,INFLOW,20180622,1300,-1716, ,CFS
SHA,H,76,INFLOW,20180622,1400,4958, ,CFS
SHA,H,76,INFLOW,20180622,1500,757, ,CFS
SHA,H,76,INFLOW,20180622,1600,3383, ,CFS
SHA,H,76,INFLOW,20180622,1700,6748, ,CFS
SHA,H,76,INFLOW,20180622,1800,397, ,CFS
SHA,H,76,INFLOW,20180622,1900,10274, ,CFS
SHA,H,76,INFLOW,20180622,2000,8914, ,CFS
SHA,H,76,INFLOW,20180622,2100,-1627, ,CFS
SHA,H,76,INFLOW,20180622,2200,9819, ,CFS
SHA,H,76,INFLOW,20180622,2300,9480, ,CFS
SHA,H,76,INFLOW,20180623,0000,-3150, ,CFS
SHA,H,76,INFLOW,20180623,0100,4208, ,CFS
SHA,H,76,INFLOW,20180623,0200,2869, ,CFS
SHA,H,76,INFLOW,20180623,0300,3620, ,CFS
SHA,H,76,INFLOW,20180623,0400,5887, ,CFS
SHA,H,76,INFLOW,20180623,0500,-473, ,CFS
SHA,H,76,INFLOW,20180623,0600,3782, ,CFS
SHA,H,76,INFLOW,20180623,0700,6769, ,CFS
SHA,H,76,INFLOW,20180623,0800,-4877, ,CFS
SHA,H,76,INFLOW,20180623,0900,2867, ,CFS
SHA,H,76,INFLOW,20180623,1000,-1432, ,CFS
SHA,H,76,INFLOW,20180623,1100,1395, ,CFS
SHA,H,76,INFLOW,20180623,1200,2022, ,CFS
SHA,H,76,INFLOW,20180623,1300,1814, ,CFS
SHA,H,76,INFLOW,20180623,1400,5907, ,CFS
SHA,H,76,INFLOW,20180623,1500,1316, ,CFS
SHA,H,76,INFLOW,20180623,1600,-1764, ,CFS
SHA,H,76,INFLOW,20180623,1700,6933, ,CFS
SHA,H,76,INFLOW,20180623,1800,-3224, ,CFS
SHA,H,76,INFLOW,20180623,1900,4193, ,CFS
SHA,H,76,INFLOW,20180623,2000,4137, ,CFS
SHA,H,76,INFLOW,20180623,2100,2833, ,CFS
SHA,H,76,INFLOW,20180623,2200,2177, ,CFS
SHA,H,76,INFLOW,20180623,2300,8898, ,CFS
SHA,H,76,INFLOW,20180624,0000,3210, ,CFS
SHA,H,76,INFLOW,20180624,0100,13257, ,CFS
SHA,H,76,INFLOW,20180624,0200,2962, ,CFS
SHA,H,76,INFLOW,20180624,0300,-323, ,CFS
SHA,H,76,INFLOW,20180624,0400,6517, ,CFS
SHA,H,76,INFLOW,20180624,0500,-2560, ,CFS
SHA,H,76,INFLOW,20180624,0600,5233, ,CFS
SHA,H,76,INFLOW,20180624,0700,-755, ,CFS
SHA,H,76,INFLOW,20180624,0800,1779, ,CFS
SHA,H,76,INFLOW,20180624,0900,-240, ,CFS
SHA,H,76,INFLOW,20180624,1000,412, ,CFS
SHA,H,76,INFLOW,20180624,1100,1442, ,CFS
SHA,H,76,INFLOW,20180624,1200,-983, ,CFS
SHA,H,76,INFLOW,20180624,1300,-1297, ,CFS
SHA,H,76,INFLOW,20180624,1400,1475, ,CFS
SHA,H,76,INFLOW,20180624,1500,2633, ,CFS
SHA,H,76,INFLOW,20180624,1600,4605, ,CFS
SHA,H,76,INFLOW,20180624,1700,4004, ,CFS
SHA,H,76,INFLOW,20180624,1800,2462, ,CFS
SHA,H,76,INFLOW,20180624,1900,10227, ,CFS
SHA,H,76,INFLOW,20180624,2000,3899, ,CFS
SHA,H,76,INFLOW,20180624,2100,7237, ,CFS
SHA,H,76,INFLOW,20180624,2200,9521, ,CFS
SHA,H,76,INFLOW,20180624,2300,-3484, ,CFS
SHA,H,76,INFLOW,20180625,0000,3703, ,CFS
SHA,H,76,INFLOW,20180625,0100,3736, ,CFS
SHA,H,76,INFLOW,20180625,0200,-3145, ,CFS
SHA,H,76,INFLOW,20180625,0300,6303, ,CFS
SHA,H,76,INFLOW,20180625,0400,45, ,CFS
SHA,H,76,INFLOW,20180625,0500,94, ,CFS
SHA,H,76,INFLOW,20180625,0600,2446, ,CFS
SHA,H,76,INFLOW,20180625,0700,2270, ,CFS
SHA,H,76,INFLOW,20180625,0800,1963, ,CFS
SHA,H,76,INFLOW,20180625,0900,1957, ,CFS
SHA,H,76,INFLOW,20180625,1000,-1012, ,CFS
SHA,H,76,INFLOW,20180625,1100,2817, ,CFS
SHA,H,76,INFLOW,20180625,1200,3077, ,CFS
SHA,H,76,INFLOW,20180625,1300,458, ,CFS
SHA,H,76,INFLOW,20180625,1400,-21511, ,CFS
SHA,H,76,INFLOW,20180625,1500,6690, ,CFS
SHA,H,76,INFLOW,20180625,1600,-319, ,CFS
SHA,H,76,INFLOW,20180625,1700,5159, ,CFS
SHA,H,76,INFLOW,20180625,1800,1545, ,CFS
SHA,H,76,INFLOW,20180625,1900,1461, ,CFS
SHA,H,76,INFLOW,20180625,2000,1150, ,CFS
SHA,H,76,INFLOW,20180625,2100,9007, ,CFS
SHA,H,76,INFLOW,20180625,2200,11130, ,CFS
SHA,H,76,INFLOW,20180625,2300,6716, ,CFS
SHA,H,76,INFLOW,20180626,0000,6142, ,CFS
SHA,H,76,INFLOW,20180626,0100,6393, ,CFS
SHA,H,76,INFLOW,20180626,0200,5256, ,CFS
SHA,H,76,INFLOW,20180626,0300,1935, ,CFS
SHA,H,76,INFLOW,20180626,0400,1874, ,CFS
SHA,H,76,INFLOW,20180626,0500,1979, ,CFS
SHA,H,76,INFLOW,20180626,0600,2248, ,CFS
SHA,H,76,INFLOW,20180626,0700,3303, ,CFS
SHA,H,76,INFLOW,20180626,0800,9888, ,CFS
SHA,H,76,INFLOW,20180626,0900,-226, ,CFS
SHA,H,76,INFLOW,20180626,1000,490, ,CFS
SHA,H,76,INFLOW,20180626,1100,7832, ,CFS
SHA,H,76,INFLOW,20180626,1200,713, ,CFS
SHA,H,76,INFLOW,20180626,1300,4489, ,CFS
SHA,H,76,INFLOW,20180626,1400,3826, ,CFS
SHA,H,76,INFLOW,20180626,1500,1554, ,CFS
SHA,H,76,INFLOW,20180626,1600,6023, ,CFS
SHA,H,76,INFLOW,20180626,1700,-586, ,CFS
SHA,H,76,INFLOW,20180626,1800,5506, ,CFS
SHA,H,76,INFLOW,20180626,1900,8668, ,CFS
SHA,H,76,INFLOW,20180626,2000,8773, ,CFS
SHA,H,76,INFLOW,20180626,2100,6868, ,CFS
SHA,H,76,INFLOW,20180626,2200,10409, ,CFS
SHA,H,76,INFLOW,20180626,2300,6501, ,CFS
SHA,H,76,INFLOW,20180627,0000,8244, ,CFS
SHA,H,76,INFLOW,20180627,0100,-2018, ,CFS
SHA,H,76,INFLOW,20180627,0200,6839, ,CFS
SHA,H,76,INFLOW,20180627,0300,783, ,CFS
SHA,H,76,INFLOW,20180627,0400,588, ,CFS
SHA,H,76,INFLOW,20180627,0500,4050, ,CFS
SHA,H,76,INFLOW,20180627,0600,-4851, ,CFS
SHA,H,76,INFLOW,20180627,0700,14051, ,CFS
SHA,H,76,INFLOW,20180627,0800,3686, ,CFS
SHA,H,76,INFLOW,20180627,0900,3656, ,CFS
SHA,H,76,INFLOW,20180627,1000,668, ,CFS
SHA,H,76,INFLOW,20180627,1100,1798, ,CFS
SHA,H,76,INFLOW,20180627,1200,2610, ,CFS
SHA,H,76,INFLOW,20180627,1300,2311, ,CFS
SHA,H,76,INFLOW,20180627,1400,-223, ,CFS
SHA,H,76,INFLOW,20180627,1500,10015, ,CFS
SHA,H,76,INFLOW,20180627,1600,2014, ,CFS
SHA,H,76,INFLOW,20180627,1700,1645, ,CFS
SHA,H,76,INFLOW,20180627,1800,11176, ,CFS
SHA,H,76,INFLOW,20180627,1900,-1749, ,CFS
SHA,H,76,INFLOW,20180627,2000,7722, ,CFS
SHA,H,76,INFLOW,20180627,2100,-1344, ,CFS
SHA,H,76,INFLOW,20180627,2200,5716, ,CFS
SHA,H,76,INFLOW,20180627,2300,14358, ,CFS
SHA,H,76,INFLOW,20180628,0000,4549, ,CFS
SHA,H,76,INFLOW,20180628,0100,1599, ,CFS
SHA,H,76,INFLOW,20180628,0200,288, ,CFS
SHA,H,76,INFLOW,20180628,0300,-223, ,CFS
SHA,H,76,INFLOW,20180628,0400,-73, ,CFS
SHA,H,76,INFLOW,20180628,0500,3390, ,CFS
SHA,H,76,INFLOW,20180628,0600,-419, ,CFS
SHA,H,76,INFLOW,20180628,0700,1675, ,CFS
SHA,H,76,INFLOW,20180628,0800,4189, ,CFS
SHA,H,76,INFLOW,20180628,0900,5062, ,CFS
SHA,H,76,INFLOW,20180628,1000,1659, ,CFS
SHA,H,76,INFLOW,20180628,1100,3773, ,CFS
SHA,H,76,INFLOW,20180628,1200,4158, ,CFS
SHA,H,76,INFLOW,20180628,1300,-1302, ,CFS
SHA,H,76,INFLOW,20180628,1400,7014, ,CFS
SHA,H,76,INFLOW,20180628,1500,-1980, ,CFS
SHA,H,76,INFLOW,20180628,1600,1528, ,CFS
SHA,H,76,INFLOW,20180628,1700,5798, ,CFS
SHA,H,76,INFLOW,20180628,1800,1907, ,CFS
SHA,H,76,INFLOW,20180628,1900,1817, ,CFS
SHA,H,76,INFLOW,20180628,2000,-1237, ,CFS
SHA,H,76,INFLOW,20180628,2100,3211, ,CFS
SHA,H,76,INFLOW,20180628,2200,5756, ,CFS
SHA,H,76,INFLOW,20180628,2300,-3516, ,CFS
SHA,H,76,INFLOW,20180629,0000,4665, ,CFS
SHA,H,76,INFLOW,20180629,0100,2148, ,CFS
SHA,H,76,INFLOW,20180629,0200,7950, ,CFS
SHA,H,76,INFLOW,20180629,0300,9395, ,CFS
SHA,H,76,INFLOW,20180629,0400,6178, ,CFS
SHA,H,76,INFLOW,20180629,0500,9822, ,CFS
SHA,H,76,INFLOW,20180629,0600,3985, ,CFS
SHA,H,76,INFLOW,20180629,0700,5534, ,CFS
SHA,H,76,INFLOW,20180629,0800,3738, ,CFS
SHA,H,76,INFLOW,20180629,0900,5982, ,CFS
SHA,H,76,INFLOW,20180629,1000,747, ,CFS
SHA,H,76,INFLOW,20180629,1100,12123, ,CFS
SHA,H,76,INFLOW,20180629,1200,3215, ,CFS
SHA,H,76,INFLOW,20180629,1300,2367, ,CFS
SHA,H,76,INFLOW,20180629,1400,3234, ,CFS
SHA,H,76,INFLOW,20180629,1500,1689, ,CFS
SHA,H,76,INFLOW,20180629,1600,1453, ,CFS
SHA,H,76,INFLOW,20180629,1700,4119, ,CFS
SHA,H,76,INFLOW,20180629,1800,996, ,CFS
SHA,H,76,INFLOW,20180629,1900,871, ,CFS
SHA,H,76,INFLOW,20180629,2000,3813, ,CFS
SHA,H,76,INFLOW,20180629,2100,824, ,CFS
SHA,H,76,INFLOW,20180629,2200,5207, ,CFS
SHA,H,76,INFLOW,20180629,2300,478, ,CFS
SHA,H,76,INFLOW,20180630,0000,-1272, ,CFS
SHA,H,76,INFLOW,20180630,0100,6746, ,CFS
SHA,H,76,INFLOW,20180630,0200,9034, ,CFS
SHA,H,76,INFLOW,20180630,0300,5195, ,CFS
SHA,H,76,INFLOW,20180630,0400,11244, ,CFS
SHA,H,76,INFLOW,20180630,0500,5150, ,CFS
SHA,H,76,INFLOW,20180630,0600,2231, ,CFS
SHA,H,76,INFLOW,20180630,0700,16382, ,CFS
SHA,H,76,INFLOW,20180630,0800,560, ,CFS
SHA,H,76,INFLOW,20180630,0900,10038, ,CFS
SHA,H,76,INFLOW,20180630,1000,3690, ,CFS
SHA,H,76,INFLOW,20180630,1100,4641, ,CFS
SHA,H,76,INFLOW,20180630,1200,1655, ,CFS
SHA,H,76,INFLOW,20180630,1300,3723, ,CFS
SHA,H,76,INFLOW,20180630,1400,2595, ,CFS
SHA,H,76,INFLOW,20180630,1500,1817, ,CFS
SHA,H,76,INFLOW,20180630,1600,-890, ,CFS
SHA,H,76,INFLOW,20180630,1700,4877, ,CFS
SHA,H,76,INFLOW,20180630,1800,674, ,CFS
SHA,H,76,INFLOW,20180630,1900,6330, ,CFS
SHA,H,76,INFLOW,20180630,2000,695, ,CFS
SHA,H,76,INFLOW,20180630,2100,-49, ,CFS
SHA,H,76,INFLOW,20180630,2200,8254, ,CFS
SHA,H,76,INFLOW,20180630,2300,-755, ,CFS
SHA,H,76,INFLOW,20180701,0000,1142, ,CFS
SHA,H,76,INFLOW,20180701,0100,3302, ,CFS
SHA,H,76,INFLOW,20180701,0200,2000, ,CFS
SHA,H,76,INFLOW,20180701,0300,4829, ,CFS
SHA,H,76,INFLOW,20180701,0400,-4408, ,CFS
SHA,H,76,INFLOW,20180701,0500,828, ,CFS
SHA,H,76,INFLOW,20180701,0600,6895, ,CFS
SHA,H,76,INFLOW,20180701,0700,6456, ,CFS
SHA,H,76,INFLOW,20180701,0800,3999, ,CFS
SHA,H,76,INFLOW,20180701,0900,3248, ,CFS
SHA,H,76,INFLOW,20180701,1000,6407, ,CFS
SHA,H,76,INFLOW,20180701,1100,-639, ,CFS
SHA,H,76,INFLOW,20180701,1200,-241, ,CFS
SHA,H,76,INFLOW,20180701,1300,3638, ,CFS
SHA,H,76,INFLOW,20180701,1400,1429, ,CFS
SHA,H,76,INFLOW,20180701,1500,3075, ,CFS
SHA,H,76,INFLOW,20180701,1600,1829, ,CFS
SHA,H,76,INFLOW,20180701,1700,2191, ,CFS
SHA,H,76,INFLOW,20180701,1800,130, ,CFS
SHA,H,76,INFLOW,20180701,1900,3351, ,CFS
SHA,H,76,INFLOW,20180701,2000,217, ,CFS
SHA,H,76,INFLOW,20180701,2100,3306, ,CFS
SHA,H,76,INFLOW,20180701,2200,2721, ,CFS
SHA,H,76,INFLOW,20180701,2300,5409, ,CFS
SHA,H,76,INFLOW,20180702,0000,-3020, ,CFS
SHA,H,76,INFLOW,20180702,0100,11138, ,CFS
SHA,H,76,INFLOW,20180702,0200,3691, ,CFS
SHA,H,76,INFLOW,20180702,0300,589, ,CFS
SHA,H,76,INFLOW,20180702,0400,10091, ,CFS
SHA,H,76,INFLOW,20180702,0500,4137, ,CFS
SHA,H,76,INFLOW,20180702,0600,9255, ,CFS
SHA,H,76,INFLOW,20180702,0700,10342, ,CFS
SHA,H,76,INFLOW,20180702,0800,4668, ,CFS
SHA,H,76,INFLOW,20180702,0900,7526, ,CFS
SHA,H,76,INFLOW,20180702,1000,-1847, ,CFS
SHA,H,76,INFLOW,20180702,1100,1557, ,CFS
SHA,H,76,INFLOW,20180702,1200,3641, ,CFS
SHA,H,76,INFLOW,20180702,1300,1002, ,CFS
SHA,H,76,INFLOW,20180702,1400,11328, ,CFS
SHA,H,76,INFLOW,20180702,1500,3065, ,CFS
SHA,H,76,INFLOW,20180702,1600,2186, ,CFS
SHA,H,76,INFLOW,20180702,1700,-145, ,CFS
SHA,H,76,INFLOW,20180702,1800,3454, ,CFS
SHA,H,76,INFLOW,20180702,1900,-2555, ,CFS
SHA,H,76,INFLOW,20180702,2000,6786, ,CFS
SHA,H,76,INFLOW,20180702,2100,541, ,CFS
SHA,H,76,INFLOW,20180702,2200,5973, ,CFS
SHA,H,76,INFLOW,20180702,2300,10782, ,CFS
SHA,H,76,INFLOW,20180703,0000,2960, ,CFS
SHA,H,76,INFLOW,20180703,0100,11158, ,CFS
SHA,H,76,INFLOW,20180703,0200,8140, ,CFS
SHA,H,76,INFLOW,20180703,0300,7535, ,CFS
SHA,H,76,INFLOW,20180703,0400,1388, ,CFS
SHA,H,76,INFLOW,20180703,0500,1508, ,CFS
SHA,H,76,INFLOW,20180703,0600,901, ,CFS
SHA,H,76,INFLOW,20180703,0700,8564, ,CFS
SHA,H,76,INFLOW,20180703,0800,-2150, ,CFS
SHA,H,76,INFLOW,20180703,0900,960, ,CFS
SHA,H,76,INFLOW,20180703,1000,1002, ,CFS
SHA,H,76,INFLOW,20180703,1100,-2130, ,CFS
SHA,H,76,INFLOW,20180703,1200,166, ,CFS
SHA,H,76,INFLOW,20180703,1300,1161, ,CFS
SHA,H,76,INFLOW,20180703,1400,-667, ,CFS
SHA,H,76,INFLOW,20180703,1500,296, ,CFS
SHA,H,76,INFLOW,20180703,1600,2151, ,CFS
SHA,H,76,INFLOW,20180703,1700,3078, ,CFS
SHA,H,76,INFLOW,20180703,1800,3656, ,CFS
SHA,H,76,INFLOW,20180703,1900,754, ,CFS
SHA,H,76,INFLOW,20180703,2000,3556, ,CFS
SHA,H,76,INFLOW,20180703,2100,9765, ,CFS
SHA,H,76,INFLOW,20180703,2200,9793, ,CFS
SHA,H,76,INFLOW,20180703,2300,7967, ,CFS
SHA,H,76,INFLOW,20180704,0000,1250, ,CFS
SHA,H,76,INFLOW,20180704,0100,3330, ,CFS
SHA,H,76,INFLOW,20180704,0200,-62, ,CFS
SHA,H,76,INFLOW,20180704,0300,2586, ,CFS
SHA,H,76,INFLOW,20180704,0400,2279, ,CFS
SHA,H,76,INFLOW,20180704,0500,2388, ,CFS
SHA,H,76,INFLOW,20180704,0600,2171, ,CFS
SHA,H,76,INFLOW,20180704,0700,3904, ,CFS
SHA,H,76,INFLOW,20180704,0800,-29, ,CFS
SHA,H,76,INFLOW,20180704,0900,156, ,CFS
SHA,H,76,INFLOW,20180704,1000,184, ,CFS
SHA,H,76,INFLOW,20180704,1100,2538, ,CFS
SHA,H,76,INFLOW,20180704,1200,-276, ,CFS
SHA,H,76,INFLOW,20180704,1300,-928, ,CFS
SHA,H,76,INFLOW,20180704,1400,1976, ,CFS
SHA,H,76,INFLOW,20180704,1500,640, ,CFS
SHA,H,76,INFLOW,20180704,1600,4488, ,CFS
SHA,H,76,INFLOW,20180704,1700,-38, ,CFS
SHA,H,76,INFLOW,20180704,1800,68, ,CFS
SHA,H,76,INFLOW,20180704,1900,6268, ,CFS
SHA,H,76,INFLOW,20180704,2000,3048, ,CFS
SHA,H,76,INFLOW,20180704,2100,7071, ,CFS
SHA,H,76,INFLOW,20180704,2200,5735, ,CFS
SHA,H,76,INFLOW,20180704,2300,-557, ,CFS
SHA,H,76,INFLOW,20180705,0000,3352, ,CFS
SHA,H,76,INFLOW,20180705,0100,1440, ,CFS
SHA,H,76,INFLOW,20180705,0200,1026, ,CFS
SHA,H,76,INFLOW,20180705,0300,---, ,CFS
SHA,H,76,INFLOW,20180705,0400,534, ,CFS
SHA,H,76,INFLOW,20180705,0500,-2190, ,CFS
SHA,H,76,INFLOW,20180705,0600,6412, ,CFS
SHA,H,76,INFLOW,20180705,0700,1100, ,CFS
SHA,H,76,INFLOW,20180705,0800,4925, ,CFS
SHA,H,76,INFLOW,20180705,0900,-2799, ,CFS
SHA,H,76,INFLOW,20180705,1000,354, ,CFS
SHA,H,76,INFLOW,20180705,1100,3955, ,CFS
SHA,H,76,INFLOW,20180705,1200,-2014, ,CFS
SHA,H,76,INFLOW,20180705,1300,4151, ,CFS
SHA,H,76,INFLOW,20180705,1400,10088, ,CFS
SHA,H,76,INFLOW,20180705,1500,-4240, ,CFS
SHA,H,76,INFLOW,20180705,1600,2264, ,CFS
SHA,H,76,INFLOW,20180705,1700,7513, ,CFS
SHA,H,76,INFLOW,20180705,1800,3242, ,CFS
SHA,H,76,INFLOW,20180705,1900,8417, ,CFS
SHA,H,76,INFLOW,20180705,2000,4911, ,CFS
SHA,H,76,INFLOW,20180705,2100,8439, ,CFS
SHA,H,76,INFLOW,20180705,2200,7729, ,CFS
SHA,H,76,INFLOW,20180705,2300,5347, ,CFS
SHA,H,76,INFLOW,20180706,0000,4660, ,CFS
SHA,H,76,INFLOW,20180706,0100,-748, ,CFS
SHA,H,76,INFLOW,20180706,0200,1414, ,CFS
SHA,H,76,INFLOW,20180706,0300,687, ,CFS
SHA,H,76,INFLOW,20180706,0400,2385, ,CFS
SHA,H,76,INFLOW,20180706,0500,-2070, ,CFS
SHA,H,76,INFLOW,20180706,0600,5876, ,CFS
SHA,H,76,INFLOW,20180706,0700,2329, ,CFS
SHA,H,76,INFLOW,20180706,0800,-2639, ,CFS
SHA,H,76,INFLOW,20180706,0900,-1362, ,CFS
SHA,H,76,INFLOW,20180706,1000,1950, ,CFS
SHA,H,76,INFLOW,20180706,1100,1587, ,CFS
SHA,H,76,INFLOW,20180706,1200,-1130, ,CFS
SHA,H,76,INFLOW,20180706,1300,5385, ,CFS
SHA,H,76,INFLOW,20180706,1400,1981, ,CFS
SHA,H,76,INFLOW,20180706,1500,2353, ,CFS
SHA,H,76,INFLOW,20180706,1600,67, ,CFS
SHA,H,76,INFLOW,20180706,1700,3134, ,CFS
SHA,H,76,INFLOW,20180706,1800,5200, ,CFS
SHA,H,76,INFLOW,20180706,1900,12267, ,CFS
SHA,H,76,INFLOW,20180706,2000,-635, ,CFS
SHA,H,76,INFLOW,20180706,2100,11838, ,CFS
SHA,H,76,INFLOW,20180706,2200,2149, ,CFS
SHA,H,76,INFLOW,20180706,2300,8349, ,CFS
SHA,H,76,INFLOW,20180707,0000,8149, ,CFS
SHA,H,76,INFLOW,20180707,0100,-206, ,CFS
SHA,H,76,INFLOW,20180707,0200,9206, ,CFS
SHA,H,76,INFLOW,20180707,0300,4278, ,CFS
SHA,H,76,INFLOW,20180707,0400,-498, ,CFS
SHA,H,76,INFLOW,20180707,0500,2888, ,CFS
SHA,H,76,INFLOW,20180707,0600,1232, ,CFS
SHA,H,76,INFLOW,20180707,0700,-383, ,CFS
SHA,H,76,INFLOW,20180707,0800,4165, ,CFS
SHA,H,76,INFLOW,20180707,0900,-1717, ,CFS
SHA,H,76,INFLOW,20180707,1000,2522, ,CFS
SHA,H,76,INFLOW,20180707,1100,-397, ,CFS
SHA,H,76,INFLOW,20180707,1200,-221, ,CFS
SHA,H,76,INFLOW,20180707,1300,4559, ,CFS
SHA,H,76,INFLOW,20180707,1400,-95, ,CFS
SHA,H,76,INFLOW,20180707,1500,87, ,CFS
SHA,H,76,INFLOW,20180707,1600,6587, ,CFS
SHA,H,76,INFLOW,20180707,1700,-266, ,CFS
SHA,H,76,INFLOW,20180707,1800,5437, ,CFS
SHA,H,76,INFLOW,20180707,1900,9392, ,CFS
SHA,H,76,INFLOW,20180707,2000,9137, ,CFS
SHA,H,76,INFLOW,20180707,2100,8253, ,CFS
SHA,H,76,INFLOW,20180707,2200,5135, ,CFS
SHA,H,76,INFLOW,20180707,2300,8060, ,CFS
SHA,H,76,INFLOW,20180708,0000,5539, ,CFS
SHA,H,76,INFLOW,20180708,0100,5736, ,CFS
SHA,H,76,INFLOW,20180708,0200,1724, ,CFS
SHA,H,76,INFLOW,20180708,0300,3012, ,CFS
SHA,H,76,INFLOW,20180708,0400,-116, ,CFS
SHA,H,76,INFLOW,20180708,0500,4199, ,CFS
SHA,H,76,INFLOW,20180708,0600,1989, ,CFS
SHA,H,76,INFLOW,20180708,0700,-861, ,CFS
SHA,H,76,INFLOW,20180708,0800,1487, ,CFS
SHA,H,76,INFLOW,20180708,0900,-2537, ,CFS
SHA,H,76,INFLOW,20180708,1000,560, ,CFS
SHA,H,76,INFLOW,20180708,1100,594, ,CFS
SHA,H,76,INFLOW,20180708,1200,855, ,CFS
SHA,H,76,INFLOW,20180708,1300,132, ,CFS
SHA,H,76,INFLOW,20180708,1400,1699, ,CFS
SHA,H,76,INFLOW,20180708,1500,1142, ,CFS
SHA,H,76,INFLOW,20180708,1600,1832, ,CFS
SHA,H,76,INFLOW,20180708,1700,4959, ,CFS
SHA,H,76,INFLOW,20180708,1800,5603, ,CFS
SHA,H,76,INFLOW,20180708,1900,1977, ,CFS
SHA,H,76,INFLOW,20180708,2000,7842, ,CFS
SHA,H,76,INFLOW,20180708,2100,7375, ,CFS
SHA,H,76,INFLOW,20180708,2200,10814, ,CFS
SHA,H,76,INFLOW,20180708,2300,4514, ,CFS
SHA,H,76,INFLOW,20180709,0000,6428, ,CFS
SHA,H,76,INFLOW,20180709,0100,-2644, ,CFS
SHA,H,76,INFLOW,20180709,0200,1082, ,CFS
SHA,H,76,INFLOW,20180709,0300,1398, ,CFS
SHA,H,76,INFLOW,20180709,0400,-1322, ,CFS
SHA,H,76,INFLOW,20180709,0500,4465, ,CFS
SHA,H,76,INFLOW,20180709,0600,-3101, ,CFS
SHA,H,76,INFLOW,20180709,0700,2761, ,CFS
SHA,H,76,INFLOW,20180709,0800,5819, ,CFS
SHA,H,76,INFLOW,20180709,0900,3285, ,CFS
SHA,H,76,INFLOW,20180709,1000,-3409, ,CFS
SHA,H,76,INFLOW,20180709,1100,2843, ,CFS
SHA,H,76,INFLOW,20180709,1200,752, ,CFS
SHA,H,76,INFLOW,20180709,1300,1468, ,CFS
SHA,H,76,INFLOW,20180709,1400,3862, ,CFS
SHA,H,76,INFLOW,20180709,1500,1158, ,CFS
SHA,H,76,INFLOW,20180709,1600,13781, ,CFS
SHA,H,76,INFLOW,20180709,1700,2039, ,CFS
SHA,H,76,INFLOW,20180709,1800,2844, ,CFS
SHA,H,76,INFLOW,20180709,1900,8953, ,CFS
SHA,H,76,INFLOW,20180709,2000,5542, ,CFS
SHA,H,76,INFLOW,20180709,2100,8235, ,CFS
SHA,H,76,INFLOW,20180709,2200,9116, ,CFS
SHA,H,76,INFLOW,20180709,2300,7494, ,CFS
SHA,H,76,INFLOW,20180710,0000,2030, ,CFS
SHA,H,76,INFLOW,20180710,0100,4730, ,CFS
SHA,H,76,INFLOW,20180710,0200,-2336, ,CFS
SHA,H,76,INFLOW,20180710,0300,1166, ,CFS
SHA,H,76,INFLOW,20180710,0400,807, ,CFS
SHA,H,76,INFLOW,20180710,0500,-1795, ,CFS
SHA,H,76,INFLOW,20180710,0600,3385, ,CFS
SHA,H,76,INFLOW,20180710,0700,2757, ,CFS
SHA,H,76,INFLOW,20180710,0800,-90, ,CFS
SHA,H,76,INFLOW,20180710,0900,5689, ,CFS
SHA,H,76,INFLOW,20180710,1000,-4858, ,CFS
SHA,H,76,INFLOW,20180710,1100,514, ,CFS
SHA,H,76,INFLOW,20180710,1200,64, ,CFS
SHA,H,76,INFLOW,20180710,1300,3876, ,CFS
SHA,H,76,INFLOW,20180710,1400,978, ,CFS
SHA,H,76,INFLOW,20180710,1500,2271, ,CFS
SHA,H,76,INFLOW,20180710,1600,1694, ,CFS
SHA,H,76,INFLOW,20180710,1700,-1059, ,CFS
SHA,H,76,INFLOW,20180710,1800,13230, ,CFS
SHA,H,76,INFLOW,20180710,1900,1215, ,CFS
SHA,H,76,INFLOW,20180710,2000,9116, ,CFS
SHA,H,76,INFLOW,20180710,2100,8725, ,CFS
SHA,H,76,INFLOW,20180710,2200,6381, ,CFS
SHA,H,76,INFLOW,20180710,2300,12077, ,CFS
SHA,H,76,INFLOW,20180711,0000,-4807, ,CFS
SHA,H,76,INFLOW,20180711,0100,2185, ,CFS
SHA,H,76,INFLOW,20180711,0200,5085, ,CFS
SHA,H,76,INFLOW,20180711,0300,-2417, ,CFS
SHA,H,76,INFLOW,20180711,0400,3164, ,CFS
SHA,H,76,INFLOW,20180711,0500,3160, ,CFS
SHA,H,76,INFLOW,20180711,0600,-1774, ,CFS
SHA,H,76,INFLOW,20180711,0700,4275, ,CFS
SHA,H,76,INFLOW,20180711,0800,2476, ,CFS
SHA,H,76,INFLOW,20180711,0900,-2095, ,CFS
SHA,H,76,INFLOW,20180711,1000,3953, ,CFS
SHA,H,76,INFLOW,20180711,1100,-2030, ,CFS
SHA,H,76,INFLOW,20180711,1200,4108, ,CFS
SHA,H,76,INFLOW,20180711,1300,2169, ,CFS
SHA,H,76,INFLOW,20180711,1400,483, ,CFS
SHA,H,76,INFLOW,20180711,1500,4345, ,CFS
SHA,H,76,INFLOW,20180711,1600,10501, ,CFS
SHA,H,76,INFLOW,20180711,1700,2205, ,CFS
SHA,H,76,INFLOW,20180711,1800,4228, ,CFS
SHA,H,76,INFLOW,20180711,1900,6158, ,CFS
SHA,H,76,INFLOW,20180711,2000,-3022, ,CFS
SHA,H,76,INFLOW,20180711,2100,15286, ,CFS
SHA,H,76,INFLOW,20180711,2200,6137, ,CFS
SHA,H,76,INFLOW,20180711,2300,7742, ,CFS
SHA,H,76,INFLOW,20180712,0000,3408, ,CFS
SHA,H,76,INFLOW,20180712,0100,2497, ,CFS
SHA,H,76,INFLOW,20180712,0200,3257, ,CFS
SHA,H,76,INFLOW,20180712,0300,1577, ,CFS
SHA,H,76,INFLOW,20180712,0400,-2322, ,CFS
SHA,H,76,INFLOW,20180712,0500,833, ,CFS
SHA,H,76,INFLOW,20180712,0600,-1858, ,CFS
SHA,H,76,INFLOW,20180712,0700,2292, ,CFS
SHA,H,76,INFLOW,20180712,0800,1645, ,CFS
SHA,H,76,INFLOW,20180712,0900,-698, ,CFS
SHA,H,76,INFLOW,20180712,1000,2186, ,CFS
SHA,H,76,INFLOW,20180712,1100,729, ,CFS
SHA,H,76,INFLOW,20180712,1200,1885, ,CFS
SHA,H,76,INFLOW,20180712,1300,214, ,CFS
SHA,H,76,INFLOW,20180712,1400,-87, ,CFS
SHA,H,76,INFLOW,20180712,1500,4052, ,CFS
SHA,H,76,INFLOW,20180712,1600,1323, ,CFS
SHA,H,76,INFLOW,20180712,1700,4597, ,CFS
SHA,H,76,INFLOW,20180712,1800,4971, ,CFS
SHA,H,76,INFLOW,20180712,1900,10790, ,CFS
SHA,H,76,INFLOW,20180712,2000,5516, ,CFS
SHA,H,76,INFLOW,20180712,2100,5526, ,CFS
SHA,H,76,INFLOW,20180712,2200,5325, ,CFS
SHA,H,76,INFLOW,20180712,2300,5063, ,CFS
SHA,H,76,INFLOW,20180713,0000,-1550, ,CFS
SHA,H,76,INFLOW,20180713,0100,6049, ,CFS
SHA,H,76,INFLOW,20180713,0200,2760, ,CFS
SHA,H,76,INFLOW,20180713,0300,1187, ,CFS
SHA,H,76,INFLOW,20180713,0400,767, ,CFS
SHA,H,76,INFLOW,20180713,0500,701, ,CFS
SHA,H,76,INFLOW,20180713,0600,-422, ,CFS
SHA,H,76,INFLOW,20180713,0700,2699, ,CFS
SHA,H,76,INFLOW,20180713,0800,-1030, ,CFS
SHA,H,76,INFLOW,20180713,0900,-6, ,CFS
SHA,H,76,INFLOW,20180713,1000,-2229, ,CFS
SHA,H,76,INFLOW,20180713,1100,3674, ,CFS
SHA,H,76,INFLOW,20180713,1200,283, ,CFS
SHA,H,76,INFLOW,20180713,1300,1339, ,CFS
SHA,H,76,INFLOW,20180713,1400,3212, ,CFS
SHA,H,76,INFLOW,20180713,1500,5848, ,CFS
SHA,H,76,INFLOW,20180713,1600,2583, ,CFS
SHA,H,76,INFLOW,20180713,1700,7285, ,CFS
SHA,H,76,INFLOW,20180713,1800,5969, ,CFS
SHA,H,76,INFLOW,20180713,1900,9343, ,CFS
SHA,H,76,INFLOW,20180713,2000,8113, ,CFS
SHA,H,76,INFLOW,20180713,2100,2103, ,CFS
SHA,H,76,INFLOW,20180713,2200,7462, ,CFS
SHA,H,76,INFLOW,20180713,2300,6814, ,CFS
SHA,H,76,INFLOW,20180714,0000,3405, ,CFS
SHA,H,76,INFLOW,20180714,0100,1482, ,CFS
SHA,H,76,INFLOW,20180714,0200,428, ,CFS
SHA,H,76,INFLOW,20180714,0300,-1137, ,CFS
SHA,H,76,INFLOW,20180714,0400,1673, ,CFS
SHA,H,76,INFLOW,20180714,0500,1739, ,CFS
SHA,H,76,INFLOW,20180714,0600,1662, ,CFS
SHA,H,76,INFLOW,20180714,0700,2887, ,CFS
SHA,H,76,INFLOW,20180714,0800,-480, ,CFS
SHA,H,76,INFLOW,20180714,0900,-818, ,CFS
SHA,H,76,INFLOW,20180714,1000,-660, ,CFS
SHA,H,76,INFLOW,20180714,1100,1799, ,CFS
SHA,H,76,INFLOW,20180714,1200,1918, ,CFS
SHA,H,76,INFLOW,20180714,1300,-167, ,CFS
SHA,H,76,INFLOW,20180714,1400,2879, ,CFS
SHA,H,76,INFLOW,20180714,1500,2606, ,CFS
SHA,H,76,INFLOW,20180714,1600,-66, ,CFS
SHA,H,76,INFLOW,20180714,1700,3797, ,CFS
SHA,H,76,INFLOW,20180714,1800,1426, ,CFS
SHA,H,76,INFLOW,20180714,1900,448, ,CFS
SHA,H,76,INFLOW,20180714,2000,11509, ,CFS
SHA,H,76,INFLOW,20180714,2100,4737, ,CFS
SHA,H,76,INFLOW,20180714,2200,8023, ,CFS
SHA,H,76,INFLOW,20180714,2300,1257, ,CFS
SHA,H,76,INFLOW,20180715,0000,359, ,CFS
SHA,H,76,INFLOW,20180715,0100,5940, ,CFS
SHA,H,76,INFLOW,20180715,0200,-1651, ,CFS
SHA,H,76,INFLOW,20180715,0300,3125, ,CFS
SHA,H,76,INFLOW,20180715,0400,109, ,CFS
SHA,H,76,INFLOW,20180715,0500,601, ,CFS
SHA,H,76,INFLOW,20180715,0600,1156, ,CFS
SHA,H,76,INFLOW,20180715,0700,3486, ,CFS
SHA,H,76,INFLOW,20180715,0800,-2561, ,CFS
SHA,H,76,INFLOW,20180715,0900,2663, ,CFS
SHA,H,76,INFLOW,20180715,1000,-822, ,CFS
SHA,H,76,INFLOW,20180715,1100,1860, ,CFS
SHA,H,76,INFLOW,20180715,1200,-1277, ,CFS
SHA,H,76,INFLOW,20180715,1300,827, ,CFS
SHA,H,76,INFLOW,20180715,1400,2166, ,CFS
SHA,H,76,INFLOW,20180715,1500,-266, ,CFS
SHA,H,76,INFLOW,20180715,1600,10971, ,CFS
SHA,H,76,INFLOW,20180715,1700,1713, ,CFS
SHA,H,76,INFLOW,20180715,1800,10635, ,CFS
SHA,H,76,INFLOW,20180715,1900,2068, ,CFS
SHA,H,76,INFLOW,20180715,2000,7476, ,CFS
SHA,H,76,INFLOW,20180715,2100,6536, ,CFS
SHA,H,76,INFLOW,20180715,2200,5803, ,CFS
SHA,H,76,INFLOW,20180715,2300,5539, ,CFS
SHA,H,76,INFLOW,20180716,0000,10273, ,CFS
SHA,H,76,INFLOW,20180716,0100,-3289, ,CFS
SHA,H,76,INFLOW,20180716,0200,7119, ,CFS
SHA,H,76,INFLOW,20180716,0300,583, ,CFS
SHA,H,76,INFLOW,20180716,0400,-2780, ,CFS
SHA,H,76,INFLOW,20180716,0500,6475, ,CFS
SHA,H,76,INFLOW,20180716,0600,-890, ,CFS
SHA,H,76,INFLOW,20180716,0700,1296, ,CFS
SHA,H,76,INFLOW,20180716,0800,380, ,CFS
SHA,H,76,INFLOW,20180716,0900,-2964, ,CFS
SHA,H,76,INFLOW,20180716,1000,3798, ,CFS
SHA,H,76,INFLOW,20180716,1100,-414, ,CFS
SHA,H,76,INFLOW,20180716,1200,841, ,CFS
SHA,H,76,INFLOW,20180716,1300,2816, ,CFS
SHA,H,76,INFLOW,20180716,1400,1964, ,CFS
SHA,H,76,INFLOW,20180716,1500,1635, ,CFS
SHA,H,76,INFLOW,20180716,1600,7167, ,CFS
SHA,H,76,INFLOW,20180716,1700,1919, ,CFS
SHA,H,76,INFLOW,20180716,1800,7720, ,CFS
SHA,H,76,INFLOW,20180716,1900,8137, ,CFS
SHA,H,76,INFLOW,20180716,2000,7707, ,CFS
SHA,H,76,INFLOW,20180716,2100,4228, ,CFS
SHA,H,76,INFLOW,20180716,2200,4016, ,CFS
SHA,H,76,INFLOW,20180716,2300,12877, ,CFS
SHA,H,76,INFLOW,20180717,0000,-456, ,CFS
SHA,H,76,INFLOW,20180717,0100,3762, ,CFS
SHA,H,76,INFLOW,20180717,0200,2540, ,CFS
SHA,H,76,INFLOW,20180717,0300,-2492, ,CFS
SHA,H,76,INFLOW,20180717,0400,3515, ,CFS
SHA,H,76,INFLOW,20180717,0500,3243, ,CFS
SHA,H,76,INFLOW,20180717,0600,-2391, ,CFS
SHA,H,76,INFLOW,20180717,0700,4888, ,CFS
SHA,H,76,INFLOW,20180717,0800,-999, ,CFS
SHA,H,76,INFLOW,20180717,0900,1913, ,CFS
SHA,H,76,INFLOW,20180717,1000,-671, ,CFS
SHA,H,76,INFLOW,20180717,1100,-343, ,CFS
SHA,H,76,INFLOW,20180717,1200,966, ,CFS
SHA,H,76,INFLOW,20180717,1300,4402, ,CFS
SHA,H,76,INFLOW,20180717,1400,2156, ,CFS
SHA,H,76,INFLOW,20180717,1500,5458, ,CFS
SHA,H,76,INFLOW,20180717,1600,-287, ,CFS
SHA,H,76,INFLOW,20180717,1700,5723, ,CFS
SHA,H,76,INFLOW,20180717,1800,4179, ,CFS
SHA,H,76,INFLOW,20180717,1900,7283, ,CFS
SHA,H,76,INFLOW,20180717,2000,10454, ,CFS
SHA,H,76,INFLOW,20180717,2100,4694, ,CFS
SHA,H,76,INFLOW,20180717,2200,5884, ,CFS
SHA,H,76,INFLOW,20180717,2300,8312, ,CFS
SHA,H,76,INFLOW,20180718,0000,3381, ,CFS
SHA,H,76,INFLOW,20180718,0100,92, ,CFS
SHA,H,76,INFLOW,20180718,0200,5102, ,CFS
SHA,H,76,INFLOW,20180718,0300,-2907, ,CFS
SHA,H,76,INFLOW,20180718,0400,2853, ,CFS
SHA,H,76,INFLOW,20180718,0500,2973, ,CFS
SHA,H,76,INFLOW,20180718,0600,-5263, ,CFS
SHA,H,76,INFLOW,20180718,0700,10456, ,CFS
SHA,H,76,INFLOW,20180718,0800,-5025, ,CFS
SHA,H,76,INFLOW,20180718,0900,1214, ,CFS
SHA,H,76,INFLOW,20180718,1000,1402, ,CFS
SHA,H,76,INFLOW,20180718,1100,-2562, ,CFS
SHA,H,76,INFLOW,20180718,1200,4367, ,CFS
SHA,H,76,INFLOW,20180718,1300,-1258, ,CFS
SHA,H,76,INFLOW,20180718,1400,2391, ,CFS
SHA,H,76,INFLOW,20180718,1500,11557, ,CFS
SHA,H,76,INFLOW,20180718,1600,2085, ,CFS
SHA,H,76,INFLOW,20180718,1700,6292, ,CFS
SHA,H,76,INFLOW,20180718,1800,7668, ,CFS
SHA,H,76,INFLOW,20180718,1900,9126, ,CFS
SHA,H,76,INFLOW,20180718,2000,9153, ,CFS
SHA,H,76,INFLOW,20180718,2100,7833, ,CFS
SHA,H,76,INFLOW,20180718,2200,3508, ,CFS
SHA,H,76,INFLOW,20180718,2300,8357, ,CFS
SHA,H,76,INFLOW,20180719,0000,2286, ,CFS
SHA,H,76,INFLOW,20180719,0100,2115, ,CFS
SHA,H,76,INFLOW,20180719,0200,12607, ,CFS
SHA,H,76,INFLOW,20180719,0300,-5899, ,CFS
SHA,H,76,INFLOW,20180719,0400,3503, ,CFS
SHA,H,76,INFLOW,20180719,0500,3552, ,CFS
SHA,H,76,INFLOW,20180719,0600,-2234, ,CFS
SHA,H,76,INFLOW,20180719,0700,6436, ,CFS
SHA,H,76,INFLOW,20180719,0800,547, ,CFS
SHA,H,76,INFLOW,20180719,0900,-269, ,CFS
SHA,H,76,INFLOW,20180719,1000,3745, ,CFS
SHA,H,76,INFLOW,20180719,1100,-4373, ,CFS
SHA,H,76,INFLOW,20180719,1200,7661, ,CFS
SHA,H,76,INFLOW,20180719,1300,941, ,CFS
SHA,H,76,INFLOW,20180719,1400,9361, ,CFS
SHA,H,76,INFLOW,20180719,1500,2800, ,CFS
SHA,H,76,INFLOW,20180719,1600,-2286, ,CFS
SHA,H,76,INFLOW,20180719,1700,8433, ,CFS
SHA,H,76,INFLOW,20180719,1800,-254, ,CFS
SHA,H,76,INFLOW,20180719,1900,3064, ,CFS
SHA,H,76,INFLOW,20180719,2000,2654, ,CFS
SHA,H,76,INFLOW,20180719,2100,1578, ,CFS
SHA,H,76,INFLOW,20180719,2200,4031, ,CFS
SHA,H,76,INFLOW,20180719,2300,185, ,CFS
SHA,H,76,INFLOW,20180720,0000,-1576, ,CFS
SHA,H,76,INFLOW,20180720,0100,8474, ,CFS
SHA,H,76,INFLOW,20180720,0200,1561, ,CFS
SHA,H,76,INFLOW,20180720,0300,3647, ,CFS
SHA,H,76,INFLOW,20180720,0400,663, ,CFS
SHA,H,76,INFLOW,20180720,0500,3188, ,CFS
SHA,H,76,INFLOW,20180720,0600,-2391, ,CFS
SHA,H,76,INFLOW,20180720,0700,1443, ,CFS
SHA,H,76,INFLOW,20180720,0800,11075, ,CFS
SHA,H,76,INFLOW,20180720,0900,-1329, ,CFS
SHA,H,76,INFLOW,20180720,1000,1748, ,CFS
SHA,H,76,INFLOW,20180720,1100,407, ,CFS
SHA,H,76,INFLOW,20180720,1200,4317, ,CFS
SHA,H,76,INFLOW,20180720,1300,8199, ,CFS
SHA,H,76,INFLOW,20180720,1400,8374, ,CFS
SHA,H,76,INFLOW,20180720,1500,7367, ,CFS
SHA,H,76,INFLOW,20180720,1600,4343, ,CFS
SHA,H,76,INFLOW,20180720,1700,-2696, ,CFS
SHA,H,76,INFLOW,20180720,1800,9138, ,CFS
SHA,H,76,INFLOW,20180720,1900,2702, ,CFS
SHA,H,76,INFLOW,20180720,2000,2397, ,CFS
SHA,H,76,INFLOW,20180720,2100,5083, ,CFS
SHA,H,76,INFLOW,20180720,2200,8372, ,CFS
SHA,H,76,INFLOW,20180720,2300,2706, ,CFS
SHA,H,76,INFLOW,20180721,0000,7268, ,CFS
SHA,H,76,INFLOW,20180721,0100,10240, ,CFS
SHA,H,76,INFLOW,20180721,0200,1682, ,CFS
SHA,H,76,INFLOW,20180721,0300,3590, ,CFS
SHA,H,76,INFLOW,20180721,0400,-2290, ,CFS
SHA,H,76,INFLOW,20180721,0500,3621, ,CFS
SHA,H,76,INFLOW,20180721,0600,3798, ,CFS
SHA,H,76,INFLOW,20180721,0700,4818, ,CFS
SHA,H,76,INFLOW,20180721,0800,2174, ,CFS
SHA,H,76,INFLOW,20180721,0900,-933, ,CFS
SHA,H,76,INFLOW,20180721,1000,1389, ,CFS
SHA,H,76,INFLOW,20180721,1100,-182, ,CFS
SHA,H,76,INFLOW,20180721,1200,1968, ,CFS
SHA,H,76,INFLOW,20180721,1300,1609, ,CFS
SHA,H,76,INFLOW,20180721,1400,873, ,CFS
SHA,H,76,INFLOW,20180721,1500,6755, ,CFS
SHA,H,76,INFLOW,20180721,1600,5249, ,CFS
SHA,H,76,INFLOW,20180721,1700,1493, ,CFS
SHA,H,76,INFLOW,20180721,1800,3435, ,CFS
SHA,H,76,INFLOW,20180721,1900,371, ,CFS
SHA,H,76,INFLOW,20180721,2000,9704, ,CFS
SHA,H,76,INFLOW,20180721,2100,-2099, ,CFS
SHA,H,76,INFLOW,20180721,2200,-1684, ,CFS
SHA,H,76,INFLOW,20180721,2300,17442, ,CFS
SHA,H,76,INFLOW,20180722,0000,-6165, ,CFS
SHA,H,76,INFLOW,20180722,0100,5731, ,CFS
SHA,H,76,INFLOW,20180722,0200,8079, ,CFS
SHA,H,76,INFLOW,20180722,0300,-6487, ,CFS
SHA,H,76,INFLOW,20180722,0400,10709, ,CFS
SHA,H,76,INFLOW,20180722,0500,-1203, ,CFS
SHA,H,76,INFLOW,20180722,0600,-2271, ,CFS
SHA,H,76,INFLOW,20180722,0700,10663, ,CFS
SHA,H,76,INFLOW,20180722,0800,-2897, ,CFS
SHA,H,76,INFLOW,20180722,0900,2899, ,CFS
SHA,H,76,INFLOW,20180722,1000,-439, ,CFS
SHA,H,76,INFLOW,20180722,1100,-175, ,CFS
SHA,H,76,INFLOW,20180722,1200,3416, ,CFS
SHA,H,76,INFLOW,20180722,1300,-664, ,CFS
SHA,H,76,INFLOW,20180722,1400,-153, ,CFS
SHA,H,76,INFLOW,20180722,1500,3645, ,CFS
SHA,H,76,INFLOW,20180722,1600,6580, ,CFS
SHA,H,76,INFLOW,20180722,1700,-1635, ,CFS
SHA,H,76,INFLOW,20180722,1800,4928, ,CFS
SHA,H,76,INFLOW,20180722,1900,8897, ,CFS
SHA,H,76,INFLOW,20180722,2000,9125, ,CFS
SHA,H,76,INFLOW,20180722,2100,7427, ,CFS
SHA,H,76,INFLOW,20180722,2200,7356, ,CFS
SHA,H,76,INFLOW,20180722,2300,8750, ,CFS
SHA,H,76,INFLOW,20180723,0000,4305, ,CFS
SHA,H,76,INFLOW,20180723,0100,1453, ,CFS
SHA,H,76,INFLOW,20180723,0200,1363, ,CFS
SHA,H,76,INFLOW,20180723,0300,4381, ,CFS
SHA,H,76,INFLOW,20180723,0400,-1339, ,CFS
SHA,H,76,INFLOW,20180723,0500,3833, ,CFS
SHA,H,76,INFLOW,20180723,0600,492, ,CFS
SHA,H,76,INFLOW,20180723,0700,2282, ,CFS
SHA,H,76,INFLOW,20180723,0800,3089, ,CFS
SHA,H,76,INFLOW,20180723,0900,-6012, ,CFS
SHA,H,76,INFLOW,20180723,1000,2951, ,CFS
SHA,H,76,INFLOW,20180723,1100,405, ,CFS
SHA,H,76,INFLOW,20180723,1200,-2268, ,CFS
SHA,H,76,INFLOW,20180723,1300,4476, ,CFS
SHA,H,76,INFLOW,20180723,1400,3125, ,CFS
SHA,H,76,INFLOW,20180723,1500,-690, ,CFS
SHA,H,76,INFLOW,20180723,1600,10753, ,CFS
SHA,H,76,INFLOW,20180723,1700,5838, ,CFS
SHA,H,76,INFLOW,20180723,1800,7898, ,CFS
SHA,H,76,INFLOW,20180723,1900,7942, ,CFS
SHA,H,76,INFLOW,20180723,2000,5272, ,CFS
SHA,H,76,INFLOW,20180723,2100,4747, ,CFS
SHA,H,76,INFLOW,20180723,2200,11725, ,CFS
SHA,H,76,INFLOW,20180723,2300,6469, ,CFS
SHA,H,76,INFLOW,20180724,0000,-5726, ,CFS
SHA,H,76,INFLOW,20180724,0100,2964, ,CFS
SHA,H,76,INFLOW,20180724,0200,3209, ,CFS
SHA,H,76,INFLOW,20180724,0300,-385, ,CFS
SHA,H,76,INFLOW,20180724,0400,-275, ,CFS
SHA,H,76,INFLOW,20180724,0500,4976, ,CFS
SHA,H,76,INFLOW,20180724,0600,-3754, ,CFS
SHA,H,76,INFLOW,20180724,0700,3409, ,CFS
SHA,H,76,INFLOW,20180724,0800,-464, ,CFS
SHA,H,76,INFLOW,20180724,0900,2057, ,CFS
SHA,H,76,INFLOW,20180724,1000,527, ,CFS
SHA,H,76,INFLOW,20180724,1100,1210, ,CFS
SHA,H,76,INFLOW,20180724,1200,3232, ,CFS
SHA,H,76,INFLOW,20180724,1300,11016, ,CFS
SHA,H,76,INFLOW,20180724,1400,346, ,CFS
SHA,H,76,INFLOW,20180724,1500,11713, ,CFS
SHA,H,76,INFLOW,20180724,1600,2379, ,CFS
SHA,H,76,INFLOW,20180724,1700,8064, ,CFS
SHA,H,76,INFLOW,20180724,1800,7148, ,CFS
SHA,H,76,INFLOW,20180724,1900,6597, ,CFS
SHA,H,76,INFLOW,20180724,2000,7861, ,CFS
SHA,H,76,INFLOW,20180724,2100,10636, ,CFS
SHA,H,76,INFLOW,20180724,2200,5762, ,CFS
SHA,H,76,INFLOW,20180724,2300,5010, ,CFS
SHA,H,76,INFLOW,20180725,0000,-413, ,CFS
SHA,H,76,INFLOW,20180725,0100,3399, ,CFS
SHA,H,76,INFLOW,20180725,0200,6187, ,CFS
SHA,H,76,INFLOW,20180725,0300,-5280, ,CFS
SHA,H,76,INFLOW,20180725,0400,6210, ,CFS
SHA,H,76,INFLOW,20180725,0500,418, ,CFS
SHA,H,76,INFLOW,20180725,0600,-2199, ,CFS
SHA,H,76,INFLOW,20180725,0700,8528, ,CFS
SHA,H,76,INFLOW,20180725,0800,441, ,CFS
SHA,H,76,INFLOW,20180725,0900,3581, ,CFS
SHA,H,76,INFLOW,20180725,1000,1107, ,CFS
SHA,H,76,INFLOW,20180725,1100,1679, ,CFS
SHA,H,76,INFLOW,20180725,1200,6882, ,CFS
SHA,H,76,INFLOW,20180725,1300,1057, ,CFS
SHA,H,76,INFLOW,20180725,1400,4090, ,CFS
SHA,H,76,INFLOW,20180725,1500,4344, ,CFS
SHA,H,76,INFLOW,20180725,1600,1834, ,CFS
SHA,H,76,INFLOW,20180725,1700,5617, ,CFS
SHA,H,76,INFLOW,20180725,1800,5189, ,CFS
SHA,H,76,INFLOW,20180725,1900,5365, ,CFS
SHA,H,76,INFLOW,20180725,2000,8143, ,CFS
SHA,H,76,INFLOW,20180725,2100,6259, ,CFS
SHA,H,76,INFLOW,20180725,2200,7438, ,CFS
SHA,H,76,INFLOW,20180725,2300,6202, ,CFS
SHA,H,76,INFLOW,20180726,0000,7600, ,CFS
SHA,H,76,INFLOW,20180726,0100,3726, ,CFS
SHA,H,76,INFLOW,20180726,0200,3845, ,CFS
SHA,H,76,INFLOW,20180726,0300,4307, ,CFS
SHA,H,76,INFLOW,20180726,0400,-371, ,CFS
SHA,H,76,INFLOW,20180726,0500,2980, ,CFS
SHA,H,76,INFLOW,20180726,0600,-1297, ,CFS
SHA,H,76,INFLOW,20180726,0700,878, ,CFS
SHA,H,76,INFLOW,20180726,0800,6802, ,CFS
SHA,H,76,INFLOW,20180726,0900,562, ,CFS
SHA,H,76,INFLOW,20180726,1000,336, ,CFS
SHA,H,76,INFLOW,20180726,1100,1041, ,CFS
SHA,H,76,INFLOW,20180726,1200,1376, ,CFS
SHA,H,76,INFLOW,20180726,1300,7217, ,CFS
SHA,H,76,INFLOW,20180726,1400,6672, ,CFS
SHA,H,76,INFLOW,20180726,1500,5013, ,CFS
SHA,H,76,INFLOW,20180726,1600,10885, ,CFS
SHA,H,76,INFLOW,20180726,1700,4912, ,CFS
SHA,H,76,INFLOW,20180726,1800,6151, ,CFS
SHA,H,76,INFLOW,20180726,1900,5065, ,CFS
SHA,H,76,INFLOW,20180726,2000,4428, ,CFS
SHA,H,76,INFLOW,20180726,2100,2350, ,CFS
SHA,H,76,INFLOW,20180726,2200,2350, ,CFS
SHA,H,76,INFLOW,20180726,2300,2350, ,CFS
SHA,H,76,INFLOW,20180727,0000,2393, ,CFS
SHA,H,76,INFLOW,20180727,0100,5276, ,CFS
SHA,H,76,INFLOW,20180727,0200,2393, ,CFS
SHA,H,76,INFLOW,20180727,0300,2393, ,CFS
SHA,H,76,INFLOW,20180727,0400,5276, ,CFS
SHA,H,76,INFLOW,20180727,0500,2393, ,CFS
SHA,H,76,INFLOW,20180727,0600,2392, ,CFS
SHA,H,76,INFLOW,20180727,0700,2392, ,CFS
SHA,H,76,INFLOW,20180727,0800,2392, ,CFS
SHA,H,76,INFLOW,20180727,0900,2392, ,CFS
SHA,H,76,INFLOW,20180727,1000,2392, ,CFS
SHA,H,76,INFLOW,20180727,1100,5275, ,CFS
SHA,H,76,INFLOW,20180727,1200,2392, ,CFS
SHA,H,76,INFLOW,20180727,1300,2392, ,CFS
SHA,H,76,INFLOW,20180727,1400,2392, ,CFS
SHA,H,76,INFLOW,20180727,1500,2392, ,CFS
SHA,H,76,INFLOW,20180727,1600,5275, ,CFS
SHA,H,76,INFLOW,20180727,1700,2392, ,CFS
SHA,H,76,INFLOW,20180727,1800,2687, ,CFS
SHA,H,76,INFLOW,20180727,1900,2687, ,CFS
SHA,H,76,INFLOW,20180727,2000,2687, ,CFS
SHA,H,76,INFLOW,20180727,2100,5570, ,CFS
SHA,H,76,INFLOW,20180727,2200,2687, ,CFS
SHA,H,76,INFLOW,20180727,2300,2687, ,CFS
SHA,H,76,INFLOW,20180728,0000,2687, ,CFS
SHA,H,76,INFLOW,20180728,0100,2687, ,CFS
SHA,H,76,INFLOW,20180728,0200,5570, ,CFS
SHA,H,76,INFLOW,20180728,0300,2687, ,CFS
SHA,H,76,INFLOW,20180728,0400,2686, ,CFS
SHA,H,76,INFLOW,20180728,0500,2686, ,CFS
SHA,H,76,INFLOW,20180728,0600,2686, ,CFS
SHA,H,76,INFLOW,20180728,0700,5986, ,CFS
SHA,H,76,INFLOW,20180728,0800,3104, ,CFS
SHA,H,76,INFLOW,20180728,0900,3104, ,CFS
SHA,H,76,INFLOW,20180728,1000,6002, ,CFS
SHA,H,76,INFLOW,20180728,1100,3165, ,CFS
SHA,H,76,INFLOW,20180728,1200,3165, ,CFS
SHA,H,76,INFLOW,20180728,1300,6032, ,CFS
SHA,H,76,INFLOW,20180728,1400,3165, ,CFS
SHA,H,76,INFLOW,20180728,1500,3165, ,CFS
SHA,H,76,INFLOW,20180728,1600,6132, ,CFS
SHA,H,76,INFLOW,20180728,1700,3265, ,CFS
SHA,H,76,INFLOW,20180728,1800,3265, ,CFS
SHA,H,76,INFLOW,20180728,1900,3265, ,CFS
SHA,H,76,INFLOW,20180728,2000,5265, ,CFS
SHA,H,76,INFLOW,20180728,2100,5265, ,CFS
SHA,H,76,INFLOW,20180728,2200,2631, ,CFS
SHA,H,76,INFLOW,20180728,2300,2631, ,CFS
SHA,H,76,INFLOW,20180729,0000,2631, ,CFS
SHA,H,76,INFLOW,20180729,0100,2631, ,CFS
SHA,H,76,INFLOW,20180729,0200,2231, ,CFS
SHA,H,76,INFLOW,20180729,0300,2231, ,CFS
SHA,H,76,INFLOW,20180729,0400,2231, ,CFS
SHA,H,76,INFLOW,20180729,0500,5099, ,CFS
SHA,H,76,INFLOW,20180729,0600,1431, ,CFS
SHA,H,76,INFLOW,20180729,0700,4299, ,CFS
SHA,H,76,INFLOW,20180729,0800,1531, ,CFS
SHA,H,76,INFLOW,20180729,0900,3566, ,CFS
SHA,H,76,INFLOW,20180729,1000,2331, ,CFS
SHA,H,76,INFLOW,20180729,1100,2331, ,CFS
SHA,H,76,INFLOW,20180729,1200,2331, ,CFS
SHA,H,76,INFLOW,20180729,1300,5198, ,CFS
SHA,H,76,INFLOW,20180729,1400,2331, ,CFS
SHA,H,76,INFLOW,20180729,1500,5198, ,CFS
SHA,H,76,INFLOW,20180729,1600,506, ,CFS
SHA,H,76,INFLOW,20180729,1700,3387, ,CFS
SHA,H,76,INFLOW,20180729,1800,6198, ,CFS
SHA,H,76,INFLOW,20180729,1900,3345, ,CFS
SHA,H,76,INFLOW,20180729,2000,4678, ,CFS
SHA,H,76,INFLOW,20180729,2100,1824, ,CFS
SHA,H,76,INFLOW,20180729,2200,4678, ,CFS
SHA,H,76,INFLOW,20180729,2300,4678, ,CFS
SHA,H,76,INFLOW,20180730,0000,4677, ,CFS
SHA,H,76,INFLOW,20180730,0100,1823, ,CFS
SHA,H,76,INFLOW,20180730,0200,4677, ,CFS
SHA,H,76,INFLOW,20180730,0300,-823, ,CFS
SHA,H,76,INFLOW,20180730,0400,-823, ,CFS
SHA,H,76,INFLOW,20180730,0500,-828, ,CFS
SHA,H,76,INFLOW,20180730,0600,-828, ,CFS
SHA,H,76,INFLOW,20180730,0700,-3682, ,CFS
SHA,H,76,INFLOW,20180730,0800,2432, ,CFS
SHA,H,76,INFLOW,20180730,0900,8157, ,CFS
SHA,H,76,INFLOW,20180730,1000,1220, ,CFS
SHA,H,76,INFLOW,20180730,1100,4372, ,CFS
SHA,H,76,INFLOW,20180730,1200,-1248, ,CFS
SHA,H,76,INFLOW,20180730,1300,4389, ,CFS
SHA,H,76,INFLOW,20180730,1400,7163, ,CFS
SHA,H,76,INFLOW,20180730,1500,4392, ,CFS
SHA,H,76,INFLOW,20180730,1600,1603, ,CFS
SHA,H,76,INFLOW,20180730,1700,4386, ,CFS
SHA,H,76,INFLOW,20180730,1800,10105, ,CFS
SHA,H,76,INFLOW,20180730,1900,7304, ,CFS
SHA,H,76,INFLOW,20180730,2000,9843, ,CFS
SHA,H,76,INFLOW,20180730,2100,1668, ,CFS
SHA,H,76,INFLOW,20180730,2200,9840, ,CFS
SHA,H,76,INFLOW,20180730,2300,5720, ,CFS
SHA,H,76,INFLOW,20180731,0000,5928, ,CFS
SHA,H,76,INFLOW,20180731,0100,6519, ,CFS
SHA,H,76,INFLOW,20180731,0200,-2072, ,CFS
SHA,H,76,INFLOW,20180731,0300,5955, ,CFS
SHA,H,76,INFLOW,20180731,0400,-1920, ,CFS
SHA,H,76,INFLOW,20180731,0500,847, ,CFS
SHA,H,76,INFLOW,20180731,0600,3905, ,CFS
SHA,H,76,INFLOW,20180731,0700,-2398, ,CFS
SHA,H,76,INFLOW,20180731,0800,2946, ,CFS
SHA,H,76,INFLOW,20180731,0900,1652, ,CFS
SHA,H,76,INFLOW,20180731,1000,680, ,CFS
SHA,H,76,INFLOW,20180731,1100,2986, ,CFS
SHA,H,76,INFLOW,20180731,1200,5649, ,CFS
SHA,H,76,INFLOW,20180731,1300,3771, ,CFS
SHA,H,76,INFLOW,20180731,1400,3745, ,CFS
SHA,H,76,INFLOW,20180731,1500,3523, ,CFS
SHA,H,76,INFLOW,20180731,1600,855, ,CFS
SHA,H,76,INFLOW,20180731,1700,6760, ,CFS
SHA,H,76,INFLOW,20180731,1800,1212, ,CFS
SHA,H,76,INFLOW,20180731,1900,12608, ,CFS
SHA,H,76,INFLOW,20180731,2000,6214, ,CFS
SHA,H,76,INFLOW,20180731,2100,8051, ,CFS
SHA,H,76,INFLOW,20180731,2200,8374, ,CFS
SHA,H,76,INFLOW,20180731,2300,5599, ,CFS
SHA,H,76,INFLOW,20180801,0000,-191, ,CFS
SHA,H,76,INFLOW,20180801,0100,8804, ,CFS
SHA,H,76,INFLOW,20180801,0200,-2393, ,CFS
SHA,H,76,INFLOW,20180801,0300,2621, ,CFS
SHA,H,76,INFLOW,20180801,0400,2386, ,CFS
SHA,H,76,INFLOW,20180801,0500,-565, ,CFS
SHA,H,76,INFLOW,20180801,0600,2262, ,CFS
SHA,H,76,INFLOW,20180801,0700,-741, ,CFS
SHA,H,76,INFLOW,20180801,0800,-973, ,CFS
SHA,H,76,INFLOW,20180801,0900,-715, ,CFS
SHA,H,76,INFLOW,20180801,1000,-2660, ,CFS
SHA,H,76,INFLOW,20180801,1100,2856, ,CFS
SHA,H,76,INFLOW,20180801,1200,-46, ,CFS
SHA,H,76,INFLOW,20180801,1300,213, ,CFS
SHA,H,76,INFLOW,20180801,1400,3221, ,CFS
SHA,H,76,INFLOW,20180801,1500,239, ,CFS
SHA,H,76,INFLOW,20180801,1600,3157, ,CFS
SHA,H,76,INFLOW,20180801,1700,1641, ,CFS
SHA,H,76,INFLOW,20180801,1800,1597, ,CFS
SHA,H,76,INFLOW,20180801,1900,4212, ,CFS
SHA,H,76,INFLOW,20180801,2000,1490, ,CFS
SHA,H,76,INFLOW,20180801,2100,9873, ,CFS
SHA,H,76,INFLOW,20180801,2200,1400, ,CFS
SHA,H,76,INFLOW,20180801,2300,1408, ,CFS
SHA,H,76,INFLOW,20180802,0000,4217, ,CFS
SHA,H,76,INFLOW,20180802,0100,-1831, ,CFS
SHA,H,76,INFLOW,20180802,0200,3842, ,CFS
SHA,H,76,INFLOW,20180802,0300,659, ,CFS
SHA,H,76,INFLOW,20180802,0400,3729, ,CFS
SHA,H,76,INFLOW,20180802,0500,1067, ,CFS
SHA,H,76,INFLOW,20180802,0600,-1797, ,CFS
SHA,H,76,INFLOW,20180802,0700,1372, ,CFS
SHA,H,76,INFLOW,20180802,0800,1149, ,CFS
SHA,H,76,INFLOW,20180802,0900,1003, ,CFS
SHA,H,76,INFLOW,20180802,1000,881, ,CFS
SHA,H,76,INFLOW,20180802,1100,-1975, ,CFS
SHA,H,76,INFLOW,20180802,1200,862, ,CFS
SHA,H,76,INFLOW,20180802,1300,819, ,CFS
SHA,H,76,INFLOW,20180802,1400,850, ,CFS
SHA,H,76,INFLOW,20180802,1500,3626, ,CFS
SHA,H,76,INFLOW,20180802,1600,833, ,CFS
SHA,H,76,INFLOW,20180802,1700,3097, ,CFS
SHA,H,76,INFLOW,20180802,1800,3071, ,CFS
SHA,H,76,INFLOW,20180802,1900,3207, ,CFS
SHA,H,76,INFLOW,20180802,2000,10557, ,CFS
SHA,H,76,INFLOW,20180802,2100,4657, ,CFS
SHA,H,76,INFLOW,20180802,2200,9786, ,CFS
SHA,H,76,INFLOW,20180802,2300,3953, ,CFS
SHA,H,76,INFLOW,20180803,0000,1084, ,CFS
SHA,H,76,INFLOW,20180803,0100,2711, ,CFS
SHA,H,76,INFLOW,20180803,0200,-757, ,CFS
SHA,H,76,INFLOW,20180803,0300,-950, ,CFS
SHA,H,76,INFLOW,20180803,0400,2423, ,CFS
SHA,H,76,INFLOW,20180803,0500,233, ,CFS
SHA,H,76,INFLOW,20180803,0600,241, ,CFS
SHA,H,76,INFLOW,20180803,0700,244, ,CFS
SHA,H,76,INFLOW,20180803,0800,5817, ,CFS
SHA,H,76,INFLOW,20180803,0900,-3478, ,CFS
SHA,H,76,INFLOW,20180803,1000,2259, ,CFS
SHA,H,76,INFLOW,20180803,1100,-788, ,CFS
SHA,H,76,INFLOW,20180803,1200,-698, ,CFS
SHA,H,76,INFLOW,20180803,1300,2003, ,CFS
SHA,H,76,INFLOW,20180803,1400,2218, ,CFS
SHA,H,76,INFLOW,20180803,1500,1606, ,CFS
SHA,H,76,INFLOW,20180803,1600,1651, ,CFS
SHA,H,76,INFLOW,20180803,1700,2363, ,CFS
SHA,H,76,INFLOW,20180803,1800,-677, ,CFS
SHA,H,76,INFLOW,20180803,1900,4897, ,CFS
SHA,H,76,INFLOW,20180803,2000,10409, ,CFS
SHA,H,76,INFLOW,20180803,2100,6844, ,CFS
SHA,H,76,INFLOW,20180803,2200,4611, ,CFS
SHA,H,76,INFLOW,20180803,2300,3619, ,CFS
SHA,H,76,INFLOW,20180804,0000,3051, ,CFS
SHA,H,76,INFLOW,20180804,0100,311, ,CFS
SHA,H,76,INFLOW,20180804,0200,3138, ,CFS
SHA,H,76,INFLOW,20180804,0300,3137, ,CFS
SHA,H,76,INFLOW,20180804,0400,3134, ,CFS
SHA,H,76,INFLOW,20180804,0500,344, ,CFS
SHA,H,76,INFLOW,20180804,0600,303, ,CFS
SHA,H,76,INFLOW,20180804,0700,-533, ,CFS
SHA,H,76,INFLOW,20180804,0800,2481, ,CFS
SHA,H,76,INFLOW,20180804,0900,-3487, ,CFS
SHA,H,76,INFLOW,20180804,1000,2209, ,CFS
SHA,H,76,INFLOW,20180804,1100,-2519, ,CFS
SHA,H,76,INFLOW,20180804,1200,3060, ,CFS
SHA,H,76,INFLOW,20180804,1300,19, ,CFS
SHA,H,76,INFLOW,20180804,1400,2888, ,CFS
SHA,H,76,INFLOW,20180804,1500,2764, ,CFS
SHA,H,76,INFLOW,20180804,1600,4, ,CFS
SHA,H,76,INFLOW,20180804,1700,42, ,CFS
SHA,H,76,INFLOW,20180804,1800,5195, ,CFS
SHA,H,76,INFLOW,20180804,1900,-191, ,CFS
SHA,H,76,INFLOW,20180804,2000,8077, ,CFS
SHA,H,76,INFLOW,20180804,2100,5373, ,CFS
SHA,H,76,INFLOW,20180804,2200,10825, ,CFS
SHA,H,76,INFLOW,20180804,2300,-2228, ,CFS
SHA,H,76,INFLOW,20180805,0000,5793, ,CFS
SHA,H,76,INFLOW,20180805,0100,-3282, ,CFS
SHA,H,76,INFLOW,20180805,0200,9955, ,CFS
SHA,H,76,INFLOW,20180805,0300,1894, ,CFS
SHA,H,76,INFLOW,20180805,0400,1543, ,CFS
SHA,H,76,INFLOW,20180805,0500,4365, ,CFS
SHA,H,76,INFLOW,20180805,0600,-723, ,CFS
SHA,H,76,INFLOW,20180805,0700,2211, ,CFS
SHA,H,76,INFLOW,20180805,0800,1769, ,CFS
SHA,H,76,INFLOW,20180805,0900,-1272, ,CFS
SHA,H,76,INFLOW,20180805,1000,1367, ,CFS
SHA,H,76,INFLOW,20180805,1100,-781, ,CFS
SHA,H,76,INFLOW,20180805,1200,-689, ,CFS
SHA,H,76,INFLOW,20180805,1300,2232, ,CFS
SHA,H,76,INFLOW,20180805,1400,-126, ,CFS
SHA,H,76,INFLOW,20180805,1500,-282, ,CFS
SHA,H,76,INFLOW,20180805,1600,2508, ,CFS
SHA,H,76,INFLOW,20180805,1700,2420, ,CFS
SHA,H,76,INFLOW,20180805,1800,2482, ,CFS
SHA,H,76,INFLOW,20180805,1900,2525, ,CFS
SHA,H,76,INFLOW,20180805,2000,8293, ,CFS
SHA,H,76,INFLOW,20180805,2100,8801, ,CFS
SHA,H,76,INFLOW,20180805,2200,5861, ,CFS
SHA,H,76,INFLOW,20180805,2300,6638, ,CFS
SHA,H,76,INFLOW,20180806,0000,5816, ,CFS
SHA,H,76,INFLOW,20180806,0100,-1423, ,CFS
SHA,H,76,INFLOW,20180806,0200,7022, ,CFS
SHA,H,76,INFLOW,20180806,0300,-1480, ,CFS
SHA,H,76,INFLOW,20180806,0400,1156, ,CFS
SHA,H,76,INFLOW,20180806,0500,1203, ,CFS
SHA,H,76,INFLOW,20180806,0600,-3800, ,CFS
SHA,H,76,INFLOW,20180806,0700,4733, ,CFS
SHA,H,76,INFLOW,20180806,0800,-685, ,CFS
SHA,H,76,INFLOW,20180806,0900,-926, ,CFS
SHA,H,76,INFLOW,20180806,1000,2194, ,CFS
SHA,H,76,INFLOW,20180806,1100,-102, ,CFS
SHA,H,76,INFLOW,20180806,1200,-199, ,CFS
SHA,H,76,INFLOW,20180806,1300,2161, ,CFS
SHA,H,76,INFLOW,20180806,1400,-161, ,CFS
SHA,H,76,INFLOW,20180806,1500,3013, ,CFS
SHA,H,76,INFLOW,20180806,1600,-508, ,CFS
SHA,H,76,INFLOW,20180806,1700,1584, ,CFS
SHA,H,76,INFLOW,20180806,1800,4809, ,CFS
SHA,H,76,INFLOW,20180806,1900,7589, ,CFS
SHA,H,76,INFLOW,20180806,2000,2619, ,CFS
SHA,H,76,INFLOW,20180806,2100,4790, ,CFS
SHA,H,76,INFLOW,20180806,2200,10514, ,CFS
SHA,H,76,INFLOW,20180806,2300,-310, ,CFS
SHA,H,76,INFLOW,20180807,0000,8186, ,CFS
SHA,H,76,INFLOW,20180807,0100,1408, ,CFS
SHA,H,76,INFLOW,20180807,0200,1102, ,CFS
SHA,H,76,INFLOW,20180807,0300,3607, ,CFS
SHA,H,76,INFLOW,20180807,0400,-1636, ,CFS
SHA,H,76,INFLOW,20180807,0500,1760, ,CFS
SHA,H,76,INFLOW,20180807,0600,1553, ,CFS
SHA,H,76,INFLOW,20180807,0700,-681, ,CFS
SHA,H,76,INFLOW,20180807,0800,5813, ,CFS
SHA,H,76,INFLOW,20180807,0900,-26, ,CFS
SHA,H,76,INFLOW,20180807,1000,-112, ,CFS
SHA,H,76,INFLOW,20180807,1100,-329, ,CFS
SHA,H,76,INFLOW,20180807,1200,229, ,CFS
SHA,H,76,INFLOW,20180807,1300,-486, ,CFS
SHA,H,76,INFLOW,20180807,1400,2859, ,CFS
SHA,H,76,INFLOW,20180807,1500,5745, ,CFS
SHA,H,76,INFLOW,20180807,1600,177, ,CFS
SHA,H,76,INFLOW,20180807,1700,2961, ,CFS
SHA,H,76,INFLOW,20180807,1800,5756, ,CFS
SHA,H,76,INFLOW,20180807,1900,3101, ,CFS
SHA,H,76,INFLOW,20180807,2000,7953, ,CFS
SHA,H,76,INFLOW,20180807,2100,3192, ,CFS
SHA,H,76,INFLOW,20180807,2200,8258, ,CFS
SHA,H,76,INFLOW,20180807,2300,1975, ,CFS
SHA,H,76,INFLOW,20180808,0000,5466, ,CFS
SHA,H,76,INFLOW,20180808,0100,7307, ,CFS
SHA,H,76,INFLOW,20180808,0200,-863, ,CFS
SHA,H,76,INFLOW,20180808,0300,4608, ,CFS
SHA,H,76,INFLOW,20180808,0400,1633, ,CFS
SHA,H,76,INFLOW,20180808,0500,-1056, ,CFS
SHA,H,76,INFLOW,20180808,0600,1723, ,CFS
SHA,H,76,INFLOW,20180808,0700,289, ,CFS
SHA,H,76,INFLOW,20180808,0800,526, ,CFS
SHA,H,76,INFLOW,20180808,0900,2952, ,CFS
SHA,H,76,INFLOW,20180808,1000,199, ,CFS
SHA,H,76,INFLOW,20180808,1100,1756, ,CFS
SHA,H,76,INFLOW,20180808,1200,-1083, ,CFS
SHA,H,76,INFLOW,20180808,1300,1549, ,CFS
SHA,H,76,INFLOW,20180808,1400,1511, ,CFS
SHA,H,76,INFLOW,20180808,1500,7902, ,CFS
SHA,H,76,INFLOW,20180808,1600,3870, ,CFS
SHA,H,76,INFLOW,20180808,1700,5790, ,CFS
SHA,H,76,INFLOW,20180808,1800,9511, ,CFS
SHA,H,76,INFLOW,20180808,1900,4005, ,CFS
SHA,H,76,INFLOW,20180808,2000,4211, ,CFS
SHA,H,76,INFLOW,20180808,2100,13558, ,CFS
SHA,H,76,INFLOW,20180808,2200,6673, ,CFS
SHA,H,76,INFLOW,20180808,2300,7084, ,CFS
SHA,H,76,INFLOW,20180809,0000,5695, ,CFS
SHA,H,76,INFLOW,20180809,0100,1577, ,CFS
SHA,H,76,INFLOW,20180809,0200,3710, ,CFS
SHA,H,76,INFLOW,20180809,0300,-1675, ,CFS
SHA,H,76,INFLOW,20180809,0400,3710, ,CFS
SHA,H,76,INFLOW,20180809,0500,1087, ,CFS
SHA,H,76,INFLOW,20180809,0600,-1306, ,CFS
SHA,H,76,INFLOW,20180809,0700,6740, ,CFS
SHA,H,76,INFLOW,20180809,0800,1663, ,CFS
SHA,H,76,INFLOW,20180809,0900,3521, ,CFS
SHA,H,76,INFLOW,20180809,1000,1437, ,CFS
SHA,H,76,INFLOW,20180809,1100,-468, ,CFS
SHA,H,76,INFLOW,20180809,1200,621, ,CFS
SHA,H,76,INFLOW,20180809,1300,4056, ,CFS
SHA,H,76,INFLOW,20180809,1400,-1315, ,CFS
SHA,H,76,INFLOW,20180809,1500,9971, ,CFS
SHA,H,76,INFLOW,20180809,1600,4200, ,CFS
SHA,H,76,INFLOW,20180809,1700,12472, ,CFS
SHA,H,76,INFLOW,20180809,1800,972, ,CFS
SHA,H,76,INFLOW,20180809,1900,6234, ,CFS
SHA,H,76,INFLOW,20180809,2000,6309, ,CFS
SHA,H,76,INFLOW,20180809,2100,8920, ,CFS
SHA,H,76,INFLOW,20180809,2200,7649, ,CFS
SHA,H,76,INFLOW,20180809,2300,8165, ,CFS
SHA,H,76,INFLOW,20180810,0000,5272, ,CFS
SHA,H,76,INFLOW,20180810,0100,6347, ,CFS
SHA,H,76,INFLOW,20180810,0200,3062, ,CFS
SHA,H,76,INFLOW,20180810,0300,430, ,CFS
SHA,H,76,INFLOW,20180810,0400,3021, ,CFS
SHA,H,76,INFLOW,20180810,0500,428, ,CFS
SHA,H,76,INFLOW,20180810,0600,-1821, ,CFS
SHA,H,76,INFLOW,20180810,0700,5463, ,CFS
SHA,H,76,INFLOW,20180810,0800,-1799, ,CFS
SHA,H,76,INFLOW,20180810,0900,909, ,CFS
SHA,H,76,INFLOW,20180810,1000,-429, ,CFS
SHA,H,76,INFLOW,20180810,1100,-1649, ,CFS
SHA,H,76,INFLOW,20180810,1200,1184, ,CFS
SHA,H,76,INFLOW,20180810,1300,2216, ,CFS
SHA,H,76,INFLOW,20180810,1400,336, ,CFS
SHA,H,76,INFLOW,20180810,1500,102, ,CFS
SHA,H,76,INFLOW,20180810,1600,198, ,CFS
SHA,H,76,INFLOW,20180810,1700,-709, ,CFS
SHA,H,76,INFLOW,20180810,1800,6556, ,CFS
SHA,H,76,INFLOW,20180810,1900,2960, ,CFS
SHA,H,76,INFLOW,20180810,2000,---, ,CFS
SHA,H,76,INFLOW,20180810,2100,---, ,CFS
SHA,H,76,INFLOW,20180810,2200,8041, ,CFS
SHA,H,76,INFLOW,20180810,2300,5088, ,CFS
SHA,H,76,INFLOW,20180811,0000,5684, ,CFS
SHA,H,76,INFLOW,20180811,0100,-637, ,CFS
SHA,H,76,INFLOW,20180811,0200,9903, ,CFS
SHA,H,76,INFLOW,20180811,0300,-1782, ,CFS
SHA,H,76,INFLOW,20180811,0400,3359, ,CFS
SHA,H,76,INFLOW,20180811,0500,692, ,CFS
SHA,H,76,INFLOW,20180811,0600,-4203, ,CFS
SHA,H,76,INFLOW,20180811,0700,7949, ,CFS
SHA,H,76,INFLOW,20180811,0800,-2338, ,CFS
SHA,H,76,INFLOW,20180811,0900,2859, ,CFS
SHA,H,76,INFLOW,20180811,1000,-2792, ,CFS
SHA,H,76,INFLOW,20180811,1100,-1328, ,CFS
SHA,H,76,INFLOW,20180811,1200,1741, ,CFS
SHA,H,76,INFLOW,20180811,1300,-180, ,CFS
SHA,H,76,INFLOW,20180811,1400,536, ,CFS
SHA,H,76,INFLOW,20180811,1500,2802, ,CFS
SHA,H,76,INFLOW,20180811,1600,2497, ,CFS
SHA,H,76,INFLOW,20180811,1700,2552, ,CFS
SHA,H,76,INFLOW,20180811,1800,5573, ,CFS
SHA,H,76,INFLOW,20180811,1900,9616, ,CFS
SHA,H,76,INFLOW,20180811,2000,4290, ,CFS
SHA,H,76,INFLOW,20180811,2100,10431, ,CFS
SHA,H,76,INFLOW,20180811,2200,6667, ,CFS
SHA,H,76,INFLOW,20180811,2300,4927, ,CFS
SHA,H,76,INFLOW,20180812,0000,7678, ,CFS
SHA,H,76,INFLOW,20180812,0100,712, ,CFS
SHA,H,76,INFLOW,20180812,0200,3474, ,CFS
SHA,H,76,INFLOW,20180812,0300,3138, ,CFS
SHA,H,76,INFLOW,20180812,0400,-2293, ,CFS
SHA,H,76,INFLOW,20180812,0500,389, ,CFS
SHA,H,76,INFLOW,20180812,0600,-1945, ,CFS
SHA,H,76,INFLOW,20180812,0700,3687, ,CFS
SHA,H,76,INFLOW,20180812,0800,-1821, ,CFS
SHA,H,76,INFLOW,20180812,0900,933, ,CFS
SHA,H,76,INFLOW,20180812,1000,-1458, ,CFS
SHA,H,76,INFLOW,20180812,1100,1125, ,CFS
SHA,H,76,INFLOW,20180812,1200,-1293, ,CFS
SHA,H,76,INFLOW,20180812,1300,681, ,CFS
SHA,H,76,INFLOW,20180812,1400,1420, ,CFS
SHA,H,76,INFLOW,20180812,1500,1032, ,CFS
SHA,H,76,INFLOW,20180812,1600,2349, ,CFS
SHA,H,76,INFLOW,20180812,1700,3260, ,CFS
SHA,H,76,INFLOW,20180812,1800,229, ,CFS
SHA,H,76,INFLOW,20180812,1900,-901, ,CFS
SHA,H,76,INFLOW,20180812,2000,7196, ,CFS
SHA,H,76,INFLOW,20180812,2100,4568, ,CFS
SHA,H,76,INFLOW,20180812,2200,3413, ,CFS
SHA,H,76,INFLOW,20180812,2300,795, ,CFS
SHA,H,76,INFLOW,20180813,0000,1906, ,CFS
SHA,H,76,INFLOW,20180813,0100,575, ,CFS
SHA,H,76,INFLOW,20180813,0200,5956, ,CFS
SHA,H,76,INFLOW,20180813,0300,336, ,CFS
SHA,H,76,INFLOW,20180813,0400,3094, ,CFS
SHA,H,76,INFLOW,20180813,0500,3357, ,CFS
SHA,H,76,INFLOW,20180813,0600,-1381, ,CFS
SHA,H,76,INFLOW,20180813,0700,4173, ,CFS
SHA,H,76,INFLOW,20180813,0800,1984, ,CFS
SHA,H,76,INFLOW,20180813,0900,7054, ,CFS
SHA,H,76,INFLOW,20180813,1000,-3698, ,CFS
SHA,H,76,INFLOW,20180813,1100,1909, ,CFS
SHA,H,76,INFLOW,20180813,1200,2579, ,CFS
SHA,H,76,INFLOW,20180813,1300,-5252, ,CFS
SHA,H,76,INFLOW,20180813,1400,4849, ,CFS
SHA,H,76,INFLOW,20180813,1500,1577, ,CFS
SHA,H,76,INFLOW,20180813,1600,-1683, ,CFS
SHA,H,76,INFLOW,20180813,1700,6649, ,CFS
SHA,H,76,INFLOW,20180813,1800,64, ,CFS
SHA,H,76,INFLOW,20180813,1900,4299, ,CFS
SHA,H,76,INFLOW,20180813,2000,6275, ,CFS
SHA,H,76,INFLOW,20180813,2100,6952, ,CFS
SHA,H,76,INFLOW,20180813,2200,9298, ,CFS
SHA,H,76,INFLOW,20180813,2300,6962, ,CFS
SHA,H,76,INFLOW,20180814,0000,7827, ,CFS
SHA,H,76,INFLOW,20180814,0100,3165, ,CFS
SHA,H,76,INFLOW,20180814,0200,1446, ,CFS
SHA,H,76,INFLOW,20180814,0300,3240, ,CFS
SHA,H,76,INFLOW,20180814,0400,425, ,CFS
SHA,H,76,INFLOW,20180814,0500,866, ,CFS
SHA,H,76,INFLOW,20180814,0600,-126, ,CFS
SHA,H,76,INFLOW,20180814,0700,1512, ,CFS
SHA,H,76,INFLOW,20180814,0800,1592, ,CFS
SHA,H,76,INFLOW,20180814,0900,-1440, ,CFS
SHA,H,76,INFLOW,20180814,1000,-3921, ,CFS
SHA,H,76,INFLOW,20180814,1100,1556, ,CFS
SHA,H,76,INFLOW,20180814,1200,-610, ,CFS
SHA,H,76,INFLOW,20180814,1300,2391, ,CFS
SHA,H,76,INFLOW,20180814,1400,5391, ,CFS
SHA,H,76,INFLOW,20180814,1500,984, ,CFS
SHA,H,76,INFLOW,20180814,1600,1966, ,CFS
SHA,H,76,INFLOW,20180814,1700,4270, ,CFS
SHA,H,76,INFLOW,20180814,1800,1706, ,CFS
SHA,H,76,INFLOW,20180814,1900,9746, ,CFS
SHA,H,76,INFLOW,20180814,2000,2724, ,CFS
SHA,H,76,INFLOW,20180814,2100,8064, ,CFS
SHA,H,76,INFLOW,20180814,2200,6593, ,CFS
SHA,H,76,INFLOW,20180814,2300,5655, ,CFS
SHA,H,76,INFLOW,20180815,0000,5631, ,CFS
SHA,H,76,INFLOW,20180815,0100,-1664, ,CFS
SHA,H,76,INFLOW,20180815,0200,5855, ,CFS
SHA,H,76,INFLOW,20180815,0300,2598, ,CFS
SHA,H,76,INFLOW,20180815,0400,-2609, ,CFS
SHA,H,76,INFLOW,20180815,0500,2861, ,CFS
SHA,H,76,INFLOW,20180815,0600,-1372, ,CFS
SHA,H,76,INFLOW,20180815,0700,3159, ,CFS
SHA,H,76,INFLOW,20180815,0800,2600, ,CFS
SHA,H,76,INFLOW,20180815,0900,6005, ,CFS
SHA,H,76,INFLOW,20180815,1000,-2032, ,CFS
SHA,H,76,INFLOW,20180815,1100,5897, ,CFS
SHA,H,76,INFLOW,20180815,1200,883, ,CFS
SHA,H,76,INFLOW,20180815,1300,-3498, ,CFS
SHA,H,76,INFLOW,20180815,1400,5511, ,CFS
SHA,H,76,INFLOW,20180815,1500,-3212, ,CFS
SHA,H,76,INFLOW,20180815,1600,3936, ,CFS
SHA,H,76,INFLOW,20180815,1700,3470, ,CFS
SHA,H,76,INFLOW,20180815,1800,-1178, ,CFS
SHA,H,76,INFLOW,20180815,1900,7909, ,CFS
SHA,H,76,INFLOW,20180815,2000,4728, ,CFS
SHA,H,76,INFLOW,20180815,2100,7485, ,CFS
SHA,H,76,INFLOW,20180815,2200,5621, ,CFS
SHA,H,76,INFLOW,20180815,2300,7930, ,CFS
SHA,H,76,INFLOW,20180816,0000,2364, ,CFS
SHA,H,76,INFLOW,20180816,0100,1983, ,CFS
SHA,H,76,INFLOW,20180816,0200,1211, ,CFS
SHA,H,76,INFLOW,20180816,0300,4821, ,CFS
SHA,H,76,INFLOW,20180816,0400,-246, ,CFS
SHA,H,76,INFLOW,20180816,0500,2596, ,CFS
SHA,H,76,INFLOW,20180816,0600,330, ,CFS
SHA,H,76,INFLOW,20180816,0700,2513, ,CFS
SHA,H,76,INFLOW,20180816,0800,-188, ,CFS
SHA,H,76,INFLOW,20180816,0900,3594, ,CFS
SHA,H,76,INFLOW,20180816,1000,-1285, ,CFS
SHA,H,76,INFLOW,20180816,1100,3958, ,CFS
SHA,H,76,INFLOW,20180816,1200,1791, ,CFS
SHA,H,76,INFLOW,20180816,1300,150, ,CFS
SHA,H,76,INFLOW,20180816,1400,3636, ,CFS
SHA,H,76,INFLOW,20180816,1500,-492, ,CFS
SHA,H,76,INFLOW,20180816,1600,-2559, ,CFS
SHA,H,76,INFLOW,20180816,1700,5280, ,CFS
SHA,H,76,INFLOW,20180816,1800,-1023, ,CFS
SHA,H,76,INFLOW,20180816,1900,7992, ,CFS
SHA,H,76,INFLOW,20180816,2000,7008, ,CFS
SHA,H,76,INFLOW,20180816,2100,6724, ,CFS
SHA,H,76,INFLOW,20180816,2200,8089, ,CFS
SHA,H,76,INFLOW,20180816,2300,6752, ,CFS
SHA,H,76,INFLOW,20180817,0000,-1673, ,CFS
SHA,H,76,INFLOW,20180817,0100,2587, ,CFS
SHA,H,76,INFLOW,20180817,0200,2608, ,CFS
SHA,H,76,INFLOW,20180817,0300,-197, ,CFS
SHA,H,76,INFLOW,20180817,0400,2481, ,CFS
SHA,H,76,INFLOW,20180817,0500,-102, ,CFS
SHA,H,76,INFLOW,20180817,0600,299, ,CFS
SHA,H,76,INFLOW,20180817,0700,4124, ,CFS
SHA,H,76,INFLOW,20180817,0800,-462, ,CFS
SHA,H,76,INFLOW,20180817,0900,1986, ,CFS
SHA,H,76,INFLOW,20180817,1000,-4466, ,CFS
SHA,H,76,INFLOW,20180817,1100,984, ,CFS
SHA,H,76,INFLOW,20180817,1200,-1425, ,CFS
SHA,H,76,INFLOW,20180817,1300,1648, ,CFS
SHA,H,76,INFLOW,20180817,1400,-450, ,CFS
SHA,H,76,INFLOW,20180817,1500,-1672, ,CFS
SHA,H,76,INFLOW,20180817,1600,1172, ,CFS
SHA,H,76,INFLOW,20180817,1700,5527, ,CFS
SHA,H,76,INFLOW,20180817,1800,11056, ,CFS
SHA,H,76,INFLOW,20180817,1900,10730, ,CFS
SHA,H,76,INFLOW,20180817,2000,5499, ,CFS
SHA,H,76,INFLOW,20180817,2100,10811, ,CFS
SHA,H,76,INFLOW,20180817,2200,7298, ,CFS
SHA,H,76,INFLOW,20180817,2300,3467, ,CFS
SHA,H,76,INFLOW,20180818,0000,-100, ,CFS
SHA,H,76,INFLOW,20180818,0100,2534, ,CFS
SHA,H,76,INFLOW,20180818,0200,2251, ,CFS
SHA,H,76,INFLOW,20180818,0300,1990, ,CFS
SHA,H,76,INFLOW,20180818,0400,1887, ,CFS
SHA,H,76,INFLOW,20180818,0500,-369, ,CFS
SHA,H,76,INFLOW,20180818,0600,2571, ,CFS
SHA,H,76,INFLOW,20180818,0700,818, ,CFS
SHA,H,76,INFLOW,20180818,0800,-1525, ,CFS
SHA,H,76,INFLOW,20180818,0900,990, ,CFS
SHA,H,76,INFLOW,20180818,1000,-2590, ,CFS
SHA,H,76,INFLOW,20180818,1100,-2332, ,CFS
SHA,H,76,INFLOW,20180818,1200,15, ,CFS
SHA,H,76,INFLOW,20180818,1300,-1097, ,CFS
SHA,H,76,INFLOW,20180818,1400,2356, ,CFS
SHA,H,76,INFLOW,20180818,1500,1087, ,CFS
SHA,H,76,INFLOW,20180818,1600,1458, ,CFS
SHA,H,76,INFLOW,20180818,1700,99, ,CFS
SHA,H,76,INFLOW,20180818,1800,4125, ,CFS
SHA,H,76,INFLOW,20180818,1900,4480, ,CFS
SHA,H,76,INFLOW,20180818,2000,9585, ,CFS
SHA,H,76,INFLOW,20180818,2100,3764, ,CFS
SHA,H,76,INFLOW,20180818,2200,5585, ,CFS
SHA,H,76,INFLOW,20180818,2300,7865, ,CFS
SHA,H,76,INFLOW,20180819,0000,-4409, ,CFS
SHA,H,76,INFLOW,20180819,0100,5938, ,CFS
SHA,H,76,INFLOW,20180819,0200,335, ,CFS
SHA,H,76,INFLOW,20180819,0300,502, ,CFS
SHA,H,76,INFLOW,20180819,0400,3169, ,CFS
SHA,H,76,INFLOW,20180819,0500,-1965, ,CFS
SHA,H,76,INFLOW,20180819,0600,-4294, ,CFS
SHA,H,76,INFLOW,20180819,0700,6660, ,CFS
SHA,H,76,INFLOW,20180819,0800,-3734, ,CFS
SHA,H,76,INFLOW,20180819,0900,2695, ,CFS
SHA,H,76,INFLOW,20180819,1000,-12, ,CFS
SHA,H,76,INFLOW,20180819,1100,-5176, ,CFS
SHA,H,76,INFLOW,20180819,1200,3400, ,CFS
SHA,H,76,INFLOW,20180819,1300,-1379, ,CFS
SHA,H,76,INFLOW,20180819,1400,1056, ,CFS
SHA,H,76,INFLOW,20180819,1500,528, ,CFS
SHA,H,76,INFLOW,20180819,1600,1550, ,CFS
SHA,H,76,INFLOW,20180819,1700,908, ,CFS
SHA,H,76,INFLOW,20180819,1800,1945, ,CFS
SHA,H,76,INFLOW,20180819,1900,3877, ,CFS
SHA,H,76,INFLOW,20180819,2000,8787, ,CFS
SHA,H,76,INFLOW,20180819,2100,9991, ,CFS
SHA,H,76,INFLOW,20180819,2200,592, ,CFS
SHA,H,76,INFLOW,20180819,2300,2568, ,CFS
SHA,H,76,INFLOW,20180820,0000,2722, ,CFS
SHA,H,76,INFLOW,20180820,0100,-745, ,CFS
SHA,H,76,INFLOW,20180820,0200,1813, ,CFS
SHA,H,76,INFLOW,20180820,0300,1919, ,CFS
SHA,H,76,INFLOW,20180820,0400,-557, ,CFS
SHA,H,76,INFLOW,20180820,0500,2087, ,CFS
SHA,H,76,INFLOW,20180820,0600,-2545, ,CFS
SHA,H,76,INFLOW,20180820,0700,4208, ,CFS
SHA,H,76,INFLOW,20180820,0800,-1035, ,CFS
SHA,H,76,INFLOW,20180820,0900,1251, ,CFS
SHA,H,76,INFLOW,20180820,1000,-1612, ,CFS
SHA,H,76,INFLOW,20180820,1100,-1492, ,CFS
SHA,H,76,INFLOW,20180820,1200,-694, ,CFS
SHA,H,76,INFLOW,20180820,1300,22, ,CFS
SHA,H,76,INFLOW,20180820,1400,-2927, ,CFS
SHA,H,76,INFLOW,20180820,1500,1439, ,CFS
SHA,H,76,INFLOW,20180820,1600,-924, ,CFS
SHA,H,76,INFLOW,20180820,1700,2329, ,CFS
SHA,H,76,INFLOW,20180820,1800,12349, ,CFS
SHA,H,76,INFLOW,20180820,1900,4503, ,CFS
SHA,H,76,INFLOW,20180820,2000,9853, ,CFS
SHA,H,76,INFLOW,20180820,2100,5852, ,CFS
SHA,H,76,INFLOW,20180820,2200,3963, ,CFS
SHA,H,76,INFLOW,20180820,2300,3981, ,CFS
SHA,H,76,INFLOW,20180821,0000,929, ,CFS
SHA,H,76,INFLOW,20180821,0100,805, ,CFS
SHA,H,76,INFLOW,20180821,0200,2450, ,CFS
SHA,H,76,INFLOW,20180821,0300,-669, ,CFS
SHA,H,76,INFLOW,20180821,0400,1781, ,CFS
SHA,H,76,INFLOW,20180821,0500,1836, ,CFS
SHA,H,76,INFLOW,20180821,0600,-390, ,CFS
SHA,H,76,INFLOW,20180821,0700,3405, ,CFS
SHA,H,76,INFLOW,20180821,0800,1459, ,CFS
SHA,H,76,INFLOW,20180821,0900,-2354, ,CFS
SHA,H,76,INFLOW,20180821,1000,2785, ,CFS
SHA,H,76,INFLOW,20180821,1100,-2536, ,CFS
SHA,H,76,INFLOW,20180821,1200,628, ,CFS
SHA,H,76,INFLOW,20180821,1300,1490, ,CFS
SHA,H,76,INFLOW,20180821,1400,-1386, ,CFS
SHA,H,76,INFLOW,20180821,1500,-1008, ,CFS
SHA,H,76,INFLOW,20180821,1600,2300, ,CFS
SHA,H,76,INFLOW,20180821,1700,2196, ,CFS
SHA,H,76,INFLOW,20180821,1800,5097, ,CFS
SHA,H,76,INFLOW,20180821,1900,4888, ,CFS
SHA,H,76,INFLOW,20180821,2000,4490, ,CFS
SHA,H,76,INFLOW,20180821,2100,8894, ,CFS
SHA,H,76,INFLOW,20180821,2200,3683, ,CFS
SHA,H,76,INFLOW,20180821,2300,8776, ,CFS
SHA,H,76,INFLOW,20180822,0000,4495, ,CFS
SHA,H,76,INFLOW,20180822,0100,3514, ,CFS
SHA,H,76,INFLOW,20180822,0200,763, ,CFS
SHA,H,76,INFLOW,20180822,0300,11421, ,CFS
SHA,H,76,INFLOW,20180822,0400,5923, ,CFS
SHA,H,76,INFLOW,20180822,0500,1063, ,CFS
SHA,H,76,INFLOW,20180822,0600,3496, ,CFS
SHA,H,76,INFLOW,20180822,0700,220, ,CFS
SHA,H,76,INFLOW,20180822,0800,8881, ,CFS
SHA,H,76,INFLOW,20180822,0900,-3680, ,CFS
SHA,H,76,INFLOW,20180822,1000,1660, ,CFS
SHA,H,76,INFLOW,20180822,1100,1830, ,CFS
SHA,H,76,INFLOW,20180822,1200,-1988, ,CFS
SHA,H,76,INFLOW,20180822,1300,705, ,CFS
SHA,H,76,INFLOW,20180822,1400,-0, ,CFS
SHA,H,76,INFLOW,20180822,1500,598, ,CFS
SHA,H,76,INFLOW,20180822,1600,4222, ,CFS
SHA,H,76,INFLOW,20180822,1700,973, ,CFS
SHA,H,76,INFLOW,20180822,1800,3258, ,CFS
SHA,H,76,INFLOW,20180822,1900,3300, ,CFS
SHA,H,76,INFLOW,20180822,2000,7874, ,CFS
SHA,H,76,INFLOW,20180822,2100,1788, ,CFS
SHA,H,76,INFLOW,20180822,2200,9579, ,CFS
SHA,H,76,INFLOW,20180822,2300,8756, ,CFS
SHA,H,76,INFLOW,20180823,0000,2404, ,CFS
SHA,H,76,INFLOW,20180823,0100,3355, ,CFS
SHA,H,76,INFLOW,20180823,0200,526, ,CFS
SHA,H,76,INFLOW,20180823,0300,658, ,CFS
SHA,H,76,INFLOW,20180823,0400,2508, ,CFS
SHA,H,76,INFLOW,20180823,0500,31, ,CFS
SHA,H,76,INFLOW,20180823,0600,353, ,CFS
SHA,H,76,INFLOW,20180823,0700,92, ,CFS
SHA,H,76,INFLOW,20180823,0800,10598, ,CFS
SHA,H,76,INFLOW,20180823,0900,-257, ,CFS
SHA,H,76,INFLOW,20180823,1000,-276, ,CFS
SHA,H,76,INFLOW,20180823,1100,2332, ,CFS
SHA,H,76,INFLOW,20180823,1200,73, ,CFS
SHA,H,76,INFLOW,20180823,1300,3171, ,CFS
SHA,H,76,INFLOW,20180823,1400,1039, ,CFS
SHA,H,76,INFLOW,20180823,1500,713, ,CFS
SHA,H,76,INFLOW,20180823,1600,1876, ,CFS
SHA,H,76,INFLOW,20180823,1700,2113, ,CFS
SHA,H,76,INFLOW,20180823,1800,1032, ,CFS
SHA,H,76,INFLOW,20180823,1900,3692, ,CFS
SHA,H,76,INFLOW,20180823,2000,8334, ,CFS
SHA,H,76,INFLOW,20180823,2100,5072, ,CFS
SHA,H,76,INFLOW,20180823,2200,3000, ,CFS
SHA,H,76,INFLOW,20180823,2300,11673, ,CFS
SHA,H,76,INFLOW,20180824,0000,-33, ,CFS
SHA,H,76,INFLOW,20180824,0100,1000, ,CFS
SHA,H,76,INFLOW,20180824,0200,8616, ,CFS
SHA,H,76,INFLOW,20180824,0300,-2104, ,CFS
SHA,H,76,INFLOW,20180824,0400,3035, ,CFS
SHA,H,76,INFLOW,20180824,0500,2446, ,CFS
SHA,H,76,INFLOW,20180824,0600,-2429, ,CFS
SHA,H,76,INFLOW,20180824,0700,10967, ,CFS
SHA,H,76,INFLOW,20180824,0800,-3209, ,CFS
SHA,H,76,INFLOW,20180824,0900,6863, ,CFS
SHA,H,76,INFLOW,20180824,1000,1687, ,CFS
SHA,H,76,INFLOW,20180824,1100,-904, ,CFS
SHA,H,76,INFLOW,20180824,1200,4933, ,CFS
SHA,H,76,INFLOW,20180824,1300,-209, ,CFS
SHA,H,76,INFLOW,20180824,1400,-97, ,CFS
SHA,H,76,INFLOW,20180824,1500,---, ,CFS
SHA,H,76,INFLOW,20180824,1600,-47, ,CFS
SHA,H,76,INFLOW,20180824,1700,2438, ,CFS
SHA,H,76,INFLOW,20180824,1800,4069, ,CFS
SHA,H,76,INFLOW,20180824,1900,1958, ,CFS
SHA,H,76,INFLOW,20180824,2000,5958, ,CFS
SHA,H,76,INFLOW,20180824,2100,2786, ,CFS
SHA,H,76,INFLOW,20180824,2200,11915, ,CFS
SHA,H,76,INFLOW,20180824,2300,6151, ,CFS
SHA,H,76,INFLOW,20180825,0000,3964, ,CFS
SHA,H,76,INFLOW,20180825,0100,6331, ,CFS
SHA,H,76,INFLOW,20180825,0200,6600, ,CFS
SHA,H,76,INFLOW,20180825,0300,587, ,CFS
SHA,H,76,INFLOW,20180825,0400,5707, ,CFS
SHA,H,76,INFLOW,20180825,0500,-4697, ,CFS
SHA,H,76,INFLOW,20180825,0600,546, ,CFS
SHA,H,76,INFLOW,20180825,0700,5725, ,CFS
SHA,H,76,INFLOW,20180825,0800,-2312, ,CFS
SHA,H,76,INFLOW,20180825,0900,262, ,CFS
SHA,H,76,INFLOW,20180825,1000,2399, ,CFS
SHA,H,76,INFLOW,20180825,1100,-2812, ,CFS
SHA,H,76,INFLOW,20180825,1200,3752, ,CFS
SHA,H,76,INFLOW,20180825,1300,-988, ,CFS
SHA,H,76,INFLOW,20180825,1400,-394, ,CFS
SHA,H,76,INFLOW,20180825,1500,5052, ,CFS
SHA,H,76,INFLOW,20180825,1600,-723, ,CFS
SHA,H,76,INFLOW,20180825,1700,6658, ,CFS
SHA,H,76,INFLOW,20180825,1800,357, ,CFS
SHA,H,76,INFLOW,20180825,1900,4864, ,CFS
SHA,H,76,INFLOW,20180825,2000,8216, ,CFS
SHA,H,76,INFLOW,20180825,2100,4319, ,CFS
SHA,H,76,INFLOW,20180825,2200,5286, ,CFS
SHA,H,76,INFLOW,20180825,2300,7755, ,CFS
SHA,H,76,INFLOW,20180826,0000,6200, ,CFS
SHA,H,76,INFLOW,20180826,0100,8440, ,CFS
SHA,H,76,INFLOW,20180826,0200,7790, ,CFS
SHA,H,76,INFLOW,20180826,0300,5289, ,CFS
SHA,H,76,INFLOW,20180826,0400,5241, ,CFS
SHA,H,76,INFLOW,20180826,0500,144, ,CFS
SHA,H,76,INFLOW,20180826,0600,410, ,CFS
SHA,H,76,INFLOW,20180826,0700,8232, ,CFS
SHA,H,76,INFLOW,20180826,0800,5654, ,CFS
SHA,H,76,INFLOW,20180826,0900,-2035, ,CFS
SHA,H,76,INFLOW,20180826,1000,0, ,CFS
SHA,H,76,INFLOW,20180826,1100,2215, ,CFS
SHA,H,76,INFLOW,20180826,1200,-60, ,CFS
SHA,H,76,INFLOW,20180826,1300,491, ,CFS
SHA,H,76,INFLOW,20180826,1400,-1924, ,CFS
SHA,H,76,INFLOW,20180826,1500,614, ,CFS
SHA,H,76,INFLOW,20180826,1600,675, ,CFS
SHA,H,76,INFLOW,20180826,1700,3382, ,CFS
SHA,H,76,INFLOW,20180826,1800,3077, ,CFS
SHA,H,76,INFLOW,20180826,1900,982, ,CFS
SHA,H,76,INFLOW,20180826,2000,8064, ,CFS
SHA,H,76,INFLOW,20180826,2100,5434, ,CFS
SHA,H,76,INFLOW,20180826,2200,10168, ,CFS
SHA,H,76,INFLOW,20180826,2300,-1808, ,CFS
SHA,H,76,INFLOW,20180827,0000,2914, ,CFS
SHA,H,76,INFLOW,20180827,0100,4426, ,CFS
SHA,H,76,INFLOW,20180827,0200,340, ,CFS
SHA,H,76,INFLOW,20180827,0300,2404, ,CFS
SHA,H,76,INFLOW,20180827,0400,2522, ,CFS
SHA,H,76,INFLOW,20180827,0500,-1988, ,CFS
SHA,H,76,INFLOW,20180827,0600,2988, ,CFS
SHA,H,76,INFLOW,20180827,0700,633, ,CFS
SHA,H,76,INFLOW,20180827,0800,-1480, ,CFS
SHA,H,76,INFLOW,20180827,0900,1822, ,CFS
SHA,H,76,INFLOW,20180827,1000,-503, ,CFS
SHA,H,76,INFLOW,20180827,1100,-711, ,CFS
SHA,H,76,INFLOW,20180827,1200,2330, ,CFS
SHA,H,76,INFLOW,20180827,1300,-68, ,CFS
SHA,H,76,INFLOW,20180827,1400,1030, ,CFS
SHA,H,76,INFLOW,20180827,1500,-185, ,CFS
SHA,H,76,INFLOW,20180827,1600,4868, ,CFS
SHA,H,76,INFLOW,20180827,1700,1256, ,CFS
SHA,H,76,INFLOW,20180827,1800,4260, ,CFS
SHA,H,76,INFLOW,20180827,1900,1667, ,CFS
SHA,H,76,INFLOW,20180827,2000,8530, ,CFS
SHA,H,76,INFLOW,20180827,2100,468, ,CFS
SHA,H,76,INFLOW,20180827,2200,9766, ,CFS
SHA,H,76,INFLOW,20180827,2300,9284, ,CFS
SHA,H,76,INFLOW,20180828,0000,2615, ,CFS
SHA,H,76,INFLOW,20180828,0100,3174, ,CFS
SHA,H,76,INFLOW,20180828,0200,4912, ,CFS
SHA,H,76,INFLOW,20180828,0300,-324, ,CFS
SHA,H,76,INFLOW,20180828,0400,4886, ,CFS
SHA,H,76,INFLOW,20180828,0500,-12, ,CFS
SHA,H,76,INFLOW,20180828,0600,707, ,CFS
SHA,H,76,INFLOW,20180828,0700,4482, ,CFS
SHA,H,76,INFLOW,20180828,0800,1965, ,CFS
SHA,H,76,INFLOW,20180828,0900,2033, ,CFS
SHA,H,76,INFLOW,20180828,1000,-694, ,CFS
SHA,H,76,INFLOW,20180828,1100,1906, ,CFS
SHA,H,76,INFLOW,20180828,1200,1665, ,CFS
SHA,H,76,INFLOW,20180828,1300,-407, ,CFS
SHA,H,76,INFLOW,20180828,1400,2422, ,CFS
SHA,H,76,INFLOW,20180828,1500,5, ,CFS
SHA,H,76,INFLOW,20180828,1600,-521, ,CFS
SHA,H,76,INFLOW,20180828,1700,1418, ,CFS
SHA,H,76,INFLOW,20180828,1800,-385, ,CFS
SHA,H,76,INFLOW,20180828,1900,11254, ,CFS
SHA,H,76,INFLOW,20180828,2000,3020, ,CFS
SHA,H,76,INFLOW,20180828,2100,10083, ,CFS
SHA,H,76,INFLOW,20180828,2200,6665, ,CFS
SHA,H,76,INFLOW,20180828,2300,6932, ,CFS
SHA,H,76,INFLOW,20180829,0000,9297, ,CFS
SHA,H,76,INFLOW,20180829,0100,2327, ,CFS
SHA,H,76,INFLOW,20180829,0200,4834, ,CFS
SHA,H,76,INFLOW,20180829,0300,9679, ,CFS
SHA,H,76,INFLOW,20180829,0400,-679, ,CFS
SHA,H,76,INFLOW,20180829,0500,2191, ,CFS
SHA,H,76,INFLOW,20180829,0600,2460, ,CFS
SHA,H,76,INFLOW,20180829,0700,-532, ,CFS
SHA,H,76,INFLOW,20180829,0800,2519, ,CFS
SHA,H,76,INFLOW,20180829,0900,4605, ,CFS
SHA,H,76,INFLOW,20180829,1000,-3412, ,CFS
SHA,H,76,INFLOW,20180829,1100,7307, ,CFS
SHA,H,76,INFLOW,20180829,1200,-51, ,CFS
SHA,H,76,INFLOW,20180829,1300,-2537, ,CFS
SHA,H,76,INFLOW,20180829,1400,5296, ,CFS
SHA,H,76,INFLOW,20180829,1500,-3139, ,CFS
SHA,H,76,INFLOW,20180829,1600,1253, ,CFS
SHA,H,76,INFLOW,20180829,1700,1188, ,CFS
SHA,H,76,INFLOW,20180829,1800,-2020, ,CFS
SHA,H,76,INFLOW,20180829,1900,6415, ,CFS
SHA,H,76,INFLOW,20180829,2000,9166, ,CFS
SHA,H,76,INFLOW,20180829,2100,4171, ,CFS
SHA,H,76,INFLOW,20180829,2200,8903, ,CFS
SHA,H,76,INFLOW,20180829,2300,4907, ,CFS
SHA,H,76,INFLOW,20180830,0000,7136, ,CFS
SHA,H,76,INFLOW,20180830,0100,1134, ,CFS
SHA,H,76,INFLOW,20180830,0200,8613, ,CFS
SHA,H,76,INFLOW,20180830,0300,542, ,CFS
SHA,H,76,INFLOW,20180830,0400,2917, ,CFS
SHA,H,76,INFLOW,20180830,0500,3178, ,CFS
SHA,H,76,INFLOW,20180830,0600,-3837, ,CFS
SHA,H,76,INFLOW,20180830,0700,5266, ,CFS
SHA,H,76,INFLOW,20180830,0800,5021, ,CFS
SHA,H,76,INFLOW,20180830,0900,-2030, ,CFS
SHA,H,76,INFLOW,20180830,1000,7639, ,CFS
SHA,H,76,INFLOW,20180830,1100,-5015, ,CFS
SHA,H,76,INFLOW,20180830,1200,5182, ,CFS
SHA,H,76,INFLOW,20180830,1300,1131, ,CFS
SHA,H,76,INFLOW,20180830,1400,-2890, ,CFS
SHA,H,76,INFLOW,20180830,1500,5406, ,CFS
SHA,H,76,INFLOW,20180830,1600,-1518, ,CFS
SHA,H,76,INFLOW,20180830,1700,987, ,CFS
SHA,H,76,INFLOW,20180830,1800,-2502, ,CFS
SHA,H,76,INFLOW,20180830,1900,10108, ,CFS
SHA,H,76,INFLOW,20180830,2000,5060, ,CFS
SHA,H,76,INFLOW,20180830,2100,10124, ,CFS
SHA,H,76,INFLOW,20180830,2200,4223, ,CFS
SHA,H,76,INFLOW,20180830,2300,6605, ,CFS
SHA,H,76,INFLOW,20180831,0000,-380, ,CFS
SHA,H,76,INFLOW,20180831,0100,6541, ,CFS
SHA,H,76,INFLOW,20180831,0200,-1603, ,CFS
SHA,H,76,INFLOW,20180831,0300,3377, ,CFS
SHA,H,76,INFLOW,20180831,0400,649, ,CFS
SHA,H,76,INFLOW,20180831,0500,797, ,CFS
SHA,H,76,INFLOW,20180831,0600,-1256, ,CFS
SHA,H,76,INFLOW,20180831,0700,5432, ,CFS
SHA,H,76,INFLOW,20180831,0800,-1087, ,CFS
SHA,H,76,INFLOW,20180831,0900,2199, ,CFS
SHA,H,76,INFLOW,20180831,1000,-2766, ,CFS
SHA,H,76,INFLOW,20180831,1100,2261, ,CFS
SHA,H,76,INFLOW,20180831,1200,107, ,CFS
SHA,H,76,INFLOW,20180831,1300,-1877, ,CFS
SHA,H,76,INFLOW,20180831,1400,4221, ,CFS
SHA,H,76,INFLOW,20180831,1500,-2379, ,CFS
SHA,H,76,INFLOW,20180831,1600,700, ,CFS
SHA,H,76,INFLOW,20180831,1700,5201, ,CFS
SHA,H,76,INFLOW,20180831,1800,-2391, ,CFS
SHA,H,76,INFLOW,20180831,1900,7484, ,CFS
SHA,H,76,INFLOW,20180831,2000,4372, ,CFS
SHA,H,76,INFLOW,20180831,2100,9187, ,CFS
SHA,H,76,INFLOW,20180831,2200,5344, ,CFS
SHA,H,76,INFLOW,20180831,2300,7138, ,CFS
SHA,H,76,INFLOW,20180901,0000,2211, ,CFS
SHA,H,76,INFLOW,20180901,0100,4484, ,CFS
SHA,H,76,INFLOW,20180901,0200,1659, ,CFS
SHA,H,76,INFLOW,20180901,0300,1547, ,CFS
SHA,H,76,INFLOW,20180901,0400,1415, ,CFS
SHA,H,76,INFLOW,20180901,0500,1349, ,CFS
SHA,H,76,INFLOW,20180901,0600,-786, ,CFS
SHA,H,76,INFLOW,20180901,0700,3391, ,CFS
SHA,H,76,INFLOW,20180901,0800,-1369, ,CFS
SHA,H,76,INFLOW,20180901,0900,992, ,CFS
SHA,H,76,INFLOW,20180901,1000,-4198, ,CFS
SHA,H,76,INFLOW,20180901,1100,-1372, ,CFS
SHA,H,76,INFLOW,20180901,1200,1346, ,CFS
SHA,H,76,INFLOW,20180901,1300,-2013, ,CFS
SHA,H,76,INFLOW,20180901,1400,996, ,CFS
SHA,H,76,INFLOW,20180901,1500,1364, ,CFS
SHA,H,76,INFLOW,20180901,1600,1561, ,CFS
SHA,H,76,INFLOW,20180901,1700,1102, ,CFS
SHA,H,76,INFLOW,20180901,1800,3209, ,CFS
SHA,H,76,INFLOW,20180901,1900,7283, ,CFS
SHA,H,76,INFLOW,20180901,2000,5986, ,CFS
SHA,H,76,INFLOW,20180901,2100,12290, ,CFS
SHA,H,76,INFLOW,20180901,2200,937, ,CFS
SHA,H,76,INFLOW,20180901,2300,5, ,CFS
SHA,H,76,INFLOW,20180902,0000,3127, ,CFS
SHA,H,76,INFLOW,20180902,0100,2008, ,CFS
SHA,H,76,INFLOW,20180902,0200,1874, ,CFS
SHA,H,76,INFLOW,20180902,0300,1596, ,CFS
SHA,H,76,INFLOW,20180902,0400,-1139, ,CFS
SHA,H,76,INFLOW,20180902,0500,1423, ,CFS
SHA,H,76,INFLOW,20180902,0600,-917, ,CFS
SHA,H,76,INFLOW,20180902,0700,2744, ,CFS
SHA,H,76,INFLOW,20180902,0800,474, ,CFS
SHA,H,76,INFLOW,20180902,0900,2365, ,CFS
SHA,H,76,INFLOW,20180902,1000,-2412, ,CFS
SHA,H,76,INFLOW,20180902,1100,3214, ,CFS
SHA,H,76,INFLOW,20180902,1200,1009, ,CFS
SHA,H,76,INFLOW,20180902,1300,-797, ,CFS
SHA,H,76,INFLOW,20180902,1400,2173, ,CFS
SHA,H,76,INFLOW,20180902,1500,-2048, ,CFS
SHA,H,76,INFLOW,20180902,1600,5828, ,CFS
SHA,H,76,INFLOW,20180902,1700,-2181, ,CFS
SHA,H,76,INFLOW,20180902,1800,-57, ,CFS
SHA,H,76,INFLOW,20180902,1900,5480, ,CFS
SHA,H,76,INFLOW,20180902,2000,5372, ,CFS
SHA,H,76,INFLOW,20180902,2100,11647, ,CFS
SHA,H,76,INFLOW,20180902,2200,956, ,CFS
SHA,H,76,INFLOW,20180902,2300,10084, ,CFS
SHA,H,76,INFLOW,20180903,0000,-164, ,CFS
SHA,H,76,INFLOW,20180903,0100,4812, ,CFS
SHA,H,76,INFLOW,20180903,0200,4620, ,CFS
SHA,H,76,INFLOW,20180903,0300,1823, ,CFS
SHA,H,76,INFLOW,20180903,0400,4333, ,CFS
SHA,H,76,INFLOW,20180903,0500,1727, ,CFS
SHA,H,76,INFLOW,20180903,0600,1800, ,CFS
SHA,H,76,INFLOW,20180903,0700,5022, ,CFS
SHA,H,76,INFLOW,20180903,0800,-150, ,CFS
SHA,H,76,INFLOW,20180903,0900,6938, ,CFS
SHA,H,76,INFLOW,20180903,1000,-3108, ,CFS
SHA,H,76,INFLOW,20180903,1100,398, ,CFS
SHA,H,76,INFLOW,20180903,1200,3196, ,CFS
SHA,H,76,INFLOW,20180903,1300,-1464, ,CFS
SHA,H,76,INFLOW,20180903,1400,1450, ,CFS
SHA,H,76,INFLOW,20180903,1500,4626, ,CFS
SHA,H,76,INFLOW,20180903,1600,741, ,CFS
SHA,H,76,INFLOW,20180903,1700,-803, ,CFS
SHA,H,76,INFLOW,20180903,1800,2094, ,CFS
SHA,H,76,INFLOW,20180903,1900,8171, ,CFS
SHA,H,76,INFLOW,20180903,2000,7948, ,CFS
SHA,H,76,INFLOW,20180903,2100,5276, ,CFS
SHA,H,76,INFLOW,20180903,2200,8112, ,CFS
SHA,H,76,INFLOW,20180903,2300,5747, ,CFS
SHA,H,76,INFLOW,20180904,0000,4945, ,CFS
SHA,H,76,INFLOW,20180904,0100,947, ,CFS
SHA,H,76,INFLOW,20180904,0200,5762, ,CFS
SHA,H,76,INFLOW,20180904,0300,411, ,CFS
SHA,H,76,INFLOW,20180904,0400,2864, ,CFS
SHA,H,76,INFLOW,20180904,0500,681, ,CFS
SHA,H,76,INFLOW,20180904,0600,-1445, ,CFS
SHA,H,76,INFLOW,20180904,0700,3146, ,CFS
SHA,H,76,INFLOW,20180904,0800,-471, ,CFS
SHA,H,76,INFLOW,20180904,0900,1742, ,CFS
SHA,H,76,INFLOW,20180904,1000,1717, ,CFS
SHA,H,76,INFLOW,20180904,1100,1848, ,CFS
SHA,H,76,INFLOW,20180904,1200,-289, ,CFS
SHA,H,76,INFLOW,20180904,1300,-603, ,CFS
SHA,H,76,INFLOW,20180904,1400,3137, ,CFS
SHA,H,76,INFLOW,20180904,1500,1152, ,CFS
SHA,H,76,INFLOW,20180904,1600,6, ,CFS
SHA,H,76,INFLOW,20180904,1700,2799, ,CFS
SHA,H,76,INFLOW,20180904,1800,6396, ,CFS
SHA,H,76,INFLOW,20180904,1900,9958, ,CFS
SHA,H,76,INFLOW,20180904,2000,4616, ,CFS
SHA,H,76,INFLOW,20180904,2100,9647, ,CFS
SHA,H,76,INFLOW,20180904,2200,1995, ,CFS
SHA,H,76,INFLOW,20180904,2300,8131, ,CFS
SHA,H,76,INFLOW,20180905,0000,2031, ,CFS
SHA,H,76,INFLOW,20180905,0100,621, ,CFS
SHA,H,76,INFLOW,20180905,0200,5074, ,CFS
SHA,H,76,INFLOW,20180905,0300,2434, ,CFS
SHA,H,76,INFLOW,20180905,0400,2756, ,CFS
SHA,H,76,INFLOW,20180905,0500,594, ,CFS
SHA,H,76,INFLOW,20180905,0600,-1191, ,CFS
SHA,H,76,INFLOW,20180905,0700,4144, ,CFS
SHA,H,76,INFLOW,20180905,0800,-202, ,CFS
SHA,H,76,INFLOW,20180905,0900,116, ,CFS
SHA,H,76,INFLOW,20180905,1000,335, ,CFS
SHA,H,76,INFLOW,20180905,1100,197, ,CFS
SHA,H,76,INFLOW,20180905,1200,920, ,CFS
SHA,H,76,INFLOW,20180905,1300,655, ,CFS
SHA,H,76,INFLOW,20180905,1400,1111, ,CFS
SHA,H,76,INFLOW,20180905,1500,2067, ,CFS
SHA,H,76,INFLOW,20180905,1600,-806, ,CFS
SHA,H,76,INFLOW,20180905,1700,508, ,CFS
SHA,H,76,INFLOW,20180905,1800,1823, ,CFS
SHA,H,76,INFLOW,20180905,1900,9203, ,CFS
SHA,H,76,INFLOW,20180905,2000,-580, ,CFS
SHA,H,76,INFLOW,20180905,2100,10054, ,CFS
SHA,H,76,INFLOW,20180905,2200,-4959, ,CFS
SHA,H,76,INFLOW,20180905,2300,8422, ,CFS
SHA,H,76,INFLOW,20180906,0000,1799, ,CFS
